# File: uwl_231231_015514_Combined.rf.sbF2.RMC_aux Src: J1713+0747 Nsub: 1 Nch: 1 Npol: 4 Nbin: 1024 RMS: 2.12583
0 0 0 -1.61566 -1.72378 0.481475 -0.438947 0 0
0 0 1 3.5192 1.29793 0.473238 0.135676 0 0
0 0 2 2.78386 1.28201 -0.227466 1.73348 0 0
0 0 3 4.0196 0.234162 1.53813 0.469464 0 0
0 0 4 -3.70876 -0.178994 -0.333693 -1.76138 0 0
0 0 5 1.5954 -3.69747 2.77868 2.3217 0 0
0 0 6 -0.711471 -3.42527 -0.633669 -0.868473 0 0
0 0 7 4.26856 0.17544 1.60565 -1.32701 0 0
0 0 8 6.33619 0.881223 3.15772 -2.3599 0 0
0 0 9 3.85007 3.01503 4.1759 1.08991 0 0
0 0 10 4.21661 1.54068 2.52687 -1.22021 0 0
0 0 11 3.32372 0.41524 -2.14198 0.573998 0 0
0 0 12 1.63637 -1.28761 2.68007 0.50076 0 0
0 0 13 0.108443 2.07187 0.841774 1.99009 0 0
0 0 14 -0.562573 2.71197 2.85354 -0.155353 0 0
0 0 15 1.33438 2.73773 1.63383 -1.64629 0 0
0 0 16 2.39669 -2.99722 0.880258 -4.38452 0 0
0 0 17 1.26516 4.63594 0.734477 -0.140696 0 0
0 0 18 5.0275 3.23853 -1.85197 -2.5545 0 0
0 0 19 1.82509 1.13013 -3.92882 -0.635503 0 0
0 0 20 2.65992 3.46566 5.13794 1.4538 0 0
0 0 21 -1.04781 4.46553 4.06974 1.08473 0 0
0 0 22 6.2128 -0.755424 -0.135568 0.824298 0 0
0 0 23 3.91956 2.85899 4.86057 -2.86012 0 0
0 0 24 6.83983 4.57008 1.9003 5.07076 0 0
0 0 25 5.65433 2.63752 6.93205 -2.34859 0 0
0 0 26 3.58006 -4.32529 4.24721 0.864836 0 0
0 0 27 6.26169 0.229993 6.33343 -2.47788 0 0
0 0 28 5.57344 2.0879 4.12385 2.27297 0 0
0 0 29 7.43803 -2.07573 -0.4952 1.19283 0 0
0 0 30 3.28066 -0.482249 5.08974 0.0398551 0 0
0 0 31 2.22891 0.824559 8.66649 -1.04558 42.2825 7.40296
0 0 32 6.77329 5.36583 3.98644 -2.79298 0 0
0 0 33 8.77597 2.22645 4.05193 -2.34251 0 0
0 0 34 1.95262 7.73481 4.92239 1.3065 16.2362 6.98372
0 0 35 6.10075 1.04578 8.37672 1.57096 41.4419 7.63392
0 0 36 5.97752 -0.900086 4.5825 -2.7115 0 0
0 0 37 9.73891 -0.343447 3.25313 2.10482 0 0
0 0 38 8.05899 -0.553863 6.48007 -5.58322 0 0
0 0 39 8.84296 -0.12299 6.45739 1.36303 0 0
0 0 40 5.72306 0.880991 2.52103 -5.86819 0 0
0 0 41 6.96136 -0.801113 9.31159 -3.44449 47.4586 6.89584
0 0 42 3.20433 1.51807 7.75601 -1.56008 39.4628 8.15253
0 0 43 3.66841 -3.03102 0.602573 -2.2145 0 0
0 0 44 5.22493 0.33361 9.13404 4.30212 43.9541 7.05154
0 0 45 3.5187 -1.53946 4.2331 0.161123 0 0
0 0 46 4.51934 3.58112 2.83235 -1.20408 0 0
0 0 47 6.58156 -6.06187 6.44538 -5.43546 66.6219 7.25277
0 0 48 3.16454 -3.32144 6.14146 0.0745199 0 0
0 0 49 4.24553 -0.552427 2.30626 -2.32363 0 0
0 0 50 6.00025 -1.01502 5.85018 2.09037 0 0
0 0 51 5.80079 0.268589 4.9769 -5.10856 0 0
0 0 52 10.0938 0.628698 4.75004 1.43567 0 0
0 0 53 5.57492 -1.27278 3.28014 -2.45194 0 0
0 0 54 0.812759 -8.25382 -1.30796 -1.97195 -85.4977 7.64295
0 0 55 6.57862 1.88562 8.02384 -1.87093 38.3877 7.81586
0 0 56 5.76876 -0.332787 2.96641 -3.64209 0 0
0 0 57 6.51871 -0.595142 3.54512 -1.45609 0 0
0 0 58 2.32419 -2.19307 2.90019 -1.57549 0 0
0 0 59 2.3285 1.85643 1.88593 -1.96064 0 0
0 0 60 3.70124 -1.7294 1.16818 2.90375 0 0
0 0 61 4.53387 3.79062 0.179625 -3.67198 0 0
0 0 62 2.68847 2.37463 6.10139 1.95034 0 0
0 0 63 3.19863 -4.10143 2.31947 -2.7553 0 0
0 0 64 3.55699 -3.66406 0.426023 -2.00207 0 0
0 0 65 0.890605 -1.72947 0.533999 3.74956 0 0
0 0 66 2.66864 -3.19687 0.157004 4.31297 0 0
0 0 67 5.17117 3.00766 -3.40258 -3.35928 0 0
0 0 68 3.76826 -2.0004 1.31756 -0.2547 0 0
0 0 69 -0.404976 -1.46925 -0.053516 -1.14692 0 0
0 0 70 -3.18815 -1.72162 0.0580032 3.72525 0 0
0 0 71 0.755028 -5.82551 3.75922 0.653202 0 0
0 0 72 3.61848 -2.43597 -0.80282 -3.37188 0 0
0 0 73 2.20107 -2.50713 -1.02795 -0.0505755 0 0
0 0 74 2.45437 1.89465 1.25267 -0.154737 0 0
0 0 75 0.928566 -4.05563 1.12255 3.83535 0 0
0 0 76 2.15019 -0.849163 0.480251 -1.61918 0 0
0 0 77 -2.54798 0.00517333 -0.511114 -1.49856 0 0
0 0 78 2.92903 3.78312 -0.919672 -2.54474 0 0
0 0 79 2.85126 3.76291 3.64143 -3.54128 0 0
0 0 80 -2.14703 0.909508 3.23781 0.061618 0 0
0 0 81 2.08335 -3.62752 2.28775 -1.03159 0 0
0 0 82 3.05241 1.96739 2.45239 -0.522258 0 0
0 0 83 1.17704 -0.75871 -0.0579515 -1.43933 0 0
0 0 84 3.60153 4.63174 2.94637 -0.226204 0 0
0 0 85 1.09152 0.61277 -0.513825 4.83739 0 0
0 0 86 -1.7401 -1.66023 1.72149 2.42472 0 0
0 0 87 0.597435 1.30289 1.6746 -0.103055 0 0
0 0 88 0.569722 -1.95895 -0.818759 1.15357 0 0
0 0 89 -3.79416 2.21116 -0.287316 0.244479 0 0
0 0 90 3.17895 1.92184 1.56893 -1.21517 0 0
0 0 91 4.51249 -3.40147 -0.764055 -2.77021 0 0
0 0 92 1.15886 1.03601 4.0785 -1.42079 0 0
0 0 93 -4.52266 0.694495 2.44241 0.845524 0 0
0 0 94 0.406739 -0.086964 3.85171 0.0240372 0 0
0 0 95 0.553004 -2.77157 -2.19561 -0.66349 0 0
0 0 96 -2.59313 3.52745 4.51511 2.16089 0 0
0 0 97 2.19972 0.745737 2.56947 -1.71861 0 0
0 0 98 0.190526 0.291792 -1.22992 -4.54145 0 0
0 0 99 0.0598154 4.09216 -2.40017 -2.26394 0 0
0 0 100 0.217956 3.21312 -1.02916 -0.75516 0 0
0 0 101 1.41972 -1.70603 -2.35621 -1.2711 0 0
0 0 102 1.94085 0.345649 2.60244 -3.13175 0 0
0 0 103 3.57964 -0.258823 2.27776 -1.03533 0 0
0 0 104 -2.12221 -2.7799 -2.52233 -1.87204 0 0
0 0 105 2.07324 -2.94648 1.38639 -0.68579 0 0
0 0 106 -0.518998 -1.37169 1.52623 2.63446 0 0
0 0 107 0.335594 1.17024 4.20403 -2.8001 0 0
0 0 108 2.73252 -0.72165 -4.54848 0.308255 0 0
0 0 109 -0.745333 -0.372017 0.327007 1.93773 0 0
0 0 110 -2.14904 -1.70208 3.5238 -2.14863 0 0
0 0 111 -0.178867 1.38401 3.50763 3.59125 0 0
0 0 112 -0.635404 -3.8491 -0.223039 0.563192 0 0
0 0 113 -2.77108 -1.16746 -3.50598 -1.41753 0 0
0 0 114 3.76798 -1.80619 1.27923 2.93976 0 0
0 0 115 0.735367 2.52328 1.43431 -0.622723 0 0
0 0 116 0.974369 -2.89693 0.323675 -3.26289 0 0
0 0 117 0.00279558 0.648355 0.161594 -3.05112 0 0
0 0 118 3.7142 -4.52338 0.588163 2.97634 0 0
0 0 119 -0.764195 1.18099 -0.863172 1.11506 0 0
0 0 120 -5.10065 -1.57293 -3.04584 2.48664 0 0
0 0 121 -2.21869 6.11822 -2.10448 -0.343574 0 0
0 0 122 -0.199061 4.97884 2.55177 -1.53579 0 0
0 0 123 0.413172 -2.14568 0.80757 0.612595 0 0
0 0 124 2.30196 4.86295 1.09817 -2.34017 0 0
0 0 125 -2.15543 0.96292 3.61404 1.84927 0 0
0 0 126 2.10062 2.79952 3.95414 -2.92154 0 0
0 0 127 3.51752 -1.19709 -0.00108343 -0.574971 0 0
0 0 128 7.03767 -3.49801 0.248337 2.28961 0 0
0 0 129 -0.0816946 -4.54042 -2.76453 -3.62661 0 0
0 0 130 0.53002 1.56457 0.744698 0.0269953 0 0
0 0 131 0.315909 -1.88851 0.0460703 1.60046 0 0
0 0 132 -0.538443 4.11251 -1.7183 2.57024 0 0
0 0 133 -1.98929 -2.07104 -2.67575 -0.434159 0 0
0 0 134 1.35012 -1.10634 -0.521088 -2.68925 0 0
0 0 135 -6.47951 1.20151 2.07018 2.07854 0 0
0 0 136 2.35758 -1.08216 0.840548 -3.91535 0 0
0 0 137 -3.04494 0.565917 5.27 -1.94143 0 0
0 0 138 0.776043 -1.05379 -3.63785 -0.42258 0 0
0 0 139 -0.721695 -2.18216 -1.04776 -1.07271 0 0
0 0 140 2.66055 0.252787 -3.56797 -2.25583 0 0
0 0 141 0.766166 -0.943573 -0.118095 -1.58263 0 0
0 0 142 1.72963 -0.349586 -1.86894 -1.26131 0 0
0 0 143 1.25176 1.58466 3.86046 2.2015 0 0
0 0 144 0.290124 -2.49543 2.7149 -0.294313 0 0
0 0 145 2.0564 0.560106 1.70346 0.384922 0 0
0 0 146 2.23912 0.0713882 2.34657 1.2602 0 0
0 0 147 -1.92242 0.564117 0.0384394 -1.7217 0 0
0 0 148 -1.7613 0.69755 -1.05429 -0.871088 0 0
0 0 149 0.146222 0.140936 -1.16339 2.27686 0 0
0 0 150 3.24085 -1.642 -2.71565 -2.71619 0 0
0 0 151 -2.33512 -1.70361 4.32344 0.533454 0 0
0 0 152 0.855936 5.45107 0.755 0.678242 0 0
0 0 153 1.17569 2.2393 1.39478 -0.767453 0 0
0 0 154 3.56162 1.08628 2.31973 0.0952512 0 0
0 0 155 2.88192 0.644135 -5.6139 1.17603 0 0
0 0 156 2.4974 1.91192 0.556883 1.35343 0 0
0 0 157 -0.869131 1.47636 1.38721 -2.76929 0 0
0 0 158 2.73007 -1.29124 -3.24053 1.04694 0 0
0 0 159 3.31497 -0.546299 -2.18279 1.93678 0 0
0 0 160 1.335 -1.04163 3.01098 3.08294 0 0
0 0 161 -1.25913 -4.07727 2.4704 2.52857 0 0
0 0 162 -2.47479 6.86568 -0.0426461 3.93027 0 0
0 0 163 1.85878 0.254901 -0.0915402 -2.72753 0 0
0 0 164 1.27743 1.80359 4.84866 -1.39259 0 0
0 0 165 -0.254891 -1.27458 -2.12661 -0.176125 0 0
0 0 166 1.25885 0.459453 3.19716 -4.6166 0 0
0 0 167 0.127264 2.2563 1.92768 -1.25562 0 0
0 0 168 -4.73473 -0.523912 3.88032 -1.13608 0 0
0 0 169 2.4873 2.44561 1.21192 -2.53205 0 0
0 0 170 -0.123949 -0.3115 -1.73227 -1.11966 0 0
0 0 171 2.04709 -3.24617 -1.36659 -1.23255 0 0
0 0 172 3.8946 1.54141 3.17576 -1.49527 0 0
0 0 173 -2.09526 4.18569 1.41303 -4.6149 0 0
0 0 174 4.62662 0.14775 -1.82296 0.617054 0 0
0 0 175 4.25219 -0.65676 -1.89998 -3.45723 0 0
0 0 176 4.08453 -1.63641 -0.824469 0.90821 0 0
0 0 177 -1.69761 4.37585 0.861885 -2.27518 0 0
0 0 178 -1.80961 -2.46192 -0.755593 -0.354988 0 0
0 0 179 1.43828 1.15975 -1.03013 -1.76617 0 0
0 0 180 0.149139 -1.53577 4.21701 1.09845 0 0
0 0 181 0.0162555 2.18106 -2.41247 1.7813 0 0
0 0 182 1.05276 -1.56769 3.165 -2.99531 0 0
0 0 183 0.785582 -1.24295 -0.107937 1.44266 0 0
0 0 184 0.868521 -0.642121 -0.0232021 -1.53057 0 0
0 0 185 -0.861918 -2.73052 3.92427 -0.269762 0 0
0 0 186 1.66309 -1.28713 -2.64693 1.23934 0 0
0 0 187 -2.98126 1.84371 0.144588 1.58894 0 0
0 0 188 4.07883 5.58694 1.43214 -3.11348 0 0
0 0 189 2.15334 -1.7334 2.60387 -2.41499 0 0
0 0 190 6.61574 -0.580946 0.106497 -4.80705 0 0
0 0 191 2.28678 -0.459426 0.18877 -1.28264 0 0
0 0 192 3.92573 -2.54355 0.0765519 4.09404 0 0
0 0 193 3.98102 3.36819 2.78541 -5.15939 0 0
0 0 194 -3.20404 5.95799 1.41149 -2.45211 0 0
0 0 195 -0.0368509 4.31849 2.19409 4.57137 0 0
0 0 196 4.42905 1.82055 -0.878199 -0.057593 0 0
0 0 197 -0.871546 1.82929 -0.168328 -3.19863 0 0
0 0 198 3.29804 -3.37391 1.41794 -8.39935 0 0
0 0 199 6.5795 -0.83955 1.74529 -1.67498 0 0
0 0 200 0.560296 1.83808 -0.274815 -4.35514 0 0
0 0 201 1.4386 -0.851052 -0.881157 -4.42236 0 0
0 0 202 4.07453 -0.231621 0.732773 2.17268 0 0
0 0 203 -0.536185 1.66373 -1.60159 -3.3981 0 0
0 0 204 0.793916 -3.97215 -1.29265 0.104417 0 0
0 0 205 2.72905 -2.98762 -0.40854 -2.84854 0 0
0 0 206 -0.0513636 -1.01245 -3.8683 -0.46416 0 0
0 0 207 -0.584797 -4.26422 -2.14785 1.94168 0 0
0 0 208 3.35251 3.39726 1.18871 -1.5528 0 0
0 0 209 -0.412535 0.660216 1.01521 -0.337934 0 0
0 0 210 1.77269 2.78731 2.59513 -0.160839 0 0
0 0 211 0.37633 2.76666 -1.10468 -1.45712 0 0
0 0 212 -0.701989 -2.35172 1.16306 -0.74116 0 0
0 0 213 0.268499 3.18692 -2.32611 2.93927 0 0
0 0 214 -1.35659 2.10957 0.633128 0.591082 0 0
0 0 215 2.37403 -0.303067 -0.419476 -3.12318 0 0
0 0 216 1.82251 1.00046 -0.424761 -1.83659 0 0
0 0 217 3.88567 -1.05697 -0.330068 -0.969593 0 0
0 0 218 1.37249 0.175949 -3.03225 -1.71368 0 0
0 0 219 1.08793 -0.505641 0.394412 0.334639 0 0
0 0 220 1.297 -4.61861 3.75762 -4.093 0 0
0 0 221 -1.04767 0.426638 1.75268 -0.917858 0 0
0 0 222 -2.05663 1.10471 -0.28086 -2.76291 0 0
0 0 223 0.718651 2.96169 0.305142 -2.26019 0 0
0 0 224 0.812431 1.53163 -0.380058 -1.4228 0 0
0 0 225 -2.02282 -1.79831 6.38386 2.70231 0 0
0 0 226 0.643097 2.726 0.851949 0.721618 0 0
0 0 227 0.434916 -0.0288456 1.63351 -2.15228 0 0
0 0 228 -6.19351 5.7693 4.04857 1.24545 0 0
0 0 229 -0.0667505 2.06346 -1.41899 -1.06602 0 0
0 0 230 1.7083 -1.0032 -0.166816 -2.19083 0 0
0 0 231 -1.94397 0.779933 -5.97999 -0.531554 0 0
0 0 232 1.39107 4.43535 -1.90844 3.66391 0 0
0 0 233 -3.48981 3.16174 -1.92164 -2.62012 0 0
0 0 234 -2.08995 4.04641 3.15518 -0.561244 0 0
0 0 235 0.610574 -1.35401 2.18519 1.38738 0 0
0 0 236 -2.28856 0.636857 0.577083 -1.30136 0 0
0 0 237 -2.34863 1.24848 2.43949 2.43252 0 0
0 0 238 -4.43264 -2.07573 0.929931 -3.55092 0 0
0 0 239 -0.0571784 0.50854 -0.220584 -1.7548 0 0
0 0 240 0.969131 -1.20905 -0.0405272 0.5957 0 0
0 0 241 4.21197 -0.0604734 -0.916186 0.927175 0 0
0 0 242 2.61284 1.13734 0.499708 -0.759814 0 0
0 0 243 3.69813 0.988231 3.26434 -1.28704 0 0
0 0 244 -4.5218 -0.505581 -2.68402 3.30693 0 0
0 0 245 2.36163 -0.0724615 3.33811 1.9307 0 0
0 0 246 -0.897149 -1.46497 -0.991819 0.0464956 0 0
0 0 247 -0.209753 -3.25879 -0.573657 -0.350902 0 0
0 0 248 -3.33013 1.74087 0.829965 -0.175774 0 0
0 0 249 5.06892 -0.471309 7.37943 -0.639241 0 0
0 0 250 0.315106 -1.56529 1.89589 2.32162 0 0
0 0 251 4.6102 0.829481 -1.44573 -1.74821 0 0
0 0 252 -0.264909 4.72701 1.22307 -3.31055 0 0
0 0 253 2.61386 -2.51145 -5.42628 -0.418608 0 0
0 0 254 -3.27501 -2.75454 -3.55302 0.262994 0 0
0 0 255 1.51793 -0.107947 1.97028 -2.67997 0 0
0 0 256 6.37724 -1.50545 3.21139 -1.95805 0 0
0 0 257 -0.535683 -1.03247 0.15608 -1.73567 0 0
0 0 258 0.516676 1.66331 1.1777 -1.39424 0 0
0 0 259 4.89572 -4.59257 -0.415093 -1.67155 0 0
0 0 260 -0.812078 -0.661444 3.01364 -4.5249 0 0
0 0 261 3.78394 -1.42694 -0.220617 0.459303 0 0
0 0 262 1.96376 2.20718 -1.1517 0.837601 0 0
0 0 263 -0.921014 -2.15763 0.863375 4.00113 0 0
0 0 264 -0.52114 -3.978 2.28406 0.205422 0 0
0 0 265 -0.600378 -4.21436 3.8209 -0.274374 0 0
0 0 266 4.07406 -3.66744 -0.1836 -0.776554 0 0
0 0 267 -1.97206 -0.856449 1.09816 -1.04904 0 0
0 0 268 -1.7058 -0.771615 -0.457221 -3.01579 0 0
0 0 269 0.0953289 1.34709 0.94375 -2.06465 0 0
0 0 270 2.59522 1.94474 -0.307076 -4.90363 0 0
0 0 271 -0.106468 0.734508 1.84546 2.21739 0 0
0 0 272 2.43251 2.24948 3.98625 -1.82719 0 0
0 0 273 3.26319 -0.891594 -1.61605 2.09009 0 0
0 0 274 2.20964 1.49361 -0.475006 -1.60054 0 0
0 0 275 2.50485 1.75915 3.03574 0.127174 0 0
0 0 276 2.58191 -0.107973 1.80995 -1.63482 0 0
0 0 277 0.699555 -1.237 -1.96259 3.55504 0 0
0 0 278 1.42862 0.0793028 -4.13503 -1.23227 0 0
0 0 279 -1.60578 -2.94162 0.504092 -1.52312 0 0
0 0 280 -3.3835 2.64868 2.25489 -1.38625 0 0
0 0 281 -1.62416 1.53244 5.67655 0.0896437 0 0
0 0 282 0.0412294 -0.151089 -4.75107 0.295142 0 0
0 0 283 -1.41588 2.90515 0.171538 -2.38739 0 0
0 0 284 2.15277 0.645446 0.769903 0.585389 0 0
0 0 285 -3.72201 -1.58934 0.626076 2.08186 0 0
0 0 286 0.408008 -6.4273 0.325365 -1.68104 0 0
0 0 287 1.77153 1.00903 -0.270695 1.48069 0 0
0 0 288 1.76383 -1.33696 1.36645 3.34538 0 0
0 0 289 3.16641 -0.630748 -1.56931 -1.14745 0 0
0 0 290 0.801676 -0.360326 -1.56172 -1.20197 0 0
0 0 291 0.209269 1.20274 -2.00343 1.36335 0 0
0 0 292 4.84951 3.60157 -2.54359 0.0895264 0 0
0 0 293 4.07868 -0.308207 0.577812 2.72128 0 0
0 0 294 -3.21951 1.98124 -1.2979 -1.23098 0 0
0 0 295 0.794953 4.82574 1.04961 4.34996 0 0
0 0 296 0.760024 1.17521 5.13393 -1.72314 0 0
0 0 297 -1.21037 2.9319 0.0291796 -0.902795 0 0
0 0 298 1.43185 -4.34716 1.65897 -0.609635 0 0
0 0 299 4.22686 -3.08317 2.56867 -2.09884 0 0
0 0 300 1.07749 -0.165697 0.49909 -2.04137 0 0
0 0 301 0.468432 -0.251489 2.23431 -0.906634 0 0
0 0 302 3.83379 0.649963 3.08452 1.51686 0 0
0 0 303 3.64909 -3.0395 -0.72836 1.15491 0 0
0 0 304 -0.282636 -0.7387 1.19242 -2.74179 0 0
0 0 305 0.739637 -5.56955 -2.88671 -0.192449 0 0
0 0 306 4.28446 -0.724809 1.83676 0.320948 0 0
0 0 307 0.486549 0.166471 -1.44672 1.58322 0 0
0 0 308 4.63266 -1.70276 2.1531 -4.31997 0 0
0 0 309 -0.0505862 -6.41387 0.271348 -1.29648 0 0
0 0 310 0.121702 3.59941 -1.2513 2.86495 0 0
0 0 311 0.177677 -0.462497 -1.03518 2.74842 0 0
0 0 312 7.77251 -0.706369 -1.19512 0.717959 0 0
0 0 313 0.181352 -2.39311 -3.69662 0.989001 0 0
0 0 314 0.928859 -3.54543 -2.27583 -0.19279 0 0
0 0 315 1.17093 0.817406 2.40106 -2.50375 0 0
0 0 316 -5.759 -1.41292 0.161575 1.02047 0 0
0 0 317 -1.90223 4.01965 0.450431 0.559656 0 0
0 0 318 2.96364 -1.02391 -1.11644 0.925494 0 0
0 0 319 2.78355 0.252679 -3.93325 0.568982 0 0
0 0 320 0.494462 -1.74517 0.747607 -2.98491 0 0
0 0 321 -0.835676 -1.4008 2.71291 -1.33188 0 0
0 0 322 4.03407 -3.15952 -0.12785 -4.0955 0 0
0 0 323 -0.187569 0.186943 -1.77251 -2.65039 0 0
0 0 324 0.658205 -5.73759 -3.66142 -0.186974 0 0
0 0 325 -0.846725 -0.00660974 0.465996 0.142205 0 0
0 0 326 -3.54614 0.961051 0.279248 -1.93034 0 0
0 0 327 -0.327729 0.141465 -1.03062 0.283823 0 0
0 0 328 -2.10882 -2.70266 1.09226 -1.45127 0 0
0 0 329 0.119436 -0.0464974 -0.471788 -3.73667 0 0
0 0 330 -1.40786 1.45405 2.83467 0.820301 0 0
0 0 331 -0.906702 -1.46566 1.65545 -2.01076 0 0
0 0 332 3.03118 -3.46075 0.416265 3.30713 0 0
0 0 333 0.373395 1.94332 -2.26423 -4.5689 0 0
0 0 334 -2.74738 -2.56791 1.93277 -3.69788 0 0
0 0 335 -1.45017 -1.4776 -0.324744 -2.42991 0 0
0 0 336 0.0209243 -1.07357 -3.02694 0.136668 0 0
0 0 337 1.35709 -2.06958 4.6267 -3.14433 0 0
0 0 338 -3.66707 -1.03419 4.75995 -1.58681 0 0
0 0 339 4.32361 -1.91215 -5.18222 -4.08335 0 0
0 0 340 2.38646 3.38474 -1.49847 2.78901 0 0
0 0 341 1.60378 0.875896 0.104255 3.65475 0 0
0 0 342 3.63781 2.76803 -0.407708 1.66304 0 0
0 0 343 3.78972 -2.47908 -1.3245 -0.398336 0 0
0 0 344 -2.17202 -1.08969 4.06519 1.36873 0 0
0 0 345 5.63177 -2.65551 -4.66766 -4.41357 0 0
0 0 346 -1.2539 2.65695 0.698504 2.34039 0 0
0 0 347 1.72103 0.840616 1.5707 -0.496884 0 0
0 0 348 1.9588 3.01055 -0.266888 1.08471 0 0
0 0 349 -4.53078 1.18644 3.50213 -0.681324 0 0
0 0 350 0.994038 1.82269 3.51226 2.72161 0 0
0 0 351 -0.660995 -2.34949 4.78293 -0.399403 0 0
0 0 352 -2.60966 -0.994937 1.94987 -0.0260474 0 0
0 0 353 1.05595 2.56664 -0.746313 -1.41077 0 0
0 0 354 0.288633 -1.11824 -1.24274 -2.50963 0 0
0 0 355 0.261549 -1.66747 -0.966194 -2.87255 0 0
0 0 356 0.962725 0.94072 2.46175 0.620276 0 0
0 0 357 -3.25885 -1.04059 -0.588919 4.40566 0 0
0 0 358 0.707811 -1.12336 -2.80295 4.129 0 0
0 0 359 1.51396 -0.611758 4.61665 2.55548 0 0
0 0 360 -2.15431 -2.81477 0.601795 -0.0658462 0 0
0 0 361 2.87608 0.960828 1.99515 -0.670049 0 0
0 0 362 2.13045 -0.626137 1.31175 -2.90708 0 0
0 0 363 -0.720884 -0.136418 -1.45747 -2.74241 0 0
0 0 364 1.23433 0.807232 -0.175142 1.69387 0 0
0 0 365 0.400627 0.68333 -1.15919 -0.679942 0 0
0 0 366 0.413168 -3.36121 -0.358151 0.494621 0 0
0 0 367 -5.96092 0.571818 2.60166 -0.428479 0 0
0 0 368 3.52647 -1.69067 -1.55607 0.787924 0 0
0 0 369 -4.7781 -1.08677 -3.245 -0.998398 0 0
0 0 370 5.27989 -3.2377 -0.620991 2.11568 0 0
0 0 371 -0.306062 -1.43109 0.63579 0.102164 0 0
0 0 372 -1.9592 3.67163 2.97072 -0.597549 0 0
0 0 373 2.05752 -0.299833 -0.817812 3.15178 0 0
0 0 374 -2.92012 -0.922949 -1.85271 1.99902 0 0
0 0 375 3.2763 -0.290125 -1.24612 -0.324419 0 0
0 0 376 -0.295362 -2.08712 1.38264 0.618991 0 0
0 0 377 -0.296322 1.6535 3.67628 0.635608 0 0
0 0 378 -0.475292 2.76841 0.275002 3.71219 0 0
0 0 379 3.40547 -0.715225 -0.723831 -2.86529 0 0
0 0 380 -0.122703 -2.25199 0.432756 -1.94693 0 0
0 0 381 -1.65221 -1.26639 4.6044 -3.43631 0 0
0 0 382 -0.770504 1.11656 1.38886 1.14008 0 0
0 0 383 -3.57151 3.6389 2.9986 0.605263 0 0
0 0 384 0.355218 -2.07314 0.631351 2.25583 0 0
0 0 385 -0.875151 0.91143 -4.66712 6.07926 0 0
0 0 386 -2.55883 -1.62779 -0.830796 5.35446 0 0
0 0 387 1.54142 -0.781194 0.923137 1.7304 0 0
0 0 388 -0.453045 -4.12292 4.12876 5.31233 0 0
0 0 389 -0.830099 0.288986 -0.633326 -1.87994 0 0
0 0 390 -2.51465 -0.740248 0.321745 -4.5026 0 0
0 0 391 1.20994 0.684612 0.127976 -0.00422487 0 0
0 0 392 -3.38696 0.431415 -0.356705 -2.06159 0 0
0 0 393 -2.15504 1.88093 -0.462894 0.472639 0 0
0 0 394 0.442662 -0.7012 -0.63526 -3.86485 0 0
0 0 395 -1.14151 4.69105 1.55346 -4.01641 0 0
0 0 396 -1.92383 4.30189 -2.87541 2.32422 0 0
0 0 397 -1.53912 -2.58497 -2.32645 2.27544 0 0
0 0 398 0.686962 2.24007 -0.663527 0.113825 0 0
0 0 399 -0.85784 3.90768 0.53602 -0.51596 0 0
0 0 400 -0.140772 0.574151 -0.932569 0.650431 0 0
0 0 401 0.116159 -1.27262 -0.257424 0.579114 0 0
0 0 402 0.577807 -2.68111 -2.17032 1.40994 0 0
0 0 403 1.40018 -1.40578 -2.41492 -1.27313 0 0
0 0 404 0.0827327 -3.03783 0.483206 0.516316 0 0
0 0 405 -0.79437 -2.07998 -2.67904 0.456945 0 0
0 0 406 -0.931784 4.3093 -1.99915 -6.23218 0 0
0 0 407 -1.78887 -0.361992 -1.77792 -4.8944 0 0
0 0 408 -3.27226 -0.427672 0.481725 -0.599521 0 0
0 0 409 -1.89076 1.17411 -1.7451 2.90319 0 0
0 0 410 0.716271 0.691006 -1.34349 2.39182 0 0
0 0 411 2.58431 2.68172 -0.976501 2.73996 0 0
0 0 412 3.92055 -2.65122 -6.2815 -1.39618 0 0
0 0 413 -0.899757 1.72952 0.37731 -2.85111 0 0
0 0 414 -0.437833 -2.06689 0.602853 -2.75412 0 0
0 0 415 1.21795 0.0978695 -0.535463 -0.149177 0 0
0 0 416 -0.35338 1.13541 1.83841 -2.35315 0 0
0 0 417 -0.197182 -4.46498 -0.224668 2.24203 0 0
0 0 418 3.9991 -2.24808 -1.2113 -0.910287 0 0
0 0 419 0.656367 0.748143 -4.20716 -0.175343 0 0
0 0 420 -1.15195 -2.28494 -1.30708 1.97886 0 0
0 0 421 0.905749 -0.173931 0.99877 0.916396 0 0
0 0 422 3.10112 4.54101 1.29464 -1.81062 0 0
0 0 423 1.29426 0.564196 -0.801747 -2.46827 0 0
0 0 424 1.70374 -0.69406 1.74196 2.45217 0 0
0 0 425 1.4642 1.08046 2.53094 -3.31185 0 0
0 0 426 1.84192 -2.04564 -2.2964 -0.194493 0 0
0 0 427 -0.0367093 0.237463 1.95221 0.583409 0 0
0 0 428 -0.589292 5.22257 1.00518 0.684037 0 0
0 0 429 0.771144 1.82498 0.260962 0.691101 0 0
0 0 430 -0.26107 -1.81359 3.51093 1.64498 0 0
0 0 431 -1.00492 6.4046 -0.592366 -0.698196 0 0
0 0 432 -2.37334 -0.609285 1.18187 0.0540521 0 0
0 0 433 1.73129 -2.42271 -2.67194 -2.43078 0 0
0 0 434 -2.68456 -2.20792 -3.70098 0.784031 0 0
0 0 435 -2.21369 -4.01349 -1.81762 0.633189 0 0
0 0 436 1.36185 -5.8515 2.66251 3.4486 0 0
0 0 437 1.13652 0.365194 -0.250744 1.59388 0 0
0 0 438 4.88649 -0.0768015 -2.48863 3.49109 0 0
0 0 439 3.52239 -0.498159 -2.39122 -0.648942 0 0
0 0 440 -1.18781 0.395261 -2.65742 4.26405 0 0
0 0 441 -1.3468 2.99699 1.07307 -1.75223 0 0
0 0 442 0.302636 1.8012 0.179249 0.18308 0 0
0 0 443 0.0838897 4.98199 2.43526 -0.0172147 0 0
0 0 444 0.717859 -3.289 -0.93969 -0.725625 0 0
0 0 445 -0.959358 -0.725554 0.402226 3.60567 0 0
0 0 446 -0.367249 1.11119 0.169295 -2.04501 0 0
0 0 447 1.24191 -0.785061 -0.683388 3.35402 0 0
0 0 448 2.11066 0.444674 0.0786271 -1.56547 0 0
0 0 449 2.14167 1.2685 -3.15629 1.87138 0 0
0 0 450 2.3391 -1.06139 -0.628127 0.916228 0 0
0 0 451 3.32518 -1.67491 -1.246 -1.7486 0 0
0 0 452 -0.290113 2.18222 1.51143 -0.617907 0 0
0 0 453 -1.40568 -0.554639 0.360369 -2.48981 0 0
0 0 454 -1.84619 0.237762 1.2732 1.58822 0 0
0 0 455 -4.32849 2.96835 3.07157 -0.595138 0 0
0 0 456 -1.4108 1.8329 -2.26311 1.4812 0 0
0 0 457 -2.536 2.84844 1.11506 3.10453 0 0
0 0 458 -1.86318 -1.35532 -1.35189 -0.458823 0 0
0 0 459 -0.743227 1.95664 4.08559 2.33969 0 0
0 0 460 1.03152 4.31483 4.12795 -0.302016 0 0
0 0 461 -1.64231 0.329229 -1.06863 1.79247 0 0
0 0 462 0.958581 -0.588191 0.59389 -1.08771 0 0
0 0 463 1.04985 -1.31899 4.15586 2.8442 0 0
0 0 464 0.248502 2.97834 -0.588096 -4.15875 0 0
0 0 465 -0.396605 -1.3413 -0.381696 2.39376 0 0
0 0 466 -2.46771 2.32788 2.45494 -3.0292 0 0
0 0 467 -1.12967 1.7555 -1.95529 -0.507252 0 0
0 0 468 -0.218566 -2.52954 -4.76194 -1.90097 0 0
0 0 469 -1.81094 2.40103 4.22695 -1.80192 0 0
0 0 470 1.37571 1.89141 -1.70135 -2.44095 0 0
0 0 471 1.63764 0.969108 -0.995695 -0.310413 0 0
0 0 472 -2.98402 -1.234 -2.69384 2.32464 0 0
0 0 473 1.48866 0.652524 -0.279497 2.88785 0 0
0 0 474 -2.45473 2.56427 2.80242 3.20172 0 0
0 0 475 2.44643 0.947031 -0.759682 2.51783 0 0
0 0 476 3.65515 -0.730133 -1.82091 -1.71687 0 0
0 0 477 -1.89525 1.4521 0.011441 -1.19222 0 0
0 0 478 -1.92373 4.87303 1.89511 -0.446546 0 0
0 0 479 1.2952 0.475978 3.22591 -1.57274 0 0
0 0 480 -1.57281 -0.450494 -1.91694 -1.14629 0 0
0 0 481 -3.67634 -0.644742 1.70162 -2.39785 0 0
0 0 482 0.851732 -4.06278 2.35608 -1.13198 0 0
0 0 483 2.55253 2.71101 0.755707 -1.25543 0 0
0 0 484 4.02809 0.612933 -2.56762 3.67949 0 0
0 0 485 -0.380791 -0.144894 3.97832 0.0852887 0 0
0 0 486 3.12496 -1.39215 0.123155 -4.27507 0 0
0 0 487 1.59114 -0.961283 -3.01691 -0.157082 0 0
0 0 488 1.62259 3.27586 -4.22051 -1.41183 0 0
0 0 489 0.470381 3.3549 -1.5384 -1.43415 0 0
0 0 490 3.81279 2.47521 3.67157 -1.50701 0 0
0 0 491 0.4921 4.8015 2.58609 -0.40123 0 0
0 0 492 0.13582 -2.7106 -0.674027 -1.6798 0 0
0 0 493 1.49772 -1.22241 2.02875 -1.30607 0 0
0 0 494 3.64235 0.32903 0.578105 -2.12685 0 0
0 0 495 -0.571505 0.64629 -0.916044 -2.24606 0 0
0 0 496 2.50297 -3.28731 1.01176 -1.62303 0 0
0 0 497 4.63668 -0.957261 0.594195 -5.74081 0 0
0 0 498 -3.41631 -1.48565 1.29255 1.59202 0 0
0 0 499 -2.17051 0.260545 2.43906 -1.29285 0 0
0 0 500 4.05284 -3.43875 -2.02144 0.457192 0 0
0 0 501 -4.29425 2.02729 0.735259 -1.30998 0 0
0 0 502 3.06088 -0.338862 0.682832 0.787335 0 0
0 0 503 -4.87561 4.77873 2.5729 0.411283 0 0
0 0 504 4.03048 -3.9308 2.22444 -4.20903 0 0
0 0 505 2.51676 4.779 1.44286 3.22791 0 0
0 0 506 -1.66364 -2.03014 -2.3389 -1.26398 0 0
0 0 507 6.61969 4.50123 5.74232 -1.17788 0 0
0 0 508 -0.59665 -2.46046 -1.06815 2.81399 0 0
0 0 509 5.3688 3.04309 -0.56495 -1.73528 0 0
0 0 510 4.80206 -1.26948 3.46924 -1.45243 0 0
0 0 511 1.98739 3.55761 2.33414 2.1823 0 0
0 0 512 1.48288 -2.35974 -2.51055 -1.98837 0 0
0 0 513 2.88775 -0.298797 2.88701 -1.41863 0 0
0 0 514 1.07332 0.486411 -0.362509 3.0127 0 0
0 0 515 -0.967688 -2.93857 3.46819 -0.147915 0 0
0 0 516 0.912673 -1.12798 -2.24195 -1.90128 0 0
0 0 517 -0.812056 -0.0764847 1.03944 -0.304689 0 0
0 0 518 -0.862491 -2.07277 0.647118 -3.20553 0 0
0 0 519 -0.268384 0.880847 3.69875 0.282895 0 0
0 0 520 2.15685 2.81057 -5.56455 0.622804 0 0
0 0 521 -0.251992 2.82117 -0.151409 -1.59295 0 0
0 0 522 0.12938 -5.38789 -4.33032 -3.9757 0 0
0 0 523 1.00323 1.59683 -4.4562 1.35418 0 0
0 0 524 -3.89076 0.0448521 5.88632 -4.73445 0 0
0 0 525 1.58422 -2.06073 0.130688 -0.963349 0 0
0 0 526 0.212301 2.79201 -1.22909 -1.72393 0 0
0 0 527 -0.455371 -3.08909 3.70501 0.962724 0 0
0 0 528 0.545872 -0.236691 1.47571 1.70093 0 0
0 0 529 -4.73231 3.8032 -3.0953 3.73814 0 0
0 0 530 -0.364567 1.19818 -3.45352 3.16743 0 0
0 0 531 0.590307 -2.61138 0.563223 2.18057 0 0
0 0 532 -1.02361 -1.19714 -2.32598 0.632927 0 0
0 0 533 4.79179 0.276669 -1.02613 0.707954 0 0
0 0 534 3.10105 -1.23448 -1.28713 -0.0115116 0 0
0 0 535 -0.846371 0.450483 0.226339 -4.67568 0 0
0 0 536 2.90328 -1.13146 4.66091 -2.10106 0 0
0 0 537 2.84466 0.0290149 -2.71467 -0.773264 0 0
0 0 538 -2.6522 -3.8608 2.16314 -1.71099 0 0
0 0 539 4.04177 1.22194 1.79062 2.46366 0 0
0 0 540 3.27639 -0.701537 -2.72834 6.84227 0 0
0 0 541 6.21126 -2.70901 3.05784 -2.14078 0 0
0 0 542 -0.193662 -0.275426 -3.09894 1.16586 0 0
0 0 543 1.94164 -1.10522 2.876 1.0921 0 0
0 0 544 1.2494 -4.04981 -0.309335 -2.10079 0 0
0 0 545 1.5779 0.100473 -2.25721 -5.8919 0 0
0 0 546 1.75646 -3.4605 0.638024 -3.01034 0 0
0 0 547 2.60819 -1.23046 -0.212659 2.84943 0 0
0 0 548 1.14431 -5.05547 -0.128482 -0.273246 0 0
0 0 549 0.221215 -2.07642 1.43394 -3.37042 0 0
0 0 550 3.14152 -1.00515 1.04757 0.141461 0 0
0 0 551 -1.08614 1.44914 -2.00387 -0.770345 0 0
0 0 552 3.23927 -0.370606 2.17516 -1.05183 0 0
0 0 553 2.44935 1.75884 4.14922 -2.38194 0 0
0 0 554 0.135999 3.06421 0.0419114 0.604647 0 0
0 0 555 2.28723 -1.01322 3.06206 1.47244 0 0
0 0 556 0.341311 -0.264512 -2.50929 0.602438 0 0
0 0 557 -4.26088 -0.36115 -0.100172 -8.04614e-05 0 0
0 0 558 0.396158 2.157 1.57599 1.96008 0 0
0 0 559 -0.0287112 -2.87092 1.14959 1.30608 0 0
0 0 560 -4.38006 5.01633 2.86913 4.64703 0 0
0 0 561 -2.42211 1.59568 0.187296 1.90032 0 0
0 0 562 2.38615 2.39589 3.65163 1.03801 0 0
0 0 563 2.87185 1.24446 1.44397 2.26321 0 0
0 0 564 -1.04775 0.0270205 -0.643682 -4.87152 0 0
0 0 565 1.76728 3.60106 1.01554 -1.50242 0 0
0 0 566 2.86436 4.27051 -1.5204 -3.81232 0 0
0 0 567 -1.00949 0.231963 -0.784378 4.16661 0 0
0 0 568 -1.21193 2.97615 4.05204 4.00937 0 0
0 0 569 -0.220188 1.94011 -1.92779 -4.55315 0 0
0 0 570 -1.51937 1.30081 1.53969 1.41928 0 0
0 0 571 0.389288 0.0768531 2.45585 -4.51495 0 0
0 0 572 2.46625 0.00328505 1.36076 1.85702 0 0
0 0 573 -0.580657 0.803439 2.03153 0.358775 0 0
0 0 574 -1.56712 -0.407565 3.59434 -0.189905 0 0
0 0 575 -0.588789 -0.031544 -0.443357 -0.211351 0 0
0 0 576 2.95923 2.04931 2.86138 0.279509 0 0
0 0 577 -1.0675 2.16385 -0.93532 0.59512 0 0
0 0 578 -3.4189 0.959245 0.61733 -3.05578 0 0
0 0 579 -1.0634 1.94097 -0.868409 -3.07665 0 0
0 0 580 0.0040496 1.12058 0.0854492 0.0760272 0 0
0 0 581 4.20755 1.95397 2.11541 1.11039 0 0
0 0 582 -0.232323 -0.0703186 -0.913661 -0.247925 0 0
0 0 583 -1.21957 -0.204404 2.11957 -0.692039 0 0
0 0 584 -0.988737 -0.773851 -0.71227 1.08472 0 0
0 0 585 0.514931 4.62326 0.39149 0.885469 0 0
0 0 586 -0.281431 -2.11867 -2.06472 -1.9875 0 0
0 0 587 0.19284 -1.34745 1.83459 -0.569272 0 0
0 0 588 -0.671211 -0.153379 -2.40031 -1.32889 0 0
0 0 589 4.17276 -2.45517 0.573171 -0.544683 0 0
0 0 590 2.28979 -2.03811 -3.15545 1.83112 0 0
0 0 591 -1.98649 3.54565 -0.883917 -0.525137 0 0
0 0 592 -0.125103 -7.21065 -1.77489 3.02946 0 0
0 0 593 -0.920411 -0.553993 2.17233 -0.96794 0 0
0 0 594 -0.455088 -2.85532 -1.68909 4.13659 0 0
0 0 595 -3.33864 3.44323 1.17322 0.141008 0 0
0 0 596 -1.76422 0.639866 -0.220128 2.69517 0 0
0 0 597 -2.45078 1.50883 -2.86865 2.83775 0 0
0 0 598 -1.99312 1.74711 -0.856086 -3.29473 0 0
0 0 599 2.47213 -1.93726 -0.255534 2.56509 0 0
0 0 600 -4.18299 0.690619 1.93598 4.80471 0 0
0 0 601 -0.323041 -3.0691 -1.72099 0.871093 0 0
0 0 602 -4.59586 -1.17636 -0.663349 0.589652 0 0
0 0 603 2.9506 -0.669193 4.09066 0.289905 0 0
0 0 604 1.72223 -0.766398 2.92077 -0.254015 0 0
0 0 605 0.727587 -3.35494 -3.22853 -4.21126 0 0
0 0 606 5.4019 2.21558 -2.87378 2.42095 0 0
0 0 607 1.55471 1.74041 0.713038 -0.86324 0 0
0 0 608 -0.256363 -0.451516 3.38692 0.252762 0 0
0 0 609 -1.73422 2.5435 0.901733 0.31602 0 0
0 0 610 3.51726 1.00852 0.428855 -0.358076 0 0
0 0 611 -1.39666 1.44906 -4.07301 0.313572 0 0
0 0 612 0.0826617 -3.09076 3.36288 -3.24694 0 0
0 0 613 -1.27426 0.931397 -3.59158 1.29349 0 0
0 0 614 0.929284 2.22716 -0.32565 -0.963878 0 0
0 0 615 6.36932 -1.39222 0.301508 -1.81453 0 0
0 0 616 5.26592 -3.23143 -2.61518 1.52798 0 0
0 0 617 5.48206 -3.45386 0.53559 4.26524 0 0
0 0 618 -0.723075 -1.40414 3.45761 0.166307 0 0
0 0 619 -3.69808 2.4929 -0.175891 -1.68359 0 0
0 0 620 2.59489 -1.25934 -1.61972 1.46413 0 0
0 0 621 2.6708 4.63039 3.77793 -0.420993 0 0
0 0 622 1.91441 -3.09013 -2.80363 -2.00947 0 0
0 0 623 1.64088 4.14944 0.612067 2.36336 0 0
0 0 624 -0.472759 2.80628 1.53198 1.63117 0 0
0 0 625 -1.77727 -0.121808 -1.57163 1.01551 0 0
0 0 626 -0.674087 2.18048 -0.0441918 -0.507188 0 0
0 0 627 2.99335 1.46984 0.320154 -5.95651 0 0
0 0 628 2.68906 2.6193 -2.4657 1.00812 0 0
0 0 629 0.101359 1.01695 -1.06468 4.33422 0 0
0 0 630 -0.0409133 2.53396 -3.79382 0.740566 0 0
0 0 631 2.0578 0.588121 -0.306203 1.97041 0 0
0 0 632 -2.77876 -1.96004 -2.15576 2.08647 0 0
0 0 633 1.48968 -0.00946242 2.97067 -2.23726 0 0
0 0 634 -3.297 1.22606 -0.836364 -0.0831174 0 0
0 0 635 -2.80243 0.0323744 -2.64035 2.09642 0 0
0 0 636 2.99969 0.638952 -0.0950698 1.33277 0 0
0 0 637 -2.6093 -3.82036 2.08022 -0.295862 0 0
0 0 638 3.90105 -1.60433 -3.13433 2.24617 0 0
0 0 639 1.39748 -0.439007 2.26761 -1.0476 0 0
0 0 640 -1.53614 3.64121 -2.63345 -0.254865 0 0
0 0 641 -2.08367 1.49303 1.79472 1.17662 0 0
0 0 642 2.1732 -2.1236 0.12218 -0.1441 0 0
0 0 643 3.99277 1.54075 0.677161 -0.812855 0 0
0 0 644 0.682532 5.30581 -0.565255 -2.32972 0 0
0 0 645 0.586415 0.999337 -3.57065 -0.169073 0 0
0 0 646 1.93952 2.82378 -1.28956 0.701207 0 0
0 0 647 -0.271676 1.54889 1.23492 -2.12314 0 0
0 0 648 5.16061 -2.26524 -0.553334 3.70602 0 0
0 0 649 1.93803 -3.51943 -4.94282 0.519612 0 0
0 0 650 1.38078 -3.56891 -1.52619 3.82021 0 0
0 0 651 0.307643 -1.05479 0.58099 -0.655559 0 0
0 0 652 0.262427 0.801284 2.19539 1.43259 0 0
0 0 653 1.2528 3.44861 -1.36845 2.41664 0 0
0 0 654 -1.68606 -0.485799 0.672686 1.44772 0 0
0 0 655 2.68843 -0.102463 3.54773 -1.3465 0 0
0 0 656 2.65974 -0.868237 0.876636 1.11749 0 0
0 0 657 -0.466382 -0.342101 -4.48487 -3.00759 0 0
0 0 658 -1.33297 0.148601 -0.801013 0.164396 0 0
0 0 659 0.569131 3.94129 -2.11501 -4.56292 0 0
0 0 660 -2.17313 2.24233 2.29797 2.59947 0 0
0 0 661 2.73711 -1.79192 2.39179 0.545722 0 0
0 0 662 -3.01428 3.03669 4.7664 -3.0839 0 0
0 0 663 1.11913 -2.82772 -0.140848 0.191073 0 0
0 0 664 0.838953 4.9903 -1.33839 -0.077973 0 0
0 0 665 -0.237253 -1.46384 0.903899 -1.91611 0 0
0 0 666 -2.75436 -2.76006 -4.61278 -2.64556 0 0
0 0 667 2.21552 1.89434 2.28013 -0.502874 0 0
0 0 668 0.436419 -1.00411 -0.372512 2.52526 0 0
0 0 669 -0.538123 -0.487259 1.39068 -2.8019 0 0
0 0 670 2.16489 3.18395 -1.77 -5.28881 0 0
0 0 671 2.09029 1.16187 2.07971 -2.55442 0 0
0 0 672 3.41881 -4.76083 -0.455513 0.0504124 0 0
0 0 673 1.77972 -0.712131 -2.47274 0.833771 0 0
0 0 674 3.60904 -2.23221 0.58958 -0.202858 0 0
0 0 675 0.92014 -0.0700587 0.868351 2.27543 0 0
0 0 676 -2.81305 1.81967 -2.64581 -4.74434 0 0
0 0 677 2.11915 0.608238 -0.782607 2.45123 0 0
0 0 678 0.074533 -0.942492 1.49752 -0.894271 0 0
0 0 679 3.54196 -0.67772 0.284908 1.97649 0 0
0 0 680 -2.8763 -0.561432 3.20554 4.10571 0 0
0 0 681 -1.7333 -0.908315 0.735431 -5.16257 0 0
0 0 682 3.66867 0.0831171 -1.00153 -2.70651 0 0
0 0 683 -3.37994 -0.446756 -1.10623 -0.520475 0 0
0 0 684 5.24406 0.875097 -2.16901 -1.30157 0 0
0 0 685 -2.58163 -1.97194 -3.06634 -3.65818 0 0
0 0 686 3.37562 -1.4881 -2.28104 0.958905 0 0
0 0 687 -0.397473 3.89832 2.66829 -0.693142 0 0
0 0 688 2.83009 0.521336 0.62234 -4.77825 0 0
0 0 689 -2.21887 2.05164 0.422168 2.2042 0 0
0 0 690 1.08096 3.30754 2.50372 -1.06994 0 0
0 0 691 3.72496 -1.67281 0.109478 -0.485266 0 0
0 0 692 -1.61904 1.46027 3.66942 -0.37604 0 0
0 0 693 -0.617528 -0.0616667 -3.63964 1.88345 0 0
0 0 694 -3.64256 1.20882 6.26721 -0.0325576 0 0
0 0 695 -0.877952 0.801525 0.0718428 2.25888 0 0
0 0 696 0.495088 -0.366998 0.0720756 -1.00653 0 0
0 0 697 -1.85582 1.53974 -0.629974 2.1994 0 0
0 0 698 4.32988 1.503 -2.2649 -0.37888 0 0
0 0 699 2.6302 1.54882 -1.25304 -1.09306 0 0
0 0 700 0.865262 -2.27856 1.90875 -0.435533 0 0
0 0 701 -1.72192 1.87816 -3.93053 -4.70705 0 0
0 0 702 -0.986631 -4.31942 -2.91813 -2.28081 0 0
0 0 703 -1.59673 4.07324 -1.5837 -3.20921 0 0
0 0 704 -0.181177 -1.66565 -1.06484 2.55384 0 0
0 0 705 0.966114 -2.32055 -3.00152 3.66276 0 0
0 0 706 -1.82848 6.97819 -0.0920833 -3.49766 0 0
0 0 707 0.129935 -2.55714 -1.78532 0.901617 0 0
0 0 708 4.17166 -1.1363 -5.16985 0.893284 0 0
0 0 709 4.45851 1.42938 -1.27839 -6.66794 0 0
0 0 710 -1.41397 1.89045 -0.0943444 0.351545 0 0
0 0 711 0.555292 1.49348 -0.945211 -3.55617 0 0
0 0 712 4.21218 0.373402 0.217631 -1.64568 0 0
0 0 713 4.54472 1.36578 -2.98249 4.02924 0 0
0 0 714 -0.23694 3.71057 -1.99755 3.54621 0 0
0 0 715 -1.51017 1.72202 1.72765 1.06038 0 0
0 0 716 -3.56901 2.86838 -3.43954 -0.202125 0 0
0 0 717 -1.71717 -0.707151 0.319304 -2.85119 0 0
0 0 718 0.607156 0.985746 2.17519 1.32378 0 0
0 0 719 4.98244 -2.34212 -0.794493 -0.510985 0 0
0 0 720 0.323685 3.90724 -1.59579 2.69121 0 0
0 0 721 0.357635 -1.13057 3.1506 1.10099 0 0
0 0 722 -1.47434 1.40707 0.680081 -0.768445 0 0
0 0 723 2.33918 -0.624422 2.10857 -2.02964 0 0
0 0 724 -3.32774 3.43977 1.28644 2.13213 0 0
0 0 725 -1.21585 0.806086 2.63268 -0.802627 0 0
0 0 726 0.533949 0.815214 2.54194 0.46014 0 0
0 0 727 -2.31239 -0.141062 2.919 -7.6159 0 0
0 0 728 2.9222 2.44513 -2.34753 1.88991 0 0
0 0 729 2.99211 2.79047 4.13479 -1.23667 0 0
0 0 730 0.976765 -1.08356 0.712666 -3.67962 0 0
0 0 731 -1.97693 -0.324579 -1.8208 1.20562 0 0
0 0 732 -0.717856 -2.6584 -2.32959 2.01357 0 0
0 0 733 1.59514 0.54739 3.47924 -1.61731 0 0
0 0 734 -1.01405 2.20483 4.47062 1.20719 0 0
0 0 735 -0.162163 0.645057 0.679503 2.51896 0 0
0 0 736 1.38012 1.37826 0.126474 -2.30839 0 0
0 0 737 -3.15951 2.47102 0.259422 -0.533803 0 0
0 0 738 -1.36191 -0.260244 0.216853 -0.0663564 0 0
0 0 739 3.22338 -1.69573 -1.16571 -2.56874 0 0
0 0 740 -0.587804 -0.602565 -2.12682 0.907025 0 0
0 0 741 0.644376 1.19231 2.02291 0.992686 0 0
0 0 742 -1.48473 0.632673 -1.41639 0.653949 0 0
0 0 743 -0.860765 1.58257 1.33223 -3.59179 0 0
0 0 744 2.43441 1.51045 0.892763 1.66455 0 0
0 0 745 -1.65882 1.52706 0.469113 1.44791 0 0
0 0 746 -0.124645 -0.841562 3.12822 3.21932 0 0
0 0 747 0.127289 -1.73779 2.38088 -1.49608 0 0
0 0 748 -0.755366 1.83284 0.0687345 -0.0922516 0 0
0 0 749 2.97279 1.53994 1.41653 -0.61116 0 0
0 0 750 -0.92277 0.446796 -3.74073 -0.302982 0 0
0 0 751 2.40254 -0.57155 -2.43106 0.531014 0 0
0 0 752 -0.967022 2.04029 -1.34375 -4.29354 0 0
0 0 753 -4.12902 0.59533 1.46173 -1.04518 0 0
0 0 754 -3.7549 1.50126 -1.22548 -0.0678566 0 0
0 0 755 -1.19578 1.24728 2.53694 2.08442 0 0
0 0 756 -4.07912 2.98316 -0.182362 0.588497 0 0
0 0 757 -2.21443 0.459865 4.24364 -0.820752 0 0
0 0 758 0.580556 -0.0597263 -2.68223 -1.3994 0 0
0 0 759 1.02396 2.20557 -2.55958 2.9896 0 0
0 0 760 1.62267 4.26416 2.68219 1.68412 0 0
0 0 761 1.75885 3.55605 1.99444 -3.78946 0 0
0 0 762 0.972491 0.139861 4.6616 -4.7046 0 0
0 0 763 -0.808681 -1.38111 -1.55875 0.96718 0 0
0 0 764 0.721847 -1.83673 -4.57196 -0.327181 0 0
0 0 765 -0.758759 -2.19463 3.53034 -2.7928 0 0
0 0 766 -0.260478 -0.906222 1.00792 0.702307 0 0
0 0 767 0.227011 1.87789 -4.70196 -0.696774 0 0
0 0 768 3.07284 -1.69033 2.12286 6.9984 0 0
0 0 769 3.72612 -2.04515 0.20794 3.16317 0 0
0 0 770 4.33627 -3.86488 -1.84254 -4.93411 0 0
0 0 771 0.578249 -4.80303 -0.354297 0.288003 0 0
0 0 772 -1.03142 3.21742 -0.896618 -1.04772 0 0
0 0 773 0.525098 2.57934 1.0679 -1.67243 0 0
0 0 774 0.46431 0.766467 1.24808 5.13756 0 0
0 0 775 2.19583 0.214404 -0.440453 -0.468083 0 0
0 0 776 2.12281 4.40866 0.933709 1.92873 0 0
0 0 777 2.46049 3.13248 1.89831 3.92758 0 0
0 0 778 -1.93873 -1.49245 -2.89837 0.540637 0 0
0 0 779 2.20463 -2.64033 -0.224926 -1.38242 0 0
0 0 780 -0.85037 1.86354 -1.14088 0.314567 0 0
0 0 781 -0.965765 -0.853722 0.00973619 -2.3466 0 0
0 0 782 5.24781 0.750748 -0.6609 -2.81352 0 0
0 0 783 -1.39612 0.312569 4.6875 -2.16565 0 0
0 0 784 -0.924999 0.578925 -1.57424 5.24646 0 0
0 0 785 -2.07474 0.811864 5.22971 3.2089 0 0
0 0 786 2.11174 -0.65337 -0.536856 -1.46813 0 0
0 0 787 1.01001 2.6155 3.83922 -0.61971 0 0
0 0 788 1.30659 -2.37837 2.14853 1.22709 0 0
0 0 789 2.49755 1.60378 1.12152 2.71157 0 0
0 0 790 5.06544 1.09096 0.358877 -4.23545 0 0
0 0 791 2.74166 -1.69183 -2.53554 -1.617 0 0
0 0 792 -1.4418 1.17945 3.10825 0.953484 0 0
0 0 793 -0.269466 -2.24934 0.987928 -1.01855 0 0
0 0 794 0.271832 -0.655674 -3.80024 5.92195 0 0
0 0 795 0.854753 -0.498923 5.43001 2.67597 0 0
0 0 796 0.878555 2.49988 2.95985 2.35515 0 0
0 0 797 2.16508 0.09661 1.96069 2.03082 0 0
0 0 798 1.07661 0.632285 3.87249 -0.397922 0 0
0 0 799 4.21868 -3.01084 -5.06625 3.66599 0 0
0 0 800 -2.04608 2.9595 3.18345 2.18727 0 0
0 0 801 0.311352 -1.65491 -4.80936 1.98884 0 0
0 0 802 -3.54696 -0.877679 1.47526 2.24121 0 0
0 0 803 -3.13477 2.79328 5.55358 0.744224 0 0
0 0 804 -2.03401 -0.045939 -1.20832 2.10726 0 0
0 0 805 -2.40101 0.882734 1.55957 1.42102 0 0
0 0 806 0.458629 -5.05094 2.61034 4.17098 0 0
0 0 807 -0.657338 -2.18941 1.23749 0.817778 0 0
0 0 808 1.08864 -2.38771 -0.541108 2.81014 0 0
0 0 809 0.519968 1.80124 -0.727779 0.218918 0 0
0 0 810 -0.0100167 -4.35713 -0.814398 0.817389 0 0
0 0 811 -0.973715 1.26772 2.92722 4.34866 0 0
0 0 812 -0.254816 1.27203 -0.577184 -1.39028 0 0
0 0 813 -1.14806 -0.574492 -0.589074 1.70592 0 0
0 0 814 2.03123 3.99748 -1.37706 3.73555 0 0
0 0 815 4.16907 -0.88077 -3.47665 -3.70972 0 0
0 0 816 1.34437 -0.58952 0.147478 -2.1781 0 0
0 0 817 -1.58266 2.43653 -1.18262 3.14174 0 0
0 0 818 -4.18668 3.90721 1.0526 0.734516 0 0
0 0 819 4.8245 -6.54928 -4.18457 -1.39214 -73.712 8.23852
0 0 820 -0.290367 1.69478 0.734935 3.68051 0 0
0 0 821 -3.43762 2.19233 -1.89093 4.42254 0 0
0 0 822 4.59803 2.95641 4.47332 -0.689609 0 0
0 0 823 6.77499 -1.91441 -3.45323 -1.7913 0 0
0 0 824 2.08066 -3.10697 1.70296 2.77301 0 0
0 0 825 -2.10112 -6.93763 0.713261 3.15991 0 0
0 0 826 -1.61555 1.93598 -0.75349 1.10244 0 0
0 0 827 -1.33174 3.64695 -1.18015 4.18452 0 0
0 0 828 -1.87245 -1.43599 -4.90083 1.41586 0 0
0 0 829 1.85818 -2.94981 -1.82931 1.24211 0 0
0 0 830 -5.61837 -1.38826 -2.52922 0.736832 0 0
0 0 831 -3.66591 6.37473 -4.21841 -0.052957 -16.7471 8.37749
0 0 832 3.97767 -0.820941 -0.701548 4.11731 0 0
0 0 833 4.61684 1.24523 -0.667614 -1.10244 0 0
0 0 834 0.0602992 -1.64833 -3.24947 1.65961 0 0
0 0 835 4.50104 1.24979 -6.82582 0.855393 0 0
0 0 836 3.35934 -0.758785 -0.898165 3.854 0 0
0 0 837 1.92697 1.78942 -2.45329 -0.793052 0 0
0 0 838 3.53934 0.837939 -6.8894 -1.60662 0 0
0 0 839 4.43244 0.778306 -3.29491 2.9271 0 0
0 0 840 6.36153 -1.14139 -2.59043 3.3211 0 0
0 0 841 5.62481 4.93033 -4.51912 4.17159 0 0
0 0 842 7.18785 5.54931 -2.47532 -4.41978 0 0
0 0 843 7.39537 6.89102 -8.30181 0.767864 -25.1526 5.95134
0 0 844 9.04887 3.68249 -8.0785 4.60171 -32.7473 7.24813
0 0 845 12.7749 -1.10325 -9.92782 0.369037 -48.1706 6.45169
0 0 846 13.9475 1.38652 -6.97821 1.40958 0 0
0 0 847 8.9448 3.48851 -10.234 -1.85956 -35.5885 5.95538
0 0 848 21.7397 1.69306 -10.8627 4.80568 -40.5706 5.86132
0 0 849 15.4631 -2.46892 -13.5721 0.570651 -50.155 4.67085
0 0 850 20.1704 5.72033 -13.5072 0.623729 -33.5236 4.38777
0 0 851 17.3679 3.90382 -13.8301 5.48017 -37.1186 4.48203
0 0 852 20.7005 2.04889 -14.8871 1.57465 -41.0819 4.28827
0 0 853 24.2011 6.10275 -13.5857 1.33671 -32.9051 4.3209
0 0 854 21.1423 4.30523 -13.7979 0.773911 -36.3355 4.45553
0 0 855 16.4962 0.690762 -14.7856 0.120053 -43.6626 4.35431
0 0 856 19.2911 2.8061 -12.3286 3.99967 -38.5887 5.09522
0 0 857 18.2279 1.58363 -11.0643 2.72654 -40.9273 5.76544
0 0 858 27.3901 0.501577 -10.145 3.85168 -43.5848 6.34529
0 0 859 19.4144 2.12665 -11.7732 0.262591 -39.8804 5.38577
0 0 860 15.6152 0.915507 -13.8485 -1.07476 -43.1089 4.6438
0 0 861 20.1951 6.01103 -8.31217 0.254851 -27.0635 6.26332
0 0 862 17.3904 2.9389 -10.5667 1.02678 -37.2286 5.87265
0 0 863 9.8279 5.03678 -9.84046 3.10784 -31.4473 5.81925
0 0 864 16.5258 -2.13429 -11.173 0.635766 -50.4072 5.66431
0 0 865 12.5214 5.47587 -10.9775 4.1038 -31.7444 5.2443
0 0 866 13.8325 -0.614686 -8.88452 -0.510229 -46.9789 7.23689
0 0 867 10.3351 4.37285 -13.209 1.89124 -35.8414 4.62801
0 0 868 12.3207 -1.28842 -10.8422 1.17958 -48.3884 5.90231
0 0 869 12.2898 3.20289 -7.8797 -1.05232 -33.9398 7.56762
0 0 870 9.75474 2.64787 -10.1103 3.09859 -37.662 6.16332
0 0 871 10.9316 2.93987 -11.0866 -1.52364 -37.5743 5.61596
0 0 872 13.8667 0.285217 -6.27935 2.43787 0 0
0 0 873 11.7473 5.11252 -9.10638 0.93345 -30.3446 6.158
0 0 874 12.5059 -4.20847 -11.6875 4.87326 -54.9016 5.18307
0 0 875 9.78187 -0.163314 -6.38806 0.255559 0 0
0 0 876 14.3219 0.652764 -7.63364 0.764137 -42.5562 8.41199
0 0 877 17.6561 -0.0212746 -9.77688 0.243239 -45.0623 6.59235
0 0 878 12.1745 2.52896 -12.3619 0.21481 -39.2191 5.10614
0 0 879 11.8569 5.78567 -11.7772 -1.16845 -31.9185 4.90315
0 0 880 13.8953 -1.8578 -15.4818 1.16519 -48.4214 4.13295
0 0 881 13.1691 2.43898 -12.7415 -2.10716 -39.5818 4.96665
0 0 882 15.3574 0.668593 -14.2169 -0.286382 -43.6537 4.52845
0 0 883 16.2336 4.83052 -10.7767 2.00211 -32.9281 5.44915
0 0 884 16.947 4.22998 -5.98291 1.57602 0 0
0 0 885 17.168 2.94878 -11.1535 4.7428 -37.5955 5.58337
0 0 886 17.7663 0.147047 -11.1644 2.38201 -44.6227 5.77256
0 0 887 19.9874 -1.24282 -12.0959 4.42889 -47.9332 5.30005
0 0 888 22.8182 -2.08941 -18.7453 3.39793 -48.18 3.41679
0 0 889 19.6109 1.51597 -18.3584 -1.74916 -42.6397 3.49869
0 0 890 18.6164 2.24146 -20.4004 3.73108 -41.8649 3.14015
0 0 891 21.6925 1.62169 -20.1487 3.9109 -42.6992 3.18835
0 0 892 27.007 3.50758 -18.44 0.0854605 -39.615 3.4326
0 0 893 28.9061 4.4764 -18.2345 3.50274 -38.1036 3.43094
0 0 894 28.3077 1.63459 -24.2292 2.09713 -43.0702 2.65399
0 0 895 26.4694 2.33913 -23.0657 6.21923 -42.1047 2.7798
0 0 896 30.358 2.79158 -23.7799 5.08966 -41.6523 2.69156
0 0 897 32.5948 1.79635 -27.9822 1.9213 -43.1634 2.29853
0 0 898 35.8753 4.33939 -31.0715 4.45155 -41.0248 2.05404
0 0 899 38.2569 -1.50332 -29.075 4.50677 -46.4799 2.21377
0 0 900 42.3856 -2.94066 -30.6531 2.01674 -47.7399 2.09287
0 0 901 41.6134 0.143673 -29.9212 0.906283 -44.8624 2.15406
0 0 902 42.1721 1.65462 -35.8802 4.75494 -43.6798 1.79439
0 0 903 39.7487 -3.33374 -37.5966 5.35482 -47.5336 1.7075
0 0 904 42.2566 0.901842 -34.1737 0.886617 -44.2442 1.88537
0 0 905 41.2436 -2.63641 -31.3581 2.04159 -47.4029 2.04802
0 0 906 45.7001 -1.08129 -36.6745 1.0044 -45.8444 1.75665
0 0 907 40.5186 4.36874 -30.7858 2.70115 -40.9616 2.07245
0 0 908 38.198 -3.22208 -31.0605 4.85881 -47.9612 2.06379
0 0 909 45.5463 -3.28517 -27.4998 4.83167 -48.4062 2.3269
0 0 910 44.6501 -0.0405979 -27.8037 1.76509 -45.0418 2.31813
0 0 911 44.0913 -4.9098 -28.092 5.9204 -49.9569 2.25947
0 0 912 46.0947 -1.57692 -27.5416 5.00291 -46.6385 2.3363
0 0 913 46.8976 -0.343834 -24.4857 6.37197 -45.4023 2.632
0 0 914 46.5614 -3.92561 -31.0968 3.5609 -48.5974 2.05603
0 0 915 50.4355 -5.28117 -25.15 2.35498 -50.9295 2.50706
0 0 916 52.741 -2.93848 -23.4816 4.62192 -48.5665 2.72319
0 0 917 55.0724 -3.37852 -23.0877 0.262563 -49.1626 2.7617
0 0 918 62.1162 -5.0668 -20.8552 7.88894 -51.8277 3.00158
0 0 919 67.169 -4.167 -18.1849 4.72222 -51.4531 3.45317
0 0 920 80.3572 -6.5929 -18.1426 2.48454 -54.9854 3.33535
0 0 921 88.6139 -5.63119 -19.0699 -1.99279 -53.2257 3.23905
0 0 922 96.9902 -5.09122 -13.3971 5.31273 -55.404 4.49193
0 0 923 108.504 1.25213 -7.62912 -0.0895034 -40.3397 8.3347
0 0 924 132.166 -2.94748 1.25096 1.052 0 0
0 0 925 143.484 7.09321 7.12522 2.03128 22.5645 6.3812
0 0 926 170.569 6.04458 15.8093 -0.42534 34.538 3.80355
0 0 927 196.608 9.61718 26.0768 -1.04534 34.878 2.31641
0 0 928 229.238 15.9804 45.1864 -3.92976 35.2618 1.34338
0 0 929 264.608 20.5474 58.1959 -2.1168 35.2766 1.04326
0 0 930 292.97 29.5755 78.2091 -5.60706 34.6427 0.769944
0 0 931 330.689 37.8716 95.0081 -8.67693 34.1335 0.629376
0 0 932 356.16 43.9046 110.16 -12.5467 34.1351 0.542819
0 0 933 377.022 44.7348 124.143 -11.9676 35.0917 0.487921
0 0 934 393.043 51.9075 130.551 -20.3094 34.1585 0.458189
0 0 935 403.482 51.9017 135.689 -19.3534 34.534 0.443133
0 0 936 406.793 54.5341 139.613 -16.8198 34.332 0.429488
0 0 937 397.965 49.0857 133.751 -13.0599 34.9236 0.451888
0 0 938 391.47 45.3009 130.209 -14.2559 35.4084 0.467043
0 0 939 383.793 44.3602 113.605 -13.4127 34.3353 0.527834
0 0 940 361.098 43.056 112.514 -8.51083 34.5298 0.534378
0 0 941 337.628 42.2056 95.2157 -7.14608 33.047 0.617905
0 0 942 318.494 38.9454 86.2226 -9.93926 32.846 0.680181
0 0 943 302.105 29.5028 75.0101 -9.85888 34.2647 0.798639
0 0 944 279.43 22.7953 65.7073 -7.30269 35.4336 0.925806
0 0 945 264.242 21.3639 57.9644 -7.26183 34.8838 1.04218
0 0 946 251.543 22.8444 52.5806 -0.26249 33.2584 1.12262
0 0 947 240.09 20.1231 42.5901 1.91082 32.3551 1.36598
0 0 948 224.329 12.3273 34.1429 -1.24306 35.0739 1.77366
0 0 949 208.316 11.5684 31.9772 0.370981 35.0557 1.89334
0 0 950 204.62 15.676 22.2626 0.418179 27.4246 2.35992
0 0 951 186.846 13.8967 21.5423 2.42807 28.5872 2.50736
0 0 952 182.415 8.00007 14.0293 -2.62458 30.1532 3.98186
0 0 953 171.673 8.64285 14.8208 -1.47148 29.8756 3.7479
0 0 954 167.803 4.37332 11.7571 -0.305914 34.7981 5.13233
0 0 955 163.194 7.44762 8.71504 -1.98018 24.7419 5.60037
0 0 956 156.507 3.71947 11.2918 -0.770839 35.8842 5.41649
0 0 957 147.852 4.1854 3.79383 -3.66544 0 0
0 0 958 149.284 -0.0616455 4.26588 -0.60911 0 0
0 0 959 142.058 5.30691 2.66917 -2.34919 0 0
0 0 960 134.138 1.04924 -0.640931 -5.87037 0 0
0 0 961 128.637 1.11282 -2.23202 -0.489368 0 0
0 0 962 129.657 -1.86176 -1.74378 -3.68027 0 0
0 0 963 122.481 -1.53364 -6.20539 -8.26688 0 0
0 0 964 117.499 2.94819 -3.73303 -3.63489 0 0
0 0 965 112.271 -1.66645 -0.912514 -5.91586 0 0
0 0 966 113.037 -0.828506 -2.06285 -5.14384 0 0
0 0 967 104.148 -4.04217 -4.41762 -6.39186 0 0
0 0 968 101.887 -3.13599 -2.37237 -7.13296 0 0
0 0 969 99.7539 -6.3829 -4.67732 -6.82605 -71.8832 8.09598
0 0 970 94.5379 -5.26265 -0.601497 -3.7935 0 0
0 0 971 85.3382 -5.88142 -2.07088 -3.71256 0 0
0 0 972 79.8434 -7.64491 0.0928141 -2.85568 89.6522 8.35215
0 0 973 76.7491 -3.93904 -7.89127 -0.633608 -58.2634 7.29432
0 0 974 74.5269 -4.77094 -3.05444 -11.7426 0 0
0 0 975 70.1204 -6.39366 -3.07006 -5.72092 0 0
0 0 976 61.4897 -7.44328 -1.82836 -9.38446 -83.0996 8.3358
0 0 977 62.3186 -6.30265 -3.3428 -2.19728 0 0
0 0 978 58.0513 -7.54694 -5.78679 -9.53883 -71.26 6.7378
0 0 979 55.1844 -0.915779 -5.51947 -3.98564 0 0
0 0 980 54.9765 -3.16803 -4.79773 -5.97575 0 0
0 0 981 49.4638 -4.85886 -0.986332 -10.9052 0 0
0 0 982 44.8366 -7.30413 -1.26624 -8.81285 0 0
0 0 983 41.0592 -5.95411 2.13298 -5.55324 0 0
0 0 984 42.4532 -5.62132 -7.43188 -3.93706 -63.5515 6.8935
0 0 985 34.246 -7.50762 0.289277 -5.29461 88.8967 8.49931
0 0 986 34.2652 -6.26506 -0.915003 -6.70273 0 0
0 0 987 34.2594 -7.11227 -2.41385 -4.05889 -80.6266 8.51021
0 0 988 29.5812 -10.1542 1.05747 -4.39983 87.0273 6.25544
0 0 989 34.0179 -7.87545 -1.61561 -7.33825 -84.2035 7.94584
0 0 990 27.5689 -4.6337 -0.209003 -7.43266 0 0
0 0 991 30.2771 -10.0817 -0.0140674 -0.203084 -89.96 6.33386
0 0 992 24.1947 -6.57582 -1.87275 -6.46763 0 0
0 0 993 19.2492 -6.81644 -2.14248 -6.63225 0 0
0 0 994 22.1248 -9.0995 -0.144227 0.696759 -89.546 7.01666
0 0 995 20.5237 -8.61406 -5.65028 -2.5771 -73.3688 6.216
0 0 996 18.0367 -3.44401 1.16327 -0.0309821 0 0
0 0 997 18.1611 -3.52588 -6.52499 -3.05578 0 0
0 0 998 17.4362 -9.28297 -1.40184 -0.139531 -85.7063 6.80314
0 0 999 16.8272 -4.83354 -1.88285 1.92361 0 0
0 0 1000 17.1487 -8.33124 -0.00460149 -1.15672 -89.9842 7.66465
0 0 1001 12.7284 -1.65868 -0.416222 1.75028 0 0
0 0 1002 16.3184 -5.86091 0.406574 -1.60236 0 0
0 0 1003 13.2837 -0.823009 -4.24996 -2.00659 0 0
0 0 1004 11.3166 -4.81385 -4.20046 -4.07308 0 0
0 0 1005 11.8517 0.406838 -1.31534 0.153372 0 0
0 0 1006 7.95082 1.02831 2.21192 -0.391586 0 0
0 0 1007 10.7028 -2.07744 -0.450452 -2.84847 0 0
0 0 1008 11.0339 0.141925 -0.989179 -3.2369 0 0
0 0 1009 11.1347 -1.84631 -3.28073 -2.73037 0 0
0 0 1010 11.4226 0.430479 -2.78247 -0.00104776 0 0
0 0 1011 10.084 -4.23112 -4.18694 -1.77392 0 0
0 0 1012 7.85792 -3.5369 0.292254 0.0884792 0 0
0 0 1013 3.83196 -1.71686 -0.788574 1.23255 0 0
0 0 1014 2.00698 -1.31363 2.17788 -6.25485 0 0
0 0 1015 6.5872 -0.00986314 -5.03469 1.75344 0 0
0 0 1016 4.97104 2.11285 0.792132 -1.234 0 0
0 0 1017 5.14059 1.50572 4.30804 -0.302919 0 0
0 0 1018 4.51474 -4.905 -2.22791 -1.81642 0 0
0 0 1019 4.78799 -1.65877 -0.297535 3.23507 0 0
0 0 1020 8.378 2.37887 -1.32175 1.07398 0 0
0 0 1021 5.02384 -1.50594 -0.397865 1.95858 0 0
0 0 1022 3.58442 -0.181319 -2.81672 -2.77534 0 0
0 0 1023 5.71257 -1.1452 -4.34632 0.516536 0 0
