# File: uwl_210713_100730_b4.rf.sbF2.RMC_aux Src: J1713+0747 Nsub: 1 Nch: 1 Npol: 4 Nbin: 1024 RMS: 0.667411
0 0 0 27.7808 0.132613 -23.7191 0.737787 -44.8398 0.790204
0 0 1 27.3018 0.208646 -24.0232 -1.00486 -44.7512 0.780186
0 0 2 27.243 -0.428523 -23.8073 -1.22072 -45.5156 0.787171
0 0 3 26.9724 -2.49209 -23.5439 0.0316738 -48.0211 0.792033
0 0 4 27.4712 0.847985 -24.1894 -0.4647 -43.9961 0.774416
0 0 5 27.5368 -1.72339 -23.9481 -0.945282 -47.0581 0.780804
0 0 6 26.8994 -0.199905 -21.9327 -1.52464 -45.2611 0.854545
0 0 7 26.5348 -2.03108 -21.8609 -1.86987 -47.654 0.854006
0 0 8 25.2489 -1.0337 -19.1664 -1.62478 -46.5436 0.976616
0 0 9 24.3909 -2.47334 -18.1375 -0.3956 -48.8827 1.02468
0 0 10 25.1747 -1.18182 -17.1366 0.0304235 -46.9726 1.09137
0 0 11 25.6066 -2.09732 -16.6007 -1.38528 -48.6003 1.12087
0 0 12 27.9429 -2.4652 -16.1701 -0.694159 -49.3341 1.14695
0 0 13 27.529 -1.60622 -16.6657 -0.0798164 -47.7525 1.11989
0 0 14 29.624 -2.94778 -15.5257 -0.599184 -50.3753 1.18774
0 0 15 30.8188 -2.45486 -15.0696 -0.367738 -49.6262 1.22889
0 0 16 32.9546 -2.97078 -12.779 -0.886747 -51.5437 1.43161
0 0 17 36.8175 -2.45995 -13.2736 -0.987137 -50.2497 1.39031
0 0 18 40.3018 -1.86061 -12.1842 -1.10929 -49.3412 1.52211
0 0 19 46.3488 -2.93997 -13.8388 -1.47288 -50.9969 1.32717
0 0 20 50.5136 -2.31828 -12.5708 -0.152063 -50.2245 1.46826
0 0 21 55.5507 -1.52473 -10.1424 -0.942321 -49.2747 1.82912
0 0 22 62.6639 -1.15662 -6.63608 -0.484813 -49.9435 2.78584
0 0 23 69.6553 -1.17195 -2.51813 -0.595779 -57.4788 6.79715
0 0 24 79.078 1.02942 1.27152 -0.131352 0 0
0 0 25 88.5481 0.910858 7.81639 0.607111 41.6766 2.38312
0 0 26 102.248 2.98406 14.2518 0.713904 39.0871 1.28943
0 0 27 116.761 5.44395 25.3094 2.14299 38.9304 0.72531
0 0 28 130.253 8.07419 33.7303 1.78521 38.2691 0.541606
0 0 29 144.682 11.2762 44.4535 1.93213 37.8832 0.4097
0 0 30 156.651 14.2343 54.404 3.07317 37.6689 0.334171
0 0 31 165.008 16.9288 61.2971 1.22049 37.2806 0.295594
0 0 32 171.42 17.4271 65.354 2.19787 37.5345 0.277862
0 0 33 173.438 19.3872 65.6604 2.52567 36.775 0.274667
0 0 34 169.884 18.085 63.5875 2.73378 37.0618 0.284384
0 0 35 163.666 16.3568 60.2985 3.06774 37.4115 0.300837
0 0 36 151.97 15.2549 54.4296 2.93732 37.1717 0.332565
0 0 37 139.535 13.8561 47.7485 2.54667 36.9089 0.378182
0 0 38 126.706 11.5076 39.978 2.01748 36.9708 0.451949
0 0 39 112.545 9.87446 33.1194 2.00967 36.6991 0.544141
0 0 40 100.984 9.98894 28.7826 2.66349 35.4304 0.617898
0 0 41 87.6752 6.29612 21.9348 0.799018 36.9923 0.823881
0 0 42 79.3435 6.45409 17.7143 1.2053 34.9906 0.998899
0 0 43 68.9869 4.53598 13.6157 0.343236 35.7874 1.31134
0 0 44 63.0912 3.4483 9.85051 2.17014 35.3534 1.80389
0 0 45 57.6576 2.09377 8.23901 0.817828 37.8707 2.21031
0 0 46 52.9472 2.45632 5.19814 0.985006 32.3537 3.28431
0 0 47 48.9745 0.90131 4.32319 0.949556 39.1118 4.25146
0 0 48 47.0386 0.0483761 3.4273 -1.17616 44.5957 5.46829
0 0 49 43.1803 -0.495661 0.867782 0.400491 0 0
0 0 50 43.3423 -0.00257683 0.555037 -0.293153 0 0
0 0 51 40.4165 -0.904007 -0.773719 -1.90364 0 0
0 0 52 40.2173 -0.442736 -1.87661 -1.11459 0 0
0 0 53 40.4712 -0.2124 -3.11409 -1.74183 -46.9509 6.00603
0 0 54 37.4048 -1.46621 -4.29043 -2.39315 -54.4337 4.1515
0 0 55 37.7598 -2.80733 -2.44754 -0.716419 -69.4584 5.14792
0 0 56 36.9134 -3.02106 -3.17129 -2.59987 -66.8051 4.36169
0 0 57 35.7724 -0.504833 -4.53986 -2.26832 -48.1726 4.10534
0 0 58 35.5664 -1.69483 -3.79499 -2.52011 -57.0327 4.54017
0 0 59 34.8374 -2.71882 -2.75795 -1.69581 -67.2953 4.93621
0 0 60 34.2934 -1.28925 -4.15748 -3.04374 -53.6144 4.32142
0 0 61 32.7704 -2.01334 -3.98747 -2.90003 -58.395 4.23066
0 0 62 32.3524 -2.58592 -3.6864 -3.84665 -62.5244 4.21812
0 0 63 32.7491 -1.3987 -3.61002 -3.75712 -55.5894 4.86706
0 0 64 32.7315 -3.36324 -2.3563 -4.08164 -72.4924 4.68762
0 0 65 31.5312 -3.49302 -2.09198 -2.76993 -74.5413 4.73981
0 0 66 31.0392 -2.92986 -3.79533 -3.63414 -63.8335 3.96837
0 0 67 30.8127 -2.96219 -2.71164 -3.44819 -68.7642 4.76981
0 0 68 29.4943 -2.5051 -3.81065 -4.11589 -61.6604 4.1604
0 0 69 29.6736 -2.5872 -2.7529 -4.64831 -66.6114 5.0555
0 0 70 28.8641 -3.31243 -2.42402 -3.82661 -71.9018 4.68623
0 0 71 26.6779 -4.28143 -3.44415 -4.41207 -70.5927 3.49464
0 0 72 27.1951 -3.95501 -1.96826 -4.27245 -76.7711 4.37942
0 0 73 26.3692 -3.88271 -1.21207 -3.99465 -81.3316 4.77645
0 0 74 25.606 -5.24652 -1.49127 -3.444 -82.0664 3.56387
0 0 75 25.9335 -4.7662 -2.73969 -3.71709 -75.0545 3.5125
0 0 76 23.8011 -3.77326 -1.91345 -4.69896 -76.555 4.57196
0 0 77 24.23 -4.98177 -2.52864 -5.25831 -76.5443 3.46216
0 0 78 24.5101 -3.99912 -1.43588 -3.32824 -80.1247 4.56791
0 0 79 22.8557 -4.12762 -3.19122 -4.25363 -71.1455 3.68313
0 0 80 22.2525 -5.5536 -2.32859 -3.90792 -78.626 3.21874
0 0 81 21.2106 -5.77983 -0.627016 -4.15752 -86.9043 3.35156
0 0 82 22.5075 -5.43189 -3.06743 -4.39057 -75.2731 3.09625
0 0 83 19.595 -5.19125 -1.18706 -2.34814 -83.5599 3.65374
0 0 84 18.5042 -4.57836 -1.22791 -4.15358 -82.4933 4.10201
0 0 85 18.9648 -4.21676 -1.1376 -2.64456 -82.4511 4.45188
0 0 86 17.0363 -5.78857 -1.20263 -3.9207 -84.1316 3.29205
0 0 87 15.8913 -4.89241 -1.20566 -2.71847 -83.0781 3.86036
0 0 88 15.6102 -4.95656 0.157266 -4.53158 89.0913 3.93078
0 0 89 15.3736 -5.04572 -1.34339 -1.19563 -82.5456 3.72401
0 0 90 13.8724 -4.90014 -0.411996 -1.27528 -87.597 3.96315
0 0 91 13.1173 -3.57768 -1.17978 -1.4532 -80.8747 5.1554
0 0 92 12.6969 -3.95992 -2.03137 -2.88524 -76.4215 4.34547
0 0 93 12.7923 -4.77705 -0.698933 -1.45384 -85.838 4.03451
0 0 94 11.9887 -2.582 -1.12889 -1.16557 -78.1921 6.87552
0 0 95 11.2846 -3.81627 -1.85686 -1.4965 -77.0271 4.55987
0 0 96 10.8483 -3.66511 -0.493608 -1.57998 -86.1649 5.26758
0 0 97 9.0788 -3.18569 0.111795 -0.946548 88.9951 6.11508
0 0 98 9.36392 -3.4666 -0.609371 -1.14736 -85.0151 5.5321
0 0 99 9.52513 -3.52509 -1.73074 -1.46219 -76.925 4.92741
0 0 100 8.96696 -3.52122 -1.97612 -0.534177 -75.3494 4.78391
0 0 101 8.7663 -2.99873 -1.08478 -0.494471 -80.0563 6.0862
0 0 102 7.39135 -1.85874 -2.13375 -1.4884 -65.5298 6.7392
0 0 103 7.74142 -3.91052 -1.21172 -0.774937 -81.3919 4.74581
0 0 104 7.05516 -2.28976 -0.445666 -1.26149 -84.493 8.34507
0 0 105 7.15977 -2.76063 -0.876772 -0.484486 -81.1901 6.70671
0 0 106 6.45748 -2.56078 -0.858207 -1.11711 -80.7361 7.19027
0 0 107 6.19303 -1.85557 0.866673 0.061595 0 0
0 0 108 4.78759 -1.66114 -1.51144 -1.87291 -68.8508 8.53012
0 0 109 3.47794 -2.59078 -0.739788 -0.266971 -82.0317 7.21445
0 0 110 4.88561 -1.68874 -0.796566 -1.58173 0 0
0 0 111 5.36842 -1.82195 -0.256918 -0.298759 0 0
0 0 112 3.83714 -0.682128 -1.59007 -0.0814945 0 0
0 0 113 4.58684 -1.20723 -0.238083 -0.155626 0 0
0 0 114 4.53556 -0.778918 -0.336425 -1.07143 0 0
0 0 115 3.45647 -1.03265 -0.689853 -0.169144 0 0
0 0 116 2.4932 -0.840993 -0.295401 0.0910676 0 0
0 0 117 3.31725 -1.05552 0.532478 1.11952 0 0
0 0 118 2.59212 -1.20081 -2.15107 -0.049889 -59.586 7.6817
0 0 119 3.16826 0.072542 0.117459 -1.02633 0 0
0 0 120 2.41422 -0.0049901 -0.393134 0.357785 0 0
0 0 121 1.80385 0.266867 -1.377 0.450017 0 0
0 0 122 2.01004 -0.819905 1.27845 0.575761 0 0
0 0 123 3.09437 -0.213133 0.21263 -0.00686126 0 0
0 0 124 3.27376 -0.257723 -0.557496 -1.00861 0 0
0 0 125 1.61895 -0.145865 1.30886 0.0842053 0 0
0 0 126 1.87755 -0.858879 1.07518 1.13297 0 0
0 0 127 0.906809 -0.299672 -1.00725 -0.868833 0 0
0 0 128 2.74575 1.58751 0.707643 1.49755 0 0
0 0 129 2.50669 -0.500312 0.583022 1.12363 0 0
0 0 130 0.921646 -0.256815 0.12844 0.986338 0 0
0 0 131 3.10619 0.0450624 -0.311593 -1.00309 0 0
0 0 132 1.83251 -0.546927 0.270235 0.0380099 0 0
0 0 133 1.47909 1.34726 1.90567 -1.01617 27.3703 8.13972
0 0 134 1.96231 0.8744 0.0789282 -1.08259 0 0
0 0 135 2.02736 0.759178 0.362775 -0.91158 0 0
0 0 136 1.79979 -0.266952 0.955441 -1.09838 0 0
0 0 137 2.258 -0.351364 1.2097 0.310584 0 0
0 0 138 3.19328 -0.206097 1.05139 -0.691908 0 0
0 0 139 1.9913 -0.691123 0.880787 0.240359 0 0
0 0 140 1.53004 -0.128462 0.803976 0.752122 0 0
0 0 141 2.56268 0.695094 2.05402 -0.0610031 0 0
0 0 142 2.25709 0.585341 1.30195 0.31657 0 0
0 0 143 2.95041 -1.2902 1.8071 0.946425 0 0
0 0 144 1.6267 -0.461619 1.8288 0.907381 0 0
0 0 145 1.91191 -0.986825 1.56425 -0.0794877 0 0
0 0 146 2.60752 -0.0323792 2.912 -0.796783 45.3185 6.43618
0 0 147 1.97757 -0.143688 2.61002 -0.54311 46.5755 7.17126
0 0 148 2.75798 0.43893 1.65017 -0.480139 0 0
0 0 149 1.70265 -0.717354 1.011 -0.450844 0 0
0 0 150 1.80817 0.451469 2.13157 -0.25433 0 0
0 0 151 2.88093 -0.762926 1.9677 0.182661 0 0
0 0 152 3.60662 -1.58264 1.36491 0.920709 0 0
0 0 153 4.68336 -0.498372 3.63337 0.340503 48.9051 5.11463
0 0 154 2.56464 -0.53518 2.72595 -1.0304 50.5537 6.75726
0 0 155 3.36841 -0.755919 2.28181 0.484186 54.1645 7.82886
0 0 156 2.27957 0.0524297 4.03944 0.476804 44.6282 4.63969
0 0 157 3.70157 -1.79602 3.82499 -1.26538 57.5762 4.46817
0 0 158 4.42568 -1.75461 2.68368 -0.715597 61.5885 5.91668
0 0 159 4.42 -0.584037 2.80084 -1.05026 50.8893 6.56222
0 0 160 4.93452 -2.01765 4.02659 -0.943215 58.3073 4.1956
0 0 161 1.9015 -1.49287 1.8673 0.24464 64.3209 7.96391
0 0 162 3.93131 -1.19091 4.03767 -0.143237 53.2167 4.46698
0 0 163 4.84864 -0.632052 4.09789 -0.323039 49.3841 4.52471
0 0 164 3.25621 -0.0348432 3.08402 0.4314 45.3236 6.07717
0 0 165 4.31285 -1.08938 3.45428 0.124386 53.7519 5.19392
0 0 166 3.3539 -0.731851 2.28941 0.708257 53.8637 7.82763
0 0 167 4.39747 -1.3418 2.49375 0.360906 59.1416 6.6792
0 0 168 2.96379 -0.836041 3.3561 -0.409775 51.9941 5.43211
0 0 169 3.135 -2.51801 2.21601 -0.277902 69.3251 5.71504
0 0 170 3.77114 -0.6741 3.17838 0.111382 50.9872 5.77891
0 0 171 5.41023 -1.56918 2.68405 -0.0990467 60.1559 6.09092
0 0 172 3.81419 -1.10239 2.54764 0.51762 56.6993 6.79543
0 0 173 4.73698 -1.59756 3.27764 -0.823978 57.9926 5.18056
0 0 174 4.99606 -1.03602 3.75652 0.314181 52.7092 4.8238
0 0 175 3.21336 -1.54265 2.21598 0.895226 62.4218 7.0337
0 0 176 3.13652 -2.09641 2.78205 -0.537209 63.4999 5.45959
0 0 177 2.90964 -1.62761 2.24878 0.483225 62.9481 6.84604
0 0 178 2.86613 -1.47788 2.26855 -0.93792 61.5414 7.00648
0 0 179 2.76287 -1.45268 1.66807 -1.24312 0 0
0 0 180 2.21744 -0.990491 2.49634 -0.79062 55.821 7.01765
0 0 181 2.76823 -0.819617 1.84672 0.96733 0 0
0 0 182 2.13879 -1.52537 1.98595 -0.592451 63.7635 7.59745
0 0 183 2.82321 -1.0755 1.98198 0.464268 59.243 8.38877
0 0 184 2.02544 -1.1339 1.33561 -0.529256 0 0
0 0 185 1.18087 -1.89276 0.590381 -0.211861 0 0
0 0 186 2.31519 -0.670658 2.23139 0.0853893 53.3642 8.07146
0 0 187 1.58985 -1.72803 0.0927945 -0.918789 0 0
0 0 188 2.55852 -0.89326 0.123758 -0.56855 0 0
0 0 189 1.39273 -0.924347 0.00324033 0.647447 0 0
0 0 190 0.496582 -0.491876 0.409276 -0.732503 0 0
0 0 191 1.06666 -0.614347 -0.333701 -0.80043 0 0
0 0 192 1.14099 -0.384708 0.473626 -0.712127 0 0
0 0 193 -0.229815 -0.144717 0.866398 -0.150683 0 0
0 0 194 2.07306 -1.86662 0.636539 0.338826 0 0
0 0 195 1.38439 0.951469 0.549804 0.432823 0 0
0 0 196 0.912209 0.573415 -0.139965 -0.7427 0 0
0 0 197 1.22455 -0.238233 -0.489807 0.114164 0 0
0 0 198 0.419346 0.195072 -0.10416 0.0401633 0 0
0 0 199 1.94097 0.0193041 1.34808 0.123503 0 0
0 0 200 0.624554 -0.931566 -0.0218647 -0.645571 0 0
0 0 201 0.994391 0.360065 -0.907637 1.31625 0 0
0 0 202 0.58194 0.62066 -0.727737 0.540481 0 0
0 0 203 1.07474 -0.222607 -0.653149 0.693631 0 0
0 0 204 1.35552 0.661003 0.057391 -0.418072 0 0
0 0 205 1.08305 0.634452 -0.211334 0.157889 0 0
0 0 206 0.392825 -1.20924 -0.344887 0.577015 0 0
0 0 207 -0.239842 -0.573726 -0.534992 -0.489037 0 0
0 0 208 0.6413 -0.040829 -0.246638 0.0520873 0 0
0 0 209 0.884122 -1.06244 0.97934 -0.873852 0 0
0 0 210 -0.539172 0.133571 1.86491 -0.536505 0 0
0 0 211 0.197564 -1.23641 0.121148 -0.360369 0 0
0 0 212 -0.968522 -0.0968841 -0.00610414 0.870785 0 0
0 0 213 0.645064 0.0215594 0.204198 -0.807457 0 0
0 0 214 0.915526 -0.821195 -0.0920435 0.163821 0 0
0 0 215 -0.318928 0.112932 0.25147 0.166224 0 0
0 0 216 0.377017 0.479152 0.101031 0.412552 0 0
0 0 217 0.903285 -0.201748 0.861365 0.861992 0 0
0 0 218 1.38593 -0.753259 0.221369 0.188621 0 0
0 0 219 -0.285639 -0.573664 0.510709 -0.699101 0 0
0 0 220 0.0948091 0.239307 -0.295014 -0.412298 0 0
0 0 221 0.224774 -1.04227 -0.507662 0.166042 0 0
0 0 222 -0.454622 -0.494567 -0.361246 -0.384696 0 0
0 0 223 1.13413 -0.840047 0.434787 -0.5029 0 0
0 0 224 1.11733 -1.13587 -0.871798 -0.0525223 0 0
0 0 225 0.503184 0.507649 0.400039 1.07083 0 0
0 0 226 -0.986931 1.08651 0.854352 0.270418 0 0
0 0 227 -0.484544 0.142799 1.53703 0.249186 0 0
0 0 228 0.503065 -0.348933 1.11916 -0.455057 0 0
0 0 229 0.341446 -0.265345 0.359166 0.296832 0 0
0 0 230 0.016431 -0.164193 0.430599 0.356591 0 0
0 0 231 0.277005 0.0474882 0.455356 0.771919 0 0
0 0 232 -0.0989613 -0.40734 -0.797748 -0.503411 0 0
0 0 233 -0.636911 0.655271 -0.0142702 -0.765799 0 0
0 0 234 0.0473554 1.44849 1.49093 0.347174 0 0
0 0 235 -0.131242 0.134811 -0.697007 -0.96424 0 0
0 0 236 0.258724 -0.221735 -0.558179 -0.933546 0 0
0 0 237 0.616065 -1.69498 0.589724 0.167158 0 0
0 0 238 0.508132 1.42849 1.26431 0.0346284 0 0
0 0 239 0.843179 -0.136496 0.459751 0.143467 0 0
0 0 240 0.0210003 0.990193 0.243571 -0.617118 0 0
0 0 241 -0.187509 -0.880304 -0.453312 1.05384 0 0
0 0 242 -0.888473 -0.356077 0.747539 -0.541233 0 0
0 0 243 -0.462328 -0.581268 -0.210629 0.342155 0 0
0 0 244 -0.532018 0.530707 0.962038 -0.363115 0 0
0 0 245 -1.20446 -0.446147 0.0395081 -0.108866 0 0
0 0 246 -0.995254 0.314084 -1.05278 1.46293 0 0
0 0 247 -0.292313 -0.892829 -0.477342 -0.0506708 0 0
0 0 248 0.308773 -0.0607466 -0.608701 0.517569 0 0
0 0 249 0.631776 -0.27815 1.40386 1.32963 0 0
0 0 250 -1.11241 6.30021e-05 0.684691 -0.0172295 0 0
0 0 251 0.428231 -0.79991 -1.05378 0.229566 0 0
0 0 252 -0.395568 -0.719281 -1.74314 0.538815 0 0
0 0 253 1.02114 0.179053 -0.392567 0.359411 0 0
0 0 254 0.806535 -0.174682 -0.615201 0.232298 0 0
0 0 255 0.0295639 -0.137846 -0.0957886 -1.21255 0 0
0 0 256 -0.74734 0.94878 0.0362593 1.03126 0 0
0 0 257 -0.393698 0.104258 -0.425892 1.37071 0 0
0 0 258 0.872888 0.0158806 0.722112 0.0849736 0 0
0 0 259 0.22739 0.133549 0.703247 1.01742 0 0
0 0 260 0.298806 -1.26531 1.587 0.649875 0 0
0 0 261 -0.392973 -1.14719 1.47806 -0.915998 0 0
0 0 262 -0.399432 0.580441 0.29721 -0.157438 0 0
0 0 263 1.33592 -0.242151 -0.0451574 -0.301916 0 0
0 0 264 -0.228991 0.502178 0.488587 0.109643 0 0
0 0 265 -0.149716 1.3174 1.01978 -0.727731 0 0
0 0 266 0.0939879 -1.12584 -0.540875 -0.91155 0 0
0 0 267 -0.244416 0.104532 0.374919 -0.844913 0 0
0 0 268 0.263752 0.0572885 -1.79743 0.228488 0 0
0 0 269 0.26016 0.727062 -0.251059 0.615961 0 0
0 0 270 0.808485 0.136728 0.354699 0.200089 0 0
0 0 271 -0.64482 0.167473 -0.142204 0.685762 0 0
0 0 272 0.581569 -0.25862 -1.53092 0.132058 0 0
0 0 273 -0.531442 -0.35019 -0.633461 -0.360696 0 0
0 0 274 0.825333 1.22217 0.495165 -0.0802324 0 0
0 0 275 -0.310534 -0.395032 -0.669426 0.685235 0 0
0 0 276 -1.13779 0.117182 -0.249701 -0.124191 0 0
0 0 277 -0.376782 -0.689088 -0.191499 0.329186 0 0
0 0 278 -0.614684 0.159912 -0.587755 0.109269 0 0
0 0 279 -0.494227 0.307056 -0.326505 -0.191673 0 0
0 0 280 -0.832213 -0.0224076 0.420749 -1.3767 0 0
0 0 281 0.614809 0.835346 -1.01097 -0.229319 0 0
0 0 282 -1.33657 1.12004 2.18312 1.02106 31.42 7.70359
0 0 283 0.147434 -0.594441 -1.20276 -0.325918 0 0
0 0 284 0.377815 -0.387876 0.214662 0.767217 0 0
0 0 285 0.719879 -0.28093 0.803249 -0.57962 0 0
0 0 286 -0.972622 -1.46408 -0.514676 1.06354 0 0
0 0 287 -0.478408 0.706479 0.368731 -1.20888 0 0
0 0 288 -1.97948 0.187164 -2.17887 -0.690557 0 0
0 0 289 -0.233856 -0.612864 -0.940548 -0.407192 0 0
0 0 290 0.138913 1.56973 -0.822125 0.246223 0 0
0 0 291 -0.347706 1.00049 -0.033141 -0.224579 0 0
0 0 292 0.411665 -0.768862 0.590051 0.18158 0 0
0 0 293 0.62205 0.255507 -0.908185 -0.00896881 0 0
0 0 294 0.197064 -1.1337 0.483789 -0.168107 0 0
0 0 295 0.637557 0.160245 -0.229838 -0.439016 0 0
0 0 296 0.37682 0.018541 -0.178951 -0.294301 0 0
0 0 297 0.658957 -0.76433 -0.376956 -0.233973 0 0
0 0 298 0.336524 -0.686665 -0.00489501 -0.832664 0 0
0 0 299 0.171899 0.899639 0.567477 -0.881191 0 0
0 0 300 -0.324328 0.757813 -0.0475205 -0.015404 0 0
0 0 301 0.467878 -0.984888 -0.980795 -0.879116 0 0
0 0 302 -0.324266 -0.132485 0.160807 0.487439 0 0
0 0 303 0.248389 0.661029 0.65028 -0.654691 0 0
0 0 304 0.131698 0.313432 0.750931 -0.679903 0 0
0 0 305 1.32403 0.309281 -0.172944 -1.07589 0 0
0 0 306 0.366345 -0.361034 -0.445218 0.0244754 0 0
0 0 307 -0.978221 -0.660631 -0.706991 0.0783469 0 0
0 0 308 -0.324899 0.77469 -0.523748 -0.3212 0 0
0 0 309 0.907265 0.936336 -1.34923 -0.276661 0 0
0 0 310 -0.203506 0.541741 -1.20098 0.858028 0 0
0 0 311 0.504603 -0.423544 -0.0669537 0.289649 0 0
0 0 312 0.535944 -0.230727 -1.3132 -0.519712 0 0
0 0 313 1.08843 -0.873764 0.527957 -0.494492 0 0
0 0 314 0.209221 -0.521245 0.123749 -1.77378 0 0
0 0 315 -0.239857 -0.167186 -1.48343 -0.536414 0 0
0 0 316 -0.385341 0.0888856 0.444049 0.164062 0 0
0 0 317 -1.00312 1.42654 -1.09563 0.816281 0 0
0 0 318 0.574649 0.386369 -1.08915 -0.28398 0 0
0 0 319 -0.7138 -0.34038 0.444564 1.29243 0 0
0 0 320 0.0629025 -0.652835 1.58305 0.462569 0 0
0 0 321 0.151614 -0.00956502 -0.985275 0.906301 0 0
0 0 322 -0.103235 0.648894 -1.26041 0.193406 0 0
0 0 323 -0.134609 1.073 0.706387 -1.07976 0 0
0 0 324 -0.856093 0.565359 -0.0635353 0.711796 0 0
0 0 325 0.507668 0.107591 -1.03171 0.191652 0 0
0 0 326 -0.0764771 -1.07207 -0.54787 1.1667 0 0
0 0 327 0.807101 -0.626395 0.383848 -0.14615 0 0
0 0 328 0.232459 -0.320702 0.850552 1.37293 0 0
0 0 329 -0.39853 -0.674209 -0.698031 0.357545 0 0
0 0 330 -0.417761 -0.736552 -0.0897937 0.612463 0 0
0 0 331 0.503092 0.0612013 -0.0430761 0.775298 0 0
0 0 332 0.61171 -0.0239549 -0.854565 0.582162 0 0
0 0 333 -0.34 0.415273 -0.649675 0.505921 0 0
0 0 334 0.269804 0.109783 -0.0438758 -0.263438 0 0
0 0 335 1.32407 0.33685 0.469303 -0.747079 0 0
0 0 336 0.0824092 -0.319872 -1.42106 1.10116 0 0
0 0 337 0.549948 -0.368292 -0.0270106 -0.0202636 0 0
0 0 338 -0.09644 -1.00084 0.317746 0.715276 0 0
0 0 339 -0.130194 -0.519175 -0.182944 1.49582 0 0
0 0 340 -0.0216716 -0.644625 0.499094 -0.323198 0 0
0 0 341 0.0713338 0.783479 -0.419254 0.514317 0 0
0 0 342 -0.201366 -0.1428 -1.40414 -0.347797 0 0
0 0 343 -0.0609787 0.489536 -0.111295 0.878065 0 0
0 0 344 -0.244774 0.629031 -0.171128 0.29435 0 0
0 0 345 0.889364 1.06583 -1.25616 0.409246 0 0
0 0 346 -0.365922 -0.296898 0.292329 -0.495129 0 0
0 0 347 -0.374835 -0.362681 0.0756956 0.861441 0 0
0 0 348 -0.516896 0.0400967 -0.104491 0.38618 0 0
0 0 349 -0.4304 -0.956048 -1.40236 1.10297 0 0
0 0 350 0.0917104 -0.142756 -0.183161 0.937729 0 0
0 0 351 0.67903 0.383326 -0.31909 -0.502971 0 0
0 0 352 1.18875 0.116247 0.317714 -0.62697 0 0
0 0 353 0.383069 -0.391002 -0.249712 -0.587268 0 0
0 0 354 0.552648 1.74778 -0.159268 -0.382175 0 0
0 0 355 -0.076601 0.246777 -0.485889 -0.875004 0 0
0 0 356 0.189373 0.70307 0.353909 1.10377 0 0
0 0 357 -0.543268 0.333048 -0.940203 0.030651 0 0
0 0 358 0.623403 0.858743 -0.68214 -0.523258 0 0
0 0 359 0.14618 0.776269 1.0624 0.0669095 0 0
0 0 360 -0.24488 -0.124723 0.183977 0.748517 0 0
0 0 361 -1.20519 0.618056 -0.141481 -0.863109 0 0
0 0 362 0.588339 0.209845 0.973894 -1.85994 0 0
0 0 363 -0.372884 0.257405 0.136586 0.748458 0 0
0 0 364 0.27521 -1.47415 -0.664124 1.42926 0 0
0 0 365 -1.13917 -0.170746 -0.538996 0.560863 0 0
0 0 366 -0.244995 0.0364281 0.409408 -0.641166 0 0
0 0 367 1.05717 0.542776 0.0329461 0.770783 0 0
0 0 368 -0.0320891 -0.0302594 0.123974 -0.629052 0 0
0 0 369 -0.282299 -0.046635 -0.934254 -0.442283 0 0
0 0 370 0.446237 0.405017 0.0627306 0.31566 0 0
0 0 371 -0.478472 1.20554 0.776953 0.108901 0 0
0 0 372 0.127616 -1.31782 -0.397411 -0.742034 0 0
0 0 373 -0.742769 0.253022 0.122801 0.233278 0 0
0 0 374 0.365896 0.66369 1.07856 0.525208 0 0
0 0 375 -0.745 0.202997 -0.230102 -0.0775457 0 0
0 0 376 0.496832 -0.0177368 -0.670776 -0.448392 0 0
0 0 377 -0.0053376 0.565287 -0.642195 -0.106699 0 0
0 0 378 -0.0825254 -1.02379 0.170154 -0.348529 0 0
0 0 379 -0.321946 -0.585396 0.122121 0.0417893 0 0
0 0 380 0.335878 1.19201 -0.26928 -0.605217 0 0
0 0 381 1.68073 0.696622 0.127914 -0.467935 0 0
0 0 382 0.173315 -0.543334 -0.694467 0.318971 0 0
0 0 383 0.61432 0.322838 -0.0452277 -0.55486 0 0
0 0 384 -0.551024 -0.0288311 -1.59691 0.572187 0 0
0 0 385 0.425665 0.257436 -0.749384 0.585744 0 0
0 0 386 -0.663255 -0.27581 0.683877 0.99646 0 0
0 0 387 1.4061 -0.921264 0.684349 0.037305 0 0
0 0 388 0.0219767 -0.210437 -0.0500887 -0.623444 0 0
0 0 389 0.610812 -0.378269 -0.750547 0.186379 0 0
0 0 390 -0.815606 0.781122 -0.649926 0.379399 0 0
0 0 391 0.446763 -0.360119 -1.51177 0.592279 0 0
0 0 392 0.854686 1.02529 -0.0895055 -0.427369 0 0
0 0 393 0.885131 1.19362 -0.619833 0.310632 0 0
0 0 394 -0.455691 -0.855832 -1.60875 -0.854234 0 0
0 0 395 -1.52215 -0.532149 -0.488051 -0.520527 0 0
0 0 396 0.82774 -0.936662 -0.798901 0.527711 0 0
0 0 397 -0.395347 1.99829 0.605015 -0.227739 0 0
0 0 398 0.243579 0.0273582 -1.54725 0.163226 0 0
0 0 399 0.741878 0.124816 -0.0155147 0.117878 0 0
0 0 400 -0.232788 -0.231933 -1.02352 -0.0256925 0 0
0 0 401 -0.0972691 -0.0362427 0.268043 0.156347 0 0
0 0 402 0.00722648 -0.368632 -1.3383 0.536152 0 0
0 0 403 -0.438939 -0.0428128 -1.60482 0.0675334 0 0
0 0 404 -0.315643 0.523647 -0.671596 0.958127 0 0
0 0 405 1.54117 -0.502558 -0.0756616 0.99654 0 0
0 0 406 0.200781 -0.90993 -0.660995 0.246536 0 0
0 0 407 -0.298248 -0.332394 0.00467708 0.162885 0 0
0 0 408 -0.298514 0.745955 0.980103 0.657399 0 0
0 0 409 -0.269634 -0.0918626 -0.464073 -0.7566 0 0
0 0 410 0.166876 0.383969 -0.863536 -0.800053 0 0
0 0 411 0.439027 -0.452399 0.145696 0.457 0 0
0 0 412 0.770208 1.012 0.203571 1.28871 0 0
0 0 413 0.65707 -0.785395 1.03532 -0.343262 0 0
0 0 414 0.300344 0.0840001 -0.689736 -1.10837 0 0
0 0 415 0.722784 -1.01546 0.221669 -1.47232 0 0
0 0 416 -0.903362 -0.0964064 -0.432091 -1.76799 0 0
0 0 417 -0.15307 -0.228672 -0.706024 0.290469 0 0
0 0 418 0.31435 -0.513409 -0.858888 -0.218085 0 0
0 0 419 -0.0440971 0.810776 0.419776 -0.442706 0 0
0 0 420 1.20503 0.345027 0.504613 0.508807 0 0
0 0 421 -0.705561 -1.20941 0.389221 1.04876 0 0
0 0 422 0.616138 0.0706248 0.0594628 -0.598333 0 0
0 0 423 0.116301 0.089079 -0.00945343 -0.0892411 0 0
0 0 424 0.416409 0.0827338 0.848726 0.26943 0 0
0 0 425 0.278324 0.491914 -0.468053 0.751088 0 0
0 0 426 -0.46667 0.757071 -1.45611 0.714132 0 0
0 0 427 0.26106 -0.465896 0.0551277 -0.281443 0 0
0 0 428 0.380868 0.283289 0.849317 -0.267719 0 0
0 0 429 -0.1194 -0.1584 0.391604 0.077401 0 0
0 0 430 -0.416301 0.163934 -0.864877 -0.330047 0 0
0 0 431 0.0772637 0.243099 0.319974 -0.147985 0 0
0 0 432 0.222218 -0.775154 0.6252 -0.120444 0 0
0 0 433 0.517034 -0.933768 -0.402966 -0.111499 0 0
0 0 434 0.656358 -0.435629 0.337221 0.402399 0 0
0 0 435 -1.78398 -0.137857 -0.531358 0.426612 0 0
0 0 436 0.866219 -0.120663 0.535542 0.53507 0 0
0 0 437 0.00702667 -0.901778 0.578672 0.811981 0 0
0 0 438 0.38214 0.0369583 -0.264232 0.656684 0 0
0 0 439 -0.598585 -0.705398 -1.28165 -0.289688 0 0
0 0 440 -0.112049 -0.515061 -1.05649 0.435372 0 0
0 0 441 1.08979 -0.988424 0.461347 0.0716934 0 0
0 0 442 0.149499 1.01877 0.0292809 0.217063 0 0
0 0 443 -0.880828 -0.209533 -0.704489 -0.427394 0 0
0 0 444 -0.000961661 1.28362 0.676539 1.21853 0 0
0 0 445 0.701077 0.0188708 -0.115995 0.51087 0 0
0 0 446 0.54229 -0.534141 0.174438 0.302781 0 0
0 0 447 0.482155 -0.636075 -0.899932 -0.799751 0 0
0 0 448 1.93106 0.194297 0.511983 -0.404389 0 0
0 0 449 -0.59735 0.445193 -0.671358 0.227489 0 0
0 0 450 0.0305007 -0.183735 -0.257158 -0.147006 0 0
0 0 451 -0.521207 0.0348437 -0.163739 -0.4527 0 0
0 0 452 -0.557655 -1.04677 -0.788091 0.130183 0 0
0 0 453 -1.51147 -0.412849 0.144885 -0.0767192 0 0
0 0 454 -0.0603499 -0.0861073 -0.618064 0.471193 0 0
0 0 455 0.733957 -0.207473 -0.922435 0.394033 0 0
0 0 456 0.876861 -0.557866 -0.0113098 -1.33204 0 0
0 0 457 0.689977 -0.314049 1.0386 0.606105 0 0
0 0 458 -0.225674 0.379598 0.399853 0.797922 0 0
0 0 459 -0.205319 -1.55649 -0.895812 -0.79207 0 0
0 0 460 -1.01163 1.0714 0.814318 0.21409 0 0
0 0 461 -0.166258 -0.020013 -0.152692 1.26235 0 0
0 0 462 0.10491 0.333771 0.4984 0.0294905 0 0
0 0 463 -0.160186 0.0143567 -0.625529 0.0986053 0 0
0 0 464 -0.271991 1.19231 0.341143 0.468111 0 0
0 0 465 -0.268294 -0.964259 0.339274 -0.431274 0 0
0 0 466 0.352033 -0.766161 -0.281837 0.0804398 0 0
0 0 467 -0.0823866 0.59096 -0.255591 -0.0465258 0 0
0 0 468 -0.130717 -0.547397 0.0408371 1.49101 0 0
0 0 469 -0.374855 0.560372 0.79278 0.296085 0 0
0 0 470 0.526203 -0.123741 0.830548 -1.07375 0 0
0 0 471 -0.351045 -0.130632 -1.56067 -0.322705 0 0
0 0 472 -0.223961 -0.851488 -0.241859 0.205348 0 0
0 0 473 0.44356 0.0667335 0.27978 0.807354 0 0
0 0 474 -0.520903 -0.0413366 -0.950457 -0.320455 0 0
0 0 475 -0.143167 -0.135155 -0.16434 -0.214005 0 0
0 0 476 0.197356 -0.529209 1.12014 -0.30703 0 0
0 0 477 -0.940277 0.273583 0.462131 -0.553983 0 0
0 0 478 0.611955 -0.857363 0.509605 -2.26879 0 0
0 0 479 0.106822 0.732143 -0.403838 0.0578541 0 0
0 0 480 -0.525994 -0.67236 -1.35571 -0.122206 0 0
0 0 481 0.99619 -0.0318913 1.94819 0.985225 0 0
0 0 482 -0.28132 0.565305 -0.969094 0.484318 0 0
0 0 483 0.209686 0.0776141 0.583563 0.0933183 0 0
0 0 484 0.81327 -0.346174 0.328588 0.627749 0 0
0 0 485 -0.981025 0.19575 -1.32214 -0.0103273 0 0
0 0 486 0.0934067 -0.839061 0.28038 -0.367907 0 0
0 0 487 -0.0655535 0.171319 -0.969082 -0.260996 0 0
0 0 488 0.0784658 -0.072547 -0.490001 0.098499 0 0
0 0 489 0.422865 -0.703896 -0.14902 0.983492 0 0
0 0 490 -0.407027 0.854537 1.13135 -1.08934 0 0
0 0 491 0.872261 0.583936 0.291041 -0.415271 0 0
0 0 492 0.294873 0.392302 -1.55748 0.230715 0 0
0 0 493 -0.0236044 0.00939517 0.19144 -0.0261322 0 0
0 0 494 0.86272 -0.305353 -1.3416 -0.937613 0 0
0 0 495 0.402638 0.581015 0.0286642 -0.015697 0 0
0 0 496 -0.751075 -0.0785362 -0.0489566 -0.148305 0 0
0 0 497 1.53255 0.275103 0.614265 0.222941 0 0
0 0 498 -1.77218 0.438555 -0.775456 -0.427653 0 0
0 0 499 0.34015 -0.445928 0.149511 -0.390093 0 0
0 0 500 -0.591085 -0.430966 0.458153 0.193604 0 0
0 0 501 0.502321 -0.250527 0.293752 -0.486937 0 0
0 0 502 0.42138 -0.79171 -0.703119 -0.87806 0 0
0 0 503 -0.924664 0.510764 -1.25904 -0.613589 0 0
0 0 504 1.01237 -0.331371 -0.913757 0.624567 0 0
0 0 505 0.491638 -0.221557 -0.0581412 0.519406 0 0
0 0 506 -1.39617 1.46609 -1.32008 -0.724493 0 0
0 0 507 0.510679 -0.184281 0.502236 -1.26899 0 0
0 0 508 0.154232 -0.337797 0.0203381 -0.393312 0 0
0 0 509 0.55426 0.0174319 -1.4105 0.257322 0 0
0 0 510 -0.633596 0.27294 0.0367985 -0.995918 0 0
0 0 511 0.33692 0.0137098 -1.09032 0.295729 0 0
0 0 512 0.0524594 0.0793049 -0.0968997 0.0395931 0 0
0 0 513 -0.839626 -1.15407 0.137398 -0.553866 0 0
0 0 514 0.743745 0.172342 -0.598307 0.654641 0 0
0 0 515 0.79995 1.72666 -0.877998 -0.561795 0 0
0 0 516 -0.370806 -0.34404 -0.518443 -0.312055 0 0
0 0 517 -0.329644 -0.32485 -0.209974 -0.526878 0 0
0 0 518 -0.38264 0.274778 0.163798 0.269655 0 0
0 0 519 0.77605 0.229598 0.262944 1.15421 0 0
0 0 520 0.547086 -0.422009 -0.159011 -0.145823 0 0
0 0 521 1.42082 0.194992 0.603533 0.741512 0 0
0 0 522 -0.282715 0.792363 1.40915 0.161959 0 0
0 0 523 -0.0505176 -0.513415 -0.70132 0.34809 0 0
0 0 524 -0.848854 -0.42262 1.91663 0.167808 0 0
0 0 525 0.29728 0.707789 -0.280285 -0.859778 0 0
0 0 526 -0.100057 -1.01532 -0.237478 0.3082 0 0
0 0 527 -0.436873 -1.07269 -1.09812 -0.0816258 0 0
0 0 528 -0.248489 0.258077 0.177791 0.120081 0 0
0 0 529 0.822218 -0.54544 -0.239545 0.586534 0 0
0 0 530 -0.538007 -0.131916 -0.528644 0.492595 0 0
0 0 531 -0.274916 -0.265734 -1.19827 0.0513297 0 0
0 0 532 -0.739587 -1.2374 -0.622197 0.744014 0 0
0 0 533 0.00516025 0.19844 -1.16629 -0.0886662 0 0
0 0 534 -0.303703 0.0234932 0.142803 -0.110393 0 0
0 0 535 0.492508 -0.595971 -0.671539 0.143811 0 0
0 0 536 -0.470724 -0.313299 0.106946 0.390047 0 0
0 0 537 -1.41201 -0.025961 0.187294 -0.191978 0 0
0 0 538 1.09426 0.547644 -1.35806 0.0265772 0 0
0 0 539 0.0122597 -0.420194 -0.721424 -0.0425104 0 0
0 0 540 -0.38926 -0.224216 -0.968788 0.837871 0 0
0 0 541 -0.498695 -0.047593 -0.867715 0.451594 0 0
0 0 542 -0.00954477 0.288986 0.617695 -0.945268 0 0
0 0 543 0.0241908 0.613923 -1.2462 -0.95543 0 0
0 0 544 1.14791 -0.756748 -0.284648 -0.34748 0 0
0 0 545 0.698384 -0.505308 -0.406419 -0.189544 0 0
0 0 546 -0.420128 0.801617 -0.27572 1.44962 0 0
0 0 547 0.516077 -0.300128 0.143042 -0.38072 0 0
0 0 548 -0.642726 0.015322 -0.0403194 0.143666 0 0
0 0 549 0.445928 -0.383227 -0.248278 0.769567 0 0
0 0 550 1.53507 1.53497 -0.124819 -0.455553 0 0
0 0 551 0.119577 0.11209 1.19934 0.370584 0 0
0 0 552 0.346225 0.417544 -0.883693 0.0256378 0 0
0 0 553 -0.940257 -0.0855388 -0.360243 -0.604298 0 0
0 0 554 1.21193 -0.326203 -0.563318 0.399066 0 0
0 0 555 0.851087 0.47754 -0.33225 -0.272314 0 0
0 0 556 0.908014 0.611681 0.222017 -0.74046 0 0
0 0 557 0.454607 0.275369 0.220102 -0.041898 0 0
0 0 558 -0.310766 -0.143991 0.209025 -0.314829 0 0
0 0 559 -0.380394 0.309265 -0.127083 -0.275128 0 0
0 0 560 -0.269972 -0.0985679 -0.315102 0.172689 0 0
0 0 561 0.589267 0.38101 -0.306913 -0.185849 0 0
0 0 562 0.509428 0.187503 -0.402384 -0.262931 0 0
0 0 563 1.27656 -0.839287 1.19427 0.548112 0 0
0 0 564 -0.311045 0.13458 -0.0849142 0.138186 0 0
0 0 565 0.8881 -1.0507 0.379023 0.424725 0 0
0 0 566 0.649742 -0.148399 -1.34175 0.00367669 0 0
0 0 567 0.374786 0.171807 0.668387 0.485821 0 0
0 0 568 -0.309155 -0.691299 0.475515 1.05594 0 0
0 0 569 -0.573332 0.45981 0.46372 0.648921 0 0
0 0 570 -0.422306 -0.267705 -0.592068 -0.0545343 0 0
0 0 571 -0.0410562 0.269029 0.312369 -0.584694 0 0
0 0 572 -0.269878 -0.515224 -0.194866 0.166673 0 0
0 0 573 0.345706 -0.721382 -0.284847 -0.446687 0 0
0 0 574 -0.168593 0.152055 -0.646956 -0.733632 0 0
0 0 575 -0.696061 -0.384091 0.39234 -0.562025 0 0
0 0 576 -0.240761 0.826945 -0.090676 0.38628 0 0
0 0 577 0.813497 0.425021 0.203007 0.141592 0 0
0 0 578 0.381765 0.832348 -0.179518 -1.16702 0 0
0 0 579 -0.0607856 0.000449419 -0.572428 0.16447 0 0
0 0 580 1.76422 0.987962 0.625662 0.326892 0 0
0 0 581 -0.0115445 -0.0381811 0.111515 -1.15548 0 0
0 0 582 0.76266 0.245993 0.769594 -0.45557 0 0
0 0 583 -0.347006 -0.585355 0.0118831 0.153769 0 0
0 0 584 0.656233 -1.24888 0.0114587 0.558939 0 0
0 0 585 -0.265117 -0.232455 1.23137 0.432178 0 0
0 0 586 -0.290111 0.372225 -1.115 -0.521367 0 0
0 0 587 -0.686255 0.170752 -0.161028 0.0404566 0 0
0 0 588 0.971118 -0.138122 -0.452544 0.388759 0 0
0 0 589 -0.0135137 0.26329 0.171604 -0.196321 0 0
0 0 590 -0.84464 -0.149379 0.736799 -0.542834 0 0
0 0 591 0.3415 -0.58025 -0.105064 1.16413 0 0
0 0 592 0.209311 1.04998 -0.656096 0.557185 0 0
0 0 593 -0.372654 -0.0049843 0.595111 1.70116 0 0
0 0 594 -0.135654 0.854707 0.908621 -0.0503725 0 0
0 0 595 -0.953643 0.204447 -0.59791 -0.664944 0 0
0 0 596 -0.955409 -0.189914 -0.51424 -0.671586 0 0
0 0 597 -0.299688 -0.264836 0.192563 0.942479 0 0
0 0 598 0.229519 -0.829744 -1.1935 -1.15967 0 0
0 0 599 0.798152 0.128731 -1.45344 0.302672 0 0
0 0 600 -0.66784 0.369077 0.0469204 -1.31582 0 0
0 0 601 0.770849 0.435625 0.405693 -0.426367 0 0
0 0 602 -0.109833 1.66196 0.427526 0.243204 0 0
0 0 603 0.750689 0.233772 -0.350661 0.61879 0 0
0 0 604 0.397385 0.738952 -0.668222 0.924684 0 0
0 0 605 0.23379 -0.815569 -1.26172 -0.000672428 0 0
0 0 606 -0.41197 0.00628045 1.70242 0.00784361 0 0
0 0 607 -0.0155324 -0.336693 -0.538298 0.928751 0 0
0 0 608 0.666214 0.876637 -0.634024 -0.60954 0 0
0 0 609 0.554792 -0.359811 -0.531042 1.67171 0 0
0 0 610 -0.333285 -0.37855 -1.40772 -1.21722 0 0
0 0 611 -0.660087 0.406605 0.510086 1.14161 0 0
0 0 612 0.250864 1.20931 -0.0640074 -0.854649 0 0
0 0 613 -0.453976 0.721641 -0.0265529 0.0502235 0 0
0 0 614 -0.0210674 -1.28639 -0.525813 0.33544 0 0
0 0 615 -0.52036 -0.22732 -0.729793 0.348415 0 0
0 0 616 0.0926736 -0.602311 -0.643443 -0.5518 0 0
0 0 617 -0.387639 -0.25428 0.210128 0.0247818 0 0
0 0 618 -0.0759517 0.355888 -0.0575511 -0.777162 0 0
0 0 619 -0.854014 -0.584078 0.531538 0.242744 0 0
0 0 620 0.890774 0.048021 -0.0287899 0.386182 0 0
0 0 621 -0.0162666 0.152112 -0.773117 -0.0454882 0 0
0 0 622 -0.482134 -0.708483 0.890991 -0.465237 0 0
0 0 623 -0.194686 0.0622843 -0.585992 0.31018 0 0
0 0 624 0.207046 -0.204087 -0.492104 0.560572 0 0
0 0 625 0.730376 -0.755335 0.0119613 -0.262304 0 0
0 0 626 -0.368293 -0.59659 0.0608697 0.64229 0 0
0 0 627 -0.202982 -0.142645 -0.081969 1.08021 0 0
0 0 628 -0.0843614 1.10434 0.0800029 0.39073 0 0
0 0 629 -0.0716966 0.479022 -0.0706684 0.468774 0 0
0 0 630 -0.522521 0.918373 0.187407 -0.142077 0 0
0 0 631 1.11291 0.738629 -0.418 0.1731 0 0
0 0 632 -0.235244 0.597381 0.26195 -0.358077 0 0
0 0 633 -0.136878 -0.404527 -0.949604 -1.26346 0 0
0 0 634 0.0629539 -1.17058 -0.0372523 -0.158268 0 0
0 0 635 0.295941 -0.283236 0.13167 -0.528902 0 0
0 0 636 0.518622 -0.792148 0.821963 0.54402 0 0
0 0 637 1.31116 -0.475768 -0.26867 0.9899 0 0
0 0 638 -0.911969 -0.414431 -0.53548 0.169409 0 0
0 0 639 0.182701 -0.116163 0.781385 -0.618652 0 0
0 0 640 -0.344606 0.335372 -0.471874 -0.90629 0 0
0 0 641 0.273889 0.523362 -1.09121 0.0732145 0 0
0 0 642 -0.840266 -0.612124 -1.06141 0.809355 0 0
0 0 643 0.761994 0.285812 1.04713 -0.836816 0 0
0 0 644 -0.393098 0.130389 0.529463 0.456113 0 0
0 0 645 -0.971641 0.185541 -1.1485 1.22422 0 0
0 0 646 0.589792 0.486143 0.445528 0.830949 0 0
0 0 647 0.728698 1.10344 -0.316487 -0.806233 0 0
0 0 648 0.122459 -1.60012 0.233007 -0.399153 0 0
0 0 649 0.513174 0.20302 -0.902344 -0.0549959 0 0
0 0 650 0.22804 -0.0472902 0.583102 -1.0215 0 0
0 0 651 -1.0449 -1.14311 0.0964299 0.652185 0 0
0 0 652 -0.0864157 0.748873 -0.404822 0.0874821 0 0
0 0 653 -0.337106 -0.104674 0.623799 -0.772708 0 0
0 0 654 0.327885 0.234907 -0.863592 0.762947 0 0
0 0 655 -0.665623 -0.538498 -0.41976 -0.288107 0 0
0 0 656 -0.015545 0.515256 0.17111 0.213033 0 0
0 0 657 0.982186 -0.546167 -0.249941 0.594739 0 0
0 0 658 0.413096 -0.540366 -1.03244 -0.933634 0 0
0 0 659 0.28442 0.571643 -0.879843 -0.350576 0 0
0 0 660 -0.518087 -1.60564 -0.442613 -0.23512 0 0
0 0 661 1.38627 1.15763 -0.0198262 0.459489 0 0
0 0 662 -0.204112 0.0568608 -0.404308 0.278657 0 0
0 0 663 0.35275 0.744672 -1.03482 0.573642 0 0
0 0 664 0.84622 0.157383 -0.870721 -0.91681 0 0
0 0 665 -0.342827 -0.513922 -0.604323 0.792423 0 0
0 0 666 1.0103 0.337601 1.20781 -0.0398009 0 0
0 0 667 -0.531157 0.0652682 -0.805165 -0.152531 0 0
0 0 668 1.84631 1.10076 -0.495766 -0.532964 0 0
0 0 669 -0.0575706 -0.505695 0.457028 -0.0477329 0 0
0 0 670 0.716801 0.547681 0.532193 -0.504038 0 0
0 0 671 -0.674278 0.805672 0.184254 -0.526142 0 0
0 0 672 0.59341 0.674487 1.13662 -0.216213 0 0
0 0 673 0.392011 -0.0297322 -0.731664 0.569233 0 0
0 0 674 0.403556 -0.898513 0.707708 -1.10664 0 0
0 0 675 -0.561203 0.23559 -1.33593 -0.504343 0 0
0 0 676 0.458035 -0.679882 -0.358876 -0.686184 0 0
0 0 677 -0.120435 -0.0696255 0.78833 -0.166575 0 0
0 0 678 -0.43953 -1.60228 -0.00994916 0.111331 0 0
0 0 679 -0.914178 0.503486 -0.748613 0.447792 0 0
0 0 680 -0.178298 0.928409 -2.17992 0.401566 -33.4656 7.96002
0 0 681 0.323209 -0.335657 0.0633843 -0.564159 0 0
0 0 682 -0.167118 -1.18498 0.346899 0.381838 0 0
0 0 683 -0.568096 -1.08915 -0.00287886 -0.851886 0 0
0 0 684 -0.366307 0.216867 -0.0420135 -0.332572 0 0
0 0 685 1.11786 -0.296623 0.0262614 0.605589 0 0
0 0 686 -0.559312 0.399348 -0.239658 0.655419 0 0
0 0 687 0.316758 -0.814201 -1.45492 0.681212 0 0
0 0 688 0.59202 1.17907 -0.134356 0.44575 0 0
0 0 689 -0.602391 -1.03334 -0.48772 -0.407129 0 0
0 0 690 0.511446 0.193249 -0.435315 -0.263909 0 0
0 0 691 1.22092 0.393382 0.39213 0.373995 0 0
0 0 692 0.771194 -0.238719 0.644448 0.037832 0 0
0 0 693 -0.294046 -0.217722 0.168784 -0.470466 0 0
0 0 694 0.566123 -0.476197 -0.340418 0.708931 0 0
0 0 695 0.0712659 0.567577 0.52989 -0.0128205 0 0
0 0 696 0.494401 1.6205 -0.529153 -0.365109 0 0
0 0 697 -0.410356 -0.302161 -0.129602 0.0926063 0 0
0 0 698 0.851972 -0.695639 0.345656 0.975643 0 0
0 0 699 -1.1102 0.0241066 0.953353 -0.388099 0 0
0 0 700 0.214884 -0.867369 0.236462 0.267697 0 0
0 0 701 1.05671 -0.242707 -0.476251 -0.233782 0 0
0 0 702 0.117104 -1.07781 0.875003 0.394125 0 0
0 0 703 0.389896 0.833695 0.530258 -0.518304 0 0
0 0 704 -0.464168 -0.00952116 -0.340062 0.178404 0 0
0 0 705 1.38094 -1.36317 -0.774532 0.205998 0 0
0 0 706 -0.536716 0.669133 -0.968447 -0.212045 0 0
0 0 707 0.732694 0.35029 -0.13244 0.205955 0 0
0 0 708 1.10725 0.831573 -0.00682644 -0.430142 0 0
0 0 709 0.20521 0.0998844 0.513238 -0.412133 0 0
0 0 710 -0.808448 -0.573394 0.10478 0.610398 0 0
0 0 711 -0.186356 0.517588 -0.963766 -0.122017 0 0
0 0 712 0.228497 0.0706581 0.379956 -0.976961 0 0
0 0 713 1.53775 -0.167036 0.707902 -0.162664 0 0
0 0 714 -0.136738 -0.10771 0.277911 0.201538 0 0
0 0 715 -0.149384 -0.169639 1.60186 0.526103 0 0
0 0 716 1.0126 0.356957 0.378665 0.0996335 0 0
0 0 717 0.581686 -0.343504 -0.475375 -1.22673 0 0
0 0 718 -0.79444 -0.136727 0.027826 0.556843 0 0
0 0 719 1.14095 0.228209 0.945437 0.125792 0 0
0 0 720 -0.0990701 0.138464 -0.0903492 -0.735866 0 0
0 0 721 0.0660557 -0.533035 -0.809661 0.57245 0 0
0 0 722 -0.497888 -0.0274185 -0.997051 0.41096 0 0
0 0 723 0.518233 -1.27912 -0.381318 -0.105482 0 0
0 0 724 0.526564 0.947403 -0.351782 0.499162 0 0
0 0 725 -0.709767 -0.326583 0.0671265 -0.361065 0 0
0 0 726 -0.392688 0.508518 0.773472 -0.553399 0 0
0 0 727 1.43002 0.0269459 -0.942514 -0.488165 0 0
0 0 728 0.260713 0.566872 1.17707 0.174552 0 0
0 0 729 0.342323 -0.557696 0.565062 0.964104 0 0
0 0 730 -0.316785 -1.11514 -0.748138 -0.0644008 0 0
0 0 731 -0.114596 -0.156255 -0.056871 -0.338655 0 0
0 0 732 -0.524075 0.817676 -1.0045 0.278353 0 0
0 0 733 0.390174 0.582565 0.244791 -0.471402 0 0
0 0 734 0.549522 -0.373568 0.177981 0.0515561 0 0
0 0 735 0.133417 -0.0577286 -0.648303 -0.316371 0 0
0 0 736 0.514662 -0.6319 -0.535907 -0.256361 0 0
0 0 737 0.644257 0.662314 0.0426492 0.319118 0 0
0 0 738 -0.300519 -0.167372 -0.0449603 -0.0958292 0 0
0 0 739 0.241991 -0.584641 -0.244443 0.182038 0 0
0 0 740 1.08099 -0.29559 0.644554 1.00158 0 0
0 0 741 -0.584542 -0.261099 0.17345 0.587351 0 0
0 0 742 0.128499 -0.171171 0.962677 1.8538 0 0
0 0 743 0.144776 -0.210005 -0.368431 0.298283 0 0
0 0 744 -0.668131 0.808834 -0.485995 0.246292 0 0
0 0 745 -0.555062 -0.639077 -0.159375 0.607855 0 0
0 0 746 0.530204 0.754989 -0.551342 -0.173654 0 0
0 0 747 0.973183 -1.14614 0.100829 -0.403201 0 0
0 0 748 0.784489 0.242491 0.610143 -1.46217 0 0
0 0 749 -0.67747 0.0731268 0.0423732 -0.936834 0 0
0 0 750 -0.52238 -0.793564 0.464203 -0.799851 0 0
0 0 751 -0.143378 0.258766 -0.937882 -0.73687 0 0
0 0 752 -0.333867 0.8845 -0.41483 0.0299237 0 0
0 0 753 0.219361 0.130751 0.531015 -0.0736653 0 0
0 0 754 -0.124573 -0.136637 -0.196988 0.353488 0 0
0 0 755 0.247389 -0.270195 0.548121 -0.382211 0 0
0 0 756 -0.509208 1.03917 0.223231 -0.470989 0 0
0 0 757 1.28378 0.753058 -0.60139 -0.456215 0 0
0 0 758 -1.16447 -0.429094 -0.224931 0.693642 0 0
0 0 759 -0.0814192 -0.03616 0.317941 0.0872703 0 0
0 0 760 -0.295064 0.122769 -0.726671 1.01943 0 0
0 0 761 -1.47897 -1.21739 -0.805294 0.0388615 0 0
0 0 762 -0.409742 -0.121555 0.00847115 0.764469 0 0
0 0 763 -1.36293 -0.51395 0.13395 -0.501977 0 0
0 0 764 -0.184352 -0.874999 0.641391 -0.230152 0 0
0 0 765 -1.89517 0.409821 0.929071 1.75663 0 0
0 0 766 1.1839 -0.706616 -0.926026 0.997348 0 0
0 0 767 0.553475 0.583193 0.570696 0.000458191 0 0
0 0 768 0.496107 -0.349238 -0.191728 -0.164231 0 0
0 0 769 0.731948 0.233317 0.158244 -0.170621 0 0
0 0 770 -0.759634 0.505063 -0.756067 -0.0489906 0 0
0 0 771 0.434219 -0.438083 -0.301347 0.518602 0 0
0 0 772 0.670278 -1.35351 -0.740312 1.3233 0 0
0 0 773 -0.660484 -1.89963 -0.0220241 0.355244 0 0
0 0 774 1.0567 0.593811 -0.561493 1.96018 0 0
0 0 775 0.108714 1.30613 1.20298 -0.538632 0 0
0 0 776 -0.460162 -1.07404 -0.0114723 0.0400437 0 0
0 0 777 0.111472 0.298086 0.0764302 -0.230335 0 0
0 0 778 0.303858 -0.2718 -0.288091 -0.304115 0 0
0 0 779 0.488554 0.334397 -0.222326 -1.08389 0 0
0 0 780 0.0264124 -1.55026 0.198299 -0.087637 0 0
0 0 781 0.274881 0.542974 0.648713 0.782214 0 0
0 0 782 -1.18173 -0.17381 -0.211065 0.564136 0 0
0 0 783 0.0158747 1.03102 -1.77099 -0.469773 0 0
0 0 784 -0.639314 0.0599384 0.267793 -0.536789 0 0
0 0 785 -0.227154 -0.361034 0.903859 -0.332892 0 0
0 0 786 -0.0471081 -0.166624 0.0457693 -0.296957 0 0
0 0 787 0.627097 -0.0982899 -0.687884 0.767822 0 0
0 0 788 -0.194645 -0.882322 -0.110774 1.05006 0 0
0 0 789 -0.156624 0.509904 0.00560703 -1.91122 0 0
0 0 790 0.0726939 -0.794105 -0.505501 0.732892 0 0
0 0 791 0.986383 0.923315 0.862218 -0.228878 0 0
0 0 792 -0.309504 0.145998 0.489935 -1.0086 0 0
0 0 793 -1.83645 -0.316142 -0.185735 0.682473 0 0
0 0 794 -1.8036 0.242235 1.50499 0.283671 0 0
0 0 795 0.0467762 0.217345 -1.20699 0.490081 0 0
0 0 796 -0.542748 0.742875 -0.347816 -0.503256 0 0
0 0 797 -0.643798 0.109417 0.556943 0.326748 0 0
0 0 798 0.268311 -0.539497 0.824516 -0.231943 0 0
0 0 799 -0.833031 1.27191 -0.862817 -0.535426 0 0
0 0 800 -0.301312 0.960669 -0.951438 1.00712 0 0
0 0 801 0.421911 1.19568 0.365624 -0.295346 0 0
0 0 802 0.55855 -1.0735 -0.636014 0.50139 0 0
0 0 803 -0.0409 0.878891 -0.796576 -1.71156 0 0
0 0 804 -0.239028 0.29707 -1.33082 0.68647 0 0
0 0 805 -0.560164 0.050173 0.196679 -0.710381 0 0
0 0 806 0.311185 1.64042 -0.0780662 0.347124 0 0
0 0 807 0.333461 1.0986 0.890373 -0.845151 0 0
0 0 808 -0.263441 -0.328691 -0.983098 -0.209661 0 0
0 0 809 -0.725995 0.338619 1.06702 0.530612 0 0
0 0 810 0.452403 0.565519 0.52466 -0.310862 0 0
0 0 811 -0.57528 -0.0643257 0.551843 0.650375 0 0
0 0 812 -0.0645536 0.836203 1.21193 -0.319563 0 0
0 0 813 0.60618 -0.922801 0.617817 -0.309106 0 0
0 0 814 0.271099 -0.477767 -0.429109 -0.0110313 0 0
0 0 815 0.429541 -0.159113 -1.03043 -0.394379 0 0
0 0 816 -0.243164 -0.594265 -0.499763 -0.325973 0 0
0 0 817 0.770351 -0.700128 -0.348419 0.656446 0 0
0 0 818 -0.792953 0.238883 0.605348 -0.402521 0 0
0 0 819 -0.287971 0.191281 0.145081 -0.0574123 0 0
0 0 820 -0.326968 -0.651926 1.42124 0.246141 0 0
0 0 821 0.545778 -0.369409 -1.34098 -0.977377 0 0
0 0 822 0.0027616 -1.02643 0.022007 -0.279938 0 0
0 0 823 -0.35951 0.221046 0.474294 0.17415 0 0
0 0 824 0.680939 -0.749554 -1.11673 0.818572 0 0
0 0 825 -0.618244 0.493817 -1.06426 0.478689 0 0
0 0 826 0.234235 0.143481 0.156484 0.275178 0 0
0 0 827 0.58842 -0.377991 0.0965425 -0.326378 0 0
0 0 828 0.516609 1.11055 0.842673 1.09332 0 0
0 0 829 0.562542 -0.0119964 0.26335 -0.449102 0 0
0 0 830 -0.237689 0.127827 0.513239 0.285418 0 0
0 0 831 0.453408 -0.128077 0.608832 -0.379829 0 0
0 0 832 0.402187 -0.053125 0.390178 -0.275205 0 0
0 0 833 0.482997 0.376114 -0.0421831 0.209159 0 0
0 0 834 0.254723 0.198714 0.705776 -0.406314 0 0
0 0 835 -0.606801 1.23045 0.388258 0.0771372 0 0
0 0 836 0.684477 1.14628 0.469392 -0.31846 0 0
0 0 837 0.372237 0.161301 1.40673 -0.302042 0 0
0 0 838 -0.775091 0.556507 -1.10374 -0.317525 0 0
0 0 839 0.203042 0.187165 -0.72485 -0.750603 0 0
0 0 840 0.374159 -0.223399 0.520123 -0.0245653 0 0
0 0 841 -0.276391 -0.445793 -0.284014 -1.223 0 0
0 0 842 1.41822 -0.181161 0.273904 -0.591552 0 0
0 0 843 -1.54494 -0.14386 -0.740585 0.839921 0 0
0 0 844 0.39805 -0.301032 -0.230147 0.20898 0 0
0 0 845 -0.034915 -0.35403 0.804692 0.77343 0 0
0 0 846 -1.19035 -0.51749 -0.597245 0.196987 0 0
0 0 847 -1.22589 -0.455898 -0.93514 0.275793 0 0
0 0 848 0.655977 0.626608 0.22525 0.350972 0 0
0 0 849 -0.43054 2.04437 -0.696589 0.664953 0 0
0 0 850 0.765512 -0.0829933 1.21825 0.654976 0 0
0 0 851 0.0948764 0.366126 -0.78328 -0.370686 0 0
0 0 852 0.614125 -0.0552276 0.272837 0.0928992 0 0
0 0 853 0.728319 -0.634602 -0.684103 -0.212572 0 0
0 0 854 -0.53913 -0.482454 0.755123 -1.73603 0 0
0 0 855 -0.868526 0.526803 0.840093 -0.30065 0 0
0 0 856 -0.856719 0.142903 -0.124736 -0.688769 0 0
0 0 857 1.08423 -0.601855 -0.220594 -0.331283 0 0
0 0 858 -0.445884 0.628345 -1.13311 1.05159 0 0
0 0 859 0.250774 -0.552241 0.297167 0.36457 0 0
0 0 860 -0.0573584 -0.288498 0.901043 -1.15733 0 0
0 0 861 0.30232 -1.01905 0.114638 0.27248 0 0
0 0 862 -0.626271 -1.1934 -0.285765 1.10775 0 0
0 0 863 0.718398 0.54224 1.36918 0.169868 0 0
0 0 864 -0.512981 1.40588 0.0972849 -0.184968 0 0
0 0 865 1.02405 0.405131 -0.227155 1.89611 0 0
0 0 866 0.170522 -0.291095 -0.756638 0.532671 0 0
0 0 867 -0.0155774 0.833224 0.801779 -0.00709628 0 0
0 0 868 0.816619 0.093269 -0.55466 -0.362057 0 0
0 0 869 0.118343 0.211823 -1.01259 -0.664555 0 0
0 0 870 0.911056 0.280016 0.466147 -0.95568 0 0
0 0 871 0.81287 -0.836405 0.68101 0.205454 0 0
0 0 872 1.28499 -0.824991 0.295936 0.643827 0 0
0 0 873 0.600379 0.729015 -0.608609 0.851245 0 0
0 0 874 0.825761 -0.3526 -0.222819 -0.156494 0 0
0 0 875 -0.621821 1.68334 0.329189 0.830282 0 0
0 0 876 0.0106584 0.0593194 0.326882 -0.798244 0 0
0 0 877 0.847767 0.26814 -0.502084 -0.256132 0 0
0 0 878 -0.365596 -0.857894 0.410227 -0.0856938 0 0
0 0 879 -0.126544 0.122169 -0.423586 -0.288536 0 0
0 0 880 0.0524206 -0.359756 -0.640951 0.0649275 0 0
0 0 881 -0.0502549 -0.981749 0.513753 -1.04769 0 0
0 0 882 -0.498967 -1.00921 0.143259 0.293635 0 0
0 0 883 1.21445 -0.293466 0.216373 -0.514119 0 0
0 0 884 0.683571 -0.884049 -0.296146 -0.0399491 0 0
0 0 885 -0.239046 -0.559209 1.68605 -0.186272 0 0
0 0 886 -0.543918 0.293543 -0.529528 -0.879925 0 0
0 0 887 0.180849 -0.115476 -0.563326 -0.165026 0 0
0 0 888 0.0201971 -0.0678032 0.0372208 -0.783183 0 0
0 0 889 0.054027 0.392255 0.0404996 0.467119 0 0
0 0 890 1.36582 -0.685452 0.622067 0.510433 0 0
0 0 891 0.557062 0.111287 -0.21953 0.36214 0 0
0 0 892 0.660899 0.0709154 -0.960473 0.852271 0 0
0 0 893 1.24631 -0.792298 0.470227 0.187439 0 0
0 0 894 -0.483512 -0.0686298 -0.377909 0.0224909 0 0
0 0 895 -0.045867 -0.0923104 0.276284 -0.383732 0 0
0 0 896 0.126686 0.0458681 0.68771 -0.870758 0 0
0 0 897 0.654571 0.0271915 -1.05193 0.421057 0 0
0 0 898 0.635272 0.277529 0.459381 0.459014 0 0
0 0 899 -0.776082 0.600611 0.479516 0.367381 0 0
0 0 900 0.636666 -0.197133 1.78362 0.634873 0 0
0 0 901 0.536382 -1.07262 0.189535 -0.730509 0 0
0 0 902 0.0696661 -0.0331961 -0.806167 0.406399 0 0
0 0 903 0.577066 -0.878677 -0.431475 -0.120987 0 0
0 0 904 0.268054 0.717213 0.753304 -1.35106 0 0
0 0 905 -0.422913 0.135534 -0.434212 0.524644 0 0
0 0 906 -1.17978 0.272247 -0.179457 0.288464 0 0
0 0 907 0.643315 -0.490759 -0.684325 -0.939231 0 0
0 0 908 0.47466 -0.484534 -1.29359 0.128112 0 0
0 0 909 1.17312 0.214558 0.554322 0.16671 0 0
0 0 910 0.628509 1.05374 -0.175079 -0.0337206 0 0
0 0 911 0.301118 -1.02123 -0.42909 -0.222861 0 0
0 0 912 -0.554613 0.486399 0.22451 0.429224 0 0
0 0 913 -0.430386 -0.268404 0.525204 -0.548195 0 0
0 0 914 -0.0160491 -0.408432 0.748048 0.396696 0 0
0 0 915 -0.0673669 1.05364 0.0142744 0.931021 0 0
0 0 916 0.635957 1.40534 -0.550712 0.0017804 0 0
0 0 917 -0.353088 0.591826 -0.0587029 0.921097 0 0
0 0 918 1.09689 -0.424381 0.306864 -0.554454 0 0
0 0 919 0.225132 0.492765 0.0915509 0.542183 0 0
0 0 920 -0.471137 0.116784 0.317874 -0.280242 0 0
0 0 921 -0.10833 -1.10811 -0.00480529 0.639479 0 0
0 0 922 0.209715 -0.0982329 0.172387 0.759345 0 0
0 0 923 0.264061 -0.74915 -0.590354 -0.73319 0 0
0 0 924 0.648251 -0.756271 -0.539248 -0.814252 0 0
0 0 925 -0.849679 -1.97963 0.526076 0.500545 0 0
0 0 926 -0.818546 1.50497 -0.175546 0.173465 0 0
0 0 927 -0.239547 -0.576527 -1.46946 -0.790658 0 0
0 0 928 0.00356328 1.42975 -0.0919916 -0.307224 0 0
0 0 929 -0.078177 0.334804 0.01871 -0.0796853 0 0
0 0 930 -0.42582 0.745925 -1.52075 -0.100321 0 0
0 0 931 0.514918 -0.130117 -0.378228 0.783705 0 0
0 0 932 0.647674 1.01276 0.323737 -1.53464 0 0
0 0 933 0.837233 -0.940904 -0.764897 1.22358 0 0
0 0 934 0.258272 0.385742 -0.986988 -0.350091 0 0
0 0 935 -0.658494 -0.562754 -0.520262 -0.375823 0 0
0 0 936 -0.136207 0.701816 -1.2538 0.316885 0 0
0 0 937 0.712858 0.566888 -0.139806 -0.568762 0 0
0 0 938 0.576713 -0.382155 -1.28783 -0.0525338 0 0
0 0 939 0.175963 0.546104 -0.719298 0.369139 0 0
0 0 940 -0.596808 0.233801 -2.03512 0.529125 0 0
0 0 941 0.281013 0.886557 0.250493 -0.624725 0 0
0 0 942 0.522679 0.0487324 -0.0128841 -0.525165 0 0
0 0 943 0.695851 -0.465727 0.0731348 -0.0821368 0 0
0 0 944 0.425684 0.0145278 0.212867 0.134725 0 0
0 0 945 0.858015 -0.612356 -0.899452 -0.370678 0 0
0 0 946 0.523326 0.661256 -0.599102 -0.851023 0 0
0 0 947 0.554 -0.727868 -0.870606 0.450202 0 0
0 0 948 1.63736 -0.0103507 -0.105642 0.132318 0 0
0 0 949 0.517324 0.53463 0.61341 1.26799 0 0
0 0 950 1.49663 -0.993377 -0.785403 -0.0633281 0 0
0 0 951 0.20469 0.55696 -1.34449 -0.0871142 0 0
0 0 952 -0.40174 0.598155 -0.794735 -1.13947 0 0
0 0 953 0.818747 -0.0426082 -1.23295 0.487376 0 0
0 0 954 -0.0891319 0.389556 -1.6252 0.293037 0 0
0 0 955 1.23535 0.327664 -0.816617 0.569082 0 0
0 0 956 1.944 0.149192 -1.43765 0.0149247 0 0
0 0 957 2.17695 -0.123114 -2.13887 -0.1703 0 0
0 0 958 1.53182 0.2344 -1.97885 -0.0016932 0 0
0 0 959 2.05527 0.461838 -1.20709 -0.316275 0 0
0 0 960 1.8262 0.0803792 -1.42475 -0.135217 0 0
0 0 961 2.30997 0.173538 -2.16304 -0.493086 0 0
0 0 962 2.84433 0.806569 -2.6729 1.53175 -36.6042 6.73615
0 0 963 3.47668 -0.715379 -1.82508 -0.856845 0 0
0 0 964 3.64906 1.01773 -3.01656 0.253133 -35.6783 5.91192
0 0 965 3.04215 0.589805 -2.69455 0.193862 -38.8267 6.80776
0 0 966 4.46753 0.442057 -3.22482 0.136565 -41.0973 5.76265
0 0 967 3.99192 1.52907 -3.77259 -0.577823 -33.9684 4.63088
0 0 968 3.71313 0.876363 -3.68227 0.467329 -38.3065 4.96264
0 0 969 5.23695 0.868402 -4.4697 0.814485 -39.5026 4.12253
0 0 970 4.67005 1.73123 -4.95502 -0.452364 -35.3706 3.58682
0 0 971 5.64777 1.63547 -4.40347 -0.347805 -34.8124 4.00985
0 0 972 5.862 1.06971 -4.91885 -0.324915 -38.8654 3.73031
0 0 973 6.26625 0.222261 -5.651 0.272996 -43.8738 3.31444
0 0 974 6.31332 -0.159155 -5.64214 0.11967 -45.8079 3.32079
0 0 975 8.35672 1.44669 -6.85443 -1.50855 -39.0411 2.68018
0 0 976 7.92673 2.78691 -6.33085 -0.152009 -33.1202 2.72759
0 0 977 9.03084 3.39987 -7.20461 1.01206 -32.3686 2.37018
0 0 978 8.45287 2.82693 -7.42892 0.202832 -34.5833 2.3702
0 0 979 8.40136 2.75414 -8.50285 0.253374 -36.0262 2.10519
0 0 980 7.65251 1.27998 -7.3711 0.240812 -40.0745 2.5083
0 0 981 7.52177 2.16032 -8.1818 -0.180108 -37.6046 2.22082
0 0 982 8.89638 2.22589 -7.59554 0.127774 -36.8333 2.3757
0 0 983 8.75866 0.876359 -7.95485 -0.180281 -41.8566 2.34317
0 0 984 8.02158 1.74323 -7.98007 0.311621 -38.8387 2.2989
0 0 985 7.50284 0.757903 -8.0284 -0.703088 -42.3036 2.32512
0 0 986 7.74719 1.37458 -7.6098 -0.272868 -39.8804 2.42694
0 0 987 8.33274 0.94349 -5.45915 -0.358415 -40.0973 3.3872
0 0 988 7.08243 0.1053 -7.15559 -0.825535 -44.5785 2.61912
0 0 989 8.16256 1.43526 -8.36161 0.12231 -40.1301 2.21185
0 0 990 7.06594 0.891051 -6.51135 0.203709 -41.1039 2.8541
0 0 991 7.65628 0.337888 -6.29951 -0.360573 -43.4649 2.97142
0 0 992 8.38693 1.73373 -7.19214 -0.858526 -38.2234 2.53917
0 0 993 9.12304 0.281561 -6.28808 0.180813 -43.7181 2.97801
0 0 994 8.532 0.442366 -7.13301 -0.491214 -43.2256 2.62304
0 0 995 7.76807 0.174479 -7.07971 0.456717 -44.2941 2.64672
0 0 996 8.09776 0.93326 -7.90725 -0.177831 -41.6344 2.35536
0 0 997 8.0902 1.10894 -7.22758 -0.43408 -40.6385 2.5657
0 0 998 8.40642 -0.0586147 -6.88348 0.740842 -45.2439 2.72283
0 0 999 8.30644 0.875757 -7.53381 0.117263 -41.6847 2.47258
0 0 1000 8.30711 1.26065 -7.18197 -0.464687 -40.0221 2.57359
0 0 1001 8.09865 0.333503 -8.15247 -0.636895 -43.8287 2.29732
0 0 1002 9.20414 1.10852 -7.8371 0.493462 -40.9746 2.36993
0 0 1003 7.35326 1.43606 -7.9244 -0.58952 -39.8642 2.33036
0 0 1004 8.04495 1.79127 -7.50572 0.180971 -38.2886 2.43431
0 0 1005 9.59634 0.169855 -8.70912 -0.500846 -44.4413 2.15176
0 0 1006 9.09615 0.664138 -8.07301 -0.205833 -42.6485 2.31453
0 0 1007 9.16466 0.965449 -9.1728 0.536769 -41.9958 2.03303
0 0 1008 9.96996 0.880747 -9.25276 -0.0667741 -42.2813 2.01731
0 0 1009 12.7348 -0.396656 -10.1976 -0.186413 -46.1138 1.83672
0 0 1010 13.0962 2.20383 -11.6089 -0.0452498 -39.6255 1.58847
0 0 1011 14.0963 1.60498 -12.4678 0.681573 -41.3323 1.49202
0 0 1012 13.2253 -0.474273 -12.2632 -0.299826 -46.1074 1.52736
0 0 1013 13.7814 1.40828 -14.1737 -0.521447 -42.1629 1.31644
0 0 1014 13.8203 2.32888 -13.3665 0.372115 -40.0582 1.3831
0 0 1015 15.8138 0.907265 -14.3746 0.639691 -43.1943 1.30154
0 0 1016 16.5682 0.654909 -15.7347 -0.986327 -43.8083 1.19026
0 0 1017 18.5841 0.558517 -15.784 0.236294 -43.9867 1.1868
0 0 1018 18.3657 -0.317252 -17.1727 -0.979044 -45.5292 1.09128
0 0 1019 20.9712 1.23785 -17.2623 -1.03927 -42.9492 1.08323
0 0 1020 21.4531 2.08609 -19.1942 -0.47667 -41.8986 0.971251
0 0 1021 23.4136 0.858052 -20.5832 0.454659 -43.8064 0.909882
0 0 1022 23.5393 -1.27557 -21.5763 -0.996327 -46.6917 0.867303
0 0 1023 25.9511 0.100488 -23.2422 1.0424 -44.8761 0.806423
