# File: uwl_230903_094500_Combined.rf.sbF2.RMC_aux Src: J1713+0747 Nsub: 1 Nch: 1 Npol: 4 Nbin: 1024 RMS: 0.679622
0 0 0 2.08247 0.52 0.241361 0.300158 0 0
0 0 1 0.622763 -0.799593 0.672715 0.864022 0 0
0 0 2 1.08959 -0.48833 0.568274 -0.0686377 0 0
0 0 3 1.41292 -0.420342 0.0406151 0.677487 0 0
0 0 4 0.821454 -0.478012 -0.122855 -0.188054 0 0
0 0 5 0.749436 -0.10468 0.214775 -1.6872 0 0
0 0 6 1.16981 -0.71103 0.392757 -0.479384 0 0
0 0 7 1.32041 0.0660571 0.32651 -1.08644 0 0
0 0 8 1.23179 -0.00812542 -0.279716 0.156319 0 0
0 0 9 0.69408 -0.450084 0.680661 -1.03627 0 0
0 0 10 0.860129 -0.36175 0.174676 0.875768 0 0
0 0 11 1.09758 0.822381 0.322293 -1.04737 0 0
0 0 12 1.00987 0.203263 -0.428666 -1.41051 0 0
0 0 13 2.1872 -1.03828 1.52493 0.840423 0 0
0 0 14 1.32348 0.888041 -0.353524 -0.285288 0 0
0 0 15 1.89771 -0.0270388 -0.256031 -0.184206 0 0
0 0 16 0.91021 -0.739497 -0.0239078 0.731656 0 0
0 0 17 1.05541 0.125416 -0.279546 1.17121 0 0
0 0 18 1.10149 0.784104 -0.0769409 -0.597666 0 0
0 0 19 0.712445 0.260886 -0.0345245 -0.233201 0 0
0 0 20 2.29207 -0.086954 0.993513 0.263324 0 0
0 0 21 0.415266 -0.534973 0.0543911 -0.347313 0 0
0 0 22 1.97202 0.379144 0.848537 -0.390647 0 0
0 0 23 1.46931 -0.563753 1.2514 -0.170143 0 0
0 0 24 1.99211 -0.179276 -0.140535 -1.46781 0 0
0 0 25 1.61569 -0.438962 1.59431 -0.295082 0 0
0 0 26 1.42721 0.728892 2.05779 -0.236594 35.2477 8.54588
0 0 27 0.936229 -0.670788 1.07595 0.429856 0 0
0 0 28 2.61375 0.522432 0.626035 0.331864 0 0
0 0 29 2.64461 -1.49773 1.26612 -0.515367 0 0
0 0 30 1.70834 -1.29712 1.88799 -0.158952 62.2453 8.16734
0 0 31 2.47727 0.920563 2.2028 -0.734181 33.6598 7.8183
0 0 32 3.18814 -1.93834 1.55637 1.22972 70.6188 7.55473
0 0 33 2.18671 -0.0735335 2.12654 -1.21679 0 0
0 0 34 1.63774 -0.65729 2.99184 -0.202731 51.1954 6.08513
0 0 35 2.64088 -1.45866 1.39386 0.38739 0 0
0 0 36 3.29238 -0.458853 1.26353 -0.384024 0 0
0 0 37 3.10885 -0.865474 1.46587 0.421435 0 0
0 0 38 2.27233 0.10336 1.87346 -1.29956 0 0
0 0 39 2.58155 -0.8916 2.04 -0.416259 56.8041 8.38532
0 0 40 3.17834 -1.34303 2.65831 0.00572846 58.4019 6.27174
0 0 41 2.23989 -1.34284 2.73513 0.180216 58.0746 6.12963
0 0 42 1.99907 -0.627191 2.08757 -1.29269 53.3612 8.55558
0 0 43 3.65667 -0.6971 1.87535 0.663392 0 0
0 0 44 3.58574 -1.80099 2.61926 -1.25879 62.2561 5.8856
0 0 45 1.70962 -0.204241 1.96291 -0.970481 0 0
0 0 46 1.70665 -1.16049 1.93298 -1.01538 60.4895 8.29182
0 0 47 2.17997 -0.85423 1.28868 0.681582 0 0
0 0 48 3.119 -1.5318 1.98597 -1.02368 63.8217 7.46446
0 0 49 3.13442 -0.0506383 3.12828 -1.2429 45.4637 5.95406
0 0 50 3.28662 -0.207286 1.01776 -0.783284 0 0
0 0 51 1.7381 -1.11254 2.21691 0.356976 58.3247 7.53048
0 0 52 2.27281 0.368436 0.738984 0.366922 0 0
0 0 53 2.42554 -0.113767 1.91345 0.122449 0 0
0 0 54 1.38988 -1.0487 0.493981 -0.350895 0 0
0 0 55 1.86383 -1.41089 1.02068 -0.63264 0 0
0 0 56 1.11885 -0.0950962 1.87531 -0.451482 0 0
0 0 57 2.29444 -1.50741 0.607583 -0.551516 0 0
0 0 58 0.174196 -0.260042 1.4048 -0.627412 0 0
0 0 59 2.05103 -1.14426 1.38897 1.50915 0 0
0 0 60 2.05391 -0.573669 0.125136 -0.199209 0 0
0 0 61 2.34605 -0.445005 0.612193 -0.217841 0 0
0 0 62 1.73996 -0.498172 1.20357 -0.134894 0 0
0 0 63 0.971915 -0.510348 0.584108 -0.0111586 0 0
0 0 64 -0.355021 -0.415228 0.0908262 0.267958 0 0
0 0 65 0.750623 -1.32634 2.63807 -1.10717 58.3459 6.32595
0 0 66 2.05953 0.344572 0.332643 0.16317 0 0
0 0 67 1.98414 -0.796074 1.62114 0.440384 0 0
0 0 68 1.75657 -0.571595 -0.0849042 -0.204075 0 0
0 0 69 1.03797 -0.307039 -0.229683 -0.313966 0 0
0 0 70 -0.155571 0.0989161 0.0745139 -0.867888 0 0
0 0 71 1.11192 -0.152227 0.955332 0.123316 0 0
0 0 72 1.17991 -0.0505622 -0.224652 -0.528132 0 0
0 0 73 1.02783 0.531183 0.74027 -0.269812 0 0
0 0 74 -0.412242 -0.0530972 -0.144381 0.626943 0 0
0 0 75 -0.190949 -0.0839498 -0.362435 -0.415024 0 0
0 0 76 -0.176617 0.338302 0.540446 -0.338246 0 0
0 0 77 1.28125 -0.610596 -0.394991 0.00242849 0 0
0 0 78 1.33984 -0.515421 0.162867 -0.307836 0 0
0 0 79 0.166931 0.381698 -0.026755 0.931946 0 0
0 0 80 0.55051 1.26459 0.700482 0.391374 0 0
0 0 81 0.142244 -0.0609301 -0.850669 0.915057 0 0
0 0 82 -0.0103511 -0.0450051 0.116898 0.867334 0 0
0 0 83 -0.175439 -0.461728 1.24096 -0.444293 0 0
0 0 84 -0.0626825 0.612431 0.87692 -0.992892 0 0
0 0 85 0.574888 -1.27998 -0.214347 -0.195064 0 0
0 0 86 0.0393098 -0.671941 -0.791837 -0.0563913 0 0
0 0 87 -0.121569 0.441321 -0.282771 0.131584 0 0
0 0 88 0.934867 -0.377971 0.229964 0.927576 0 0
0 0 89 -0.393045 -0.381948 -0.38697 -0.0297667 0 0
0 0 90 0.00913584 0.68605 -0.217214 0.423914 0 0
0 0 91 -0.0444991 0.100848 0.122903 0.03576 0 0
0 0 92 0.697175 -0.691818 -0.0440089 -0.831297 0 0
0 0 93 -0.240195 -0.952706 -0.899815 0.670764 0 0
0 0 94 1.16496 -0.473084 0.908222 0.218671 0 0
0 0 95 -0.764349 -1.47497 -0.917418 -0.0115331 0 0
0 0 96 -0.140255 -0.198135 0.782552 -0.692893 0 0
0 0 97 0.840321 -0.806418 0.958395 0.541192 0 0
0 0 98 0.710772 -0.800452 0.269614 -0.593653 0 0
0 0 99 0.150178 -0.968636 0.523171 0.253879 0 0
0 0 100 -0.30944 0.281417 1.10788 -0.0358471 0 0
0 0 101 -0.552172 1.09662 0.069584 -0.950652 0 0
0 0 102 1.10694 0.0645061 0.900573 -0.274232 0 0
0 0 103 0.433143 -0.0831616 0.0554541 0.627973 0 0
0 0 104 -0.01239 0.257814 0.0417418 0.256264 0 0
0 0 105 -0.494755 -0.566994 -0.512629 0.269429 0 0
0 0 106 0.190857 -0.0985008 0.567544 -0.201229 0 0
0 0 107 0.73202 1.2237 -0.578563 1.58976 0 0
0 0 108 -0.0959337 0.187752 0.322115 0.44509 0 0
0 0 109 -0.51859 1.0938 -0.418276 0.0401878 0 0
0 0 110 -0.0562184 0.493169 -1.1711 0.419919 0 0
0 0 111 0.52646 0.524999 0.389716 0.49886 0 0
0 0 112 0.179625 0.433656 0.488888 0.0602756 0 0
0 0 113 0.0583129 1.42807 -0.592844 -0.165721 0 0
0 0 114 0.684428 -0.201614 0.554629 -0.717337 0 0
0 0 115 0.393851 0.321815 -1.0063 -0.289216 0 0
0 0 116 0.920823 -0.412576 -0.100426 0.327491 0 0
0 0 117 -1.24644 0.409717 0.105476 0.49676 0 0
0 0 118 0.471518 -0.22342 1.44272 0.361674 0 0
0 0 119 -0.405231 -0.12537 0.31139 0.482463 0 0
0 0 120 -0.519005 0.244554 0.498985 -0.846264 0 0
0 0 121 0.111226 0.185758 1.1392 1.11169 0 0
0 0 122 -0.617117 0.0190806 -0.127039 0.475629 0 0
0 0 123 -0.14039 0.506438 -0.135784 0.262506 0 0
0 0 124 -0.69997 -0.845235 -0.755377 0.318431 0 0
0 0 125 -0.279506 -0.6181 1.18836 0.633701 0 0
0 0 126 -0.658303 -0.166407 -0.462469 0.259357 0 0
0 0 127 0.815551 0.537406 -0.389015 -0.245634 0 0
0 0 128 0.87832 -1.39816 -0.514822 -0.251484 0 0
0 0 129 -0.0586778 -0.707247 0.535315 -0.135453 0 0
0 0 130 0.20237 0.0660692 -1.45028 0.351159 0 0
0 0 131 -0.556506 0.234067 -0.752608 -0.0505172 0 0
0 0 132 0.601155 -0.179787 0.383568 -0.503866 0 0
0 0 133 1.13082 0.378012 0.393364 -0.131741 0 0
0 0 134 0.475975 0.204411 -0.592785 0.542872 0 0
0 0 135 0.622356 -0.664731 -1.88351 -0.100059 0 0
0 0 136 1.68598 -0.384317 -0.119665 0.609471 0 0
0 0 137 1.264 0.379065 0.762968 -1.01941 0 0
0 0 138 -0.323717 1.87846 -0.0598156 0.183322 0 0
0 0 139 -0.897157 -0.472303 -0.42098 -0.276433 0 0
0 0 140 -0.0701494 0.102439 0.29765 -0.307054 0 0
0 0 141 -0.511591 -0.570455 0.815559 -0.405915 0 0
0 0 142 -0.761853 -0.818277 0.539125 0.215712 0 0
0 0 143 0.468806 -0.605501 -0.421233 -0.000289231 0 0
0 0 144 -0.647727 0.91583 0.0394413 -0.762758 0 0
0 0 145 0.759521 0.15421 0.231946 0.8678 0 0
0 0 146 -0.124708 -0.676603 -0.0920455 -0.755129 0 0
0 0 147 0.240512 -0.743448 -1.18547 -0.125853 0 0
0 0 148 1.03358 0.297166 0.62776 -0.511163 0 0
0 0 149 0.545136 0.975242 -0.0333835 0.430732 0 0
0 0 150 -0.239933 -0.139277 0.262601 0.655933 0 0
0 0 151 -1.29145 -0.374162 0.121823 -0.360175 0 0
0 0 152 -1.02733 0.7848 -0.345861 1.2601 0 0
0 0 153 -0.933891 -0.98355 -0.668852 0.0467832 0 0
0 0 154 0.0460057 -0.855652 0.806732 0.578063 0 0
0 0 155 -0.613197 -0.370899 -0.564881 0.199172 0 0
0 0 156 -0.459812 0.104214 -1.22226 -0.790518 0 0
0 0 157 -0.277063 0.435443 -0.305573 0.977177 0 0
0 0 158 -0.873298 -0.425668 -0.0684251 -0.236096 0 0
0 0 159 -0.359731 -0.712984 0.125747 0.469044 0 0
0 0 160 0.971041 0.0896498 -0.375587 -0.176686 0 0
0 0 161 -1.155 -0.618975 -0.964737 0.104462 0 0
0 0 162 -0.286835 0.193503 0.468017 -0.289993 0 0
0 0 163 -0.207482 0.0798482 -0.903651 1.2737 0 0
0 0 164 0.335992 0.400969 0.463589 0.0506912 0 0
0 0 165 -0.766521 -1.16659 0.236043 -0.186536 0 0
0 0 166 -0.414402 -0.443753 -0.278122 -0.47964 0 0
0 0 167 0.652366 -0.915818 -0.292934 -0.924524 0 0
0 0 168 -1.31639 0.204815 0.744176 0.608465 0 0
0 0 169 -1.09453 -0.767925 0.888484 1.03615 0 0
0 0 170 -0.951802 1.07755 -0.607262 1.24174 0 0
0 0 171 -0.776554 0.236147 -0.0471775 0.465145 0 0
0 0 172 0.0734256 0.597489 0.00144927 2.0797 0 0
0 0 173 0.516816 -0.183084 -1.03903 -0.623989 0 0
0 0 174 0.674451 -0.923577 0.614845 0.630825 0 0
0 0 175 0.324076 0.258109 -0.245089 0.803311 0 0
0 0 176 -0.0807297 0.117032 -0.105871 0.370916 0 0
0 0 177 -0.25411 -1.23268 1.50576 0.656377 0 0
0 0 178 -0.453071 0.0310135 -0.808903 -0.375265 0 0
0 0 179 0.267321 -0.503861 0.371464 0.273929 0 0
0 0 180 0.889523 0.393982 -1.16394 0.373041 0 0
0 0 181 -0.813103 -0.643662 1.12886 -0.421954 0 0
0 0 182 -0.0395102 -0.765409 -0.172542 -0.0897902 0 0
0 0 183 -0.087289 1.30647 -1.64903 -0.150792 0 0
0 0 184 -0.84408 0.556563 -0.367272 -0.158182 0 0
0 0 185 -0.482293 1.01992 -0.265643 0.389104 0 0
0 0 186 0.266475 0.717816 0.723047 1.0206 0 0
0 0 187 -0.319487 -0.316402 0.151009 -0.563597 0 0
0 0 188 0.0696341 -0.417536 -1.02341 0.114428 0 0
0 0 189 0.221737 0.115183 -0.241359 -0.540507 0 0
0 0 190 0.978264 0.472839 0.439143 -1.33354 0 0
0 0 191 -0.0983577 -0.41427 -0.406535 0.200056 0 0
0 0 192 0.181308 1.05877 1.18096 -0.837851 0 0
0 0 193 0.257282 -0.00988095 -0.818533 -0.91927 0 0
0 0 194 -0.677954 -0.486824 -0.589343 -0.479944 0 0
0 0 195 0.468034 -0.577521 0.720179 0.428574 0 0
0 0 196 0.306739 0.21771 -0.518104 0.352546 0 0
0 0 197 -0.0866088 0.712105 -0.554805 0.36513 0 0
0 0 198 0.688544 1.13516 -0.365834 -0.943925 0 0
0 0 199 0.360468 -1.20059 0.732679 -1.18049 0 0
0 0 200 0.319047 -0.42831 0.21431 0.351207 0 0
0 0 201 0.540506 -0.806407 -0.901133 -0.110315 0 0
0 0 202 0.372147 0.23109 0.565125 -0.0676525 0 0
0 0 203 0.317749 -0.607022 -1.13037 0.0991818 0 0
0 0 204 -0.63425 -0.100872 0.122381 0.0659307 0 0
0 0 205 -0.343701 -0.186752 0.590136 0.956886 0 0
0 0 206 0.429593 0.371773 -1.09838 1.52819 0 0
0 0 207 -0.374876 -0.505457 -0.50672 0.475938 0 0
0 0 208 1.347 -0.455409 -0.68713 0.263328 0 0
0 0 209 0.528606 0.604332 1.03339 -0.924017 0 0
0 0 210 0.306929 -0.289669 0.822253 0.26343 0 0
0 0 211 -0.481682 -0.745137 -0.467671 0.100811 0 0
0 0 212 -0.268066 -1.25835 0.0844589 0.461248 0 0
0 0 213 0.526254 -0.0669649 -0.243658 -0.420217 0 0
0 0 214 -0.247608 0.114762 0.385386 -1.19185 0 0
0 0 215 -0.731657 0.511512 0.0252214 0.362991 0 0
0 0 216 -0.0050588 1.00387 -0.625518 -0.00666132 0 0
0 0 217 0.772233 0.976517 -1.17963 -0.851613 0 0
0 0 218 0.224024 1.04141 -1.10442 0.0608241 0 0
0 0 219 -0.840035 -0.156409 -0.404789 0.0615894 0 0
0 0 220 0.390851 0.311474 -0.266018 -0.290441 0 0
0 0 221 0.0686536 -0.0383032 -0.182363 0.335993 0 0
0 0 222 -0.123648 -0.423001 0.433502 1.34359 0 0
0 0 223 -0.204591 -0.646974 0.218942 0.0278844 0 0
0 0 224 -0.16813 0.778548 -0.498459 0.223409 0 0
0 0 225 0.0995039 1.4369 -0.570992 0.811155 0 0
0 0 226 -0.943588 -0.347606 0.998342 0.306535 0 0
0 0 227 0.587624 -0.903969 0.292381 0.496115 0 0
0 0 228 0.247992 1.07025 -0.0161245 -0.211641 0 0
0 0 229 -0.73341 -0.129522 0.805032 -0.640948 0 0
0 0 230 -0.458286 -0.102574 0.768355 0.281568 0 0
0 0 231 -0.407146 -0.14166 -1.55335 1.01486 0 0
0 0 232 0.555813 0.535795 0.21568 0.532818 0 0
0 0 233 0.905082 -1.28442 -1.22913 0.532714 0 0
0 0 234 -0.491958 -0.0158277 0.0439634 0.426953 0 0
0 0 235 -0.0110199 0.420748 -0.381189 0.195742 0 0
0 0 236 -0.0196596 0.274509 -0.694739 1.53511 0 0
0 0 237 0.519146 -0.102732 0.409016 0.406626 0 0
0 0 238 -0.0118367 -0.340282 -0.483961 0.955468 0 0
0 0 239 0.109173 0.544963 -0.665156 0.123713 0 0
0 0 240 0.803093 -0.0942171 -0.127098 0.46026 0 0
0 0 241 -0.207801 0.0558748 -0.212372 -1.00668 0 0
0 0 242 0.00250611 -0.976707 0.495456 -0.291495 0 0
0 0 243 0.737007 -0.44786 0.728331 0.347814 0 0
0 0 244 -0.380092 0.342413 -0.0115388 1.28462 0 0
0 0 245 1.44977 0.371349 -1.00955 -0.0521198 0 0
0 0 246 0.262353 0.217544 -0.498362 -0.345804 0 0
0 0 247 -0.239841 -0.218465 0.104055 0.177832 0 0
0 0 248 -1.00876 0.566951 0.934485 -0.227878 0 0
0 0 249 -0.966988 -1.79978 0.498558 -0.495282 0 0
0 0 250 0.320347 -0.061699 0.796384 -1.3534 0 0
0 0 251 0.541732 0.318808 -0.610281 0.641979 0 0
0 0 252 0.929466 -0.220531 0.589349 -0.514303 0 0
0 0 253 -0.434784 0.218107 -0.468697 -0.39962 0 0
0 0 254 0.870129 -0.719506 0.490722 0.0659901 0 0
0 0 255 0.537642 0.590764 -0.337789 -0.210764 0 0
0 0 256 0.558963 -0.15913 -0.00350244 0.0431582 0 0
0 0 257 -0.142837 0.173065 0.292674 0.510113 0 0
0 0 258 0.477317 -1.27332 -0.478111 0.104752 0 0
0 0 259 0.556276 -0.404265 -0.70514 0.330004 0 0
0 0 260 -0.160455 -0.0417543 -0.402731 1.24497 0 0
0 0 261 0.672453 -0.218697 -0.265143 0.652495 0 0
0 0 262 1.80853 -0.510558 -0.148632 0.196912 0 0
0 0 263 1.02115 -0.806907 -0.732209 -0.0623209 0 0
0 0 264 0.201875 0.116751 0.154398 0.782173 0 0
0 0 265 0.192662 -0.069719 -0.304148 0.528301 0 0
0 0 266 -0.509254 -1.13887 0.377666 1.26373 0 0
0 0 267 0.0556473 -0.19409 -0.225016 0.029578 0 0
0 0 268 -0.099641 -0.112225 -0.108669 1.38265 0 0
0 0 269 -0.548565 0.809525 -0.792895 -0.0389478 0 0
0 0 270 0.334609 0.0585046 -0.126898 0.276774 0 0
0 0 271 -0.320962 -0.954726 0.300856 -1.72636 0 0
0 0 272 0.243851 0.205536 0.655279 0.663853 0 0
0 0 273 0.322828 0.0933498 -0.806952 -0.915894 0 0
0 0 274 0.191319 0.0640628 -0.830801 -1.47187 0 0
0 0 275 0.0332125 0.143107 0.556447 -0.427342 0 0
0 0 276 -0.827892 -0.289492 -0.212335 -0.494317 0 0
0 0 277 0.679243 0.935603 -0.664699 0.909777 0 0
0 0 278 1.24896 0.0620561 0.180574 -1.10334 0 0
0 0 279 0.713559 -0.900356 0.115228 -0.0675123 0 0
0 0 280 -0.126228 -0.0711465 -1.74635 -0.143284 0 0
0 0 281 -0.248933 -1.89603 -0.415475 0.461476 0 0
0 0 282 0.467026 -1.72247 0.409778 -0.745911 0 0
0 0 283 -0.186553 -0.233232 0.206134 1.71069 0 0
0 0 284 -0.0931709 0.119861 -0.191053 0.129899 0 0
0 0 285 -0.151593 -0.382341 -0.765426 -0.0312466 0 0
0 0 286 1.71279 -0.218843 -0.604624 -1.61249 0 0
0 0 287 0.780172 1.03542 0.677988 -0.108044 0 0
0 0 288 0.791836 -0.0354678 -0.302067 0.00962028 0 0
0 0 289 1.55552 -0.645266 -1.25909 -0.352227 0 0
0 0 290 0.679827 -0.195292 -0.339317 -0.67802 0 0
0 0 291 1.00757 -0.887406 0.525888 0.554258 0 0
0 0 292 -0.605272 0.176923 -1.85214 -0.0941634 0 0
0 0 293 0.18554 -0.140021 0.315718 -0.0332953 0 0
0 0 294 -0.253869 0.21221 -0.534164 0.490559 0 0
0 0 295 0.670825 -0.138082 0.171001 -0.158083 0 0
0 0 296 -0.015456 -0.255169 -0.124001 0.947691 0 0
0 0 297 -0.335457 0.642193 0.0671338 -1.14049 0 0
0 0 298 0.0623673 -0.580826 -0.495185 0.368102 0 0
0 0 299 0.40287 0.532519 1.57287 1.05492 0 0
0 0 300 0.518993 1.25406 -0.320411 -0.0706189 0 0
0 0 301 0.477204 0.211546 -0.363223 -1.0273 0 0
0 0 302 -0.178389 1.02606 0.479355 0.226675 0 0
0 0 303 -0.285773 0.315391 -0.207503 -0.158186 0 0
0 0 304 1.47495 0.486784 0.522786 -0.514165 0 0
0 0 305 0.655876 -0.639671 -0.577047 0.5119 0 0
0 0 306 -0.00366609 0.175719 1.05519 0.295537 0 0
0 0 307 -0.529533 -0.863458 0.608684 0.461579 0 0
0 0 308 1.2432 -0.495671 -0.655289 -0.0221919 0 0
0 0 309 0.0335505 0.00568703 -0.0305221 -0.190823 0 0
0 0 310 -0.133511 -0.711816 0.593503 0.418785 0 0
0 0 311 0.418177 -0.00717551 0.18869 -0.701021 0 0
0 0 312 0.731934 -0.484866 -1.01582 0.282852 0 0
0 0 313 -0.182058 -0.618453 0.426988 -0.091201 0 0
0 0 314 1.29645 -0.633844 -0.413774 0.190567 0 0
0 0 315 0.620786 -0.667146 1.12806 -0.184029 0 0
0 0 316 0.23167 -0.0559286 0.313776 -0.334411 0 0
0 0 317 -0.734094 0.315762 -0.48964 -0.348406 0 0
0 0 318 -0.790768 -0.0300599 -0.924247 0.503579 0 0
0 0 319 -0.56349 0.652847 0.670767 -0.381136 0 0
0 0 320 0.594022 0.11519 -0.278407 0.0859467 0 0
0 0 321 -1.18693 0.129994 -0.766186 -0.840366 0 0
0 0 322 0.660339 0.0188823 -0.0664592 0.0589708 0 0
0 0 323 0.625613 -0.0767925 -0.556804 -0.371814 0 0
0 0 324 -0.159759 -0.448633 -0.108603 0.402958 0 0
0 0 325 -0.753611 -0.444059 -1.29293 1.15054 0 0
0 0 326 1.16661 -0.730764 1.05405 0.152818 0 0
0 0 327 0.403172 -0.689119 -0.516686 0.832818 0 0
0 0 328 0.522858 -0.964835 -1.33438 -0.771748 0 0
0 0 329 -0.0922336 -0.188087 -0.0897633 -0.214622 0 0
0 0 330 -0.333443 -0.873324 0.460216 -0.446591 0 0
0 0 331 0.234379 1.1082 0.374796 0.642072 0 0
0 0 332 -0.142025 -0.133242 0.646142 0.426985 0 0
0 0 333 -0.395045 -0.646832 0.0496261 -0.435417 0 0
0 0 334 -0.869763 0.482066 0.408345 0.621501 0 0
0 0 335 1.3189 -0.0931646 1.20828 0.565969 0 0
0 0 336 0.571981 -0.404444 -0.411562 -0.239406 0 0
0 0 337 -0.870633 0.506715 -0.0553521 0.210364 0 0
0 0 338 -0.238227 -0.431149 0.956084 0.41248 0 0
0 0 339 0.17847 0.82449 0.294541 -0.0702119 0 0
0 0 340 0.110013 0.664877 0.39521 -0.104621 0 0
0 0 341 0.586006 1.77151 -0.492697 0.148855 0 0
0 0 342 -0.121273 0.444581 1.63967 0.0527398 0 0
0 0 343 0.505704 0.766516 1.14274 -0.690472 0 0
0 0 344 0.606179 -0.236737 0.1698 -0.753116 0 0
0 0 345 -0.170858 -0.66202 0.829308 -0.466621 0 0
0 0 346 0.751201 0.262162 -1.0033 -0.259911 0 0
0 0 347 -0.487839 -0.52198 0.396757 0.0610376 0 0
0 0 348 0.914399 -0.625238 -0.163273 0.0152969 0 0
0 0 349 -1.44819 -0.0129722 0.970149 1.07908 0 0
0 0 350 0.891834 0.626941 -0.193255 0.790253 0 0
0 0 351 0.383667 -1.24602 0.354925 -1.65728 0 0
0 0 352 0.399614 0.768499 -0.238825 0.791689 0 0
0 0 353 0.358165 -0.0580118 -0.432586 0.658064 0 0
0 0 354 0.531467 0.634067 -0.798936 -0.208544 0 0
0 0 355 -1.57306 -0.343723 -1.01502 -0.0965486 0 0
0 0 356 -0.749089 0.0518625 0.271431 -0.408725 0 0
0 0 357 -0.128788 0.585401 -0.180501 0.335776 0 0
0 0 358 0.763887 0.316861 -0.390205 0.778638 0 0
0 0 359 -1.10803 0.814441 -0.134567 0.186261 0 0
0 0 360 0.384118 0.209741 -0.0472201 0.449145 0 0
0 0 361 0.287776 -0.0365038 0.678645 1.47814 0 0
0 0 362 -0.339893 0.186801 0.409462 -0.901379 0 0
0 0 363 0.199561 0.442042 -0.808689 0.0446117 0 0
0 0 364 0.627947 -0.170817 -0.46405 -0.0550075 0 0
0 0 365 -0.756291 -0.348228 -0.503196 -0.716362 0 0
0 0 366 0.610978 -0.629816 0.109426 0.612693 0 0
0 0 367 -0.517762 0.599241 0.320996 -0.305922 0 0
0 0 368 0.206603 -0.400349 -0.196989 0.921974 0 0
0 0 369 0.430302 -0.0630195 -0.0832761 -0.188667 0 0
0 0 370 -0.086979 -0.0317663 -0.203232 -0.706011 0 0
0 0 371 0.00819375 -0.368229 -0.639835 0.193319 0 0
0 0 372 0.778621 -0.847731 -1.12562 -0.170825 0 0
0 0 373 1.03004 0.959238 0.577442 0.292306 0 0
0 0 374 -0.939879 -0.218215 -0.273629 0.202362 0 0
0 0 375 -0.225359 -1.35048 1.01704 0.515308 0 0
0 0 376 -0.773727 -1.10866 0.854727 -0.792556 0 0
0 0 377 -0.632433 -0.217391 -0.11145 -0.477266 0 0
0 0 378 0.396388 -0.0173524 -1.16429 2.06965 0 0
0 0 379 -0.54348 -0.0120147 -0.559449 0.636831 0 0
0 0 380 0.726113 -0.168508 -0.151664 0.236337 0 0
0 0 381 1.314 -1.48878 -0.257856 -0.420995 0 0
0 0 382 -1.10029 1.22184 -0.506754 -0.108566 0 0
0 0 383 0.61633 -0.0891326 0.32273 -0.707637 0 0
0 0 384 0.5005 -1.06467 -0.279728 0.435486 0 0
0 0 385 -0.345901 -0.451145 -1.27646 -0.0164141 0 0
0 0 386 -0.0476087 0.0290259 0.0863482 0.0106313 0 0
0 0 387 0.400332 -0.30405 -0.387554 -0.276022 0 0
0 0 388 -0.0979346 -0.91764 0.280734 -0.563571 0 0
0 0 389 0.270754 0.0278275 -0.539026 0.216809 0 0
0 0 390 -0.505877 -0.587158 -0.556545 -0.294237 0 0
0 0 391 0.766456 0.648244 -0.425621 1.17891 0 0
0 0 392 0.308569 -0.00566995 -0.512551 0.431579 0 0
0 0 393 -0.0398143 -1.87615 -0.486515 0.0381561 0 0
0 0 394 0.383071 -0.0955402 -0.738324 -0.110187 0 0
0 0 395 1.92259 -0.118207 0.539824 0.422391 0 0
0 0 396 0.118652 0.445405 -0.378568 -0.811356 0 0
0 0 397 -0.585943 0.490053 -0.0123997 1.01575 0 0
0 0 398 -0.271163 -0.187653 0.357536 -0.357011 0 0
0 0 399 -0.413255 -0.720845 0.95488 -0.0281967 0 0
0 0 400 0.477526 -0.439852 0.175723 -0.465733 0 0
0 0 401 0.483435 -0.251768 -0.716785 0.654544 0 0
0 0 402 1.31822 -0.50496 0.0851584 -0.503555 0 0
0 0 403 0.569579 0.226987 -1.30306 -0.195507 0 0
0 0 404 0.153325 -0.847709 0.0620737 0.485502 0 0
0 0 405 -1.39637 -0.633972 -0.18822 -0.00278384 0 0
0 0 406 0.325435 0.87986 0.226536 0.437947 0 0
0 0 407 -0.258808 0.40345 -0.0532563 0.275765 0 0
0 0 408 -0.16408 -0.366422 0.82984 0.166799 0 0
0 0 409 0.906824 -0.543308 0.588221 -0.279022 0 0
0 0 410 0.357587 -1.20382 0.206657 1.19077 0 0
0 0 411 -0.2763 -1.3635 0.116263 0.123232 0 0
0 0 412 -0.269744 0.389267 0.198531 0.350983 0 0
0 0 413 -0.773286 0.848869 -0.0436812 0.485341 0 0
0 0 414 0.024476 -0.317552 -0.733042 0.128033 0 0
0 0 415 -0.0540187 -1.16376 -0.699136 0.00977359 0 0
0 0 416 0.355752 0.453491 -0.00831486 -0.454859 0 0
0 0 417 -0.854851 0.225064 0.35642 -0.989768 0 0
0 0 418 -0.280996 0.639752 0.741626 0.464531 0 0
0 0 419 -0.239694 -0.835781 1.39558 0.515013 0 0
0 0 420 0.242163 0.156216 0.11872 0.277895 0 0
0 0 421 -0.36278 0.229483 0.917892 -0.550218 0 0
0 0 422 -0.377132 0.0551412 -0.562538 -0.848696 0 0
0 0 423 -0.255914 1.23586 -1.06608 -0.867457 0 0
0 0 424 -0.611971 0.184074 -0.518568 0.452173 0 0
0 0 425 -0.517997 0.220431 0.890545 -0.780286 0 0
0 0 426 -0.201103 -0.948433 -0.146624 0.641027 0 0
0 0 427 0.589445 -0.238597 1.06532 -0.20641 0 0
0 0 428 0.343213 1.09709 -0.00889499 -0.819045 0 0
0 0 429 0.196176 0.0398936 0.811066 -0.00483258 0 0
0 0 430 0.0165672 0.869361 0.885497 0.580711 0 0
0 0 431 -0.370006 0.0414307 -0.27977 0.714777 0 0
0 0 432 1.29217 0.747979 0.260238 0.126695 0 0
0 0 433 -0.686519 0.00960863 0.857521 -0.72703 0 0
0 0 434 -0.0998782 -0.0279119 -0.0490583 1.01706 0 0
0 0 435 0.0594408 0.615784 -0.580627 -0.527864 0 0
0 0 436 -1.02709 -0.112946 -0.10232 0.555653 0 0
0 0 437 0.866086 0.0739945 -0.346007 -0.612097 0 0
0 0 438 1.23081 -0.456385 -0.214274 -0.455376 0 0
0 0 439 0.434611 0.061872 -0.630235 0.0265064 0 0
0 0 440 0.0163146 0.1122 0.512894 -0.119896 0 0
0 0 441 -0.0211185 -0.720226 0.407755 0.744885 0 0
0 0 442 0.609962 -0.475742 0.620997 1.20178 0 0
0 0 443 0.130833 -0.467731 0.242688 0.302202 0 0
0 0 444 0.275976 -0.809705 -0.769998 -0.164043 0 0
0 0 445 -0.243671 0.120031 -0.259278 0.063201 0 0
0 0 446 -0.707398 0.369511 -0.140775 0.522504 0 0
0 0 447 0.332783 1.16494 0.426705 0.554579 0 0
0 0 448 0.365462 1.08979 0.129213 0.78616 0 0
0 0 449 0.271375 -0.803073 0.256946 -1.61642 0 0
0 0 450 -1.22524 -0.991958 0.0763652 -0.299356 0 0
0 0 451 0.0375054 -0.154299 -0.348459 0.155413 0 0
0 0 452 -0.400105 0.854861 -1.92729 0.360496 0 0
0 0 453 -0.0300678 0.162458 0.518724 0.171825 0 0
0 0 454 -0.192179 0.905776 -0.507265 -0.49607 0 0
0 0 455 0.893408 -0.537494 0.125333 0.383274 0 0
0 0 456 0.124462 -0.0962248 0.670267 -0.45766 0 0
0 0 457 -0.260503 -0.752738 -0.797621 -0.435566 0 0
0 0 458 -0.356556 -0.809684 0.806395 0.759779 0 0
0 0 459 0.77601 -0.184186 -0.509557 0.705857 0 0
0 0 460 -0.288346 0.118058 1.11731 -0.470781 0 0
0 0 461 1.15618 0.339599 0.204147 0.438109 0 0
0 0 462 0.173934 1.01224 1.32442 -0.444581 0 0
0 0 463 0.244019 0.181468 -0.379037 0.23652 0 0
0 0 464 1.23383 -0.946433 1.11283 1.32369 0 0
0 0 465 0.212121 0.0270744 -0.494954 0.378873 0 0
0 0 466 1.17147 -0.392334 -0.967243 -0.402748 0 0
0 0 467 0.487093 1.00076 -1.23054 0.135088 0 0
0 0 468 0.530751 -0.412409 -0.212882 -0.224948 0 0
0 0 469 0.814489 -0.049632 1.12121 0.359961 0 0
0 0 470 0.0553557 1.45923 -0.531336 0.789037 0 0
0 0 471 -0.824777 0.0591917 -0.250988 0.551141 0 0
0 0 472 -0.662383 0.31119 -0.0107934 -0.0750158 0 0
0 0 473 -0.835637 0.213593 1.29727 0.0746414 0 0
0 0 474 0.988488 0.995543 0.990457 -0.317947 0 0
0 0 475 0.845186 -0.619734 -0.571555 -0.290192 0 0
0 0 476 -0.746747 -0.7853 -0.252943 -0.649913 0 0
0 0 477 0.360527 -0.0845668 -0.520077 2.74399 0 0
0 0 478 0.300585 -0.689381 -1.20856 0.413772 0 0
0 0 479 0.468915 1.08258 -0.488298 0.222983 0 0
0 0 480 -1.09514 -0.526464 0.0483492 -0.539278 0 0
0 0 481 0.0526043 -0.834151 -0.0731047 -0.234287 0 0
0 0 482 -0.111342 -0.333875 -0.220433 -0.27241 0 0
0 0 483 0.178864 -0.303051 -0.689937 0.137523 0 0
0 0 484 -0.689716 0.714682 0.455758 0.0813108 0 0
0 0 485 -0.226059 0.98451 0.456906 -0.0779122 0 0
0 0 486 0.374134 -0.483725 0.41816 -0.142338 0 0
0 0 487 0.129259 0.430189 0.0299247 -0.252407 0 0
0 0 488 -0.0210096 -0.157338 -1.28273 -0.183715 0 0
0 0 489 -0.983417 -0.108935 -1.57713 0.151643 0 0
0 0 490 -0.470927 0.291174 -0.896563 -0.237248 0 0
0 0 491 0.00293967 0.572834 0.647609 0.320099 0 0
0 0 492 0.0744359 0.351266 -0.498289 0.0637122 0 0
0 0 493 -0.103821 0.935543 0.260613 1.08242 0 0
0 0 494 -0.465077 -0.452508 -0.0509589 0.234832 0 0
0 0 495 -0.988406 -1.04085 0.28237 -0.463472 0 0
0 0 496 -0.30849 0.219197 0.564653 -0.382184 0 0
0 0 497 -0.155053 0.78415 0.507042 0.549654 0 0
0 0 498 1.54184 -0.219452 -0.579146 0.328153 0 0
0 0 499 0.00665399 -0.699849 -0.378135 -0.682971 0 0
0 0 500 0.508158 -0.906454 -0.437532 -0.397777 0 0
0 0 501 0.447385 -0.118983 0.656546 -0.459809 0 0
0 0 502 -0.0194147 0.373915 0.608111 -0.590505 0 0
0 0 503 0.530497 -1.14269 -0.892203 1.40941 0 0
0 0 504 -0.280169 0.188514 0.45205 -0.249257 0 0
0 0 505 0.707363 0.132296 0.184108 -0.203383 0 0
0 0 506 0.366417 1.20488 0.65546 -0.245233 0 0
0 0 507 0.628477 -0.480215 -0.30412 -1.25284 0 0
0 0 508 0.0679914 -1.5444 -0.131626 -0.6581 0 0
0 0 509 0.295379 -0.101576 -0.106112 0.29588 0 0
0 0 510 -0.7154 0.894083 -0.662652 0.454061 0 0
0 0 511 0.0767303 -0.0405942 -0.342814 0.237392 0 0
0 0 512 -0.106761 0.239988 -0.173349 0.342757 0 0
0 0 513 0.971966 0.127015 0.721216 0.480544 0 0
0 0 514 -1.06197 0.1334 -0.00934773 0.0485673 0 0
0 0 515 -0.107082 -0.657724 -0.422995 0.15456 0 0
0 0 516 -1.1049 0.199359 -0.737125 0.234905 0 0
0 0 517 -0.68712 1.68862 0.281361 -0.293639 0 0
0 0 518 0.730374 -0.79843 0.410047 0.268715 0 0
0 0 519 0.139513 -0.629088 -0.866581 -0.566507 0 0
0 0 520 -0.411269 0.500869 -0.58122 0.573258 0 0
0 0 521 -0.0482944 0.195494 -0.504618 -0.730274 0 0
0 0 522 -0.257467 -0.173567 0.266319 0.0398611 0 0
0 0 523 -0.404078 -0.713081 -0.754921 0.346726 0 0
0 0 524 -0.437835 -0.00310513 -0.121474 -1.69217 0 0
0 0 525 -0.18679 0.729633 0.660578 0.0685896 0 0
0 0 526 -0.306689 -0.405131 -0.0287623 0.101874 0 0
0 0 527 -0.198078 0.230031 -0.724708 -0.467941 0 0
0 0 528 0.283585 -1.08167 -0.780393 -0.30606 0 0
0 0 529 -0.0600235 -0.816512 0.886495 -0.117863 0 0
0 0 530 0.896526 -0.151629 0.176099 0.316433 0 0
0 0 531 0.949459 0.369829 0.507696 0.398476 0 0
0 0 532 1.04771 -0.171 0.0148045 0.250025 0 0
0 0 533 -0.875365 0.0854872 0.19985 0.015606 0 0
0 0 534 0.281012 0.120065 -1.04761 -0.604986 0 0
0 0 535 -0.0712479 -2.39089 -0.337674 -0.554393 -85.9805 7.81579
0 0 536 0.0578907 0.494399 0.841401 -1.15996 0 0
0 0 537 -0.381058 -0.560247 0.249475 0.170064 0 0
0 0 538 1.07072 0.611826 0.017155 0.645231 0 0
0 0 539 -0.2516 -0.687654 0.190155 0.305849 0 0
0 0 540 0.482732 0.537761 -0.0956802 0.520357 0 0
0 0 541 0.328964 -0.992267 0.621142 -0.455384 0 0
0 0 542 0.00768957 0.839436 -0.326902 1.36077 0 0
0 0 543 1.20776 0.705639 0.470992 -0.937474 0 0
0 0 544 -1.45672 -1.33304 0.0931167 -0.750441 0 0
0 0 545 1.44061 -0.0266588 0.118537 0.107795 0 0
0 0 546 -0.0751175 -0.280356 -0.364823 -0.038797 0 0
0 0 547 -0.895056 -1.48603 0.809265 -0.794714 0 0
0 0 548 1.35872 -0.576207 -1.10049 0.796457 0 0
0 0 549 -0.870667 0.513108 -0.163797 -1.11977 0 0
0 0 550 -0.888269 0.598929 -0.10666 0.0365915 0 0
0 0 551 -0.0821132 0.643636 -0.626221 0.487268 0 0
0 0 552 -0.823995 0.284829 -0.00185977 -0.503666 0 0
0 0 553 -0.351505 -0.430104 -0.65823 0.430285 0 0
0 0 554 -0.802161 -0.653029 -0.919989 0.292965 0 0
0 0 555 -0.238942 -0.55283 0.994788 0.876822 0 0
0 0 556 1.17296 -0.536703 1.16681 0.741545 0 0
0 0 557 -0.433873 -0.45318 0.204777 -0.382909 0 0
0 0 558 1.28573 0.342168 -0.203512 1.22892 0 0
0 0 559 -0.4774 0.344634 0.0994478 0.684128 0 0
0 0 560 0.02603 0.00627839 0.606502 -0.112974 0 0
0 0 561 0.318838 -1.10999 -0.122063 -0.430589 0 0
0 0 562 -0.336333 -0.0261574 0.735414 -0.372506 0 0
0 0 563 0.742489 0.269769 -0.388599 0.0411404 0 0
0 0 564 0.305287 -0.69952 -0.545694 0.27814 0 0
0 0 565 0.615675 -0.165121 -0.620346 0.487502 0 0
0 0 566 0.7764 1.64893 0.0855745 0.898807 0 0
0 0 567 -0.886356 -0.169226 0.525179 -0.464068 0 0
0 0 568 -0.232149 -0.784297 0.83145 -0.353891 0 0
0 0 569 -0.127162 0.381208 -0.292972 -0.436183 0 0
0 0 570 0.23282 0.726153 -0.18875 -0.328347 0 0
0 0 571 0.0138656 0.372394 0.0649824 -0.526936 0 0
0 0 572 -0.644844 -0.849838 0.742976 0.453915 0 0
0 0 573 0.381719 0.247544 -0.554869 -0.391317 0 0
0 0 574 0.0600281 0.155037 -0.363699 -0.161947 0 0
0 0 575 0.639213 -0.679107 0.780609 0.418498 0 0
0 0 576 1.147 0.688848 0.39741 0.685362 0 0
0 0 577 0.833873 1.02744 0.549521 -0.346339 0 0
0 0 578 -0.926869 0.424581 -0.0782195 -0.570491 0 0
0 0 579 -0.248381 -0.237679 -0.321308 -0.0144622 0 0
0 0 580 0.327497 0.0870537 -0.69886 -0.423782 0 0
0 0 581 -0.0760142 1.17846 -0.433339 1.44691 0 0
0 0 582 -1.00503 -0.526024 0.861579 -0.939929 0 0
0 0 583 -0.370614 0.318675 -0.0879808 0.68356 0 0
0 0 584 0.219239 0.0206065 0.956052 1.14135 0 0
0 0 585 1.14212 0.464454 -0.0309825 -0.0988694 0 0
0 0 586 0.592442 -0.114965 0.0657859 0.188923 0 0
0 0 587 0.884925 -0.615997 -1.38051 -0.171858 0 0
0 0 588 0.11218 -0.333514 0.566337 -0.401588 0 0
0 0 589 0.0821106 -0.39816 1.06354 -0.950109 0 0
0 0 590 -0.135827 -0.291751 -0.626205 -0.268781 0 0
0 0 591 -0.503754 0.686261 -0.100505 0.736501 0 0
0 0 592 0.465701 -0.000147045 -1.15425 -0.508535 0 0
0 0 593 -0.244694 0.810525 1.95495 0.635691 0 0
0 0 594 -0.395514 -1.215 0.179458 0.543172 0 0
0 0 595 -0.653601 -0.428516 1.19097 1.9546 0 0
0 0 596 0.599664 -0.222546 -0.578922 -0.484098 0 0
0 0 597 -0.0101772 0.195075 -0.187302 -0.230706 0 0
0 0 598 1.90408 0.827213 -0.0408665 -0.891042 0 0
0 0 599 0.227108 -0.359655 0.0827715 -0.359948 0 0
0 0 600 -0.653616 1.22814 0.8796 -1.28192 0 0
0 0 601 0.105163 0.649921 0.863024 -0.65058 0 0
0 0 602 -0.925604 -0.919277 0.882829 -0.267654 0 0
0 0 603 -0.599151 0.64931 0.0742165 0.536088 0 0
0 0 604 0.720186 0.726606 -0.118353 1.17782 0 0
0 0 605 -0.94175 0.687566 -1.25703 0.187794 0 0
0 0 606 0.163345 0.254588 -1.31255 -0.14096 0 0
0 0 607 -0.104266 -0.721997 -0.177421 1.28194 0 0
0 0 608 -0.675963 0.126679 0.170882 0.212339 0 0
0 0 609 -0.23187 0.442528 0.393039 1.07292 0 0
0 0 610 -0.500597 0.258558 -0.274548 1.05589 0 0
0 0 611 -0.114903 1.02121 -0.962344 -1.16021 0 0
0 0 612 -0.628021 -0.479026 -0.623708 0.533849 0 0
0 0 613 0.245153 -1.50899 1.17805 0.169011 0 0
0 0 614 0.914134 0.361589 -0.35674 -0.808779 0 0
0 0 615 -0.53511 0.1018 0.519254 0.147423 0 0
0 0 616 -0.0415285 -0.275531 -0.644758 0.502743 0 0
0 0 617 0.303657 0.429214 -0.543633 -0.0867474 0 0
0 0 618 -1.00699 -0.377939 -0.63321 0.339574 0 0
0 0 619 1.15343 0.295545 0.00156151 -0.0653128 0 0
0 0 620 0.915625 -0.0780984 -0.509351 0.573676 0 0
0 0 621 0.431423 0.169083 0.0484896 0.987842 0 0
0 0 622 0.724275 0.693791 -0.0975012 -0.540971 0 0
0 0 623 -0.110355 0.697135 -0.52719 0.774951 0 0
0 0 624 0.0578125 0.592668 -1.30311 -0.250593 0 0
0 0 625 1.28826 -0.489735 -0.143127 -0.681189 0 0
0 0 626 0.453838 0.511337 0.159761 -0.370902 0 0
0 0 627 -0.773052 -0.540987 -0.625996 0.437612 0 0
0 0 628 -0.121843 0.695039 -0.530473 -0.278442 0 0
0 0 629 -0.650093 0.911012 0.0774544 -0.693682 0 0
0 0 630 0.54655 -0.887663 0.0333179 0.725162 0 0
0 0 631 -0.377407 -1.17332 0.280454 0.568143 0 0
0 0 632 1.2796 -0.707796 -1.46507 -0.828083 0 0
0 0 633 0.44363 0.576405 0.210313 -0.488683 0 0
0 0 634 0.800261 0.849412 2.03175 -1.25668 33.6558 8.47603
0 0 635 0.548138 -0.333472 -0.421575 -0.0440287 0 0
0 0 636 0.283542 -0.707184 0.49249 0.88456 0 0
0 0 637 -0.59002 -0.825935 -0.209667 -1.38845 0 0
0 0 638 -0.558142 0.154339 0.996584 -0.629332 0 0
0 0 639 0.527489 -0.181206 -0.899428 -1.31773 0 0
0 0 640 -0.278817 -0.731855 -0.405297 0.899652 0 0
0 0 641 -0.482393 -0.339375 0.405713 -0.13937 0 0
0 0 642 0.0815862 0.324589 -0.266867 0.105512 0 0
0 0 643 0.81802 -1.38555 -0.02213 -0.0996294 0 0
0 0 644 0.977141 0.573642 0.2303 -0.530225 0 0
0 0 645 -0.341623 -0.201166 0.172297 -0.769383 0 0
0 0 646 0.852119 -0.237535 -0.252256 0.719023 0 0
0 0 647 0.554665 -0.479537 0.679696 0.674539 0 0
0 0 648 -0.0882541 0.839112 0.61728 -0.347103 0 0
0 0 649 0.098172 1.0049 -0.991805 0.100333 0 0
0 0 650 -1.64393 -1.33579 0.105634 -0.357336 0 0
0 0 651 0.836869 0.238349 0.0374819 0.0764872 0 0
0 0 652 -0.684569 1.17635 0.284859 -1.34891 0 0
0 0 653 -0.108023 -0.0183851 -0.0678236 0.105788 0 0
0 0 654 0.0791137 -0.931053 -0.0991302 0.476234 0 0
0 0 655 0.948943 0.140685 -0.342305 0.887372 0 0
0 0 656 -0.7358 -0.802807 0.282867 0.424852 0 0
0 0 657 -0.184372 0.20567 0.309502 -0.65 0 0
0 0 658 -0.085565 0.50687 -0.794392 0.276769 0 0
0 0 659 0.235546 0.389244 0.152213 0.192925 0 0
0 0 660 -1.41749 -1.27832 -0.915021 -0.124901 0 0
0 0 661 -0.715503 -0.703653 -0.149182 0.49627 0 0
0 0 662 -0.601957 -0.851149 1.36832 -1.12574 0 0
0 0 663 0.866508 0.0297403 0.37535 0.00160819 0 0
0 0 664 -0.61593 0.186122 -0.959279 0.296617 0 0
0 0 665 0.380954 0.493999 1.82636 0.0225384 0 0
0 0 666 -0.915693 -0.109645 0.473003 0.657843 0 0
0 0 667 -0.782372 -0.787174 -0.543704 -0.334876 0 0
0 0 668 -0.305785 1.36184 0.233823 -0.431071 0 0
0 0 669 0.346727 0.149303 -0.419051 0.491982 0 0
0 0 670 -0.881716 0.0880644 -0.0891012 0.386779 0 0
0 0 671 0.0192651 0.597314 -0.455154 0.785451 0 0
0 0 672 1.2416 0.17491 -0.0821216 -0.880461 0 0
0 0 673 -0.349153 -1.17592 -0.327331 -0.373309 0 0
0 0 674 -0.994156 0.280011 0.808459 0.649021 0 0
0 0 675 0.426927 0.297637 -0.560221 -0.710088 0 0
0 0 676 -0.189146 -1.23818 -0.766289 -0.710231 0 0
0 0 677 -0.24448 0.0583086 0.202268 -0.191843 0 0
0 0 678 0.628115 0.732481 0.202092 -0.185922 0 0
0 0 679 -0.421152 0.0124227 -0.614803 0.916244 0 0
0 0 680 0.0853488 0.68469 0.590216 0.268081 0 0
0 0 681 0.35277 0.264812 -0.413969 0.373582 0 0
0 0 682 0.0753251 0.370911 0.0422038 0.362945 0 0
0 0 683 0.33729 0.160278 -0.0346249 -0.259276 0 0
0 0 684 -0.180324 -0.0794798 0.168896 -0.0793582 0 0
0 0 685 0.388807 -0.261088 -0.506071 -0.6266 0 0
0 0 686 -0.386876 -0.445694 -1.21037 -0.339851 0 0
0 0 687 -0.696995 0.027053 0.566781 -1.14543 0 0
0 0 688 -0.636969 -0.00988242 0.71534 0.131354 0 0
0 0 689 0.500833 -0.759923 0.24202 -0.365591 0 0
0 0 690 -0.550321 -0.561776 -0.0495794 0.0297827 0 0
0 0 691 0.16371 0.187839 -0.972287 0.202182 0 0
0 0 692 -0.719869 0.975541 0.836142 -0.253417 0 0
0 0 693 -0.654699 0.707242 1.06801 0.841383 0 0
0 0 694 -1.24484 -0.115179 0.340302 0.214663 0 0
0 0 695 0.154228 0.31076 0.0594746 -0.136089 0 0
0 0 696 0.49601 0.074231 0.0590111 -0.765873 0 0
0 0 697 0.785817 -0.782325 0.785387 0.707159 0 0
0 0 698 -0.307453 0.221003 -0.0482732 0.0435338 0 0
0 0 699 -0.228148 0.128214 -0.634111 1.07676 0 0
0 0 700 0.726785 0.0166813 0.80083 0.573982 0 0
0 0 701 1.2607 -0.29788 0.0852313 0.457004 0 0
0 0 702 -0.463449 -0.248321 0.397834 0.339235 0 0
0 0 703 0.718813 -1.04833 -1.51435 -0.489579 0 0
0 0 704 -0.0245922 1.42312 -0.267793 0.469225 0 0
0 0 705 1.06803 1.14369 -0.512077 0.404458 0 0
0 0 706 -0.135795 0.912454 0.251165 0.0355525 0 0
0 0 707 0.85213 -0.705256 0.267699 0.83294 0 0
0 0 708 0.814996 0.648882 0.698169 0.0458023 0 0
0 0 709 -0.0651047 -0.352268 -0.419409 0.833976 0 0
0 0 710 0.495786 0.483195 -0.310203 1.02621 0 0
0 0 711 -0.416642 0.111029 1.24665 0.527444 0 0
0 0 712 1.72282 0.555224 0.389124 0.248128 0 0
0 0 713 0.581955 0.142219 0.996684 0.382272 0 0
0 0 714 0.431237 0.121127 0.273849 0.633406 0 0
0 0 715 0.199441 -0.619002 -1.01481 -0.0557841 0 0
0 0 716 -0.473243 -0.436398 0.297557 0.515551 0 0
0 0 717 -0.170931 0.0778299 -1.05053 0.000671113 0 0
0 0 718 -1.51965 0.430273 -0.172714 0.373672 0 0
0 0 719 -0.801772 -0.0712773 1.69071 1.003 0 0
0 0 720 0.356494 0.24624 0.936955 -0.43142 0 0
0 0 721 -0.771409 0.401358 1.07303 -1.31066 0 0
0 0 722 0.212168 -1.51018 0.9942 -0.362274 0 0
0 0 723 -0.0310738 -0.385637 0.00531866 0.45273 0 0
0 0 724 0.430241 1.03962 -0.113766 -1.07653 0 0
0 0 725 -0.800653 0.868093 -1.45218 -0.568266 0 0
0 0 726 0.359361 -1.19218 1.1646 -0.555105 0 0
0 0 727 0.728403 -0.651108 -1.01755 1.64139 0 0
0 0 728 -0.758041 -0.420013 -0.779063 0.849284 0 0
0 0 729 -0.553733 -0.459703 -0.220901 -1.05951 0 0
0 0 730 0.903515 0.294392 0.279963 0.406348 0 0
0 0 731 1.36426 -1.0294 0.245957 0.0190692 0 0
0 0 732 -0.586127 0.178283 1.05914 0.286487 0 0
0 0 733 0.512385 -0.130746 -0.391267 -0.397145 0 0
0 0 734 -0.153983 0.56185 0.358666 0.628405 0 0
0 0 735 1.39252 -0.948375 0.0996182 0.362615 0 0
0 0 736 0.17941 -0.776414 0.636647 0.711296 0 0
0 0 737 1.31594 0.132879 0.247418 -0.237623 0 0
0 0 738 0.219867 -0.00087554 0.0779682 -1.09894 0 0
0 0 739 -0.0946915 -0.127915 -0.659208 0.540774 0 0
0 0 740 -0.238457 0.700108 0.439614 0.71615 0 0
0 0 741 0.541797 -0.422743 1.05949 0.430278 0 0
0 0 742 0.484927 -1.31688 -0.0409115 0.0565523 0 0
0 0 743 -0.659752 -1.56377 -0.873547 1.21803 0 0
0 0 744 1.39177 -0.785024 -0.696599 -0.251263 0 0
0 0 745 0.585385 0.565529 0.213013 0.164688 0 0
0 0 746 0.361645 0.298951 -0.356973 0.239018 0 0
0 0 747 0.977308 1.2499 0.158017 -0.376166 0 0
0 0 748 0.149079 0.0149142 -0.205949 0.74278 0 0
0 0 749 0.044215 -0.0375918 -0.250397 -0.247512 0 0
0 0 750 -0.471668 0.127177 0.374478 0.978017 0 0
0 0 751 0.601921 0.276621 -0.717849 0.289138 0 0
0 0 752 0.1177 0.23016 -0.564247 -0.579956 0 0
0 0 753 1.68306 0.134631 -0.099825 1.11212 0 0
0 0 754 0.0067274 1.48322 0.0827274 -0.976029 0 0
0 0 755 0.0562974 -1.62543 -0.43247 0.693057 0 0
0 0 756 -0.120384 -0.481317 -0.352467 -0.528459 0 0
0 0 757 1.17159 -0.56856 0.408826 0.476771 0 0
0 0 758 -0.803747 -0.794627 0.416471 -0.327277 0 0
0 0 759 1.26957 -0.293474 0.058595 0.415141 0 0
0 0 760 0.692003 -2.50711 -0.714074 1.24385 -82.051 7.23427
0 0 761 -0.552757 -0.266917 1.24493 -0.988346 0 0
0 0 762 -0.651475 -0.0347997 1.24652 -0.368046 0 0
0 0 763 -0.523131 -0.631045 0.0163178 0.204661 0 0
0 0 764 -0.370098 0.238522 0.981423 -0.116162 0 0
0 0 765 0.913943 1.12537 0.770526 0.446383 0 0
0 0 766 0.458757 0.898811 0.0737846 0.674437 0 0
0 0 767 0.8948 0.300833 -0.728069 -0.532259 0 0
0 0 768 -1.38087 -0.652753 -0.894063 0.0430477 0 0
0 0 769 -0.401794 -0.478406 0.125538 -0.0122555 0 0
0 0 770 0.633799 0.222786 -1.73044 0.928264 0 0
0 0 771 0.555227 1.17968 -0.406538 0.988869 0 0
0 0 772 1.0691 -0.00668794 0.833152 0.182252 0 0
0 0 773 0.592796 -1.22182 -0.193339 -0.199437 0 0
0 0 774 0.509349 -0.0372774 0.260813 0.136074 0 0
0 0 775 -0.136298 -0.268685 0.440543 -0.872578 0 0
0 0 776 1.28801 0.305419 0.545806 0.00547347 0 0
0 0 777 -0.458401 -0.603516 -0.148863 -0.346072 0 0
0 0 778 -0.100355 -0.130706 0.587363 0.748998 0 0
0 0 779 -0.101074 0.398197 1.27809 -0.608072 0 0
0 0 780 0.455619 -0.442422 0.00465518 0.331433 0 0
0 0 781 0.80877 0.831744 -0.658482 -0.0755513 0 0
0 0 782 0.16844 -0.44021 -0.58983 -0.57219 0 0
0 0 783 -0.0785437 -0.570265 0.878102 -0.389009 0 0
0 0 784 0.206713 1.23464 0.250463 0.0823935 0 0
0 0 785 0.684813 -0.0811944 0.555657 0.0420853 0 0
0 0 786 0.444828 0.751482 0.5082 0.27181 0 0
0 0 787 -0.596822 0.440349 -1.05885 0.282013 0 0
0 0 788 0.182907 -0.740165 0.115334 -0.841161 0 0
0 0 789 0.525477 -0.552817 -0.163548 -0.271151 0 0
0 0 790 0.338216 -0.642085 1.20518 -1.1037 0 0
0 0 791 0.572997 -0.0302716 -0.132886 -0.23606 0 0
0 0 792 -0.181773 0.148618 1.06325 -0.057265 0 0
0 0 793 -0.0453795 -0.602888 0.698625 0.191698 0 0
0 0 794 0.535532 -0.228801 0.504172 0.62958 0 0
0 0 795 0.675721 0.172115 -0.699807 0.509392 0 0
0 0 796 -0.258614 -0.239385 0.176291 -0.162089 0 0
0 0 797 -0.995866 0.0331609 -0.761136 0.691148 0 0
0 0 798 0.493555 1.12816 -0.560216 0.175845 0 0
0 0 799 0.110149 -0.371394 -0.604471 0.637676 0 0
0 0 800 -0.42541 -1.10448 0.201843 0.352472 0 0
0 0 801 -0.738967 0.453489 -0.707792 0.067081 0 0
0 0 802 0.685952 -0.234235 0.0439852 0.0567013 0 0
0 0 803 0.238437 0.0395538 0.364271 -0.0299633 0 0
0 0 804 0.394281 -0.650626 1.13309 1.32144 0 0
0 0 805 -0.603003 -0.0111983 -0.406402 -0.0731111 0 0
0 0 806 -0.922959 0.927624 -0.0899455 -0.138982 0 0
0 0 807 -0.858066 0.312383 -0.455168 0.213213 0 0
0 0 808 0.934124 9.26256e-05 -1.14654 0.59586 0 0
0 0 809 0.356535 0.694003 0.70758 -0.236234 0 0
0 0 810 -1.53066 -0.864555 -0.601213 -0.667162 0 0
0 0 811 1.27096 -0.0212675 -0.486194 -0.498729 0 0
0 0 812 0.558961 -0.513696 -0.54573 0.843203 0 0
0 0 813 0.189629 -0.727993 -0.0724632 -0.675218 0 0
0 0 814 -0.737856 0.121161 0.594184 -0.200771 0 0
0 0 815 -0.469762 1.45682 -0.193063 -0.95947 0 0
0 0 816 0.922896 -0.157043 -0.0564109 0.593811 0 0
0 0 817 0.29463 -1.24503 0.435226 0.607298 0 0
0 0 818 -0.271094 0.657719 0.0705076 1.57181 0 0
0 0 819 -0.277155 1.02663 -0.624537 -0.166472 0 0
0 0 820 0.864329 0.726621 -0.420585 -0.891562 0 0
0 0 821 -0.0577521 0.952757 0.743007 -0.397283 0 0
0 0 822 0.99917 -0.0951612 -0.29609 0.363271 0 0
0 0 823 0.624015 -0.712884 -1.07931 0.129606 0 0
0 0 824 -0.10918 -0.0398883 -0.0823845 -0.141912 0 0
0 0 825 0.657502 0.552412 0.146396 0.0318142 0 0
0 0 826 -0.0624085 -0.47237 0.00672118 -0.42138 0 0
0 0 827 -0.397226 0.482269 -0.0980946 0.382156 0 0
0 0 828 0.941045 1.16909 -0.459541 0.479294 0 0
0 0 829 1.32907 1.05817 -0.658444 -0.359883 0 0
0 0 830 0.658857 -0.969437 -0.674922 0.46051 0 0
0 0 831 0.886451 1.50151 -0.463432 0.000879494 0 0
0 0 832 0.311584 -0.158151 -1.01175 -0.104456 0 0
0 0 833 1.62512 1.02452 -0.324194 0.0191091 0 0
0 0 834 0.491006 0.203544 -1.61899 -0.128386 0 0
0 0 835 0.990527 0.80254 -0.447011 0.16935 0 0
0 0 836 1.14081 -0.14902 -1.20069 0.228371 0 0
0 0 837 2.20533 0.72822 -1.82704 -0.0958807 0 0
0 0 838 2.68536 0.335701 -2.51379 -0.0980333 -41.1968 7.34698
0 0 839 2.07466 0.735888 -1.82674 1.15472 0 0
0 0 840 2.08031 0.310088 -2.76568 -0.183624 -41.8014 6.69472
0 0 841 2.76913 0.28793 -3.73154 0.346967 -42.7939 4.97773
0 0 842 3.17389 1.18862 -3.41007 -0.158231 -35.3917 5.16587
0 0 843 4.15767 0.626302 -3.48652 -1.02369 -39.9081 5.261
0 0 844 6.92165 1.22522 -2.65366 -0.513394 -32.6084 6.38836
0 0 845 4.9281 0.977359 -4.77176 0.855907 -39.2123 3.82655
0 0 846 6.02894 0.983484 -3.65504 0.0753279 -37.4699 4.92603
0 0 847 6.43219 0.24887 -4.87004 0.305512 -43.5373 3.82024
0 0 848 7.17349 1.941 -4.77456 0.569054 -33.9384 3.62122
0 0 849 7.74587 1.51573 -6.10836 0.0966073 -38.032 2.96219
0 0 850 7.88119 3.29826 -6.87254 0.601627 -32.1814 2.44984
0 0 851 8.6356 1.9701 -6.30289 0.224206 -36.3211 2.82431
0 0 852 8.79418 1.48139 -7.75078 0.35923 -39.5898 2.3618
0 0 853 10.0147 2.04446 -6.75273 0.649897 -36.5779 2.64326
0 0 854 10.2245 1.26759 -7.20286 1.12141 -40.0095 2.54813
0 0 855 9.73863 1.43725 -7.14561 1.2948 -39.3137 2.55711
0 0 856 9.62994 1.46847 -4.63592 0.140022 -36.212 3.83537
0 0 857 10.3209 0.879338 -8.02365 -0.246786 -41.8729 2.30823
0 0 858 9.07976 1.10233 -7.47024 0.177199 -40.8029 2.46767
0 0 859 9.37405 -0.13506 -5.82398 1.2395 -45.6642 3.19773
0 0 860 8.32565 1.23494 -6.01421 -0.945096 -39.1982 3.03574
0 0 861 9.09 2.11503 -5.49502 1.4466 -34.4742 3.16926
0 0 862 8.21769 0.772371 -4.75239 0.213948 -40.3844 3.87036
0 0 863 7.14711 -0.345842 -5.45433 1.38425 -46.814 3.40867
0 0 864 6.79004 0.535323 -5.18282 1.10293 -42.0515 3.57574
0 0 865 7.14161 1.60014 -4.90422 0.730529 -35.9648 3.61575
0 0 866 6.70488 1.3474 -4.07995 -0.322442 -35.8621 4.34124
0 0 867 5.44757 0.230904 -4.7565 0.395803 -43.6104 3.91192
0 0 868 6.12406 1.14736 -5.15925 0.271467 -38.731 3.5268
0 0 869 5.81972 1.56897 -5.09427 0.584523 -36.4409 3.4988
0 0 870 5.76394 1.08001 -6.14072 0.0625458 -40.0125 2.98893
0 0 871 6.30457 1.92605 -4.72539 0.314459 -33.9122 3.65756
0 0 872 6.9226 -0.0765843 -5.78081 0.539096 -45.3795 3.22217
0 0 873 5.85051 0.789648 -5.79487 -0.502187 -41.1201 3.18598
0 0 874 5.72142 1.58296 -5.49576 0.032115 -36.966 3.26052
0 0 875 5.48382 0.348461 -5.22274 -0.810091 -43.0914 3.55908
0 0 876 5.99321 0.538557 -5.21263 -0.550669 -42.0506 3.55528
0 0 877 7.10905 0.243105 -4.89137 0.0569254 -43.5773 3.80384
0 0 878 6.27264 0.197222 -5.691 0.970668 -44.0076 3.27139
0 0 879 6.52459 2.1355 -5.95144 1.07409 -35.1305 2.95065
0 0 880 6.35659 1.65301 -5.34101 0.00916338 -36.4015 3.33578
0 0 881 6.90453 0.956481 -6.29125 -0.987456 -40.6777 2.92824
0 0 882 6.2146 1.07434 -6.20494 -0.0726362 -40.0885 2.95933
0 0 883 7.82002 0.723291 -6.64408 -0.222744 -41.8936 2.78772
0 0 884 8.6039 1.01399 -6.41094 1.29176 -40.5061 2.87098
0 0 885 8.84185 1.18067 -7.95237 1.28445 -40.7776 2.31776
0 0 886 8.11146 1.08591 -6.52677 1.59571 -40.2769 2.81647
0 0 887 8.17161 1.51201 -8.90228 0.238494 -40.1803 2.06377
0 0 888 9.72992 1.9512 -7.87701 -0.151072 -38.0437 2.29731
0 0 889 9.84928 1.3796 -8.99685 0.703019 -40.641 2.04725
0 0 890 11.4123 1.43145 -9.88981 -0.177743 -40.8821 1.86468
0 0 891 10.9676 0.947057 -9.79898 0.0531975 -42.2398 1.89247
0 0 892 11.2402 -0.00406504 -9.48722 1.54218 -45.0123 1.96352
0 0 893 10.4826 1.49404 -11.1324 0.962004 -41.1781 1.65887
0 0 894 12.2754 0.519631 -10.8964 0.322663 -43.6349 1.7077
0 0 895 13.7007 0.966844 -13.0249 0.112079 -42.8773 1.42639
0 0 896 15.0424 0.699568 -13.2074 0.806592 -43.484 1.40852
0 0 897 14.9473 0.30923 -14.074 0.139973 -44.3707 1.32329
0 0 898 16.9419 0.906487 -15.5837 -0.0577478 -43.3355 1.19341
0 0 899 17.2732 1.20919 -15.9922 0.196021 -42.838 1.16161
0 0 900 18.6137 0.745081 -16.6095 1.4416 -43.7158 1.12045
0 0 901 19.0069 0.948215 -16.0424 0.532426 -43.3087 1.15923
0 0 902 19.8512 0.256598 -15.6056 0.0305076 -44.529 1.19354
0 0 903 19.3578 0.0240202 -16.7732 1.04116 -44.959 1.1106
0 0 904 20.26 0.659531 -15.7127 -0.105589 -43.7982 1.18455
0 0 905 18.7798 0.687737 -16.2774 -0.121558 -43.7903 1.14344
0 0 906 20.2919 1.31088 -16.8936 1.93739 -42.7815 1.09947
0 0 907 17.9166 -0.414683 -14.5012 -0.395011 -45.819 1.2841
0 0 908 19.5462 -1.04995 -14.3611 -0.313544 -47.0907 1.29378
0 0 909 18.5261 -0.0103302 -13.6083 -0.657882 -45.0217 1.3689
0 0 910 19.2801 -0.663805 -13.448 -0.889956 -46.4129 1.38357
0 0 911 18.4903 0.83807 -12.0844 -0.115448 -43.0164 1.53793
0 0 912 18.5911 -0.279679 -12.2424 -0.255562 -45.6544 1.52124
0 0 913 19.1283 -1.68691 -11.9284 -0.027105 -49.0247 1.54671
0 0 914 20.199 -0.924125 -11.123 0.780721 -47.3747 1.66916
0 0 915 21.4939 -1.36352 -11.5801 -0.0604603 -48.3577 1.5979
0 0 916 23.8326 0.547493 -10.4761 0.365197 -43.5042 1.77581
0 0 917 25.1976 -0.62629 -9.88824 0.424818 -46.812 1.88022
0 0 918 26.7305 -0.570482 -10.2016 -0.625224 -46.6003 1.82324
0 0 919 31.3477 -1.01916 -10.0754 0.679052 -47.888 1.83975
0 0 920 35.4086 -0.777872 -8.87118 1.07665 -47.5056 2.09206
0 0 921 38.6567 -0.613894 -7.59915 -0.15713 -47.3093 2.44363
0 0 922 44.131 -1.85668 -5.38305 -0.302135 -54.5149 3.2761
0 0 923 50.9835 1.06446 -2.05034 1.00042 -31.2817 8.08654
0 0 924 58.7501 0.599312 1.02859 -0.342108 0 0
0 0 925 68.3068 1.04728 6.20963 -0.782326 40.2134 2.95924
0 0 926 80.938 3.62314 11.3183 0.0961758 36.1247 1.56946
0 0 927 93.0964 5.48592 17.9517 0.179063 36.5036 0.993526
0 0 928 107.935 7.19792 24.8546 -0.85077 36.9245 0.720661
0 0 929 122.762 8.97676 33.2888 -1.7518 37.4542 0.540791
0 0 930 137.76 11.3039 40.8096 -1.10594 37.2589 0.440327
0 0 931 149.013 12.5435 49.8223 -2.63304 37.9343 0.362871
0 0 932 161.697 14.5282 56.7535 -3.0438 37.8206 0.318242
0 0 933 168.638 16.1572 60.6154 -2.99909 37.5374 0.297217
0 0 934 174.54 17.2602 65.038 -3.6935 37.5686 0.277084
0 0 935 177.039 16.4554 66.5626 -3.63034 38.057 0.271893
0 0 936 176.209 16.3785 64.185 -3.36873 37.8425 0.281449
0 0 937 172.167 16.2685 61.7729 -3.003 37.6228 0.291872
0 0 938 165.466 15.1698 57.1265 -1.52197 37.5643 0.315445
0 0 939 158.454 13.5681 53.4373 -0.9487 37.8766 0.338156
0 0 940 149.298 13.0188 48.0093 -1.33156 37.4139 0.374836
0 0 941 139.986 11.3286 42.0025 0.242028 37.4529 0.428594
0 0 942 132.199 10.7433 37.779 0.694034 37.0629 0.47476
0 0 943 123.795 9.8317 33.3386 0.229122 36.7845 0.53652
0 0 944 116.988 7.85236 27.7328 0.715926 37.0955 0.646944
0 0 945 110.624 9.13784 23.6322 0.29807 34.43 0.736498
0 0 946 102.697 6.28299 20.8164 0.940588 36.6023 0.857678
0 0 947 97.6662 6.3021 17.7622 0.284395 35.2325 0.989879
0 0 948 91.3425 5.41769 15.9038 1.13673 35.5942 1.1103
0 0 949 86.8167 4.44085 12.626 2.00104 35.311 1.39388
0 0 950 82.8561 3.9688 11.9535 0.268124 35.8164 1.48098
0 0 951 80.0956 4.14308 8.46146 0.0329677 31.9559 1.98238
0 0 952 74.2922 4.18012 7.3949 0.88012 30.2609 2.20009
0 0 953 72.0414 2.96882 6.31926 0.406504 32.4178 2.67457
0 0 954 70.7867 2.1157 4.38022 0.615685 32.1095 3.83924
0 0 955 66.9147 1.79388 3.19158 -0.691582 30.3306 5.10446
0 0 956 64.9836 1.85509 2.4847 -0.11796 26.6274 6.03638
0 0 957 60.8917 2.22233 2.19751 -1.42652 22.3392 6.00075
0 0 958 60.1103 1.11979 -0.640946 -0.100247 0 0
0 0 959 59.0806 1.97715 -0.109871 -2.30635 0 0
0 0 960 55.8933 0.261278 0.133727 -1.75 0 0
0 0 961 54.647 0.393629 0.0252674 -1.52799 0 0
0 0 962 52.7795 -0.0398464 -1.72418 -1.78701 0 0
0 0 963 50.0521 -1.59538 -2.0394 -1.75737 -64.0176 7.23101
0 0 964 48.5722 -0.380346 -0.832937 -3.98532 0 0
0 0 965 47.125 -1.99704 -2.10114 -3.57425 -66.7725 6.46712
0 0 966 44.6214 -1.15357 -0.916575 -2.77844 0 0
0 0 967 42.2902 -1.90693 -1.64163 -3.20985 -69.6377 7.46023
0 0 968 41.1779 -2.11476 -2.23042 -3.52904 -66.7376 6.0992
0 0 969 37.6148 -3.38763 -1.77105 -4.02887 -76.1997 4.92429
0 0 970 37.7503 -1.65053 -1.02305 -3.43662 0 0
0 0 971 34.1383 -2.14393 -1.67958 -4.18435 -70.9622 6.89658
0 0 972 32.8435 -1.63489 -1.18555 -3.5979 0 0
0 0 973 32.0028 -2.01769 -0.287537 -3.12434 0 0
0 0 974 29.7188 -1.69287 -0.924218 -3.56581 0 0
0 0 975 26.984 -2.75113 -1.44736 -4.29876 -76.1257 6.05519
0 0 976 26.8248 -2.80095 -0.911542 -1.9244 -80.9865 6.40061
0 0 977 24.7719 -3.13278 -1.15511 -2.71617 -79.8801 5.6447
0 0 978 22.9194 -3.80314 -1.97019 -2.87932 -76.307 4.39502
0 0 979 21.5944 -4.05171 -0.860219 -3.75016 -84.0067 4.55485
0 0 980 19.949 -3.89776 -1.09279 -2.44107 -82.1692 4.65877
0 0 981 19.0748 -3.3461 -1.28717 -2.40958 -79.4797 5.25645
0 0 982 18.0547 -3.3649 -0.44292 -2.6412 -86.2506 5.56075
0 0 983 17.388 -3.39837 -0.574007 -2.98606 -85.2064 5.47514
0 0 984 16.4593 -3.14564 0.350476 -2.75008 86.8213 5.96312
0 0 985 14.5191 -2.28996 -1.56997 -2.11534 -72.783 6.77044
0 0 986 13.8071 -2.5023 -1.87432 -2.56137 -71.5827 6.0094
0 0 987 14.4662 -2.608 -0.757244 -1.90403 -81.9046 6.94394
0 0 988 12.3044 -3.87247 -0.74615 -1.37818 -84.5469 4.78436
0 0 989 11.5562 -3.24988 -1.15508 -0.743465 -80.2168 5.46504
0 0 990 10.9937 -2.84012 -1.68554 -1.81789 -74.6559 5.69623
0 0 991 12.0997 -2.73607 -0.481622 -1.67341 -85.0083 6.79214
0 0 992 10.0326 -2.70286 -0.474915 -1.36769 -85.0172 6.87599
0 0 993 9.94477 -2.48363 0.0301559 -2.40553 89.6522 7.59996
0 0 994 9.20161 -3.56291 -0.526018 -1.27586 -85.8008 5.2399
0 0 995 8.89566 -3.85571 -0.40111 -1.57764 -87.0304 4.86888
0 0 996 8.01599 -2.85448 -0.398988 -1.05828 -86.0215 6.54777
0 0 997 7.17623 -2.91215 -0.166711 -0.678899 -88.3618 6.47125
0 0 998 6.78483 -3.29088 -0.451132 -2.09526 -86.0971 5.68162
0 0 999 6.44988 -2.36216 -1.11794 -0.992536 -77.3366 7.20597
0 0 1000 5.55238 -1.86517 -0.496745 -0.962536 0 0
0 0 1001 5.0854 -1.6503 -0.756878 1.49761 0 0
0 0 1002 5.8966 -2.3273 -1.53067 -1.89112 -73.3335 6.74991
0 0 1003 5.0476 -0.853615 -0.741131 -1.21227 0 0
0 0 1004 4.28432 -2.36976 -0.883871 -0.945551 -79.7728 7.45159
0 0 1005 4.43703 -2.00981 -0.102676 -0.32616 0 0
0 0 1006 6.30482 -1.63953 -0.923361 -0.472215 0 0
0 0 1007 3.51433 -1.7144 -1.66615 -0.166647 -67.9089 7.8458
0 0 1008 4.90964 0.203173 -0.580479 -0.41765 0 0
0 0 1009 3.9315 -1.05411 -1.6162 -0.817177 0 0
0 0 1010 4.42097 -1.59423 -0.91484 0.21749 0 0
0 0 1011 2.82002 -1.37273 0.864896 0.261808 0 0
0 0 1012 3.46867 -1.47869 0.275437 -1.11524 0 0
0 0 1013 4.19486 0.339127 -0.187212 -0.245703 0 0
0 0 1014 2.15511 -0.85483 0.144975 0.641232 0 0
0 0 1015 1.3113 -1.12543 -0.325214 -0.299771 0 0
0 0 1016 2.68155 -1.23395 -0.349043 -1.14789 0 0
0 0 1017 3.25726 -0.333254 -0.712629 -0.336694 0 0
0 0 1018 1.83178 0.0325274 0.985071 -0.910959 0 0
0 0 1019 1.86486 0.559661 -0.830185 -0.862264 0 0
0 0 1020 2.2064 -1.43231 0.495558 -0.664734 0 0
0 0 1021 1.26693 -0.582198 0.816199 0.695893 0 0
0 0 1022 2.18041 0.260855 -1.50202 0.12983 0 0
0 0 1023 2.02661 0.479973 0.0559197 0.165984 0 0
