# File: uwl_230422_144612_Combined.rf.sbF2.RMC_aux Src: J1713+0747 Nsub: 1 Nch: 1 Npol: 4 Nbin: 1024 RMS: 0.527698
0 0 0 0.466944 0.253654 -0.0862668 -0.634239 0 0
0 0 1 0.48096 0.230229 -0.45224 -0.445869 0 0
0 0 2 0.749265 -1.04526 -0.653106 -0.289533 0 0
0 0 3 1.00036 -0.558708 -0.107943 0.577698 0 0
0 0 4 0.873165 -0.210773 -0.214999 0.174662 0 0
0 0 5 0.873424 -0.367049 -0.43003 0.893589 0 0
0 0 6 0.864587 0.0214043 0.617255 0.143395 0 0
0 0 7 1.09289 0.348312 0.00400325 0.252841 0 0
0 0 8 0.989715 -0.115209 -0.569936 0.00496768 0 0
0 0 9 1.07825 -0.286753 -0.931655 0.340762 0 0
0 0 10 0.698827 -0.290196 0.71939 0.13899 0 0
0 0 11 0.53484 -0.765585 0.878695 -0.860869 0 0
0 0 12 -0.114795 1.02642 -0.324227 0.119261 0 0
0 0 13 -0.116891 -0.683064 0.241839 0.368948 0 0
0 0 14 0.620508 0.131597 -0.405663 -0.69388 0 0
0 0 15 1.34647 -0.699408 0.381936 0.302464 0 0
0 0 16 0.763142 -0.965761 0.380852 0.101609 0 0
0 0 17 1.15628 -0.625921 0.76408 -0.0443241 0 0
0 0 18 0.886891 -0.161739 1.52435 -0.275851 0 0
0 0 19 2.42235 -0.349773 1.40147 0.0756249 0 0
0 0 20 0.0571458 -0.212146 0.542757 0.6339 0 0
0 0 21 0.407385 -0.0966195 0.598979 -0.18206 0 0
0 0 22 1.44749 -0.00924045 1.12817 -0.0491949 0 0
0 0 23 2.78621 0.0106719 0.994099 0.00644785 0 0
0 0 24 2.08886 -0.449404 1.26895 0.214673 0 0
0 0 25 1.05961 0.565657 0.883441 -0.664687 0 0
0 0 26 1.72971 -0.17093 0.689581 -0.306011 0 0
0 0 27 1.0356 -0.571033 0.445796 0.396123 0 0
0 0 28 1.52871 -0.691113 1.16805 0.131046 0 0
0 0 29 2.14951 0.301914 1.3831 -0.132558 0 0
0 0 30 0.455999 -0.510561 0.924035 -0.174823 0 0
0 0 31 1.4101 -0.313071 1.14595 0.124319 0 0
0 0 32 1.83257 0.0364731 1.58327 -0.460571 0 0
0 0 33 2.20547 -0.351979 1.1093 -0.575302 0 0
0 0 34 1.83146 -0.320915 1.64049 -0.507397 0 0
0 0 35 1.63083 -0.4662 1.32138 -0.849122 0 0
0 0 36 0.776704 -0.519788 1.83948 -0.210795 52.8894 7.86746
0 0 37 2.45554 -0.393986 0.909522 0.377822 0 0
0 0 38 1.75176 -0.438471 1.68191 -0.14832 0 0
0 0 39 1.98972 -0.441245 0.960935 -0.569052 0 0
0 0 40 2.42761 -0.739074 1.42736 -0.950763 0 0
0 0 41 1.84523 -1.78053 0.865767 0.399587 77.0345 8.07096
0 0 42 1.63326 0.293954 2.56076 0.0416187 41.7258 5.80316
0 0 43 1.91025 -1.01789 1.84916 -0.107438 59.4156 7.22316
0 0 44 1.78439 -0.673208 1.44045 0.381653 0 0
0 0 45 1.29949 -0.917531 1.52562 -0.432864 0 0
0 0 46 1.547 -0.448214 1.68236 -0.82374 0 0
0 0 47 1.56244 -0.689016 1.6409 -0.428653 0 0
0 0 48 1.93686 -0.708122 1.93046 0.443487 55.0719 7.34231
0 0 49 1.35184 -0.93322 1.44755 -0.44476 0 0
0 0 50 2.30209 -1.38892 0.933946 -0.0835644 0 0
0 0 51 1.4422 -1.52592 1.32692 0.853943 69.495 7.75365
0 0 52 1.91 -1.12135 0.438997 -0.136888 0 0
0 0 53 1.927 -0.901139 1.62728 -0.0321911 59.4882 8.19805
0 0 54 1.21586 -0.459074 0.729499 -0.148799 0 0
0 0 55 1.79445 -0.950322 0.53887 0.66634 0 0
0 0 56 1.21153 -1.51411 1.4129 0.133843 68.4902 7.54968
0 0 57 0.798094 -1.49903 0.856671 -0.842698 0 0
0 0 58 1.05079 -0.392573 0.664094 -1.23666 0 0
0 0 59 1.09416 0.0342025 0.441586 -0.278228 0 0
0 0 60 0.840259 -0.341469 0.148989 -0.0202406 0 0
0 0 61 1.30061 -1.23542 0.0905738 0.501351 0 0
0 0 62 1.43167 -0.580815 0.603181 0.220282 0 0
0 0 63 1.38653 -0.948579 0.481118 -0.297825 0 0
0 0 64 1.20369 -0.368993 0.660656 -0.596957 0 0
0 0 65 0.490433 -0.425172 1.4957 -0.0269785 0 0
0 0 66 0.967772 -0.160708 -0.0353319 -0.216397 0 0
0 0 67 0.733935 -0.565385 0.337797 -0.16426 0 0
0 0 68 0.949461 -1.51973 0.67187 0.246545 0 0
0 0 69 1.07187 -1.02863 -0.0255501 0.291306 0 0
0 0 70 -0.0884966 -0.924682 0.563115 -0.253519 0 0
0 0 71 -0.00166728 0.105665 -0.254669 -0.3559 0 0
0 0 72 0.978605 -0.499131 -0.526234 0.0440775 0 0
0 0 73 0.571117 -0.0885147 -0.0371872 -0.0439666 0 0
0 0 74 0.589323 -0.593195 0.551137 -1.0944 0 0
0 0 75 0.0493575 0.22334 -0.0830358 0.576515 0 0
0 0 76 0.358191 -0.386676 -0.299808 0.949419 0 0
0 0 77 0.59361 -0.13892 0.831797 -0.196665 0 0
0 0 78 0.878248 -0.915724 -0.307258 -0.639438 0 0
0 0 79 0.298573 -0.172503 1.03301 0.277243 0 0
0 0 80 -0.547658 -0.829567 -0.151502 -1.012 0 0
0 0 81 1.3102 0.961016 0.662492 0.00836942 0 0
0 0 82 0.980587 0.177289 0.251206 -0.290087 0 0
0 0 83 0.522188 0.674807 -0.78376 -0.473436 0 0
0 0 84 0.398162 -0.444861 0.0893581 -1.01109 0 0
0 0 85 0.979138 0.202886 0.58234 -0.522082 0 0
0 0 86 -0.235591 -0.543278 0.125989 0.140849 0 0
0 0 87 -0.243442 -0.695648 0.597581 0.554655 0 0
0 0 88 -0.267177 -0.482873 -0.529582 0.860514 0 0
0 0 89 0.54562 -0.229104 -0.517326 0.894379 0 0
0 0 90 1.16248 -0.04895 -0.779486 0.474616 0 0
0 0 91 0.22409 0.396601 -0.164677 0.131455 0 0
0 0 92 0.339527 -0.379514 -0.570506 0.245365 0 0
0 0 93 0.16062 1.09048 -0.657106 -0.166796 0 0
0 0 94 0.162517 -0.726946 0.311374 0.678367 0 0
0 0 95 0.830141 -0.361419 -0.231049 0.304324 0 0
0 0 96 -0.222491 -0.211331 0.366154 -0.607113 0 0
0 0 97 0.255091 0.549214 0.204329 -0.0603713 0 0
0 0 98 0.134907 -0.140783 0.35119 -0.611272 0 0
0 0 99 -0.594399 0.312441 -0.653665 -0.643652 0 0
0 0 100 0.864561 0.228535 -0.343761 -1.39422 0 0
0 0 101 -0.620021 -0.0941193 -0.0305565 0.208738 0 0
0 0 102 0.310273 -0.737753 0.542672 -0.321489 0 0
0 0 103 -0.368629 -0.182171 -0.063059 -0.244261 0 0
0 0 104 0.173458 -0.00175346 -0.542494 0.824644 0 0
0 0 105 0.494858 0.181629 -0.958795 1.06017 0 0
0 0 106 0.380355 0.138084 0.073372 0.285765 0 0
0 0 107 -0.138198 -0.0784092 -0.1918 0.226242 0 0
0 0 108 0.683026 0.178262 0.522072 -0.183854 0 0
0 0 109 0.974476 0.213939 -0.781394 0.436397 0 0
0 0 110 -0.207477 -0.628549 0.867998 -0.174668 0 0
0 0 111 -0.489671 -0.726413 -0.0380358 -0.462709 0 0
0 0 112 -0.326169 -0.113435 0.26561 -0.947753 0 0
0 0 113 0.253454 -0.0799067 0.330382 -0.0486184 0 0
0 0 114 -0.525581 -0.237751 -0.180492 0.21696 0 0
0 0 115 0.600793 -0.629137 1.13672 0.629857 0 0
0 0 116 0.101531 0.325941 -0.280076 1.03524 0 0
0 0 117 0.834077 0.0789569 -0.684074 -0.10814 0 0
0 0 118 0.0162098 -0.117501 -0.222162 -0.0409359 0 0
0 0 119 0.88904 -0.299356 -0.666097 0.86029 0 0
0 0 120 0.550646 0.552393 -0.449499 -1.08561 0 0
0 0 121 0.285242 -0.527858 -0.573186 -0.973585 0 0
0 0 122 -0.371344 0.897553 0.00324832 -0.923971 0 0
0 0 123 -0.304408 0.481804 0.554049 0.932742 0 0
0 0 124 0.10719 -0.572712 -0.300512 -0.0284299 0 0
0 0 125 0.234855 -0.446685 -0.350306 0.00162691 0 0
0 0 126 -0.400681 0.270422 -0.980826 0.0570427 0 0
0 0 127 -0.453545 -0.745296 0.614192 -0.13635 0 0
0 0 128 -0.741475 -0.352951 -0.296917 -0.496901 0 0
0 0 129 1.33947 -0.186483 -0.866898 0.456925 0 0
0 0 130 -0.272405 -0.247244 -0.225985 -0.331589 0 0
0 0 131 -0.0351513 0.32902 -0.36473 -0.352084 0 0
0 0 132 1.46343 0.34455 1.02992 0.936973 0 0
0 0 133 -0.0494926 -0.23258 0.149912 -0.106071 0 0
0 0 134 -0.56781 0.146691 -0.0445962 0.181999 0 0
0 0 135 -0.139564 1.04134 0.776678 0.415496 0 0
0 0 136 0.295646 0.541938 0.371251 0.482754 0 0
0 0 137 -0.192015 -1.09677 0.257832 0.0887496 0 0
0 0 138 -0.210563 0.177453 0.0500728 0.254699 0 0
0 0 139 0.239597 -0.0457998 0.394529 0.635819 0 0
0 0 140 1.04634 -0.127874 0.222586 0.414905 0 0
0 0 141 -0.769487 0.00293007 -1.053 -0.723083 0 0
0 0 142 -0.131495 0.358653 -0.726817 0.0239673 0 0
0 0 143 -0.0839937 -0.448417 0.755394 0.0504535 0 0
0 0 144 0.548978 -1.41409 0.265635 -0.714419 0 0
0 0 145 0.706864 0.0112677 -0.314842 -0.0709516 0 0
0 0 146 0.516209 -0.00575584 -0.100463 -0.319526 0 0
0 0 147 0.551543 0.344579 0.243058 0.325878 0 0
0 0 148 0.198656 -0.0110949 0.350671 -0.189641 0 0
0 0 149 0.471906 -0.442045 0.568756 1.37104 0 0
0 0 150 -0.2318 0.0993663 -0.236394 0.231207 0 0
0 0 151 -0.147969 -0.799394 -0.239089 -0.182274 0 0
0 0 152 -0.35604 0.67895 0.639678 0.0849805 0 0
0 0 153 -0.0875173 -0.0720067 0.353689 0.0958436 0 0
0 0 154 -0.193239 0.164986 -0.906482 1.30519 0 0
0 0 155 0.444476 0.511273 -0.586877 -0.127872 0 0
0 0 156 -0.106838 -0.171103 -0.640131 0.225598 0 0
0 0 157 -1.48503 0.143441 0.677503 -0.33504 0 0
0 0 158 0.16381 -0.0442661 -0.10318 -0.297757 0 0
0 0 159 -1.09742 0.189061 -0.743712 0.052638 0 0
0 0 160 -0.746416 -0.753746 -0.501927 -1.5474 0 0
0 0 161 -0.369915 -0.138414 -0.937773 -0.115903 0 0
0 0 162 -0.667449 -0.13631 0.179436 -0.0234902 0 0
0 0 163 0.441566 -0.138856 0.867843 -1.12747 0 0
0 0 164 -0.0397271 -0.530245 -0.912082 -0.372592 0 0
0 0 165 0.479621 -0.522736 0.146358 -0.102372 0 0
0 0 166 0.229381 1.15077 -0.691132 -0.18487 0 0
0 0 167 -0.0100777 -0.0782013 0.640427 -0.562049 0 0
0 0 168 -0.498841 0.273177 -0.118006 0.789854 0 0
0 0 169 0.648409 -0.682028 0.190187 -0.108475 0 0
0 0 170 0.427646 0.132929 -0.580193 -0.240656 0 0
0 0 171 1.29414 0.392954 -0.472345 -0.10604 0 0
0 0 172 0.125156 -0.675952 0.457981 -0.020118 0 0
0 0 173 -0.600588 0.00168297 0.213242 -0.40676 0 0
0 0 174 0.442439 0.39837 -0.262323 0.323522 0 0
0 0 175 -0.760044 -0.214907 -0.194101 0.353048 0 0
0 0 176 -0.604396 0.396757 -0.395142 -0.237929 0 0
0 0 177 -0.433714 -0.449287 0.807995 0.49063 0 0
0 0 178 -0.165397 -0.723156 -0.0680265 0.168175 0 0
0 0 179 -0.672689 0.462447 0.490064 -0.465594 0 0
0 0 180 -0.847875 -0.500943 0.882795 0.311707 0 0
0 0 181 0.14666 0.114645 -0.5977 -0.334227 0 0
0 0 182 -0.376056 0.667328 -0.376082 -0.791569 0 0
0 0 183 -0.227871 0.269374 0.207549 0.342821 0 0
0 0 184 0.427369 -0.138014 0.131883 0.0283482 0 0
0 0 185 0.60855 1.31994 -0.0311273 -0.0698859 0 0
0 0 186 0.236708 -0.0746967 0.278543 0.303881 0 0
0 0 187 -0.118463 0.432937 0.163458 0.318953 0 0
0 0 188 -1.04806 -0.321879 0.238229 -0.0508322 0 0
0 0 189 0.0788771 -0.379419 0.714125 -0.235482 0 0
0 0 190 -0.43141 0.746229 1.354 0.283637 0 0
0 0 191 -0.306409 0.39207 0.379317 -0.302369 0 0
0 0 192 0.370978 -0.591959 -0.461182 0.511339 0 0
0 0 193 0.180497 0.116912 -1.08613 -0.064745 0 0
0 0 194 0.142751 0.757782 0.280275 0.802481 0 0
0 0 195 -0.634789 0.655671 0.421085 0.551864 0 0
0 0 196 0.595635 -0.343015 -0.00919389 -0.733001 0 0
0 0 197 0.276241 -0.258947 -0.468602 -0.22907 0 0
0 0 198 -0.0430018 0.407205 0.432282 -0.0390663 0 0
0 0 199 0.319303 0.108024 -0.518846 -0.261539 0 0
0 0 200 0.405005 -0.268777 -0.450758 -0.459698 0 0
0 0 201 -0.269276 -0.129975 -0.752385 0.286886 0 0
0 0 202 -0.581406 0.678431 -0.394849 -0.709549 0 0
0 0 203 -0.170057 0.142043 1.01049 -0.0684437 0 0
0 0 204 -0.332745 0.741942 -0.0426514 0.852461 0 0
0 0 205 -0.408281 0.357668 0.164452 0.00375697 0 0
0 0 206 -0.160608 -0.268323 -0.706043 -0.454437 0 0
0 0 207 0.117932 -0.319322 -0.0421743 -0.222377 0 0
0 0 208 0.256792 0.719716 0.072253 0.251732 0 0
0 0 209 -0.00330412 0.88155 0.725933 -0.194837 0 0
0 0 210 -0.768369 -0.121673 0.537385 -0.0387069 0 0
0 0 211 0.432794 1.1338 -0.946465 0.922428 0 0
0 0 212 1.14853 -0.948589 0.791214 -0.996584 0 0
0 0 213 -0.704108 0.582462 0.383067 -0.0405447 0 0
0 0 214 -0.510201 0.0361733 0.789864 -0.177555 0 0
0 0 215 -0.640058 0.556465 0.468977 0.206793 0 0
0 0 216 0.0142296 0.263294 -0.989471 0.074159 0 0
0 0 217 0.188756 -0.333097 -0.393543 -0.729006 0 0
0 0 218 -0.116307 0.838605 0.535785 0.480273 0 0
0 0 219 -0.149538 0.18731 -0.481568 -0.173468 0 0
0 0 220 -0.422946 -0.800557 -0.712891 0.151269 0 0
0 0 221 -0.615655 0.57879 -0.346499 -0.24726 0 0
0 0 222 -0.292793 -0.415239 -0.62274 0.0991312 0 0
0 0 223 0.411171 -0.11149 0.107412 0.149268 0 0
0 0 224 -0.941889 -0.635304 0.205674 -0.338871 0 0
0 0 225 -0.114679 -0.153229 -0.293374 -1.02051 0 0
0 0 226 -0.264862 0.0777336 0.583941 0.462227 0 0
0 0 227 0.0312319 -0.620298 0.527921 0.550936 0 0
0 0 228 0.00946242 0.514483 0.274294 -0.546177 0 0
0 0 229 -0.584945 0.643359 0.0417308 -0.352672 0 0
0 0 230 0.58018 -0.15104 -0.0443262 1.78622 0 0
0 0 231 -0.440503 -1.20674 0.0837217 -0.557324 0 0
0 0 232 0.511491 -0.328483 0.426195 -0.0201491 0 0
0 0 233 0.108489 -0.496218 -0.471145 -0.217031 0 0
0 0 234 0.903224 0.541708 0.339316 -0.97655 0 0
0 0 235 -0.241552 0.533637 0.298465 -0.133856 0 0
0 0 236 1.45134 0.0554984 -0.709377 -0.124054 0 0
0 0 237 0.408481 0.443944 0.818358 -0.511807 0 0
0 0 238 0.965617 0.536029 0.815875 -0.840178 0 0
0 0 239 0.670362 -0.451291 -0.522066 0.189304 0 0
0 0 240 -1.01783 -0.73946 -0.256034 0.342615 0 0
0 0 241 0.0620629 0.557218 0.196016 0.532865 0 0
0 0 242 0.74362 0.175557 0.324033 -0.724195 0 0
0 0 243 -0.236154 -0.56414 0.133117 -0.814651 0 0
0 0 244 1.13872 0.296771 -0.775096 -0.0571601 0 0
0 0 245 0.576309 -1.15272 0.48316 0.145407 0 0
0 0 246 -0.635528 -0.675857 0.564939 0.815524 0 0
0 0 247 -0.116845 -1.33822 -0.674839 -0.752601 0 0
0 0 248 -0.790435 -0.147081 -0.325685 -0.425313 0 0
0 0 249 -0.124178 -0.279048 -0.158869 0.483408 0 0
0 0 250 0.500147 0.673627 0.363535 -0.908146 0 0
0 0 251 -0.416884 0.85083 -0.607329 0.541515 0 0
0 0 252 0.0809254 0.305491 0.323419 -0.258342 0 0
0 0 253 -0.492215 -0.541114 -0.595686 -0.278231 0 0
0 0 254 -0.0633921 -0.703455 -0.524164 1.17166 0 0
0 0 255 0.87043 -0.382779 -1.03683 -0.0384947 0 0
0 0 256 -0.480421 0.13816 0.37506 0.702145 0 0
0 0 257 0.23792 0.383013 -0.775763 0.49156 0 0
0 0 258 -0.54648 0.243873 -0.114995 -0.472837 0 0
0 0 259 -0.0269658 -0.598132 0.432853 0.108063 0 0
0 0 260 0.381694 0.205903 -0.115257 0.0999913 0 0
0 0 261 -0.113649 -0.148585 0.0483101 -0.34287 0 0
0 0 262 -0.574143 0.11213 0.722748 0.0256451 0 0
0 0 263 0.974556 -0.550319 -0.0983008 0.413575 0 0
0 0 264 -0.0995462 -0.0196715 -0.268741 0.203963 0 0
0 0 265 -0.291349 0.186452 -0.915266 0.107339 0 0
0 0 266 -0.48256 0.345644 0.336361 -0.509568 0 0
0 0 267 0.494193 -0.232529 0.390675 -0.791789 0 0
0 0 268 0.656673 -0.677458 0.367467 0.67691 0 0
0 0 269 0.270125 0.0646 -1.05148 0.506178 0 0
0 0 270 -0.203384 -0.0281355 -0.182674 0.0279622 0 0
0 0 271 -0.0500689 -0.281945 0.699264 0.303369 0 0
0 0 272 0.0128154 -0.725792 0.261241 -0.511998 0 0
0 0 273 0.491143 0.0210423 0.746079 0.25173 0 0
0 0 274 0.381355 -0.259917 -0.0609517 0.684833 0 0
0 0 275 0.240834 0.1043 -1.11973 0.155051 0 0
0 0 276 0.24045 0.390877 -0.0992015 -1.04327 0 0
0 0 277 -0.0394861 0.407604 -1.26302 1.01445 0 0
0 0 278 0.619609 0.342392 -0.18157 0.393154 0 0
0 0 279 -0.0636608 0.537843 0.27655 0.756338 0 0
0 0 280 -0.166361 -0.502203 0.329906 -0.619048 0 0
0 0 281 0.45632 -0.719755 0.532966 -0.513738 0 0
0 0 282 0.110603 0.580888 -0.890406 0.259834 0 0
0 0 283 -0.531686 -0.228757 1.41952 0.855943 0 0
0 0 284 -0.236615 -0.60683 -1.00281 -0.352914 0 0
0 0 285 -0.287605 0.504919 0.480738 0.0706259 0 0
0 0 286 0.087146 -0.645098 1.47173 -0.000811315 0 0
0 0 287 -0.219999 -0.106764 -0.479573 0.433268 0 0
0 0 288 0.586611 -0.331863 0.210945 -0.298553 0 0
0 0 289 -0.205166 0.628215 1.50827 -0.165911 0 0
0 0 290 -0.0970187 -0.75242 0.141486 -0.235679 0 0
0 0 291 -0.20819 -0.887399 0.276863 -0.127847 0 0
0 0 292 0.503725 0.134631 -0.173484 0.741315 0 0
0 0 293 1.20386 -0.879668 -0.0878551 -0.556878 0 0
0 0 294 0.314981 0.503003 -0.818839 -0.260814 0 0
0 0 295 0.651424 -0.0764426 0.743567 0.0344504 0 0
0 0 296 -0.527823 0.0412597 0.11607 0.04575 0 0
0 0 297 -0.270595 -0.685563 0.455362 0.281742 0 0
0 0 298 0.462505 -1.22351 1.01367 0.29555 0 0
0 0 299 0.486003 -0.072914 -0.69797 0.879084 0 0
0 0 300 -0.0154927 0.14443 0.116694 0.160777 0 0
0 0 301 0.685088 -0.1619 -0.730564 0.721165 0 0
0 0 302 1.12546 -0.00378352 0.0559962 0.333575 0 0
0 0 303 0.790651 0.0906657 -0.058601 -0.468959 0 0
0 0 304 -0.757416 0.0330191 0.03334 0.893093 0 0
0 0 305 0.280688 0.363331 0.438555 -0.591261 0 0
0 0 306 0.118324 -0.362205 0.149973 0.571149 0 0
0 0 307 0.379117 0.123974 -0.0150613 -0.601849 0 0
0 0 308 -0.0556179 -0.642572 -0.561212 0.323076 0 0
0 0 309 0.63231 -0.4713 -0.372903 0.487871 0 0
0 0 310 0.475767 -0.335103 0.0433986 -0.725258 0 0
0 0 311 -0.321173 -0.119257 -0.371266 0.0138895 0 0
0 0 312 0.0561244 0.483527 -0.357975 0.513454 0 0
0 0 313 0.868896 -0.764874 -0.79514 0.185247 0 0
0 0 314 0.0228156 0.258333 -0.450229 0.548462 0 0
0 0 315 0.509277 -0.0805754 -0.0832309 0.57938 0 0
0 0 316 0.0911707 -0.361698 0.262965 0.131065 0 0
0 0 317 -0.586915 -0.140333 1.02933 -0.321201 0 0
0 0 318 0.59598 -0.21867 -0.421427 -0.678905 0 0
0 0 319 0.848134 0.0278919 -0.0458607 -0.55757 0 0
0 0 320 -0.330379 -0.279739 0.086528 -0.867548 0 0
0 0 321 0.429367 -0.435518 -0.201451 -0.816551 0 0
0 0 322 0.284874 0.914329 0.174602 0.720614 0 0
0 0 323 0.0782765 -0.16353 -0.0276677 -0.0704377 0 0
0 0 324 -0.0311653 -0.457217 -0.242249 -0.525204 0 0
0 0 325 0.256158 -1.02939 0.120791 -0.197282 0 0
0 0 326 1.51699 -0.169893 0.335347 0.176303 0 0
0 0 327 0.809697 1.00997 -0.806519 0.395385 0 0
0 0 328 -0.702957 0.224137 -0.139404 -0.616414 0 0
0 0 329 0.547233 0.207301 0.597683 0.128768 0 0
0 0 330 -1.04697 0.205437 -0.996251 -0.247505 0 0
0 0 331 -0.6136 -0.772287 0.577469 0.398697 0 0
0 0 332 -0.275869 -1.07954 0.830743 0.894967 0 0
0 0 333 0.235626 0.14365 0.0258405 0.546544 0 0
0 0 334 0.847934 -0.840608 -0.56176 1.06327 0 0
0 0 335 -0.298453 0.30542 -0.346375 0.106337 0 0
0 0 336 -0.519386 0.360237 0.0318742 0.425445 0 0
0 0 337 -1.08955 -1.13742 -0.537959 0.279378 0 0
0 0 338 1.51814 -0.333956 0.597854 0.964121 0 0
0 0 339 -0.462563 0.171587 -0.827329 0.339442 0 0
0 0 340 0.164174 -0.644718 -0.622945 -0.325823 0 0
0 0 341 0.397633 -0.0234976 0.321072 -0.553842 0 0
0 0 342 0.494441 -0.0753444 -0.00834882 -0.211148 0 0
0 0 343 0.878803 -0.00347066 0.0082564 0.175128 0 0
0 0 344 -0.290917 0.428886 -0.123963 0.223977 0 0
0 0 345 0.502798 0.0877065 0.03207 0.0269636 0 0
0 0 346 1.24166 -0.156645 0.00664943 0.104752 0 0
0 0 347 0.321935 0.431955 0.148471 -0.220558 0 0
0 0 348 0.475514 0.0234296 0.485955 0.476162 0 0
0 0 349 0.232313 0.0176925 0.126271 0.180785 0 0
0 0 350 0.243671 0.160044 0.0751737 -0.205313 0 0
0 0 351 -0.498951 0.611213 -0.762538 -0.206003 0 0
0 0 352 0.761984 -0.526394 0.383887 0.0655247 0 0
0 0 353 -0.558472 0.598938 -0.459657 0.398662 0 0
0 0 354 0.29171 -0.604734 -0.205132 0.557017 0 0
0 0 355 -0.440001 0.548523 -0.774274 0.169407 0 0
0 0 356 0.0891639 -0.343466 -1.0087 -0.0283801 0 0
0 0 357 1.06775 -0.331614 0.558731 -0.530194 0 0
0 0 358 -0.230215 -0.667589 -0.282187 -0.353514 0 0
0 0 359 0.974367 -0.0314382 -0.178386 -0.597321 0 0
0 0 360 0.167361 0.905157 -0.355955 -0.364186 0 0
0 0 361 0.0446773 0.876549 -0.1784 -0.669998 0 0
0 0 362 0.0812144 0.380875 0.120163 0.196796 0 0
0 0 363 0.733205 0.398209 -0.0240434 -0.37854 0 0
0 0 364 0.163054 -0.812055 -0.576858 0.432904 0 0
0 0 365 -0.755322 -0.768736 -0.410657 0.387008 0 0
0 0 366 0.0343523 0.103036 0.0745632 -0.161074 0 0
0 0 367 -0.293596 0.174952 -1.26664 0.643836 0 0
0 0 368 -0.468791 -0.855134 -0.96328 1.09593 0 0
0 0 369 0.390278 -0.194308 0.157598 0.489137 0 0
0 0 370 0.276249 0.696632 0.819595 0.384046 0 0
0 0 371 0.148158 0.314895 0.231891 0.355241 0 0
0 0 372 0.358541 0.928876 -0.313918 0.401081 0 0
0 0 373 1.03483 -0.889323 -0.223015 -0.605195 0 0
0 0 374 0.575242 0.537049 0.549671 -0.27039 0 0
0 0 375 0.161145 0.106829 -0.1766 0.578242 0 0
0 0 376 0.101074 -0.10748 0.554598 1.3759 0 0
0 0 377 0.553268 -0.321421 -0.293493 -0.16913 0 0
0 0 378 0.373248 0.321871 -0.2231 0.138958 0 0
0 0 379 0.0336545 0.605478 0.823513 -0.706589 0 0
0 0 380 0.0177327 -0.597414 0.577873 -0.613681 0 0
0 0 381 0.301463 0.790304 -0.998893 0.768003 0 0
0 0 382 -0.0813173 0.0125066 0.388858 -0.444431 0 0
0 0 383 0.0177004 -0.74478 0.00424841 0.266614 0 0
0 0 384 -0.121235 0.47568 0.305729 0.213477 0 0
0 0 385 0.539592 -0.883116 0.139761 -0.225048 0 0
0 0 386 0.300158 -0.51437 -0.452998 -0.116023 0 0
0 0 387 -0.0679051 0.260769 0.536119 -0.0804292 0 0
0 0 388 0.168734 0.589784 0.171296 0.14113 0 0
0 0 389 0.691904 0.409263 0.394598 -0.530908 0 0
0 0 390 1.01425 -0.17978 -1.04472 0.328153 0 0
0 0 391 -0.827878 -0.475817 -0.12812 0.218257 0 0
0 0 392 0.243341 0.0991419 0.140353 0.584971 0 0
0 0 393 -0.152559 0.676834 -0.695278 -0.308257 0 0
0 0 394 -0.0410543 0.475913 0.311917 -0.768173 0 0
0 0 395 -0.649219 0.282982 -0.647732 0.161208 0 0
0 0 396 0.253295 -0.330184 -0.218488 -0.510051 0 0
0 0 397 -1.16768 -0.40277 0.061917 0.0467449 0 0
0 0 398 0.294899 0.0946832 -0.655634 -0.262392 0 0
0 0 399 0.885831 0.017383 0.598887 -0.0407948 0 0
0 0 400 0.300722 0.941704 -0.0062073 0.0532012 0 0
0 0 401 -0.367778 0.630802 0.149461 0.81827 0 0
0 0 402 0.153581 0.904429 -0.335147 -0.509313 0 0
0 0 403 0.95822 -0.0591833 -0.441263 -0.0723125 0 0
0 0 404 0.816614 0.0775994 -0.409274 0.0689391 0 0
0 0 405 0.252501 -0.186893 -0.0327262 -0.211331 0 0
0 0 406 0.128162 1.16879 -0.494857 -0.278273 0 0
0 0 407 0.445145 -0.491557 0.654628 -0.391328 0 0
0 0 408 0.0302187 -0.0348044 0.713754 -0.0381935 0 0
0 0 409 1.10482 -0.81641 -0.234435 0.407393 0 0
0 0 410 0.00249091 0.0435602 -0.623522 -0.247462 0 0
0 0 411 -0.591492 -0.382469 -0.420918 -0.4807 0 0
0 0 412 -0.583809 0.359055 0.515731 1.18821 0 0
0 0 413 -0.27134 1.07944 0.261541 -0.819445 0 0
0 0 414 0.68647 -0.0904199 -0.183312 -0.00493824 0 0
0 0 415 0.886203 -0.0728994 1.23267 -0.207523 0 0
0 0 416 -0.0985445 -1.13102 -0.416102 -0.328818 0 0
0 0 417 -0.754581 -0.183869 -0.565148 0.285585 0 0
0 0 418 0.914098 -0.217305 0.721362 -0.96872 0 0
0 0 419 0.514872 0.365736 -0.508968 -0.738489 0 0
0 0 420 0.0593014 -0.957414 0.48593 -0.428389 0 0
0 0 421 0.111287 -0.811027 -0.447475 -0.101214 0 0
0 0 422 0.155878 0.858611 0.861894 0.163303 0 0
0 0 423 0.509859 -0.101813 -0.0494115 -0.588518 0 0
0 0 424 0.691237 0.246177 -0.00732721 0.566092 0 0
0 0 425 -0.497963 -0.526991 -0.343444 0.161687 0 0
0 0 426 -0.341946 -0.322351 -0.509238 0.439519 0 0
0 0 427 1.12669 0.00955677 0.365832 -0.227008 0 0
0 0 428 0.0775713 0.307286 -1.05141 0.148754 0 0
0 0 429 -0.444487 0.270316 0.176501 -0.303575 0 0
0 0 430 1.48409 0.24678 1.0057 -1.3859 0 0
0 0 431 -0.674201 -0.184521 -0.700266 0.462415 0 0
0 0 432 0.253261 0.951767 0.460559 0.798449 0 0
0 0 433 0.853511 -0.202921 0.537144 -0.312835 0 0
0 0 434 0.54903 0.0376237 0.54098 -0.0923075 0 0
0 0 435 0.155563 -0.090272 1.42774 -0.0184001 0 0
0 0 436 -0.771028 0.180594 -0.5139 0.329014 0 0
0 0 437 -0.271641 0.0710245 -0.163314 0.115719 0 0
0 0 438 0.536202 -0.537626 -0.661162 -0.692147 0 0
0 0 439 0.864718 -0.334925 -0.199588 0.20115 0 0
0 0 440 -0.151993 -0.335789 0.162123 -0.107344 0 0
0 0 441 -0.271428 -0.76204 -0.760142 -0.00119695 0 0
0 0 442 -0.321594 0.138041 0.266169 0.347036 0 0
0 0 443 0.128746 -0.224749 -0.666713 0.0249386 0 0
0 0 444 0.473485 0.651003 -0.684807 -0.620132 0 0
0 0 445 -0.647542 -0.0588865 -0.350523 -0.498094 0 0
0 0 446 -0.1561 -0.919534 0.53485 0.406387 0 0
0 0 447 -0.227825 0.466387 0.628983 0.727625 0 0
0 0 448 0.271363 -0.805476 0.221685 -0.478575 0 0
0 0 449 -0.466594 0.231506 -1.288 0.125667 0 0
0 0 450 -0.392053 -0.17183 0.553106 0.220921 0 0
0 0 451 1.01558 -0.277065 -0.138243 -0.154207 0 0
0 0 452 -0.58182 0.0417277 0.0952329 0.105127 0 0
0 0 453 0.672157 1.0357 -0.395684 -0.104281 0 0
0 0 454 1.64125 -0.0464302 -0.334814 0.132583 0 0
0 0 455 -0.2345 0.0249942 -0.00740003 0.52815 0 0
0 0 456 0.270197 -0.591426 0.398748 -0.0908907 0 0
0 0 457 -0.0374325 0.515331 -0.543914 -0.03544 0 0
0 0 458 0.68741 0.00369307 -0.522798 -0.320435 0 0
0 0 459 0.335552 1.01813 0.529937 -0.257563 0 0
0 0 460 0.150617 0.261299 -0.69981 0.732528 0 0
0 0 461 -0.493716 -0.00205697 -0.820656 0.367841 0 0
0 0 462 -0.292071 -0.0787742 0.0544729 -0.00323024 0 0
0 0 463 0.205423 0.684989 0.31091 0.000735268 0 0
0 0 464 -0.483237 0.0359624 -0.20335 -0.851616 0 0
0 0 465 0.984896 0.14456 0.248324 0.626454 0 0
0 0 466 0.315063 -0.497431 0.634443 -0.897876 0 0
0 0 467 0.335548 -0.316237 0.31133 -0.691393 0 0
0 0 468 -0.00491068 0.254989 -1.00452 0.161891 0 0
0 0 469 -0.423277 -0.380487 -0.808678 -0.812077 0 0
0 0 470 0.402371 -0.126645 0.16037 0.0931768 0 0
0 0 471 0.300259 -0.136448 0.801544 0.60851 0 0
0 0 472 -0.700651 0.475706 0.551871 -0.566639 0 0
0 0 473 0.520842 -0.401919 0.3174 -0.687861 0 0
0 0 474 -0.481489 -0.234365 -0.353842 0.33269 0 0
0 0 475 0.742492 -0.00181764 -0.112848 1.08555 0 0
0 0 476 0.400432 0.126427 -0.886418 0.275885 0 0
0 0 477 0.327522 0.44077 -0.407873 -1.04184 0 0
0 0 478 -0.447831 -0.629414 -0.567569 0.81758 0 0
0 0 479 -0.527541 -0.398953 0.177158 1.57443 0 0
0 0 480 0.1895 -0.0838198 -0.616861 0.491533 0 0
0 0 481 -0.476916 0.160109 0.696544 0.670537 0 0
0 0 482 -0.0357924 0.997774 -0.74888 -0.262163 0 0
0 0 483 -0.272176 0.165712 -0.435143 -0.537181 0 0
0 0 484 -0.126542 -0.0813551 -0.270083 -0.329919 0 0
0 0 485 0.463421 0.21238 0.460774 -0.407104 0 0
0 0 486 -0.444055 0.0617688 0.338291 -0.554318 0 0
0 0 487 0.814436 -1.19087 -0.0418656 0.430544 0 0
0 0 488 -1.33391 0.0806739 -0.0981778 -0.704309 0 0
0 0 489 0.345839 0.746111 -0.397677 0.893196 0 0
0 0 490 0.114036 -0.624298 -0.0120001 -0.463547 0 0
0 0 491 0.506899 -0.111929 -1.13896 -0.507582 0 0
0 0 492 -0.464503 0.442745 -0.269926 0.11663 0 0
0 0 493 -0.206613 0.659102 -0.148287 0.584277 0 0
0 0 494 -0.194803 -0.256814 0.836588 1.14611 0 0
0 0 495 0.379472 0.308161 0.436435 0.288345 0 0
0 0 496 -0.436394 -0.00301059 -0.533671 -0.161706 0 0
0 0 497 -0.390186 -0.191731 -0.83529 0.552153 0 0
0 0 498 0.349852 -0.546965 -0.0289283 -0.459927 0 0
0 0 499 -0.284498 -1.286 0.302013 -0.196434 0 0
0 0 500 0.158322 -0.0275319 0.15923 -0.254826 0 0
0 0 501 -0.334024 -0.026319 0.276354 -0.0909261 0 0
0 0 502 -0.718824 0.822797 -0.330448 1.23629 0 0
0 0 503 0.0548542 0.527171 -0.341017 0.083742 0 0
0 0 504 -0.372144 -0.309188 0.684519 0.0461418 0 0
0 0 505 0.649066 -0.374543 0.606302 -0.0663867 0 0
0 0 506 -0.139094 0.481179 0.900939 0.224021 0 0
0 0 507 0.500917 -0.0381608 0.50744 -0.220166 0 0
0 0 508 0.368555 -0.508639 -0.147317 0.321326 0 0
0 0 509 -0.320514 0.164993 -0.239841 0.370584 0 0
0 0 510 0.724037 0.0957427 -0.384314 -0.208348 0 0
0 0 511 -0.548368 0.621529 0.42075 -0.669866 0 0
0 0 512 0.631512 -0.432366 -0.0808849 0.243187 0 0
0 0 513 -0.208863 0.0109085 0.612824 -0.18468 0 0
0 0 514 0.261768 0.262818 0.654461 -0.162625 0 0
0 0 515 0.41703 0.210829 -0.7425 -0.694646 0 0
0 0 516 -0.0100225 -0.324566 0.155219 -0.161905 0 0
0 0 517 0.149648 1.34665 -0.512865 -0.208585 0 0
0 0 518 -1.06547 0.118044 0.237357 0.167192 0 0
0 0 519 -0.0958504 -0.135487 -0.142742 0.206313 0 0
0 0 520 -0.836966 0.735035 -0.557301 -0.50911 0 0
0 0 521 0.451614 0.806125 0.153725 -0.0470887 0 0
0 0 522 0.107212 0.350828 -0.173673 -0.550331 0 0
0 0 523 0.265398 0.125623 -0.642881 -0.741368 0 0
0 0 524 0.302677 0.331897 -0.184754 -0.351037 0 0
0 0 525 -0.196296 0.120793 0.803011 0.502505 0 0
0 0 526 0.486756 -0.556004 -0.0912382 -0.0342206 0 0
0 0 527 -0.0306292 0.535353 -0.245087 0.938557 0 0
0 0 528 0.933043 0.698584 -0.317266 0.52173 0 0
0 0 529 0.319214 -0.49624 0.197326 0.173588 0 0
0 0 530 -0.0653923 0.106442 -0.641268 0.456801 0 0
0 0 531 0.182671 -0.305537 -0.478871 0.590442 0 0
0 0 532 0.14097 -0.651758 -0.992111 0.789172 0 0
0 0 533 -0.25666 0.379555 0.248074 0.909552 0 0
0 0 534 -0.230112 -0.183368 0.244429 0.454496 0 0
0 0 535 0.128652 -0.506052 0.284924 0.475796 0 0
0 0 536 -0.579594 0.152186 -0.480381 0.441499 0 0
0 0 537 0.108741 -0.068131 -1.17514 -0.295597 0 0
0 0 538 -0.357332 0.571728 0.194683 -0.514941 0 0
0 0 539 0.0054245 -0.255399 -1.24885 0.427024 0 0
0 0 540 0.606731 0.474164 0.118022 -0.00163137 0 0
0 0 541 0.749176 -0.0789441 -0.68705 -0.847476 0 0
0 0 542 0.435381 -0.652429 -0.909565 0.192777 0 0
0 0 543 0.201551 -0.0417878 -0.381438 -0.384269 0 0
0 0 544 0.451439 -0.422447 0.249696 0.116653 0 0
0 0 545 0.23607 -0.362608 -0.636583 -0.219361 0 0
0 0 546 -0.166816 -0.575543 -0.0376731 1.27034 0 0
0 0 547 -0.645483 -0.0876558 -0.134323 0.281533 0 0
0 0 548 0.0253479 0.410092 -0.21449 0.0279791 0 0
0 0 549 0.847548 -0.31494 -0.62303 0.3416 0 0
0 0 550 -0.270734 -0.616283 0.423006 -0.507132 0 0
0 0 551 0.730873 0.115347 -0.499368 0.0663789 0 0
0 0 552 -0.066735 0.488719 -0.173042 0.891101 0 0
0 0 553 0.0361478 -1.28602 -0.000415009 0.454811 0 0
0 0 554 0.385929 0.319411 0.433589 0.28036 0 0
0 0 555 -0.546872 -0.429337 0.413101 -0.28522 0 0
0 0 556 0.724033 -0.372893 0.940119 0.0442103 0 0
0 0 557 0.064182 -0.0653088 -0.382296 0.518845 0 0
0 0 558 -0.405659 -0.656932 -0.914303 -0.489066 0 0
0 0 559 -0.183273 0.833765 -0.217925 0.313787 0 0
0 0 560 0.447223 -0.355206 0.323333 -0.540671 0 0
0 0 561 -0.0498544 0.217976 -0.39032 -0.250701 0 0
0 0 562 0.490522 0.0702236 0.0538386 0.170695 0 0
0 0 563 0.107706 -0.102437 0.696904 0.0228566 0 0
0 0 564 0.287123 0.292847 0.399476 -0.115923 0 0
0 0 565 0.684193 -0.435139 0.621812 -0.62249 0 0
0 0 566 1.20819 0.508601 -0.429888 0.53246 0 0
0 0 567 0.0637279 0.292839 0.114921 -0.0817824 0 0
0 0 568 0.686098 1.19283 -1.22577 0.72923 0 0
0 0 569 0.036571 -0.231274 -0.164393 0.994912 0 0
0 0 570 0.509078 -0.123103 1.06789 0.0180978 0 0
0 0 571 0.615834 0.0609003 0.459448 0.568821 0 0
0 0 572 -1.19338 0.516514 0.707408 0.118573 0 0
0 0 573 -0.506993 -0.569498 -0.603178 -0.0685355 0 0
0 0 574 -0.237108 0.921471 -0.660433 0.277952 0 0
0 0 575 0.472322 -1.18067 0.40093 0.216551 0 0
0 0 576 0.437013 -0.667255 0.977883 0.240886 0 0
0 0 577 -0.34383 -0.112112 -0.145589 0.534239 0 0
0 0 578 0.285015 -0.718759 -0.876503 -0.0451081 0 0
0 0 579 -0.0451118 0.307795 -0.892551 -0.617126 0 0
0 0 580 0.0271195 -0.415154 0.217852 0.6264 0 0
0 0 581 0.191479 0.471001 0.0398833 0.229545 0 0
0 0 582 0.720566 0.766779 -0.24819 0.160542 0 0
0 0 583 0.127059 -0.241136 -0.274696 0.492272 0 0
0 0 584 0.0110898 -0.165979 -0.717416 -0.273291 0 0
0 0 585 1.27492 0.0797637 -0.278075 1.33339 0 0
0 0 586 -0.586597 -0.17505 -0.224281 0.520824 0 0
0 0 587 0.0957967 -0.18145 0.288432 0.150732 0 0
0 0 588 -0.159754 0.541616 0.237846 0.0326939 0 0
0 0 589 0.414089 -0.952468 0.288967 0.0303429 0 0
0 0 590 -0.175148 0.981408 -0.293371 -0.0703149 0 0
0 0 591 0.757636 -0.583278 0.261901 0.053185 0 0
0 0 592 -0.0944852 0.0610884 0.382761 -0.643829 0 0
0 0 593 -0.262307 -0.853274 0.5805 -0.186147 0 0
0 0 594 0.215216 -0.994038 -0.0265813 0.520454 0 0
0 0 595 -0.608061 -0.147919 0.605626 -0.330959 0 0
0 0 596 -0.283971 0.110718 -0.480476 0.106357 0 0
0 0 597 -0.0550355 0.359827 0.295789 0.0588285 0 0
0 0 598 0.225305 -1.30182 -0.335834 0.132875 0 0
0 0 599 -0.474112 -0.658184 -1.38716 -0.232565 0 0
0 0 600 0.128051 0.0650133 0.409273 -0.644528 0 0
0 0 601 -0.0717543 -0.168442 -0.873414 0.55132 0 0
0 0 602 0.389612 -0.1245 -0.469784 0.678376 0 0
0 0 603 -0.282238 0.105048 0.0862758 -0.778005 0 0
0 0 604 0.741538 -0.120359 0.247954 0.568456 0 0
0 0 605 -0.803836 -0.543865 -0.221132 0.928554 0 0
0 0 606 -0.478257 0.204742 0.69075 -0.280633 0 0
0 0 607 0.0513824 -0.757402 -0.270621 0.50828 0 0
0 0 608 -1.2049 -0.357653 0.442722 0.0619617 0 0
0 0 609 0.485523 -0.718781 -0.566142 -0.041719 0 0
0 0 610 0.269891 -0.330529 -0.478187 -0.115496 0 0
0 0 611 0.0593397 -0.472851 -0.0790892 -0.00855921 0 0
0 0 612 -0.84375 -0.944873 0.228575 0.433384 0 0
0 0 613 0.169212 0.0508952 -0.24716 -1.24781 0 0
0 0 614 0.308811 -0.490911 -0.240091 -0.534123 0 0
0 0 615 -0.4225 0.243762 0.29248 -0.168035 0 0
0 0 616 0.749167 -0.210048 0.0493808 0.585306 0 0
0 0 617 0.726169 -1.07288 -0.74244 -0.837808 0 0
0 0 618 -0.284685 0.031981 -0.531996 0.0141257 0 0
0 0 619 0.297135 -0.209774 -0.0559028 0.193713 0 0
0 0 620 0.284904 0.0281254 -0.421889 -0.720818 0 0
0 0 621 0.323113 -0.51027 -0.555736 -0.428973 0 0
0 0 622 -0.0370746 -0.965407 0.662431 0.123313 0 0
0 0 623 -0.798053 -0.369597 0.0103685 -0.425615 0 0
0 0 624 -0.0658687 -0.127505 -0.459382 0.289428 0 0
0 0 625 0.737726 -0.789228 -0.718599 0.132371 0 0
0 0 626 0.920538 0.447011 0.18762 -0.45492 0 0
0 0 627 -0.358491 -0.0416336 -0.10436 -0.203593 0 0
0 0 628 0.0808382 0.0477068 0.0824183 -0.696444 0 0
0 0 629 -0.273065 -0.942119 -0.381756 0.366439 0 0
0 0 630 0.29047 -0.33102 -1.31535 0.684064 0 0
0 0 631 -0.384007 0.0869565 0.400385 -0.298619 0 0
0 0 632 -0.0220513 0.317575 -0.880701 -0.077089 0 0
0 0 633 -0.0120692 -0.604348 0.0152335 -0.21864 0 0
0 0 634 -0.34216 0.286597 0.527464 -0.167195 0 0
0 0 635 0.642138 -0.416143 -0.106139 0.00262741 0 0
0 0 636 0.230481 0.450631 0.233854 0.607818 0 0
0 0 637 0.805529 -0.27594 0.370102 -0.704075 0 0
0 0 638 0.416551 0.697016 -0.698007 0.347932 0 0
0 0 639 0.790571 0.453138 -0.191089 -0.41549 0 0
0 0 640 0.149083 -0.819893 -0.187624 0.701247 0 0
0 0 641 0.158794 0.187848 -0.337839 0.0875357 0 0
0 0 642 0.188837 0.556164 0.634261 -0.939168 0 0
0 0 643 0.214614 0.173388 0.851528 -0.200915 0 0
0 0 644 0.0133077 -0.265934 -0.155273 0.276605 0 0
0 0 645 0.114963 -0.132506 0.637626 0.02552 0 0
0 0 646 0.11572 -0.129572 -0.328987 -0.189524 0 0
0 0 647 0.0774479 -0.136701 0.812737 0.505866 0 0
0 0 648 0.747386 0.528182 0.449622 0.651093 0 0
0 0 649 0.788 0.361277 -0.395642 0.365349 0 0
0 0 650 -0.772585 -0.543886 0.0626711 0.481517 0 0
0 0 651 0.00626016 -0.642701 0.480803 -0.139424 0 0
0 0 652 0.632029 -0.146792 -0.285602 0.0335613 0 0
0 0 653 0.324849 -0.465501 0.806123 -0.404467 0 0
0 0 654 -0.838487 -0.844249 0.625944 0.169244 0 0
0 0 655 0.750392 -0.580568 0.53843 0.0295275 0 0
0 0 656 0.0946488 -0.62008 0.228922 -0.541422 0 0
0 0 657 0.123468 -0.632984 -0.245382 0.671229 0 0
0 0 658 0.406629 0.186968 0.954501 -0.651913 0 0
0 0 659 0.643703 -0.353938 0.363866 -0.15127 0 0
0 0 660 0.0106689 -0.710695 0.11876 -0.191065 0 0
0 0 661 -0.535441 -0.188353 -0.274414 0.40686 0 0
0 0 662 1.11987 0.0323166 0.889582 0.627671 0 0
0 0 663 -0.503083 -0.512085 0.246309 -0.175694 0 0
0 0 664 0.116129 -0.944809 0.598708 0.484018 0 0
0 0 665 0.152701 0.199387 0.0803635 -0.0475548 0 0
0 0 666 0.0890199 0.307298 -0.222493 0.0953933 0 0
0 0 667 -0.566248 -0.383356 0.283938 -0.261433 0 0
0 0 668 1.23679 0.453568 0.0618619 -0.113557 0 0
0 0 669 0.725605 -0.0139671 -0.0804159 -0.724533 0 0
0 0 670 0.0919284 -0.388742 0.60853 -0.500651 0 0
0 0 671 0.697635 -0.133558 -0.376815 -0.130972 0 0
0 0 672 -1.65057 -0.801968 0.057088 0.188499 0 0
0 0 673 0.593403 0.0257056 -0.0924429 -0.497013 0 0
0 0 674 -0.0636126 -0.455836 0.572638 0.575758 0 0
0 0 675 0.0331757 0.308376 -0.264995 0.382233 0 0
0 0 676 -0.743506 -0.133404 0.0439257 0.264711 0 0
0 0 677 -0.307628 0.0578886 0.415067 0.422795 0 0
0 0 678 -0.277234 0.0326793 0.122658 -0.403655 0 0
0 0 679 -0.0571355 -0.113169 -0.245406 0.351682 0 0
0 0 680 0.556983 -1.08587 -0.789176 -0.291164 0 0
0 0 681 -0.246831 0.113774 0.363409 -0.92651 0 0
0 0 682 -0.884903 -0.325193 -0.538483 -0.0904319 0 0
0 0 683 -0.374558 -0.467038 -0.240683 0.0356655 0 0
0 0 684 1.01659 0.627192 -0.720992 0.0541779 0 0
0 0 685 0.456951 -0.43872 -0.450021 0.32814 0 0
0 0 686 0.164116 -0.342317 -0.153479 -0.581104 0 0
0 0 687 0.297702 -0.774434 0.776591 -0.242324 0 0
0 0 688 0.28061 0.258398 -0.737295 -0.518173 0 0
0 0 689 1.39692 -0.0455306 0.0599321 0.721819 0 0
0 0 690 -0.403598 0.228699 0.355515 -0.33908 0 0
0 0 691 0.817466 -0.277469 -0.0674146 0.330746 0 0
0 0 692 -0.736002 -0.385926 0.37135 -0.72408 0 0
0 0 693 -0.56791 0.228501 0.855128 -0.439886 0 0
0 0 694 0.431929 -0.295291 0.771223 -0.372806 0 0
0 0 695 0.309321 -0.0517862 0.365377 -0.65419 0 0
0 0 696 -0.24099 -1.14136 -0.125266 1.07358 0 0
0 0 697 -0.080506 0.270793 -0.370453 0.473536 0 0
0 0 698 -0.393298 -0.029888 -0.389443 0.109786 0 0
0 0 699 -0.782786 0.126308 -0.398709 0.471797 0 0
0 0 700 0.167742 0.158109 0.128469 -0.00259935 0 0
0 0 701 0.0409734 -0.21169 -0.079464 -0.827183 0 0
0 0 702 0.117969 -0.083092 0.261177 -1.34056 0 0
0 0 703 0.127529 -1.04906 0.487403 -0.849354 0 0
0 0 704 0.572063 0.11102 -0.506371 0.144209 0 0
0 0 705 0.168192 -0.39014 0.0362753 -0.311888 0 0
0 0 706 0.628153 -0.424407 0.0444509 -0.390798 0 0
0 0 707 0.474149 -0.520235 0.511501 -0.321631 0 0
0 0 708 0.546291 0.386343 -1.15463 0.450298 0 0
0 0 709 -0.248035 -0.555625 0.219903 0.315666 0 0
0 0 710 -0.0492516 -0.372985 0.980737 0.515161 0 0
0 0 711 -0.332257 0.108546 0.599962 -0.302553 0 0
0 0 712 -0.458733 -0.166213 -0.251059 0.379791 0 0
0 0 713 -0.116185 -0.252853 1.22242 -0.242015 0 0
0 0 714 -0.539609 -0.0659714 -0.0271909 -0.516778 0 0
0 0 715 -0.878545 -0.275769 -0.0970601 -0.172624 0 0
0 0 716 -0.531673 0.204391 -0.148148 -0.122485 0 0
0 0 717 -0.540295 -0.325598 0.450978 -0.00816854 0 0
0 0 718 -0.674375 -0.0121603 0.782489 -0.13625 0 0
0 0 719 0.638638 -0.387187 0.189894 0.701033 0 0
0 0 720 0.231837 0.0595311 1.46551 0.552122 0 0
0 0 721 0.0711496 0.0630342 -0.125468 -0.650624 0 0
0 0 722 0.462487 0.203916 -0.0667484 0.741459 0 0
0 0 723 -0.142455 0.629909 0.32994 0.360029 0 0
0 0 724 0.537667 0.012298 -0.0733236 0.307405 0 0
0 0 725 1.08832 -2.18199 -0.217445 0.561055 -87.1545 7.38924
0 0 726 -0.101459 0.4813 0.161608 0.60811 0 0
0 0 727 -0.0541755 -0.888298 1.75524 -0.622808 58.4216 7.73137
0 0 728 -0.164594 0.282227 0.227674 -0.524922 0 0
0 0 729 1.41673 -0.235233 -0.433433 0.447393 0 0
0 0 730 -0.0241992 -0.776408 -0.262346 0.104009 0 0
0 0 731 -0.545577 0.153011 -0.354872 -0.179714 0 0
0 0 732 0.812085 -0.375959 -0.731215 -0.908608 0 0
0 0 733 0.782605 0.168765 -0.340152 0.342896 0 0
0 0 734 0.229809 -0.422387 0.99172 -0.320008 0 0
0 0 735 -0.239659 0.646236 -0.472048 -0.272309 0 0
0 0 736 -0.233647 -0.00179363 0.295046 0.622512 0 0
0 0 737 -0.0349424 -0.916962 -0.0353382 0.604327 0 0
0 0 738 0.379912 -0.98226 -0.223656 -0.115872 0 0
0 0 739 0.179198 0.737828 -0.355863 -0.54457 0 0
0 0 740 -0.793878 0.307252 0.459303 0.108707 0 0
0 0 741 -0.86895 0.0248526 -0.234353 0.02579 0 0
0 0 742 0.509749 -0.727429 -0.00663255 0.0550413 0 0
0 0 743 -1.21447 0.0812297 0.327135 0.452731 0 0
0 0 744 -0.501718 -0.137724 0.505397 -0.163369 0 0
0 0 745 -0.226818 0.272996 -0.55848 0.00118905 0 0
0 0 746 -0.741077 0.472295 -0.300027 0.842567 0 0
0 0 747 1.06726 -0.156701 -0.297166 -0.217523 0 0
0 0 748 -0.379174 0.0885473 0.126716 0.682771 0 0
0 0 749 0.687638 0.272956 0.336161 -0.106432 0 0
0 0 750 0.900174 0.549458 0.407635 0.152713 0 0
0 0 751 -0.396276 -1.2493 -0.0257629 0.192676 0 0
0 0 752 -0.267573 -0.507129 0.452806 0.238856 0 0
0 0 753 0.091533 -0.345564 -0.324313 -0.263622 0 0
0 0 754 -0.000204623 0.697018 -0.46619 0.10727 0 0
0 0 755 0.155963 -0.214451 0.120509 -0.0965623 0 0
0 0 756 0.24542 1.00812 -0.0804302 0.197536 0 0
0 0 757 0.183859 -0.184879 -0.593817 0.422705 0 0
0 0 758 0.29837 -0.193154 0.502563 -0.0578536 0 0
0 0 759 0.545531 -0.613361 0.609206 -0.338711 0 0
0 0 760 0.181708 0.277683 -0.537433 -0.905419 0 0
0 0 761 0.905495 -0.746942 0.660725 -0.220069 0 0
0 0 762 0.709907 0.680091 1.06403 0.457175 0 0
0 0 763 0.0902038 0.182437 -0.477481 -0.439677 0 0
0 0 764 0.581318 -0.639697 0.49865 -0.317445 0 0
0 0 765 -0.761283 -0.126278 0.350358 0.769039 0 0
0 0 766 0.233365 -0.148186 -0.0944969 -0.736842 0 0
0 0 767 0.614884 -0.388662 0.985105 -0.522482 0 0
0 0 768 0.928584 -0.0179664 -0.296412 -0.220566 0 0
0 0 769 0.609154 0.737984 -0.2092 0.245326 0 0
0 0 770 -0.903185 0.460658 0.141912 0.803427 0 0
0 0 771 -0.0148803 -1.21145 0.474411 0.774492 0 0
0 0 772 0.0341762 -0.911015 0.0579049 -0.450355 0 0
0 0 773 0.0462487 0.0946147 1.18626 -0.22299 0 0
0 0 774 0.771761 -0.0587812 -0.296646 0.368751 0 0
0 0 775 0.283702 -0.713084 -0.722783 0.0276394 0 0
0 0 776 -0.26404 1.36143 0.974969 1.24499 0 0
0 0 777 0.374406 -0.808034 -0.0937629 0.863054 0 0
0 0 778 -0.289562 -0.677141 0.152479 -0.157983 0 0
0 0 779 -0.289495 0.52706 1.19598 0.570868 0 0
0 0 780 1.15769 -0.00317037 1.04068 -0.565936 0 0
0 0 781 0.284321 0.409935 0.306896 0.276722 0 0
0 0 782 1.05765 -1.01516 -0.873736 0.467656 0 0
0 0 783 0.502964 0.0202854 -1.23455 -0.148152 0 0
0 0 784 -0.166128 0.0839709 -0.149267 -0.0316925 0 0
0 0 785 -0.0598218 -1.0238 0.8774 -0.789511 0 0
0 0 786 0.713203 -0.617836 -0.0540808 1.72614 0 0
0 0 787 0.460126 0.143089 -0.307827 0.470593 0 0
0 0 788 -0.458778 -0.295256 0.70309 -0.463955 0 0
0 0 789 0.196556 0.666848 -0.0582263 0.0942089 0 0
0 0 790 -0.0978802 0.762506 -0.294716 -0.284341 0 0
0 0 791 -0.162151 -0.0428917 0.239009 0.170916 0 0
0 0 792 -0.620816 -0.114734 0.810979 -0.741197 0 0
0 0 793 -0.0693654 -0.930172 -0.783328 0.578453 0 0
0 0 794 -0.410787 -0.337013 0.141836 0.0650288 0 0
0 0 795 -0.527091 0.740035 0.271376 -0.373446 0 0
0 0 796 0.583032 0.0254902 0.346696 0.802843 0 0
0 0 797 -0.0295614 -0.161137 0.597949 -0.29983 0 0
0 0 798 0.386449 -0.150396 0.284852 0.227494 0 0
0 0 799 -0.463145 -0.899373 -0.990086 0.669774 0 0
0 0 800 0.326302 -0.165152 0.052964 0.411664 0 0
0 0 801 0.118415 0.4248 0.686586 -0.0979173 0 0
0 0 802 1.18662 0.0179095 -0.351414 0.148287 0 0
0 0 803 0.226548 -0.837396 0.82298 0.875771 0 0
0 0 804 -1.01504 -0.450431 0.685173 0.490085 0 0
0 0 805 -0.435911 0.362135 0.192469 0.65665 0 0
0 0 806 0.131118 -0.578221 0.130451 0.126121 0 0
0 0 807 0.266075 -0.0959359 -0.486966 -0.0437664 0 0
0 0 808 0.739342 -0.896252 -0.723291 -0.376077 0 0
0 0 809 -0.162409 0.815908 -0.299271 0.41278 0 0
0 0 810 -0.19844 0.110717 0.00816104 0.423741 0 0
0 0 811 -0.145126 -0.360585 -0.52058 -0.230305 0 0
0 0 812 0.0379894 0.233839 0.364781 0.123998 0 0
0 0 813 0.441743 0.690227 0.0908776 -0.259414 0 0
0 0 814 -0.712898 -0.47754 0.547224 1.17009 0 0
0 0 815 0.998722 -0.7877 -0.0617423 -0.239679 0 0
0 0 816 -0.679563 0.387933 0.230319 0.387591 0 0
0 0 817 0.00518638 -0.213831 -0.659891 0.743505 0 0
0 0 818 -0.137291 -0.489582 -0.119399 1.03767 0 0
0 0 819 0.736676 0.690602 0.291691 -0.292313 0 0
0 0 820 0.420348 -0.442893 -0.141944 -0.25901 0 0
0 0 821 -0.530692 -0.0303251 0.266262 0.113348 0 0
0 0 822 -0.191579 -0.193312 -0.952199 -0.383868 0 0
0 0 823 0.850193 -0.593735 -0.646729 0.105822 0 0
0 0 824 0.171042 0.181614 -0.772588 -0.215392 0 0
0 0 825 1.13481 -0.31787 -0.0129072 0.194942 0 0
0 0 826 0.537126 0.128689 -0.0946488 -0.209123 0 0
0 0 827 -0.0751223 0.00906522 -0.951952 -0.511932 0 0
0 0 828 0.205158 -0.669678 -0.405373 1.07546 0 0
0 0 829 1.19557 0.415961 -0.383795 -0.196097 0 0
0 0 830 1.0954 0.807783 -0.297452 0.173381 0 0
0 0 831 -0.341751 0.0159229 -0.227194 1.1312 0 0
0 0 832 0.76384 -0.324966 -1.2029 -0.457607 0 0
0 0 833 0.93632 -0.0499963 -0.847732 0.499951 0 0
0 0 834 0.725949 -0.315007 -0.390068 0.0356723 0 0
0 0 835 1.78414 0.503306 -0.687996 -0.427637 0 0
0 0 836 1.74431 0.190697 -1.08851 -0.235296 0 0
0 0 837 1.00558 0.34716 -1.34407 -0.315072 0 0
0 0 838 1.10655 -0.54021 -1.60301 0.43067 0 0
0 0 839 2.30263 -0.546408 0.0598648 -0.264965 0 0
0 0 840 2.08224 0.253001 -1.98025 0.847478 -41.3596 7.49476
0 0 841 2.15838 -0.152377 -1.88781 -1.09632 -47.3073 7.89324
0 0 842 2.18239 -0.11475 -3.91729 0.0225954 -45.839 3.81273
0 0 843 2.27943 -0.0188384 -3.15411 -0.527389 -45.1711 4.73686
0 0 844 3.46695 1.05753 -3.40609 -0.212748 -36.3757 4.22185
0 0 845 3.16458 0.213219 -3.84756 -0.0954055 -43.4141 3.8783
0 0 846 3.66513 2.08079 -3.36719 0.489382 -29.1428 3.86626
0 0 847 6.05111 1.76175 -3.49831 -0.186221 -31.6351 3.88249
0 0 848 5.06587 0.622024 -3.89263 0.302743 -40.4606 3.79853
0 0 849 6.15294 1.73194 -4.7728 0.13985 -35.0276 2.97295
0 0 850 5.44134 1.28135 -5.39701 -0.218949 -38.3221 2.70623
0 0 851 5.61793 1.01182 -3.73705 -0.344188 -37.4251 3.88244
0 0 852 6.63768 1.26454 -4.73108 -0.611308 -37.5178 3.06895
0 0 853 6.90237 1.53701 -5.0695 0.00963678 -36.5667 2.84145
0 0 854 6.41438 1.80993 -4.36092 -0.520293 -33.73 3.20544
0 0 855 7.25764 0.914966 -5.10885 -0.00576634 -39.9232 2.88664
0 0 856 6.10171 0.261456 -4.08282 0.000269953 -43.1679 3.65328
0 0 857 5.74365 1.03193 -4.35425 -0.530854 -38.3337 3.35459
0 0 858 6.67513 0.25453 -3.94552 -0.934417 -43.1544 3.78032
0 0 859 5.86618 0.867368 -2.87451 -0.71211 -36.6045 5.01289
0 0 860 5.04447 0.378906 -5.40153 0.186825 -42.9937 2.76046
0 0 861 6.49072 1.51068 -4.26276 0.580671 -35.2431 3.33626
0 0 862 4.97196 0.294087 -3.95504 -0.0600406 -42.8737 3.7691
0 0 863 5.02147 0.960718 -4.00038 0.877259 -38.2479 3.64916
0 0 864 4.54946 1.47883 -3.22787 0.776161 -32.6927 4.27251
0 0 865 4.50935 0.176074 -3.12594 -0.698585 -43.3881 4.7734
0 0 866 4.33556 0.568181 -4.02333 -0.486483 -40.9809 3.68345
0 0 867 4.23531 0.343327 -3.43463 -0.259981 -42.1458 4.33228
0 0 868 4.01273 0.89166 -3.79038 0.920339 -38.3811 3.85489
0 0 869 4.88832 0.863313 -5.21016 0.120358 -40.2958 2.83577
0 0 870 5.17835 -0.0732453 -2.34995 -0.317909 -45.8926 6.3554
0 0 871 4.90359 0.43542 -4.53123 -0.47013 -42.2556 3.28485
0 0 872 4.65128 1.67988 -3.5467 -0.976643 -32.3278 3.86868
0 0 873 3.98273 1.17102 -3.03759 -0.263652 -34.459 4.64192
0 0 874 3.96355 0.295399 -3.59511 0.718211 -42.6514 4.14438
0 0 875 4.40443 0.902806 -3.09511 -1.54696 -36.8693 4.66632
0 0 876 3.69134 0.912679 -3.1365 -0.561247 -36.8879 4.60547
0 0 877 4.14792 0.430336 -3.74305 0.501749 -41.7208 3.97009
0 0 878 3.6345 0.77055 -4.06524 -0.217562 -39.6336 3.62209
0 0 879 4.6909 0.271801 -4.2422 -1.05604 -43.167 3.51602
0 0 880 4.48454 0.355977 -3.82488 0.683646 -42.3414 3.89238
0 0 881 5.2948 1.21447 -5.00002 -0.358628 -38.1738 2.91807
0 0 882 4.97441 1.48874 -3.63794 -0.218873 -33.8722 3.84917
0 0 883 3.98131 0.11897 -4.42856 0.588735 -44.2306 3.37274
0 0 884 3.91864 1.19126 -5.11617 0.154999 -38.4464 2.85721
0 0 885 5.84978 1.09757 -4.56493 -0.295218 -38.2403 3.19769
0 0 886 6.10562 1.24662 -6.10148 0.233628 -39.2263 2.40769
0 0 887 6.86474 1.28605 -6.51327 -0.697263 -39.4153 2.25795
0 0 888 7.01797 0.687983 -6.20065 -0.681179 -41.8344 2.39745
0 0 889 8.01115 0.750476 -6.17329 0.680871 -41.5343 2.40566
0 0 890 7.65586 0.618902 -7.00256 -0.172396 -42.4746 2.1268
0 0 891 8.45043 0.662077 -7.22248 -0.668578 -42.3812 2.06154
0 0 892 8.91464 0.998929 -7.99282 -0.858748 -41.4381 1.85738
0 0 893 8.79851 -0.0197134 -7.9801 -0.513769 -45.0708 1.87225
0 0 894 8.20334 -0.495863 -8.44626 0.0152612 -46.6799 1.76642
0 0 895 10.9336 0.147894 -8.66093 -0.810807 -44.5109 1.72488
0 0 896 11.8845 -0.0154152 -9.57656 -0.106806 -45.0461 1.56014
0 0 897 11.1246 0.694409 -9.94546 0.254928 -43.003 1.49927
0 0 898 12.2638 0.0448594 -10.4035 -0.801499 -44.8765 1.43612
0 0 899 12.8343 0.123652 -11.613 -0.95693 -44.695 1.2865
0 0 900 12.965 1.30487 -11.3979 -0.562335 -41.7345 1.30383
0 0 901 13.923 0.427375 -11.4236 0.248084 -43.9287 1.30714
0 0 902 14.5074 0.581008 -11.4428 -0.471289 -43.5466 1.30432
0 0 903 13.0728 -0.478388 -11.5052 0.253024 -46.1905 1.2977
0 0 904 12.9693 -0.417197 -12.2293 -0.0402249 -45.9769 1.22114
0 0 905 12.9142 0.560584 -10.4346 -0.66038 -43.4624 1.43015
0 0 906 14.5892 -0.100331 -11.8102 -0.690421 -45.2434 1.26504
0 0 907 12.8062 -0.459959 -10.8028 -1.14749 -46.219 1.38202
0 0 908 12.8182 0.454172 -9.2083 -0.372139 -43.5882 1.62092
0 0 909 13.2565 0.165339 -9.42799 -0.346519 -44.4977 1.58453
0 0 910 12.842 -0.494371 -8.2906 -1.12453 -46.7063 1.79951
0 0 911 12.4918 -0.610299 -9.82467 0.417984 -46.7773 1.51834
0 0 912 13.574 -0.593866 -8.06757 -0.217764 -47.105 1.84785
0 0 913 13.4868 -0.596309 -8.5483 -0.329938 -46.9952 1.74432
0 0 914 14.905 -0.68593 -7.72955 -0.824248 -47.5356 1.92672
0 0 915 15.106 -0.0418005 -7.89088 -0.703968 -45.1518 1.89341
0 0 916 15.9377 -0.592628 -7.60482 -0.4343 -47.228 1.95976
0 0 917 17.6069 -0.151242 -6.8195 -0.0604194 -45.6352 2.19045
0 0 918 20.4472 -1.16051 -7.05903 -1.0211 -49.668 2.0934
0 0 919 23.8275 -1.48553 -5.56782 -0.783964 -52.4695 2.608
0 0 920 26.1714 -0.847513 -5.4606 -0.0201906 -49.4111 2.70939
0 0 921 29.1137 -0.603148 -4.2991 0.78421 -48.9931 3.44753
0 0 922 32.4336 -0.641372 -1.48016 -0.537363 0 0
0 0 923 38.3818 0.494978 0.590263 -0.456568 0 0
0 0 924 44.3229 0.78034 2.76346 0.410277 37.1157 5.23716
0 0 925 50.772 0.881361 5.71656 -1.12564 40.6177 2.58841
0 0 926 60.9923 1.68917 9.75772 1.82099 40.0894 1.51264
0 0 927 71.179 2.9404 14.7961 0.502596 39.3801 0.993752
0 0 928 81.2558 3.61551 21.3195 0.370698 40.1875 0.692657
0 0 929 91.5358 5.16093 27.0446 1.15086 39.5981 0.544351
0 0 930 101.291 5.55087 33.2133 0.923973 40.256 0.444761
0 0 931 108.851 8.97257 38.2861 1.86649 38.4052 0.381702
0 0 932 117.102 9.10346 42.0595 0.755976 38.8936 0.34857
0 0 933 120.994 8.76418 46.1161 1.21399 39.6197 0.319271
0 0 934 123.414 8.03411 46.3924 1.56366 40.0876 0.318151
0 0 935 123.594 9.57928 47.3984 0.92908 39.2872 0.310047
0 0 936 120.625 8.59404 45.306 1.62064 39.6296 0.324998
0 0 937 117.417 8.43741 42.3228 2.35045 39.3627 0.347382
0 0 938 111.693 7.53589 38.6582 1.32342 39.4846 0.380578
0 0 939 106.101 7.08825 35.0144 1.99141 39.2779 0.419683
0 0 940 99.9476 5.77773 31.0288 2.17591 39.726 0.474786
0 0 941 93.2343 6.25465 27.9222 2.56759 38.687 0.524362
0 0 942 87.8039 4.74321 24.4623 2.75109 39.5133 0.60153
0 0 943 82.8163 5.16968 21.0022 2.41997 38.0858 0.694274
0 0 944 76.6423 4.47781 18.6447 1.86447 38.2477 0.782955
0 0 945 72.854 2.6681 15.0058 2.85203 39.959 0.98296
0 0 946 69.8065 2.7319 13.2095 1.99415 39.1576 1.11166
0 0 947 64.3043 2.35289 10.892 2.72292 38.9051 1.3461
0 0 948 61.2193 1.46983 9.0716 0.95953 40.3983 1.62948
0 0 949 57.4261 2.76065 7.7261 1.27772 35.1687 1.8393
0 0 950 54.7905 1.12646 7.04913 0.19805 40.4604 2.0976
0 0 951 53.8333 1.18141 6.01966 1.16564 39.4482 2.44356
0 0 952 51.423 0.239893 3.7607 1.47832 43.175 3.96625
0 0 953 48.6837 0.73521 3.27708 -0.0960116 38.6775 4.46753
0 0 954 47.8985 1.64263 3.89275 -0.931764 33.5608 3.58339
0 0 955 44.2902 0.24477 2.61231 -0.0813763 42.3235 5.69885
0 0 956 42.7191 0.343889 1.6826 -0.781439 0 0
0 0 957 41.9453 0.981844 1.00012 -1.6447 0 0
0 0 958 41.1464 0.202688 -0.997899 -1.78782 0 0
0 0 959 39.6749 -0.71459 0.56445 -1.401 0 0
0 0 960 38.4916 0.128172 -0.14359 -1.49538 0 0
0 0 961 37.5433 -0.647991 0.869221 -1.96447 0 0
0 0 962 34.8637 -0.963297 -0.105003 -1.87922 0 0
0 0 963 33.9804 -0.559422 0.33269 -2.53271 0 0
0 0 964 33.1742 -1.35729 -1.22665 -2.33092 -68.9472 8.55724
0 0 965 31.5428 -1.25498 -1.00905 -2.28819 0 0
0 0 966 29.566 -0.826048 -1.16034 -1.42661 0 0
0 0 967 28.8159 -0.887835 -0.883716 -1.8628 0 0
0 0 968 27.2783 -2.19719 -0.938873 -2.4966 -78.4313 6.70678
0 0 969 25.797 -2.22811 -0.657583 -2.96807 -81.7785 6.93754
0 0 970 24.7978 -2.09046 -0.888011 -2.54654 -78.4923 7.05644
0 0 971 23.4962 -2.93386 -1.07633 -2.49131 -79.9268 5.14207
0 0 972 22.1656 -2.42064 -0.806448 -2.39445 -80.7871 6.30718
0 0 973 20.6875 -3.18029 -1.13452 -2.71064 -80.1835 4.76111
0 0 974 19.1086 -2.19668 0.388771 -3.02083 84.9818 7.25204
0 0 975 18.6519 -1.27312 -1.29262 -2.43371 -67.2824 8.58805
0 0 976 16.9984 -2.54112 -0.0528453 -2.25345 -89.4043 6.37953
0 0 977 16.0458 -1.68785 -0.288411 -2.44781 0 0
0 0 978 15.1583 -2.5356 -0.677866 -1.14546 -82.5163 6.14684
0 0 979 14.0365 -2.19451 0.0759081 -2.57355 89.0095 7.38387
0 0 980 13.1853 -2.27483 -0.0355398 -2.03223 -89.5525 7.12709
0 0 981 12.7482 -2.67309 -1.05647 -1.78191 -79.2175 5.58361
0 0 982 11.4798 -1.99959 -0.872108 -2.33053 -78.2179 7.34281
0 0 983 11.0955 -2.18693 0.606123 -1.86676 82.2545 7.10663
0 0 984 10.9148 -2.3017 -0.0421012 -1.33968 -89.476 7.04352
0 0 985 10.818 -2.97364 -0.151412 -1.66739 -88.5426 5.44484
0 0 986 9.05283 -2.99127 -0.154218 -1.79422 -88.5243 5.41255
0 0 987 7.4656 -2.11579 -0.382628 -1.56703 -84.8746 7.52349
0 0 988 8.45598 -1.41779 -1.18831 -1.21362 -70.0161 8.48786
0 0 989 8.25098 -2.15935 0.239852 0.0610835 86.8309 7.45653
0 0 990 7.07645 -1.76485 -0.364784 -0.977906 -84.1609 8.96977
0 0 991 7.23228 -3.14553 -1.34417 -1.09357 -78.4309 4.68472
0 0 992 6.48228 -2.38703 -0.306374 -0.513354 -86.3431 6.7295
0 0 993 6.24843 -2.31855 0.623968 -0.823003 82.4687 6.71885
0 0 994 5.90726 -1.2108 -0.0416659 -0.564084 0 0
0 0 995 5.16419 -1.99665 -0.822379 -1.20601 -78.8071 7.42649
0 0 996 4.98125 -1.77181 0.266549 -0.676988 0 0
0 0 997 4.83361 -1.38298 -0.343885 -0.747522 0 0
0 0 998 5.02016 -2.39456 0.4299 0.115487 84.911 6.64938
0 0 999 4.82649 -2.06907 -0.928092 -0.103992 -77.9205 7.05953
0 0 1000 4.50282 -1.55998 0.401808 0.519326 0 0
0 0 1001 4.80943 -1.24388 -1.1652 -1.07002 0 0
0 0 1002 3.69215 -1.17472 0.208318 -0.895063 0 0
0 0 1003 3.13019 -1.63109 -1.20171 0.162691 -71.8095 7.78815
0 0 1004 3.71512 -0.849663 -0.357851 -0.732005 0 0
0 0 1005 3.09783 -1.96629 0.0434275 -0.602278 89.3674 8.24425
0 0 1006 3.81812 -1.18884 -0.57219 -0.418792 0 0
0 0 1007 3.74656 -0.514463 0.297611 0.807606 0 0
0 0 1008 2.42287 -1.40957 -1.15983 0.62466 -70.2758 8.60802
0 0 1009 2.32618 -0.820184 -0.553776 -1.04568 0 0
0 0 1010 2.07973 -0.384536 -0.145219 -0.123998 0 0
0 0 1011 2.36322 0.245105 -0.0450586 0.277706 0 0
0 0 1012 1.78118 -1.15385 -0.212782 0.143616 0 0
0 0 1013 1.72867 -0.370331 0.221623 0.023035 0 0
0 0 1014 1.90065 -0.464653 -0.0581681 0.026081 0 0
0 0 1015 1.50505 0.109798 0.0688182 -0.484957 0 0
0 0 1016 1.52519 0.174363 0.225093 -0.205125 0 0
0 0 1017 0.620425 -0.328227 0.657479 -0.170392 0 0
0 0 1018 1.51227 0.418227 -0.323749 -0.0322738 0 0
0 0 1019 1.67581 -0.706175 -0.706835 -0.226508 0 0
0 0 1020 0.79268 -0.714367 -0.901189 -0.447931 0 0
0 0 1021 1.13013 0.109447 -0.278832 -0.346568 0 0
0 0 1022 0.356437 -0.122138 0.607809 -0.056518 0 0
0 0 1023 2.13558 -1.09453 0.396874 -0.480115 0 0
