# File: uwl_230811_091106_Combined.rf.sbF2.RMC_aux Src: J1713+0747 Nsub: 1 Nch: 1 Npol: 4 Nbin: 1024 RMS: 0.562396
0 0 0 0.0356336 -0.0161494 0.390417 0.645514 0 0
0 0 1 0.470559 -0.118622 0.136532 0.0224495 0 0
0 0 2 0.837963 -0.260265 1.15225 -0.790908 0 0
0 0 3 1.03596 -0.224849 0.844904 -0.725732 0 0
0 0 4 0.92896 -0.661225 -0.286047 0.792167 0 0
0 0 5 0.978367 0.236849 0.782931 -0.382292 0 0
0 0 6 0.994308 -0.786414 -0.528175 -0.294514 0 0
0 0 7 0.905139 0.26502 0.374437 0.627491 0 0
0 0 8 0.840767 0.181998 0.718242 0.541545 0 0
0 0 9 1.84805 -0.274882 -0.387941 0.0799664 0 0
0 0 10 0.370969 -0.400278 0.442725 -0.714937 0 0
0 0 11 1.24793 0.0227652 1.11733 1.15239 0 0
0 0 12 0.533417 0.796814 1.04055 0.206697 0 0
0 0 13 1.34443 0.364612 0.259736 -0.749484 0 0
0 0 14 1.2886 0.0116714 0.199008 -1.31234 0 0
0 0 15 1.16531 0.421965 0.118763 -0.0282935 0 0
0 0 16 0.6121 -0.610634 0.665551 0.558696 0 0
0 0 17 0.775292 0.481133 0.447014 -0.752788 0 0
0 0 18 1.04735 0.638056 0.567616 0.915988 0 0
0 0 19 0.945819 0.657731 0.581809 -0.526657 0 0
0 0 20 1.75165 -0.880761 1.20576 0.744479 0 0
0 0 21 0.717413 -0.732206 0.636099 0.438617 0 0
0 0 22 1.65293 -1.26123 0.453353 -0.405225 0 0
0 0 23 1.62244 -0.271118 0.91487 -0.13245 0 0
0 0 24 0.706357 0.489688 1.01985 0.0279792 0 0
0 0 25 0.075357 0.384458 -0.248194 -0.0847519 0 0
0 0 26 1.43222 -0.318866 1.71076 -0.642188 0 0
0 0 27 1.13488 0.837208 1.1677 -0.661866 0 0
0 0 28 1.4166 0.0400476 1.36202 -0.679767 0 0
0 0 29 1.40797 -1.54356 1.45273 0.194964 68.3682 7.1612
0 0 30 1.4034 0.265919 1.33288 -0.552914 0 0
0 0 31 1.77124 0.0142801 2.55299 -0.717025 44.8398 5.95631
0 0 32 2.27237 0.712703 2.07803 -0.75969 35.5348 6.91957
0 0 33 1.75872 -0.0200947 2.43202 -0.0659579 45.2367 6.25248
0 0 34 1.80019 0.0711679 1.58128 0.13537 0 0
0 0 35 2.2575 -0.287959 1.27118 -0.480619 0 0
0 0 36 1.69474 0.0363674 1.13224 -1.14822 0 0
0 0 37 1.85668 0.293246 1.35675 -0.370928 0 0
0 0 38 0.548494 -0.561821 1.45643 -1.09616 0 0
0 0 39 2.32672 0.0587524 0.95847 -0.904807 0 0
0 0 40 1.53771 0.893201 1.5869 -0.268224 30.3133 8.34388
0 0 41 2.09472 -0.478776 1.54384 0.0907017 0 0
0 0 42 2.34501 -0.400989 0.510749 0.127355 0 0
0 0 43 1.87005 0.107202 1.82102 -0.596366 43.3155 8.33608
0 0 44 2.28256 -0.542137 2.16944 -0.0905994 52.0154 6.79901
0 0 45 2.42003 -0.60397 1.76204 -0.126154 54.46 8.16097
0 0 46 1.0027 -0.201731 1.52071 0.843933 0 0
0 0 47 1.79463 -0.158282 1.68434 -0.196486 0 0
0 0 48 1.99594 -1.03176 0.896688 0.32876 0 0
0 0 49 1.46469 -1.24673 0.468997 -0.11759 0 0
0 0 50 2.46666 -0.159916 1.23947 -0.18811 0 0
0 0 51 1.92279 -1.09759 1.03922 -0.746721 0 0
0 0 52 1.35284 -0.733629 2.07676 -0.584793 54.728 6.90158
0 0 53 1.48124 -0.676912 1.17332 0.248038 0 0
0 0 54 2.21047 0.663486 0.825419 -1.39877 0 0
0 0 55 1.44919 -0.441938 1.46823 0.471022 0 0
0 0 56 1.04613 0.81713 1.01125 -0.398771 0 0
0 0 57 1.40305 -0.255386 0.637185 0.156492 0 0
0 0 58 1.05106 0.248808 1.28902 -0.0112153 0 0
0 0 59 0.449941 0.489511 0.784351 -0.29567 0 0
0 0 60 1.13046 -0.531239 0.29347 -0.195586 0 0
0 0 61 0.691924 0.241841 0.350344 0.217453 0 0
0 0 62 0.693689 0.0186357 0.964787 -0.821532 0 0
0 0 63 1.34189 0.544189 0.682723 -0.909578 0 0
0 0 64 1.25437 -0.49109 0.462003 -0.567747 0 0
0 0 65 0.917647 0.451356 0.749761 0.149161 0 0
0 0 66 0.0148882 -0.306479 1.43566 0.161602 0 0
0 0 67 1.42978 0.127247 0.0711913 -1.10322 0 0
0 0 68 0.712147 -0.261423 0.798523 -0.0350518 0 0
0 0 69 1.46237 -0.216229 0.343743 0.219541 0 0
0 0 70 0.533384 -0.345722 -0.437793 0.356875 0 0
0 0 71 0.480669 -0.321113 0.322853 -0.329225 0 0
0 0 72 0.589952 0.439195 0.558182 0.249501 0 0
0 0 73 1.1267 -0.330717 0.92033 -0.58191 0 0
0 0 74 0.907903 0.292048 -0.114819 -0.627366 0 0
0 0 75 -0.408225 -0.165054 0.901194 0.24265 0 0
0 0 76 0.286909 0.00582582 -0.457564 -0.217943 0 0
0 0 77 -0.0621282 0.752298 0.264264 0.448069 0 0
0 0 78 1.14233 -0.333786 0.699211 -0.293882 0 0
0 0 79 0.208542 0.402255 0.461593 0.729973 0 0
0 0 80 0.532284 -0.484104 0.580515 0.9952 0 0
0 0 81 0.603899 -0.782889 0.216562 -0.859694 0 0
0 0 82 0.382677 -0.0522718 0.541787 0.226391 0 0
0 0 83 0.34268 -0.264231 0.5034 -0.904645 0 0
0 0 84 -0.0114037 -0.297387 0.342116 0.412276 0 0
0 0 85 0.757352 0.257507 -0.134148 0.909344 0 0
0 0 86 0.69848 0.116467 -0.13422 -0.527882 0 0
0 0 87 0.605697 0.219435 -1.08349 0.395837 0 0
0 0 88 -0.3934 -0.461373 -0.413992 -0.603184 0 0
0 0 89 -0.370759 -0.0642858 0.899457 0.7144 0 0
0 0 90 -0.114641 0.389878 0.842214 -0.403161 0 0
0 0 91 -0.577804 -0.0959425 0.134281 0.121034 0 0
0 0 92 0.26835 0.592554 0.27554 0.493967 0 0
0 0 93 -0.54474 -0.366291 -0.182057 0.054841 0 0
0 0 94 0.868873 -0.338838 -0.368824 -0.666284 0 0
0 0 95 0.745294 0.782603 -0.396403 -1.04216 0 0
0 0 96 -0.254865 0.51973 0.706722 0.790916 0 0
0 0 97 -0.287166 0.156987 0.851196 -0.373382 0 0
0 0 98 -0.35039 -0.163523 -0.751302 0.399424 0 0
0 0 99 0.626533 -0.343241 0.355849 -0.485266 0 0
0 0 100 1.83235 -0.38424 -0.288007 0.460828 0 0
0 0 101 -0.434479 0.934618 1.59912 0.0921403 29.8477 8.20293
0 0 102 0.523523 -0.491843 -0.820908 -0.168624 0 0
0 0 103 0.538372 -0.414432 -0.631371 -0.113125 0 0
0 0 104 0.436699 0.1623 0.359063 0.150666 0 0
0 0 105 0.00924141 -0.012487 0.0391313 -0.575788 0 0
0 0 106 0.243148 -0.271736 0.540138 0.71441 0 0
0 0 107 0.640116 -0.106261 -0.121498 -0.877987 0 0
0 0 108 0.0707508 0.341654 0.191621 0.335997 0 0
0 0 109 -0.908124 0.281339 -0.7285 -0.0200718 0 0
0 0 110 0.407365 0.326535 0.578889 -0.159688 0 0
0 0 111 0.101402 -0.256575 -0.374525 -0.797906 0 0
0 0 112 -0.277574 -0.120216 0.19311 0.064937 0 0
0 0 113 -0.248677 -1.05958 0.528497 -0.422381 0 0
0 0 114 -0.0373365 -0.120508 1.15734 -0.15574 0 0
0 0 115 -0.804963 0.325571 0.810359 0.276055 0 0
0 0 116 0.43379 -0.0985187 -0.442433 -0.103663 0 0
0 0 117 0.343906 -0.167095 1.1699 -0.368326 0 0
0 0 118 -0.257016 0.733181 0.0267137 -0.197185 0 0
0 0 119 0.115464 -0.394147 0.742523 0.136725 0 0
0 0 120 0.675679 0.701776 0.862107 -0.786888 0 0
0 0 121 -0.343742 -0.912862 0.295312 -0.258412 0 0
0 0 122 0.599348 -0.545082 -0.271998 -0.356933 0 0
0 0 123 0.332249 0.446102 0.276707 -0.493004 0 0
0 0 124 -0.0967687 0.20334 0.344163 0.059774 0 0
0 0 125 1.22993 0.136703 0.531507 -0.500482 0 0
0 0 126 -0.30783 -1.0853 -0.13884 0.0775254 0 0
0 0 127 -0.0894587 0.667219 -0.236571 0.0985105 0 0
0 0 128 0.560138 -0.735375 0.871051 0.602247 0 0
0 0 129 -0.317372 -0.0359656 1.63165 0.16464 0 0
0 0 130 -1.17018 0.34332 0.742963 0.585705 0 0
0 0 131 0.133007 0.488935 0.886054 -0.661314 0 0
0 0 132 -0.907824 -0.143738 0.999302 -0.0322069 0 0
0 0 133 0.453007 -0.589902 0.329395 -0.221891 0 0
0 0 134 0.770349 0.414316 0.0534329 0.0943553 0 0
0 0 135 0.0619366 0.103466 0.285403 0.085001 0 0
0 0 136 0.565649 -0.567431 -0.406392 -0.152094 0 0
0 0 137 -0.35065 0.18112 -0.365238 -0.769864 0 0
0 0 138 -0.115439 -0.021308 0.514179 0.517481 0 0
0 0 139 -0.575804 -0.583938 0.0550231 -1.31855 0 0
0 0 140 -0.160507 -0.396633 -0.0394039 0.332227 0 0
0 0 141 -0.467463 -0.0792494 -0.320886 -1.04863 0 0
0 0 142 0.0696175 -1.00073 -0.248006 -0.12225 0 0
0 0 143 -0.365319 -0.407409 0.398347 -0.725595 0 0
0 0 144 -0.764109 1.9787 0.445743 -0.150048 6.34755 7.47311
0 0 145 0.0784041 -0.871016 0.365109 0.199417 0 0
0 0 146 0.912625 -0.111578 -1.0679 -0.3713 0 0
0 0 147 0.87511 0.108469 0.69576 0.630247 0 0
0 0 148 0.815805 -0.3348 0.106871 0.882818 0 0
0 0 149 0.148743 0.286197 -0.800615 -0.11985 0 0
0 0 150 -0.642197 -0.36582 0.000285575 0.461438 0 0
0 0 151 -0.343511 0.142595 -0.209595 -0.405187 0 0
0 0 152 -0.288008 0.636878 1.03969 0.0453197 0 0
0 0 153 0.56024 -0.324888 -0.896477 -0.0967133 0 0
0 0 154 0.405404 -0.249855 0.200565 0.508394 0 0
0 0 155 -0.979766 -0.666371 0.364007 0.612679 0 0
0 0 156 -0.195494 0.549262 -0.280067 0.0102753 0 0
0 0 157 0.216206 -0.66611 -0.206095 -0.0173024 0 0
0 0 158 0.886381 -0.747381 0.209823 0.939644 0 0
0 0 159 0.0246292 -0.397381 0.424658 -0.420348 0 0
0 0 160 0.129766 0.621031 0.788408 0.328837 0 0
0 0 161 -0.0744599 0.128872 -0.356151 -1.17392 0 0
0 0 162 0.326054 0.297727 0.58328 -0.268111 0 0
0 0 163 -0.289665 -0.104168 0.744165 -0.00664287 0 0
0 0 164 0.172619 -0.289718 -0.135185 -0.0891283 0 0
0 0 165 -0.111087 0.687078 -0.289405 0.351112 0 0
0 0 166 -0.38341 0.241798 0.425141 -0.124273 0 0
0 0 167 0.346368 -0.782229 0.755411 0.132704 0 0
0 0 168 0.556003 0.456438 -0.187409 -0.571015 0 0
0 0 169 0.117368 -0.399388 -0.198727 0.652339 0 0
0 0 170 -0.262856 -0.0642899 0.164385 -0.198612 0 0
0 0 171 0.364311 0.244938 -0.290151 0.490179 0 0
0 0 172 0.558535 0.00571075 0.238899 -0.341057 0 0
0 0 173 0.529569 0.686798 0.0248421 0.181034 0 0
0 0 174 -0.0967192 -0.0272934 0.0126236 -0.362082 0 0
0 0 175 -0.281183 0.0521497 -0.642648 0.21233 0 0
0 0 176 -1.19678 0.547073 -0.229349 -1.48891 0 0
0 0 177 0.498931 -0.518098 0.187752 0.0439674 0 0
0 0 178 -0.552061 0.671962 0.729071 -0.909271 0 0
0 0 179 0.0720056 -1.12779 -0.34779 -0.753864 0 0
0 0 180 0.719241 0.258079 -0.294147 -0.117677 0 0
0 0 181 0.0209041 -0.124889 0.497438 0.384245 0 0
0 0 182 -0.542415 -0.566323 0.467854 0.563419 0 0
0 0 183 0.521086 0.116783 0.262521 0.336806 0 0
0 0 184 0.841214 -0.743878 0.181491 0.1426 0 0
0 0 185 -1.09795 0.315909 -0.314848 0.163601 0 0
0 0 186 0.769043 0.41382 0.16596 0.165232 0 0
0 0 187 -0.269808 0.613102 -0.105028 -0.327168 0 0
0 0 188 0.722118 0.373843 -0.0804675 -0.0546646 0 0
0 0 189 0.51867 -0.0226303 1.25301 -1.11292 0 0
0 0 190 -0.999503 0.314374 -0.586412 -0.49445 0 0
0 0 191 -0.43746 1.08337 0.835824 -0.442241 0 0
0 0 192 0.13354 -0.794843 0.0410065 0.475718 0 0
0 0 193 0.164187 0.607614 0.205159 -0.759622 0 0
0 0 194 -0.0685411 0.0393744 -0.90168 -0.044232 0 0
0 0 195 -0.307048 0.398919 -1.00429 0.158584 0 0
0 0 196 0.232125 0.222126 -0.20538 0.822905 0 0
0 0 197 -0.0355777 -0.21531 -0.428207 0.448862 0 0
0 0 198 -0.59539 1.18355 -0.747267 -0.148653 0 0
0 0 199 -0.536429 0.0617105 0.325216 -0.658393 0 0
0 0 200 -0.866767 0.0809873 0.853213 -0.0105997 0 0
0 0 201 0.812377 0.157034 -0.182897 -0.17788 0 0
0 0 202 0.276663 0.969634 -0.12496 1.30194 0 0
0 0 203 1.04459 0.500863 0.149621 -0.924213 0 0
0 0 204 -0.0283667 -0.0781731 -0.237457 0.409411 0 0
0 0 205 -0.0557208 0.319591 -0.157371 -0.13802 0 0
0 0 206 -0.220532 -0.162427 -0.599037 -0.0265505 0 0
0 0 207 0.403428 1.52868 -1.11928 0.770913 -18.1056 8.00847
0 0 208 0.904545 -0.860473 -0.530879 -0.0239226 0 0
0 0 209 0.8566 0.61228 0.731871 -0.324743 0 0
0 0 210 0.302397 0.196761 -0.342627 0.625771 0 0
0 0 211 -0.0635574 0.21981 0.397262 -0.449998 0 0
0 0 212 0.557684 0.27836 -0.260084 -0.308408 0 0
0 0 213 0.338018 -0.00663805 0.697446 -0.134541 0 0
0 0 214 -0.498835 0.241741 0.254888 0.0892676 0 0
0 0 215 1.61985 -0.62946 0.660379 -0.00368611 0 0
0 0 216 -0.732415 0.574351 -0.438075 0.312636 0 0
0 0 217 -0.0934806 0.173515 0.837649 -0.175157 0 0
0 0 218 0.214508 0.639436 -0.15393 -0.0205208 0 0
0 0 219 -0.497836 0.0456134 -0.045318 -0.145185 0 0
0 0 220 -0.60808 -0.595484 0.843518 0.789604 0 0
0 0 221 0.831595 -0.408609 0.373409 -0.565076 0 0
0 0 222 -0.402369 -0.195646 0.0246331 -0.430641 0 0
0 0 223 -0.0761922 -0.606987 0.715479 -0.056749 0 0
0 0 224 -0.615219 -0.482972 -0.943435 -0.329726 0 0
0 0 225 0.0645068 -0.0979385 -0.299382 -0.182338 0 0
0 0 226 0.316295 0.363843 0.290466 -0.763902 0 0
0 0 227 0.0390788 0.0464177 -0.693856 0.547078 0 0
0 0 228 -0.0461722 0.677344 -0.101274 0.012021 0 0
0 0 229 -0.278712 0.556135 -0.974844 -0.414698 0 0
0 0 230 -1.25089 0.00691909 0.591332 0.395796 0 0
0 0 231 0.842781 0.977814 0.779964 -0.566092 0 0
0 0 232 0.783887 -0.155648 1.12928 -0.311064 0 0
0 0 233 0.49783 0.574223 1.26283 -1.387 0 0
0 0 234 -0.256691 0.334024 0.414918 -0.36781 0 0
0 0 235 -0.117447 0.110354 0.0222255 0.238836 0 0
0 0 236 -0.028041 1.20544 0.0439895 0.260239 0 0
0 0 237 0.271171 0.316461 0.160084 0.384802 0 0
0 0 238 0.542346 -0.888509 0.311527 0.531596 0 0
0 0 239 -0.8593 0.355169 -0.317535 -0.133441 0 0
0 0 240 0.750899 -0.717181 0.85992 -0.412049 0 0
0 0 241 -0.432957 -0.433944 -0.401853 -0.158262 0 0
0 0 242 0.758958 -0.958839 -0.107944 -0.306262 0 0
0 0 243 0.754197 0.370309 -0.610821 -0.266228 0 0
0 0 244 0.430431 0.0636031 0.311999 0.000482916 0 0
0 0 245 0.520236 0.822078 -0.959597 -0.79912 0 0
0 0 246 0.481212 0.150503 0.286963 -1.1927 0 0
0 0 247 0.531341 0.00595689 0.71242 0.271859 0 0
0 0 248 -0.864159 -0.225188 -0.133197 0.317544 0 0
0 0 249 0.183225 -0.499318 0.442498 -1.04979 0 0
0 0 250 -0.514043 -0.41971 0.345376 0.430908 0 0
0 0 251 0.273331 -0.0368737 0.306896 -0.0346256 0 0
0 0 252 0.294495 -0.331611 -0.0207031 0.561996 0 0
0 0 253 0.015604 0.720739 0.808789 -0.333148 0 0
0 0 254 -1.18774 1.16 0.682214 -0.331867 0 0
0 0 255 0.524844 0.624887 -0.356959 0.119569 0 0
0 0 256 0.901094 -0.877271 -0.46792 0.274728 0 0
0 0 257 0.712827 -0.0607916 -0.586886 0.195245 0 0
0 0 258 -0.248677 0.574519 0.0319565 0.351142 0 0
0 0 259 0.0620721 -0.544248 1.45443 -0.578038 0 0
0 0 260 -0.419663 0.17442 0.762027 0.873609 0 0
0 0 261 0.777061 -0.264545 0.176068 0.646623 0 0
0 0 262 0.557352 -0.0900151 0.424509 -0.254363 0 0
0 0 263 0.0221023 -0.305285 0.167246 0.0985133 0 0
0 0 264 0.347163 -0.875197 -0.578326 0.131338 0 0
0 0 265 -0.21812 0.59034 0.697617 0.355901 0 0
0 0 266 -0.321805 -0.477964 -0.201733 0.0493319 0 0
0 0 267 0.242321 -0.289054 0.591791 0.739978 0 0
0 0 268 0.262858 -0.750969 -0.198991 -0.83302 0 0
0 0 269 0.170092 0.457902 1.11414 -0.294322 0 0
0 0 270 0.231775 -0.437444 -0.306948 0.172756 0 0
0 0 271 0.736861 -0.00364444 0.320458 0.171302 0 0
0 0 272 -0.379255 0.34876 0.90264 0.310035 0 0
0 0 273 0.0782996 0.801385 -0.451851 -0.21568 0 0
0 0 274 -1.33072 -0.32408 0.140005 -0.511488 0 0
0 0 275 -0.511131 -0.00578502 -0.141086 0.368522 0 0
0 0 276 -0.449183 -0.0526623 -0.486229 -0.560381 0 0
0 0 277 -0.486692 0.611845 0.148826 0.035343 0 0
0 0 278 -0.198825 0.468309 0.253487 0.715565 0 0
0 0 279 0.158554 0.238047 -0.447959 0.119964 0 0
0 0 280 0.0241142 -0.132893 0.451864 0.98817 0 0
0 0 281 0.143768 -0.312462 0.226351 0.671337 0 0
0 0 282 -0.264221 -1.82598 0.785555 -0.48559 78.3611 7.62817
0 0 283 0.481904 -0.0365076 -0.103654 -0.448576 0 0
0 0 284 -0.505394 -0.0644346 0.410627 0.076362 0 0
0 0 285 0.928405 0.821379 0.408481 -0.309126 0 0
0 0 286 0.122732 0.478664 0.613083 0.0501663 0 0
0 0 287 -0.000415716 0.103014 -0.214053 0.619779 0 0
0 0 288 0.730898 -0.505749 -0.558934 0.0566893 0 0
0 0 289 1.52568 0.541083 0.675913 -0.360582 0 0
0 0 290 -0.0681354 0.925724 -0.793784 0.298398 0 0
0 0 291 -0.790476 -0.442509 -0.410091 -0.254877 0 0
0 0 292 -0.570301 -0.181383 -0.1214 0.071972 0 0
0 0 293 0.281976 -0.187589 0.269386 0.0482346 0 0
0 0 294 0.244904 0.938841 0.200214 -0.00544787 0 0
0 0 295 -0.54662 0.129767 -0.038555 0.158908 0 0
0 0 296 0.899712 0.190684 0.535824 -0.739943 0 0
0 0 297 -0.0870306 0.65184 1.27667 -0.222755 0 0
0 0 298 1.22585 0.446975 0.975789 1.10512 0 0
0 0 299 0.665883 0.142639 -0.0334171 -0.0784149 0 0
0 0 300 -0.0611079 0.0633674 0.0612943 0.183744 0 0
0 0 301 0.092502 1.36428 -0.21185 0.175557 0 0
0 0 302 0.38509 0.0812271 0.299504 -0.537638 0 0
0 0 303 0.0190082 0.00236542 -0.0762484 0.26903 0 0
0 0 304 1.08533 -0.0850955 0.851295 -0.578031 0 0
0 0 305 -0.843796 -0.100612 -0.14791 -1.2334 0 0
0 0 306 0.55834 0.0882847 0.62564 -0.272274 0 0
0 0 307 1.27285 -0.928591 0.148434 0.610805 0 0
0 0 308 0.800165 0.257 -0.805305 -0.302892 0 0
0 0 309 0.607144 -0.952534 0.0431377 0.466723 0 0
0 0 310 0.852476 0.0432546 0.249029 0.379717 0 0
0 0 311 -0.124634 -0.255966 -0.446024 -1.18813 0 0
0 0 312 0.202462 0.227026 0.609538 -0.0268092 0 0
0 0 313 -0.0211705 -0.0915849 -0.24072 0.995647 0 0
0 0 314 -0.0569742 -1.11467 1.18182 0.135843 0 0
0 0 315 0.184118 0.511024 0.0967559 0.104921 0 0
0 0 316 -0.0051389 -0.0701732 0.536971 0.575618 0 0
0 0 317 0.424058 0.338104 -0.96306 0.126669 0 0
0 0 318 -0.0351497 0.0902734 0.167991 0.0730377 0 0
0 0 319 -0.173908 0.344894 0.33869 -0.517208 0 0
0 0 320 -0.318851 -0.135262 0.253017 -0.178783 0 0
0 0 321 0.149618 0.632868 0.174646 0.00686253 0 0
0 0 322 0.515541 -0.449982 -0.3477 -0.301731 0 0
0 0 323 0.42826 0.387689 0.601029 0.697153 0 0
0 0 324 0.258552 0.677088 -0.234744 2.0199 0 0
0 0 325 -0.378334 0.156108 0.355937 0.128848 0 0
0 0 326 0.199794 0.297844 -0.243115 0.427794 0 0
0 0 327 -0.869026 0.268388 -0.648773 0.377508 0 0
0 0 328 -0.144073 -0.0933682 -0.486525 0.388276 0 0
0 0 329 0.699972 0.828069 0.462793 0.126401 0 0
0 0 330 -1.1598 -0.494939 0.527389 -0.247023 0 0
0 0 331 0.0312579 -0.0269568 0.806631 -0.626745 0 0
0 0 332 -0.428286 -0.6125 0.74722 0.708325 0 0
0 0 333 -0.528042 -0.102707 -0.621427 -0.0518706 0 0
0 0 334 -0.0992622 0.0527863 -0.529884 0.491043 0 0
0 0 335 0.0500711 0.343651 -0.184816 -0.278066 0 0
0 0 336 1.17474 0.125433 0.691291 0.20259 0 0
0 0 337 -0.483494 0.171547 -0.415357 0.876172 0 0
0 0 338 0.792971 0.505794 0.835789 0.788819 0 0
0 0 339 0.782886 0.115708 0.294164 -0.84563 0 0
0 0 340 -0.239404 0.141187 -0.166338 0.509161 0 0
0 0 341 0.0743867 0.748671 0.550413 -0.633388 0 0
0 0 342 0.484772 0.326946 -0.639334 0.121481 0 0
0 0 343 -0.223145 -0.230192 0.27043 0.177685 0 0
0 0 344 0.998987 0.181508 -0.296341 -0.763137 0 0
0 0 345 -0.0314046 0.168573 -0.655882 1.0945 0 0
0 0 346 0.131579 0.547298 0.564901 -0.132164 0 0
0 0 347 -0.891012 0.0751286 -0.775894 0.490842 0 0
0 0 348 0.66656 -0.194275 -0.267587 0.202709 0 0
0 0 349 -1.11363 -0.342458 -0.0808234 0.45818 0 0
0 0 350 -0.0619724 -1.42661 0.550656 -0.356345 0 0
0 0 351 0.278048 0.825215 -1.30571 0.404739 0 0
0 0 352 -1.13506 -0.405578 -0.298608 0.568882 0 0
0 0 353 -0.174172 -0.379039 0.732089 0.675899 0 0
0 0 354 0.271363 -0.444334 -0.461031 -0.119545 0 0
0 0 355 0.50998 0.231572 0.108965 0.150904 0 0
0 0 356 0.433315 -0.826944 0.569936 -0.42403 0 0
0 0 357 0.162091 -0.00333582 0.97538 -0.462788 0 0
0 0 358 -0.0851099 -0.337991 -0.0956277 -0.297636 0 0
0 0 359 0.0126422 -0.24174 -0.202342 -0.407217 0 0
0 0 360 -0.755461 0.666162 0.614279 0.873436 0 0
0 0 361 0.390334 0.447487 -0.751774 -1.04778 0 0
0 0 362 -0.420581 -0.722754 -0.528061 -0.797207 0 0
0 0 363 -0.313406 -0.244268 -0.897819 0.929895 0 0
0 0 364 0.460523 -0.0607177 0.356534 0.213323 0 0
0 0 365 -0.442683 -0.206051 -0.0464332 0.666892 0 0
0 0 366 0.611365 -0.255726 -0.325021 -0.122014 0 0
0 0 367 0.422812 -0.0621779 0.340923 -0.0968985 0 0
0 0 368 -0.867524 -0.136917 -0.450434 0.233202 0 0
0 0 369 0.33399 -0.401526 0.298921 0.219921 0 0
0 0 370 0.296252 -0.239494 -0.973582 -0.388327 0 0
0 0 371 0.0926234 0.60572 -0.446143 0.663377 0 0
0 0 372 -0.659946 -0.906574 -0.973472 0.00990813 0 0
0 0 373 0.375257 -0.0863724 1.15613 0.785816 0 0
0 0 374 0.015801 -0.8456 0.242853 -0.23673 0 0
0 0 375 0.58616 -0.22129 -0.418246 -0.496735 0 0
0 0 376 -0.072999 0.929319 0.0270424 0.018628 0 0
0 0 377 -0.781487 0.372169 -0.0558023 -0.527318 0 0
0 0 378 0.582494 -0.399279 0.294277 1.95912 0 0
0 0 379 0.670919 0.732874 -0.189334 -0.236233 0 0
0 0 380 -0.263027 -0.413298 0.382837 -0.0789671 0 0
0 0 381 0.669904 -1.55053 0.836556 -0.120059 0 0
0 0 382 -1.33211 0.348434 0.0127692 -0.00833491 0 0
0 0 383 -0.528205 -0.259766 -0.0485275 -0.0262875 0 0
0 0 384 -0.786711 0.746657 -0.65164 -0.81438 0 0
0 0 385 -0.160194 -0.261686 0.174463 0.0838482 0 0
0 0 386 -0.368782 -0.47488 -0.0389286 0.982693 0 0
0 0 387 -0.00706854 0.609757 -0.483015 -0.00882771 0 0
0 0 388 0.035916 1.0736 0.0955653 0.667843 0 0
0 0 389 0.710318 0.0855024 0.853356 -0.939269 0 0
0 0 390 0.258836 -0.163008 0.166723 -0.171062 0 0
0 0 391 -1.13004 -0.180563 -0.80585 0.0098132 0 0
0 0 392 -1.02498 0.168563 -0.874477 0.497123 0 0
0 0 393 -0.955851 -0.848623 -0.143375 -0.283182 0 0
0 0 394 -0.104577 0.940574 1.26647 0.133718 0 0
0 0 395 -0.674448 -0.371237 -0.108323 0.890342 0 0
0 0 396 -0.417407 0.994204 0.690275 -0.23977 0 0
0 0 397 0.570774 0.14341 -0.742404 -0.233662 0 0
0 0 398 0.831541 -0.736048 -0.146023 -0.422645 0 0
0 0 399 0.209213 -0.526672 0.424697 0.347101 0 0
0 0 400 0.94055 -0.684835 -0.348522 -0.0171383 0 0
0 0 401 -0.069068 -0.11593 -0.42372 0.212451 0 0
0 0 402 0.0231424 -0.187469 -0.375228 0.460672 0 0
0 0 403 0.0933684 -0.396714 0.114081 0.243624 0 0
0 0 404 0.577513 0.023223 0.221842 -0.00138983 0 0
0 0 405 -0.525793 0.830809 0.717828 -0.876465 0 0
0 0 406 -0.183162 -0.389499 -0.008446 0.0546826 0 0
0 0 407 -0.926214 0.107336 0.620736 0.543306 0 0
0 0 408 0.165307 -0.0556412 0.214149 -0.881925 0 0
0 0 409 -0.311809 -0.366691 0.510696 0.805564 0 0
0 0 410 -0.46941 -1.04635 0.0748324 0.755349 0 0
0 0 411 0.179408 -0.0816793 0.964972 0.41348 0 0
0 0 412 0.595299 -0.681358 -0.575179 0.0112892 0 0
0 0 413 -0.179249 0.302566 0.336677 -0.151008 0 0
0 0 414 -0.19828 0.0982065 -0.986389 -0.435463 0 0
0 0 415 1.19845 0.786864 -0.805844 0.630508 0 0
0 0 416 0.316882 0.780203 0.205959 0.23579 0 0
0 0 417 -0.0893355 0.0241404 -0.141897 0.685033 0 0
0 0 418 1.20824 0.35738 -0.562319 0.485618 0 0
0 0 419 0.386815 -0.436741 0.560818 -0.209766 0 0
0 0 420 0.878291 0.236105 0.104561 -0.75867 0 0
0 0 421 -1.13614 0.387399 0.503929 -0.582536 0 0
0 0 422 0.770771 0.782559 -0.00967629 0.354348 0 0
0 0 423 -0.111571 -0.3722 -0.185027 0.746218 0 0
0 0 424 -0.534355 0.0685409 0.115019 -0.071123 0 0
0 0 425 0.956109 0.229225 0.11893 -0.976922 0 0
0 0 426 -0.272754 1.63224 0.308748 -1.01067 0 0
0 0 427 0.350523 0.237198 0.240128 0.600406 0 0
0 0 428 -0.573499 1.04011 -0.111402 0.268468 0 0
0 0 429 -0.499978 0.277536 0.233475 0.385667 0 0
0 0 430 0.686334 0.429189 -0.45249 -1.09605 0 0
0 0 431 0.232586 0.619451 -0.461753 -0.647941 0 0
0 0 432 0.61559 0.852561 -0.25949 -0.385925 0 0
0 0 433 -0.121823 0.104955 0.356672 -0.228625 0 0
0 0 434 0.370643 1.00346 0.817826 0.310193 0 0
0 0 435 0.218799 0.249213 0.956731 -0.466747 0 0
0 0 436 0.0418765 -0.509155 -0.434367 0.78015 0 0
0 0 437 0.0483868 0.33317 0.996914 -0.27907 0 0
0 0 438 -0.641887 -0.150713 -0.53687 0.177918 0 0
0 0 439 0.778736 0.0450989 -0.2275 -0.0752998 0 0
0 0 440 0.129219 -0.027625 0.376392 -0.51128 0 0
0 0 441 1.111 0.0346456 -0.135711 0.28248 0 0
0 0 442 -0.157014 -0.534006 0.00197906 -1.27258 0 0
0 0 443 -0.34193 0.191337 0.108392 -0.253867 0 0
0 0 444 0.502475 -0.326886 0.00291794 -0.326432 0 0
0 0 445 -0.367112 0.75056 0.889147 0.504611 0 0
0 0 446 0.651348 0.113043 0.103083 -0.724355 0 0
0 0 447 -0.463065 0.0737166 0.521901 -0.243009 0 0
0 0 448 -0.809404 -0.0682942 0.00114455 0.629539 0 0
0 0 449 -0.308382 -0.137849 0.322768 -0.467739 0 0
0 0 450 -0.327653 -0.11122 -0.214804 0.402083 0 0
0 0 451 -0.4106 -0.257159 -0.25571 0.234943 0 0
0 0 452 -0.246386 -0.159228 0.176204 0.64111 0 0
0 0 453 0.326675 0.672023 -1.23237 -0.480742 0 0
0 0 454 0.351856 -0.110533 -1.54653 -0.446897 0 0
0 0 455 0.587977 0.32206 0.362327 0.358962 0 0
0 0 456 0.972581 0.165766 -1.00138 0.269454 0 0
0 0 457 0.665215 0.53049 1.08008 0.167752 0 0
0 0 458 -0.118449 0.139581 0.22017 0.278522 0 0
0 0 459 0.312779 -0.524204 -0.64764 -0.0601035 0 0
0 0 460 -0.647256 -0.22582 -0.0537094 -0.0568892 0 0
0 0 461 0.124253 -0.291463 0.26252 -0.21689 0 0
0 0 462 -1.33293 -0.0948517 0.337697 -0.406113 0 0
0 0 463 -0.787549 -0.900213 -0.185419 0.313189 0 0
0 0 464 -0.0849928 -0.261851 -0.419494 0.20943 0 0
0 0 465 -0.354518 0.865222 0.40785 -0.357808 0 0
0 0 466 0.00912952 0.835874 -0.382011 -0.657575 0 0
0 0 467 0.298852 -0.213013 0.0187929 0.529138 0 0
0 0 468 -0.707422 -0.190193 -0.589295 -1.06295 0 0
0 0 469 0.20411 -0.078389 0.168183 -0.63152 0 0
0 0 470 0.473922 -0.39499 0.40749 -0.0374895 0 0
0 0 471 -1.11858 -0.338619 0.188829 -0.269807 0 0
0 0 472 -0.373945 -0.617351 0.389288 -0.696516 0 0
0 0 473 0.633481 -0.267244 0.0763035 0.981382 0 0
0 0 474 -0.0731505 0.307022 0.0534969 -0.428982 0 0
0 0 475 0.247492 0.232243 0.380184 -0.798976 0 0
0 0 476 0.00469197 0.035914 0.513813 0.091625 0 0
0 0 477 0.264245 -0.545704 0.0780066 0.0389829 0 0
0 0 478 0.253477 0.814131 -0.824315 0.570373 0 0
0 0 479 -0.220745 0.21126 0.0866583 -0.0436173 0 0
0 0 480 0.23326 0.291607 0.182275 0.50247 0 0
0 0 481 0.0441948 -0.591072 0.235986 -0.545835 0 0
0 0 482 0.471651 0.228929 -0.635123 -0.393053 0 0
0 0 483 0.32978 0.475492 0.592593 0.380858 0 0
0 0 484 -0.344439 0.300404 -0.366582 0.21613 0 0
0 0 485 0.598417 0.141452 -0.575939 -0.769771 0 0
0 0 486 0.468509 0.666778 0.346877 -0.135861 0 0
0 0 487 -0.640627 -0.925208 0.294964 -0.0133343 0 0
0 0 488 0.477192 -0.631214 0.377651 0.234858 0 0
0 0 489 -0.269265 -0.320832 -0.652441 0.208833 0 0
0 0 490 -0.221599 -0.949089 0.571064 0.961282 0 0
0 0 491 -0.22506 0.624536 0.266777 0.489109 0 0
0 0 492 -0.405468 -0.268267 -0.357502 0.232467 0 0
0 0 493 -0.868777 -0.243454 -0.0512931 -0.874946 0 0
0 0 494 0.397854 -0.59512 0.504911 -0.825919 0 0
0 0 495 -1.02961 -0.0902959 0.686727 0.888631 0 0
0 0 496 -0.000997007 -0.542915 0.332248 -0.579067 0 0
0 0 497 0.958935 -0.425093 -0.22416 -1.15766 0 0
0 0 498 -0.258929 -0.674442 0.645451 -0.310183 0 0
0 0 499 0.708748 -0.430121 0.515279 -0.22081 0 0
0 0 500 0.671029 -0.0553707 -0.487759 0.143857 0 0
0 0 501 0.468307 0.426655 -0.538371 -1.00662 0 0
0 0 502 -0.133649 0.265117 0.51966 -0.204863 0 0
0 0 503 0.530664 -0.579018 0.605586 -0.791576 0 0
0 0 504 -0.0483901 0.483443 -0.329198 -0.797162 0 0
0 0 505 -0.310888 0.223091 0.110935 -0.483874 0 0
0 0 506 -0.234459 -0.775348 -0.636412 0.326438 0 0
0 0 507 0.123491 -0.291648 0.217735 0.498403 0 0
0 0 508 0.122362 -0.96866 0.362256 0.133925 0 0
0 0 509 -0.608022 -0.425158 -0.0768677 -0.0103578 0 0
0 0 510 0.0930991 0.141269 -0.582072 -0.801507 0 0
0 0 511 0.0917458 -0.757666 -0.561595 0.439601 0 0
0 0 512 -0.0452363 1.076 -0.533734 -0.0696689 0 0
0 0 513 0.867968 0.999252 0.160031 -0.0616883 0 0
0 0 514 0.079272 0.108627 -0.0405614 -0.0327922 0 0
0 0 515 -0.186245 0.436846 -0.599673 1.20157 0 0
0 0 516 -0.547708 0.539584 -0.996148 -0.0554936 0 0
0 0 517 0.479429 0.256513 -0.470887 0.136093 0 0
0 0 518 0.0708121 -0.383617 0.733015 0.298919 0 0
0 0 519 0.384632 -0.555946 -0.563969 -0.377077 0 0
0 0 520 -0.104757 1.27038 -0.0502007 0.547773 0 0
0 0 521 0.755349 -0.269512 0.276154 0.397411 0 0
0 0 522 0.0191537 0.813078 0.124623 -0.254648 0 0
0 0 523 -0.4226 -0.152953 -0.487044 -0.31565 0 0
0 0 524 -0.135287 0.872487 0.207421 0.116856 0 0
0 0 525 0.0587022 0.893603 -0.342064 -0.0648522 0 0
0 0 526 0.29753 -0.563518 0.626581 -0.215625 0 0
0 0 527 -0.187031 -0.769928 0.56307 0.0193478 0 0
0 0 528 0.889563 -0.209254 0.705609 -0.486053 0 0
0 0 529 -1.21732 0.377695 -0.110992 0.0182573 0 0
0 0 530 -0.0035817 -0.758982 0.167635 -0.368536 0 0
0 0 531 -0.758677 0.0616865 -0.251414 -0.218906 0 0
0 0 532 0.360643 -0.785489 -0.368295 0.23516 0 0
0 0 533 -0.603589 0.657543 0.296374 0.516469 0 0
0 0 534 -0.167199 -0.438558 -0.173919 0.198323 0 0
0 0 535 0.0987483 0.942529 0.00717794 -0.259866 0 0
0 0 536 -0.167611 -0.402062 0.0684681 -0.561826 0 0
0 0 537 0.162693 0.26457 -0.752673 -0.0832999 0 0
0 0 538 -0.84681 1.10988 0.0184873 0.104898 0 0
0 0 539 -0.075627 0.429475 0.160625 -0.164426 0 0
0 0 540 -0.136046 0.0398259 1.13107 -0.000362066 0 0
0 0 541 -0.880149 -0.111588 -0.414278 -0.179483 0 0
0 0 542 1.01964 -0.373085 -0.0893512 -0.329546 0 0
0 0 543 0.0884792 -0.0183575 -0.0125477 0.269145 0 0
0 0 544 -0.30535 0.890644 -0.896295 -0.123439 0 0
0 0 545 1.12793 0.306686 0.214941 0.177077 0 0
0 0 546 -0.245495 0.302123 0.42386 -0.0790667 0 0
0 0 547 -0.3018 0.264179 -0.711207 -0.0247557 0 0
0 0 548 0.275406 0.640091 0.284289 1.14551 0 0
0 0 549 -0.719587 -0.0080201 -0.775996 -0.253323 0 0
0 0 550 0.696396 0.477747 -0.0868062 0.699088 0 0
0 0 551 -0.0537977 0.0605096 0.304392 0.00438984 0 0
0 0 552 0.777895 -0.375546 -0.27793 0.19703 0 0
0 0 553 0.29412 -0.0558247 0.731811 0.0741904 0 0
0 0 554 -0.508025 -0.558168 -0.295512 -0.343366 0 0
0 0 555 0.37989 -0.0264972 0.0718457 -0.0350045 0 0
0 0 556 0.470923 0.174106 -0.168278 -0.81091 0 0
0 0 557 -0.371051 0.552276 -0.0111602 -0.44652 0 0
0 0 558 -0.126014 0.754986 0.0780761 0.987991 0 0
0 0 559 -0.292177 0.275242 -0.227522 -0.073716 0 0
0 0 560 -0.159768 -0.704268 0.375794 0.0483807 0 0
0 0 561 -0.105612 0.704653 0.0650887 0.533636 0 0
0 0 562 0.100824 -0.8707 -0.212011 0.251276 0 0
0 0 563 -0.513113 0.92822 -1.35027 -0.432061 0 0
0 0 564 -0.307189 0.112879 -0.128969 0.793716 0 0
0 0 565 0.0833853 -0.554117 0.524715 0.0292281 0 0
0 0 566 -0.105772 -0.099861 -0.284978 -0.236796 0 0
0 0 567 1.13998 -0.241359 -0.937099 -0.0378787 0 0
0 0 568 -0.444689 0.587199 0.130947 0.396907 0 0
0 0 569 -0.120236 0.442562 0.946708 0.969723 0 0
0 0 570 -0.068668 0.129699 0.308652 -0.0815794 0 0
0 0 571 -0.315959 -0.514414 -0.726205 -0.115654 0 0
0 0 572 0.28384 0.248261 -0.120004 -0.558904 0 0
0 0 573 -0.574345 -0.4806 -0.178039 0.427247 0 0
0 0 574 0.202458 -0.750433 1.60912 0.401126 57.5013 8.55951
0 0 575 -0.357066 0.0232797 0.671229 -0.934402 0 0
0 0 576 0.729896 -0.16328 -0.463867 -0.189354 0 0
0 0 577 -0.243737 0.18839 0.671414 -0.452416 0 0
0 0 578 0.237748 0.100658 0.229119 0.358259 0 0
0 0 579 -0.0449656 -0.752686 0.0183141 0.81578 0 0
0 0 580 -0.629813 -0.139567 0.871694 0.730751 0 0
0 0 581 0.215803 0.414143 0.541275 0.00819658 0 0
0 0 582 -0.731258 -0.349175 1.4874 0.11347 0 0
0 0 583 1.26698 -0.0157628 0.666971 0.503913 0 0
0 0 584 0.157605 0.2731 0.578474 0.639085 0 0
0 0 585 -0.794209 -0.072583 -0.450193 -0.679702 0 0
0 0 586 -0.331653 0.470329 -0.227407 -0.716797 0 0
0 0 587 0.274272 -0.155891 0.386952 0.558499 0 0
0 0 588 -0.684184 0.297802 0.0645439 -0.27036 0 0
0 0 589 0.376293 0.0336032 0.0716474 0.0619464 0 0
0 0 590 -0.00490871 -0.681987 0.837614 -0.281793 0 0
0 0 591 1.16127 -0.0592955 -0.293374 -0.0922944 0 0
0 0 592 1.73753 0.482872 -0.458932 -0.136306 0 0
0 0 593 -0.606721 0.4775 -1.20429 1.16292 0 0
0 0 594 -0.0228577 -0.292269 0.392617 -0.391894 0 0
0 0 595 -0.166855 0.0825051 0.506475 0.826056 0 0
0 0 596 0.757322 0.0650965 0.217659 -0.227201 0 0
0 0 597 0.265181 0.404744 0.773309 0.396173 0 0
0 0 598 0.341871 -0.508535 -0.353583 -0.0150144 0 0
0 0 599 0.0358325 -0.867687 0.567079 0.0119916 0 0
0 0 600 -0.763822 0.299511 0.141095 -0.821171 0 0
0 0 601 0.273474 -0.220935 0.0192435 -0.388916 0 0
0 0 602 0.753666 0.29893 -0.0370398 -0.703893 0 0
0 0 603 0.144819 -0.138045 -1.19276 0.15115 0 0
0 0 604 1.05763 -0.328368 0.639171 -0.293047 0 0
0 0 605 0.330019 0.393852 0.277022 -0.280157 0 0
0 0 606 -0.587042 -0.764096 0.0524165 -0.227691 0 0
0 0 607 -0.696724 -0.324296 -1.24169 0.797163 0 0
0 0 608 0.0674118 0.00103629 -0.277281 -0.509386 0 0
0 0 609 -0.958675 -0.678622 -0.798947 -0.39214 0 0
0 0 610 0.0228849 -0.212299 -0.542321 -0.981085 0 0
0 0 611 -1.02754 0.117406 -0.586616 -1.01338 0 0
0 0 612 -0.206913 1.25704 0.435312 0.188793 0 0
0 0 613 0.116785 -0.419723 -0.362388 -0.572434 0 0
0 0 614 -0.0751684 -0.311787 0.332389 -0.388594 0 0
0 0 615 -0.613953 -0.182715 -0.236479 0.594147 0 0
0 0 616 -0.133838 0.749993 0.15303 1.0853 0 0
0 0 617 -0.133618 0.190103 0.656612 -0.0394251 0 0
0 0 618 0.105263 -0.264214 1.10033 1.14931 0 0
0 0 619 0.353237 0.64987 0.0551461 -0.355105 0 0
0 0 620 0.429919 0.560554 -0.860483 -0.141629 0 0
0 0 621 0.524352 -0.353259 0.164682 -0.212021 0 0
0 0 622 0.596114 -0.560492 0.729941 -0.298745 0 0
0 0 623 0.624281 -1.62392 0.970941 -0.182745 74.5624 8.0171
0 0 624 0.386337 -0.218884 -0.518861 -0.626671 0 0
0 0 625 -0.142763 -0.808524 -0.106947 -0.498179 0 0
0 0 626 0.528278 0.350475 -0.42073 -0.545768 0 0
0 0 627 0.369017 -0.0414047 0.283184 -0.66182 0 0
0 0 628 1.10605 0.209897 -0.145183 -0.256086 0 0
0 0 629 0.268649 -0.0397876 -0.986205 0.772479 0 0
0 0 630 0.90063 0.253767 0.652189 -0.209851 0 0
0 0 631 -0.0890212 0.129157 0.0271125 -0.995213 0 0
0 0 632 0.176065 -0.811357 -0.725195 -0.472785 0 0
0 0 633 -0.561781 -0.441351 0.401245 -0.300117 0 0
0 0 634 0.341138 -0.512024 0.456471 0.689631 0 0
0 0 635 -0.279278 0.224188 -0.0742539 0.84752 0 0
0 0 636 1.10254 1.06613 0.929537 1.27028 0 0
0 0 637 -0.328462 -0.217488 1.08465 0.943488 0 0
0 0 638 0.587136 -0.149959 0.282964 -0.111624 0 0
0 0 639 -0.290171 0.00200525 0.0831074 -1.13758 0 0
0 0 640 0.100756 0.297607 0.571014 -0.87608 0 0
0 0 641 0.25464 -0.493331 0.404758 -0.49281 0 0
0 0 642 -0.780182 -0.276794 1.0945 0.247247 0 0
0 0 643 0.608228 0.587106 -1.06274 0.549928 0 0
0 0 644 -0.555126 -0.330852 -1.06078 0.0644316 0 0
0 0 645 0.297716 0.923907 0.02111 0.235921 0 0
0 0 646 0.80834 -0.371434 -0.0328145 -0.526696 0 0
0 0 647 -0.350836 -0.621147 0.244211 -0.361348 0 0
0 0 648 0.0135212 -0.747064 0.293215 0.390446 0 0
0 0 649 -0.809604 -0.11421 0.0784751 0.240279 0 0
0 0 650 0.263698 0.547609 0.482436 0.485891 0 0
0 0 651 0.17239 -0.208821 0.466702 -0.255893 0 0
0 0 652 0.308661 -0.688869 -0.538932 -0.288646 0 0
0 0 653 0.136898 1.25643 0.495001 0.435349 0 0
0 0 654 0.696372 0.727085 0.302188 0.154545 0 0
0 0 655 0.160797 -0.390199 0.060683 -0.0127162 0 0
0 0 656 -0.329314 -0.40274 -0.0119786 -0.273664 0 0
0 0 657 0.728121 0.113886 1.46889 -0.0435791 0 0
0 0 658 0.606394 -0.125741 0.13437 0.451196 0 0
0 0 659 -0.475386 -0.474368 1.0166 0.70167 0 0
0 0 660 0.406407 -0.515493 0.183868 -0.586031 0 0
0 0 661 -0.0765836 -0.243029 0.136662 0.367979 0 0
0 0 662 0.565139 0.0357881 0.0773998 -0.25082 0 0
0 0 663 0.300701 -0.0643406 0.870875 -0.492118 0 0
0 0 664 0.379966 0.427721 -1.46212 0.714964 0 0
0 0 665 0.120009 -0.559244 -0.882805 0.0465855 0 0
0 0 666 -0.285451 0.883718 0.675686 0.206117 0 0
0 0 667 0.40012 0.544818 0.423224 0.148808 0 0
0 0 668 1.38656 -0.0988533 0.0513821 -0.376426 0 0
0 0 669 1.07619 -0.537598 0.236759 0.291598 0 0
0 0 670 -0.0557778 -0.0796799 -0.42711 1.08646 0 0
0 0 671 0.273725 0.0383692 0.856548 0.142498 0 0
0 0 672 0.605031 -0.323935 0.36749 0.527771 0 0
0 0 673 -0.228594 -0.231577 0.57364 0.342288 0 0
0 0 674 0.354468 -1.17871 0.123569 -0.429257 0 0
0 0 675 0.0729927 1.02378 0.691588 -0.54503 0 0
0 0 676 -0.176581 -0.875245 -0.801001 0.555802 0 0
0 0 677 -0.969995 0.161563 -0.160603 -0.135505 0 0
0 0 678 -1.12005 -0.739713 -0.177356 0.241607 0 0
0 0 679 -0.26493 0.928448 1.24125 -0.382888 0 0
0 0 680 -0.0130206 -0.721693 -0.133516 -0.0546134 0 0
0 0 681 -0.453996 0.62078 -0.192041 0.276236 0 0
0 0 682 -0.251448 -0.0717174 -0.309865 0.138322 0 0
0 0 683 -0.997183 1.06307 -0.14704 0.535079 0 0
0 0 684 1.48412 0.606253 -0.321064 -0.710808 0 0
0 0 685 0.535168 -0.260415 -0.200721 -0.144388 0 0
0 0 686 -0.336391 0.0354486 -0.742543 -0.167885 0 0
0 0 687 0.469543 0.482816 0.117808 -0.683249 0 0
0 0 688 -0.541398 -0.344111 0.618693 -0.113532 0 0
0 0 689 0.397419 -0.351311 0.1556 -0.185487 0 0
0 0 690 -0.0121588 -0.131958 -0.35719 -0.213127 0 0
0 0 691 -0.31121 -0.284624 -0.0818297 0.274757 0 0
0 0 692 -0.22445 0.646977 0.130429 -0.738091 0 0
0 0 693 0.223054 -0.0661287 0.575431 0.687115 0 0
0 0 694 0.0599094 0.386739 -0.0984723 -0.240288 0 0
0 0 695 -0.439349 0.129008 0.615864 0.568564 0 0
0 0 696 -0.15731 -0.189034 0.532669 0.240654 0 0
0 0 697 -0.907548 -0.789842 -1.28749 -0.277137 0 0
0 0 698 0.295113 0.505185 0.401524 -0.25576 0 0
0 0 699 0.456012 -1.21004 0.139905 0.422065 0 0
0 0 700 -0.409017 0.466135 -0.0361039 0.604617 0 0
0 0 701 0.443176 0.869527 0.944384 -1.59848 0 0
0 0 702 0.405839 0.757372 0.0776273 0.0940072 0 0
0 0 703 0.315362 -0.0591546 -0.154977 0.436333 0 0
0 0 704 0.255915 0.0226011 -0.0184989 -0.892875 0 0
0 0 705 -0.513775 -0.918036 -0.372274 0.229692 0 0
0 0 706 0.529032 -0.171253 -0.442166 -0.139566 0 0
0 0 707 -0.158401 -0.158468 -0.450445 1.1264 0 0
0 0 708 0.554582 -0.291438 -0.216947 -0.485058 0 0
0 0 709 -0.223017 0.747563 0.120183 0.189151 0 0
0 0 710 1.08129 0.315254 -0.132867 -0.439164 0 0
0 0 711 0.0453374 0.657095 -0.020357 -0.079547 0 0
0 0 712 0.816848 1.13016 -0.663903 -0.206839 0 0
0 0 713 0.357351 -1.18123 -0.264103 0.136127 0 0
0 0 714 -0.468449 -0.555666 1.41606 -0.162569 0 0
0 0 715 -0.277212 -0.0584624 -0.106978 0.0686199 0 0
0 0 716 0.0521273 -0.139066 0.0515826 -0.0200282 0 0
0 0 717 1.18163 -0.395064 1.1198 0.81312 0 0
0 0 718 -0.035303 -0.969173 0.40067 -0.510185 0 0
0 0 719 -0.438071 -0.628255 0.150109 0.0127075 0 0
0 0 720 -0.271924 -0.39152 0.0338023 0.152372 0 0
0 0 721 0.0908727 0.302805 -0.0658166 -0.138437 0 0
0 0 722 0.758665 0.689901 -0.0256103 -1.17885 0 0
0 0 723 -0.437112 1.36682 0.519689 -0.0624293 0 0
0 0 724 0.22933 -0.170517 0.962151 0.369437 0 0
0 0 725 -0.537244 0.961154 1.23898 0.742315 0 0
0 0 726 0.346248 -0.860874 -0.0925844 0.974641 0 0
0 0 727 -0.12034 -0.0522677 0.673133 1.18298 0 0
0 0 728 0.237589 0.820573 0.595187 0.484759 0 0
0 0 729 1.08388 0.751048 0.342755 -0.316567 0 0
0 0 730 0.86357 0.154248 0.792067 -0.615033 0 0
0 0 731 -0.103716 0.408639 -0.90799 -0.269287 0 0
0 0 732 0.775446 -0.259931 0.0204592 -0.231417 0 0
0 0 733 0.69412 -0.0986634 -0.447142 0.676388 0 0
0 0 734 0.680966 -0.232234 -0.809934 -0.0193868 0 0
0 0 735 0.0215741 0.775763 0.175093 -0.328134 0 0
0 0 736 0.0451305 -0.542739 -0.477027 0.626189 0 0
0 0 737 1.12227 0.0787024 0.448017 0.0457062 0 0
0 0 738 0.589438 -0.325706 -0.0774695 -0.379332 0 0
0 0 739 1.23059 0.907946 0.79826 -0.269689 0 0
0 0 740 1.00495 -0.195167 0.242437 -0.0777728 0 0
0 0 741 0.124685 -0.258642 0.9203 0.0571717 0 0
0 0 742 -0.281708 0.152027 1.11921 -0.218219 0 0
0 0 743 -0.079412 -0.0569724 0.405419 0.0575038 0 0
0 0 744 0.900394 0.130724 -0.259133 -0.106914 0 0
0 0 745 0.181999 0.066331 0.559137 1.61713 0 0
0 0 746 0.209408 0.351574 1.22528 0.10159 0 0
0 0 747 0.29542 0.161573 -0.600882 -0.133257 0 0
0 0 748 -0.48888 -0.468385 0.664359 -0.846118 0 0
0 0 749 0.0945855 0.441492 0.318365 -0.0220953 0 0
0 0 750 0.251161 0.527014 1.17648 -0.117244 0 0
0 0 751 0.20684 -0.0195495 -0.0157869 -0.786953 0 0
0 0 752 -0.343539 -0.552517 -0.0624356 -0.180344 0 0
0 0 753 0.520387 -0.995603 0.529028 -0.56275 0 0
0 0 754 -0.628127 -0.385943 0.177986 0.276023 0 0
0 0 755 0.733973 0.489547 -0.37482 0.128254 0 0
0 0 756 -0.243398 -0.0543025 0.169693 -0.813221 0 0
0 0 757 -0.935984 -0.225832 0.0618627 0.73727 0 0
0 0 758 0.761063 -0.387693 -0.129795 -0.173533 0 0
0 0 759 0.398009 0.23296 -0.108408 0.256501 0 0
0 0 760 -0.226431 0.0707123 0.525425 -0.658493 0 0
0 0 761 -1.10782 0.231442 0.314242 -0.492648 0 0
0 0 762 -0.00580004 0.122215 0.138208 0.258622 0 0
0 0 763 0.246098 -0.260713 0.36232 -0.1124 0 0
0 0 764 -0.811432 0.00735238 -0.0245236 -0.468024 0 0
0 0 765 0.0697727 -0.05056 0.983313 -0.487686 0 0
0 0 766 0.20829 0.438221 1.33632 0.194727 0 0
0 0 767 -0.691617 0.822661 -0.425685 1.06366 0 0
0 0 768 -0.288148 -0.656477 0.318104 0.0850284 0 0
0 0 769 0.679848 0.182455 0.116395 0.381893 0 0
0 0 770 0.611484 0.480974 0.975652 -0.829515 0 0
0 0 771 -0.484142 0.975773 0.901984 0.680887 0 0
0 0 772 -0.328756 -0.818616 0.394259 -0.271007 0 0
0 0 773 -0.282125 -0.0979404 -0.493829 -0.0916625 0 0
0 0 774 -0.33398 0.077983 1.37544 0.578244 0 0
0 0 775 0.191266 -0.596454 -0.726705 -0.295381 0 0
0 0 776 0.435265 -0.623504 0.67988 0.312428 0 0
0 0 777 0.277859 0.93153 0.29548 0.0751589 0 0
0 0 778 0.376481 -0.15923 -0.0871083 -0.376494 0 0
0 0 779 0.863575 -1.08371 0.973696 -0.894762 0 0
0 0 780 1.04507 -0.394676 0.153954 -0.561637 0 0
0 0 781 -0.058832 -1.41495 0.535689 0.651868 0 0
0 0 782 0.572052 -1.4697 0.0376544 -0.780232 0 0
0 0 783 0.255787 0.0075599 -0.501874 -0.382996 0 0
0 0 784 0.691536 0.15297 -0.240341 -0.989647 0 0
0 0 785 0.797268 -0.255625 1.22375 -0.256899 0 0
0 0 786 0.89319 0.0593839 -0.085172 0.141236 0 0
0 0 787 -0.613179 -0.194997 0.830775 0.348007 0 0
0 0 788 0.87612 0.742151 0.88526 -0.199615 0 0
0 0 789 1.0451 -0.453695 0.666484 -0.395435 0 0
0 0 790 0.471558 -0.220851 0.467794 -0.37806 0 0
0 0 791 -0.190686 -0.357237 0.000930322 0.157811 0 0
0 0 792 0.590077 0.30226 -0.0727869 -0.814072 0 0
0 0 793 -0.174847 -0.105483 0.180347 0.28583 0 0
0 0 794 -0.173813 1.08052 0.341068 0.928907 0 0
0 0 795 -0.436071 0.669158 -0.282136 -0.0166464 0 0
0 0 796 0.648314 0.0231188 -0.410577 1.01069 0 0
0 0 797 0.991105 -0.0605866 0.34073 0.299417 0 0
0 0 798 0.389377 1.11893 0.392437 0.785525 0 0
0 0 799 0.67977 0.200036 -0.451153 -0.518276 0 0
0 0 800 -0.151407 1.27155 0.433581 -0.336773 0 0
0 0 801 0.175435 0.940531 0.726997 -0.621561 0 0
0 0 802 -0.39877 0.342645 0.840204 -0.840845 0 0
0 0 803 -0.203836 -0.022447 -0.157442 0.305516 0 0
0 0 804 0.117818 -0.254088 0.495218 -0.134943 0 0
0 0 805 0.40163 -0.717854 -0.621337 -0.198527 0 0
0 0 806 0.50338 0.857096 0.926245 -0.526178 0 0
0 0 807 -0.186658 0.222199 -0.332282 -0.704193 0 0
0 0 808 0.377633 0.729436 -0.376568 -0.433303 0 0
0 0 809 0.56154 1.38267 0.572132 0.486879 0 0
0 0 810 0.563995 -0.2566 0.298927 -0.455455 0 0
0 0 811 0.237429 -0.19773 -0.0966248 0.686638 0 0
0 0 812 0.141217 0.553965 0.326656 -0.51277 0 0
0 0 813 -0.437866 0.231762 0.154804 -0.672711 0 0
0 0 814 -0.0723671 0.23508 -0.148657 -0.113487 0 0
0 0 815 0.356636 0.0570692 -0.254375 0.415133 0 0
0 0 816 -0.145272 0.480021 0.0565012 -0.24218 0 0
0 0 817 0.308294 -0.463061 1.04376 0.484237 0 0
0 0 818 -0.130101 0.120951 0.485219 -0.336339 0 0
0 0 819 0.25977 -0.033409 -0.555099 0.306591 0 0
0 0 820 0.0236356 0.0189879 -0.0105802 -0.922366 0 0
0 0 821 0.942633 0.265464 -0.658941 0.701948 0 0
0 0 822 1.00072 0.353771 -0.600735 0.253288 0 0
0 0 823 -0.129014 -0.584314 -0.501488 0.52423 0 0
0 0 824 0.35755 -0.39071 -1.22799 -0.558986 0 0
0 0 825 1.14876 0.0467623 -0.222809 0.0408385 0 0
0 0 826 0.529591 0.0346587 0.610646 0.447527 0 0
0 0 827 0.668845 0.0476865 -0.446137 0.14337 0 0
0 0 828 0.18137 -0.469466 -1.15304 0.269721 0 0
0 0 829 1.08069 -0.0425547 -0.155525 -0.421343 0 0
0 0 830 1.06148 -0.354511 0.0569829 0.590653 0 0
0 0 831 1.0029 -0.560539 0.0483048 -0.405757 0 0
0 0 832 -0.131245 0.610756 -1.142 -0.315945 0 0
0 0 833 0.744956 0.535659 -0.495233 0.339265 0 0
0 0 834 0.941621 0.264547 0.442316 -0.239193 0 0
0 0 835 0.580535 -0.123662 -0.672704 -0.356006 0 0
0 0 836 1.3392 0.0854329 -1.49067 -0.0249139 0 0
0 0 837 1.38853 -0.0434496 -1.25795 1.37306 0 0
0 0 838 1.42959 -0.177961 -1.5153 -0.0705248 0 0
0 0 839 1.80465 0.361874 -1.59283 -0.670567 0 0
0 0 840 2.4138 0.213505 -1.99875 0.560986 -41.9514 7.56474
0 0 841 2.78369 -0.157176 -1.74534 -0.700171 0 0
0 0 842 2.89535 0.895291 -2.63217 0.473998 -35.6075 5.46759
0 0 843 3.14562 0.114887 -2.5829 0.175062 -43.7266 5.88157
0 0 844 3.51279 0.825807 -3.80792 -0.0930338 -38.882 3.90212
0 0 845 2.64859 0.0814553 -3.25122 -0.188235 -44.2824 4.67573
0 0 846 5.34436 -0.680177 -3.66464 -0.434102 -50.2574 4.07943
0 0 847 4.07757 0.716638 -4.42224 -0.00323851 -40.3975 3.3941
0 0 848 4.53166 0.0375822 -3.49668 -0.674497 -44.6921 4.34863
0 0 849 5.23947 -0.00230622 -4.71385 0.870064 -45.014 3.22595
0 0 850 5.70536 -0.251601 -4.11075 -0.233227 -46.7512 3.69228
0 0 851 6.18795 1.6227 -5.79146 -0.639603 -37.1739 2.52771
0 0 852 5.61667 -0.280699 -5.67507 1.78099 -46.4158 2.67626
0 0 853 7.03493 -0.161932 -4.82634 0.351585 -45.9608 3.14898
0 0 854 6.24595 0.314946 -4.65845 0.506285 -43.0661 3.25683
0 0 855 6.8732 0.197906 -4.99028 -0.440216 -43.8645 3.04484
0 0 856 6.27698 -0.123322 -3.82416 0.261283 -45.9235 3.97439
0 0 857 5.61681 -0.764696 -4.35817 -0.179726 -49.976 3.43638
0 0 858 7.15915 -0.245391 -5.657 0.327952 -46.2419 2.68557
0 0 859 6.01648 -0.208439 -3.99467 0.25297 -46.4935 3.80153
0 0 860 5.44849 -0.225334 -3.56498 -0.950118 -46.8084 4.25701
0 0 861 5.64472 -0.101072 -4.11698 -0.507664 -45.7032 3.69252
0 0 862 5.01346 -1.11241 -3.04487 -0.508923 -55.0346 4.68907
0 0 863 6.03714 -0.21001 -4.46028 0.160916 -46.3479 3.40555
0 0 864 4.65319 0.0769691 -3.93498 0.164211 -44.4397 3.86373
0 0 865 5.07258 0.543718 -3.11497 0.838986 -40.0494 4.8086
0 0 866 5.66981 -0.766705 -4.49584 -0.283287 -49.839 3.33393
0 0 867 4.1128 -0.227494 -3.27598 -0.0148868 -46.9862 4.63063
0 0 868 4.42664 -0.237618 -3.61992 -1.00839 -46.8778 4.19174
0 0 869 4.13803 -1.21823 -4.04287 0.289879 -53.3845 3.60039
0 0 870 4.95691 -0.380462 -3.90728 0.387637 -47.7808 3.87343
0 0 871 4.92014 -1.16913 -3.78646 -0.314637 -53.5795 3.83617
0 0 872 4.6988 -0.580657 -3.77089 -0.226593 -49.3769 3.98536
0 0 873 4.58314 0.382235 -3.21795 0.904979 -41.613 4.69237
0 0 874 4.20398 -1.01022 -3.95937 0.733519 -52.1567 3.72068
0 0 875 4.6963 0.328712 -4.40048 0.0921317 -42.864 3.44601
0 0 876 4.68622 0.125071 -4.40714 0.700285 -44.1872 3.44906
0 0 877 5.04108 0.430771 -3.96606 -0.911049 -41.9006 3.81163
0 0 878 4.74932 0.719958 -4.20442 0.814453 -40.1415 3.5646
0 0 879 4.92378 -0.27565 -3.27513 0.0995027 -47.4055 4.62661
0 0 880 3.91395 0.504561 -2.84362 0.198248 -39.9692 5.26484
0 0 881 5.21362 -0.280226 -4.95432 0.460057 -46.6187 3.06444
0 0 882 6.26752 0.0480695 -4.93743 -0.433776 -44.7211 3.07973
0 0 883 5.19799 -0.584103 -4.59636 -0.689829 -48.6211 3.28184
0 0 884 5.62187 -0.33783 -4.96318 0.343806 -46.947 3.05677
0 0 885 5.00363 -1.25101 -5.39966 0.138947 -51.5221 2.74308
0 0 886 7.09235 -0.558643 -4.76493 0.853919 -48.3434 3.16951
0 0 887 6.3856 -1.25707 -6.21742 0.199148 -50.7151 2.39699
0 0 888 7.55096 -0.27368 -5.62955 -0.19673 -46.3916 2.69801
0 0 889 6.5588 -0.299371 -6.24656 0.195818 -46.3719 2.43159
0 0 890 7.94178 -0.242926 -6.02389 0.133541 -46.1547 2.52233
0 0 891 7.67135 -0.186551 -6.99461 0.392714 -45.7639 2.17327
0 0 892 8.38187 -0.779557 -6.90567 0.56137 -48.2203 2.18806
0 0 893 8.53569 -1.56123 -6.74284 -0.177724 -51.5182 2.19673
0 0 894 9.1133 -0.792032 -8.71057 -0.250524 -47.5977 1.73855
0 0 895 9.76811 -1.45455 -7.79742 1.01689 -50.2833 1.91693
0 0 896 11.2096 -1.43269 -9.68206 0.214233 -49.2086 1.55357
0 0 897 11.3937 -1.26871 -10.6503 -0.432613 -48.3967 1.41773
0 0 898 11.497 -0.605605 -10.0982 0.374504 -46.716 1.50316
0 0 899 12.3544 -2.04359 -10.857 -0.36923 -50.33 1.3763
0 0 900 12.4399 -2.18595 -10.721 -0.355398 -50.7621 1.38961
0 0 901 13.1112 -2.00375 -12.0184 0.412943 -49.7327 1.24794
0 0 902 13.1694 -2.03851 -11.5459 -0.000544054 -50.0064 1.29687
0 0 903 12.8945 -1.62456 -11.3475 0.414118 -49.0737 1.32647
0 0 904 13.3254 -1.25813 -11.2043 -0.736719 -48.2034 1.34868
0 0 905 13.3578 -0.972392 -11.4075 -0.859999 -47.4361 1.3282
0 0 906 13.2713 -2.46601 -10.8953 0.37885 -51.3766 1.36105
0 0 907 12.2618 -2.05707 -10.7377 -0.291711 -50.4225 1.39073
0 0 908 12.3264 -2.41664 -9.43376 0.925417 -52.1842 1.56119
0 0 909 12.8084 -2.41351 -10.2 -0.0924311 -51.6562 1.45053
0 0 910 13.5082 -2.79345 -8.83369 -1.21651 -53.7742 1.64082
0 0 911 12.2965 -2.51606 -8.1121 -0.703915 -53.6159 1.78989
0 0 912 13.4424 -2.44829 -8.03847 -0.0455209 -53.4696 1.80914
0 0 913 14.0813 -2.06608 -7.15642 0.0821477 -53.0518 2.04099
0 0 914 14.4274 -2.98433 -6.9513 -0.818289 -56.6174 2.00912
0 0 915 15.5267 -1.68219 -6.72119 0.0623618 -52.0257 2.19436
0 0 916 16.1129 -1.75622 -7.07686 -0.334205 -51.9686 2.08512
0 0 917 17.8544 -0.483323 -6.20644 -0.959232 -47.2264 2.44269
0 0 918 18.9058 -1.88523 -5.6615 -1.04758 -54.2087 2.54754
0 0 919 23.2573 -1.77852 -6.45101 0.157042 -52.7067 2.27193
0 0 920 25.5532 -2.18956 -5.19565 0.249777 -56.4258 2.69572
0 0 921 28.3699 -0.704606 -4.30942 -0.41577 -49.643 3.48215
0 0 922 31.9114 -0.703749 -2.42385 0.551937 -53.0951 6.02336
0 0 923 36.4849 -0.830816 -1.08756 -0.589927 0 0
0 0 924 43.2556 1.26786 1.72451 0.531715 26.8383 7.09609
0 0 925 50.9591 2.6099 5.64958 0.11312 32.6024 2.44205
0 0 926 59.1873 4.16656 9.26328 0.548088 32.891 1.49628
0 0 927 67.6563 5.95081 13.4956 0.895418 33.1026 1.03044
0 0 928 79.649 9.19843 18.4836 -0.105267 31.7713 0.736051
0 0 929 89.8328 10.9095 23.789 -1.23569 32.6821 0.580703
0 0 930 100.889 14.9733 29.9531 -0.17351 31.72 0.453797
0 0 931 107.506 16.827 33.7304 -1.03848 31.7434 0.403144
0 0 932 115.848 18.1512 39.5519 -0.0813755 32.6743 0.349228
0 0 933 119.53 19.323 42.3527 -2.51121 32.7378 0.326466
0 0 934 123.462 19.8732 43.5936 -1.25987 32.7465 0.317217
0 0 935 122.792 19.3176 43.795 -1.21762 33.0991 0.317516
0 0 936 122.156 19.565 42.9774 0.103898 32.7616 0.321843
0 0 937 119.039 18.1453 40.7639 -0.123951 33.0024 0.340613
0 0 938 113.494 16.5823 38.2196 0.773916 33.2727 0.364806
0 0 939 107.596 15.569 33.5434 0.0839475 32.5509 0.410961
0 0 940 102.927 14.6034 31.2463 1.01123 32.4751 0.440628
0 0 941 96.1149 14.3846 26.9308 0.36853 30.9459 0.497686
0 0 942 90.7618 12.041 24.0223 1.33058 31.689 0.565527
0 0 943 84.7554 9.96041 20.413 0.984925 31.9951 0.669065
0 0 944 79.4105 8.91516 18.4413 1.11774 32.0996 0.741921
0 0 945 75.1548 8.66093 14.604 2.15892 29.6649 0.894825
0 0 946 70.0188 6.68872 12.4102 -0.00328242 30.8384 1.07782
0 0 947 66.4861 4.82526 10.6693 1.88208 32.8324 1.29789
0 0 948 62.4093 5.61612 9.51657 1.24352 29.7267 1.37495
0 0 949 60.0842 4.80592 8.18564 0.598478 29.7911 1.60063
0 0 950 56.2344 3.40125 7.15296 0.502634 32.2844 1.91873
0 0 951 54.1565 4.03318 5.45095 0.309599 26.751 2.23992
0 0 952 52.5472 3.10186 3.84025 0.08794 25.5357 3.07633
0 0 953 49.6814 2.29958 3.80894 0.929432 29.4396 3.41469
0 0 954 47.13 2.79891 3.19271 0.667457 24.3802 3.57626
0 0 955 45.7667 1.81511 1.58786 -0.239352 20.5898 6.29347
0 0 956 43.8913 0.0274944 0.382326 0.362925 0 0
0 0 957 43.4912 0.979021 1.19066 -1.18716 0 0
0 0 958 42.7045 1.18731 0.827615 -0.539418 0 0
0 0 959 39.6514 0.225452 1.00837 -1.42464 0 0
0 0 960 38.9252 0.457296 0.185361 -2.24091 0 0
0 0 961 37.2072 1.26955 -0.536451 -1.42048 0 0
0 0 962 35.5023 -0.559855 -1.02349 -2.4553 0 0
0 0 963 34.4036 -1.10912 0.0487924 -2.87566 0 0
0 0 964 33.4093 -1.618 -0.113617 -2.11835 0 0
0 0 965 31.2193 -0.858474 -0.626567 -2.22933 0 0
0 0 966 30.4529 -1.43076 -0.230438 -2.00038 0 0
0 0 967 28.7217 -1.57434 -0.982313 -2.05643 -74.0189 8.17476
0 0 968 27.8768 -1.78585 -0.578097 -3.14079 -81.0314 8.07637
0 0 969 27.2694 -2.29221 0.767615 -1.79047 80.7427 6.27153
0 0 970 24.9444 -1.43685 -0.329597 -3.23032 0 0
0 0 971 23.4629 -2.02924 0.296537 -2.7895 85.843 7.39042
0 0 972 22.2707 -2.38384 0.214553 -2.21599 87.4285 6.33203
0 0 973 21.258 -1.49088 -0.597746 -2.90048 0 0
0 0 974 20.7132 -2.43455 -1.05241 -3.57434 -78.311 5.71706
0 0 975 18.3365 -2.73238 -0.0579353 -3.634 -89.3927 5.54526
0 0 976 18.4542 -2.56119 -0.291108 -2.47898 -86.7578 5.87963
0 0 977 17.441 -1.28182 0.82846 -2.73809 0 0
0 0 978 15.7414 -1.47482 0.651874 -2.17782 0 0
0 0 979 15.2884 -2.03054 -0.678483 -2.25048 -80.7617 7.08132
0 0 980 14.0898 -2.31749 -0.799597 -2.47318 -80.4821 6.18409
0 0 981 13.4071 -2.94943 -0.211426 -2.30306 -87.9499 5.12526
0 0 982 11.8697 -1.8665 0.704848 -0.811294 79.6559 7.59922
0 0 983 12.7695 -2.49928 -0.44473 -2.25839 -84.9551 5.97065
0 0 984 11.3722 -1.16383 1.27634 -1.37399 0 0
0 0 985 8.59698 -2.69947 0.722794 -1.5844 82.5052 5.42433
0 0 986 10.8432 -3.49235 -0.39819 -0.754569 -86.7477 4.31177
0 0 987 8.29234 -1.75328 0.162165 -1.46425 0 0
0 0 988 8.83035 -1.44572 0.235962 -0.882818 0 0
0 0 989 9.44316 -2.37437 0.385096 -1.54339 85.3937 6.30104
0 0 990 7.19496 -1.8905 0.69712 -0.17421 79.8793 7.52445
0 0 991 7.09367 -1.74516 -0.289421 -0.746848 -85.2918 8.56784
0 0 992 6.95468 -1.51804 -0.643401 -1.17374 0 0
0 0 993 5.52315 -2.58037 0.0858506 -1.33064 89.0472 5.87001
0 0 994 6.20544 -2.28073 0.124444 -0.876628 88.4384 6.63507
0 0 995 5.31123 -2.19113 0.502634 -1.41875 83.5401 6.74262
0 0 996 5.53999 -2.72319 -0.228461 -1.12382 -87.6022 5.54587
0 0 997 4.86821 -1.56241 -0.58837 -0.700196 0 0
0 0 998 4.14899 -2.49056 -0.44348 -0.519218 -84.9517 5.99143
0 0 999 4.8575 -1.74844 0.689601 -0.361504 79.2376 8.06701
0 0 1000 3.54842 -0.560418 0.350589 -0.0555576 0 0
0 0 1001 3.41153 -0.745361 0.37784 0.527077 0 0
0 0 1002 3.83418 -1.0743 -0.858763 0.270183 0 0
0 0 1003 3.48491 -1.26868 -0.0568265 0.822763 0 0
0 0 1004 3.6094 -0.931887 0.482528 -1.50177 0 0
0 0 1005 3.25429 -1.83623 -1.45713 -0.0201422 -70.7832 6.47363
0 0 1006 3.01127 -0.0550931 0.0392503 0.37954 0 0
0 0 1007 2.51917 -0.333088 0.842024 -0.039804 0 0
0 0 1008 2.34641 -0.774301 0.676915 -0.107117 0 0
0 0 1009 3.07458 -0.661899 0.193032 -1.42464 0 0
0 0 1010 2.15367 -1.74396 -0.373491 -0.291779 -83.956 8.49868
0 0 1011 2.10105 -1.01062 -0.831389 -0.516709 0 0
0 0 1012 2.62061 -0.581136 -0.200153 0.557406 0 0
0 0 1013 2.25418 -0.0732437 -0.753985 -0.472167 0 0
0 0 1014 2.20506 -0.274194 0.0686343 0.464866 0 0
0 0 1015 1.62923 -1.27245 -0.510126 0.103549 0 0
0 0 1016 2.27465 -0.513105 -0.6966 -0.616258 0 0
0 0 1017 0.882661 0.0688136 -0.972608 0.291995 0 0
0 0 1018 1.22053 0.489606 -0.246402 0.450187 0 0
0 0 1019 1.79273 -0.386116 -0.770493 0.085444 0 0
0 0 1020 1.47911 -0.666708 0.558019 0.19616 0 0
0 0 1021 2.14135 -0.0848238 0.378859 -0.452114 0 0
0 0 1022 0.183748 -0.0579071 1.03843 3.54411e-05 0 0
0 0 1023 1.15048 0.0310311 0.10214 -0.163174 0 0
