# File: uwl_240205_201147_Combined.rf.sbF2.RMC_aux Src: J1713+0747 Nsub: 1 Nch: 1 Npol: 4 Nbin: 1024 RMS: 0.695193
0 0 0 1.98992 -1.9142 0.11517 -0.0914418 0 0
0 0 1 -0.503436 0.926049 0.0460872 -0.35046 0 0
0 0 2 0.322578 1.10325 -0.0715044 0.296543 0 0
0 0 3 0.964737 1.03184 0.776256 0.491854 0 0
0 0 4 0.850323 1.02229 -0.41971 0.198496 0 0
0 0 5 0.600028 0.0253456 -0.463918 -0.0175951 0 0
0 0 6 -0.238259 1.39286 -0.149664 -0.295713 0 0
0 0 7 0.372282 -0.0441341 0.76332 0.505896 0 0
0 0 8 -0.250272 -0.519675 0.250691 1.75378 0 0
0 0 9 -1.44967 -0.0226513 -0.00783141 1.64425 0 0
0 0 10 0.468662 0.333601 0.549088 -1.28901 0 0
0 0 11 1.42343 -1.58679 1.21886 -0.3349 0 0
0 0 12 0.207756 0.824391 0.195523 0.0665075 0 0
0 0 13 0.633622 0.767475 1.14051 0.287822 0 0
0 0 14 -0.372524 -1.14795 -1.08402 0.572795 0 0
0 0 15 0.849378 -0.262293 -1.34449 -0.209638 0 0
0 0 16 0.970576 0.0122337 0.0694468 -0.526038 0 0
0 0 17 0.0234146 1.10953 -0.154773 -0.0909778 0 0
0 0 18 1.09967 0.242179 1.63139 -0.244023 0 0
0 0 19 1.53444 1.81687 1.21612 0.12347 0 0
0 0 20 0.237321 0.345015 0.997889 -0.736843 0 0
0 0 21 0.484023 0.361942 -0.629939 -1.40109 0 0
0 0 22 0.971235 -0.704523 2.25322 -0.559233 0 0
0 0 23 1.20747 0.573571 1.31272 0.621015 0 0
0 0 24 0.50477 -1.26939 0.764277 -0.28808 0 0
0 0 25 -1.08462 -0.725922 0.137019 -0.900597 0 0
0 0 26 0.692212 -0.5023 -0.478515 -1.70369 0 0
0 0 27 -0.267068 -0.634492 0.624575 -0.253256 0 0
0 0 28 -0.188033 -0.658049 1.07446 0.87452 0 0
0 0 29 1.6015 0.894755 0.8144 -0.269336 0 0
0 0 30 0.828142 0.565404 0.0274929 -1.15964 0 0
0 0 31 0.920851 -0.336598 0.313142 -0.176114 0 0
0 0 32 1.84852 0.326147 1.1406 1.02678 0 0
0 0 33 1.77944 -0.181554 -1.05851 -0.246109 0 0
0 0 34 -0.374044 0.0494452 1.31125 -0.644847 0 0
0 0 35 0.127171 -0.906201 0.784096 -1.4573 0 0
0 0 36 -0.194398 0.241871 0.0639551 -0.828842 0 0
0 0 37 0.204681 -0.245256 0.571855 0.482586 0 0
0 0 38 1.15589 -1.05152 1.63102 0.0401268 0 0
0 0 39 0.697719 -1.80582 1.12621 0.192782 0 0
0 0 40 -0.570477 1.71184 0.655248 -0.741757 0 0
0 0 41 1.70721 0.295528 1.06914 -1.28526 0 0
0 0 42 0.11319 -0.666311 1.02663 1.57477 0 0
0 0 43 0.598416 1.41953 0.568136 -1.03091 0 0
0 0 44 0.994345 0.373735 0.935443 0.219964 0 0
0 0 45 -0.0465861 -0.363088 1.31426 -0.590675 0 0
0 0 46 0.254206 -0.0013788 0.0662476 0.624229 0 0
0 0 47 0.267574 -0.406163 0.165029 0.332058 0 0
0 0 48 0.28436 -0.353061 0.159935 -0.266037 0 0
0 0 49 -0.0846398 -0.658003 -0.140797 -0.525563 0 0
0 0 50 0.452 -0.521069 -0.269158 -0.151567 0 0
0 0 51 -0.483752 0.728346 1.71598 -0.534854 0 0
0 0 52 1.60463 -1.04839 0.181767 0.669169 0 0
0 0 53 0.0368225 0.286118 0.13599 0.0882278 0 0
0 0 54 1.8511 -0.843677 0.850261 0.240964 0 0
0 0 55 1.45967 -0.146212 0.0710113 0.666796 0 0
0 0 56 0.501395 0.524056 -1.07886 -0.947608 0 0
0 0 57 0.477374 0.429899 -0.496228 -0.526845 0 0
0 0 58 1.31691 -0.830022 0.593365 -0.163402 0 0
0 0 59 1.3076 0.0992744 0.069057 0.662692 0 0
0 0 60 0.329599 0.870436 0.468525 -0.805423 0 0
0 0 61 -1.77994 -0.148813 0.520202 -0.480853 0 0
0 0 62 0.763752 -1.14735 0.443407 -0.684171 0 0
0 0 63 -1.29372 -1.28987 -1.46303 1.30044 0 0
0 0 64 1.60209 0.0163233 2.43308 0.100205 0 0
0 0 65 0.790798 0.571162 1.27315 -0.612885 0 0
0 0 66 -0.0764259 0.318061 0.362217 -1.10733 0 0
0 0 67 0.652382 -0.987488 0.752394 -0.544352 0 0
0 0 68 0.480097 -0.36143 0.772227 0.164814 0 0
0 0 69 0.895568 -0.122895 -0.521982 -0.0591576 0 0
0 0 70 0.0344937 -1.10287 0.517525 1.12577 0 0
0 0 71 0.334911 -0.137933 0.474505 -0.0431908 0 0
0 0 72 0.179307 -2.15652 0.952065 -0.0322591 0 0
0 0 73 0.795582 0.395882 -0.0903672 0.994451 0 0
0 0 74 0.475586 -0.0392024 -0.722339 0.833233 0 0
0 0 75 2.46149 -0.358839 0.671633 -0.610653 0 0
0 0 76 0.699499 1.15198 -0.766846 -1.17999 0 0
0 0 77 1.25245 -1.00251 0.0498405 -1.13103 0 0
0 0 78 0.708339 0.375113 0.259358 0.406096 0 0
0 0 79 -0.292954 0.229536 -1.05842 0.308518 0 0
0 0 80 -1.0144 -0.330959 0.155431 1.40659 0 0
0 0 81 1.27693 -0.117854 -0.48896 0.775878 0 0
0 0 82 -0.923479 0.196693 1.20971 -0.846979 0 0
0 0 83 -0.243145 0.896837 -0.318894 0.364794 0 0
0 0 84 1.04698 1.09415 0.909425 -0.919426 0 0
0 0 85 -0.114828 0.467194 -0.772445 -0.282356 0 0
0 0 86 -0.614856 -0.756288 0.474093 -0.782752 0 0
0 0 87 0.764261 -0.0211129 1.40672 -1.06013 0 0
0 0 88 -0.389935 0.102015 1.84498 -0.736463 0 0
0 0 89 0.820739 -0.579563 2.3826 1.13525 0 0
0 0 90 0.182032 -0.756497 1.00272 0.325952 0 0
0 0 91 -1.35083 -0.510492 -0.298582 -0.380782 0 0
0 0 92 0.173481 1.94078 0.159492 0.250241 0 0
0 0 93 0.488511 -1.05887 0.926712 0.62355 0 0
0 0 94 0.333137 0.916164 0.234396 0.270239 0 0
0 0 95 0.406819 1.29068 0.670609 1.16812 0 0
0 0 96 0.184924 0.640229 -0.654953 -1.38449 0 0
0 0 97 -0.408606 0.206691 1.34266 -0.829651 0 0
0 0 98 1.68787 0.726252 -0.353487 -1.67546 0 0
0 0 99 -0.0863652 0.0367129 -0.397152 0.287155 0 0
0 0 100 0.7982 1.1852 -0.301866 -0.160482 0 0
0 0 101 0.607055 0.218068 -0.063659 -0.268832 0 0
0 0 102 -0.0483065 0.189549 0.336189 0.467696 0 0
0 0 103 0.706477 1.74626 -1.27282 0.333945 0 0
0 0 104 0.185487 1.40426 -0.705277 -0.16657 0 0
0 0 105 0.542188 -1.85432 0.0160906 -0.174125 0 0
0 0 106 -0.695584 1.12838 1.76508 0.825119 0 0
0 0 107 -0.0349526 -0.112318 -0.68373 -0.567496 0 0
0 0 108 -0.696793 -2.47398 0.36595 -0.00601483 0 0
0 0 109 0.217713 1.76879 -1.21129 -0.746823 0 0
0 0 110 0.136524 -0.804534 0.769885 -0.185405 0 0
0 0 111 -0.132828 -1.00211 -0.917475 1.36226 0 0
0 0 112 0.108635 -0.255591 -0.725714 0.914519 0 0
0 0 113 -0.972552 -0.378213 0.971122 0.670744 0 0
0 0 114 0.489302 0.125768 -0.325867 0.0877111 0 0
0 0 115 0.529544 -0.894435 0.514492 0.761922 0 0
0 0 116 -0.99176 -0.2326 -0.299611 0.098699 0 0
0 0 117 -0.488961 0.624361 0.0695427 -1.09488 0 0
0 0 118 1.62116 1.49019 0.621796 0.669578 0 0
0 0 119 -0.937354 -0.532133 0.000836466 0.742276 0 0
0 0 120 -1.01078 -0.191417 0.133176 -0.523438 0 0
0 0 121 0.838407 0.289288 -0.396036 -0.568527 0 0
0 0 122 0.0652779 1.28978 0.604601 0.467848 0 0
0 0 123 -0.306598 -0.219067 1.53227 0.656879 0 0
0 0 124 -0.0478716 -0.30376 -0.151448 0.226109 0 0
0 0 125 -1.362 1.20127 -0.352011 0.458548 0 0
0 0 126 -0.0642824 0.0976346 1.51292 -0.922689 0 0
0 0 127 -0.147025 0.272713 0.518012 0.263475 0 0
0 0 128 -0.639522 0.0306424 -0.161827 -0.268827 0 0
0 0 129 0.546075 -1.48004 0.279538 -0.0610624 0 0
0 0 130 -0.90976 0.315442 -0.410368 0.241243 0 0
0 0 131 0.35868 1.4746 1.22043 -0.473045 0 0
0 0 132 -0.63728 -0.381067 0.433591 -0.634524 0 0
0 0 133 -0.480558 -0.637147 -0.762726 1.44664 0 0
0 0 134 -0.0849847 1.25724 -1.25596 -0.376114 0 0
0 0 135 0.875325 -0.577126 0.667849 -0.610963 0 0
0 0 136 -0.0380151 -0.154232 0.625914 1.30396 0 0
0 0 137 0.295312 0.703661 1.42816 0.277756 0 0
0 0 138 0.0785625 1.91865 2.03514 0.323757 23.3438 7.90444
0 0 139 0.0109659 0.0656759 0.195024 0.505556 0 0
0 0 140 -0.552239 0.894261 0.2932 -0.126111 0 0
0 0 141 -0.202264 -0.183131 0.817175 0.930474 0 0
0 0 142 0.674073 -0.795839 -0.0421952 -0.194344 0 0
0 0 143 1.59405 1.72491 0.143719 -0.869533 0 0
0 0 144 -0.790919 -0.77349 1.39042 0.814444 0 0
0 0 145 -0.528636 1.0517 0.0711071 0.607775 0 0
0 0 146 0.629594 -1.66823 -0.717042 -0.479526 0 0
0 0 147 0.641247 0.248899 0.0678605 0.569874 0 0
0 0 148 -0.647127 0.994206 -2.28066 0.380146 0 0
0 0 149 -1.03321 0.326341 -0.845506 0.696432 0 0
0 0 150 -0.0677035 -0.714502 -0.785843 -0.208099 0 0
0 0 151 -0.650767 0.269142 1.62821 -0.0504929 0 0
0 0 152 -0.539292 0.136749 -0.11128 0.0791578 0 0
0 0 153 -1.75445 -0.474109 -0.713941 -0.463285 0 0
0 0 154 -1.09593 0.64661 -0.276712 0.579029 0 0
0 0 155 0.00837994 0.0667419 0.761608 1.09958 0 0
0 0 156 0.23937 -0.573636 -0.936327 -0.234428 0 0
0 0 157 -0.193075 0.416965 -1.27954 0.754487 0 0
0 0 158 -0.248561 0.867123 -0.9977 -1.06042 0 0
0 0 159 0.185911 -0.253193 0.570549 -1.12285 0 0
0 0 160 0.50429 -0.417402 -0.195145 -0.701705 0 0
0 0 161 -0.0263782 0.280433 0.620274 0.0908479 0 0
0 0 162 0.706592 0.48123 -0.0476559 -0.0626947 0 0
0 0 163 -0.372387 0.0234082 0.345822 -1.12995 0 0
0 0 164 -0.911836 0.324955 1.01821 0.335099 0 0
0 0 165 1.47351 1.7507 0.232343 -0.766402 0 0
0 0 166 0.0487137 0.109708 0.33913 0.66264 0 0
0 0 167 -0.572181 0.397732 1.98215 -0.782755 0 0
0 0 168 -0.0661766 -0.753989 0.482298 -1.85776 0 0
0 0 169 -0.154326 0.283578 0.659047 -0.613486 0 0
0 0 170 2.07497 1.27766 0.609931 0.281216 0 0
0 0 171 0.507605 -0.422976 0.606644 0.16601 0 0
0 0 172 -0.494991 0.546228 -0.674992 0.234659 0 0
0 0 173 0.855608 1.36193 -1.29215 -0.529303 0 0
0 0 174 0.194221 -0.853676 1.00364 0.810363 0 0
0 0 175 -0.121566 1.57157 0.464177 -0.0689234 0 0
0 0 176 1.16895 -0.45031 -0.14916 -0.966343 0 0
0 0 177 -0.156244 -0.22301 0.77037 -1.64901 0 0
0 0 178 -1.39325 -0.236353 1.56376 -0.165504 0 0
0 0 179 -0.207698 0.345181 0.111107 0.66686 0 0
0 0 180 2.90158 0.105113 -0.478062 0.150888 0 0
0 0 181 -0.200794 -0.664344 -0.739213 -0.463028 0 0
0 0 182 -0.161077 -0.854311 -0.380456 -0.218295 0 0
0 0 183 0.869119 -0.318388 -0.0546737 -0.136632 0 0
0 0 184 -0.335327 1.25527 -0.619664 -0.900486 0 0
0 0 185 0.947216 1.3145 -0.981992 -1.54809 0 0
0 0 186 0.521237 -0.464231 0.618661 -0.36149 0 0
0 0 187 -1.00667 1.31494 -0.305981 0.464212 0 0
0 0 188 -0.0169084 -0.128594 0.019204 0.366508 0 0
0 0 189 0.0109715 -0.636783 0.209783 1.11064 0 0
0 0 190 0.369171 -0.916082 0.67406 -1.53537 0 0
0 0 191 -1.03364 0.692932 1.03375 -0.668986 0 0
0 0 192 1.27497 0.169307 0.415784 1.52194 0 0
0 0 193 0.576355 -0.658156 0.522089 -0.798085 0 0
0 0 194 0.0352893 -0.0425037 1.51888 -0.403043 0 0
0 0 195 -0.453409 -0.0859472 0.836847 -0.59749 0 0
0 0 196 -1.56774 -0.216323 1.3524 1.02958 0 0
0 0 197 1.30247 -0.746235 0.416954 -0.16234 0 0
0 0 198 -0.143245 0.944377 0.583243 -0.370295 0 0
0 0 199 0.0767677 0.00430837 0.439363 -0.517566 0 0
0 0 200 0.998209 -0.972001 -0.193779 0.517724 0 0
0 0 201 -0.237973 -0.679772 0.536075 -1.22416 0 0
0 0 202 -1.06378 -0.0480377 0.0410181 0.13673 0 0
0 0 203 -1.47602 -0.210918 -0.314897 -0.0948053 0 0
0 0 204 0.979604 -0.329324 1.8623 0.0356217 0 0
0 0 205 -0.263546 0.00274362 0.557247 -0.09985 0 0
0 0 206 -0.265553 -0.378974 0.846655 0.393376 0 0
0 0 207 0.132473 0.667365 -0.732025 0.183268 0 0
0 0 208 0.160047 0.268919 0.510391 -0.805466 0 0
0 0 209 0.350019 0.693459 1.09126 -0.553208 0 0
0 0 210 0.26549 -1.34575 0.98343 0.851624 0 0
0 0 211 0.0181808 -0.654283 0.34379 1.06788 0 0
0 0 212 -0.0941748 0.268482 -0.505523 1.90184 0 0
0 0 213 0.0513218 -1.43605 0.57314 0.0195652 0 0
0 0 214 -0.091724 -0.44201 0.674129 0.468169 0 0
0 0 215 0.427546 0.882729 -0.76207 -1.73417 0 0
0 0 216 0.282925 0.770345 -1.16309 -0.144209 0 0
0 0 217 -0.204541 0.308048 0.21429 -1.26547 0 0
0 0 218 0.719824 -0.435886 0.0680225 -0.294944 0 0
0 0 219 0.280783 -0.776551 1.15052 0.378247 0 0
0 0 220 0.0574409 1.28677 1.31311 -0.586749 0 0
0 0 221 -0.119953 -1.06055 0.754957 -0.128448 0 0
0 0 222 0.404881 -0.630675 1.06191 0.723826 0 0
0 0 223 0.549858 -0.406113 0.593472 0.161761 0 0
0 0 224 -0.665661 -0.638572 -1.51318 -1.01137 0 0
0 0 225 -0.359775 0.22404 -0.430477 -0.31067 0 0
0 0 226 0.0299788 -0.833019 -1.03249 -0.369066 0 0
0 0 227 0.0446774 -0.650228 -0.908624 1.04208 0 0
0 0 228 0.215168 0.165035 -0.149232 -0.413857 0 0
0 0 229 -0.347761 -0.185964 -0.920388 -0.503929 0 0
0 0 230 0.632695 -0.845681 -0.744252 0.127856 0 0
0 0 231 -0.260285 1.95504 1.34611 1.22288 0 0
0 0 232 -0.277155 0.303631 0.0217933 0.20738 0 0
0 0 233 -0.907832 0.203793 -1.31327 0.30342 0 0
0 0 234 0.561945 -0.0882933 1.36024 -0.269095 0 0
0 0 235 -0.186648 -0.631457 -0.0969805 -0.0119486 0 0
0 0 236 -0.0604796 -0.993411 -0.168078 0.541767 0 0
0 0 237 -0.565285 1.06988 1.17156 0.417471 0 0
0 0 238 -0.0356303 1.52909 -0.0611193 -0.432155 0 0
0 0 239 -0.668557 1.23191 -0.662722 -0.553676 0 0
0 0 240 0.000272274 -2.02862 -0.0379687 -0.00836443 0 0
0 0 241 0.902392 -0.472919 0.293886 -0.962579 0 0
0 0 242 -0.276655 -0.274921 0.351223 1.04905 0 0
0 0 243 0.295981 -0.566474 -0.279249 0.196291 0 0
0 0 244 0.214648 0.740024 -0.556548 -0.217347 0 0
0 0 245 0.0661902 -0.504654 0.714494 -0.131211 0 0
0 0 246 0.00722289 -1.07306 -0.501398 0.534195 0 0
0 0 247 0.562016 0.789702 0.908424 -1.21449 0 0
0 0 248 0.0202754 0.347329 -0.491446 -0.228197 0 0
0 0 249 0.048429 0.332745 -0.56005 -0.109405 0 0
0 0 250 -0.447582 -0.328546 0.010871 -0.875203 0 0
0 0 251 -0.846524 0.768317 -0.125038 0.072836 0 0
0 0 252 -0.370595 0.32529 0.583275 -1.2672 0 0
0 0 253 0.0332043 -0.252745 0.425691 0.00271342 0 0
0 0 254 0.635298 0.420984 0.374194 -0.10961 0 0
0 0 255 0.901092 0.168988 -0.193719 0.660797 0 0
0 0 256 1.24927 0.41184 -1.25008 -0.583911 0 0
0 0 257 0.878946 -0.983537 -1.31738 -0.926979 0 0
0 0 258 1.40372 -0.545521 1.02922 0.867148 0 0
0 0 259 -0.525747 0.59409 1.00644 -1.44529 0 0
0 0 260 -1.07063 0.383477 0.668702 0.427808 0 0
0 0 261 0.850823 0.985688 -0.332263 0.5436 0 0
0 0 262 -0.252812 -0.281084 -1.01676 0.551757 0 0
0 0 263 -0.35857 -0.502308 0.19598 -0.21181 0 0
0 0 264 0.653798 0.448493 0.235873 -0.470489 0 0
0 0 265 -0.712348 -1.4724 1.08645 1.20463 0 0
0 0 266 0.605805 0.130612 0.827648 -0.210845 0 0
0 0 267 -0.499061 1.27928 0.817824 -0.0478552 0 0
0 0 268 -0.467119 0.725634 -0.311214 -0.960735 0 0
0 0 269 0.661759 0.0366295 -0.0683513 0.194975 0 0
0 0 270 -1.13378 -0.663973 -0.223701 0.320017 0 0
0 0 271 0.0198725 -0.25121 0.629642 1.38816 0 0
0 0 272 -0.775655 -0.19743 -0.220029 0.374407 0 0
0 0 273 0.217919 -0.477007 0.296289 -0.642064 0 0
0 0 274 -1.5819 -0.787334 -0.562291 -0.531138 0 0
0 0 275 0.75495 -0.210753 0.512552 -0.0122024 0 0
0 0 276 -0.142933 1.24929 -0.0292826 0.0514296 0 0
0 0 277 0.502747 1.14975 -1.20593 0.607844 0 0
0 0 278 0.414975 -1.56344 -1.08506 0.496545 0 0
0 0 279 -1.83194 0.66918 -0.783463 0.814861 0 0
0 0 280 -0.728444 0.547484 -0.360698 0.331315 0 0
0 0 281 1.10837 -0.905749 0.563953 -0.876284 0 0
0 0 282 -0.533186 0.316311 -1.20581 -0.322955 0 0
0 0 283 -1.23902 -0.915496 -0.121607 0.273069 0 0
0 0 284 1.34987 0.171684 -0.84154 -0.5814 0 0
0 0 285 1.12957 0.092104 1.38806 1.44895 0 0
0 0 286 -0.234978 -0.844517 0.434224 -0.404696 0 0
0 0 287 -0.0398203 -0.836254 0.598528 -0.869639 0 0
0 0 288 1.01795 0.422816 0.0969001 -0.409802 0 0
0 0 289 0.60498 0.30889 -0.299014 -0.877698 0 0
0 0 290 -0.190587 0.481978 -0.890722 -0.0752277 0 0
0 0 291 0.242927 1.12282 -0.853829 -0.195963 0 0
0 0 292 -1.08134 0.110429 0.554096 1.76048 0 0
0 0 293 0.584721 0.00583997 -0.697029 -1.05722 0 0
0 0 294 -0.15619 0.0780411 -0.312554 -0.984985 0 0
0 0 295 -0.102558 1.08027 -0.0393319 -1.5949 0 0
0 0 296 1.12799 -0.314414 0.115339 -0.396852 0 0
0 0 297 0.109349 -0.737397 0.0311965 -1.86288 0 0
0 0 298 -0.183563 -0.0624819 0.491 -1.12308 0 0
0 0 299 -0.66466 0.319532 -0.901438 0.681106 0 0
0 0 300 -0.421688 0.469879 1.08872 -2.10852 0 0
0 0 301 0.0801923 0.0715526 -0.378286 -0.571305 0 0
0 0 302 -0.168116 1.61604 -1.83644 -0.143869 0 0
0 0 303 1.12342 0.955267 -0.302353 0.279823 0 0
0 0 304 -0.789615 0.78747 -0.767305 0.477825 0 0
0 0 305 1.32131 0.577374 0.0558519 0.91019 0 0
0 0 306 0.712473 0.0677447 0.508935 0.294928 0 0
0 0 307 -1.05587 0.120316 -0.065975 -0.890532 0 0
0 0 308 0.667113 0.256542 1.31783 0.697487 0 0
0 0 309 0.0461693 -0.092409 -0.649559 0.635416 0 0
0 0 310 -0.184783 -0.235155 -0.174777 0.346678 0 0
0 0 311 1.14575 -0.448581 -0.454586 -0.773849 0 0
0 0 312 0.919031 -0.166104 1.19324 -0.335752 0 0
0 0 313 0.0114953 0.54055 -1.26425 -0.662131 0 0
0 0 314 -0.112895 -0.664411 -0.139961 -0.520266 0 0
0 0 315 -0.494959 -1.10726 0.163019 0.207367 0 0
0 0 316 -0.371429 -0.445904 -0.440751 0.369345 0 0
0 0 317 -0.0701681 1.61576 -0.509714 -1.03509 0 0
0 0 318 -0.446474 0.60798 -1.00847 0.758648 0 0
0 0 319 0.436166 -0.0591797 0.0703971 0.285176 0 0
0 0 320 -0.324886 -0.523948 0.908942 -0.82392 0 0
0 0 321 0.873098 -0.19741 0.0907746 -1.45328 0 0
0 0 322 -0.916898 0.453614 -0.485558 0.346226 0 0
0 0 323 -0.39246 -0.461638 -0.446048 0.232714 0 0
0 0 324 0.130031 -1.79585 -0.816477 0.345781 0 0
0 0 325 1.13746 -1.52589 -0.0432296 1.82608 0 0
0 0 326 -0.63844 -0.411623 1.09991 0.643305 0 0
0 0 327 1.44672 -0.792878 0.467661 0.0267438 0 0
0 0 328 0.163132 -0.39461 0.365309 -0.0204478 0 0
0 0 329 -1.40712 0.40657 1.16423 1.59434 0 0
0 0 330 1.0163 0.930726 1.11495 1.07046 0 0
0 0 331 -0.233114 1.16168 1.74894 1.02174 0 0
0 0 332 0.400563 0.0451762 0.221954 -0.136674 0 0
0 0 333 0.469992 -0.432561 -2.25472 -0.0909238 0 0
0 0 334 -0.43189 0.39518 -0.402412 -1.00981 0 0
0 0 335 -1.12868 -0.800003 0.728752 0.247027 0 0
0 0 336 -0.304538 0.0505255 0.36978 -0.451086 0 0
0 0 337 0.999808 -0.984493 0.354134 0.122118 0 0
0 0 338 0.139385 -0.980805 -0.591598 1.29303 0 0
0 0 339 -0.402198 -0.945667 0.543498 0.422091 0 0
0 0 340 -0.756955 -0.127009 0.421187 -0.177926 0 0
0 0 341 0.913666 -0.0888276 1.65963 -0.959741 0 0
0 0 342 -1.29332 -0.506533 -0.0714223 -1.0853 0 0
0 0 343 -0.621748 0.631043 -0.868497 -0.104083 0 0
0 0 344 0.202738 -0.224107 -0.880395 0.787406 0 0
0 0 345 0.905522 1.57644 1.93843 0.114562 0 0
0 0 346 -0.19899 -0.651902 0.502731 0.559503 0 0
0 0 347 -0.296268 -0.718529 -0.364192 0.181066 0 0
0 0 348 0.720449 -0.312559 -2.00205 0.626072 0 0
0 0 349 -1.29482 0.974828 0.864718 1.02701 0 0
0 0 350 -0.469068 -0.818085 0.484966 0.710589 0 0
0 0 351 -0.716045 -0.0826848 0.929715 -0.00155186 0 0
0 0 352 -0.778063 0.832918 -1.01882 -0.826496 0 0
0 0 353 -0.917688 -0.583902 0.307255 0.206231 0 0
0 0 354 0.23292 0.43303 0.66962 0.991669 0 0
0 0 355 0.574847 -0.424814 -0.107287 1.54136 0 0
0 0 356 -0.853797 -0.0274935 -0.136004 0.357086 0 0
0 0 357 0.705754 1.17457 -1.26275 1.43998 0 0
0 0 358 -0.787766 -0.600756 0.0100255 1.11786 0 0
0 0 359 -0.973075 0.142427 -1.05525 0.524126 0 0
0 0 360 0.754391 0.82916 1.05847 0.306376 0 0
0 0 361 0.811878 0.213604 0.0604684 1.42953 0 0
0 0 362 0.893285 0.256308 -0.214791 -1.12196 0 0
0 0 363 0.286899 -0.157086 0.21056 -1.48965 0 0
0 0 364 -0.186552 -0.355223 -0.739066 -1.73597 0 0
0 0 365 -1.01961 1.38598 0.549995 0.363443 0 0
0 0 366 -0.495746 -1.28251 0.456669 -0.109191 0 0
0 0 367 0.0185694 -0.0885774 -0.157331 -0.214063 0 0
0 0 368 0.131421 0.151269 -0.0391391 0.900066 0 0
0 0 369 0.0898708 0.507697 -0.055139 0.301554 0 0
0 0 370 -0.29749 1.52366 -0.104755 -1.38093 0 0
0 0 371 -0.707927 -0.548811 0.151972 0.600475 0 0
0 0 372 1.30855 -0.817403 -0.571941 1.09151 0 0
0 0 373 1.03705 0.479299 0.981339 0.643537 0 0
0 0 374 -0.697037 -0.514002 0.826942 0.164129 0 0
0 0 375 1.15386 -0.378321 1.8826 -0.353695 0 0
0 0 376 -0.612423 -0.92143 -0.685032 -0.0201017 0 0
0 0 377 -0.875835 -1.22596 0.780837 0.350342 0 0
0 0 378 -0.269042 -0.423243 -0.59929 0.0953612 0 0
0 0 379 0.258777 0.285719 0.00379386 2.36521 0 0
0 0 380 0.339108 0.38449 -0.352333 0.378575 0 0
0 0 381 0.546793 -0.687528 0.0652782 1.09945 0 0
0 0 382 1.07471 -0.226107 -0.357508 0.109897 0 0
0 0 383 0.381149 -0.182014 0.209443 -1.38324 0 0
0 0 384 -1.82553 0.550891 0.566352 -1.87178 0 0
0 0 385 0.409115 0.457666 -0.029008 0.715335 0 0
0 0 386 -0.173461 0.586832 0.409717 0.188306 0 0
0 0 387 1.56082 -0.827854 0.720382 0.0805968 0 0
0 0 388 0.688478 0.238425 -1.27082 0.396907 0 0
0 0 389 0.42811 -0.668219 0.150414 -1.36989 0 0
0 0 390 1.11419 -0.607204 1.41849 0.627639 0 0
0 0 391 -0.265689 -0.421664 -0.498309 1.04598 0 0
0 0 392 0.452681 -1.57072 0.0633065 -0.385675 0 0
0 0 393 -1.33133 1.16142 0.95381 -0.05475 0 0
0 0 394 0.705914 0.831297 -1.9509 -0.503923 0 0
0 0 395 0.603975 0.0200292 1.42337 -0.889576 0 0
0 0 396 -0.117105 1.2571 0.350889 0.13016 0 0
0 0 397 -0.419243 -0.000217453 0.326449 -0.421805 0 0
0 0 398 0.56915 0.0713884 0.742185 0.317506 0 0
0 0 399 -0.128516 0.247807 -0.277747 -0.760158 0 0
0 0 400 -0.360625 -0.0742272 0.0640315 -0.590644 0 0
0 0 401 1.84891 -0.0117917 -0.0754231 1.20202 0 0
0 0 402 0.3575 0.579495 0.144976 0.0119146 0 0
0 0 403 -0.0772465 0.503058 0.55579 -0.0105284 0 0
0 0 404 0.808124 0.527703 0.230223 -1.26875 0 0
0 0 405 1.88444 0.40845 0.893581 0.295657 0 0
0 0 406 -0.194899 -0.566378 -1.54863 -1.3646 0 0
0 0 407 0.714157 0.0492241 0.92195 -0.497243 0 0
0 0 408 -1.14876 0.475318 -0.037636 0.947322 0 0
0 0 409 0.0300315 -0.831747 0.659265 0.576171 0 0
0 0 410 -0.744507 0.12458 -0.40552 -0.212712 0 0
0 0 411 1.29482 1.45257 0.491464 -0.455328 0 0
0 0 412 1.90333 0.0417166 -0.751081 0.769132 0 0
0 0 413 1.24552 0.537298 -0.573833 0.0357124 0 0
0 0 414 -0.498664 0.152118 0.980842 -0.371772 0 0
0 0 415 0.592547 -0.310541 0.514935 -0.186236 0 0
0 0 416 -0.491305 -0.237134 -0.306612 -0.0341878 0 0
0 0 417 -0.51484 -0.354597 -0.516587 0.814894 0 0
0 0 418 0.720964 -0.37604 0.362935 0.720294 0 0
0 0 419 1.19245 -0.556799 0.0848895 0.802361 0 0
0 0 420 -0.0513141 -0.830941 0.963013 0.50311 0 0
0 0 421 -0.16873 -0.33137 1.57476 0.742113 0 0
0 0 422 0.201933 0.0451681 0.978022 1.32218 0 0
0 0 423 -0.325652 -0.543527 0.358253 -0.00220867 0 0
0 0 424 -0.298717 0.479895 -0.454465 -1.42085 0 0
0 0 425 -0.859651 0.45801 0.72775 -0.208738 0 0
0 0 426 0.273849 -0.839818 0.0185029 -0.639162 0 0
0 0 427 0.612318 1.26606 0.801453 -0.697232 0 0
0 0 428 0.755346 0.20067 -0.0634001 -0.621066 0 0
0 0 429 -0.352879 -0.283978 0.0193702 -0.0625485 0 0
0 0 430 -0.740643 0.665128 1.15409 0.773497 0 0
0 0 431 -0.864133 0.333678 -0.0277964 -0.346564 0 0
0 0 432 -0.308322 0.112612 -1.08368 0.0543909 0 0
0 0 433 0.395235 0.284462 -0.901675 -0.399888 0 0
0 0 434 -0.60734 0.11777 0.679213 -1.01004 0 0
0 0 435 -0.257986 -0.19832 -1.03575 1.59365 0 0
0 0 436 1.17651 -0.19662 0.451231 -0.906207 0 0
0 0 437 0.748229 0.543852 0.427542 1.28779 0 0
0 0 438 -0.263655 0.285943 0.843059 0.242202 0 0
0 0 439 -1.2058 -0.953998 -0.469766 -0.00854465 0 0
0 0 440 -0.221414 0.397762 -0.407241 -0.00779843 0 0
0 0 441 -0.554125 0.845167 0.366044 -1.28635 0 0
0 0 442 -0.882167 -0.937621 -0.931367 0.188647 0 0
0 0 443 0.455714 0.360574 -0.0502646 0.533213 0 0
0 0 444 -0.149317 -1.63378 -0.324045 -0.709285 0 0
0 0 445 0.571793 0.343895 -1.70576 -0.228016 0 0
0 0 446 -0.333747 0.184297 0.684442 0.430598 0 0
0 0 447 -0.29369 1.35969 -0.523845 2.18974 0 0
0 0 448 0.780404 -0.396324 -0.108503 0.576323 0 0
0 0 449 0.804222 -0.0999624 0.0846494 -1.27721 0 0
0 0 450 -0.13302 0.653729 0.36896 -1.13245 0 0
0 0 451 0.0844564 -0.210248 0.696694 -1.36609 0 0
0 0 452 0.0114154 0.0106464 1.10321 -0.0918208 0 0
0 0 453 -0.571625 -0.576269 0.799172 0.286457 0 0
0 0 454 0.508505 -0.577093 0.92762 -0.344296 0 0
0 0 455 0.392918 -0.70806 0.211235 1.46976 0 0
0 0 456 0.579583 -1.13731 -0.383119 0.606049 0 0
0 0 457 0.223789 0.431468 0.680141 -0.28853 0 0
0 0 458 -0.370389 1.22203 -0.584755 0.0559651 0 0
0 0 459 0.365175 1.28288 -1.32191 -0.124165 0 0
0 0 460 0.0957989 0.274188 -0.716411 0.754192 0 0
0 0 461 0.0581353 0.0924772 -0.187598 1.12776 0 0
0 0 462 0.838648 0.793041 -1.23396 -0.351541 0 0
0 0 463 -0.946697 1.3444 0.209051 0.153815 0 0
0 0 464 -0.47106 -0.0372055 0.247208 -0.0538174 0 0
0 0 465 -0.542635 0.254535 1.308 -0.226868 0 0
0 0 466 0.373515 -0.400178 -0.82663 0.54481 0 0
0 0 467 -1.51717 0.926357 -0.18367 1.79005 0 0
0 0 468 0.467267 -0.348692 1.55478 0.164192 0 0
0 0 469 -1.33471 -0.170036 0.797187 1.9346 0 0
0 0 470 -1.30132 -0.885718 0.54324 0.803464 0 0
0 0 471 1.14635 -0.795099 0.509689 1.24279 0 0
0 0 472 1.49672 0.485177 -0.294763 0.233547 0 0
0 0 473 0.325334 -1.5539 0.219381 0.458164 0 0
0 0 474 -0.0248532 0.161379 0.606917 1.54596 0 0
0 0 475 -0.245675 0.273659 -0.112402 -1.17428 0 0
0 0 476 -0.548554 -0.451674 -0.355734 -0.0112182 0 0
0 0 477 0.888794 -0.529973 -1.39388 -0.484103 0 0
0 0 478 0.139985 0.486842 -0.21221 -0.574047 0 0
0 0 479 0.341123 -0.897551 -1.54462 1.15351 0 0
0 0 480 0.560476 0.0573294 0.182095 -0.187851 0 0
0 0 481 -0.113471 -0.453532 1.35497 0.727825 0 0
0 0 482 -0.840131 -0.587321 -0.355811 0.309233 0 0
0 0 483 -0.485221 -0.0178642 -0.549432 0.335754 0 0
0 0 484 0.472284 0.842866 -0.284766 0.00299836 0 0
0 0 485 0.241433 0.788714 1.64559 -1.14626 0 0
0 0 486 -1.23946 0.576171 0.892917 -0.851972 0 0
0 0 487 0.420351 -1.26829 -1.62692 0.332206 0 0
0 0 488 0.284916 0.0604993 0.998145 -0.591623 0 0
0 0 489 0.579041 -0.334941 1.05635 0.100012 0 0
0 0 490 -0.559617 1.42975 -0.442202 0.9283 0 0
0 0 491 0.656613 1.31036 1.31001 0.357723 0 0
0 0 492 0.113799 1.62907 -0.34411 0.717453 0 0
0 0 493 -0.691986 0.260342 0.960995 -0.439514 0 0
0 0 494 -0.535947 -1.11336 0.0108256 -1.5006 0 0
0 0 495 0.0544873 0.441547 -0.828025 -0.540878 0 0
0 0 496 -0.832198 -0.10341 0.69738 -0.808087 0 0
0 0 497 0.242227 -0.291315 0.87799 0.0759243 0 0
0 0 498 -0.840972 -0.030901 0.481482 0.426968 0 0
0 0 499 -0.0651808 -0.563507 -1.46132 -0.353854 0 0
0 0 500 1.33221 -0.772806 -0.384273 0.233493 0 0
0 0 501 -0.337098 -0.523599 -1.14593 0.456948 0 0
0 0 502 -0.73775 0.226785 0.298934 0.208668 0 0
0 0 503 0.127388 0.337237 0.439916 0.593804 0 0
0 0 504 0.696826 0.403691 -1.38153 -0.716197 0 0
0 0 505 0.328883 1.59925 9.62295e-05 0.800558 0 0
0 0 506 0.95434 0.402678 -0.136343 -1.37066 0 0
0 0 507 1.67531 -0.946664 1.48532 1.16024 0 0
0 0 508 -0.056004 1.20117 -0.482807 0.192335 0 0
0 0 509 1.16073 0.334008 0.768508 -1.4547 0 0
0 0 510 0.792938 0.555435 1.09264 -0.215564 0 0
0 0 511 0.399258 0.0237555 0.502906 0.33803 0 0
0 0 512 0.118658 -1.45933 -0.407129 0.892628 0 0
0 0 513 1.2018 0.226278 -0.0840148 0.494751 0 0
0 0 514 0.981122 -1.06519 0.571643 0.37785 0 0
0 0 515 0.864929 0.757197 1.23929 -1.20514 0 0
0 0 516 0.51241 1.2196 0.347811 0.363579 0 0
0 0 517 0.111291 0.467017 0.583556 0.988387 0 0
0 0 518 0.289637 1.5513 0.827254 0.362952 0 0
0 0 519 1.03122 0.641765 0.295669 0.256578 0 0
0 0 520 0.959943 -0.244166 -0.00778132 -0.177003 0 0
0 0 521 -0.0537722 -0.0132562 -0.130567 1.43573 0 0
0 0 522 0.846365 -1.08716 0.806797 1.51586 0 0
0 0 523 0.103706 1.29169 -0.794385 0.539724 0 0
0 0 524 0.306402 0.854483 0.729422 0.0305517 0 0
0 0 525 0.756352 1.41532 0.0182809 0.395295 0 0
0 0 526 1.03607 -0.303889 0.0416534 -0.264307 0 0
0 0 527 0.122513 -0.755119 0.789731 -1.3397 0 0
0 0 528 0.176706 0.905934 1.8337 0.0851322 0 0
0 0 529 0.193225 0.5399 -0.134086 0.235136 0 0
0 0 530 0.815343 1.24939 0.645908 -0.562371 0 0
0 0 531 -1.80293 -0.384772 -1.10366 -0.669136 0 0
0 0 532 1.85798 -0.719015 -0.471354 -1.00866 0 0
0 0 533 -1.20915 0.600256 0.690945 -1.41772 0 0
0 0 534 0.411705 0.354583 -0.719007 0.346258 0 0
0 0 535 -0.372249 0.0396396 0.972884 -0.42794 0 0
0 0 536 -0.0713321 -0.128371 -0.139682 1.03309 0 0
0 0 537 0.0487502 -1.22805 0.953789 0.0569763 0 0
0 0 538 1.76861 -0.273256 0.035409 -1.18374 0 0
0 0 539 -0.631897 -0.512512 0.172848 0.0685127 0 0
0 0 540 1.47772 -1.13639 0.957019 0.635132 0 0
0 0 541 1.42375 0.507851 0.220958 1.22948 0 0
0 0 542 0.212347 0.944718 -0.203137 0.0785949 0 0
0 0 543 -0.109328 0.368664 -0.678012 0.666854 0 0
0 0 544 0.120514 0.194842 0.551028 0.305431 0 0
0 0 545 -0.859127 0.0882212 -0.920768 -0.259932 0 0
0 0 546 0.845965 -0.586964 0.203612 0.397123 0 0
0 0 547 -0.303258 0.578817 -0.122096 0.348092 0 0
0 0 548 -1.4805 -1.50367 -0.216153 -1.07458 0 0
0 0 549 -0.422209 0.356976 -1.00318 0.282031 0 0
0 0 550 -0.0846272 0.439527 -0.6122 0.186405 0 0
0 0 551 2.23677 -0.31571 0.305624 0.602682 0 0
0 0 552 -1.50853 1.12424 -0.418062 0.8479 0 0
0 0 553 0.727886 0.943576 0.927464 -0.0596063 0 0
0 0 554 -0.612334 -1.06446 -1.80454 -0.89492 0 0
0 0 555 0.33028 -1.05775 -1.35766 0.119657 0 0
0 0 556 -0.216137 0.0264795 -0.0158578 1.14844 0 0
0 0 557 0.108789 -0.354919 -0.0592126 -0.233483 0 0
0 0 558 0.60505 0.151794 1.60168 0.31473 0 0
0 0 559 0.449298 -0.95269 0.489194 0.663511 0 0
0 0 560 0.492855 -0.576931 -0.465144 -0.65801 0 0
0 0 561 0.143569 0.313431 0.693256 -0.867394 0 0
0 0 562 0.163999 1.71478 0.0529884 -0.236374 0 0
0 0 563 -0.222048 -0.674231 -1.31049 0.586368 0 0
0 0 564 0.066442 -0.38714 0.065038 0.00788682 0 0
0 0 565 0.0319285 1.1876 -0.655645 -1.1166 0 0
0 0 566 0.274953 -0.188775 -0.0210731 -0.260132 0 0
0 0 567 -0.406364 -0.404184 1.20789 -0.0307547 0 0
0 0 568 0.861546 0.516586 -0.720639 -0.617443 0 0
0 0 569 1.16858 0.0429268 -0.413041 0.956546 0 0
0 0 570 -0.0235213 0.223427 1.24824 -0.0363784 0 0
0 0 571 1.8072 0.105054 -0.420857 0.597713 0 0
0 0 572 -0.733038 0.672961 -1.10811 -0.577414 0 0
0 0 573 0.79029 1.06818 -0.785403 -1.59764 0 0
0 0 574 0.0573359 1.25176 1.26616 0.187072 0 0
0 0 575 -0.144239 0.496528 0.303204 -0.091028 0 0
0 0 576 0.0927165 -1.47528 0.819203 -0.868778 0 0
0 0 577 1.16159 -0.0506785 0.794667 -0.241259 0 0
0 0 578 0.25415 -0.343212 -0.265162 1.38902 0 0
0 0 579 -0.525419 1.28096 -0.120077 -0.438371 0 0
0 0 580 2.02426 0.193291 0.45588 -0.620869 0 0
0 0 581 1.6063 0.171509 1.08368 0.409321 0 0
0 0 582 -0.185407 -0.479891 0.566342 0.17267 0 0
0 0 583 0.578785 1.14334 0.907722 -1.66745 0 0
0 0 584 -0.440047 0.88566 0.247603 0.31236 0 0
0 0 585 0.129551 0.858424 -0.247443 0.185749 0 0
0 0 586 -0.139551 0.227135 -0.345332 -0.272127 0 0
0 0 587 -0.758701 0.0759699 -0.147639 0.089512 0 0
0 0 588 -0.237527 -0.330132 -1.18436 1.71594 0 0
0 0 589 0.825398 0.0750225 1.0463 -1.07651 0 0
0 0 590 0.90446 0.7882 0.018508 -0.749709 0 0
0 0 591 0.41769 -0.51016 0.0554503 1.01313 0 0
0 0 592 1.22979 -0.06108 1.28761 0.21991 0 0
0 0 593 0.720178 0.644578 -0.622817 -1.36256 0 0
0 0 594 -0.57116 -0.247734 1.39269 -0.748018 0 0
0 0 595 -0.00429195 1.94552 0.767435 -1.24575 0 0
0 0 596 -0.303557 0.738012 -0.629439 -0.574506 0 0
0 0 597 0.267597 0.0211812 0.143666 0.219341 0 0
0 0 598 1.42567 1.10258 -0.105825 0.91593 0 0
0 0 599 0.232907 0.939218 -0.0953807 -0.11705 0 0
0 0 600 0.507374 1.03007 -0.0809342 -0.395628 0 0
0 0 601 0.178787 0.981194 1.51336 1.05729 0 0
0 0 602 0.550894 0.577911 0.344173 -0.399645 0 0
0 0 603 -0.158743 -1.01952 -0.11808 0.323059 0 0
0 0 604 1.51734 0.37651 0.535712 0.161219 0 0
0 0 605 -0.187285 -0.163719 -0.442197 0.500512 0 0
0 0 606 -1.23567 0.0217593 1.5257 1.19943 0 0
0 0 607 -1.01992 0.17575 -0.0357109 -0.952153 0 0
0 0 608 -1.09354 0.266557 1.1452 0.0529047 0 0
0 0 609 1.11363 1.10339 0.425377 0.130067 0 0
0 0 610 1.03849 -0.480038 0.685633 -0.581467 0 0
0 0 611 -0.614694 -0.0353126 0.428546 1.53857 0 0
0 0 612 -0.327001 0.26379 0.283177 1.40851 0 0
0 0 613 -1.02984 0.505246 -0.255843 -1.01185 0 0
0 0 614 -0.106192 0.0579013 0.642473 -0.374616 0 0
0 0 615 -0.486906 1.27891 -0.247507 0.878447 0 0
0 0 616 -0.536547 -0.513402 -1.05481 0.380279 0 0
0 0 617 0.796698 0.149025 0.322729 0.26255 0 0
0 0 618 0.769544 -0.078261 -0.0574461 0.0424839 0 0
0 0 619 -0.439831 1.30151 0.751512 -1.16399 0 0
0 0 620 0.787679 -0.463909 1.00642 -0.628857 0 0
0 0 621 -0.219358 -0.337106 1.56418 0.912118 0 0
0 0 622 -0.347279 -0.205385 1.57025 -1.69054 0 0
0 0 623 0.0766127 0.979048 0.501801 1.17216 0 0
0 0 624 0.934723 0.694703 -0.235781 1.40333 0 0
0 0 625 1.09774 1.2132 0.0166709 -0.350594 0 0
0 0 626 0.353834 0.168348 0.874727 0.823681 0 0
0 0 627 -0.210801 -0.953727 -1.06243 0.360747 0 0
0 0 628 0.308783 -0.694938 1.73018 1.53496 0 0
0 0 629 0.864792 0.888175 -0.273865 -1.05858 0 0
0 0 630 -0.649012 0.231661 -0.458048 -1.0261 0 0
0 0 631 -0.256777 -0.0229694 -0.797087 0.844919 0 0
0 0 632 -0.27367 0.317317 -0.442291 -0.168024 0 0
0 0 633 -0.0258328 0.558122 -0.158771 0.161686 0 0
0 0 634 -0.146187 0.512806 -0.0888793 0.0736965 0 0
0 0 635 -0.96685 0.0570461 0.430682 -0.0937433 0 0
0 0 636 -1.26293 0.782051 -0.361081 0.674706 0 0
0 0 637 -1.15542 0.381412 0.383143 0.375223 0 0
0 0 638 -0.410182 0.200538 0.585533 0.442733 0 0
0 0 639 0.464772 0.374751 0.361896 -1.0404 0 0
0 0 640 -0.0230937 0.440749 -0.891607 0.460182 0 0
0 0 641 -0.428359 0.575296 1.41949 0.684269 0 0
0 0 642 0.679108 0.404119 1.69801 -0.619245 0 0
0 0 643 1.53553 0.901423 0.821353 -0.21796 0 0
0 0 644 1.43161 -0.313042 1.01826 -0.201282 0 0
0 0 645 0.317212 -0.803855 -0.531299 -0.716933 0 0
0 0 646 1.03758 0.174287 -0.0306448 -0.829626 0 0
0 0 647 -0.172152 -0.340659 1.29426 -0.407849 0 0
0 0 648 1.31018 -0.0129626 -1.06797 -0.912624 0 0
0 0 649 1.19021 -0.32636 -0.640257 -1.36024 0 0
0 0 650 -0.193315 1.65948 -0.856525 1.92592 0 0
0 0 651 0.594432 0.147514 0.901339 -0.504906 0 0
0 0 652 -0.244388 0.0550599 -0.886696 0.0944658 0 0
0 0 653 -0.722957 0.950001 0.579536 -0.674663 0 0
0 0 654 0.561826 -0.775946 -0.869436 -1.46501 0 0
0 0 655 0.902513 0.333581 0.86036 0.682278 0 0
0 0 656 -0.138094 0.961107 0.0961693 0.484372 0 0
0 0 657 0.0984839 0.388293 0.563671 -0.0470397 0 0
0 0 658 0.0200975 0.546228 -0.67754 -0.44103 0 0
0 0 659 -0.23038 0.624944 -0.391237 0.104527 0 0
0 0 660 0.647103 0.400114 0.44608 -0.445363 0 0
0 0 661 -0.1705 0.669915 -0.336384 0.363367 0 0
0 0 662 -0.211133 1.20917 -1.08423 -0.0992965 0 0
0 0 663 0.156162 1.51069 -0.0591489 -0.941885 0 0
0 0 664 -0.888032 0.338026 0.477839 0.459104 0 0
0 0 665 -1.85114 0.692192 -1.12778 -0.213544 0 0
0 0 666 -0.413945 0.872947 0.88517 0.80685 0 0
0 0 667 0.749758 0.601455 0.499497 0.13733 0 0
0 0 668 1.04132 -0.0224155 0.0918355 0.15226 0 0
0 0 669 0.433113 0.410327 -0.00874653 1.26507 0 0
0 0 670 -0.043826 0.741683 -0.194427 -0.380842 0 0
0 0 671 -0.00241727 0.131781 -0.00433728 0.560514 0 0
0 0 672 1.98135 -0.169239 0.623485 1.4966 0 0
0 0 673 -0.824039 -0.16134 -0.575378 1.21372 0 0
0 0 674 0.955666 -0.0800011 2.58535 -0.200732 45.8862 8.40305
0 0 675 -0.537152 -0.574329 0.686818 -0.408346 0 0
0 0 676 0.602811 0.833155 -0.491268 -0.572427 0 0
0 0 677 0.427396 0.536217 -0.423151 -0.393007 0 0
0 0 678 0.14883 0.0524732 0.357556 0.436561 0 0
0 0 679 -0.267023 0.0815261 -0.0108449 0.775653 0 0
0 0 680 0.525429 0.642782 0.145787 0.32574 0 0
0 0 681 1.36406 -0.11376 0.747426 0.415935 0 0
0 0 682 0.290821 -0.575864 0.943667 0.557017 0 0
0 0 683 1.72511 1.36529 0.566378 0.0713619 0 0
0 0 684 -0.760492 -0.131409 0.162393 0.11988 0 0
0 0 685 -0.0849084 0.780278 -0.38539 0.280456 0 0
0 0 686 1.07482 -1.5999 -0.11134 0.0253198 0 0
0 0 687 0.757451 0.799737 0.335171 -0.871109 0 0
0 0 688 0.938634 0.293517 -0.226667 0.927975 0 0
0 0 689 -0.385006 1.12621 -1.09306 0.529254 0 0
0 0 690 0.209471 0.366883 0.486139 1.1854 0 0
0 0 691 -0.457628 -0.703824 0.145809 0.742095 0 0
0 0 692 0.854744 0.160173 -0.767186 -0.0504529 0 0
0 0 693 -0.808955 -0.349938 -0.149172 -0.937979 0 0
0 0 694 0.437476 0.740548 0.2989 1.46688 0 0
0 0 695 -0.406158 1.06656 0.11051 -0.671759 0 0
0 0 696 0.621708 -0.656293 0.67579 -0.693407 0 0
0 0 697 0.729163 0.846097 1.11618 0.438373 0 0
0 0 698 -0.857785 0.0944092 0.398383 -0.300816 0 0
0 0 699 0.810431 -0.507292 1.25647 -1.10454 0 0
0 0 700 -0.38148 1.00168 1.38373 0.0683846 0 0
0 0 701 0.408406 -1.37001 0.861108 -0.577554 0 0
0 0 702 0.267299 0.245248 -0.139395 -0.101487 0 0
0 0 703 1.02596 0.265304 -0.126706 -1.11513 0 0
0 0 704 0.134252 -0.377065 1.13938 -0.115847 0 0
0 0 705 0.718384 -0.408086 -0.023695 -0.567918 0 0
0 0 706 1.09202 -0.0892426 0.986017 1.52487 0 0
0 0 707 -0.0341358 1.2864 0.344404 -0.437995 0 0
0 0 708 -2.23917 -0.772111 0.567102 1.40966 0 0
0 0 709 2.0173 0.254421 1.42192 0.630787 0 0
0 0 710 -0.0102387 0.354916 -0.61167 -0.057077 0 0
0 0 711 1.4951 -0.748769 0.983036 0.550183 0 0
0 0 712 -0.0172541 0.475446 -0.163694 0.556326 0 0
0 0 713 0.469988 0.392922 1.16944 -1.96895 0 0
0 0 714 1.67247 -0.636216 1.09417 0.331137 0 0
0 0 715 1.18936 -0.284208 -0.656168 1.27023 0 0
0 0 716 -0.918056 0.742528 -0.109111 0.312452 0 0
0 0 717 0.285596 -0.913062 1.67919 0.388875 0 0
0 0 718 0.441507 0.508819 0.844113 -0.925787 0 0
0 0 719 0.332695 0.298368 0.589168 -0.250911 0 0
0 0 720 0.602219 1.02384 -0.750691 0.261468 0 0
0 0 721 0.367668 -0.720933 1.11755 -1.70071 0 0
0 0 722 -0.11935 0.777753 0.115627 0.415598 0 0
0 0 723 0.623819 0.0555803 -1.10527 0.512582 0 0
0 0 724 0.544428 -1.40327 -0.115939 0.505599 0 0
0 0 725 1.26717 -1.61219 -0.131666 -0.850005 0 0
0 0 726 0.551864 1.0674 0.560847 -0.921223 0 0
0 0 727 0.00596321 0.421862 0.664121 0.946194 0 0
0 0 728 0.62149 1.13644 1.99423 0.794622 0 0
0 0 729 -0.154865 -0.833639 1.11724 0.0828329 0 0
0 0 730 -0.0871325 0.451538 0.11759 -0.857263 0 0
0 0 731 1.43514 0.583768 -1.0926 1.46526 0 0
0 0 732 -0.609094 0.27503 0.337313 -0.622304 0 0
0 0 733 -0.366685 0.769418 -1.41397 0.511246 0 0
0 0 734 -0.862828 -0.361664 0.609109 0.334131 0 0
0 0 735 1.05954 1.2391 1.07248 -0.564544 0 0
0 0 736 2.24338 -0.373142 0.963171 -0.42634 0 0
0 0 737 0.851752 0.922296 -1.28555 0.879348 0 0
0 0 738 1.10773 -0.441542 -0.552808 -0.153836 0 0
0 0 739 -0.433565 -0.27127 1.32647 1.28486 0 0
0 0 740 -0.112323 1.68501 -0.343949 -0.434257 0 0
0 0 741 1.47809 -0.487334 -0.636785 0.0063822 0 0
0 0 742 1.34486 1.27278 0.191136 0.313656 0 0
0 0 743 0.25539 0.0755553 0.0095232 -0.653044 0 0
0 0 744 0.357267 -0.198945 0.990631 0.471624 0 0
0 0 745 -0.369517 1.18642 -0.406717 -1.38964 0 0
0 0 746 -0.122577 0.666311 -0.492786 -1.06901 0 0
0 0 747 -1.12482 0.0357173 -1.09582 -0.14708 0 0
0 0 748 -0.0604565 -0.321391 -0.433652 -0.295724 0 0
0 0 749 0.239609 0.048496 0.906222 -0.910549 0 0
0 0 750 -0.54925 0.165392 1.40903 0.227919 0 0
0 0 751 -1.16489 1.04122 0.223122 0.302069 0 0
0 0 752 -0.655943 0.906262 0.147405 1.17892 0 0
0 0 753 -0.0116257 0.964558 0.854069 -0.0289905 0 0
0 0 754 -0.69176 0.904715 -0.37217 -0.869042 0 0
0 0 755 -0.152238 0.468068 -0.646302 -0.286979 0 0
0 0 756 -0.0327973 0.672529 -0.177298 1.05955 0 0
0 0 757 -1.48814 -0.89345 1.22507 -0.324461 0 0
0 0 758 -0.780448 0.232465 0.406785 -0.124249 0 0
0 0 759 -0.279802 -1.43215 -0.347129 -0.311043 0 0
0 0 760 -0.0496949 0.817238 -0.543213 -0.356722 0 0
0 0 761 0.703801 1.31014 0.622882 -1.07555 0 0
0 0 762 1.13483 1.31067 0.250858 -1.0637 0 0
0 0 763 -0.367335 -1.04157 0.0340256 0.323752 0 0
0 0 764 -0.209748 0.878782 0.351808 0.577174 0 0
0 0 765 0.835523 -0.292575 1.28905 -0.124864 0 0
0 0 766 0.60642 1.18611 -0.154261 -0.857925 0 0
0 0 767 0.264571 0.756982 2.51037 1.02265 36.6099 8.31464
0 0 768 -0.435778 0.618326 -0.429918 0.973088 0 0
0 0 769 0.0153328 1.55535 0.0567996 0.303413 0 0
0 0 770 -0.445932 -0.105927 0.589148 0.510872 0 0
0 0 771 0.887922 -0.971324 -0.35713 0.0514715 0 0
0 0 772 -3.21426 -0.755763 1.4984 0.429621 0 0
0 0 773 0.728211 -1.07586 1.0461 0.730286 0 0
0 0 774 -1.20072 -0.804424 0.568061 0.78995 0 0
0 0 775 0.873142 -0.553736 0.25864 -1.19222 0 0
0 0 776 0.271093 0.172384 2.186 0.698045 0 0
0 0 777 -0.811047 1.0294 -0.193018 -0.0642027 0 0
0 0 778 -0.0615257 0.60469 -0.483158 -1.29104 0 0
0 0 779 0.889669 0.119457 -0.0154613 0.784255 0 0
0 0 780 -0.0999248 0.08222 -0.536975 0.44916 0 0
0 0 781 -0.347422 -1.26489 0.132406 -0.329348 0 0
0 0 782 -0.459219 1.0682 -1.43533 -0.354867 0 0
0 0 783 -0.121902 0.365578 -0.233484 0.23943 0 0
0 0 784 0.304981 -1.10775 0.316229 -0.466178 0 0
0 0 785 0.671635 -0.346693 0.281192 0.261181 0 0
0 0 786 0.110726 -0.582826 0.866332 1.16923 0 0
0 0 787 -0.254572 1.25217 -0.593247 -1.25905 0 0
0 0 788 -0.732167 0.914751 0.0346004 -0.387495 0 0
0 0 789 -0.471657 0.513363 0.0781404 -1.18054 0 0
0 0 790 0.755727 0.157297 0.42376 0.00114431 0 0
0 0 791 -0.593359 0.474356 0.416378 0.616726 0 0
0 0 792 0.10715 -0.401494 0.306961 0.491578 0 0
0 0 793 0.242135 0.608896 0.625202 -0.497449 0 0
0 0 794 0.895958 0.814521 -1.59867 -0.218881 0 0
0 0 795 0.516253 -0.795999 -1.80287 -0.552877 0 0
0 0 796 -1.19299 -0.368273 -0.227492 0.0883599 0 0
0 0 797 0.455914 0.7176 1.52626 -0.235678 0 0
0 0 798 0.0972824 -1.9778 -0.218057 1.93169 0 0
0 0 799 -0.871033 0.967844 0.613139 -0.469328 0 0
0 0 800 1.40221 0.95112 -0.117202 0.937164 0 0
0 0 801 0.0767842 -0.399265 0.177355 1.01529 0 0
0 0 802 -0.0580397 0.451664 0.85456 -0.266456 0 0
0 0 803 -2.35877 0.978066 0.185506 0.63024 0 0
0 0 804 1.17849 0.0233815 0.469845 0.284892 0 0
0 0 805 -0.279689 0.667134 -0.532181 -0.0383813 0 0
0 0 806 -0.098522 -0.879746 -0.0197579 -0.351574 0 0
0 0 807 0.469593 -1.03206 0.841189 -1.23358 0 0
0 0 808 -0.106237 0.636641 -0.0875286 0.714648 0 0
0 0 809 -0.329118 -0.150145 0.811248 -0.440887 0 0
0 0 810 -0.704406 0.313241 1.37515 0.722262 0 0
0 0 811 -0.0247048 0.70404 0.65359 -0.411551 0 0
0 0 812 -0.718251 0.0623891 1.43735 -0.0237946 0 0
0 0 813 0.0772642 0.0942141 0.120859 -0.384043 0 0
0 0 814 -1.40776 -0.266029 -0.0263505 -0.118403 0 0
0 0 815 0.504874 0.257167 -0.695222 0.869504 0 0
0 0 816 0.571041 1.29442 1.65225 -0.00932938 0 0
0 0 817 -0.815366 1.39279 0.379611 0.671741 0 0
0 0 818 0.237898 0.270259 0.543612 1.87909 0 0
0 0 819 0.254307 0.666658 0.638883 1.56622 0 0
0 0 820 0.66305 0.436629 -0.866215 0.352192 0 0
0 0 821 -0.551057 -0.284967 0.0638609 -0.94006 0 0
0 0 822 0.853418 1.17517 -0.363599 -0.216654 0 0
0 0 823 -0.321405 0.200206 0.420723 0.222678 0 0
0 0 824 -0.374428 0.344414 -0.400245 0.686605 0 0
0 0 825 0.147071 0.56959 0.630721 0.00467188 0 0
0 0 826 1.12345 0.487843 0.354419 0.896432 0 0
0 0 827 1.60303 -0.290877 0.589328 0.359996 0 0
0 0 828 -1.36985 0.722932 -1.15561 -1.16858 0 0
0 0 829 2.50446 0.0246804 -0.38323 -0.478253 0 0
0 0 830 0.330812 1.73572 1.21902 0.499401 0 0
0 0 831 0.666276 1.22169 1.27329 -0.632505 0 0
0 0 832 -0.368751 1.33813 -0.0185221 1.20253 0 0
0 0 833 0.421604 0.0477048 1.14333 -1.12557 0 0
0 0 834 -1.14708 0.753431 0.0242079 -0.140695 0 0
0 0 835 0.68673 0.413221 1.25021 0.336175 0 0
0 0 836 0.288324 -0.306494 0.729201 -0.139478 0 0
0 0 837 0.890806 -0.327099 -0.0577991 0.18003 0 0
0 0 838 1.23856 -0.304341 0.897804 1.31299 0 0
0 0 839 0.81519 -0.352069 1.41268 1.28431 0 0
0 0 840 0.0751175 0.173351 0.884324 0.409532 0 0
0 0 841 -0.239726 1.02534 -0.305808 0.0767828 0 0
0 0 842 -0.39908 -0.969821 -0.0990501 -0.00241702 0 0
0 0 843 1.78017 1.25909 -0.224855 0.822889 0 0
0 0 844 1.02795 1.03629 -0.0170004 0.161081 0 0
0 0 845 3.27746 -0.816931 -0.347162 0.186737 0 0
0 0 846 1.17476 2.19025 -1.00907 0.324001 0 0
0 0 847 1.52985 -0.458514 -1.50491 1.60756 0 0
0 0 848 1.52331 0.409131 -1.65097 0.0810338 0 0
0 0 849 1.92172 -0.611089 -0.481953 0.238333 0 0
0 0 850 0.856999 -0.613336 -0.691862 1.18784 0 0
0 0 851 1.82021 -0.135624 -1.02449 0.182229 0 0
0 0 852 1.60772 -0.240563 -1.66399 -0.851759 0 0
0 0 853 2.88579 -0.73914 -2.35804 -0.458509 0 0
0 0 854 1.40066 0.634238 -0.759016 -0.329746 0 0
0 0 855 2.12126 -0.510871 -0.496043 -0.836955 0 0
0 0 856 3.77816 0.520503 -0.668027 0.874719 0 0
0 0 857 3.49162 -2.31774 -0.0786062 -0.56762 0 0
0 0 858 1.32377 1.00113 -1.26186 -0.0855902 0 0
0 0 859 1.59233 0.282854 -1.08891 -0.224167 0 0
0 0 860 2.24262 0.504633 -0.679862 0.082564 0 0
0 0 861 1.84725 -1.20423 -1.20634 -0.376073 0 0
0 0 862 2.10478 0.633342 -1.70171 0.0368478 0 0
0 0 863 2.45361 1.2668 -0.0748733 -0.0657803 0 0
0 0 864 1.38169 1.67925 -1.72327 0.722309 0 0
0 0 865 1.94355 0.480583 -1.23213 0.184801 0 0
0 0 866 0.928132 -0.23941 -0.884205 -0.858025 0 0
0 0 867 1.34806 0.767795 -0.946401 0.807992 0 0
0 0 868 1.87268 0.649411 -2.18704 0.310294 0 0
0 0 869 1.62883 1.43493 0.0283506 -0.280104 0 0
0 0 870 1.91084 -0.096212 -1.33711 -0.450914 0 0
0 0 871 0.497026 0.638724 0.341961 1.52852 0 0
0 0 872 1.85283 -1.0243 -1.78273 1.47001 0 0
0 0 873 1.88251 0.371353 -0.607715 -0.675243 0 0
0 0 874 0.317424 1.07188 0.288316 0.24163 0 0
0 0 875 1.18193 1.26331 -1.66869 0.0825294 0 0
0 0 876 0.582988 0.806386 -1.4402 1.10943 0 0
0 0 877 1.17032 -0.938244 -1.22604 0.275595 0 0
0 0 878 1.88483 0.621652 -1.80603 -1.03505 0 0
0 0 879 1.28094 0.285914 -1.78352 -0.187059 0 0
0 0 880 1.65354 1.2718 -1.53643 -0.299668 0 0
0 0 881 2.06491 -0.413562 -2.24644 -0.998109 0 0
0 0 882 0.316272 -0.788433 -1.76975 0.0103223 0 0
0 0 883 0.219803 0.263987 -0.904293 0.209096 0 0
0 0 884 2.13355 -0.162631 -1.57098 0.228594 0 0
0 0 885 3.06379 0.57275 -0.94999 -0.897044 0 0
0 0 886 1.0526 0.146587 -0.457688 -0.662773 0 0
0 0 887 2.4306 0.681541 -0.928005 -0.236476 0 0
0 0 888 1.15135 0.174688 -1.87943 0.186471 0 0
0 0 889 1.4409 -0.377004 -1.10343 -0.825166 0 0
0 0 890 2.47108 0.21937 -2.06084 -0.95186 0 0
0 0 891 2.86919 -0.944744 -2.19916 -0.404522 0 0
0 0 892 2.98217 1.20186 -2.88396 -0.220597 -33.6883 6.99429
0 0 893 2.29312 0.391796 -2.75296 -0.810611 -40.9501 7.82191
0 0 894 2.08292 -0.267168 -2.8107 -1.07489 -47.7149 7.7006
0 0 895 3.13385 0.819254 -3.0154 0.593714 -37.4001 6.97329
0 0 896 2.84527 0.506763 -1.13585 -0.724751 0 0
0 0 897 3.03718 0.696328 -3.98123 -0.184934 -40.0396 5.38349
0 0 898 2.71994 0.440359 -2.7065 -0.99248 -40.3794 7.93378
0 0 899 4.28002 -0.954287 -4.20871 -0.142989 -51.3876 5.04539
0 0 900 2.64117 -0.502082 -2.68754 0.478003 -50.291 7.95947
0 0 901 5.22314 -0.424123 -4.11506 -0.868209 -47.9422 5.2559
0 0 902 4.26925 -1.83595 -3.1267 -0.213605 -60.2104 6.05068
0 0 903 3.68256 -0.406516 -2.70173 -0.26003 -49.2784 7.96159
0 0 904 3.51341 1.55324 -3.74093 -1.82945 -33.7259 5.3948
0 0 905 3.05149 0.368765 -2.4692 -1.81408 0 0
0 0 906 3.79722 1.00984 -2.65517 0.341265 -34.5883 7.68661
0 0 907 4.71166 -0.225263 -2.52608 -0.727209 0 0
0 0 908 5.3889 -1.92184 -3.38338 0.904315 -59.7988 5.6357
0 0 909 4.30618 -0.970237 -2.68816 1.24842 -54.923 7.63731
0 0 910 4.34032 1.43442 -3.75823 0.557773 -34.5547 5.42828
0 0 911 4.14928 0.642105 -3.65457 -0.458197 -40.0174 5.86395
0 0 912 3.84576 0.47422 -3.15609 0.329399 -40.7275 6.81563
0 0 913 3.8671 -0.284793 -2.40107 0.449778 0 0
0 0 914 4.44692 0.416121 -2.33419 -0.604178 0 0
0 0 915 4.8152 -0.434916 -3.11938 0.040603 -48.9686 6.90566
0 0 916 5.29771 -0.387357 -1.83919 -0.629484 0 0
0 0 917 6.83111 -1.26353 -1.27838 -0.805654 0 0
0 0 918 5.5228 -0.401566 -1.22484 -0.304654 0 0
0 0 919 6.83248 0.340811 -2.48738 -0.646833 0 0
0 0 920 7.46519 -0.0823488 -1.48034 -0.65086 0 0
0 0 921 7.55127 1.35782 -1.03729 0.684364 0 0
0 0 922 9.30362 -0.408095 -1.92778 -0.341495 0 0
0 0 923 9.74915 1.06851 -0.235994 -0.169547 0 0
0 0 924 12.4136 -0.14171 0.892563 -0.274196 0 0
0 0 925 14.8172 0.695743 1.33787 1.05261 0 0
0 0 926 16.1201 -0.578258 1.93122 0.0300991 0 0
0 0 927 19.0376 1.03425 2.87856 -0.337468 35.1184 7.13563
0 0 928 22.3935 1.16317 3.18789 0.164192 34.9772 6.4325
0 0 929 25.0385 0.264969 5.88551 -0.133823 43.7111 3.68942
0 0 930 28.4704 1.44131 8.81415 0.813168 40.3565 2.43588
0 0 931 30.6939 3.08607 9.37997 -0.519256 35.8942 2.20896
0 0 932 34.7877 2.87156 11.5531 -0.0092144 38.0209 1.82964
0 0 933 36.432 2.89618 12.3479 -0.0550234 38.4 1.71697
0 0 934 37.7647 3.44793 12.7367 -0.0193174 37.4263 1.6513
0 0 935 38.761 4.10093 14.4925 0.566054 37.1001 1.44698
0 0 936 38.4608 3.53147 15.1322 0.73496 38.4319 1.40138
0 0 937 38.1156 3.95383 14.5484 0.620451 37.398 1.4453
0 0 938 37.6813 2.64384 13.8939 -0.312754 39.6131 1.53872
0 0 939 36.3278 3.30896 13.4918 -0.0890605 38.1099 1.56784
0 0 940 34.9714 1.26467 11.7117 1.46876 41.9184 1.84586
0 0 941 32.8539 1.86919 10.6607 0.573405 40.0276 2.01032
0 0 942 31.533 2.2317 10.2736 0.661011 38.8721 2.07078
0 0 943 28.5707 2.28284 8.25021 0.684522 37.2666 2.54566
0 0 944 27.0885 2.01859 8.39108 1.00143 38.2369 2.52342
0 0 945 24.7421 1.02884 7.55012 -0.000729647 41.1201 2.85425
0 0 946 24.9417 0.0354156 4.98959 -0.777316 44.7967 4.35587
0 0 947 22.9466 1.39742 5.26494 1.50514 37.5676 3.99968
0 0 948 22.0197 0.778909 4.07576 0.490262 39.5904 5.24463
0 0 949 20.8337 -0.173633 3.23354 1.23933 46.5368 6.71263
0 0 950 18.1556 -0.36539 2.06363 1.01137 0 0
0 0 951 17.7769 -0.0783215 2.61762 -0.522904 45.8569 8.2997
0 0 952 18.4322 0.655324 1.36971 0.427794 0 0
0 0 953 16.0174 0.0337315 0.856748 0.686401 0 0
0 0 954 17.2655 1.18171 1.53679 0.450101 0 0
0 0 955 16.3951 -0.770592 0.68479 -0.004836 0 0
0 0 956 15.4344 0.850639 2.47826 0.0959044 35.5279 8.32719
0 0 957 13.3929 1.70323 -1.18927 -0.625603 0 0
0 0 958 13.7898 -0.781004 -0.754354 -0.409703 0 0
0 0 959 12.7485 0.38147 0.236979 1.23322 0 0
0 0 960 13.5872 1.34157 1.11801 -1.14244 0 0
0 0 961 12.6406 -1.39361 0.394192 0.143633 0 0
0 0 962 12.6406 -0.639544 -0.563149 0.494636 0 0
0 0 963 10.9452 -1.2218 0.356839 -1.13951 0 0
0 0 964 10.3146 -0.612138 -0.00269087 -1.39028 0 0
0 0 965 10.5159 -0.214446 0.739407 -1.75434 0 0
0 0 966 11.1838 -1.274 -0.95339 -0.818115 0 0
0 0 967 10.3097 1.08823 -0.823257 -0.867619 0 0
0 0 968 9.63842 0.693801 -1.19908 0.135184 0 0
0 0 969 8.62189 -0.234577 -0.822537 0.510103 0 0
0 0 970 8.26334 -1.0965 0.923182 0.0545332 0 0
0 0 971 8.15606 -0.981652 0.0757525 -0.261849 0 0
0 0 972 6.90362 -0.4917 1.06961 -0.390702 0 0
0 0 973 6.86276 -0.36221 -0.370955 -1.00407 0 0
0 0 974 6.92488 -1.09318 0.318255 -1.31102 0 0
0 0 975 6.95374 -0.0552988 0.144084 -1.12136 0 0
0 0 976 5.86778 -1.3636 0.0532931 -0.600701 0 0
0 0 977 6.51251 -0.278911 -0.184582 0.0691376 0 0
0 0 978 5.22459 -0.669561 -0.630468 -0.608796 0 0
0 0 979 5.71438 -0.607287 -0.716312 -0.883053 0 0
0 0 980 5.24142 -0.311598 0.732958 -1.27111 0 0
0 0 981 4.25127 0.551312 0.465013 0.355442 0 0
0 0 982 4.85729 -1.28184 -0.556894 0.0354384 0 0
0 0 983 4.08598 -0.200355 0.520924 -0.527555 0 0
0 0 984 3.50541 -0.592745 0.0677604 -2.82751 0 0
0 0 985 2.7623 -0.727653 -0.921227 -0.157648 0 0
0 0 986 3.17482 0.944445 0.54192 -1.3867 0 0
0 0 987 3.72394 -0.891725 -2.56522 -1.13181 -54.5843 8.03475
0 0 988 3.38683 -0.672313 -1.31377 -0.846615 0 0
0 0 989 2.68049 -0.313644 0.158706 -1.58558 0 0
0 0 990 2.81359 0.457669 -0.301714 -0.0943308 0 0
0 0 991 1.63262 -0.306212 -0.14486 -0.966956 0 0
0 0 992 3.79424 -1.16518 -0.30359 -0.364414 0 0
0 0 993 2.2348 -1.14705 0.246211 -1.5105 0 0
0 0 994 2.88235 -0.0925055 1.00956 0.766084 0 0
0 0 995 0.975758 0.807721 0.233814 0.920603 0 0
0 0 996 2.14708 -0.937735 0.628531 -0.568873 0 0
0 0 997 1.95156 -1.10866 -0.257243 -0.915304 0 0
0 0 998 2.76314 0.478112 0.175981 0.560339 0 0
0 0 999 0.890061 -1.1416 0.46896 0.147899 0 0
0 0 1000 1.64167 -1.58849 -0.492359 -0.403694 0 0
0 0 1001 1.29006 -1.1242 0.608668 -0.352031 0 0
0 0 1002 1.3276 -1.02059 0.187599 -0.88811 0 0
0 0 1003 1.67286 -0.374182 -0.204239 1.02468 0 0
0 0 1004 2.14509 0.406146 -0.260445 0.117173 0 0
0 0 1005 1.27687 -1.31871 -1.42693 1.41462 0 0
0 0 1006 2.1323 0.781091 -1.00801 1.53511 0 0
0 0 1007 1.80982 -0.870548 -0.628138 1.04441 0 0
0 0 1008 1.28216 0.187623 0.885899 -1.43035 0 0
0 0 1009 0.722637 -0.692914 -0.408779 -0.363248 0 0
0 0 1010 1.00887 -0.409991 0.034931 0.53269 0 0
0 0 1011 1.3404 0.172817 0.454782 -0.391445 0 0
0 0 1012 1.03512 0.105829 0.372108 -0.317575 0 0
0 0 1013 0.596459 -2.24837 1.72566 -0.861679 71.2466 7.8444
0 0 1014 1.54302 -1.16403 0.26931 0.563629 0 0
0 0 1015 2.19653 0.388516 -0.276423 -0.386112 0 0
0 0 1016 -0.214243 -0.106331 -0.740318 -0.5843 0 0
0 0 1017 1.06537 -0.82841 -0.699479 1.08218 0 0
0 0 1018 -1.04448 0.661825 0.772143 0.580392 0 0
0 0 1019 2.08078 0.705796 0.219623 0.0669844 0 0
0 0 1020 -0.150051 0.440843 -0.26416 -0.159933 0 0
0 0 1021 0.933307 -0.884102 1.18138 -0.592196 0 0
0 0 1022 -0.253479 -0.525647 0.662219 0.143454 0 0
0 0 1023 0.41783 0.359347 0.0326192 -0.772109 0 0
