# File: uwl_221011_040613_Combined.rf.sbF2.RMC_aux Src: J1713+0747 Nsub: 1 Nch: 1 Npol: 4 Nbin: 1024 RMS: 0.53327
0 0 0 2.01821 0.534693 0.0183035 0.0400168 0 0
0 0 1 0.665196 -0.223153 0.18135 -0.908938 0 0
0 0 2 1.54906 0.464184 -0.0792842 -0.782197 0 0
0 0 3 1.55424 0.722331 1.08746 -0.777415 0 0
0 0 4 1.53366 0.417749 -0.179899 -0.524393 0 0
0 0 5 0.867258 -0.26013 0.337461 0.0561814 0 0
0 0 6 1.27929 -0.702993 -0.0384159 -0.061301 0 0
0 0 7 0.884832 -0.127466 0.172491 0.193612 0 0
0 0 8 0.832763 0.829406 -0.0479843 0.370896 0 0
0 0 9 1.07411 0.796589 0.80052 -0.603007 0 0
0 0 10 1.5094 -0.561767 0.162442 -1.17516 0 0
0 0 11 0.402223 -0.547504 0.75455 -0.535852 0 0
0 0 12 2.29491 0.494371 0.997524 0.166123 0 0
0 0 13 2.26692 0.0212805 0.805886 0.914577 0 0
0 0 14 1.58318 -0.347669 0.0217708 1.01039 0 0
0 0 15 1.51465 -0.178317 0.361139 0.0645297 0 0
0 0 16 1.03776 0.37479 0.29112 -0.143856 0 0
0 0 17 0.507636 0.241221 0.104849 -0.11403 0 0
0 0 18 1.81209 -0.354445 0.306094 -0.0420753 0 0
0 0 19 1.2537 0.347577 0.224635 -0.861041 0 0
0 0 20 0.969476 0.742826 1.55479 -0.0682841 32.2316 8.09809
0 0 21 1.60488 -0.85425 0.421571 -0.38797 0 0
0 0 22 2.23552 0.300478 1.85639 -0.153214 40.4029 7.22235
0 0 23 2.36641 -0.95683 1.85427 -0.68555 58.6472 6.71427
0 0 24 1.30964 0.199777 0.621296 -0.208815 0 0
0 0 25 1.8407 -0.0923849 1.04023 -0.704077 0 0
0 0 26 2.09304 -0.761656 1.14537 0.296827 0 0
0 0 27 2.39212 -0.169537 1.84694 -0.0130928 47.6223 7.3012
0 0 28 2.0028 -0.0795489 0.64855 -0.113026 0 0
0 0 29 2.92501 -0.00142097 0.789516 -0.337111 0 0
0 0 30 1.43484 0.0250219 1.83955 -0.468727 44.6104 7.35016
0 0 31 2.0586 0.156788 0.645002 0.152436 0 0
0 0 32 2.73528 -0.382343 2.19245 -0.600183 49.9462 6.10702
0 0 33 2.8336 -1.14559 1.66708 -0.408051 62.248 7.04961
0 0 34 2.0259 -1.28776 2.2336 0.585556 59.9826 5.46848
0 0 35 3.75844 -0.0860603 1.42217 -0.917642 0 0
0 0 36 2.30332 -0.826741 2.46756 0.437051 54.2616 5.2868
0 0 37 2.84796 -0.935361 2.71729 0.356535 54.4974 4.79156
0 0 38 2.63448 -0.238526 2.2222 0.686424 48.0633 6.06217
0 0 39 2.79036 -0.04997 1.89752 -0.371318 45.7543 7.12445
0 0 40 3.11338 -1.36414 1.12205 -0.172755 70.2808 8.41557
0 0 41 2.84746 -0.654111 2.33977 -0.784979 52.8095 5.63579
0 0 42 2.96564 -1.04074 2.42503 -0.614147 56.6137 5.26142
0 0 43 2.49778 -0.851002 2.39105 -0.409469 54.7956 5.43148
0 0 44 2.22097 0.326078 1.58974 -0.782417 0 0
0 0 45 2.19798 -0.780173 2.11605 -0.0671043 55.1193 6.1197
0 0 46 2.47808 -0.652603 2.33803 -0.214367 52.7979 5.64042
0 0 47 2.24116 -1.92543 1.35367 0.742838 72.4454 6.38163
0 0 48 2.8477 -1.85609 2.2166 0.534632 64.9707 5.00263
0 0 49 3.52787 -1.07799 2.21692 -0.0367536 57.9658 5.66562
0 0 50 3.20509 -0.917104 1.8842 0.00990101 57.9769 6.66515
0 0 51 1.81797 -0.799696 1.83322 -0.550978 56.784 6.94704
0 0 52 2.64027 -0.847973 1.81261 -0.0452618 57.5355 6.9658
0 0 53 1.87171 -1.29969 1.68334 0.0689331 63.8357 6.7604
0 0 54 1.44112 0.110197 2.35201 -0.0666785 43.6588 5.74495
0 0 55 0.969044 -0.985497 1.8451 -0.339681 59.0537 6.71028
0 0 56 2.31567 -1.03555 0.620011 0.840468 0 0
0 0 57 2.28638 -0.596093 0.64185 -0.649127 0 0
0 0 58 0.603184 -0.532276 0.696887 -1.09554 0 0
0 0 59 1.74043 -0.921227 1.35213 0.160461 0 0
0 0 60 0.973798 -0.204605 0.441196 -0.591322 0 0
0 0 61 0.880268 -0.763525 0.090204 -0.17096 0 0
0 0 62 0.425912 -0.389287 0.929261 -0.501141 0 0
0 0 63 1.18144 -0.278258 0.372176 0.129751 0 0
0 0 64 1.14697 -0.492984 0.676838 -0.027207 0 0
0 0 65 2.29584 -0.88831 0.784769 0.115573 0 0
0 0 66 0.518624 -0.985805 1.06102 -0.166756 0 0
0 0 67 0.115053 -0.438055 0.63401 0.180745 0 0
0 0 68 0.634302 0.409982 0.373701 -0.050126 0 0
0 0 69 0.809126 0.138036 0.2486 0.50929 0 0
0 0 70 1.53229 -0.37629 -0.122588 -0.616979 0 0
0 0 71 1.00155 -0.766665 -0.429328 1.11139 0 0
0 0 72 0.488841 0.0699638 0.979625 0.0893607 0 0
0 0 73 -0.0569231 0.134763 0.0139548 1.31821 0 0
0 0 74 0.15974 -0.48582 -0.426095 -0.215753 0 0
0 0 75 0.628301 0.0509225 -0.0805268 0.474909 0 0
0 0 76 0.242941 -0.504022 0.00116546 -0.575992 0 0
0 0 77 0.812721 0.669746 0.694504 0.0758991 0 0
0 0 78 0.71056 -0.205008 0.577634 0.0873777 0 0
0 0 79 -0.772011 0.538347 -0.13621 0.109863 0 0
0 0 80 0.348388 -1.48201 0.211295 0.678201 0 0
0 0 81 -0.704716 -0.373983 -0.0272334 -0.117858 0 0
0 0 82 -0.478755 -0.530099 1.00679 -0.517682 0 0
0 0 83 0.196162 -0.174925 -0.250311 0.0269815 0 0
0 0 84 0.0260723 0.0118294 -0.544834 0.501366 0 0
0 0 85 -0.186659 0.564247 -0.332128 0.0488076 0 0
0 0 86 -0.125566 0.687264 -0.289228 -0.137025 0 0
0 0 87 0.0134818 -0.942433 0.0464925 -0.0131027 0 0
0 0 88 0.217352 0.0301133 1.12233 0.612833 0 0
0 0 89 -0.224854 1.05286 0.998786 -0.260281 0 0
0 0 90 0.262852 -0.208219 0.581404 -0.0900017 0 0
0 0 91 -0.449446 0.637414 0.234413 -0.123473 0 0
0 0 92 -0.161505 -0.645463 0.259209 0.425998 0 0
0 0 93 -0.631729 0.566971 0.0244331 0.801018 0 0
0 0 94 -0.0359967 -0.587168 -0.30891 -0.291929 0 0
0 0 95 -0.00451795 -0.147847 -0.00383316 -0.293459 0 0
0 0 96 0.679454 0.438695 -0.815452 -0.899605 0 0
0 0 97 0.240927 0.646293 -0.191728 -0.0314656 0 0
0 0 98 0.148127 -0.229792 0.0465425 0.0399403 0 0
0 0 99 0.364367 0.335205 0.503455 1.0015 0 0
0 0 100 0.450109 -1.0764 -0.198197 0.501961 0 0
0 0 101 0.493778 0.14026 0.36031 0.430382 0 0
0 0 102 -0.44636 0.812038 -0.253588 -0.00704861 0 0
0 0 103 0.509315 0.398642 -0.672259 0.545153 0 0
0 0 104 0.588982 0.200365 0.579367 0.417553 0 0
0 0 105 0.371268 -0.00129291 -0.480048 0.370406 0 0
0 0 106 0.875147 -1.03569 0.130459 -0.147102 0 0
0 0 107 1.27513 -0.111855 0.182686 -0.620812 0 0
0 0 108 -1.18758 0.162613 0.270894 0.214743 0 0
0 0 109 -0.0778424 0.120587 -0.0430433 -0.702207 0 0
0 0 110 0.247508 -0.424631 0.418001 -0.37165 0 0
0 0 111 1.07011 -0.454237 -0.452343 0.574519 0 0
0 0 112 0.00924544 -0.336836 -0.708047 0.365976 0 0
0 0 113 -0.019452 0.334272 0.0826612 -0.499162 0 0
0 0 114 0.632306 -0.0144082 0.1809 0.248839 0 0
0 0 115 0.760612 0.205164 -0.0623088 -0.40451 0 0
0 0 116 -0.255651 -0.220706 0.85059 0.217415 0 0
0 0 117 0.447011 0.222726 -0.742253 -0.640392 0 0
0 0 118 0.392457 -0.349456 0.272659 -0.0770299 0 0
0 0 119 0.391176 -0.386633 -0.0822878 0.329796 0 0
0 0 120 -0.041297 -0.302878 -0.395899 -0.730968 0 0
0 0 121 0.339504 -0.263188 0.886109 0.158405 0 0
0 0 122 -0.887521 -0.0473506 -0.545299 -0.498605 0 0
0 0 123 -0.480012 -0.0587546 0.183743 -0.770798 0 0
0 0 124 -0.0763043 0.03757 0.0440869 0.86435 0 0
0 0 125 0.602973 1.02144 0.25862 -0.383593 0 0
0 0 126 1.23866 0.0101628 0.355954 -0.849682 0 0
0 0 127 1.20296 -0.279243 0.30278 -0.257799 0 0
0 0 128 0.246 -0.802197 -1.01989 -0.513591 0 0
0 0 129 -0.637347 -1.22413 -0.78403 0.416548 0 0
0 0 130 0.375407 -0.0952568 0.586752 0.523966 0 0
0 0 131 -0.483828 -0.887363 0.091958 -0.362081 0 0
0 0 132 -0.719028 0.194641 -0.349383 0.221175 0 0
0 0 133 -0.132947 0.636853 -0.320985 0.149404 0 0
0 0 134 0.141996 -0.198621 -0.509726 -0.651817 0 0
0 0 135 1.09675 -0.115381 -0.254451 0.152226 0 0
0 0 136 -0.569234 0.0364757 -0.287932 0.293725 0 0
0 0 137 0.865173 0.431724 -0.927272 -0.103079 0 0
0 0 138 -0.241326 0.509498 -0.438536 -0.66505 0 0
0 0 139 -0.344528 -0.408029 -0.491271 -0.194144 0 0
0 0 140 0.659716 -0.370064 0.195577 0.591528 0 0
0 0 141 -1.38414 0.298963 0.0964273 0.558011 0 0
0 0 142 0.551209 -1.97139 -0.357668 0.334334 -84.8584 7.8076
0 0 143 -0.318766 0.498319 -0.233421 0.304347 0 0
0 0 144 1.05292 0.641088 0.468941 -0.369296 0 0
0 0 145 0.113047 -0.113328 0.89063 -0.140593 0 0
0 0 146 0.366489 0.765668 0.675169 0.325129 0 0
0 0 147 0.0840369 -1.2467 0.706028 0.28516 0 0
0 0 148 0.44975 -0.285423 -0.682729 0.481449 0 0
0 0 149 1.1814 -0.33219 -0.461993 0.0773854 0 0
0 0 150 -0.287303 0.604912 -0.292344 -0.52296 0 0
0 0 151 -0.00320932 0.878216 0.311232 0.179136 0 0
0 0 152 -0.755616 -0.552123 0.0354568 0.423972 0 0
0 0 153 -1.23718 0.0254698 0.773567 0.871053 0 0
0 0 154 0.212405 0.76861 -0.470544 0.0739893 0 0
0 0 155 0.00708183 -0.105386 -0.579488 0.459783 0 0
0 0 156 -0.15545 -0.323201 0.276903 0.607122 0 0
0 0 157 -0.604605 -0.584774 0.355519 -0.911172 0 0
0 0 158 -0.108922 -0.139922 -0.866586 -0.436097 0 0
0 0 159 0.209481 0.0833355 -0.179068 0.491374 0 0
0 0 160 -1.29299 0.748427 -0.844137 0.597751 0 0
0 0 161 -0.548789 0.626739 -0.733289 -0.604548 0 0
0 0 162 0.355344 0.296993 0.519295 -0.0359234 0 0
0 0 163 0.480629 -0.115595 0.374911 -0.902652 0 0
0 0 164 0.844996 0.111646 0.469744 -0.156329 0 0
0 0 165 1.26596 0.31396 0.815524 -0.195947 0 0
0 0 166 0.678271 -0.185174 -0.166738 0.350652 0 0
0 0 167 0.449015 0.199964 -1.04268 0.632999 0 0
0 0 168 -0.341312 0.26891 -0.12824 -0.175899 0 0
0 0 169 -0.456892 0.210412 0.293229 -0.119454 0 0
0 0 170 0.465916 0.123373 -0.250903 0.214873 0 0
0 0 171 -1.07325 0.0974354 1.22257 -0.250836 0 0
0 0 172 -0.471279 -0.16927 0.0494007 -0.407752 0 0
0 0 173 0.883566 -0.747412 -0.402265 -0.726648 0 0
0 0 174 -0.735838 -0.50867 -0.419096 -0.0462558 0 0
0 0 175 0.175525 -0.175036 0.401084 -0.0627463 0 0
0 0 176 0.252655 0.370947 0.579117 -0.369003 0 0
0 0 177 1.3754 0.856638 -0.397518 -0.0609205 0 0
0 0 178 0.178995 -0.419009 0.392248 -0.51865 0 0
0 0 179 0.504806 0.395036 0.277095 0.252162 0 0
0 0 180 -0.504578 0.261964 -1.2701 0.36505 0 0
0 0 181 0.560172 -0.93673 0.205417 0.26841 0 0
0 0 182 1.28535 -0.0624526 0.0440018 -0.861385 0 0
0 0 183 0.859913 -0.296194 -0.278659 0.251886 0 0
0 0 184 0.354919 -0.0172277 -0.165306 0.550149 0 0
0 0 185 0.0766346 -0.859528 0.132904 0.428979 0 0
0 0 186 0.081587 -0.169315 -0.199208 0.640734 0 0
0 0 187 -0.325774 0.812106 -0.472727 0.491919 0 0
0 0 188 0.0785734 -0.749907 -0.676187 -0.0551919 0 0
0 0 189 -0.0519733 -0.659444 -0.164332 0.425805 0 0
0 0 190 0.71947 -0.862294 0.45309 -0.437926 0 0
0 0 191 0.752105 -0.213194 -0.617874 -0.502553 0 0
0 0 192 -0.0289595 0.860904 -0.544781 0.572517 0 0
0 0 193 -0.951805 -0.196559 -0.924628 0.593745 0 0
0 0 194 0.105964 1.21179 -0.436033 0.0133985 0 0
0 0 195 -0.576473 -0.935517 0.731587 -0.236962 0 0
0 0 196 0.469216 -0.241085 -0.578144 -0.347714 0 0
0 0 197 0.0831392 -0.349896 0.358346 -0.067817 0 0
0 0 198 -0.314347 0.599424 -1.10375 -0.413144 0 0
0 0 199 0.0958767 0.260631 -0.619934 -1.00396 0 0
0 0 200 0.735077 1.09796 0.246822 0.451786 0 0
0 0 201 0.0851178 0.282409 -0.747853 0.52224 0 0
0 0 202 -0.130029 -0.847851 0.286838 0.0856835 0 0
0 0 203 0.0954552 -0.774498 0.147615 0.132908 0 0
0 0 204 -0.844331 -0.318705 0.157786 0.251304 0 0
0 0 205 0.682831 0.622646 0.750259 -0.852202 0 0
0 0 206 0.496899 0.228464 -0.341261 0.114363 0 0
0 0 207 -0.248016 -0.897642 -0.932206 -0.0678703 0 0
0 0 208 -0.620754 1.41511 -0.0784945 -0.35773 0 0
0 0 209 -0.431886 0.127888 -0.398342 -0.472947 0 0
0 0 210 -0.951963 0.0217136 0.185117 -0.503347 0 0
0 0 211 0.342037 0.285105 0.484049 0.123332 0 0
0 0 212 0.613989 -0.325645 0.507555 -0.0185957 0 0
0 0 213 0.211865 0.515778 -0.53364 0.549412 0 0
0 0 214 -0.398813 -0.290948 -1.20441 -0.491811 0 0
0 0 215 -0.359906 -0.463213 -0.822232 0.34269 0 0
0 0 216 1.27261 -0.523281 -1.30863 -0.094498 0 0
0 0 217 0.24889 -0.509344 0.00751374 0.950248 0 0
0 0 218 -1.11101 0.23172 -0.256214 0.579261 0 0
0 0 219 0.0989344 -0.327885 0.940624 -0.377904 0 0
0 0 220 0.851828 0.16289 -0.616384 -0.630867 0 0
0 0 221 -1.25738 -0.345775 0.117101 0.924791 0 0
0 0 222 0.581571 -0.219838 0.610611 -0.197741 0 0
0 0 223 1.10537 -0.568333 1.01136 -0.674341 0 0
0 0 224 -0.45262 -0.34837 -0.240607 0.508228 0 0
0 0 225 1.01081 0.245252 -0.0726895 -0.54693 0 0
0 0 226 -0.153098 -0.530163 -0.468605 0.287032 0 0
0 0 227 0.287109 -1.13447 -0.728865 0.37986 0 0
0 0 228 0.480282 -1.06718 -0.26074 0.157802 0 0
0 0 229 -0.643092 -0.0225338 -0.234545 0.262705 0 0
0 0 230 -0.270324 0.114764 0.285268 -0.479799 0 0
0 0 231 1.13598 1.04739 -0.370947 -0.50118 0 0
0 0 232 -0.245656 -1.24389 -0.0290895 0.57815 0 0
0 0 233 0.196902 0.257543 0.739369 -0.274194 0 0
0 0 234 -0.0793624 -0.649876 -1.03698 -0.182979 0 0
0 0 235 0.687035 0.704138 0.865182 0.0825974 0 0
0 0 236 0.633352 -0.595114 0.282827 0.371904 0 0
0 0 237 -0.25425 0.561402 -0.0423059 -0.0317907 0 0
0 0 238 0.283572 -0.33393 -0.119955 0.732296 0 0
0 0 239 0.660298 1.29386 -0.756707 0.0902304 0 0
0 0 240 0.223636 -0.51054 1.05359 -0.406851 0 0
0 0 241 0.400956 0.0763976 0.30495 0.223152 0 0
0 0 242 -0.138905 -0.354994 0.232003 0.58718 0 0
0 0 243 -0.658819 -0.585111 -0.0300606 0.452404 0 0
0 0 244 -0.186435 0.325868 -0.230194 -0.0167178 0 0
0 0 245 -0.310192 0.256563 0.0959355 0.394663 0 0
0 0 246 -0.67824 -0.0626298 -0.349842 0.44913 0 0
0 0 247 0.646957 -0.144833 0.501534 -0.689566 0 0
0 0 248 0.48375 0.0642142 -0.5738 0.0385277 0 0
0 0 249 -0.342821 -0.773154 -0.0580422 0.648334 0 0
0 0 250 0.141714 -0.0579743 -0.64587 -0.51301 0 0
0 0 251 0.349643 0.472442 -0.659696 -0.700262 0 0
0 0 252 -1.1147 -1.04255 -0.0194435 -0.86735 0 0
0 0 253 -0.131902 -0.333696 -0.153041 -0.491047 0 0
0 0 254 -1.01681 -1.40185 0.835552 0.0803191 0 0
0 0 255 0.53454 0.293624 -0.802481 0.139332 0 0
0 0 256 0.594762 -0.0332559 0.191256 -0.61308 0 0
0 0 257 -0.34153 0.22401 -0.0830388 0.192361 0 0
0 0 258 -0.0694822 0.697469 0.0491723 -0.29723 0 0
0 0 259 0.561306 -0.15272 -0.942181 -0.732333 0 0
0 0 260 0.455559 0.208817 0.430002 -0.0754822 0 0
0 0 261 0.262477 0.358442 -0.0389695 -0.775258 0 0
0 0 262 0.388039 0.931254 -0.493245 0.535599 0 0
0 0 263 0.374129 0.0106277 -0.0673418 0.140296 0 0
0 0 264 0.234771 -0.709905 0.293163 -0.905531 0 0
0 0 265 0.805887 -0.161683 -0.904442 0.050187 0 0
0 0 266 -0.682541 0.0664314 -1.13037 0.124454 0 0
0 0 267 0.722303 0.0120691 -0.406239 -0.0367913 0 0
0 0 268 -0.170376 -0.00396712 -0.307762 0.0721095 0 0
0 0 269 -0.469751 -0.43965 0.0857161 -0.801634 0 0
0 0 270 0.450736 -0.680784 -0.621464 -0.451769 0 0
0 0 271 0.429117 -0.610409 0.39654 1.0389 0 0
0 0 272 0.174188 -0.602566 0.0948982 -0.444166 0 0
0 0 273 0.0215014 -0.13431 0.346764 0.624388 0 0
0 0 274 0.0973005 -0.162184 -0.779103 0.799085 0 0
0 0 275 0.174078 -1.43343 0.219751 -0.888636 0 0
0 0 276 0.0580859 0.509485 -0.173938 0.322694 0 0
0 0 277 0.544049 -0.122714 -1.0787 -0.781071 0 0
0 0 278 -0.0766493 -0.108654 0.431394 -0.0404248 0 0
0 0 279 0.779554 0.0374128 0.0768263 0.546274 0 0
0 0 280 -0.179916 0.186505 -0.0815002 -0.518176 0 0
0 0 281 -0.0712654 -0.466024 0.0759035 -0.586449 0 0
0 0 282 -0.136481 -0.373693 -0.41254 -0.302824 0 0
0 0 283 0.454959 -0.270704 -0.361132 -0.0473622 0 0
0 0 284 -0.341603 0.700185 -0.199553 0.00432606 0 0
0 0 285 -0.159722 -0.496558 0.20468 0.68242 0 0
0 0 286 -0.509826 -0.937737 -0.415855 0.134506 0 0
0 0 287 -0.532138 -0.327889 0.394818 0.340164 0 0
0 0 288 -0.670418 -1.03787 -0.421556 0.4138 0 0
0 0 289 0.206361 0.318171 0.352331 -0.0520754 0 0
0 0 290 1.00882 0.361948 -0.987237 -0.329597 0 0
0 0 291 -0.431537 -0.432554 -1.36323 -0.098095 0 0
0 0 292 0.622559 -0.800905 -0.568271 -0.194632 0 0
0 0 293 -0.0513386 0.771218 -1.11616 0.561405 0 0
0 0 294 -0.715631 -0.0325707 -0.0642615 -0.649108 0 0
0 0 295 0.209198 -0.356196 0.243846 0.502573 0 0
0 0 296 0.935532 0.895761 0.503512 -0.61521 0 0
0 0 297 -0.605963 0.60735 -0.111646 0.876755 0 0
0 0 298 0.864174 -0.754817 -0.647867 -0.0281921 0 0
0 0 299 0.0756733 -0.628562 -0.915149 -1.18492 0 0
0 0 300 0.153123 -0.723359 0.54707 0.643086 0 0
0 0 301 -0.84359 1.26545 0.406867 0.119558 0 0
0 0 302 -0.100002 -0.34038 -0.0728341 0.34363 0 0
0 0 303 -0.651277 0.055368 0.506361 0.964167 0 0
0 0 304 0.0855235 0.479931 0.37314 -0.175422 0 0
0 0 305 0.0358961 0.0359279 -0.525907 0.178863 0 0
0 0 306 -0.219751 0.711106 -1.54462 0.127578 0 0
0 0 307 -0.543228 -0.288797 0.114755 0.40307 0 0
0 0 308 0.804226 0.0299551 0.200871 -0.651825 0 0
0 0 309 -0.171481 0.44914 -0.161958 1.05706 0 0
0 0 310 0.544511 -0.351795 0.181112 0.742368 0 0
0 0 311 1.4656 -0.107098 -0.0354898 0.513068 0 0
0 0 312 0.193513 0.078464 -0.38492 -0.208735 0 0
0 0 313 0.327776 -0.175482 -0.0387168 0.213566 0 0
0 0 314 0.631546 -0.277695 0.215269 0.617774 0 0
0 0 315 1.05505 -0.36271 0.408678 0.593298 0 0
0 0 316 0.110781 0.527915 0.10819 0.495288 0 0
0 0 317 -0.136745 0.436973 -0.511866 0.0284101 0 0
0 0 318 1.01388 -0.162135 0.537646 0.383588 0 0
0 0 319 -1.07299 0.174718 0.0259292 -0.442639 0 0
0 0 320 -0.6777 0.480916 -0.337297 0.265993 0 0
0 0 321 -0.78875 0.338107 -0.485009 0.944638 0 0
0 0 322 1.05072 0.26167 0.111105 -0.472941 0 0
0 0 323 -0.45781 0.900814 0.533137 -0.230149 0 0
0 0 324 0.275621 0.296704 -0.40301 -0.240579 0 0
0 0 325 0.385806 0.442652 0.33273 0.154591 0 0
0 0 326 0.291703 -0.205871 0.709894 -0.579243 0 0
0 0 327 1.12565 -0.734256 -0.560049 -0.351482 0 0
0 0 328 1.14729 0.119517 0.290514 -0.210545 0 0
0 0 329 -0.271124 0.665224 0.147405 0.281937 0 0
0 0 330 0.095939 0.582743 -0.246911 -0.19185 0 0
0 0 331 0.877344 -0.66869 0.276349 0.72933 0 0
0 0 332 -0.208429 -0.383739 0.561507 -1.84856 0 0
0 0 333 1.1718 -0.315198 -0.682544 0.342467 0 0
0 0 334 0.453856 0.759003 0.0798852 -0.906398 0 0
0 0 335 0.399987 -0.0118833 -0.546158 0.688848 0 0
0 0 336 0.695842 0.0853851 0.509435 -0.116161 0 0
0 0 337 -0.219789 0.392399 -0.0449554 0.0990259 0 0
0 0 338 0.308276 0.644388 0.224677 -0.878778 0 0
0 0 339 -1.01778 -0.737751 -0.0639081 -0.597652 0 0
0 0 340 0.218184 -0.335188 -0.325678 -0.778057 0 0
0 0 341 -0.566143 1.29675 0.0660989 0.206153 0 0
0 0 342 -0.488918 -0.0435311 -0.213743 -0.10729 0 0
0 0 343 0.267846 -0.208096 0.372121 0.45122 0 0
0 0 344 -0.117447 -0.155802 -0.355126 0.614047 0 0
0 0 345 0.523237 0.554406 0.568539 -0.146724 0 0
0 0 346 -0.114492 0.307083 1.30009 -0.307153 0 0
0 0 347 -0.152699 -0.769709 -0.337789 -0.474907 0 0
0 0 348 0.439717 -0.755617 -0.328149 -0.00588651 0 0
0 0 349 0.741465 0.621419 -1.22292 0.016888 0 0
0 0 350 0.160518 0.470752 -0.0845857 0.592189 0 0
0 0 351 0.835716 -0.400339 -0.145095 0.015301 0 0
0 0 352 1.02839 0.125282 -0.364099 -0.296479 0 0
0 0 353 1.09874 0.3171 0.522419 0.124456 0 0
0 0 354 0.113142 0.101527 -0.398485 0.616134 0 0
0 0 355 -0.524305 -0.803806 0.693365 -0.112314 0 0
0 0 356 0.0847674 -0.268488 -0.56222 -0.164197 0 0
0 0 357 -0.221403 -0.685619 1.04412 -0.0607174 0 0
0 0 358 0.634447 -0.607787 0.0369747 0.018767 0 0
0 0 359 0.235478 -0.648519 0.0570827 0.657394 0 0
0 0 360 -0.0654332 -0.450939 -0.493181 -0.379666 0 0
0 0 361 -0.010932 -0.474944 -0.000754663 0.369083 0 0
0 0 362 0.143228 -0.428992 -0.326331 -0.267256 0 0
0 0 363 0.225489 0.353147 0.229596 0.187018 0 0
0 0 364 -0.452185 -0.318713 -1.05274 -0.206365 0 0
0 0 365 0.399848 0.084841 -0.321467 -0.507716 0 0
0 0 366 0.333681 -0.0159952 0.742214 0.12884 0 0
0 0 367 0.190466 1.00963 0.17522 0.583053 0 0
0 0 368 -0.312946 0.382853 0.418228 -0.415262 0 0
0 0 369 -0.428694 0.341257 -0.0546671 -0.884993 0 0
0 0 370 -0.380804 -0.463215 0.324871 -0.460572 0 0
0 0 371 -0.381271 -0.444176 -1.11076 0.20114 0 0
0 0 372 -0.432374 -0.00893575 -0.607759 0.267953 0 0
0 0 373 0.0116865 0.291821 -0.75188 0.13568 0 0
0 0 374 0.139797 0.510635 0.26345 0.55479 0 0
0 0 375 -0.107566 -0.27511 -0.915072 0.524537 0 0
0 0 376 0.916004 -0.349326 0.105898 0.343553 0 0
0 0 377 0.564929 1.07274 -0.0829961 1.30864 0 0
0 0 378 -0.0247284 -0.036916 0.208985 -0.560798 0 0
0 0 379 -0.368493 -0.747372 0.330705 0.17913 0 0
0 0 380 0.949312 0.74873 -0.769649 -0.151402 0 0
0 0 381 -0.432519 0.867434 1.04843 0.0738797 0 0
0 0 382 0.296272 -0.124404 -0.920242 -0.14938 0 0
0 0 383 0.464343 -0.524134 -0.523331 -0.473925 0 0
0 0 384 -0.517153 -0.0126406 -0.106415 -0.0857087 0 0
0 0 385 0.115193 0.0507874 0.281634 -0.202315 0 0
0 0 386 -0.903504 0.301257 0.332268 -0.717379 0 0
0 0 387 -0.046717 -0.576967 0.616225 -0.481184 0 0
0 0 388 0.460533 0.494513 -1.31802 -0.027076 0 0
0 0 389 -0.302739 0.393542 -0.523643 0.312309 0 0
0 0 390 -0.392514 -0.504657 0.56384 -0.277988 0 0
0 0 391 -0.160349 -0.46122 0.130183 0.322657 0 0
0 0 392 -0.483426 0.0767985 0.460159 0.185812 0 0
0 0 393 -0.933189 0.368079 -0.282273 -0.320257 0 0
0 0 394 0.889131 0.780165 0.52839 0.915201 0 0
0 0 395 0.10523 1.00112 -0.931309 0.503675 0 0
0 0 396 -0.331529 0.454451 0.573571 -0.808421 0 0
0 0 397 0.631034 0.430505 -0.684654 0.0609776 0 0
0 0 398 0.0964353 -0.561057 -0.457272 0.147718 0 0
0 0 399 -0.260934 -0.68787 0.504578 -0.519009 0 0
0 0 400 0.940013 -0.312373 -0.374642 0.34931 0 0
0 0 401 0.00692396 -0.299086 0.282094 0.518816 0 0
0 0 402 0.0729021 -0.0974297 -0.104106 -0.838874 0 0
0 0 403 0.633626 0.239688 0.715613 -0.181486 0 0
0 0 404 0.138613 1.04312 -0.78254 -0.722933 0 0
0 0 405 -0.538682 -0.169824 -0.00493949 0.190317 0 0
0 0 406 -1.1376 -0.617834 0.354935 1.58009 0 0
0 0 407 -0.386718 -0.258056 -0.565177 0.533997 0 0
0 0 408 0.28658 -0.429377 0.571279 0.234526 0 0
0 0 409 0.561991 -0.182306 0.390821 0.348444 0 0
0 0 410 0.560049 0.998663 -0.296459 -0.258979 0 0
0 0 411 -0.596697 0.75484 0.707287 0.117031 0 0
0 0 412 0.376535 -0.548581 0.98051 0.432224 0 0
0 0 413 0.501248 -0.93802 -0.0121911 0.0535071 0 0
0 0 414 -0.176895 -0.56642 0.317473 -0.105076 0 0
0 0 415 0.29212 -0.157449 -0.730332 0.185298 0 0
0 0 416 0.273866 -0.388211 0.32583 -0.176704 0 0
0 0 417 -0.281378 0.49988 -0.19292 1.23157 0 0
0 0 418 0.0992608 0.402893 0.293396 -0.0452829 0 0
0 0 419 0.638605 0.245515 0.810832 -0.146559 0 0
0 0 420 -0.155883 0.0211773 0.593185 0.313505 0 0
0 0 421 0.932817 0.602618 -0.446011 0.414858 0 0
0 0 422 -1.09377 -0.292994 0.162844 -0.498423 0 0
0 0 423 0.00897799 -0.15324 -0.363807 0.012003 0 0
0 0 424 0.401711 -0.436675 0.109346 -0.273602 0 0
0 0 425 -0.516658 -0.73993 0.950628 0.40939 0 0
0 0 426 0.121119 -0.530047 -0.218293 -0.35101 0 0
0 0 427 -0.58795 0.807904 0.00235197 -0.828491 0 0
0 0 428 -0.139221 0.0782859 0.0871345 -1.02223 0 0
0 0 429 0.178717 0.0800724 -0.0434332 0.955126 0 0
0 0 430 -0.212419 -0.399253 -1.62409 0.580392 0 0
0 0 431 0.958621 -0.114222 -0.0727578 -0.433135 0 0
0 0 432 0.96556 -0.00452477 0.266359 -0.364929 0 0
0 0 433 -0.135253 -0.44333 0.30214 0.310402 0 0
0 0 434 -0.325229 0.104947 -0.329889 -0.142368 0 0
0 0 435 0.215869 0.389056 0.10456 -0.444295 0 0
0 0 436 0.614363 -0.519121 -0.609135 0.416952 0 0
0 0 437 -0.239395 0.333181 -0.316272 0.492144 0 0
0 0 438 0.287363 -0.349376 0.612123 -0.684049 0 0
0 0 439 0.35676 0.364925 0.667071 0.542352 0 0
0 0 440 -1.16951 0.309005 0.287956 -0.132492 0 0
0 0 441 -1.60183 0.299086 -0.160383 -0.162462 0 0
0 0 442 -0.509217 -0.269252 -0.820055 0.438194 0 0
0 0 443 0.266167 -0.280448 -0.340466 0.431892 0 0
0 0 444 -0.846324 0.451694 0.79952 -0.267502 0 0
0 0 445 -0.504979 0.199735 -0.259213 0.310717 0 0
0 0 446 0.00148767 0.304597 0.741063 -1.10447 0 0
0 0 447 0.695758 -0.118975 -0.357311 0.146654 0 0
0 0 448 -0.625946 0.465538 0.31466 -0.850428 0 0
0 0 449 1.14627 -0.352402 -0.328132 0.169997 0 0
0 0 450 -0.877522 -0.267954 -0.467389 -0.345681 0 0
0 0 451 0.623908 0.261147 0.62718 -0.137893 0 0
0 0 452 -0.134626 0.492526 0.733063 -0.558726 0 0
0 0 453 0.888589 0.0702893 -0.662311 0.0690949 0 0
0 0 454 0.105625 0.601577 -0.0670244 -0.229392 0 0
0 0 455 -1.1175 0.373636 0.126491 0.306784 0 0
0 0 456 -0.142796 0.677894 0.240726 -1.03208 0 0
0 0 457 0.672458 -0.149813 0.0625326 0.679578 0 0
0 0 458 -0.585232 0.969081 0.4889 0.881488 0 0
0 0 459 0.0706917 0.249287 -0.158497 0.106331 0 0
0 0 460 0.0562685 0.153412 0.362304 0.715679 0 0
0 0 461 0.147269 -0.604037 -0.122397 0.645102 0 0
0 0 462 -0.284794 -0.029716 0.0532645 0.175274 0 0
0 0 463 0.328371 0.251338 0.207922 -0.257787 0 0
0 0 464 -0.272792 -0.359905 0.741377 0.381371 0 0
0 0 465 -0.0770809 -0.210244 0.20945 -0.730221 0 0
0 0 466 -0.492925 0.915645 0.0175731 -0.346771 0 0
0 0 467 0.202359 -0.199269 0.566836 -0.25294 0 0
0 0 468 0.536722 -0.443253 0.367563 0.887619 0 0
0 0 469 -0.447915 -0.204366 -0.673899 0.453238 0 0
0 0 470 0.655562 0.185845 -0.12408 -0.221561 0 0
0 0 471 0.0774864 -0.233341 -0.216489 -1.05492 0 0
0 0 472 0.21826 0.196889 -0.802 0.310998 0 0
0 0 473 0.0376643 0.209392 0.231363 -0.5586 0 0
0 0 474 -0.879906 -0.333675 -1.36307 -0.454621 0 0
0 0 475 -0.505817 -0.273001 -0.791879 -0.364244 0 0
0 0 476 0.721098 0.398732 -0.212492 -0.331693 0 0
0 0 477 0.260648 -0.228282 -0.83407 0.152469 0 0
0 0 478 -0.161891 0.152748 -0.552761 -0.500474 0 0
0 0 479 -0.753775 0.103076 -1.15543 -0.535415 0 0
0 0 480 -0.384038 -0.13406 -0.379909 -0.308478 0 0
0 0 481 0.405914 -0.352971 0.632636 -0.170611 0 0
0 0 482 0.809789 -0.491112 0.297885 0.0828065 0 0
0 0 483 0.178447 -0.219405 0.227812 0.523201 0 0
0 0 484 0.0342219 -0.583448 0.0677094 0.0662854 0 0
0 0 485 -0.0627286 -0.894471 0.920961 0.16964 0 0
0 0 486 0.827587 -0.114613 -0.164677 0.0789449 0 0
0 0 487 0.322808 -0.28888 0.18017 -0.543316 0 0
0 0 488 0.839192 -0.540013 -0.13453 0.247705 0 0
0 0 489 -0.311542 0.281183 0.906187 -0.338266 0 0
0 0 490 0.349712 -0.0976785 -0.435726 -0.788804 0 0
0 0 491 0.104671 0.514114 0.262229 -0.255298 0 0
0 0 492 -1.31478 -0.095524 1.14836 0.135895 0 0
0 0 493 0.418467 1.09619 0.455593 0.881162 0 0
0 0 494 0.551502 0.626296 0.504176 -1.04782 0 0
0 0 495 0.088613 0.415001 -0.0259564 0.218083 0 0
0 0 496 -0.888736 -0.0731339 0.251188 0.40946 0 0
0 0 497 -0.42017 0.921443 0.184043 0.426938 0 0
0 0 498 0.131091 0.0134829 0.0894537 0.525715 0 0
0 0 499 0.307578 -0.685734 -0.322001 -0.657861 0 0
0 0 500 0.24386 -0.254704 0.719649 0.375772 0 0
0 0 501 0.41317 0.133016 -0.068187 0.0894069 0 0
0 0 502 -0.438465 -0.0848622 -0.819892 0.0479874 0 0
0 0 503 -0.355957 0.540421 0.415794 0.343522 0 0
0 0 504 0.275917 -0.776642 -0.086722 0.63923 0 0
0 0 505 -0.0204795 -0.123097 0.114483 -1.05597 0 0
0 0 506 -1.25113 -0.118159 -0.646826 0.00468243 0 0
0 0 507 -0.0560514 -0.736363 -0.158012 0.755445 0 0
0 0 508 1.16932 0.436837 -0.270548 0.660819 0 0
0 0 509 -0.793376 0.105093 -0.566089 -0.329844 0 0
0 0 510 0.122338 0.394498 -0.202975 -0.250872 0 0
0 0 511 0.635558 0.740003 0.0820228 -0.332158 0 0
0 0 512 0.353306 -0.381897 -0.232769 -0.81955 0 0
0 0 513 -0.662287 -0.878789 0.131907 0.269591 0 0
0 0 514 -0.0454597 0.062436 0.120033 -0.00411212 0 0
0 0 515 0.873454 0.216298 0.343425 0.462534 0 0
0 0 516 0.406419 -0.221264 -0.177627 0.0712421 0 0
0 0 517 0.591473 1.38281 0.422895 0.114988 0 0
0 0 518 0.842072 -0.551033 -0.362445 -0.0986742 0 0
0 0 519 0.189183 -0.199905 -0.686947 -0.767025 0 0
0 0 520 0.0389536 0.36455 0.082977 -0.413771 0 0
0 0 521 0.629807 -0.238285 -0.827697 0.157233 0 0
0 0 522 0.0503142 0.52982 -0.187671 -1.03113 0 0
0 0 523 0.486196 0.124617 0.133678 0.323155 0 0
0 0 524 0.237761 0.361466 0.328882 0.0195029 0 0
0 0 525 0.0197486 -0.553009 0.609554 -0.468576 0 0
0 0 526 0.18727 0.296242 0.00373307 0.316003 0 0
0 0 527 -0.9308 0.710753 0.767264 -0.41196 0 0
0 0 528 0.0850158 0.201673 1.19965 0.11715 0 0
0 0 529 0.569684 0.170461 0.530264 0.532269 0 0
0 0 530 0.876782 -0.713028 -0.111203 -0.585021 0 0
0 0 531 -0.690127 0.262942 0.0663285 -0.434016 0 0
0 0 532 -0.368379 0.0407973 0.188311 -1.02333 0 0
0 0 533 -0.215996 -7.77766e-05 -0.181775 -0.28234 0 0
0 0 534 0.755758 -0.533567 -0.354502 0.497668 0 0
0 0 535 0.0356321 -0.0998821 0.257119 -0.557423 0 0
0 0 536 -0.0945641 0.107069 -0.495987 0.691554 0 0
0 0 537 -0.817322 -0.0162632 1.07542 -0.396041 0 0
0 0 538 0.302298 0.732841 0.0823266 -0.877074 0 0
0 0 539 0.178125 0.316871 -0.149504 0.563801 0 0
0 0 540 0.395199 -0.290477 0.0830436 -0.271448 0 0
0 0 541 0.263956 -0.430901 0.0910262 -0.321619 0 0
0 0 542 -0.329516 0.695228 0.288976 0.564591 0 0
0 0 543 0.473607 0.71242 -0.802691 -0.255796 0 0
0 0 544 -0.564198 0.254786 -0.619306 -0.0812526 0 0
0 0 545 0.561713 0.0803327 0.587981 0.00046873 0 0
0 0 546 0.358853 0.14065 -0.350808 -0.590623 0 0
0 0 547 -0.21121 0.830335 -0.898403 -0.0909912 0 0
0 0 548 -0.393895 -0.613542 0.740915 -0.0253156 0 0
0 0 549 -0.973623 0.567975 0.437341 -0.323801 0 0
0 0 550 -0.00251848 0.57591 -1.08507 0.501266 0 0
0 0 551 0.685903 -0.235652 0.153891 -0.249814 0 0
0 0 552 -0.177321 0.00702868 0.396933 -0.390571 0 0
0 0 553 0.64738 -0.307611 0.385969 0.217928 0 0
0 0 554 0.13246 0.741739 -0.772646 0.353561 0 0
0 0 555 0.52468 0.157143 -0.056075 0.207767 0 0
0 0 556 0.462871 0.183695 -0.0994269 0.421981 0 0
0 0 557 -0.532434 1.02012 0.533324 -0.324674 0 0
0 0 558 -0.584474 -0.870896 -0.750946 -0.0638743 0 0
0 0 559 0.0167942 -0.137201 0.771224 -0.910419 0 0
0 0 560 -0.294575 -0.865948 -0.0954584 -0.0330634 0 0
0 0 561 -0.143259 -0.525513 0.751158 0.605752 0 0
0 0 562 -0.227626 0.338516 0.0852159 0.00128325 0 0
0 0 563 0.494923 1.1341 0.660453 0.296867 0 0
0 0 564 -0.273763 -0.0635548 0.365103 -0.414395 0 0
0 0 565 0.0772113 -0.250619 -0.0895961 -0.338203 0 0
0 0 566 -0.481968 0.506176 -0.365113 0.476996 0 0
0 0 567 -0.0880819 0.505959 0.0833978 1.26854 0 0
0 0 568 0.575442 -0.320335 -1.39926 0.0609411 0 0
0 0 569 -0.425493 -0.0535487 -0.317891 0.0329324 0 0
0 0 570 0.456426 0.46722 -1.0635 0.523234 0 0
0 0 571 0.348632 -0.241242 0.725359 -0.52077 0 0
0 0 572 -0.0725966 -0.0907216 0.859158 0.0214096 0 0
0 0 573 0.371924 -0.0761707 -0.0232922 -0.185919 0 0
0 0 574 0.0515041 -0.45124 -0.857987 -0.305033 0 0
0 0 575 0.0509717 0.51538 -0.161076 0.293257 0 0
0 0 576 1.22394 0.384887 0.398783 -0.458589 0 0
0 0 577 -0.551676 0.593774 -0.632507 0.698944 0 0
0 0 578 0.114847 -0.318624 -0.742628 -0.21852 0 0
0 0 579 -0.0923887 -0.593557 -0.208217 -0.160745 0 0
0 0 580 0.298378 -0.319685 -0.184964 0.503419 0 0
0 0 581 0.503939 -0.888727 -0.316164 0.890431 0 0
0 0 582 -0.297135 0.612427 -0.0883684 -0.132112 0 0
0 0 583 -0.237868 0.60322 -0.196031 -0.296442 0 0
0 0 584 1.22077 -0.234778 0.346985 0.855974 0 0
0 0 585 0.155139 0.948993 -0.754053 0.717342 0 0
0 0 586 -0.641549 0.530635 0.348502 -0.0879704 0 0
0 0 587 -0.538757 0.519347 -0.410272 0.946411 0 0
0 0 588 0.461392 0.118757 0.670194 0.573308 0 0
0 0 589 -0.0686503 -0.152589 -0.691184 -0.55668 0 0
0 0 590 -0.366323 -0.476319 -0.160749 0.0507875 0 0
0 0 591 -0.0583805 0.132753 -0.280579 0.573132 0 0
0 0 592 -0.00641027 0.525283 0.353318 -0.0284436 0 0
0 0 593 -0.123746 0.275571 0.836267 0.143802 0 0
0 0 594 -0.281029 0.207354 1.13839 -0.843208 0 0
0 0 595 0.109514 0.101283 0.366332 -0.671209 0 0
0 0 596 -0.171772 0.519336 0.398084 0.371223 0 0
0 0 597 0.478237 -0.234456 -0.152745 0.772371 0 0
0 0 598 -0.0357047 0.0906207 -0.13104 0.067061 0 0
0 0 599 -0.40871 -0.272284 -0.985099 0.683715 0 0
0 0 600 0.884878 0.606575 0.801036 0.254586 0 0
0 0 601 0.226169 -0.0848255 -0.526709 0.304213 0 0
0 0 602 0.873513 0.348241 0.09113 -0.676317 0 0
0 0 603 0.587769 1.07627 -0.336268 -0.128668 0 0
0 0 604 0.32689 0.276462 0.203603 0.000365967 0 0
0 0 605 -0.393184 0.82866 -0.870245 0.75802 0 0
0 0 606 0.751511 0.167036 0.989251 0.344691 0 0
0 0 607 0.811207 0.147432 -0.0629894 -0.210401 0 0
0 0 608 0.802168 -0.403094 0.334325 -0.18033 0 0
0 0 609 0.145623 0.539385 -0.410396 0.486035 0 0
0 0 610 -0.583108 -0.512782 0.252091 0.461466 0 0
0 0 611 0.187738 0.37025 -0.375819 -0.284055 0 0
0 0 612 0.648572 -0.0655107 -0.0172549 0.11148 0 0
0 0 613 -0.950234 0.407912 -0.369639 0.433026 0 0
0 0 614 -0.454059 -0.330213 -0.26038 -0.0594871 0 0
0 0 615 -0.0845366 -1.26752 0.0487293 -0.0448828 0 0
0 0 616 0.875036 -1.2549 1.38099 0.0238873 66.1307 7.79821
0 0 617 1.4666 0.736 0.0456916 -0.526365 0 0
0 0 618 -0.0631109 0.46249 0.573809 -0.431282 0 0
0 0 619 0.528077 0.554406 0.11981 -0.192316 0 0
0 0 620 1.10345 0.662642 -0.335341 -0.191031 0 0
0 0 621 -0.192582 0.154466 0.819928 0.548694 0 0
0 0 622 -0.181526 -0.560938 0.208068 0.428164 0 0
0 0 623 0.0539813 -0.433556 -0.581611 0.00300442 0 0
0 0 624 -0.354725 -0.183451 -0.133409 0.157879 0 0
0 0 625 0.201392 0.118549 -0.955945 -0.602674 0 0
0 0 626 0.557107 -0.0507763 -1.02671 0.267562 0 0
0 0 627 0.314418 -0.655203 0.0980298 0.822151 0 0
0 0 628 -0.638595 -0.27758 -0.0459389 0.203378 0 0
0 0 629 0.516493 -0.0345575 0.0835008 0.52703 0 0
0 0 630 -0.053497 0.514689 -0.136132 -0.585245 0 0
0 0 631 -0.263704 0.853979 -0.405314 1.27934 0 0
0 0 632 -0.871967 0.267223 -0.198145 -0.288471 0 0
0 0 633 0.600442 0.770769 0.603126 -0.461622 0 0
0 0 634 -0.0597353 -0.49897 -0.189797 -0.339319 0 0
0 0 635 0.184637 1.10579 0.186142 0.170969 0 0
0 0 636 -0.0842777 0.066071 0.0576919 -0.2173 0 0
0 0 637 -0.00890818 0.546755 0.613461 0.066095 0 0
0 0 638 -0.55549 0.199616 0.97543 0.114702 0 0
0 0 639 -0.103848 -0.598629 0.838249 1.0647 0 0
0 0 640 -0.267905 0.322156 0.511469 0.539517 0 0
0 0 641 0.284967 -0.0426847 -0.396875 0.286534 0 0
0 0 642 0.132958 0.0830431 0.0688376 -0.550512 0 0
0 0 643 0.287284 0.0765772 0.227495 -0.509028 0 0
0 0 644 0.457753 -0.83161 -0.217389 -0.0987158 0 0
0 0 645 -0.0456569 0.0888332 0.250067 0.276557 0 0
0 0 646 0.792242 -0.298937 -0.00459789 0.151344 0 0
0 0 647 -0.926103 -0.55257 0.404422 0.018865 0 0
0 0 648 -0.0165835 0.526836 0.472125 0.540323 0 0
0 0 649 0.706829 -0.707379 0.661525 -0.811496 0 0
0 0 650 0.913017 -0.104722 0.870019 -0.207887 0 0
0 0 651 0.676402 0.407926 -0.207246 0.306303 0 0
0 0 652 -0.390712 0.198925 0.808397 -0.326821 0 0
0 0 653 0.345826 0.0474003 0.514175 0.959876 0 0
0 0 654 0.887092 0.520839 -0.633279 -0.133215 0 0
0 0 655 0.188736 -0.405472 0.553869 -0.537028 0 0
0 0 656 0.027557 0.964693 -0.080061 0.586749 0 0
0 0 657 -0.193924 0.881537 0.648592 -0.294965 0 0
0 0 658 0.146362 0.158866 0.738862 0.514272 0 0
0 0 659 0.629458 1.03527 -0.835478 0.994188 0 0
0 0 660 0.402751 1.15784 0.325644 0.913471 0 0
0 0 661 0.104263 -0.891262 -0.535448 0.339991 0 0
0 0 662 0.287472 -1.31089 -0.959517 -0.418478 0 0
0 0 663 0.352335 0.0756665 0.342977 -0.424964 0 0
0 0 664 -0.222969 1.74244 -0.513021 0.670528 -8.20291 8.55812
0 0 665 0.906169 -0.30969 0.32737 0.434059 0 0
0 0 666 0.250778 0.0222086 0.186418 0.0318526 0 0
0 0 667 0.498621 0.119721 -0.976932 0.491927 0 0
0 0 668 -0.208491 0.281799 -0.455687 0.382746 0 0
0 0 669 0.330373 0.0423272 0.172658 0.84372 0 0
0 0 670 0.444615 -0.298957 0.33175 0.641994 0 0
0 0 671 -0.199823 0.0666293 -0.496392 -0.423902 0 0
0 0 672 0.0560458 -0.0149482 -0.728738 -0.589773 0 0
0 0 673 0.450652 0.696767 1.19666 0.681704 0 0
0 0 674 1.095 -0.643408 0.222275 -0.175593 0 0
0 0 675 0.666248 0.541834 -0.644964 0.871099 0 0
0 0 676 0.611094 0.247791 0.213014 -1.28183 0 0
0 0 677 0.301133 -1.19998 -0.594947 -0.131289 0 0
0 0 678 0.743536 0.500213 -0.0327497 0.77635 0 0
0 0 679 0.836322 -0.28973 -0.177139 1.15878 0 0
0 0 680 -0.0875713 0.528286 -0.476232 -0.571516 0 0
0 0 681 -0.415044 -0.158322 0.0380421 -0.590459 0 0
0 0 682 1.44526 -0.389262 -0.52956 -0.407244 0 0
0 0 683 1.17904 -0.193119 -0.756433 -0.217971 0 0
0 0 684 0.292723 -0.00357087 -0.14122 -0.00946486 0 0
0 0 685 0.162417 -0.809104 0.600531 0.274667 0 0
0 0 686 -0.00130817 0.251463 -0.130645 0.334771 0 0
0 0 687 -0.0721371 0.070774 0.0559204 -0.614705 0 0
0 0 688 0.43605 -0.123657 0.30288 -0.261565 0 0
0 0 689 0.395805 0.725699 0.152128 1.29962 0 0
0 0 690 -1.13697 -0.476724 0.193704 0.104909 0 0
0 0 691 0.49187 -0.438915 -0.461999 -0.151793 0 0
0 0 692 0.356895 0.0436111 0.612156 0.0310386 0 0
0 0 693 1.3392 -0.040838 -0.460256 0.371673 0 0
0 0 694 0.867465 -0.108392 -0.0812294 0.421476 0 0
0 0 695 -0.26486 -0.902526 0.366463 0.208896 0 0
0 0 696 -0.369044 0.342712 0.480892 -0.0773462 0 0
0 0 697 1.15593 0.477717 -0.0103203 -1.20951 0 0
0 0 698 0.674938 -0.0952521 0.496613 -0.86833 0 0
0 0 699 0.22287 -0.789351 -0.0413617 0.17642 0 0
0 0 700 -0.65048 0.189556 1.35354 -0.382233 0 0
0 0 701 0.259965 0.443141 0.266293 -0.753928 0 0
0 0 702 0.93281 0.518872 -0.593096 -0.509773 0 0
0 0 703 0.373618 0.00720532 0.144612 -1.17641 0 0
0 0 704 0.584971 0.989299 0.00517663 1.31511 0 0
0 0 705 -0.670584 -0.526737 -0.129752 0.925174 0 0
0 0 706 -0.162311 0.704022 0.813942 0.204507 0 0
0 0 707 0.417016 0.300316 -0.526228 -0.259582 0 0
0 0 708 -0.353025 -0.700521 0.521243 0.702841 0 0
0 0 709 0.0173549 0.92604 0.0327436 -0.974429 0 0
0 0 710 -0.381128 -0.040465 -0.587533 0.287292 0 0
0 0 711 0.100684 0.510702 0.146893 0.340032 0 0
0 0 712 -0.406258 -1.05978 -0.436376 0.174343 0 0
0 0 713 1.45021 -0.0407745 0.471244 -1.02577 0 0
0 0 714 -0.0832667 -0.27187 0.49768 -0.447361 0 0
0 0 715 0.43174 0.219541 -0.73777 -0.611714 0 0
0 0 716 -0.354422 0.231587 -0.109736 -0.164528 0 0
0 0 717 -0.228999 0.142178 -0.0606152 0.0336581 0 0
0 0 718 0.118835 -0.644398 -0.140744 -0.0366299 0 0
0 0 719 0.795974 1.21684 -0.337956 -0.373543 0 0
0 0 720 -0.0991289 0.519052 -0.140766 0.0290976 0 0
0 0 721 -0.375315 -0.342411 0.713747 0.0685563 0 0
0 0 722 0.443171 -0.885592 0.64695 -0.507069 0 0
0 0 723 0.637527 -0.307678 0.504996 -0.481226 0 0
0 0 724 -0.209761 0.40734 -0.717238 -0.534998 0 0
0 0 725 0.0512499 -0.11785 -0.662402 0.199473 0 0
0 0 726 1.5476 0.14117 -0.205473 -0.139597 0 0
0 0 727 -0.514727 0.559572 0.327889 0.100025 0 0
0 0 728 0.074421 0.364225 0.196546 0.411322 0 0
0 0 729 1.26659 -0.271797 0.353701 -0.740879 0 0
0 0 730 0.774673 -0.00653958 0.753718 0.808476 0 0
0 0 731 1.13124 -0.0252045 0.802908 -0.138637 0 0
0 0 732 0.782066 0.392778 0.227901 -0.616113 0 0
0 0 733 0.270607 -0.246403 -0.333346 0.717461 0 0
0 0 734 0.5939 -0.619082 0.142301 -0.0899181 0 0
0 0 735 0.508187 0.236183 0.549688 0.226237 0 0
0 0 736 -0.205016 0.77015 0.138031 -0.905817 0 0
0 0 737 1.13283 -0.236878 -0.384114 0.685413 0 0
0 0 738 1.05003 0.330018 0.295528 -0.173197 0 0
0 0 739 -0.0401043 0.950675 0.937059 0.393946 0 0
0 0 740 0.421061 0.31717 0.0131155 0.0159556 0 0
0 0 741 0.609305 -0.580204 0.475173 -0.480814 0 0
0 0 742 0.381398 0.12919 0.356535 -1.19189 0 0
0 0 743 0.530066 -0.00558856 -0.466049 0.398807 0 0
0 0 744 0.773215 0.519511 -0.601501 0.922948 0 0
0 0 745 0.088001 0.504103 -0.345998 0.0572118 0 0
0 0 746 0.595338 0.441046 -0.132682 0.126764 0 0
0 0 747 0.676904 -0.0955914 0.691983 0.592172 0 0
0 0 748 0.68425 0.450007 0.600027 1.52255 0 0
0 0 749 0.50397 0.491459 -0.141006 0.258421 0 0
0 0 750 -0.0592431 0.207088 -0.86051 0.0618305 0 0
0 0 751 1.38257 0.0916309 0.673791 0.156518 0 0
0 0 752 1.21926 0.443657 -0.696715 0.0781508 0 0
0 0 753 -0.000578716 0.383936 -0.269002 -0.096009 0 0
0 0 754 0.657203 -0.0533604 0.0961554 0.0575967 0 0
0 0 755 0.930274 1.21654 -0.332516 0.426911 0 0
0 0 756 -0.495108 0.255622 0.0612944 0.391116 0 0
0 0 757 0.0877987 0.361008 0.236316 0.68822 0 0
0 0 758 0.234787 0.670022 0.0697413 -0.664666 0 0
0 0 759 0.522889 0.682054 0.183003 0.284659 0 0
0 0 760 0.378277 -0.0659926 -0.31118 0.277915 0 0
0 0 761 -0.0170183 0.12995 0.102619 0.312423 0 0
0 0 762 1.0028 -0.43538 0.0491801 0.474489 0 0
0 0 763 -0.879685 0.00210121 -1.01728 -0.454406 0 0
0 0 764 0.290177 -0.263061 -0.826329 0.551925 0 0
0 0 765 0.0644748 0.824969 -0.263514 -0.018304 0 0
0 0 766 -0.288548 -0.651457 -0.1586 0.152374 0 0
0 0 767 0.542542 0.331567 -0.361901 0.51214 0 0
0 0 768 1.11523 -1.18305 0.0587389 0.560542 0 0
0 0 769 0.553762 -0.521208 -0.0411042 0.0240804 0 0
0 0 770 0.183926 -0.588441 -0.233278 0.226184 0 0
0 0 771 1.07031 -0.204365 -0.855192 0.103443 0 0
0 0 772 0.306291 -0.103404 -0.858583 -0.57128 0 0
0 0 773 0.45953 0.551732 0.0569863 -0.0652467 0 0
0 0 774 0.539094 -0.211528 0.348737 -0.74732 0 0
0 0 775 0.772836 0.0862519 0.357202 -1.18465 0 0
0 0 776 0.545579 0.57218 -0.536037 0.0970007 0 0
0 0 777 -0.140687 -0.18256 0.220969 -0.0765454 0 0
0 0 778 0.67474 -0.542147 0.670219 -0.130776 0 0
0 0 779 0.998247 0.730983 0.497348 -0.131484 0 0
0 0 780 0.812032 0.68623 -0.124233 -0.00947522 0 0
0 0 781 0.814242 -0.906182 -0.560341 -0.57165 0 0
0 0 782 0.590996 -0.543324 0.0024101 0.518519 0 0
0 0 783 -0.038102 0.0163627 0.235974 -0.261643 0 0
0 0 784 -0.242259 0.0526329 -0.691687 -0.0267033 0 0
0 0 785 0.817191 -0.711082 0.748229 0.241315 0 0
0 0 786 -0.0259623 -0.0442269 -0.194156 -0.256014 0 0
0 0 787 1.14705 0.173368 -1.08433 0.138116 0 0
0 0 788 0.997168 0.429521 0.0648056 0.415239 0 0
0 0 789 0.443851 0.0578022 -0.0659352 0.252257 0 0
0 0 790 -0.346691 -0.28522 -0.145366 -0.565515 0 0
0 0 791 0.964468 0.725859 -0.730254 -0.0780509 0 0
0 0 792 0.288651 -0.489081 0.357048 0.219538 0 0
0 0 793 -0.218755 -0.801595 0.114481 -0.0673997 0 0
0 0 794 1.0735 -1.0354 1.09495 0.699472 0 0
0 0 795 1.21215 -0.538184 -0.122897 -0.21378 0 0
0 0 796 0.184146 0.725755 0.0586785 -0.220288 0 0
0 0 797 -0.0251057 -0.494381 -0.553035 0.627488 0 0
0 0 798 0.0689676 0.329891 0.442496 -0.92276 0 0
0 0 799 0.718662 -0.331451 -0.152427 -0.891296 0 0
0 0 800 -0.0158251 0.152706 0.149781 0.830035 0 0
0 0 801 0.988624 -0.00721788 0.727703 0.537191 0 0
0 0 802 0.268316 0.682229 -0.00289939 -0.463532 0 0
0 0 803 0.144325 -0.6327 0.422838 0.198533 0 0
0 0 804 0.272053 -0.0695807 -0.583961 -1.16069 0 0
0 0 805 -0.100232 -0.769101 -0.664149 -0.352154 0 0
0 0 806 0.237927 -0.076227 -0.236691 -0.0565544 0 0
0 0 807 -0.776254 0.0752192 -0.198654 -0.145525 0 0
0 0 808 0.395681 0.310565 -1.25819 -1.57855 0 0
0 0 809 -0.311288 -0.124418 -0.538283 -0.364381 0 0
0 0 810 0.500212 0.223872 0.266092 -0.528176 0 0
0 0 811 0.906502 -0.288601 0.174645 -0.538927 0 0
0 0 812 -0.0801011 -0.501895 -0.0974561 -0.492422 0 0
0 0 813 0.0484146 0.472739 -0.11857 0.131609 0 0
0 0 814 0.724488 0.136871 -0.205337 -0.030019 0 0
0 0 815 -0.607575 0.523768 -0.180156 -0.1371 0 0
0 0 816 1.10714 -0.347004 -0.0499746 -0.12301 0 0
0 0 817 -0.521816 0.17289 0.0615665 -0.161496 0 0
0 0 818 -0.330006 0.670364 -0.364209 0.092534 0 0
0 0 819 0.520801 -0.0800074 -0.309546 0.281794 0 0
0 0 820 1.00385 0.843912 -0.583116 -0.354772 0 0
0 0 821 0.67278 0.421861 0.174685 0.484358 0 0
0 0 822 0.343863 0.0543782 -0.707293 0.0734639 0 0
0 0 823 0.911544 0.0376035 -0.987486 0.61284 0 0
0 0 824 1.13605 -0.21057 -1.16053 0.130018 0 0
0 0 825 0.186147 -0.562105 -0.190077 -0.448293 0 0
0 0 826 0.983602 0.0609561 0.495406 -0.168007 0 0
0 0 827 1.1477 0.438066 0.347184 -0.0143203 0 0
0 0 828 1.34866 -0.128017 -0.257172 -0.564345 0 0
0 0 829 1.43105 0.314997 -0.922251 -1.64499 0 0
0 0 830 1.55455 -0.0135186 -0.784139 -0.2043 0 0
0 0 831 1.68916 0.450112 -1.0481 0.687302 0 0
0 0 832 1.33545 -0.194718 -1.65811 -0.177445 0 0
0 0 833 1.24594 -0.0175614 -0.997783 -0.390044 0 0
0 0 834 1.55142 0.45106 -1.64943 -0.531429 0 0
0 0 835 0.944922 -0.0532264 -1.14022 -1.04341 0 0
0 0 836 1.92945 0.246838 -1.64229 0.0225567 0 0
0 0 837 3.17932 0.392823 -0.855864 -0.715848 0 0
0 0 838 2.51771 0.498795 -1.2604 0.0720783 0 0
0 0 839 3.50048 0.395258 -2.06603 0.0219448 -39.5847 6.46778
0 0 840 4.41829 -0.269404 -1.75106 -0.676842 -49.3732 7.66305
0 0 841 4.0597 0.162025 -2.88985 0.126631 -43.3955 4.67429
0 0 842 5.04739 -0.349315 -2.62112 -0.160293 -48.7955 5.12916
0 0 843 4.77785 1.04307 -3.85456 -1.23814 -37.429 3.42635
0 0 844 5.64547 1.89165 -4.2594 -0.363713 -33.0267 2.98369
0 0 845 7.27697 0.884265 -3.82564 -0.341899 -38.4926 3.47411
0 0 846 7.20952 1.18679 -5.68854 0.442287 -39.1078 2.34383
0 0 847 6.78151 1.59776 -5.33983 -0.852095 -36.671 2.46058
0 0 848 8.60114 1.53566 -5.58245 0.744415 -37.3096 2.36399
0 0 849 8.93199 0.575335 -5.84894 0.0922894 -42.1911 2.30459
0 0 850 9.02742 1.32027 -6.31908 -0.136075 -39.0994 2.10987
0 0 851 9.2253 1.24869 -7.1257 0.622671 -40.0303 1.87884
0 0 852 10.2479 0.820882 -6.26847 -0.642261 -41.2697 2.14515
0 0 853 8.71827 1.2834 -6.4135 -1.09532 -39.342 2.08122
0 0 854 9.46323 1.99055 -6.48393 -0.687047 -36.4668 2.02339
0 0 855 9.38299 0.940049 -7.2243 0.107164 -41.2931 1.86146
0 0 856 8.9289 1.62772 -5.57233 -0.472684 -36.8583 2.36104
0 0 857 9.23046 0.201166 -6.05736 -0.0694471 -44.0489 2.2315
0 0 858 8.54112 0.279846 -5.3495 0.842057 -43.5027 2.52543
0 0 859 8.90685 0.436868 -5.16054 -0.453587 -42.5806 2.61414
0 0 860 8.9015 1.68653 -5.00094 0.0874536 -35.6818 2.6074
0 0 861 7.4257 1.33313 -6.0556 0.353851 -38.7922 2.19827
0 0 862 6.91351 0.316437 -4.37291 0.374195 -42.9306 3.08692
0 0 863 6.09768 0.603392 -5.59162 -0.789419 -41.9205 2.4091
0 0 864 6.89023 0.268891 -5.07091 -0.579088 -43.4823 2.66411
0 0 865 5.81279 0.231859 -5.8925 0.506234 -43.8733 2.2936
0 0 866 6.10712 0.800583 -4.61458 0.0994819 -40.0789 2.90182
0 0 867 6.0382 1.58566 -6.06447 -0.251705 -37.6735 2.18115
0 0 868 6.28555 -0.198123 -4.17228 0.477967 -46.3593 3.2385
0 0 869 6.75058 0.755078 -5.10656 -0.166269 -40.7945 2.62923
0 0 870 7.08086 0.960229 -4.49411 0.14526 -38.9697 2.96474
0 0 871 6.32001 0.00103092 -5.60773 0.00172624 -44.9947 2.41128
0 0 872 6.57373 0.728135 -5.54312 0.111444 -41.2583 2.42577
0 0 873 6.12155 -0.607107 -4.87968 -0.00416505 -48.546 2.75716
0 0 874 6.76491 -0.424603 -4.68702 0.753945 -47.5882 2.87727
0 0 875 5.98583 1.1199 -4.53376 -0.216415 -38.0625 2.9244
0 0 876 5.84037 1.47324 -5.81936 -0.591198 -37.8967 2.27612
0 0 877 6.18976 0.0433774 -6.10382 0.193885 -44.7964 2.21527
0 0 878 6.28364 0.815752 -5.49383 0.0977081 -40.7771 2.44374
0 0 879 5.95287 -0.355632 -5.15294 -0.717753 -46.974 2.62004
0 0 880 7.07358 0.259063 -5.63803 -0.139875 -43.6846 2.39668
0 0 881 6.81876 -0.34784 -6.1917 -0.109483 -46.6077 2.18162
0 0 882 7.63461 0.512025 -6.4215 -0.603859 -42.7206 2.10136
0 0 883 7.4843 0.637838 -7.31443 -0.708846 -42.5081 1.84409
0 0 884 7.40782 0.389412 -7.58662 0.0840951 -43.5308 1.7808
0 0 885 8.75115 0.37542 -7.7198 -0.524368 -43.6079 1.75023
0 0 886 8.30884 1.1476 -8.85849 -0.850709 -41.3093 1.51814
0 0 887 9.57965 1.11371 -8.85415 -0.972852 -41.4154 1.51935
0 0 888 11.1805 0.919926 -8.67616 0.24316 -41.9738 1.55282
0 0 889 10.3271 0.743253 -8.85033 0.526492 -42.5998 1.52433
0 0 890 10.734 0.322128 -8.73988 0.467887 -43.9446 1.54646
0 0 891 10.7195 1.38262 -9.41812 -0.00848464 -40.8242 1.42573
0 0 892 11.7321 0.358363 -10.7948 0.139619 -44.0493 1.25218
0 0 893 12.2905 0.0945849 -12.0099 0.0657885 -44.7744 1.12587
0 0 894 14.2367 0.683831 -11.3023 -0.517544 -43.2688 1.19496
0 0 895 14.1146 0.814154 -12.5422 -1.42477 -43.143 1.07663
0 0 896 15.4317 1.54216 -12.7468 -0.887938 -41.5508 1.05577
0 0 897 17.3026 -0.468199 -14.8063 -0.655634 -45.9056 0.912952
0 0 898 16.7061 0.376759 -15.017 -0.548535 -44.2814 0.900251
0 0 899 17.9887 -0.324319 -15.5783 -0.46283 -45.5963 0.867866
0 0 900 17.6301 -0.193357 -16.7654 -0.984295 -45.3304 0.806494
0 0 901 18.5004 0.519137 -16.0012 -0.379264 -44.0709 0.844759
0 0 902 18.4392 -0.815412 -15.9823 -0.076369 -46.4603 0.845336
0 0 903 18.3225 -0.347334 -16.2853 0.377962 -45.6109 0.830186
0 0 904 18.4138 -0.439344 -15.1314 -1.09271 -45.8316 0.893383
0 0 905 17.6547 -1.43844 -14.849 -0.406404 -47.7665 0.907848
0 0 906 16.774 -0.337449 -14.283 -0.289991 -45.6767 0.946539
0 0 907 17.7336 -0.692428 -14.4782 -1.49765 -46.3691 0.933246
0 0 908 18.5849 -0.890626 -13.938 -1.06243 -46.8281 0.968854
0 0 909 18.4693 -0.200753 -11.1068 0.330741 -45.5178 1.21731
0 0 910 18.4897 -1.90595 -12.3494 -0.509354 -49.3868 1.08652
0 0 911 19.0192 -1.17049 -10.042 -1.30591 -48.3242 1.3406
0 0 912 19.4809 -1.09005 -11.1072 -0.980275 -47.8025 1.2136
0 0 913 20.1416 -0.900097 -10.8004 -0.536385 -47.382 1.24916
0 0 914 21.7144 -1.82882 -10.9396 -1.75691 -49.7453 1.2249
0 0 915 23.5202 -1.43153 -10.4912 -0.84201 -48.885 1.28111
0 0 916 24.8415 -1.01272 -10.2271 -1.18889 -47.8276 1.31796
0 0 917 26.5933 -1.40609 -9.14132 -0.603112 -49.3723 1.4679
0 0 918 30.6619 -1.04912 -9.23984 0.0167399 -48.2389 1.45731
0 0 919 34.2632 -1.13132 -7.9002 -0.907073 -49.0747 1.70023
0 0 920 39.245 -0.63662 -6.48408 -0.547152 -47.8037 2.07887
0 0 921 42.5184 0.0149517 -5.00799 0.260217 -44.9145 2.70004
0 0 922 48.9993 0.0454197 -1.95392 0.29642 -44.3342 6.91915
0 0 923 57.1729 0.574881 1.72923 0.152865 35.8053 7.5482
0 0 924 65.3613 1.07494 6.60604 0.88221 40.3789 2.0294
0 0 925 77.9821 3.05114 11.5636 0.49123 37.6095 1.14343
0 0 926 89.8058 4.78333 17.307 0.663022 37.2751 0.762343
0 0 927 104.488 6.20961 24.4641 1.7162 37.8788 0.541369
0 0 928 117.419 8.31911 33.5127 0.776645 38.0294 0.39555
0 0 929 131.329 11.9152 41.6499 1.5608 37.0176 0.316232
0 0 930 143.465 14.5756 49.3435 2.47818 36.7717 0.266469
0 0 931 153.085 15.1815 55.356 1.59513 37.3318 0.238434
0 0 932 159.927 17.4218 60.1059 1.72355 36.9178 0.21898
0 0 933 164.516 16.6537 63.1887 2.43314 37.6176 0.209261
0 0 934 164.635 16.5653 61.8145 2.12477 37.4991 0.213753
0 0 935 163.373 16.3162 60.6126 1.97989 37.4669 0.217946
0 0 936 157.963 15.5699 58.7015 3.62516 37.5725 0.225193
0 0 937 150.275 14.9159 53.4012 2.6865 37.197 0.246942
0 0 938 143.262 14.0741 47.3484 3.01913 36.7229 0.2776
0 0 939 135.949 11.5131 42.1163 2.48174 37.3554 0.313436
0 0 940 125.274 10.745 37.4063 2.55679 36.9866 0.352032
0 0 941 116.384 9.98112 32.6701 1.7363 36.5057 0.401691
0 0 942 109.024 8.54243 28.8401 2.02273 36.7504 0.455841
0 0 943 102.055 6.89828 23.7574 2.73506 36.9043 0.553963
0 0 944 95.6736 5.37951 19.5647 1.99686 37.3129 0.674538
0 0 945 90.1193 5.26383 17.9292 1.45903 36.8192 0.733602
0 0 946 84.11 3.76127 14.0613 1.37162 37.5123 0.939748
0 0 947 79.1386 2.9365 10.8235 2.0063 37.4103 1.22007
0 0 948 75.6625 2.39607 8.99857 1.43765 37.5448 1.46877
0 0 949 71.5264 3.12428 8.00815 1.05026 34.3437 1.60894
0 0 950 68.653 2.26155 7.13766 1.10602 36.2096 1.83452
0 0 951 65.5009 1.47533 4.38812 0.151594 35.7084 2.97219
0 0 952 63.8228 1.48886 2.7824 -0.177236 30.9244 4.44845
0 0 953 60.8132 0.319626 3.15247 0.0472794 42.1053 4.27499
0 0 954 58.1741 0.75598 2.14574 -0.0305603 35.2959 6.05722
0 0 955 57.1537 0.821066 1.37334 -0.422001 0 0
0 0 956 55.4047 -0.504438 0.669639 -0.661938 0 0
0 0 957 53.3888 0.571625 -0.753635 -0.927403 0 0
0 0 958 52.5834 0.367905 -0.610906 -1.15125 0 0
0 0 959 49.4977 -0.359455 -0.0334743 -2.74681 0 0
0 0 960 48.5578 -0.533264 -0.43017 -2.79619 0 0
0 0 961 46.4597 -0.282883 -1.18568 -1.40574 0 0
0 0 962 44.4804 -0.972002 -1.1615 -2.59975 0 0
0 0 963 43.6154 -1.98869 -1.04712 -3.45308 -76.1157 6.78978
0 0 964 41.7938 -2.35049 -0.125898 -3.60749 -88.467 6.67083
0 0 965 39.4269 -2.64913 -1.17856 -3.56949 -78.0082 5.3004
0 0 966 39.3199 -2.13544 -0.807044 -4.0575 -79.6485 6.76862
0 0 967 37.3603 -2.04079 -0.369606 -4.92122 -84.8672 7.54263
0 0 968 36.554 -2.68296 -1.48483 -3.14084 -75.5193 4.96462
0 0 969 33.2752 -2.65155 -0.579675 -3.86059 -83.8341 5.75312
0 0 970 32.3386 -2.3582 -0.551486 -4.19171 -83.4187 6.44235
0 0 971 30.944 -1.82019 -0.684638 -3.97857 -79.6935 7.94672
0 0 972 28.8292 -3.05809 -1.25733 -3.50066 -78.825 4.66088
0 0 973 27.4896 -2.88398 -0.580685 -3.27825 -84.3079 5.3125
0 0 974 26.1109 -3.23236 -1.02655 -3.43535 -81.1905 4.57638
0 0 975 25.0401 -3.4244 -0.180541 -4.46514 -88.491 4.57909
0 0 976 23.6234 -3.43719 0.329127 -2.17601 87.2652 4.54387
0 0 977 22.1666 -2.75072 -0.443887 -2.30281 -85.4166 5.61904
0 0 978 20.6555 -2.58466 -1.14255 -3.41595 -78.0761 5.4396
0 0 979 19.9856 -2.88003 -1.67033 -2.73104 -74.9438 4.56168
0 0 980 18.0689 -2.41264 -0.514218 -2.34038 -83.9841 6.33178
0 0 981 17.3511 -3.71987 -1.25037 -1.99174 -80.7104 3.9497
0 0 982 16.2799 -2.936 -0.489962 -2.49981 -85.2629 5.25862
0 0 983 15.5813 -3.26991 0.313062 -1.57959 87.2656 4.77632
0 0 984 14.3794 -4.44809 -0.651711 -2.30254 -85.8323 3.48459
0 0 985 13.8292 -3.47445 0.587115 -2.01418 85.2044 4.44177
0 0 986 13.4198 -3.45632 -0.130883 -1.87702 -88.9157 4.54064
0 0 987 12.1001 -3.2721 -0.818313 -2.35624 -82.9795 4.62154
0 0 988 11.7585 -3.17758 -1.04261 -2.32335 -80.9173 4.63754
0 0 989 11.4934 -4.14081 -0.309558 -1.37315 -87.8623 3.7802
0 0 990 10.0187 -3.38124 -0.930354 -1.75248 -82.3078 4.43818
0 0 991 9.28917 -2.73098 -0.313463 -2.35835 -86.7261 5.70464
0 0 992 9.11812 -4.28404 -1.13563 -0.701039 -82.5766 3.51397
0 0 993 9.03974 -2.75916 -0.908945 -2.02278 -80.8833 5.33821
0 0 994 8.19511 -2.12941 -0.340603 -0.588121 -85.4562 7.26056
0 0 995 7.61552 -1.75237 -0.657596 -1.72669 -79.7154 8.25721
0 0 996 6.80394 -2.37702 -0.581867 -1.01166 -83.1226 6.37162
0 0 997 6.9746 -1.84049 -0.609901 -1.20504 -80.8329 7.99699
0 0 998 6.22217 -1.80204 -0.984406 -0.504367 -75.6767 7.41866
0 0 999 7.24561 -1.85013 -0.658217 -0.0112721 -80.208 7.88188
0 0 1000 6.19201 -2.05968 -1.21366 -0.0952443 -74.7457 6.34751
0 0 1001 5.47623 -2.17168 -0.85057 -0.431082 -79.3057 6.61798
0 0 1002 5.3864 -3.00239 -0.0816639 -0.933727 -89.221 5.22942
0 0 1003 5.90786 -1.92492 -0.616792 0.366378 -81.1166 7.67689
0 0 1004 4.94755 -0.921489 -0.090674 -0.923484 0 0
0 0 1005 4.84492 -0.591501 0.730078 -0.706243 0 0
0 0 1006 3.94669 -2.04005 -1.50927 -0.402258 -71.7526 5.89964
0 0 1007 4.28716 -1.67978 -1.26485 -0.0589305 -71.5104 7.11165
0 0 1008 4.35772 0.578941 -0.543482 0.113047 0 0
0 0 1009 3.23214 -0.273414 0.312571 -0.208909 0 0
0 0 1010 3.79543 -0.969839 -1.05744 0.678589 0 0
0 0 1011 3.48369 -0.86066 -0.96103 -1.10011 0 0
0 0 1012 2.62597 -1.15712 -1.27487 -0.356542 -66.1141 8.45103
0 0 1013 2.36478 0.385938 -0.821396 0.407965 0 0
0 0 1014 2.86389 -0.13439 -0.645477 -0.559628 0 0
0 0 1015 3.66209 -0.319216 -0.850077 -0.240104 0 0
0 0 1016 2.95441 -0.97162 0.158364 0.68515 0 0
0 0 1017 1.26231 0.54871 -0.203825 0.297638 0 0
0 0 1018 2.15919 -0.354683 -0.91189 -0.367208 0 0
0 0 1019 1.92916 -0.9701 -1.34909 0.205709 0 0
0 0 1020 1.44689 -1.20276 -0.000528462 0.47541 0 0
0 0 1021 1.46627 -0.240412 0.087339 0.103885 0 0
0 0 1022 1.6873 0.417941 -0.289226 -1.05633 0 0
0 0 1023 0.848023 0.923295 0.796987 0.826174 0 0
