# File: uwl_190626_105234_b4.rf.sbF2.RMC_aux Src: J1713+0747 Nsub: 1 Nch: 1 Npol: 4 Nbin: 1024 RMS: 0.607646
0 0 0 6.81218 -0.050205 -5.30076 -0.497198 -45.2713 3.59302
0 0 1 5.68013 -0.0296342 -3.86819 0.430584 -45.2195 4.92375
0 0 2 5.62029 -0.199605 -3.84878 1.02624 -46.4844 4.94329
0 0 3 5.94079 -0.0716858 -4.28445 0.29046 -45.4793 4.44497
0 0 4 5.91218 0.522587 -4.27737 -0.187125 -41.5172 4.42605
0 0 5 5.93032 1.28954 -5.4167 -0.822271 -38.3045 3.43776
0 0 6 5.7701 -0.439639 -3.617 -0.317261 -48.4651 5.23446
0 0 7 5.68703 -0.0238509 -3.77098 -0.0756958 -45.1812 5.05072
0 0 8 5.0015 -0.972342 -3.75339 0.749717 -52.2618 4.94112
0 0 9 5.00233 -0.363216 -3.67118 0.691776 -47.8251 5.16756
0 0 10 7.4209 -0.176115 -1.46369 0.039751 0 0
0 0 11 6.12902 -1.26616 -2.69719 -0.460798 -57.5736 6.49936
0 0 12 6.84109 -0.337361 -2.28959 -0.221609 -49.191 8.2462
0 0 13 8.64362 -0.0564876 -2.41552 0.42693 -45.6698 7.88326
0 0 14 8.35245 -0.0136895 -2.08186 -0.358093 0 0
0 0 15 9.70218 -0.237626 -2.51049 0.570561 -47.7036 7.55925
0 0 16 11.5587 0.778158 -2.31992 0.242047 -35.7286 7.85704
0 0 17 11.8277 0.483349 -1.64095 0.788881 0 0
0 0 18 12.8711 0.252097 -1.84131 -0.747174 0 0
0 0 19 16.0238 0.885318 -1.54351 -0.275936 0 0
0 0 20 17.3151 0.520214 0.69883 1.32164 0 0
0 0 21 21.2224 1.02098 2.60682 0.152638 34.3059 6.88731
0 0 22 24.0234 0.991013 3.99344 -0.286172 38.0315 4.65408
0 0 23 28.3001 0.137692 5.71733 0.517948 44.3102 3.33057
0 0 24 33.1484 1.18061 7.55192 -0.222178 40.5574 2.49736
0 0 25 37.8888 1.95584 9.57901 -0.12782 39.23 1.95544
0 0 26 42.058 2.89181 13.1242 1.13726 38.787 1.42337
0 0 27 47.0145 4.48133 14.8454 0.8734 36.6013 1.2378
0 0 28 51.354 3.70223 16.2939 -0.0786052 38.5994 1.1451
0 0 29 51.8691 3.70062 18.333 0.0317576 39.2939 1.0221
0 0 30 54.155 3.22243 18.7019 -0.669152 40.1118 1.00634
0 0 31 54.6254 4.23968 18.9305 -0.805927 38.6882 0.986181
0 0 32 55.7755 3.89886 19.0919 -0.214626 39.229 0.981101
0 0 33 53.1948 4.17623 18.9371 -0.0379121 38.7818 0.986424
0 0 34 52.1894 3.51025 18.7495 0.35508 39.698 1.00165
0 0 35 50.507 3.99154 17.1623 0.391897 38.4536 1.08611
0 0 36 47.7047 2.53417 15.4776 0.961093 40.3507 1.21737
0 0 37 44.8384 3.24652 13.5994 0.918607 38.2867 1.36911
0 0 38 43.9519 2.67428 11.9884 0.128452 38.7124 1.55749
0 0 39 40.6287 2.24752 10.637 1.64531 39.0347 1.75889
0 0 40 38.7894 1.96758 8.84893 1.06883 38.7321 2.11033
0 0 41 36.0987 2.7074 8.01314 1.7612 35.6657 2.27332
0 0 42 35.1369 1.14416 7.49713 0.66225 40.6615 2.51676
0 0 43 33.099 0.998487 6.85913 0.265868 40.8588 2.75317
0 0 44 31.1315 2.16697 5.33165 1.37261 33.9407 3.35303
0 0 45 28.6602 -0.387044 5.93925 -0.337857 46.8643 3.20136
0 0 46 25.8052 1.40888 5.15015 0.373849 37.3502 3.59032
0 0 47 25.3496 0.797509 2.34022 -0.492727 35.5909 7.77831
0 0 48 26.4282 -0.202038 2.71142 0.192108 47.1307 7.00872
0 0 49 24.0116 1.395 2.50069 -0.358482 30.4226 6.79758
0 0 50 22.3433 0.256143 2.60418 -0.642534 42.1913 7.28519
0 0 51 23.5539 0.727407 1.58941 0.715966 0 0
0 0 52 21.0479 -1.00128 1.1889 -1.31102 0 0
0 0 53 20.906 0.71677 0.853821 -0.86245 0 0
0 0 54 20.4494 1.21536 0.494174 -0.823635 0 0
0 0 55 18.6858 -0.22736 -0.313609 -1.75892 0 0
0 0 56 18.033 -0.222604 0.759752 -0.850265 0 0
0 0 57 19.9091 1.22075 0.989258 -0.0511269 0 0
0 0 58 17.4091 -1.23049 1.24371 -0.538077 0 0
0 0 59 15.5467 -0.777518 0.889797 -0.932346 0 0
0 0 60 16.4738 -0.684842 -0.87135 -0.737493 0 0
0 0 61 15.6669 -1.2582 -0.674995 -1.68664 0 0
0 0 62 13.8959 -0.495635 -0.338272 -0.90088 0 0
0 0 63 13.9466 0.53207 0.834907 -2.24635 0 0
0 0 64 12.0066 -0.968886 -0.576728 -1.1581 0 0
0 0 65 13.3735 -1.00177 -0.625958 -2.41558 0 0
0 0 66 10.8609 -0.49067 -0.693513 -1.45211 0 0
0 0 67 11.3884 -0.333968 -0.985214 -0.910841 0 0
0 0 68 9.57564 -0.878585 0.304791 -0.113394 0 0
0 0 69 9.93223 -0.665975 -0.731045 -1.22911 0 0
0 0 70 9.22978 -0.534778 -0.225766 -0.346966 0 0
0 0 71 10.2577 -0.0840597 -0.853573 -1.33497 0 0
0 0 72 8.2013 -1.15403 -0.852953 -0.196993 0 0
0 0 73 7.5327 -1.45845 0.437002 -0.385172 0 0
0 0 74 8.21002 -0.9405 -1.21068 -1.07934 0 0
0 0 75 7.47721 -1.979 -0.618707 -0.910146 0 0
0 0 76 5.58188 -1.65885 0.188411 -0.6584 0 0
0 0 77 6.14242 -0.579894 0.219113 -1.36268 0 0
0 0 78 5.53008 -1.7635 -0.245402 -1.66894 0 0
0 0 79 4.41942 -1.91157 -0.640828 -0.547819 0 0
0 0 80 6.01535 -0.936273 -1.48744 -1.13736 0 0
0 0 81 4.65286 -0.709574 -0.999884 -0.830323 0 0
0 0 82 3.95945 -1.87132 0.0774566 -0.728695 0 0
0 0 83 3.86611 -1.25414 -0.5503 -0.381383 0 0
0 0 84 4.87506 -1.45347 -0.802175 -0.450019 0 0
0 0 85 4.9759 -1.21585 -0.52211 -0.0833224 0 0
0 0 86 3.34718 -0.793729 -0.355616 0.0259813 0 0
0 0 87 2.72875 -1.08265 0.126766 0.227127 0 0
0 0 88 3.10647 -1.67274 -0.680442 -0.0916487 0 0
0 0 89 3.13494 -1.24918 -0.176601 -0.952513 0 0
0 0 90 2.95315 -1.43985 0.332789 0.103747 0 0
0 0 91 2.09045 -1.75661 -0.243139 -1.3702 0 0
0 0 92 1.9063 -1.16628 -0.719434 0.2229 0 0
0 0 93 2.53663 -2.41477 1.12467 -1.2395 77.5132 7.67994
0 0 94 2.05055 -1.34005 -0.156733 0.242903 0 0
0 0 95 2.03414 -0.911077 -0.586376 -1.58686 0 0
0 0 96 2.43683 -0.470572 -0.890197 -0.509015 0 0
0 0 97 2.76747 0.0141732 0.0124236 -1.95132 0 0
0 0 98 1.54876 -0.566463 0.525221 -0.0954247 0 0
0 0 99 1.51862 -0.0468655 -0.329536 -0.176565 0 0
0 0 100 1.71003 -1.34853 -0.140526 0.47598 0 0
0 0 101 2.67831 0.726014 0.0811769 -0.387718 0 0
0 0 102 1.21767 -0.90999 0.2482 -0.126152 0 0
0 0 103 2.48654 0.171077 -0.348224 -1.33336 0 0
0 0 104 1.21297 0.0290079 0.747059 -0.740514 0 0
0 0 105 1.33801 -0.0361058 0.993059 1.28597 0 0
0 0 106 2.08312 -0.227481 0.132751 -0.242108 0 0
0 0 107 1.01441 0.211934 0.884501 -0.662752 0 0
0 0 108 -0.267633 -1.0334 0.97146 0.0582546 0 0
0 0 109 1.35553 -0.914549 0.332933 0.61437 0 0
0 0 110 2.13411 0.360851 0.0589405 0.674286 0 0
0 0 111 -0.0225154 -0.552565 -0.186821 -1.10838 0 0
0 0 112 0.209553 -0.200472 -0.799553 -0.0491484 0 0
0 0 113 1.12156 -0.0608377 -0.580424 0.478316 0 0
0 0 114 0.168039 -1.1674 0.797866 0.119304 0 0
0 0 115 0.218384 -0.0832537 0.00588183 -0.935372 0 0
0 0 116 1.27792 0.562823 -0.0844255 -0.4858 0 0
0 0 117 -0.172211 0.280834 -0.377485 0.788319 0 0
0 0 118 0.932623 -0.049467 0.0614323 0.669393 0 0
0 0 119 0.199547 -0.363795 0.310334 0.152938 0 0
0 0 120 0.508093 -0.496292 0.162506 -1.91302 0 0
0 0 121 -1.26304 0.323219 0.475937 -0.225837 0 0
0 0 122 1.3042 0.399402 1.42929 0.149612 0 0
0 0 123 0.327749 -0.653949 0.674794 0.567391 0 0
0 0 124 1.21318 0.691808 0.747301 0.481285 0 0
0 0 125 -0.502701 -1.16773 0.00646496 0.312004 0 0
0 0 126 1.42151 0.0757571 -0.422592 -1.96424 0 0
0 0 127 0.220147 0.00231797 -0.0795076 1.44074 0 0
0 0 128 -0.648746 0.126338 -0.723533 -0.864395 0 0
0 0 129 0.310875 0.111047 0.488877 0.939015 0 0
0 0 130 -0.543585 0.366161 0.424602 -0.255718 0 0
0 0 131 2.0351 -0.217244 1.43046 -0.89718 0 0
0 0 132 -0.228355 -0.231718 0.698366 -0.83214 0 0
0 0 133 1.67188 -0.447133 -0.128315 -0.339513 0 0
0 0 134 -0.0932293 0.88393 0.430891 0.324695 0 0
0 0 135 0.810065 -1.00883 1.10001 -1.83947 0 0
0 0 136 -0.140651 -0.564917 0.825488 0.251067 0 0
0 0 137 0.026467 -1.26179 -0.382404 -0.861148 0 0
0 0 138 0.667228 1.54058 -0.0769457 1.34538 0 0
0 0 139 0.148318 -0.49248 1.48825 0.592984 0 0
0 0 140 0.448393 0.191355 1.12281 -0.622648 0 0
0 0 141 -0.0985835 0.0020269 0.518216 -0.381522 0 0
0 0 142 0.682876 1.63013 1.29259 -1.33539 0 0
0 0 143 1.94786 2.33049 0.222988 0.0267211 2.73279 8.85757
0 0 144 -0.28283 0.0533218 1.16961 0.774051 0 0
0 0 145 1.7194 -0.564291 -0.218425 -1.07193 0 0
0 0 146 0.343683 0.854614 1.60655 0.491618 0 0
0 0 147 -0.412259 -0.0616149 0.62337 1.05658 0 0
0 0 148 -0.500447 0.719417 -0.152635 0.266796 0 0
0 0 149 0.520768 -0.522875 1.07207 -0.357963 0 0
0 0 150 0.827931 0.54956 2.07329 1.42593 0 0
0 0 151 0.384511 -0.455505 -0.491894 0.505426 0 0
0 0 152 -0.0839963 -0.791944 -0.113175 -0.548961 0 0
0 0 153 1.01765 -0.467478 1.57954 -0.489254 0 0
0 0 154 1.48079 0.453321 0.354709 -0.104671 0 0
0 0 155 0.592539 -0.38243 -0.171057 1.16017 0 0
0 0 156 0.309896 -1.06802 1.82784 -1.25094 0 0
0 0 157 1.62321 0.743276 0.809947 0.351931 0 0
0 0 158 1.52603 -2.22503 0.919307 -0.865199 78.7756 8.52009
0 0 159 0.307436 -0.596054 0.784594 -0.117534 0 0
0 0 160 0.298966 -1.44484 0.793988 -0.264003 0 0
0 0 161 -0.161336 -0.402238 1.30784 -0.0771967 0 0
0 0 162 0.720279 0.27483 0.25324 -0.142444 0 0
0 0 163 0.484265 -0.648741 0.907055 0.297726 0 0
0 0 164 0.896367 -0.799842 2.30642 -0.661746 54.563 7.88014
0 0 165 -0.584008 0.401767 -0.326085 -0.220436 0 0
0 0 166 1.04902 -0.447948 0.674338 -1.17033 0 0
0 0 167 0.834293 -0.473093 0.146029 0.112321 0 0
0 0 168 1.42568 -2.2772 0.0384015 -0.302485 0 0
0 0 169 1.04385 -1.25165 1.35086 0.477572 0 0
0 0 170 -0.516154 0.0614212 0.76481 -0.659859 0 0
0 0 171 0.480774 -0.242497 0.0727328 0.0814624 0 0
0 0 172 0.847026 -1.39305 0.804802 -0.500722 0 0
0 0 173 1.82994 -0.450634 -0.242683 -0.292004 0 0
0 0 174 0.613511 -0.986784 0.320349 -1.58787 0 0
0 0 175 1.34083 -1.09004 0.0190496 -0.549205 0 0
0 0 176 0.914846 0.0161167 0.527582 -0.127335 0 0
0 0 177 0.303407 -0.154418 -0.245137 0.0890539 0 0
0 0 178 0.137368 -0.169577 2.02752 -0.643959 0 0
0 0 179 1.0005 0.544578 -0.13287 0.391577 0 0
0 0 180 0.328727 -0.287903 0.242478 0.0262515 0 0
0 0 181 0.522596 -0.348032 0.442442 -0.869901 0 0
0 0 182 0.470967 -0.213849 1.17662 -0.143234 0 0
0 0 183 0.904427 -0.0352125 -0.0853561 0.245358 0 0
0 0 184 -0.107383 -0.193167 0.0346447 0.777483 0 0
0 0 185 0.840685 1.54889 0.827138 -0.187119 0 0
0 0 186 0.829069 0.961418 0.453866 0.0166489 0 0
0 0 187 1.058 -1.55814 0.573652 0.101066 0 0
0 0 188 -0.0979769 -1.60077 -0.439739 -0.427054 0 0
0 0 189 0.0762344 -0.34503 0.765364 0.293754 0 0
0 0 190 1.14753 0.881663 0.38219 -0.407384 0 0
0 0 191 1.24993 0.30693 -0.507244 0.216397 0 0
0 0 192 0.264628 0.454518 1.35653 1.51283 0 0
0 0 193 0.644254 0.841334 0.343247 -0.657282 0 0
0 0 194 -2.01969 0.0841435 0.578576 0.640149 0 0
0 0 195 -0.0574781 0.0573217 0.135717 -0.15977 0 0
0 0 196 0.829186 -0.571117 0.55112 -0.762027 0 0
0 0 197 0.544808 0.699733 -0.473263 -0.451331 0 0
0 0 198 0.891779 0.192726 0.442414 0.317793 0 0
0 0 199 -0.0478783 -0.0742776 0.52962 -0.522841 0 0
0 0 200 0.164105 0.680964 -0.0711457 0.900008 0 0
0 0 201 0.474116 1.15196 1.7564 -0.425288 0 0
0 0 202 0.0103915 0.163158 -0.125829 -0.553837 0 0
0 0 203 0.735308 1.26188 1.53578 -0.0610583 0 0
0 0 204 -0.443904 -1.83061 -0.463715 -0.57918 0 0
0 0 205 1.67722 0.155256 0.854268 0.948353 0 0
0 0 206 0.33026 -0.597309 0.109084 0.716314 0 0
0 0 207 -0.803058 0.842439 0.569821 0.144358 0 0
0 0 208 0.681824 0.446785 0.0161978 -0.360732 0 0
0 0 209 -0.458637 -1.00272 -1.3389 1.00868 0 0
0 0 210 0.868571 0.380782 -0.130162 1.03353 0 0
0 0 211 -0.0173889 -0.592253 -0.0892142 1.55296 0 0
0 0 212 0.588724 0.299474 0.302593 -1.19629 0 0
0 0 213 0.48936 0.463524 0.328113 -0.300494 0 0
0 0 214 -0.163481 0.340004 0.978846 0.504902 0 0
0 0 215 -0.17528 -0.141685 0.597045 0.0882517 0 0
0 0 216 0.0556543 -0.714147 -0.428751 0.688359 0 0
0 0 217 0.685537 1.06608 -0.335075 0.549359 0 0
0 0 218 0.036864 -0.469513 0.632356 0.387386 0 0
0 0 219 0.453009 0.267591 -0.253237 -0.446235 0 0
0 0 220 0.149291 0.920954 -0.462958 1.10694 0 0
0 0 221 0.882258 0.658607 0.449357 0.429288 0 0
0 0 222 -0.973981 0.831381 1.73346 -0.406894 0 0
0 0 223 0.380709 -0.0650526 -0.496615 0.669677 0 0
0 0 224 -0.0725659 0.397162 0.347915 2.03285 0 0
0 0 225 0.663739 0.401457 -0.0157692 -1.01134 0 0
0 0 226 -0.493333 0.523784 0.147662 -1.29563 0 0
0 0 227 0.478648 -0.498539 -0.130571 0.178225 0 0
0 0 228 1.72867 -0.066058 -0.0790663 -0.233373 0 0
0 0 229 -0.924993 1.29839 -0.573495 -0.807378 0 0
0 0 230 0.659974 -0.0358548 0.112023 -0.68622 0 0
0 0 231 -0.11303 0.649471 -0.77393 -0.149655 0 0
0 0 232 -0.0661892 -0.247424 -0.0421069 0.657416 0 0
0 0 233 0.690187 -0.605111 -0.403545 -1.82721 0 0
0 0 234 0.344821 -0.0943721 0.49492 1.07711 0 0
0 0 235 0.698644 0.623355 -0.417285 -0.50245 0 0
0 0 236 1.5495 0.233873 -0.042947 -1.02492 0 0
0 0 237 0.453554 -0.689276 -0.0688682 -0.974853 0 0
0 0 238 1.34268 -0.0116403 1.14986 -0.665414 0 0
0 0 239 -0.116055 -0.634831 -1.04099 -0.437787 0 0
0 0 240 2.42564 1.06706 0.135878 0.0315914 0 0
0 0 241 0.107504 -0.0397678 -0.810241 0.23049 0 0
0 0 242 0.379321 0.29218 1.22696 0.32825 0 0
0 0 243 0.00408053 0.297413 0.596771 -0.627704 0 0
0 0 244 1.675 0.182397 1.12427 -0.944871 0 0
0 0 245 -0.0508575 0.735261 -0.00114038 0.454107 0 0
0 0 246 1.27188 0.742675 -0.521527 -1.09225 0 0
0 0 247 -0.558294 -1.77677 -0.128519 0.727718 0 0
0 0 248 -0.392917 -0.14111 -0.812831 -0.0140033 0 0
0 0 249 0.302281 0.477771 1.85553 -1.25451 0 0
0 0 250 0.0741925 0.110792 1.09166 -0.0524928 0 0
0 0 251 -0.450061 -0.562612 0.128147 -0.649635 0 0
0 0 252 0.456149 -0.810193 0.984832 0.25908 0 0
0 0 253 0.205516 0.148763 1.10913 1.33595 0 0
0 0 254 0.304579 0.49988 -1.0988 -0.044439 0 0
0 0 255 1.43221 0.883712 -0.442145 0.15809 0 0
0 0 256 -0.663804 -0.7014 0.440233 -0.375113 0 0
0 0 257 0.355052 0.569073 -0.48767 -1.43367 0 0
0 0 258 -0.00522126 -0.425066 0.681733 2.05057 0 0
0 0 259 -0.864711 -0.469154 0.930003 1.01664 0 0
0 0 260 -0.244563 0.6719 0.91116 0.80693 0 0
0 0 261 -0.253688 -0.387118 -0.0863352 1.1317 0 0
0 0 262 0.462415 -0.344128 -0.224422 -0.622983 0 0
0 0 263 0.611996 -0.224216 -0.823574 -0.350224 0 0
0 0 264 0.392104 0.641192 -0.679017 0.516995 0 0
0 0 265 0.789161 0.654039 0.452585 0.446373 0 0
0 0 266 -0.72927 0.396815 -0.310756 0.21782 0 0
0 0 267 0.40825 0.959623 -0.848615 -0.0481816 0 0
0 0 268 0.390389 -0.95629 -0.44677 -0.307057 0 0
0 0 269 0.0609805 -0.98795 0.643045 0.227913 0 0
0 0 270 0.801597 1.37545 -0.20071 0.00973339 0 0
0 0 271 1.71578 0.76624 0.424731 -0.0633081 0 0
0 0 272 -0.703689 1.02212 -0.00341291 -0.518489 0 0
0 0 273 -1.54292 -0.488027 0.656177 0.192425 0 0
0 0 274 0.17135 0.478564 0.340162 1.48402 0 0
0 0 275 0.871736 -0.155656 0.395532 0.385876 0 0
0 0 276 -1.93257 -0.0403718 0.379488 1.21072 0 0
0 0 277 0.631293 0.200329 -0.14562 0.519318 0 0
0 0 278 0.806452 0.265911 0.501506 -0.187587 0 0
0 0 279 0.599674 -0.568451 0.755365 -0.533946 0 0
0 0 280 0.642987 0.542536 0.828519 0.0734 0 0
0 0 281 0.302342 -0.139707 0.327364 1.05299 0 0
0 0 282 1.30472 1.2186 -1.21411 -0.310042 0 0
0 0 283 1.03146 -0.570075 0.837728 -0.321261 0 0
0 0 284 0.31982 -0.150115 -0.542031 -1.27393 0 0
0 0 285 0.3063 -1.23843 0.426264 1.28914 0 0
0 0 286 -0.859177 0.48311 -0.183688 0.298199 0 0
0 0 287 -0.82837 -0.714347 -0.0021637 0.103142 0 0
0 0 288 0.396872 0.455656 1.14954 -2.01198 0 0
0 0 289 -1.44222 0.194403 0.681602 -0.260228 0 0
0 0 290 0.223539 0.211871 0.355177 -0.796275 0 0
0 0 291 0.264116 1.09795 0.134552 -0.165158 0 0
0 0 292 0.57094 0.68872 -0.688342 -0.468494 0 0
0 0 293 0.0265071 0.835468 -0.59911 0.602501 0 0
0 0 294 0.95735 -0.390054 -0.94892 1.28931 0 0
0 0 295 0.450129 0.881203 1.0455 -0.642661 0 0
0 0 296 0.943659 0.719265 -0.657131 1.04528 0 0
0 0 297 0.408517 0.66109 1.1914 0.073272 0 0
0 0 298 -0.667296 0.87516 -0.0129582 -0.299591 0 0
0 0 299 -0.359691 -0.556987 -0.316481 -1.27432 0 0
0 0 300 -0.0801142 0.635429 0.365039 2.42449 0 0
0 0 301 0.62677 -0.478035 -0.656587 0.147422 0 0
0 0 302 -0.363909 0.74016 -0.677718 -0.298235 0 0
0 0 303 -0.0102242 -0.0973418 1.32532 0.0263807 0 0
0 0 304 0.617361 0.777292 -0.174681 -0.894305 0 0
0 0 305 0.00996581 0.58318 0.783686 -0.0901326 0 0
0 0 306 0.697747 -0.442388 -0.480032 -0.495478 0 0
0 0 307 -0.38234 1.6111 1.15683 0.0570523 0 0
0 0 308 0.58373 0.132717 -0.760349 -0.657614 0 0
0 0 309 -0.0415741 -0.59042 -0.780057 -0.851445 0 0
0 0 310 -0.0652301 -0.346401 -1.16918 -0.851589 0 0
0 0 311 -0.0179985 -0.654 0.360834 1.1683 0 0
0 0 312 0.291779 0.538593 0.0982572 0.583888 0 0
0 0 313 -0.89628 0.658014 0.402712 -0.837751 0 0
0 0 314 0.717971 1.37366 0.600764 0.134568 0 0
0 0 315 1.33389 1.14271 -1.18992 0.0372196 0 0
0 0 316 -0.444079 0.959092 -0.474233 0.126807 0 0
0 0 317 0.198068 0.230305 -0.64211 -0.275842 0 0
0 0 318 1.66481 0.0790129 -0.0278938 -0.327546 0 0
0 0 319 -0.940393 -0.550918 0.349045 -0.231925 0 0
0 0 320 -0.856977 -0.575143 -1.29781 -0.672053 0 0
0 0 321 0.275896 -1.14321 0.111986 0.0151725 0 0
0 0 322 0.609525 0.335123 1.22021 -0.944079 0 0
0 0 323 0.438313 -0.908084 -0.839203 -0.636038 0 0
0 0 324 0.305208 0.514738 -0.123991 0.812623 0 0
0 0 325 0.351598 -0.0688142 -0.587626 -0.84242 0 0
0 0 326 0.272151 0.493152 -0.25103 -0.44896 0 0
0 0 327 0.925903 0.151863 -0.140518 -1.51108 0 0
0 0 328 -0.186674 -0.362135 -0.569238 -0.138027 0 0
0 0 329 0.607372 -0.587144 1.17696 0.30616 0 0
0 0 330 0.898645 -0.422882 -0.469394 -0.216271 0 0
0 0 331 0.367105 1.58186 -0.879006 0.701654 0 0
0 0 332 -0.0913617 -0.0337763 0.679555 -0.310897 0 0
0 0 333 0.870774 -0.410721 -0.239825 -0.918827 0 0
0 0 334 -0.557137 1.54673 1.14332 -0.0786865 0 0
0 0 335 -0.156632 -0.525999 -0.325081 -0.0248403 0 0
0 0 336 0.975264 0.279447 -1.47006 0.10568 0 0
0 0 337 -0.0599301 1.35891 0.908018 0.209054 0 0
0 0 338 0.00652954 -0.893958 -0.147622 -0.0563271 0 0
0 0 339 -0.0191866 0.188806 1.29701 0.0649698 0 0
0 0 340 0.274318 0.175158 -0.219387 -1.12934 0 0
0 0 341 0.953315 0.58041 -0.521031 -0.0772904 0 0
0 0 342 -0.674727 0.241813 0.314127 -0.299446 0 0
0 0 343 -1.05419 -0.676802 0.221743 -0.464587 0 0
0 0 344 -1.1663 -0.109824 0.262721 -0.568339 0 0
0 0 345 -0.94517 -0.683887 -0.916246 0.183319 0 0
0 0 346 0.118927 -0.356366 0.72046 -1.56225 0 0
0 0 347 1.31882 0.0473264 0.673404 0.294844 0 0
0 0 348 -0.142126 -0.356177 -0.749126 -0.709054 0 0
0 0 349 -0.0355993 -0.56427 -0.646888 0.289266 0 0
0 0 350 0.765995 -0.37385 0.442122 -0.0287681 0 0
0 0 351 -0.474256 -0.0195002 -0.154326 -0.361815 0 0
0 0 352 0.35004 0.0319436 -0.325599 1.01546 0 0
0 0 353 0.741428 -0.342527 0.79874 0.345541 0 0
0 0 354 0.114166 0.449131 0.128341 -0.192853 0 0
0 0 355 -0.93496 0.703159 -0.855936 1.0283 0 0
0 0 356 1.49203 0.481197 -0.850058 -0.271098 0 0
0 0 357 -0.815948 -0.499879 0.795172 -1.15541 0 0
0 0 358 0.403141 0.192056 -0.111027 -1.42036 0 0
0 0 359 -1.28121 -0.718648 0.567547 0.480424 0 0
0 0 360 1.39834 0.51118 0.819907 -0.54093 0 0
0 0 361 0.445981 0.476888 0.219513 1.31376 0 0
0 0 362 -0.562472 0.463939 0.676124 -0.0951441 0 0
0 0 363 -0.210289 1.50692 -1.02563 0.225219 0 0
0 0 364 1.75669 1.51202 0.164099 0.131015 0 0
0 0 365 0.091158 -0.0756913 -0.0267348 1.11902 0 0
0 0 366 0.719392 0.210247 -0.669485 0.401061 0 0
0 0 367 -0.373949 0.317547 -0.143551 -0.102933 0 0
0 0 368 0.0848117 0.792795 -0.551252 -0.992356 0 0
0 0 369 0.577245 0.916105 -0.531422 0.563478 0 0
0 0 370 0.731502 0.37252 1.57051 -0.642479 0 0
0 0 371 0.21384 -0.14168 0.217035 -2.07999 0 0
0 0 372 -0.402836 0.473257 0.516803 0.438354 0 0
0 0 373 0.986944 0.591778 1.24772 0.435408 0 0
0 0 374 0.14047 0.437246 0.800034 0.163359 0 0
0 0 375 -0.00270855 -1.25066 -0.994214 -1.17635 0 0
0 0 376 -0.206018 -0.10523 -0.306248 0.0897512 0 0
0 0 377 -1.61696 -0.091813 -0.25229 -0.232213 0 0
0 0 378 -1.18481 -1.1152 -0.652241 1.59455 0 0
0 0 379 -0.808821 -0.217996 -0.0244504 -0.332431 0 0
0 0 380 0.609256 0.879154 -0.332192 1.12851 0 0
0 0 381 0.948623 -1.05777 0.0653527 0.369042 0 0
0 0 382 -0.7866 0.144794 -0.102265 0.138832 0 0
0 0 383 1.10461 -0.787231 -1.66799 -0.702557 0 0
0 0 384 -0.433656 0.540484 -0.445877 -0.226792 0 0
0 0 385 -0.276978 -0.256022 -0.708952 0.766496 0 0
0 0 386 0.333925 -0.212243 -1.29843 0.295133 0 0
0 0 387 -0.909087 0.54957 1.01816 -0.524322 0 0
0 0 388 -0.47658 -0.479335 -0.181852 -0.964725 0 0
0 0 389 0.287888 -0.0142401 -1.15088 -1.72993 0 0
0 0 390 0.166781 -0.0723947 -0.586266 0.843218 0 0
0 0 391 -0.586136 0.16897 0.421417 -0.877105 0 0
0 0 392 -1.18988 0.54072 -0.299046 0.292897 0 0
0 0 393 -0.363081 0.0623612 0.643199 1.1982 0 0
0 0 394 0.660733 -0.344107 0.114369 0.454257 0 0
0 0 395 0.138816 0.793735 -1.06713 0.689081 0 0
0 0 396 0.948184 0.493259 -0.784159 -0.326632 0 0
0 0 397 0.231141 -0.228079 0.997103 0.0133365 0 0
0 0 398 -0.401617 0.620123 0.485498 0.956385 0 0
0 0 399 -0.0357153 0.502671 -0.130846 -1.07647 0 0
0 0 400 0.639445 -0.852081 -0.480882 -0.881656 0 0
0 0 401 -0.0563563 -0.971365 -0.811156 -0.581711 0 0
0 0 402 -0.218754 0.848102 0.610081 0.108688 0 0
0 0 403 -0.763898 -0.198092 -0.123703 -0.499011 0 0
0 0 404 -0.383617 -0.211495 0.823496 -0.0648745 0 0
0 0 405 0.612278 0.232211 -0.0665476 0.370073 0 0
0 0 406 -0.374918 0.831219 0.37089 -0.490785 0 0
0 0 407 -0.735304 -0.423232 -0.00296706 -0.00696135 0 0
0 0 408 0.0603933 -0.576986 -0.678323 -0.908292 0 0
0 0 409 0.506699 -1.05211 -0.249094 -1.39401 0 0
0 0 410 0.807743 0.0735874 1.44828 0.155929 0 0
0 0 411 0.086943 -0.45328 -0.878544 0.0879414 0 0
0 0 412 -1.43117 0.40565 -0.433618 0.693077 0 0
0 0 413 -0.105346 -0.454598 -0.052495 0.177561 0 0
0 0 414 -0.655579 -0.0751354 0.693605 0.165977 0 0
0 0 415 0.00146872 -0.116072 1.53619 -0.104052 0 0
0 0 416 -0.423938 0.471715 0.984854 -0.686528 0 0
0 0 417 0.223989 0.0225332 -1.1374 -1.11375 0 0
0 0 418 0.31988 0.315248 -1.12081 0.73723 0 0
0 0 419 0.024784 -0.391914 -0.959713 0.860745 0 0
0 0 420 -0.817436 -0.778011 0.648092 -0.347155 0 0
0 0 421 -0.456076 0.784702 -1.21487 0.599053 0 0
0 0 422 0.108297 0.026962 -0.0901535 0.275192 0 0
0 0 423 -0.885151 -1.02246 0.259955 0.526989 0 0
0 0 424 0.0993744 0.14404 -0.0824253 -0.128005 0 0
0 0 425 -0.318843 -0.700579 -0.217016 -0.705377 0 0
0 0 426 -0.713252 0.624837 -0.117729 -0.491848 0 0
0 0 427 0.454448 -0.0264467 0.449015 0.0895264 0 0
0 0 428 -0.459851 0.114659 0.172131 0.517653 0 0
0 0 429 0.42686 -0.525724 -0.554547 0.604731 0 0
0 0 430 -0.610159 0.393206 0.219743 1.74794 0 0
0 0 431 -0.779216 0.605267 0.377676 1.29071 0 0
0 0 432 0.277772 -0.270403 0.21448 1.47242 0 0
0 0 433 0.981834 0.210798 0.474296 -0.562662 0 0
0 0 434 -0.556342 -0.93373 -0.934449 -0.608037 0 0
0 0 435 0.169052 1.28613 0.842782 -0.838082 0 0
0 0 436 0.0479324 -1.28166 0.935552 0.231396 0 0
0 0 437 0.753625 0.625831 -0.797694 0.765272 0 0
0 0 438 0.168594 -0.594641 -0.890436 -0.530386 0 0
0 0 439 0.0647003 -0.524281 0.266032 -0.7151 0 0
0 0 440 -0.136071 -0.432026 -0.211855 -0.411982 0 0
0 0 441 -0.202592 -0.48295 0.695954 -0.850597 0 0
0 0 442 -0.863499 -0.521114 0.549103 -0.542854 0 0
0 0 443 0.0147052 0.652524 -0.445998 0.968652 0 0
0 0 444 1.2536 -0.567857 1.11291 0.069936 0 0
0 0 445 0.414367 -0.777744 -1.04517 0.993169 0 0
0 0 446 0.291938 0.512178 0.846023 0.702344 0 0
0 0 447 0.46262 -0.463911 0.968499 0.693556 0 0
0 0 448 0.501643 0.319274 -0.911146 -1.07647 0 0
0 0 449 0.611824 0.153636 -0.961683 -0.871798 0 0
0 0 450 -0.353614 -0.271624 0.346029 -0.0851728 0 0
0 0 451 -0.156638 0.429122 -0.552344 0.145242 0 0
0 0 452 0.162201 0.407135 -0.860269 -0.885844 0 0
0 0 453 0.428955 -0.447353 -0.446252 -0.221709 0 0
0 0 454 0.0791759 -0.244327 -0.450242 -0.351023 0 0
0 0 455 0.0976178 0.919922 0.157008 0.669131 0 0
0 0 456 1.38188 0.506035 -0.157275 -0.701171 0 0
0 0 457 -1.27019 -0.445536 0.209228 0.704399 0 0
0 0 458 0.294356 -0.530141 1.21853 -0.407126 0 0
0 0 459 0.601527 0.810591 -0.107391 -1.0977 0 0
0 0 460 -0.001802 0.446508 -0.529624 -0.399769 0 0
0 0 461 0.401468 -0.173568 0.579867 -0.355487 0 0
0 0 462 -0.579383 0.72854 1.22821 -0.480433 0 0
0 0 463 1.07575 -1.14694 -0.738345 0.656902 0 0
0 0 464 1.12756 0.451296 -0.325562 0.952496 0 0
0 0 465 0.358956 0.58986 0.54401 -0.851453 0 0
0 0 466 -0.181077 0.393716 0.296921 0.861821 0 0
0 0 467 0.506311 -1.53185 -0.0467253 1.49786 0 0
0 0 468 -0.321824 0.404923 -0.747261 -1.65671 0 0
0 0 469 1.23971 1.00779 -0.212116 -1.01044 0 0
0 0 470 0.0453281 0.317965 0.899923 0.335811 0 0
0 0 471 -0.771134 -0.600846 -0.777612 0.966988 0 0
0 0 472 0.908976 0.0158224 0.745705 -1.09809 0 0
0 0 473 0.581751 0.683279 -0.531765 -0.324323 0 0
0 0 474 0.620005 -0.790773 0.0897391 -0.317767 0 0
0 0 475 0.293458 0.491608 -0.257276 -0.398024 0 0
0 0 476 0.336161 1.3524 0.87039 0.441605 0 0
0 0 477 -1.04403 -1.24959 0.104352 1.0626 0 0
0 0 478 0.174567 -0.337352 0.569722 0.582722 0 0
0 0 479 0.0316513 0.370318 0.378013 -0.420889 0 0
0 0 480 0.857244 -0.373722 -0.110152 0.436604 0 0
0 0 481 0.468761 1.90427 -0.348558 0.0614164 0 0
0 0 482 0.838702 -0.519371 -1.29555 0.599739 0 0
0 0 483 -0.231924 1.4328 0.440348 1.07859 0 0
0 0 484 0.0352884 -1.43212 1.47161 -0.717148 0 0
0 0 485 -0.434702 -0.922298 -0.577269 -0.823191 0 0
0 0 486 0.750927 -0.245196 -1.44148 -0.0589235 0 0
0 0 487 -0.478317 -0.00778417 0.751453 0.297548 0 0
0 0 488 -0.830495 0.472567 0.00287412 0.514126 0 0
0 0 489 -0.732345 -1.08446 0.713788 -1.14557 0 0
0 0 490 0.215922 0.612681 -0.569387 0.807384 0 0
0 0 491 -0.35754 -1.16911 0.377163 -0.705302 0 0
0 0 492 0.442215 -0.0734029 0.627198 0.0576159 0 0
0 0 493 0.309689 0.916268 1.05434 -0.19273 0 0
0 0 494 -0.730106 -0.984044 0.932743 0.887975 0 0
0 0 495 -0.261208 -0.983644 -0.118941 0.822606 0 0
0 0 496 -1.00021 -0.227823 -0.797747 0.276483 0 0
0 0 497 -0.159694 -0.050424 0.35696 -0.781793 0 0
0 0 498 -1.21731 0.31586 -1.4361 0.370885 0 0
0 0 499 -0.280088 0.626956 -0.284603 0.169362 0 0
0 0 500 0.0530376 0.278411 0.162108 -0.0280761 0 0
0 0 501 -1.0497 0.319827 0.547834 0.323884 0 0
0 0 502 0.161608 1.12646 0.966093 -0.112515 0 0
0 0 503 -1.25045 0.0798693 -0.38931 -0.141232 0 0
0 0 504 0.374942 -0.957424 1.00713 0.056562 0 0
0 0 505 -0.489089 -0.518947 0.351556 -0.508979 0 0
0 0 506 -0.177075 -0.587286 -0.931942 0.379177 0 0
0 0 507 0.279229 -0.836185 0.0488428 1.09842 0 0
0 0 508 -0.269325 -1.12456 -0.433029 0.109679 0 0
0 0 509 0.774015 0.264385 0.332505 -0.677662 0 0
0 0 510 -1.03454 0.101904 -0.0230014 1.14607 0 0
0 0 511 -0.100668 -0.322062 0.324604 -1.34841 0 0
0 0 512 1.37319 0.697715 0.953585 -0.523188 0 0
0 0 513 -0.241689 1.13973 -0.391306 -0.153286 0 0
0 0 514 -0.330522 -0.677607 0.997621 0.633506 0 0
0 0 515 0.394589 -0.156714 0.0648682 -0.176153 0 0
0 0 516 -0.15442 -0.651212 1.12386 -0.116164 0 0
0 0 517 1.44093 -0.220705 -0.503388 -0.198113 0 0
0 0 518 0.714531 0.102908 1.05046 0.00919723 0 0
0 0 519 -0.899184 -0.569305 0.726526 0.0567548 0 0
0 0 520 0.363889 0.122337 -1.60405 -0.605063 0 0
0 0 521 -0.260177 -0.335952 -0.072321 -0.352622 0 0
0 0 522 0.364086 1.5674 -1.02519 -0.374011 0 0
0 0 523 0.668104 -0.448881 0.0515859 -0.548822 0 0
0 0 524 0.32 -0.254979 -0.21621 0.331598 0 0
0 0 525 0.434786 -0.60525 0.392488 -0.0367049 0 0
0 0 526 0.150494 0.16577 1.17352 -0.604149 0 0
0 0 527 0.640006 0.665605 -0.17913 0.706775 0 0
0 0 528 -0.409688 -1.46325 0.898084 -1.2251 0 0
0 0 529 0.0752576 -0.14373 -1.12804 -0.211214 0 0
0 0 530 -0.763587 0.598396 0.0461389 -0.903164 0 0
0 0 531 -0.110467 -0.408289 0.086974 -1.75247 0 0
0 0 532 0.265871 -0.447732 0.417785 0.104817 0 0
0 0 533 -0.986429 -0.485527 0.766649 0.0885068 0 0
0 0 534 -0.221898 -0.670115 -0.228286 -0.874048 0 0
0 0 535 -0.534644 -0.789602 0.620615 0.322815 0 0
0 0 536 -0.109857 -0.297379 0.810751 -0.0153331 0 0
0 0 537 -0.147098 -0.556354 0.378794 0.367198 0 0
0 0 538 1.09004 -0.58849 -0.278609 -0.0951439 0 0
0 0 539 1.00725 0.677335 -0.0878048 -0.25531 0 0
0 0 540 0.464026 -0.21334 -0.108295 -0.544397 0 0
0 0 541 1.23341 -0.370885 -1.1538 0.0994432 0 0
0 0 542 -0.731318 -0.0727633 -0.414605 -0.298365 0 0
0 0 543 0.810691 -0.253405 0.482716 -1.05443 0 0
0 0 544 0.222792 -1.18378 -0.447066 0.825588 0 0
0 0 545 -0.0349914 -0.546807 -0.271315 -0.511372 0 0
0 0 546 0.0556972 -0.515154 0.22469 1.07973 0 0
0 0 547 -0.100333 -0.774619 -0.86481 -0.971699 0 0
0 0 548 0.332094 -1.1501 0.700699 0.853168 0 0
0 0 549 0.598131 -0.984677 0.31701 -1.18055 0 0
0 0 550 -0.185795 -0.455984 -0.86758 -0.652547 0 0
0 0 551 1.09169 -0.090659 -0.445856 -0.945932 0 0
0 0 552 0.127583 2.41571 -0.240172 -0.556514 -2.83888 8.54155
0 0 553 -0.358049 0.162339 0.985269 0.134149 0 0
0 0 554 0.170055 -0.583192 0.407866 -0.187724 0 0
0 0 555 -0.22959 -0.449888 0.559532 0.511251 0 0
0 0 556 0.465298 -0.655374 -0.69416 -0.750299 0 0
0 0 557 -1.01604 -0.104138 -0.188845 -0.246743 0 0
0 0 558 0.211313 0.0797003 -0.824399 0.336847 0 0
0 0 559 -0.439913 -0.985637 1.24467 0.554354 0 0
0 0 560 0.0616376 -0.412717 0.470557 -1.40761 0 0
0 0 561 0.350509 -0.106039 0.717122 0.898848 0 0
0 0 562 -0.32863 0.666022 -0.165611 -0.551575 0 0
0 0 563 0.420823 -0.387717 1.35222 -0.33336 0 0
0 0 564 0.507991 -0.799822 0.00156133 -0.525498 0 0
0 0 565 -0.00456589 -1.17913 1.45688 -1.0514 0 0
0 0 566 0.00163111 0.0732678 0.256855 0.304607 0 0
0 0 567 0.0638326 -0.924265 -0.223419 0.510818 0 0
0 0 568 0.100638 1.13288 0.219168 0.294966 0 0
0 0 569 0.521928 0.332352 -0.531286 0.505871 0 0
0 0 570 -0.285444 -0.224957 1.00966 0.0709416 0 0
0 0 571 0.323119 0.577758 0.0788667 -0.570978 0 0
0 0 572 -0.442759 -0.261599 0.113805 -0.693338 0 0
0 0 573 -0.560383 -0.179017 -0.476065 0.257697 0 0
0 0 574 -0.334695 0.581646 0.444292 0.563176 0 0
0 0 575 0.82759 1.07783 0.120007 -0.418961 0 0
0 0 576 1.6681 0.0339799 -0.327635 -0.545816 0 0
0 0 577 0.91706 0.487506 -0.613985 -0.12459 0 0
0 0 578 -0.0562536 -0.777473 0.797059 0.620061 0 0
0 0 579 0.0990404 0.103104 -1.09314 0.610557 0 0
0 0 580 0.462803 -0.763696 0.0652078 0.221674 0 0
0 0 581 -0.260213 0.847668 0.663567 0.154769 0 0
0 0 582 -0.670586 -0.504848 -0.387764 1.29563 0 0
0 0 583 -0.56526 -0.760991 0.452283 -0.152024 0 0
0 0 584 0.066259 -0.672922 0.647811 -0.180942 0 0
0 0 585 -1.01477 0.885746 -0.659323 -0.854092 0 0
0 0 586 1.54958 0.239818 -0.0293054 -0.621216 0 0
0 0 587 0.907159 -0.790386 -0.856019 -0.262607 0 0
0 0 588 0.0706576 0.476192 0.130163 1.0432 0 0
0 0 589 0.409793 -0.899075 -0.7942 0.172318 0 0
0 0 590 -0.161421 -0.0410608 0.475787 -0.994898 0 0
0 0 591 -0.0636066 -0.461261 -0.574446 -0.925388 0 0
0 0 592 0.0765513 0.772891 0.454488 0.0442862 0 0
0 0 593 -0.448139 0.805683 0.454639 -0.343025 0 0
0 0 594 0.473812 1.10517 0.197249 -0.566411 0 0
0 0 595 -0.337501 -0.283445 0.151354 0.119593 0 0
0 0 596 -0.472677 1.16433 1.42484 -0.274859 0 0
0 0 597 0.000810087 0.945851 -0.878549 0.502411 0 0
0 0 598 0.81456 0.271595 -1.09724 -0.672522 0 0
0 0 599 0.190122 0.447536 1.37063 1.09233 0 0
0 0 600 0.122808 0.675984 0.378938 0.183397 0 0
0 0 601 0.392383 0.100109 -0.112366 -0.536039 0 0
0 0 602 0.365845 -0.854553 -0.567052 0.167902 0 0
0 0 603 0.649861 -0.674981 -0.869687 -0.908593 0 0
0 0 604 -0.123137 0.596271 0.645991 0.977662 0 0
0 0 605 -0.953975 0.374588 -0.193653 -0.199387 0 0
0 0 606 0.445292 0.544615 -0.293362 -0.279983 0 0
0 0 607 1.66956 0.158485 0.204796 -0.301608 0 0
0 0 608 0.641559 -0.348744 0.153833 0.799387 0 0
0 0 609 -0.265034 -1.00147 -0.798006 0.339004 0 0
0 0 610 -0.0376376 1.11955 0.819849 -0.318862 0 0
0 0 611 0.889216 -0.0595737 -0.544163 -0.409575 0 0
0 0 612 0.504244 -0.274245 -0.0607692 0.323694 0 0
0 0 613 -0.817338 -1.12405 -0.653576 0.406801 0 0
0 0 614 0.545074 -1.08113 0.761496 0.136826 0 0
0 0 615 0.456141 1.44421 1.01062 0.75478 0 0
0 0 616 -0.221055 -0.643931 0.391069 -0.460117 0 0
0 0 617 -1.52887 -0.582358 -0.604708 -0.406777 0 0
0 0 618 -0.0690566 1.03892 0.374823 -0.174346 0 0
0 0 619 0.179544 -0.333472 0.173748 0.690408 0 0
0 0 620 0.712055 1.43422 -0.390742 -0.580033 0 0
0 0 621 0.05699 -0.166081 0.1132 0.530158 0 0
0 0 622 0.270267 -0.17158 0.918588 -0.739136 0 0
0 0 623 -0.112281 0.509933 0.241497 0.985532 0 0
0 0 624 -0.769679 0.101396 -0.292279 0.604816 0 0
0 0 625 0.153815 -0.14427 -0.0456222 -0.431977 0 0
0 0 626 -0.572277 -0.449174 0.772634 -0.450753 0 0
0 0 627 1.26636 -0.064526 -0.0928996 -0.0448299 0 0
0 0 628 0.293867 0.114735 0.509842 0.306109 0 0
0 0 629 0.062788 -0.263494 0.371716 -0.491911 0 0
0 0 630 -0.816193 -1.1092 -1.27405 1.38098 0 0
0 0 631 0.492729 -0.365739 -0.760361 -0.891219 0 0
0 0 632 -0.250042 -0.0373647 0.237264 -0.133477 0 0
0 0 633 -0.198391 0.607763 1.33492 0.0794331 0 0
0 0 634 0.166305 -0.395588 -0.40121 -0.992946 0 0
0 0 635 -0.00444094 0.167711 -0.00192774 -0.0315974 0 0
0 0 636 -0.00581658 1.10344 0.716559 -0.472737 0 0
0 0 637 -0.562556 -0.175406 -1.47138 -0.35127 0 0
0 0 638 0.385802 0.111405 0.792266 0.427761 0 0
0 0 639 0.0289849 -0.104209 0.562699 -0.870717 0 0
0 0 640 1.43844 0.586988 -0.240983 0.457059 0 0
0 0 641 0.826208 -0.515787 1.21656 -0.0468288 0 0
0 0 642 -0.21673 1.4899 -0.615143 -1.09815 0 0
0 0 643 0.623295 -0.664931 1.05614 0.695296 0 0
0 0 644 0.381279 -0.727202 0.571175 -0.447827 0 0
0 0 645 -0.631563 0.438056 0.155594 0.0430416 0 0
0 0 646 0.807324 0.0472091 1.13124 1.79075 0 0
0 0 647 0.776008 1.31113 -0.253189 -0.104033 0 0
0 0 648 -0.409189 -0.841696 -0.273717 0.256491 0 0
0 0 649 -1.10731 0.451026 0.712055 -1.07928 0 0
0 0 650 -0.419664 0.575358 0.574933 -0.712655 0 0
0 0 651 -0.700465 1.1549 -0.0824933 -0.806507 0 0
0 0 652 -0.610383 1.06533 -0.220858 0.572373 0 0
0 0 653 0.316756 0.149165 1.04102 0.15379 0 0
0 0 654 0.176171 -0.0116409 0.365849 -0.199148 0 0
0 0 655 -0.27618 0.0710438 -0.860188 -0.337764 0 0
0 0 656 -0.819269 0.297306 -0.64393 -0.323853 0 0
0 0 657 -1.27476 0.422085 0.18059 0.694617 0 0
0 0 658 0.228976 0.611725 -0.488828 -0.321801 0 0
0 0 659 -0.0588796 -0.119414 -0.140387 -0.102192 0 0
0 0 660 0.60443 -1.09575 -0.0347353 -1.83385 0 0
0 0 661 -0.0573734 0.695845 0.251777 0.455407 0 0
0 0 662 1.15072 1.41908 -0.382936 -0.419308 0 0
0 0 663 -0.286467 0.481363 0.99783 -1.34278 0 0
0 0 664 -0.52528 0.724731 -1.5358 -0.224083 0 0
0 0 665 -0.435884 -1.18579 -0.407299 0.239271 0 0
0 0 666 -0.0918106 1.02199 -0.112584 0.0820702 0 0
0 0 667 -0.692097 0.0333385 -1.69059 0.31401 0 0
0 0 668 -0.93563 -0.881367 -0.249633 -0.296775 0 0
0 0 669 0.39422 1.11725 0.249577 -1.43089 0 0
0 0 670 0.824502 0.609123 0.649739 -0.563565 0 0
0 0 671 0.307921 0.0246895 -0.0517306 -0.565114 0 0
0 0 672 0.652546 -0.895181 0.124223 0.960088 0 0
0 0 673 -0.204296 -0.0629666 0.62674 -0.109801 0 0
0 0 674 0.411821 -0.138316 -0.921606 0.899095 0 0
0 0 675 -0.138866 1.66737 -0.430342 0.407572 0 0
0 0 676 -0.492138 0.427932 -0.0393129 0.0720021 0 0
0 0 677 -0.462349 0.607516 0.215939 -1.2759 0 0
0 0 678 0.184009 -0.871729 -0.906621 -0.454075 0 0
0 0 679 -0.532702 0.36414 -0.536674 0.142302 0 0
0 0 680 -0.708555 0.975684 0.44216 -0.164026 0 0
0 0 681 0.576471 -0.373428 0.360126 -0.297712 0 0
0 0 682 1.22054 -1.03112 0.433808 -0.287289 0 0
0 0 683 -1.08163 0.715407 0.233591 0.751808 0 0
0 0 684 0.528608 0.586914 1.89648 -0.143128 0 0
0 0 685 0.94142 0.57982 -0.777702 0.648335 0 0
0 0 686 1.15752 -0.612933 0.290526 -0.981896 0 0
0 0 687 -0.133387 0.89835 -1.17997 -0.234582 0 0
0 0 688 0.613232 0.835088 0.166142 2.00836 0 0
0 0 689 0.24952 0.282451 -0.518807 -0.0734082 0 0
0 0 690 0.0158507 -1.23864 0.512024 0.740829 0 0
0 0 691 -1.03377 0.0865252 0.455947 -0.161956 0 0
0 0 692 0.463148 -0.0398245 0.540447 -0.570467 0 0
0 0 693 0.464329 -0.162679 -0.831895 0.693683 0 0
0 0 694 0.687179 0.323972 0.293002 -0.777432 0 0
0 0 695 0.722024 0.462556 0.181825 -0.308354 0 0
0 0 696 0.232509 0.452435 -0.383406 0.151755 0 0
0 0 697 0.0546167 0.311673 -2.01216 -0.0717733 0 0
0 0 698 -1.23689 1.27829 1.24493 -0.262829 0 0
0 0 699 -0.390451 -0.0616853 -0.902507 -0.652934 0 0
0 0 700 -0.732464 -1.21868 -0.231533 -0.569686 0 0
0 0 701 -0.996427 -0.185079 -0.577509 -0.33413 0 0
0 0 702 -0.753811 -0.434983 0.56006 -0.694831 0 0
0 0 703 0.129013 0.247799 -0.441138 -0.811638 0 0
0 0 704 0.512485 -0.394445 0.550201 -0.0499726 0 0
0 0 705 -0.0736629 -0.186782 0.0144807 0.164815 0 0
0 0 706 0.522958 -0.0931157 -1.06233 1.07258 0 0
0 0 707 -0.881507 -0.261469 0.222273 -0.676941 0 0
0 0 708 -0.380695 -0.158154 -0.882436 0.407852 0 0
0 0 709 -0.202677 -0.435184 0.140668 -1.56335 0 0
0 0 710 -0.177179 -0.598727 0.453792 0.0162556 0 0
0 0 711 -1.25945 -0.29541 -1.1689 -0.51413 0 0
0 0 712 0.692465 -1.05875 0.376103 -0.0511191 0 0
0 0 713 -0.63561 0.173289 0.507464 -1.03223 0 0
0 0 714 0.0332312 -0.360009 0.19956 -0.676028 0 0
0 0 715 -0.567977 0.583652 -0.716317 0.317796 0 0
0 0 716 1.29678 0.14707 0.616424 0.268945 0 0
0 0 717 0.263631 0.185119 -1.19764 -0.306029 0 0
0 0 718 -0.612606 -0.446927 1.49152 -0.837179 0 0
0 0 719 1.09148 -0.682819 -0.250462 -1.18039 0 0
0 0 720 0.492908 0.512856 0.151403 -1.0525 0 0
0 0 721 0.143417 0.64288 0.346395 0.605655 0 0
0 0 722 -0.316713 0.527859 1.22248 -1.09124 0 0
0 0 723 0.629201 0.678338 -0.437212 0.191642 0 0
0 0 724 0.348466 -0.422464 -0.202279 -0.475165 0 0
0 0 725 0.387399 0.312309 0.330704 -0.457783 0 0
0 0 726 -0.237833 0.114949 0.951936 0.0489432 0 0
0 0 727 1.93545 -0.475559 -0.412715 -0.0709913 0 0
0 0 728 -0.56471 -0.499178 -1.34305 0.576012 0 0
0 0 729 0.245577 -0.237306 1.04753 -0.00727948 0 0
0 0 730 0.786077 0.0806964 -0.87166 0.120531 0 0
0 0 731 0.400784 0.63129 -0.678562 -0.803162 0 0
0 0 732 -0.328406 -0.979169 -0.226363 -0.0393623 0 0
0 0 733 0.861345 1.26758 1.17591 -0.766048 0 0
0 0 734 0.681878 -0.0931618 0.825598 0.177092 0 0
0 0 735 0.0327154 -0.425231 0.637282 -1.67847 0 0
0 0 736 0.87757 -0.0165603 0.14168 0.0784539 0 0
0 0 737 0.41198 1.03624 0.427764 0.742829 0 0
0 0 738 0.39666 1.13754 0.0474994 -1.9576 0 0
0 0 739 0.457655 -0.0983755 -0.0538759 -0.505332 0 0
0 0 740 -0.945847 -0.30007 0.198146 -1.06322 0 0
0 0 741 0.000756823 0.114251 -1.07134 -0.489933 0 0
0 0 742 0.668381 0.0736822 -0.105793 0.618129 0 0
0 0 743 -0.0931349 -0.870133 -0.359926 -0.231595 0 0
0 0 744 -0.109382 0.0896547 0.0671611 0.573958 0 0
0 0 745 -0.912442 0.150518 -0.618874 -1.21835 0 0
0 0 746 1.50192 0.104084 1.00883 1.09437 0 0
0 0 747 1.55673 0.300146 0.320639 -0.83027 0 0
0 0 748 -0.687334 -0.0143506 0.264189 -0.421106 0 0
0 0 749 0.0117851 -0.285677 0.679727 -0.819512 0 0
0 0 750 -0.0726711 -0.566757 -0.650825 0.474843 0 0
0 0 751 -1.13127 -0.21322 -0.489223 -0.0686494 0 0
0 0 752 -0.790436 -0.106236 0.513934 -0.613775 0 0
0 0 753 0.626934 -0.170508 0.625078 0.357907 0 0
0 0 754 -1.27782 -1.21728 1.32555 1.11445 0 0
0 0 755 -0.47579 -0.213227 -1.02897 -0.820865 0 0
0 0 756 1.29345 -0.812278 1.12305 0.540336 0 0
0 0 757 1.33585 -0.0954276 0.142383 -0.199653 0 0
0 0 758 -0.53845 -0.111504 0.748894 0.396511 0 0
0 0 759 0.350346 -0.608787 0.981869 -0.0611961 0 0
0 0 760 -0.191189 0.0465813 -0.0284298 -1.11985 0 0
0 0 761 -0.0384533 0.278576 -0.0494367 -0.38117 0 0
0 0 762 0.195089 0.397441 0.102771 -0.235167 0 0
0 0 763 -0.280229 -1.21229 0.335084 0.248023 0 0
0 0 764 -1.36627 -1.15512 -0.815276 1.1624 0 0
0 0 765 -0.0873421 -1.59327 -0.212009 0.670168 0 0
0 0 766 -0.256926 -1.25643 0.324956 -0.587212 0 0
0 0 767 0.501916 0.449832 -0.0256203 0.564216 0 0
0 0 768 1.26316 -0.234319 -1.09942 0.128837 0 0
0 0 769 0.826325 0.663295 0.26452 -0.734091 0 0
0 0 770 0.149219 -0.536551 0.63505 0.222182 0 0
0 0 771 -0.251728 -0.216296 0.229922 1.02555 0 0
0 0 772 -0.646254 0.731127 0.292466 -0.290747 0 0
0 0 773 -0.213683 -1.02219 -0.739982 -0.931186 0 0
0 0 774 0.026514 -0.20896 -0.274958 -0.606028 0 0
0 0 775 0.359013 -0.388611 -0.521362 -0.415961 0 0
0 0 776 0.380096 -0.191193 0.409737 0.327963 0 0
0 0 777 0.0621115 -0.111002 -0.351032 -0.684708 0 0
0 0 778 0.0693778 0.34814 -0.364893 -0.849253 0 0
0 0 779 -0.590353 -1.33111 -0.225765 0.935701 0 0
0 0 780 0.0521057 -0.880042 -0.0680465 -0.891864 0 0
0 0 781 -0.0793522 0.0358125 -1.53921 -1.03762 0 0
0 0 782 0.479798 -0.732384 0.9943 0.268126 0 0
0 0 783 -1.38852 -0.701345 -0.0633728 0.0998939 0 0
0 0 784 1.03029 -1.05076 1.0838 0.498298 0 0
0 0 785 -0.316575 -1.19775 1.17302 0.0294148 0 0
0 0 786 0.48607 0.0182524 1.14124 -0.0268195 0 0
0 0 787 0.637368 0.246707 0.198137 -0.727176 0 0
0 0 788 0.777596 1.23741 -0.361375 0.11894 0 0
0 0 789 -0.708254 0.546396 0.00336274 0.502832 0 0
0 0 790 -1.17871 -0.394818 -0.385004 0.0843449 0 0
0 0 791 0.687992 -0.747438 -0.104845 -0.164154 0 0
0 0 792 -0.220531 -0.664982 0.812519 0.09732 0 0
0 0 793 0.925129 -0.240096 1.21 -0.196555 0 0
0 0 794 0.332628 -0.436153 1.1799 0.696068 0 0
0 0 795 -0.00791082 -0.477006 -0.313278 -0.594903 0 0
0 0 796 0.121024 -0.466288 -0.28288 -0.686299 0 0
0 0 797 1.41245 -0.683798 -0.958259 -0.268216 0 0
0 0 798 0.42351 -1.10836 1.04017 -0.023971 0 0
0 0 799 0.740842 0.642663 0.784992 0.438059 0 0
0 0 800 -0.424473 0.193024 0.299813 0.308878 0 0
0 0 801 0.33265 0.732881 -0.145844 0.12202 0 0
0 0 802 -0.137045 -1.15058 1.82069 -0.113017 0 0
0 0 803 -0.113499 0.350308 -0.935024 -1.05411 0 0
0 0 804 0.721504 0.220649 0.441887 -1.04598 0 0
0 0 805 1.08566 -0.376447 -0.116116 -0.622547 0 0
0 0 806 -0.00382334 -1.12759 -0.454631 1.35476 0 0
0 0 807 -0.315059 1.05853 0.333606 -0.608538 0 0
0 0 808 0.486169 0.102724 0.706956 -1.19569 0 0
0 0 809 0.719052 -0.0373679 1.09321 -1.454 0 0
0 0 810 -1.11297 -0.675892 0.766177 -0.243481 0 0
0 0 811 0.41815 -0.339473 -0.407126 -0.431845 0 0
0 0 812 0.044806 0.868562 -0.460779 -1.08857 0 0
0 0 813 -1.28036 -0.0928378 0.594711 0.491444 0 0
0 0 814 0.409696 -0.442563 -0.481595 -0.207589 0 0
0 0 815 0.821534 0.38252 -0.290009 -0.0917418 0 0
0 0 816 -0.602485 -0.261756 -0.297201 0.670153 0 0
0 0 817 -1.25226 -1.2142 -0.795144 -0.256763 0 0
0 0 818 0.198789 -0.652114 1.52156 0.530127 0 0
0 0 819 -0.464114 -0.582693 0.714519 -0.61949 0 0
0 0 820 -0.274577 0.649725 1.29721 0.161213 0 0
0 0 821 0.0784546 0.458116 0.418626 -0.192383 0 0
0 0 822 1.64095 0.526007 -0.0370549 0.773288 0 0
0 0 823 0.567902 0.663256 -0.122294 -0.340338 0 0
0 0 824 0.491057 -0.720273 -0.136969 0.0866448 0 0
0 0 825 0.74922 0.465112 0.946772 -0.0129568 0 0
0 0 826 0.368533 0.714017 1.09576 -0.695972 0 0
0 0 827 0.0139679 1.19654 0.496673 0.113802 0 0
0 0 828 -0.948808 -1.26298 0.0569591 -1.07283 0 0
0 0 829 0.530989 -0.296356 0.453226 0.0288008 0 0
0 0 830 -0.104071 -0.103333 -0.707492 0.341553 0 0
0 0 831 -1.41872 0.11841 0.249642 -0.514196 0 0
0 0 832 -1.21049 -0.356137 -0.5969 -0.462857 0 0
0 0 833 -0.175777 0.0646987 -0.450155 -0.393982 0 0
0 0 834 0.664163 -0.52742 1.61027 -0.40043 0 0
0 0 835 -0.137128 0.186773 -0.0577771 -0.0553914 0 0
0 0 836 0.630978 0.949137 0.358735 -0.531334 0 0
0 0 837 0.916139 0.531751 0.43362 0.377441 0 0
0 0 838 0.3079 -0.128819 -0.850504 -0.35662 0 0
0 0 839 0.662472 0.0662809 0.760409 0.696897 0 0
0 0 840 0.478491 0.34013 0.623413 -0.652794 0 0
0 0 841 -0.183347 -0.0611475 1.31529 -0.434732 0 0
0 0 842 -0.735808 -0.465157 -0.124818 -0.00445862 0 0
0 0 843 -0.431768 0.16994 0.346968 -1.14137 0 0
0 0 844 -0.269117 -0.128551 0.123097 0.210412 0 0
0 0 845 -1.28782 -0.0979739 -1.12526 -0.31237 0 0
0 0 846 0.6844 -0.257575 0.236006 0.157748 0 0
0 0 847 0.127055 0.466195 0.986025 -0.766005 0 0
0 0 848 0.355593 -0.289165 -0.550837 -0.896957 0 0
0 0 849 0.203751 1.24281 -0.270801 0.0789697 0 0
0 0 850 -0.155898 0.0331842 0.628699 1.02931 0 0
0 0 851 0.163533 0.0901232 0.232718 -0.404438 0 0
0 0 852 0.885194 0.0866772 -0.689907 0.441258 0 0
0 0 853 -1.01245 0.779144 -0.351232 0.228172 0 0
0 0 854 0.648134 0.391521 0.505847 0.161235 0 0
0 0 855 0.631599 -0.0714356 0.690376 0.369818 0 0
0 0 856 -0.0646806 0.366336 -0.403759 -0.0145823 0 0
0 0 857 -0.0822857 0.912021 0.426966 -0.187392 0 0
0 0 858 -0.0583506 0.342322 -0.413555 -0.339606 0 0
0 0 859 0.0657978 0.299176 0.571511 -1.29532 0 0
0 0 860 -1.32622 0.988083 -0.782749 -1.02998 0 0
0 0 861 1.09029 -0.0245898 0.554783 0.840213 0 0
0 0 862 0.42923 0.985641 0.322296 -0.223586 0 0
0 0 863 1.0773 -0.537906 -0.155677 -0.442837 0 0
0 0 864 0.255566 -0.649946 0.703139 -0.314018 0 0
0 0 865 0.369591 0.00246409 1.49015 -0.308355 0 0
0 0 866 0.367189 -0.0963087 -0.0180034 0.0549792 0 0
0 0 867 1.25839 -0.718654 0.972817 0.439423 0 0
0 0 868 0.574503 0.905464 -0.801264 0.33642 0 0
0 0 869 -0.19675 -0.191538 -0.541504 0.451745 0 0
0 0 870 0.642266 0.972631 0.569173 0.49398 0 0
0 0 871 1.67923 0.827989 0.248208 -0.69117 0 0
0 0 872 -0.766155 0.584093 0.76493 0.17781 0 0
0 0 873 -0.163565 -0.376002 0.799543 -0.422442 0 0
0 0 874 1.76426 -0.0124196 0.613319 0.244385 0 0
0 0 875 -0.948958 -0.326033 0.238769 -0.877334 0 0
0 0 876 -0.247583 0.716597 1.10619 0.0865912 0 0
0 0 877 -0.451119 -1.18989 0.369658 -1.37253 0 0
0 0 878 0.497156 0.142686 -0.301366 0.348746 0 0
0 0 879 -0.112069 -1.05308 -0.484732 -1.01709 0 0
0 0 880 -0.152237 -0.602333 1.84554 0.842632 0 0
0 0 881 -0.1464 -0.520395 0.638903 -0.0639673 0 0
0 0 882 0.31802 0.736645 0.148945 -1.11317 0 0
0 0 883 -0.753193 1.96131 -0.0246349 -0.924525 0 0
0 0 884 0.527412 -0.38362 -0.120658 0.103145 0 0
0 0 885 -0.917159 0.564246 -0.65097 -2.10102 0 0
0 0 886 -0.0290967 -0.768597 0.900929 0.223296 0 0
0 0 887 -0.706117 0.881598 -0.0553013 0.0414272 0 0
0 0 888 1.03621 1.07296 0.455729 1.51583 0 0
0 0 889 0.323336 0.744579 1.29947 -1.35536 0 0
0 0 890 -0.538021 -0.44458 0.453938 -0.295781 0 0
0 0 891 0.288629 1.1437 0.967834 0.189774 0 0
0 0 892 -0.0122248 -0.035608 0.757698 -0.380848 0 0
0 0 893 -0.0745884 -0.183907 -0.996153 0.59191 0 0
0 0 894 0.172433 -0.133104 0.580582 -0.777197 0 0
0 0 895 0.545127 -0.296142 -0.609412 -1.35676 0 0
0 0 896 -0.880826 0.334545 -0.046337 -0.879388 0 0
0 0 897 1.22213 0.386482 -0.330023 0.242204 0 0
0 0 898 0.379487 0.963703 0.422515 1.1132 0 0
0 0 899 -0.819477 -0.36483 1.03392 -1.66398 0 0
0 0 900 0.28683 0.0547019 -0.416539 0.159094 0 0
0 0 901 -0.0553429 -0.0562115 0.661983 -0.0106688 0 0
0 0 902 0.671107 0.424852 -0.594757 -0.722609 0 0
0 0 903 -0.380249 -0.736624 -0.4193 0.646305 0 0
0 0 904 -0.885917 0.439931 -0.814721 0.424259 0 0
0 0 905 0.345483 -0.58867 1.15156 -0.0114134 0 0
0 0 906 -1.74698 -1.53877 0.6671 -0.745647 0 0
0 0 907 -0.379853 -0.403691 1.54662 -0.36133 0 0
0 0 908 0.317745 -0.0930489 0.303351 0.461823 0 0
0 0 909 1.39838 -0.0843595 0.927383 0.00903532 0 0
0 0 910 1.06901 -0.593273 0.365384 0.239082 0 0
0 0 911 0.229673 -0.266047 0.91982 -0.115454 0 0
0 0 912 -0.416678 -0.295823 0.222849 0.436479 0 0
0 0 913 0.282939 0.196836 0.187434 -0.483932 0 0
0 0 914 -0.69983 0.164274 1.31003 -1.16973 0 0
0 0 915 1.54894 0.224971 0.168013 -0.237099 0 0
0 0 916 -0.742522 0.629172 -1.00278 0.280031 0 0
0 0 917 0.353557 1.01629 1.17638 -0.0306175 0 0
0 0 918 0.814268 -0.0899915 -0.896749 1.08317 0 0
0 0 919 -0.13718 0.788822 -0.279263 0.51527 0 0
0 0 920 -0.0831213 0.0539741 0.688084 -0.193596 0 0
0 0 921 1.2861 0.629071 0.0745056 -0.00525901 0 0
0 0 922 -0.303548 -0.848725 -1.00144 0.601894 0 0
0 0 923 -0.380327 0.279329 0.870718 0.58318 0 0
0 0 924 -0.214551 0.0503678 -1.01379 -0.999069 0 0
0 0 925 -0.185401 -0.315405 -0.581073 0.346104 0 0
0 0 926 0.611648 -0.141543 0.0198431 -0.640518 0 0
0 0 927 -0.8878 -0.860869 0.289236 0.0793343 0 0
0 0 928 0.317638 -0.121347 0.567084 0.0366985 0 0
0 0 929 0.390454 0.254428 1.08302 -0.203591 0 0
0 0 930 -0.661275 -1.06071 -0.535941 -0.383686 0 0
0 0 931 -0.628066 -0.196861 -0.0581948 0.567643 0 0
0 0 932 0.112271 -0.658903 0.717633 0.773739 0 0
0 0 933 -0.373964 -0.118541 -0.0441058 -0.532074 0 0
0 0 934 2.39118 0.217 -1.1021 0.0643339 0 0
0 0 935 1.12661 0.823234 0.502075 0.507104 0 0
0 0 936 -0.785887 -0.622627 0.718821 0.471673 0 0
0 0 937 -0.213905 -0.383993 -0.54548 -0.235302 0 0
0 0 938 1.65156 -0.663177 1.20461 0.303461 0 0
0 0 939 -0.18817 0.274463 -0.296528 0.576212 0 0
0 0 940 0.318355 0.915315 0.936542 0.462644 0 0
0 0 941 -0.380652 0.842718 -0.336389 -0.102488 0 0
0 0 942 0.090571 -0.149303 0.305634 0.344786 0 0
0 0 943 0.285733 -0.797293 1.72028 -0.699705 0 0
0 0 944 0.489346 0.627543 -0.391044 -0.246417 0 0
0 0 945 0.437079 -0.914118 -0.118909 -0.253501 0 0
0 0 946 -0.457026 -0.259423 0.0671863 1.08033 0 0
0 0 947 0.367362 0.0116365 0.414261 0.000141724 0 0
0 0 948 0.0547461 -0.632613 0.737876 -0.0159254 0 0
0 0 949 0.112362 -0.22915 -0.117113 -0.844125 0 0
0 0 950 0.0488312 -1.0691 -0.687924 -1.42675 0 0
0 0 951 1.20439 -1.15269 0.194736 0.46402 0 0
0 0 952 0.766118 0.186882 0.599199 -1.20634 0 0
0 0 953 0.161058 0.233806 0.176704 -0.731244 0 0
0 0 954 0.0710942 0.332597 -0.931416 0.251657 0 0
0 0 955 -0.130755 1.00745 -0.204564 0.324801 0 0
0 0 956 0.675887 0.185719 0.283683 0.268418 0 0
0 0 957 -0.130173 0.0482377 -0.83723 0.72686 0 0
0 0 958 1.42336 0.202095 -0.310902 -0.895213 0 0
0 0 959 1.23129 0.0789225 -0.70645 -0.64419 0 0
0 0 960 0.836969 1.26628 -0.708071 -0.908519 0 0
0 0 961 1.49281 1.8972 -0.465012 0.311498 0 0
0 0 962 1.78793 -0.582937 -1.44829 -1.38916 0 0
0 0 963 1.21518 0.204694 -1.17142 -1.08774 0 0
0 0 964 1.29072 0.602438 -1.59236 -1.06824 0 0
0 0 965 2.42165 0.564377 -1.00851 1.54227 0 0
0 0 966 1.96488 -0.678275 -1.69229 -0.56851 0 0
0 0 967 1.04545 0.92285 -2.20295 0.999445 -33.6352 8.08502
0 0 968 2.12175 0.941298 -2.18694 0.657904 -33.356 8.11576
0 0 969 2.29012 0.545721 -3.62742 -0.555756 -40.7222 5.20299
0 0 970 1.93211 0.21228 -1.29041 1.33468 0 0
0 0 971 1.70247 0.849496 -0.699255 -0.383443 0 0
0 0 972 3.96127 0.569858 -2.4116 0.190107 -38.3525 7.72411
0 0 973 2.8832 2.00497 -1.85118 1.15051 -21.3581 7.32353
0 0 974 2.18449 0.079399 -2.06242 -0.0313258 0 0
0 0 975 2.49605 0.379322 -2.24894 -0.181329 0 0
0 0 976 2.40147 -0.633068 -2.27111 -0.126933 -52.7879 8.13272
0 0 977 2.85727 0.528564 -2.94891 0.552148 -39.9191 6.37598
0 0 978 4.13904 2.05815 -2.41298 0.0861072 -24.7688 6.23757
0 0 979 3.2051 1.39782 -0.867015 0.274422 0 0
0 0 980 1.71363 0.426607 -2.31485 -0.730605 -39.779 8.11648
0 0 981 3.34912 0.892933 -1.65494 0.546221 0 0
0 0 982 1.77448 0.677528 -0.946441 0.270754 0 0
0 0 983 2.34397 -0.217877 -0.114699 0.32735 0 0
0 0 984 3.10563 -0.422815 -1.95259 -0.178881 0 0
0 0 985 3.18938 0.689937 -1.56328 -0.734141 0 0
0 0 986 2.79551 -0.512597 -1.26383 -0.339578 0 0
0 0 987 1.53905 0.285903 -1.37586 0.393585 0 0
0 0 988 1.66747 0.344532 -1.17887 0.848965 0 0
0 0 989 1.3057 -0.0377394 -1.61996 -0.0399062 0 0
0 0 990 1.58086 0.574853 -2.27503 -0.304808 -37.9097 8.16228
0 0 991 1.58615 0.117469 -1.22793 0.891991 0 0
0 0 992 2.29952 0.870226 -1.1837 0.153783 0 0
0 0 993 2.43558 0.923776 -1.59187 0.559479 0 0
0 0 994 2.9376 -0.287462 -1.50093 -0.107301 0 0
0 0 995 1.18512 1.1705 -0.823328 -0.41936 0 0
0 0 996 2.51847 0.307443 -0.75002 0.0847606 0 0
0 0 997 1.76469 0.267093 -1.77093 -1.26122 0 0
0 0 998 2.89704 -0.215141 -2.80423 -0.327077 -47.1936 6.77584
0 0 999 1.84833 -0.276373 -2.95235 -0.819319 -47.674 6.42842
0 0 1000 2.325 -0.30756 -0.642345 -0.0639326 0 0
0 0 1001 0.985238 0.439536 -1.37522 1.23777 0 0
0 0 1002 2.02941 -0.0260568 -2.03775 -0.638131 0 0
0 0 1003 1.83229 1.02625 0.209438 -0.787894 0 0
0 0 1004 3.27231 0.155777 -3.03075 0.87301 -43.5288 6.27766
0 0 1005 2.48262 0.676316 -2.43072 -0.771231 -37.2257 7.59952
0 0 1006 2.31407 0.36234 -2.29243 -1.15319 -40.5091 8.22523
0 0 1007 3.49728 -0.27035 -2.15975 -0.403074 0 0
0 0 1008 3.25106 -0.134143 -0.9872 0.507029 0 0
0 0 1009 2.18259 0.243103 -2.26646 0.845934 0 0
0 0 1010 2.90914 -0.286443 -1.71609 0.114813 0 0
0 0 1011 3.85819 0.201849 -3.18491 0.520569 -43.1868 5.97046
0 0 1012 4.87798 0.700148 -4.25433 0.148949 -40.3272 4.42841
0 0 1013 3.45459 0.620098 -2.64798 -0.410779 -38.41 7.03733
0 0 1014 3.30938 -0.690706 -3.25758 0.233124 -50.9856 5.74262
0 0 1015 3.56912 0.997458 -4.53821 -0.566535 -38.802 4.1167
0 0 1016 4.30482 -0.0988533 -3.35409 0.388531 -45.8441 5.67657
0 0 1017 3.73278 0.877457 -3.93679 -0.447906 -38.7175 4.74305
0 0 1018 4.88846 -0.0786166 -4.64927 1.42904 -45.4844 4.09618
0 0 1019 5.5409 0.253294 -3.42616 0.0278105 -42.8859 5.54681
0 0 1020 6.42935 1.35932 -4.71172 -0.115079 -36.9536 3.91176
0 0 1021 4.48504 0.966174 -4.62024 -0.755315 -39.0943 4.05089
0 0 1022 5.93071 0.438285 -6.00085 -0.934702 -42.9114 3.16709
0 0 1023 6.54521 1.64417 -5.94077 -0.483553 -37.265 3.1104
