# File: uwl_191222_232912_b4.rf.sbA2.RMC_aux Src: J1713+0747 Nsub: 1 Nch: 1 Npol: 4 Nbin: 1024 RMS: 6.0471
0 0 0 -0.519316 -0.189136 1.54598 -1.89554 0 0
0 0 1 4.67404 10.223 3.6619 -4.74707 0 0
0 0 2 6.85764 -1.44109 0.685446 12.9772 0 0
0 0 3 4.63107 -0.941089 -4.21057 -6.60624 0 0
0 0 4 4.8342 -13.9919 -6.72242 9.51232 0 0
0 0 5 8.22873 8.1136 -6.48315 -5.55881 0 0
0 0 6 -8.87674 0.32063 -10.6914 -0.662633 0 0
0 0 7 -2.47635 4.15071 1.63825 2.03094 0 0
0 0 8 -0.486112 -10.3512 -7.21063 3.85339 0 0
0 0 9 -7.02127 -0.894214 -5.76853 3.67831 0 0
0 0 10 2.93772 -7.15398 7.67164 1.71383 0 0
0 0 11 1.94553 -18.2751 -0.821024 -1.23441 0 0
0 0 12 4.29514 2.805 -5.62477 -5.53247 0 0
0 0 13 -14.6892 5.18391 -5.16337 10.078 0 0
0 0 14 1.7424 4.77571 6.47097 5.79888 0 0
0 0 15 -5.19314 7.64485 2.9591 -5.59861 0 0
0 0 16 -11.1404 7.86164 -3.81678 -2.34736 0 0
0 0 17 -1.29666 -0.489917 -0.16543 -1.36112 0 0
0 0 18 -3.22635 -2.56023 -1.32318 -0.480198 0 0
0 0 19 1.35373 12.4261 -5.16017 0.513362 0 0
0 0 20 -6.56033 8.00813 -5.91017 -5.47922 0 0
0 0 21 -0.0193157 5.6468 -1.27918 -6.35587 0 0
0 0 22 4.97287 5.26399 3.89367 11.7107 0 0
0 0 23 3.74436 -8.70671 -0.578531 -3.4823 0 0
0 0 24 -0.907988 -2.90593 0.852835 1.85647 0 0
0 0 25 9.93576 -3.30828 -9.20208 -3.04584 0 0
0 0 26 8.77756 -9.50554 -1.45515 1.75607 0 0
0 0 27 0.21506 10.2679 -2.00344 -12.4354 0 0
0 0 28 5.18967 4.38313 1.90113 11.0036 0 0
0 0 29 -1.70682 1.67415 4.89905 6.82855 0 0
0 0 30 11.0256 1.39875 6.88729 4.50106 0 0
0 0 31 5.51584 0.767895 -2.46697 1.78302 0 0
0 0 32 2.63693 -7.15789 8.24245 0.744747 0 0
0 0 33 -3.74392 10.1956 3.54601 -0.557957 0 0
0 0 34 -3.9783 8.82063 -9.30401 1.74688 0 0
0 0 35 -12.9119 -4.67937 -5.4284 -7.40024 0 0
0 0 36 1.4924 -7.93132 -7.44346 9.08563 0 0
0 0 37 12.1154 -2.01531 -5.48849 4.72573 0 0
0 0 38 -6.67557 -2.40398 0.156469 3.18978 0 0
0 0 39 -0.169706 -0.573902 5.81109 10.2867 0 0
0 0 40 5.47287 14.0609 -8.05078 4.1405 0 0
0 0 41 7.67404 1.09407 3.08463 2.44049 0 0
0 0 42 2.15256 3.5804 4.81965 1.38327 0 0
0 0 43 5.25022 4.1429 6.39693 -5.17499 0 0
0 0 44 -7.89822 -6.52507 8.62551 9.385 0 0
0 0 45 -1.48611 3.29719 2.7091 3.29629 0 0
0 0 46 7.56467 4.75422 -2.2631 2.91369 0 0
0 0 47 2.67795 -3.945 1.18116 -12.6962 0 0
0 0 48 -8.80643 -1.19109 8.30041 1.79281 0 0
0 0 49 -4.29471 6.50813 2.4623 10.0174 0 0
0 0 50 -0.163847 -0.782886 -6.1398 -6.4177 0 0
0 0 51 10.7053 2.43391 8.53646 8.06146 0 0
0 0 52 0.0256062 1.75813 1.36143 -5.42658 0 0
0 0 53 -9.92166 3.95539 1.44619 -6.49054 0 0
0 0 54 2.06467 -9.70671 4.72738 -4.09327 0 0
0 0 55 5.05686 -1.61296 -1.99915 11.1903 0 0
0 0 56 -5.77127 -0.249683 -0.0516909 5.83316 0 0
0 0 57 -7.31619 0.59602 1.42258 4.22314 0 0
0 0 58 -5.93924 2.74641 9.2575 4.82919 0 0
0 0 59 -0.554472 0.431958 -6.49925 0.548854 0 0
0 0 60 2.01193 -11.7282 0.0126859 2.88247 0 0
0 0 61 -10.949 -1.20085 -7.88767 3.57791 0 0
0 0 62 5.74631 -15.2516 -3.1054 1.85708 0 0
0 0 63 8.926 17.346 -0.216928 0.743526 0 0
0 0 64 -3.25174 -5.21062 0.529867 -1.28644 0 0
0 0 65 4.17795 1.02766 -2.11825 -16.6073 0 0
0 0 66 16.6994 4.43196 9.86695 2.13009 0 0
0 0 67 -2.6658 -12.3434 0.848547 14.1055 0 0
0 0 68 0.170137 -7.04656 0.716559 -3.70026 0 0
0 0 69 0.625216 -4.83367 -0.223368 -1.16156 0 0
0 0 70 0.125216 5.40461 -9.99824 0.933315 0 0
0 0 71 2.83029 9.73079 -12.4328 7.18545 0 0
0 0 72 4.84201 -7.61687 7.57935 3.8301 0 0
0 0 73 -0.177519 2.79329 11.0226 -1.67579 0 0
0 0 74 -0.433378 10.1663 -3.86508 -3.29194 0 0
0 0 75 -12.5545 7.04524 -2.4026 5.5736 0 0
0 0 76 3.55295 -4.0114 8.10297 9.91024 0 0
0 0 77 -5.14432 0.0413327 5.01386 -6.27015 0 0
0 0 78 -4.5076 -12.9626 -4.70414 -5.98304 0 0
0 0 79 4.69748 -0.331714 2.6769 -2.93442 0 0
0 0 80 -11.6717 -4.5407 -6.12155 -0.351048 0 0
0 0 81 5.19943 -4.2321 -11.4017 -4.64789 0 0
0 0 82 7.70725 -3.23992 -4.59899 -10.7231 0 0
0 0 83 3.60568 -13.6032 3.89152 -1.3042 0 0
0 0 84 -8.074 -0.228198 2.28527 6.10681 0 0
0 0 85 8.8342 0.38313 12.1481 -3.64884 0 0
0 0 86 -8.58768 1.51204 0.262686 -4.15754 0 0
0 0 87 0.644747 -6.27898 -4.86831 -4.96683 0 0
0 0 88 4.26779 -5.15203 -3.69447 13.3574 0 0
0 0 89 -2.64627 3.59797 -6.15588 -6.45075 0 0
0 0 90 -1.59744 10.4124 -4.55285 1.86993 0 0
0 0 91 -7.06033 0.336255 8.88303 2.38232 0 0
0 0 92 -4.55447 -2.52507 5.04604 -2.79056 0 0
0 0 93 18.8518 6.72102 -4.15263 -2.12757 0 0
0 0 94 2.39475 2.61555 -10.2783 10.8946 0 0
0 0 95 4.61154 -7.30437 1.92904 -13.1492 0 0
0 0 96 -0.820097 -7.9157 -5.64407 6.54266 0 0
0 0 97 -2.12088 0.681958 -6.26962 0.0395159 0 0
0 0 98 0.914278 4.74446 2.13827 -3.83738 0 0
0 0 99 5.551 1.92024 10.75 -7.7406 0 0
0 0 100 -8.60135 -14.8063 -5.61939 13.7516 0 0
0 0 101 -4.6365 7.17024 -4.58611 8.7171 0 0
0 0 102 5.05881 -0.43523 -10.9071 -5.00968 0 0
0 0 103 7.61154 0.211255 -9.64308 5.01284 0 0
0 0 104 -10.3201 1.42415 9.22639 2.38598 0 0
0 0 105 0.00216913 -12.1091 -3.04209 7.28707 0 0
0 0 106 5.80295 8.95344 -1.7073 4.31558 0 0
0 0 107 10.0783 18.1195 -0.853205 0.87881 0 0
0 0 108 1.08615 -2.49773 2.15543 1.31774 0 0
0 0 109 0.0412312 19.223 -3.86721 6.55307 0 0
0 0 110 4.2717 -7.28484 0.133932 -7.55695 0 0
0 0 111 -3.80643 2.96516 -3.75456 5.05386 0 0
0 0 112 13.969 5.40071 4.61255 2.78573 0 0
0 0 113 7.176 7.70149 7.15017 3.63482 0 0
0 0 114 4.23264 -6.07781 -8.79327 0.745967 0 0
0 0 115 -4.14041 -2.29851 8.85084 -5.16703 0 0
0 0 116 0.340059 2.99055 4.3014 -12.002 0 0
0 0 117 1.10959 2.03352 4.04174 8.2182 0 0
0 0 118 14.9201 1.20735 9.3487 9.06668 0 0
0 0 119 -0.193143 -9.90203 0.449392 -4.73484 0 0
0 0 120 -8.15018 16.93 1.74341 -4.6081 0 0
0 0 121 -3.324 5.66633 -7.58402 1.91586 0 0
0 0 122 -9.26736 -0.402027 -0.799555 -1.55396 0 0
0 0 123 0.228731 6.19563 1.26056 1.86505 0 0
0 0 124 -1.5408 2.35188 7.19308 -3.03113 0 0
0 0 125 -0.638456 7.75032 8.3122 12.4563 0 0
0 0 126 2.93967 -15.6716 -5.67304 4.96386 0 0
0 0 127 1.8674 -10.9235 -8.10012 -4.1196 0 0
0 0 128 -9.40213 -6.9782 1.5846 -0.0529218 0 0
0 0 129 -6.30838 -4.11882 -1.20086 6.49368 0 0
0 0 130 0.765841 3.82258 12.0676 -12.9447 0 0
0 0 131 4.15451 -3.58171 1.03846 -0.419591 0 0
0 0 132 -10.2439 2.4925 4.34217 -1.78843 0 0
0 0 133 -0.566191 -1.81023 8.23601 -3.31275 0 0
0 0 134 -0.943144 -7.05828 3.6061 4.99081 0 0
0 0 135 7.4592 -4.54656 8.44311 -3.14255 0 0
0 0 136 1.84787 7.85774 -3.95735 0.0444292 0 0
0 0 137 0.0509973 -9.11882 2.1962 4.5176 0 0
0 0 138 6.48459 -5.09929 2.52668 -8.03077 0 0
0 0 139 -0.320097 -6.56414 5.74991 7.3385 0 0
0 0 140 12.5764 -2.74578 1.27022 -8.04731 0 0
0 0 141 10.0061 -10.3942 5.63619 -2.26407 0 0
0 0 142 -5.8826 1.59602 -4.52818 1.33306 0 0
0 0 143 -2.27908 7.71125 1.98697 -15.7307 0 0
0 0 144 -2.6658 7.65657 -7.00031 0.76556 0 0
0 0 145 -3.26541 1.99446 -5.15801 -2.88117 0 0
0 0 146 5.4885 12.4202 4.34539 8.53408 0 0
0 0 147 4.36545 0.961255 -0.788828 4.63086 0 0
0 0 148 6.53537 4.28743 -0.198694 4.94732 0 0
0 0 149 6.98654 4.59797 4.70484 2.7435 0 0
0 0 150 7.18772 -7.93914 1.50306 4.43618 0 0
0 0 151 -11.7791 3.04719 -4.43482 -0.670598 0 0
0 0 152 3.80295 4.97688 -2.98416 4.35354 0 0
0 0 153 7.72482 -1.36296 -1.53562 -0.276951 0 0
0 0 154 -10.9119 -15.738 -0.977671 -6.58176 0 0
0 0 155 2.15256 11.0882 -7.28037 1.40469 0 0
0 0 156 4.63889 -1.11687 9.79828 -10.6295 0 0
0 0 157 -9.64627 2.53157 16.8328 6.97671 0 0
0 0 158 -0.490019 0.719067 2.11144 8.20779 0 0
0 0 159 1.52561 -7.17546 -3.89404 3.42425 0 0
0 0 160 6.89279 -4.86687 -8.70851 -11.9946 0 0
0 0 161 -10.2576 -3.18132 0.0491697 1.03064 0 0
0 0 162 7.09201 7.92219 -7.19131 14.7403 0 0
0 0 163 -2.50955 8.09016 -2.29208 -0.841404 0 0
0 0 164 10.0803 -1.92156 5.17481 12.9264 0 0
0 0 165 3.13889 -1.11296 -11.0498 -10.7409 0 0
0 0 166 11.7834 -12.0427 -6.88766 1.7622 0 0
0 0 167 12.2385 2.2093 2.48591 2.22253 0 0
0 0 168 -3.86502 3.50813 8.80578 -10.6913 0 0
0 0 169 1.18967 4.01985 -2.57749 -7.55021 0 0
0 0 170 1.40842 8.15266 -13.5562 14.2218 0 0
0 0 171 9.89279 15.2698 -3.56356 -1.97635 0 0
0 0 172 6.10178 6.28352 -3.89619 -2.7269 0 0
0 0 173 -1.84744 -3.6071 3.61469 3.45852 0 0
0 0 174 -2.43143 -0.152027 4.14045 12.1251 0 0
0 0 175 -2.84158 -2.34343 6.09113 7.03546 0 0
0 0 176 4.06272 -2.6696 -5.0314 0.0487017 0 0
0 0 177 6.44748 8.35188 13.4722 -7.82386 0 0
0 0 178 -4.68924 -5.60125 1.27022 5.83438 0 0
0 0 179 -1.65994 1.57649 -8.80079 12.0669 0 0
0 0 180 -0.327909 4.13899 -0.456201 -6.46729 0 0
0 0 181 -1.9158 -3.11296 -6.60868 -2.12818 0 0
0 0 182 -1.94119 0.103833 -5.45738 -5.24537 0 0
0 0 183 1.76975 -4.92742 -7.01856 -1.77189 0 0
0 0 184 10.3791 6.70539 16.4314 5.08386 0 0
0 0 185 -1.0408 -0.655933 14.5666 9.43643 0 0
0 0 186 -3.0115 3.99055 6.68664 -3.76392 0 0
0 0 187 11.5295 -7.90203 -1.89401 -5.29068 0 0
0 0 188 0.912325 7.69954 -4.56573 -20.0184 0 0
0 0 189 -4.62869 -0.0406985 -7.18487 4.39822 0 0
0 0 190 -6.22439 -6.42156 -4.19018 2.33581 0 0
0 0 191 8.18772 1.72102 -10.6871 6.60571 0 0
0 0 192 9.06662 -2.69304 -8.98426 -13.2257 0 0
0 0 193 12.8557 2.04133 3.04279 -0.824254 0 0
0 0 194 -2.77322 -3.88835 -13.2794 -6.75196 0 0
0 0 195 -0.292753 -0.0758548 1.77666 -1.24482 0 0
0 0 196 1.07443 6.72102 5.29175 -7.75776 0 0
0 0 197 6.06662 5.26399 7.91842 1.91525 0 0
0 0 198 -8.38064 -6.14812 3.33571 -5.25516 0 0
0 0 199 -1.11502 10.3011 -5.1945 1.56814 0 0
0 0 200 6.27951 6.6175 -1.9573 4.44781 0 0
0 0 201 -3.98416 -4.95867 -0.998056 -7.75467 0 0
0 0 202 15.1877 7.75618 -3.41549 9.88699 0 0
0 0 203 -7.62088 7.56477 -2.80174 8.33206 0 0
0 0 204 2.04318 1.8343 4.08573 4.66513 0 0
0 0 205 5.50412 7.29915 0.462271 -10.6839 0 0
0 0 206 -1.60135 0.181958 -5.66445 -7.34638 0 0
0 0 207 -2.03299 -14.8434 1.11143 -6.66806 0 0
0 0 208 -0.380644 1.01594 -4.2889 -7.3133 0 0
0 0 209 -2.62478 1.46321 4.92695 12.1435 0 0
0 0 210 0.168184 -0.821949 0.0416623 -0.57816 0 0
0 0 211 -0.525175 1.60969 7.32828 -10.0295 0 0
0 0 212 -2.33768 0.711255 -2.65582 8.55856 0 0
0 0 213 0.976778 2.09211 -8.8877 4.64981 0 0
0 0 214 1.78537 -13.9313 -6.08721 7.65438 0 0
0 0 215 2.62326 1.87922 -4.42623 11.8539 0 0
0 0 216 -2.15213 7.03352 -5.35223 -8.13913 0 0
0 0 217 -2.89822 2.09993 2.10607 -2.68403 0 0
0 0 218 0.886934 2.87727 -4.88119 11.8857 0 0
0 0 219 -5.6033 7.63704 -13.1796 -2.85239 0 0
0 0 220 -5.01932 6.68586 -8.01214 6.0823 0 0
0 0 221 6.22092 3.53157 -4.95522 -4.08774 0 0
0 0 222 9.66232 4.67219 9.26179 -9.88935 0 0
0 0 223 5.09982 2.21516 9.13732 11.3984 0 0
0 0 224 -2.09353 -0.267261 7.11797 2.08541 0 0
0 0 225 -9.27713 3.02961 -2.78779 -5.49454 0 0
0 0 226 -5.09939 11.1448 -4.86509 1.91095 0 0
0 0 227 -1.98611 5.15657 -6.97886 12.1575 0 0
0 0 228 16.0471 11.4163 3.50202 -1.50376 0 0
0 0 229 5.90451 2.10969 -7.49282 -3.43335 0 0
0 0 230 5.04904 -3.46453 0.934378 -2.34427 0 0
0 0 231 2.08615 1.15071 3.43979 4.3927 0 0
0 0 232 8.23264 8.8636 13.7876 11.0281 0 0
0 0 233 1.18772 0.65852 -0.628961 3.01226 0 0
0 0 234 0.500216 6.71711 -6.69023 -9.88138 0 0
0 0 235 -5.09939 6.72688 1.62217 10.1013 0 0
0 0 236 -0.581815 8.91633 4.7145 11.0403 0 0
0 0 237 1.78147 3.61946 4.09324 4.17538 0 0
0 0 238 13.0608 8.10579 8.37336 -1.69721 0 0
0 0 239 3.99631 -1.36101 -0.788828 6.59713 0 0
0 0 240 7.02561 -6.80046 1.24984 1.08328 0 0
0 0 241 3.25607 -1.5114 1.70156 -2.02533 0 0
0 0 242 -2.83572 -1.36101 10.382 -9.64936 0 0
0 0 243 -4.44314 0.246411 10.1116 4.72695 0 0
0 0 244 7.03928 16.1585 2.50522 0.128292 0 0
0 0 245 8.3342 -4.33171 -0.178308 -1.55518 0 0
0 0 246 -12.242 -5.77117 -1.39184 -4.8046 0 0
0 0 247 -2.49783 11.6292 3.91405 -0.440404 0 0
0 0 248 3.58029 -6.14812 -0.304911 -0.613041 0 0
0 0 249 10.4104 -2.29851 -3.16978 9.95004 0 0
0 0 250 5.76389 -10.6091 4.08358 1.30917 0 0
0 0 251 -11.9666 -0.355152 1.29598 2.99878 0 0
0 0 252 2.42795 -0.226245 1.91723 4.48208 0 0
0 0 253 -2.62283 -2.23015 3.21876 1.91952 0 0
0 0 254 -9.39236 3.82454 -5.24922 0.203578 0 0
0 0 255 5.70529 -8.2575 8.35297 -1.09299 0 0
0 0 256 -6.86307 -4.5446 12.6964 1.02389 0 0
0 0 257 -4.86502 -8.42156 1.82067 4.49615 0 0
0 0 258 -4.72049 -4.21062 6.28856 0.0156512 0 0
0 0 259 -3.39041 4.57649 7.3154 4.52005 0 0
0 0 260 6.44162 8.15461 -1.32533 -7.98487 0 0
0 0 261 -4.22635 -8.43523 -5.14942 -0.901982 0 0
0 0 262 -5.67557 1.60383 0.46549 0.663326 0 0
0 0 263 -4.12478 10.2835 5.20592 10.7501 0 0
0 0 264 -2.11502 0.699536 -11.3266 -1.31522 0 0
0 0 265 4.26975 -5.86101 0.470846 7.09301 0 0
0 0 266 11.8401 0.455395 1.55456 -11.3702 0 0
0 0 267 -0.556425 -1.07781 0.669348 -5.03907 0 0
0 0 268 -3.4158 5.53547 6.2671 -5.95978 0 0
0 0 269 2.14279 1.43391 3.781 -0.814457 0 0
0 0 270 -2.6365 -2.9196 -1.4573 -9.54346 0 0
0 0 271 11.3674 3.85383 1.33031 0.808406 0 0
0 0 272 7.04904 0.879223 7.01711 7.52398 0 0
0 0 273 10.2756 -6.0739 -5.02389 10.8432 0 0
0 0 274 3.77951 -4.01531 -5.95846 5.47259 0 0
0 0 275 -4.65018 -1.78484 0.481573 -4.23468 0 0
0 0 276 9.89475 -3.26726 -0.210489 9.1083 0 0
0 0 277 1.96897 3.00227 -11.2418 10.2274 0 0
0 0 278 8.62912 -2.74382 0.444021 -8.89396 0 0
0 0 279 3.17404 6.46126 -2.89831 3.88461 0 0
0 0 280 7.80686 2.22688 -8.56687 -8.38157 0 0
0 0 281 9.051 -10.8024 9.46995 -0.525517 0 0
0 0 282 11.8049 -1.39226 7.60726 2.97918 0 0
0 0 283 -1.199 6.89289 4.39582 -3.90412 0 0
0 0 284 0.435762 -6.3864 2.296 -6.20957 0 0
0 0 285 5.27365 -7.94695 -3.73953 5.6495 0 0
0 0 286 10.1838 -5.07976 -6.21275 -7.09598 0 0
0 0 287 -2.36111 12.2347 14.704 -2.5665 0 0
0 0 288 0.5217 0.418286 -5.5915 -12.9912 0 0
0 0 289 0.250216 -4.78679 -21.3525 1.85586 -51.3178 7.90205
0 0 290 0.300997 -4.75164 3.29816 -1.39481 0 0
0 0 291 12.1272 -0.55437 -15.3782 7.4187 0 0
0 0 292 6.96701 6.19172 2.97841 -1.29929 0 0
0 0 293 2.4299 6.57649 1.56743 -11.7553 0 0
0 0 294 -1.43728 5.22102 7.94202 1.50997 0 0
0 0 295 -2.0076 -1.69304 7.74352 4.11782 0 0
0 0 296 6.34006 5.91243 12.4003 -6.31241 0 0
0 0 297 -2.199 -1.61492 9.80901 1.84423 0 0
0 0 298 -4.00174 -6.06218 2.77347 -3.17194 0 0
0 0 299 2.7092 1.09797 1.07494 10.3137 0 0
0 0 300 -1.00955 -6.85125 1.47408 -9.38675 0 0
0 0 301 -2.30057 -2.52898 3.1179 8.51937 0 0
0 0 302 -6.4783 5.1175 -1.24377 0.368251 0 0
0 0 303 -1.37088 6.31086 5.8819 8.59896 0 0
0 0 304 -7.38064 0.547192 3.04601 -6.01978 0 0
0 0 305 -8.45877 -0.413745 2.02024 6.89651 0 0
0 0 306 6.75022 -4.52898 -9.30401 0.068294 0 0
0 0 307 0.806856 0.574536 -6.18057 4.48761 0 0
0 0 308 -1.21463 -5.04851 -5.01423 0.148494 0 0
0 0 309 7.31858 7.24641 -5.74923 8.3945 0 0
0 0 310 1.71701 -2.45281 7.84331 -2.46549 0 0
0 0 311 -9.31424 -8.21062 2.91511 7.41378 0 0
0 0 312 -0.806425 -3.57781 -0.700846 4.81817 0 0
0 0 313 1.19943 -6.65398 -1.4251 0.100124 0 0
0 0 314 5.29318 3.66633 5.80787 -10.8235 0 0
0 0 315 12.0998 2.2386 -6.76213 6.27209 0 0
0 0 316 -8.04861 4.12141 -1.88648 4.18518 0 0
0 0 317 0.0783405 7.23665 -14.9908 0.833522 0 0
0 0 318 -0.50955 0.566723 8.24354 -6.01612 0 0
0 0 319 1.19357 4.68391 -0.422937 1.5816 0 0
0 0 320 5.82248 -7.60906 -10.4618 -3.22397 0 0
0 0 321 -1.14627 -5.29656 -1.02166 -4.76419 0 0
0 0 322 -9.34939 12.2894 12.4249 1.41693 0 0
0 0 323 1.8674 16.4359 -3.29102 -7.08497 0 0
0 0 324 -1.74197 6.89289 -10.8963 2.92349 0 0
0 0 325 -6.74588 6.19758 -8.38232 2.6174 0 0
0 0 326 0.683809 3.92805 5.14477 0.899013 0 0
0 0 327 -11.7439 -8.55828 6.05572 8.32901 0 0
0 0 328 3.27951 -8.0739 -0.175089 3.26876 0 0
0 0 329 9.39084 0.678051 -4.73954 -9.18839 0 0
0 0 330 -3.89822 -5.86492 -10.0336 -4.34302 0 0
0 0 331 -3.53689 -3.80828 -4.41229 -3.06052 0 0
0 0 332 13.6213 -0.064136 -5.23205 0.820674 0 0
0 0 333 8.46701 -1.72625 9.3369 -5.74613 0 0
0 0 334 -2.05447 3.25618 9.2811 0.437435 0 0
0 0 335 -5.95291 1.52571 5.51708 -8.00751 0 0
0 0 336 7.06857 13.5745 -1.86932 2.49008 0 0
0 0 337 17.3459 -12.1559 6.00637 8.98526 0 0
0 0 338 -2.66385 0.928051 -4.22238 -3.53803 0 0
0 0 339 -0.722441 -6.52898 3.08141 7.97638 0 0
0 0 340 15.2307 -2.08757 -7.36299 11.1481 0 0
0 0 341 4.81076 -0.409839 5.01708 4.37497 0 0
0 0 342 5.67014 -6.30828 3.23163 -4.59403 0 0
0 0 343 -2.22244 3.38508 1.69298 -6.44953 0 0
0 0 344 -6.3826 9.90461 -0.638605 0.0205645 0 0
0 0 345 -3.77517 5.72297 -6.79002 -8.90497 0 0
0 0 346 -3.22244 8.87336 1.55671 5.02935 0 0
0 0 347 -5.53885 8.71711 2.46123 -2.68403 0 0
0 0 348 2.60568 -0.732105 -2.5174 2.77597 0 0
0 0 349 9.77561 -2.10515 5.29928 1.08575 0 0
0 0 350 -3.00955 3.50032 -0.395044 2.74841 0 0
0 0 351 3.26779 3.22688 4.8733 -2.06269 0 0
0 0 352 -0.527128 2.26399 -4.57324 -8.76661 0 0
0 0 353 0.0666218 6.29133 5.70914 -1.17502 0 0
0 0 354 8.81467 -3.99578 5.42481 4.30209 0 0
0 0 355 6.25412 -2.03289 8.89483 -1.63416 0 0
0 0 356 -7.00564 0.44563 -5.69343 0.113002 0 0
0 0 357 -6.4783 -7.54265 -4.55607 -5.12967 0 0
0 0 358 2.63693 2.92415 5.898 2.11908 0 0
0 0 359 -8.44119 8.29524 0.516989 -1.34644 0 0
0 0 360 -1.05447 -2.1657 4.52457 8.12023 0 0
0 0 361 -3.37478 -2.71648 2.35609 4.41412 0 0
0 0 362 -5.28689 3.56282 -2.44337 0.321742 0 0
0 0 363 -3.0701 -2.53289 -9.82656 0.891078 0 0
0 0 364 5.37522 1.0218 0.567419 -1.74619 0 0
0 0 365 2.81272 1.03743 -13.1367 4.45761 0 0
0 0 366 8.23654 2.37532 -8.61515 -3.7529 0 0
0 0 367 17.8694 -3.47625 10.4807 -7.44553 0 0
0 0 368 -9.53103 18.6624 -4.6183 3.3973 0 0
0 0 369 5.87326 6.4886 4.79067 -2.74585 0 0
0 0 370 5.10178 -5.18914 0.98052 -1.19156 0 0
0 0 371 8.25803 8.18196 -7.1323 -1.28949 0 0
0 0 372 -2.19705 6.62922 10.2511 4.61859 0 0
0 0 373 -6.17752 -4.21453 2.04491 0.610683 0 0
0 0 374 -2.23611 -1.90203 -1.79206 1.96603 0 0
0 0 375 -1.40603 8.18977 -17.4758 -9.46143 0 0
0 0 376 3.54318 -1.73992 4.80784 -3.66904 0 0
0 0 377 -8.09158 10.4534 -0.398264 -7.97324 0 0
0 0 378 6.35178 4.92415 3.12649 6.72387 0 0
0 0 379 -3.46658 -18.3825 -6.05181 17.811 0 0
0 0 380 1.83811 4.3636 -9.84908 8.07495 0 0
0 0 381 6.27756 2.8929 5.95379 -0.640599 0 0
0 0 382 -3.06814 4.72297 -10.2547 -11.5532 0 0
0 0 383 2.85764 -0.495777 -2.83393 0.195644 0 0
0 0 384 -5.30447 -2.11101 5.5085 -0.133092 0 0
0 0 385 -5.84549 4.82844 -2.30709 7.48419 0 0
0 0 386 -2.66775 -4.90789 -3.24275 5.23568 0 0
0 0 387 -1.37088 6.56868 4.88187 7.48849 0 0
0 0 388 2.5549 -0.298511 -7.71386 5.55462 0 0
0 0 389 5.32443 2.76008 3.58036 18.4329 0 0
0 0 390 -2.15018 5.15657 1.31421 6.84201 0 0
0 0 391 -6.55643 -2.55046 6.19199 -4.63138 0 0
0 0 392 4.99826 11.1956 -5.25566 9.56558 0 0
0 0 393 12.4084 4.8011 -0.46586 2.07684 0 0
0 0 394 1.19553 -2.61101 -7.63874 0.523158 0 0
0 0 395 -9.02713 8.40461 5.02352 15.0954 0 0
0 0 396 11.7151 2.74055 6.19199 3.95193 0 0
0 0 397 4.49045 14.0003 0.641455 5.81723 0 0
0 0 398 3.14865 2.84602 -6.3898 6.29962 0 0
0 0 399 5.03733 -15.8591 8.09653 -8.14463 0 0
0 0 400 -1.84549 -0.132495 11.4421 3.45852 0 0
0 0 401 -0.417753 0.0764889 -8.59585 -2.88056 0 0
0 0 402 6.28147 -1.82586 -3.85864 1.37774 0 0
0 0 403 -6.46658 -7.96453 -0.437967 -7.34574 0 0
0 0 404 0.457247 -8.41179 -6.48315 -2.61057 0 0
0 0 405 -15.4119 3.55891 15.7587 0.359706 0 0
0 0 406 -7.45291 6.17414 -4.63655 -2.64487 0 0
0 0 407 2.60764 1.3011 9.51394 -1.13096 0 0
0 0 408 9.66623 1.85969 3.49236 8.84933 0 0
0 0 409 0.634981 5.12922 3.12862 -3.43088 0 0
0 0 410 3.79709 -2.20867 9.70064 1.51059 0 0
0 0 411 -0.122831 -7.86687 -2.49165 -6.87131 0 0
0 0 412 -0.31619 14.8968 8.0783 1.58526 0 0
0 0 413 -3.17947 -4.22429 -4.94341 7.7052 0 0
0 0 414 -2.02127 10.9261 -12.6442 -0.839543 0 0
0 0 415 -5.19705 4.15657 4.86686 2.58984 0 0
0 0 416 2.96311 -0.831714 0.612478 -0.233494 0 0
0 0 417 -8.98807 -7.29461 2.29922 6.70611 0 0
0 0 418 -0.736112 10.6136 -0.300623 4.90878 0 0
0 0 419 -0.394315 13.1546 7.34759 -0.133092 0 0
0 0 420 -0.240019 -0.827808 -1.48304 -5.71491 0 0
0 0 421 17.2561 -4.67156 7.7242 -0.035771 0 0
0 0 422 -3.57986 -13.3708 -3.40583 -7.86487 0 0
0 0 423 5.16232 -0.347339 3.08571 5.59503 0 0
0 0 424 -5.41385 1.15852 -4.31143 0.50967 0 0
0 0 425 5.50412 -2.05632 -18.6722 -0.297795 0 0
0 0 426 -5.55447 0.78352 -6.35438 4.44046 0 0
0 0 427 10.4592 2.87922 -4.22129 4.82492 0 0
0 0 428 0.267794 6.69172 -6.86942 -10.7849 0 0
0 0 429 -1.73025 -4.33367 -2.36183 1.07226 0 0
0 0 430 1.00217 -4.195 -2.78887 -4.27875 0 0
0 0 431 2.73264 -3.12468 1.21013 -2.93564 0 0
0 0 432 3.13889 -7.02703 -11.435 5.93234 0 0
0 0 433 13.676 8.25227 5.4452 13.661 0 0
0 0 434 1.91037 2.19368 3.67692 -8.74091 0 0
0 0 435 3.38303 1.61165 1.6522 -1.31092 0 0
0 0 436 -11.5388 3.75227 -2.94981 -1.55762 0 0
0 0 437 6.22482 -1.79656 2.00521 -4.68094 0 0
0 0 438 8.08029 -10.0973 7.92164 0.823116 0 0
0 0 439 -3.1033 -0.757495 5.57503 -2.96686 0 0
0 0 440 -6.53299 0.85188 11.4045 19.8587 0 0
0 0 441 -4.39041 1.7054 1.93117 -1.10096 0 0
0 0 442 -1.64236 -11.7341 4.4677 -8.62949 0 0
0 0 443 -3.08767 9.02766 7.45489 -2.76606 0 0
0 0 444 -1.30057 2.61555 -8.64735 8.02169 0 0
0 0 445 -2.18728 1.17024 13.8305 5.55154 0 0
0 0 446 -2.98611 5.06672 2.29062 -9.7522 0 0
0 0 447 -2.24588 -1.45085 3.71125 0.991451 0 0
0 0 448 -0.870878 0.0803952 -10.4628 1.29815 0 0
0 0 449 -4.97439 7.10579 0.76055 -3.50925 0 0
0 0 450 5.84982 0.0901608 -0.577448 7.96536 0 0
0 0 451 2.93186 12.5355 -4.72238 6.0823 0 0
0 0 452 7.25217 -2.12468 3.59322 5.46463 0 0
0 0 453 3.91428 5.09993 -10.5519 -3.95368 0 0
0 0 454 -6.15408 -13.1247 -5.33827 9.2644 0 0
0 0 455 -5.949 -0.59148 -3.13758 5.52523 0 0
0 0 456 -3.11111 11.2542 -6.2385 1.31958 0 0
0 0 457 9.09787 3.63899 0.391455 11.5031 0 0
0 0 458 5.01389 -1.3825 -9.74931 7.68008 0 0
0 0 459 2.2385 4.76008 -3.44125 5.91519 0 0
0 0 460 5.0842 10.5511 -2.41439 6.57632 0 0
0 0 461 -0.25369 9.69368 7.02462 -9.36042 0 0
0 0 462 3.301 -0.611011 -6.89625 7.10955 0 0
0 0 463 9.44357 -3.14031 -1.72662 10.52 0 0
0 0 464 0.529512 -5.03484 -2.30067 -4.55912 0 0
0 0 465 6.47092 -1.08171 5.04819 15.1535 0 0
0 0 466 9.50022 -0.974292 8.33687 3.94336 0 0
0 0 467 -7.60721 3.37141 8.44311 10.3106 0 0
0 0 468 4.85764 11.4495 6.21238 3.42913 0 0
0 0 469 -4.44314 6.97688 6.545 -10.4587 0 0
0 0 470 10.5197 -0.423511 8.24567 -15.716 0 0
0 0 471 -4.98807 2.81868 5.68876 5.29443 0 0
0 0 472 -0.786894 3.27766 1.26916 4.16989 0 0
0 0 473 -1.65018 -0.913745 3.90333 -1.47806 0 0
0 0 474 -7.31228 -1.74382 -1.82211 -8.07239 0 0
0 0 475 -1.83963 -2.98601 14.7168 5.11447 0 0
0 0 476 -12.7127 1.46125 -7.83833 -1.06238 0 0
0 0 477 8.39279 7.06672 -4.54856 2.62658 0 0
0 0 478 6.67014 -5.37078 5.49669 0.633327 0 0
0 0 479 -3.57986 -3.43328 -10.3856 -1.94208 0 0
0 0 480 -11.6287 2.41633 6.06109 5.64645 0 0
0 0 481 -7.15408 0.976879 -2.32856 1.63058 0 0
0 0 482 1.37131 -3.6071 -0.429376 -4.78257 0 0
0 0 483 -12.2146 1.5218 -1.99809 5.91824 0 0
0 0 484 -4.70877 -3.94109 4.80248 9.73699 0 0
0 0 485 -4.52908 4.67219 -1.13111 -3.65863 0 0
0 0 486 1.04904 5.13313 2.11037 11.9255 0 0
0 0 487 6.42209 4.98665 9.30793 -5.11008 0 0
0 0 488 1.86936 -10.4489 -5.91232 5.51727 0 0
0 0 489 7.10178 -2.42351 2.79064 3.81726 0 0
0 0 490 -4.60135 -2.84929 6.16732 12.5591 0 0
0 0 491 -3.074 -1.15789 -4.79963 5.93905 0 0
0 0 492 2.82639 12.6839 -5.39836 -11.874 0 0
0 0 493 11.4944 -2.24187 -2.43371 3.39425 0 0
0 0 494 1.29904 -2.945 3.77134 16.9398 0 0
0 0 495 4.94357 -7.76531 -2.8393 -7.3574 0 0
0 0 496 1.01193 6.8968 -2.77384 -2.06025 0 0
0 0 497 8.53147 -12.0915 2.19298 4.14477 0 0
0 0 498 -5.7615 10.9046 2.70588 12.8683 0 0
0 0 499 14.0217 -6.73015 -6.10116 8.12207 0 0
0 0 500 2.18772 7.18196 2.59107 -7.29004 0 0
0 0 501 3.36545 -0.394214 1.45048 12.8511 0 0
0 0 502 -5.31228 -6.43523 1.27559 8.55917 0 0
0 0 503 4.94943 11.1898 17.4347 17.5747 0 0
0 0 504 11.967 3.87922 -4.996 -7.62613 0 0
0 0 505 8.69943 -5.97039 5.10613 6.51022 0 0
0 0 506 -0.6658 0.160473 2.89043 3.40893 0 0
0 0 507 9.26584 2.1429 4.86686 6.89529 0 0
0 0 508 7.17404 5.26985 -3.90692 7.34033 0 0
0 0 509 -12.408 15.2308 0.648962 -9.43879 0 0
0 0 510 2.52951 -2.20671 -4.13009 -1.30542 0 0
0 0 511 12.7815 -8.90789 -7.67416 -6.5842 0 0
0 0 512 -0.736113 5.3675 -2.9584 1.47998 0 0
0 0 513 2.6135 9.7093 -5.25994 -7.08558 0 0
0 0 514 0.119356 4.16438 2.38291 5.02752 0 0
0 0 515 2.79318 0.62727 -11.6614 14.9876 0 0
0 0 516 0.761934 6.84993 5.47202 1.41876 0 0
0 0 517 -6.92166 -3.27117 -14.2719 7.31094 0 0
0 0 518 7.22873 3.0511 -5.34901 6.68469 0 0
0 0 519 4.12912 -6.73211 0.991247 1.91525 0 0
0 0 520 -4.95682 -3.5407 2.79708 -4.54261 0 0
0 0 521 3.49826 4.33625 1.42902 1.82586 0 0
0 0 522 -0.583769 6.04719 12.2189 5.54422 0 0
0 0 523 -1.75174 -2.74187 1.53632 15.388 0 0
0 0 524 4.18381 -3.2282 3.52027 -3.60413 0 0
0 0 525 -2.86111 8.19172 -1.27596 1.02758 0 0
0 0 526 12.8147 -10.3981 3.73165 -9.8061 0 0
0 0 527 4.06662 -7.18523 -11.2901 -3.54538 0 0
0 0 528 11.1018 0.37727 0.323858 -2.60508 0 0
0 0 529 11.6037 -3.42937 -8.28683 8.75384 0 0
0 0 530 1.40647 8.6429 1.71229 1.44201 0 0
0 0 531 0.904512 -4.47625 4.44518 -6.27567 0 0
0 0 532 4.5217 8.26204 -3.84789 7.98739 0 0
0 0 533 -8.07205 8.75422 -12.5712 2.54211 0 0
0 0 534 12.6076 12.0042 -15.3202 -11.4718 0 0
0 0 535 -0.781034 2.3968 -1.65043 -0.0406538 0 0
0 0 536 0.138888 10.6136 3.88186 -11.2496 0 0
0 0 537 4.78537 -4.0407 -6.65267 -0.254918 0 0
0 0 538 0.123263 -11.3005 11.029 -2.01432 0 0
0 0 539 -12.2576 6.99836 -2.32856 4.23111 0 0
0 0 540 7.09006 -0.767261 -1.7073 6.12515 0 0
0 0 541 -0.794706 5.80891 1.43546 0.0628008 0 0
0 0 542 -1.05838 -0.0524173 9.28004 -7.71857 0 0
0 0 543 -0.0466595 2.92805 3.05245 5.85641 0 0
0 0 544 -2.57205 -5.65984 -2.09036 3.41873 0 0
0 0 545 -2.28103 5.7093 -9.04542 2.88186 0 0
0 0 546 0.541231 4.64094 0.0116178 5.39056 0 0
0 0 547 -3.54861 -0.140308 -2.50453 7.29565 0 0
0 0 548 5.35764 -2.81218 3.49236 2.25866 0 0
0 0 549 16.469 2.88899 0.190802 -0.357152 0 0
0 0 550 -3.78885 -2.40398 4.75849 -3.79023 0 0
0 0 551 -17.8494 -3.85906 -6.67199 -0.0865827 0 0
0 0 552 -4.1658 -4.09343 -0.293115 -6.63501 0 0
0 0 553 -0.886503 6.63118 -3.65476 1.58526 0 0
0 0 554 5.75217 2.69563 -3.1054 -11.8305 0 0
0 0 555 2.53537 -2.92742 7.90662 10.8916 0 0
0 0 556 2.66037 10.0179 -7.27072 -4.28305 0 0
0 0 557 0.107637 -4.91375 -11.479 1.30795 0 0
0 0 558 4.38498 -8.12859 4.24775 -13.4167 0 0
0 0 559 2.32639 7.95735 -4.37258 4.27087 0 0
0 0 560 -5.06814 0.957348 -0.833902 -5.83735 0 0
0 0 561 -11.3181 -4.77703 -6.231 -0.205327 0 0
0 0 562 6.85373 -11.9528 4.26276 10.2463 0 0
0 0 563 -3.17361 4.25422 5.1115 2.20419 0 0
0 0 564 1.82639 8.66047 -11.0272 2.26968 0 0
0 0 565 6.47287 17.2249 -0.268427 0.2691 0 0
0 0 566 -6.43728 4.28352 -9.99824 -0.185155 0 0
0 0 567 6.48654 7.68782 -1.2191 -6.2114 0 0
0 0 568 2.90451 6.31282 0.467627 0.922908 0 0
0 0 569 0.42795 5.58625 -10.3373 3.94583 0 0
0 0 570 -5.56619 -5.71648 5.35828 -0.240849 0 0
0 0 571 -0.554472 -4.32585 3.8368 -6.82602 0 0
0 0 572 -3.60135 2.76399 -7.31364 4.14782 0 0
0 0 573 10.3479 2.07258 -11.641 2.7582 0 0
0 0 574 -8.00369 -1.0407 0.492315 1.07534 0 0
0 0 575 -0.863066 -1.84929 -1.90687 -1.67212 0 0
0 0 576 -13.0135 0.836255 -9.57441 4.91 0 0
0 0 577 9.32053 -4.27117 13.3971 -3.63718 0 0
0 0 578 -0.464628 -5.00554 -4.87045 0.225643 0 0
0 0 579 -7.81814 -4.05046 5.32824 9.34091 0 0
0 0 580 1.16428 -0.681324 0.442953 -0.377354 0 0
0 0 581 9.72873 8.85579 8.88839 -2.05594 0 0
0 0 582 -6.66775 6.48665 -0.981974 8.03942 0 0
0 0 583 3.7092 -9.72234 3.18978 -8.53827 0 0
0 0 584 0.666231 5.60969 -0.309214 -13.3181 0 0
0 0 585 -4.82986 -1.08953 -0.1504 1.63546 0 0
0 0 586 13.3479 3.40071 2.13505 -2.60016 0 0
0 0 587 -0.1658 -3.32 -1.77061 1.02267 0 0
0 0 588 -1.81619 3.27961 3.34859 -8.04487 0 0
0 0 589 0.9592 3.67219 11.6932 -11.4143 0 0
0 0 590 9.59006 0.381176 -11.7365 12.5824 0 0
0 0 591 -11.5193 7.60383 -6.16447 5.27179 0 0
0 0 592 -0.589628 1.22493 -13.1871 -2.63385 0 0
0 0 593 -5.20486 -4.9489 3.54923 6.00457 0 0
0 0 594 0.250216 1.78352 -8.53898 5.68747 0 0
0 0 595 -0.632597 -6.07195 -2.01525 0.684139 0 0
0 0 596 4.5217 2.53157 4.86686 -5.58515 0 0
0 0 597 -4.5408 -13.6052 1.50521 1.64956 0 0
0 0 598 6.21897 -0.446949 1.03309 2.68719 0 0
0 0 599 11.3947 -3.15789 3.20374 -1.81842 0 0
0 0 600 -0.00564384 2.56672 8.50213 2.6976 0 0
0 0 601 2.73654 4.06672 5.95594 2.76861 0 0
0 0 602 1.18381 2.28352 2.13933 -3.79636 0 0
0 0 603 0.662325 -7.55828 -1.56567 4.57574 0 0
0 0 604 13.9865 10.6956 5.31 5.19097 0 0
0 0 605 13.2522 0.10188 -13.7032 -5.97327 0 0
0 0 606 -7.85721 4.16829 -1.76202 2.96206 0 0
0 0 607 5.79709 -6.5446 -7.1838 -4.73606 0 0
0 0 608 1.87522 8.28352 10.2554 -3.7486 0 0
0 0 609 1.95725 -2.65007 -5.69021 -7.49634 0 0
0 0 610 4.65256 -1.75945 1.16186 6.82058 0 0
0 0 611 -3.02908 3.62532 -2.56677 -1.36173 0 0
0 0 612 -4.82205 0.472973 9.72854 2.678 0 0
0 0 613 3.93576 -8.42937 -3.16441 3.40283 0 0
0 0 614 9.63303 8.39289 0.743384 -20.2394 0 0
0 0 615 7.37522 2.68196 4.31428 -13.5801 0 0
0 0 616 7.4885 3.38118 6.61582 -8.10853 0 0
0 0 617 -7.92361 1.4261 -2.47877 -7.21842 0 0
0 0 618 0.328341 0.529614 -7.03358 0.463161 0 0
0 0 619 -0.868925 5.26594 15.44 9.37887 0 0
0 0 620 -11.7771 -6.95476 -9.55723 7.65008 0 0
0 0 621 -4.33572 3.59211 1.86251 -6.97538 0 0
0 0 622 3.98654 7.97297 1.61036 -1.11197 0 0
0 0 623 -1.14822 -0.259449 3.70052 0.58926 0 0
0 0 624 4.62912 3.68977 4.77781 -1.52396 0 0
0 0 625 6.08225 -16.4079 9.65557 12.444 0 0
0 0 626 -6.61697 2.18977 1.46229 5.28463 0 0
0 0 627 5.98459 -8.07195 -5.95846 -5.31028 0 0
0 0 628 4.03537 -1.34148 -3.78567 4.61492 0 0
0 0 629 -13.1248 -3.62273 8.91414 11.7174 0 0
0 0 630 -5.98611 7.41829 -5.38978 5.32812 0 0
0 0 631 -6.3865 -8.75164 -0.947626 -2.64057 0 0
0 0 632 4.14084 5.75227 14.8445 -0.820592 0 0
0 0 633 -0.00955009 2.87922 -7.66235 -9.6561 0 0
0 0 634 -1.11697 -8.76726 -1.64077 -0.692021 0 0
0 0 635 0.047091 -12.1462 2.41617 0.133205 0 0
0 0 636 3.0217 -0.378589 -2.70625 -9.14859 0 0
0 0 637 0.513887 7.15266 -2.86505 -2.97052 0 0
0 0 638 -2.36502 6.82844 1.24447 2.55191 0 0
0 0 639 -3.01541 -1.24773 4.32285 11.5386 0 0
0 0 640 3.54904 -2.91375 -8.10765 0.0223955 0 0
0 0 641 7.6135 -1.56804 8.31864 -9.22022 0 0
0 0 642 -1.42947 6.81868 4.16405 3.49771 0 0
0 0 643 -3.86111 -6.79656 2.94407 -3.01401 0 0
0 0 644 2.10764 -3.00359 -14.4983 6.34372 0 0
0 0 645 0.437716 0.650708 9.40772 1.06616 0 0
0 0 646 -7.13846 -3.78093 17.5731 1.82034 0 0
0 0 647 -2.13064 -8.08953 -0.655786 -4.36814 0 0
0 0 648 -8.79666 11.682 -2.29959 0.216457 0 0
0 0 649 -2.66189 9.48079 -1.46588 -12.1317 0 0
0 0 650 2.02365 -2.54851 1.18653 -2.73117 0 0
0 0 651 4.32248 -5.59734 17.8242 5.94213 0 0
0 0 652 -7.36892 6.89485 -7.12693 -3.81473 0 0
0 0 653 -10.2049 -10.4958 5.8025 9.93963 0 0
0 0 654 -1.98025 3.29524 -8.48962 10.1135 0 0
0 0 655 -5.94314 -3.09734 5.78318 10.8958 0 0
0 0 656 6.52365 -4.59539 -0.0173587 -1.01587 0 0
0 0 657 -0.365019 -1.74968 8.14696 10.2433 0 0
0 0 658 -6.59353 6.91633 -5.89086 -6.72562 0 0
0 0 659 -5.77908 -7.70281 -5.25137 -1.91208 0 0
0 0 660 4.60373 -4.29656 4.25847 5.68133 0 0
0 0 661 -13.6834 -7.30242 -6.42091 -1.45542 0 0
0 0 662 4.53537 -6.32195 -4.40049 -11.4767 0 0
0 0 663 -3.42166 7.48274 -6.68809 -3.81104 0 0
0 0 664 -11.617 -9.90789 9.15771 -0.0498396 0 0
0 0 665 4.35373 -2.7614 4.59861 7.08996 0 0
0 0 666 0.843966 -0.68523 -2.05174 2.85003 0 0
0 0 667 1.07639 -5.24187 -5.83506 -1.22461 0 0
0 0 668 10.0373 0.660473 7.21454 -6.99927 0 0
0 0 669 15.4143 4.03352 -2.31353 -1.51847 0 0
0 0 670 -14.9627 10.4456 -1.80065 -5.72471 0 0
0 0 671 -0.57205 0.590161 -3.70304 -1.22034 0 0
0 0 672 5.51193 1.01399 -10.3555 5.81478 0 0
0 0 673 4.37326 -1.84734 3.82392 0.198696 0 0
0 0 674 -2.52908 5.88313 5.91195 -6.21506 0 0
0 0 675 1.15256 -2.27507 -6.52607 3.64831 0 0
0 0 676 -1.23611 -4.21843 -10.1216 4.67431 0 0
0 0 677 5.18186 2.51985 4.39689 -0.85056 0 0
0 0 678 8.37131 1.96321 -1.45408 9.13034 0 0
0 0 679 -4.18533 -7.19499 2.30994 -0.40186 0 0
0 0 680 -3.68924 0.488598 -2.24272 -8.71152 0 0
0 0 681 5.80686 -3.2614 2.50094 1.66976 0 0
0 0 682 -3.14822 2.52961 2.58248 -2.26716 0 0
0 0 683 3.67795 -2.41765 2.02131 6.50225 0 0
0 0 684 5.40647 4.09993 5.50957 13.7645 0 0
0 0 685 -9.96658 3.93782 6.82505 -0.211461 0 0
0 0 686 -5.55838 3.99836 -13.4715 -2.20163 0 0
0 0 687 -2.42752 -8.11687 -2.64831 -7.49573 0 0
0 0 688 -3.00174 -3.74187 6.12118 -2.89524 0 0
0 0 689 2.03733 -8.14812 1.03095 -8.14771 0 0
0 0 690 -0.902128 -0.614917 4.39153 9.45477 0 0
0 0 691 -1.11697 7.00618 1.99877 -3.8386 0 0
0 0 692 -1.46853 -7.51335 -7.97888 -0.545109 0 0
0 0 693 -2.71463 1.93196 2.47947 -3.6727 0 0
0 0 694 1.7092 -1.03875 -1.27918 4.72021 0 0
0 0 695 2.93967 10.7347 0.535223 5.33422 0 0
0 0 696 -3.79275 1.19368 -1.30064 4.39883 0 0
0 0 697 4.57443 -6.21257 -3.42515 -1.13462 0 0
0 0 698 0.7717 3.40266 3.23914 0.887386 0 0
0 0 699 7.32248 -5.36296 -10.451 -0.737309 0 0
0 0 700 0.773653 -5.33757 -2.71806 1.61221 0 0
0 0 701 3.9592 -2.7614 1.43117 3.96664 0 0
0 0 702 4.93967 13.8792 8.85192 1.23144 0 0
0 0 703 -9.20291 -2.89617 7.72313 4.50106 0 0
0 0 704 -10.1658 1.09797 0.768072 -1.89432 0 0
0 0 705 2.67209 12.1077 7.15124 4.99447 0 0
0 0 706 -8.40994 0.396801 -1.26846 -4.362 0 0
0 0 707 -1.61893 -3.55828 -2.49165 4.57943 0 0
0 0 708 -4.99393 -2.78484 1.04812 4.49188 0 0
0 0 709 15.9162 -0.780933 -10.6806 -9.58509 0 0
0 0 710 -0.0603313 2.81672 2.06745 -0.480809 0 0
0 0 711 3.56858 6.43782 4.46557 -4.72443 0 0
0 0 712 8.24045 -2.98796 8.92809 1.0986 0 0
0 0 713 10.1115 5.73079 9.39806 -2.35224 0 0
0 0 714 0.599825 -0.421558 -0.443323 1.15799 0 0
0 0 715 -10.3103 1.39094 -2.50559 7.12606 0 0
0 0 716 3.64084 -7.00164 2.7842 -8.24747 0 0
0 0 717 -5.49197 -2.79851 0.710119 2.90023 0 0
0 0 718 5.71897 5.01399 15.8628 3.77136 0 0
0 0 719 0.658419 -4.15984 -6.04751 1.88339 0 0
0 0 720 3.8635 -9.33367 -6.01103 7.97454 0 0
0 0 721 -0.368925 -0.234058 3.19622 -3.65494 0 0
0 0 722 -9.09549 10.2269 3.80138 1.45181 0 0
0 0 723 4.53537 8.72102 -5.52175 8.53408 0 0
0 0 724 -15.2576 -0.986012 -4.50993 1.742 0 0
0 0 725 6.75412 -3.88836 0.115698 -2.52488 0 0
0 0 726 -2.55057 -7.02507 7.42806 -10.7176 0 0
0 0 727 5.12131 0.865551 -10.3856 1.17819 0 0
0 0 728 0.924044 -2.22625 8.29825 -12.7035 0 0
0 0 729 -0.411894 -16.8044 -6.68594 4.68289 0 0
0 0 730 8.8967 16.1605 -4.51101 9.10278 0 0
0 0 731 5.56467 -4.98406 4.02457 2.38476 0 0
0 0 732 -4.69119 -2.51335 -5.67842 -6.61664 0 0
0 0 733 0.863497 1.49836 -6.42521 0.176662 0 0
0 0 734 2.75217 2.7386 -4.94985 9.99533 0 0
0 0 735 -10.574 -3.66179 -1.8897 -3.99595 0 0
0 0 736 6.16623 -4.0075 8.52787 8.21267 0 0
0 0 737 5.34201 -11.6559 12.2103 7.28891 0 0
0 0 738 3.69943 -13.7555 7.72313 7.48175 0 0
0 0 739 -12.3045 -3.80632 -3.26635 -5.33844 0 0
0 0 740 -4.24002 2.76594 2.61788 4.02233 0 0
0 0 741 3.57443 6.97493 2.62003 -1.14933 0 0
0 0 742 4.05881 9.63118 6.42054 -2.82727 0 0
0 0 743 0.619356 -7.55437 0.0598966 -3.17807 0 0
0 0 744 -1.32205 7.34797 10.3637 3.70645 0 0
0 0 745 -8.83182 -1.91179 2.5857 8.18328 0 0
0 0 746 0.900607 8.92219 -2.20838 -4.06205 0 0
0 0 747 -4.19119 3.0804 2.49128 6.3229 0 0
0 0 748 -13.0603 13.7894 4.19517 1.96054 0 0
0 0 749 1.4299 13.2835 3.41833 -4.0553 0 0
0 0 750 11.4924 -3.31023 5.33253 -9.72895 0 0
0 0 751 11.3791 0.115551 -1.32639 6.24514 0 0
0 0 752 6.96506 1.49836 -7.18058 1.55587 0 0
0 0 753 12.1994 7.41243 -3.2964 -7.25577 0 0
0 0 754 8.47287 -0.825855 9.11371 3.83929 0 0
0 0 755 2.64865 -5.17351 1.63718 -3.23011 0 0
0 0 756 11.5139 11.4769 -10.8759 -0.954045 0 0
0 0 757 5.69943 -1.14226 -14.1582 10.5432 0 0
0 0 758 2.72873 6.18782 -14.4275 0.777187 0 0
0 0 759 1.91037 9.31086 1.75306 -2.00208 0 0
0 0 760 0.445528 6.2718 -8.93812 -5.96836 0 0
0 0 761 23.6252 11.4632 4.1383 -1.07953 0 0
0 0 762 3.87131 10.0726 -3.04424 6.02539 0 0
0 0 763 17.1408 -4.2282 -4.20843 -11.121 0 0
0 0 764 -6.59939 9.18782 -12.6464 5.35626 0 0
0 0 765 14.0549 3.68196 0.143591 4.28128 0 0
0 0 766 15.8752 6.31868 -7.20312 1.85647 0 0
0 0 767 6.48459 5.33821 -6.88981 -2.88974 0 0
0 0 768 4.53342 4.8675 -14.891 -4.8089 0 0
0 0 769 7.21311 9.76594 -12.3287 9.48355 0 0
0 0 770 17.5334 -5.08171 8.88625 -8.3993 0 0
0 0 771 12.9807 4.90461 -21.5221 -4.73423 -38.5811 7.83467
0 0 772 1.96506 5.97493 -14.729 1.39181 0 0
0 0 773 5.12131 -1.82976 3.30567 6.81326 0 0
0 0 774 6.43967 6.1175 3.94623 -4.21018 0 0
0 0 775 -1.20877 -2.96453 -11.2429 1.95501 0 0
0 0 776 20.0686 -5.60125 -0.353205 -1.66111 0 0
0 0 777 12.0334 2.21907 -11.4435 5.80743 0 0
0 0 778 8.67404 -6.11687 -7.78037 6.6957 0 0
0 0 779 1.79904 9.46126 -9.50681 2.23541 0 0
0 0 780 1.66037 5.86555 2.00199 1.42855 0 0
0 0 781 5.8049 4.49836 5.93447 -3.59189 0 0
0 0 782 10.344 -7.94695 -0.38003 2.5917 0 0
0 0 783 2.10764 10.2777 6.77033 -1.56437 0 0
0 0 784 4.96897 -3.91179 2.24128 5.84173 0 0
0 0 785 2.61154 13.1566 -15.5423 2.56842 0 0
0 0 786 9.12326 3.74641 -6.81684 -0.617955 0 0
0 0 787 8.30686 2.13313 -1.01737 -7.05741 0 0
0 0 788 1.22092 5.18 -11.6742 -1.19767 0 0
0 0 789 5.42209 -3.23992 2.62647 0.720272 0 0
0 0 790 11.4065 -4.85711 -7.38874 -3.80063 0 0
0 0 791 13.174 0.187817 1.99235 -3.69474 0 0
0 0 792 7.27756 9.68977 -1.60644 14.8346 0 0
0 0 793 3.97873 5.26204 -9.10122 3.05877 0 0
0 0 794 9.30881 2.54915 -6.95741 1.44693 0 0
0 0 795 4.60959 3.92805 -6.58615 1.09063 0 0
0 0 796 1.66232 2.25032 -8.81367 1.70037 0 0
0 0 797 2.60764 12.6839 -7.57221 -1.58579 0 0
0 0 798 14.0549 3.68196 -15.5262 -0.902623 0 0
0 0 799 18.1096 6.69758 -7.04432 -8.10425 0 0
0 0 800 16.3186 3.69563 -8.19991 -8.84925 0 0
0 0 801 11.3654 -1.5114 -0.212641 -0.693242 0 0
0 0 802 4.27951 0.60188 -5.72885 -4.25794 0 0
0 0 803 8.14084 4.4593 -14.3159 7.10955 0 0
0 0 804 26.1994 -1.03289 -7.97244 -13.9701 0 0
0 0 805 24.3498 6.27375 -4.32537 6.80835 0 0
0 0 806 6.00412 8.33821 -23.6712 10.0235 -35.2976 6.93033
0 0 807 16.8225 5.73469 -18.6819 8.25674 0 0
0 0 808 12.3088 -2.7946 -21.2377 -3.14438 -48.7482 8.04895
0 0 809 26.7346 -4.48601 -23.8912 -9.74549 -50.3173 7.10413
0 0 810 21.8791 6.97883 -15.8288 -0.749577 0 0
0 0 811 15.5022 -7.07781 -12.8985 -0.88303 0 0
0 0 812 14.6096 -0.525074 -28.7132 -1.62009 -45.5238 5.99425
0 0 813 20.1311 -1.40984 -11.4757 -4.87073 0 0
0 0 814 37.5842 4.49641 -27.3516 7.65683 -40.3322 6.22563
0 0 815 24.0315 2.38118 -29.9149 5.32016 -42.7245 5.73951
0 0 816 26.1233 8.58626 -22.5049 -1.50684 -34.5584 7.23201
0 0 817 34.6037 -3.88249 -12.2655 3.80502 0 0
0 0 818 43.4455 3.00227 -14.3985 1.30062 0 0
0 0 819 22.7717 2.41438 -16.508 -0.676732 0 0
0 0 820 40.3498 7.70344 -16.5091 1.44448 0 0
0 0 821 28.5178 -0.987965 -18.9029 -6.02897 0 0
0 0 822 33.9436 5.00813 -22.2678 12.7715 -38.6624 7.57629
0 0 823 48.0197 2.38118 -32.0587 -0.46613 -42.8761 5.35747
0 0 824 48.467 -1.34734 -18.0885 -11.3341 0 0
0 0 825 45.9846 -9.12663 -20.0886 -3.20072 -57.2166 7.92708
0 0 826 40.0627 -4.58757 -35.3442 -4.93869 -48.6977 4.83738
0 0 827 61.0315 -5.11492 -28.0404 -2.29224 -50.1689 6.05766
0 0 828 49.7229 4.98665 -18.8772 5.15057 0 0
0 0 829 57.717 -1.28484 -32.4643 -6.23038 -46.1332 5.29899
0 0 830 65.3928 0.199535 -20.6905 -5.85877 0 0
0 0 831 64.469 -9.7282 -25.7625 6.06271 -55.3435 6.32443
0 0 832 59.1584 5.20735 -14.4372 1.08389 0 0
0 0 833 71.3615 3.15266 -8.89306 9.14318 0 0
0 0 834 67.3869 1.05305 -3.80177 5.07589 0 0
0 0 835 70.7815 0.90852 -6.55932 6.51205 0 0
0 0 836 72.51 -0.632496 -4.99278 2.86105 0 0
0 0 837 69.1018 4.54133 3.25309 7.3489 0 0
0 0 838 73.2365 -2.24187 5.37867 -1.17014 0 0
0 0 839 67.9514 -4.3864 23.4176 14.5071 50.3046 7.24828
0 0 840 70.9338 2.92414 17.4819 -5.41068 0 0
0 0 841 94.9182 -2.28289 28.0239 -8.90864 47.3286 6.12605
0 0 842 88.7815 -2.90007 29.1774 4.60391 47.8381 5.87619
0 0 843 94.0588 8.55696 19.1611 12.4918 0 0
0 0 844 82.5842 7.54719 34.9372 9.94699 38.9051 4.83628
0 0 845 98.5783 5.84993 30.0723 8.71282 39.4959 5.63819
0 0 846 99.4162 -1.97625 22.9541 9.88024 47.4604 7.47676
0 0 847 91.5256 2.16047 26.8512 0.763729 42.6999 6.39403
0 0 848 90.4572 0.068676 28.5293 3.65014 44.931 6.03368
0 0 849 92.1877 1.73274 22.6666 -6.64176 42.8143 7.57641
0 0 850 89.4319 3.54719 21.7652 -5.35068 40.3718 7.82495
0 0 851 91.9944 6.16829 14.0344 3.71502 0 0
0 0 852 89.4416 6.63508 19.9251 -0.584904 0 0
0 0 853 85.508 7.40852 20.1257 1.90606 34.8954 8.11686
0 0 854 74.0354 4.13118 14.8595 8.22552 0 0
0 0 855 60.2404 3.18001 3.678 5.75787 0 0
0 0 856 86.9397 1.12141 2.49235 -4.74952 0 0
0 0 857 81.5139 10.848 6.88943 -6.20343 0 0
0 0 858 62.8869 -1.65007 1.6522 -4.60993 0 0
0 0 859 67.7268 -2.96257 -4.91766 9.21054 0 0
0 0 860 62.2932 0.787428 0.301321 2.52923 0 0
0 0 861 62.1643 -0.818041 3.18442 1.59445 0 0
0 0 862 58.9592 -4.45281 5.12008 -2.11533 0 0
0 0 863 55.7873 7.43391 -0.31994 -5.78592 0 0
0 0 864 70.719 -4.24773 -5.84257 0.662105 0 0
0 0 865 59.6682 4.34993 -18.198 0.182765 0 0
0 0 866 56.4143 -2.45867 -4.3683 1.74688 0 0
0 0 867 58.9436 -12.3356 -8.4467 -3.78412 0 0
0 0 868 49.3537 4.6136 4.21233 2.35723 0 0
0 0 869 53.7326 -0.726244 -6.43379 0.961452 0 0
0 0 870 46.6115 4.88704 -12.1249 -0.35471 0 0
0 0 871 49.9377 -5.18523 -9.51217 -9.95606 0 0
0 0 872 49.5041 -8.56023 -9.9757 -8.31788 0 0
0 0 873 43.0627 -2.90398 1.49126 -7.7963 0 0
0 0 874 41.1799 3.42805 -9.25788 9.90658 0 0
0 0 875 51.4963 -4.26335 -9.89845 -9.54651 0 0
0 0 876 34.5061 -4.14031 -9.9875 -3.44986 0 0
0 0 877 42.8401 -6.46257 -16.6089 -6.45932 0 0
0 0 878 29.4592 -7.93718 -17.5949 2.02786 0 0
0 0 879 24.3713 2.42805 -9.54115 -6.65522 0 0
0 0 880 30.676 -0.24773 7.27677 -0.182683 0 0
0 0 881 46.674 -3.48015 -4.86616 -15.2471 0 0
0 0 882 30.6467 -6.21453 4.31856 -9.74915 0 0
0 0 883 30.8635 -1.15007 -9.7611 -6.10547 0 0
0 0 884 40.8498 -2.03874 -8.41451 3.13897 0 0
0 0 885 31.6311 -0.413745 6.40551 4.66452 0 0
0 0 886 16.3596 10.2132 -14.0337 -14.5817 0 0
0 0 887 22.8615 -7.46453 4.22092 4.88858 0 0
0 0 888 29.5979 -12.1501 -11.0369 -0.155766 0 0
0 0 889 22.5666 -11.9079 -8.70315 0.872707 0 0
0 0 890 30.0354 -2.00164 -0.284525 -10.5211 0 0
0 0 891 23.0842 -6.52312 -15.9415 2.68045 0 0
0 0 892 26.5959 -1.48406 -7.02714 -10.0485 0 0
0 0 893 26.8537 -5.60515 -7.16879 -1.2638 0 0
0 0 894 19.4748 -6.36296 6.51389 -3.83124 0 0
0 0 895 34.7951 -5.07781 4.54818 -0.523076 0 0
0 0 896 18.5842 -15.3356 4.45913 0.275203 0 0
0 0 897 14.4651 -22.8024 13.8842 0.678035 74.3316 6.87944
0 0 898 12.2014 -10.0309 6.88621 -9.08802 0 0
0 0 899 29.7033 -14.2399 -1.32318 2.76678 0 0
0 0 900 15.7092 -2.16765 -6.22778 -7.73081 0 0
0 0 901 17.4436 -3.57781 1.50091 -0.213292 0 0
0 0 902 24.7268 -8.89617 -7.29754 1.28347 0 0
0 0 903 11.2385 -7.25164 2.86574 3.07409 0 0
0 0 904 28.7248 -1.65984 0.877508 -2.81321 0 0
0 0 905 7.99826 -5.30437 4.54604 -6.05344 0 0
0 0 906 10.5686 2.03938 8.471 -0.385319 0 0
0 0 907 12.8088 0.803051 -10.657 -7.73081 0 0
0 0 908 24.4768 -8.34148 -0.421869 -1.47193 0 0
0 0 909 5.64084 1.26399 -7.74926 10.1986 0 0
0 0 910 18.7795 -6.35906 -3.81893 -1.97635 0 0
0 0 911 7.07053 -4.07195 -5.58935 -5.568 0 0
0 0 912 12.3947 -3.30632 9.05578 3.73645 0 0
0 0 913 6.93772 1.43196 3.63936 -1.94696 0 0
0 0 914 15.4709 5.94954 1.10499 -12.6894 0 0
0 0 915 -0.939237 -0.0309329 -7.41557 -3.23929 0 0
0 0 916 11.2932 -4.84929 -9.56046 10.2549 0 0
0 0 917 9.85373 -9.82 11.4045 1.38693 0 0
0 0 918 9.92795 3.39094 2.18548 -4.55301 0 0
0 0 919 8.76779 -0.745777 -7.06256 -1.38685 0 0
0 0 920 9.25217 1.63704 -1.52812 -6.08466 0 0
0 0 921 3.77951 2.53157 1.708 0.291744 0 0
0 0 922 0.711153 -6.24382 -2.14294 1.84668 0 0
0 0 923 15.9514 5.57454 1.2273 -7.06293 0 0
0 0 924 -1.1326 2.81086 12.3262 -9.6659 0 0
0 0 925 7.6467 0.746411 -4.81895 3.23815 0 0
0 0 926 -1.42752 -4.73796 -4.08181 4.56778 0 0
0 0 927 7.93186 0.144849 0.0609647 8.38531 0 0
0 0 928 3.46506 -0.62273 -3.52171 -1.68924 0 0
0 0 929 5.59787 -19.1344 -12.5455 -9.50245 -73.3746 8.0067
0 0 930 2.8342 1.45344 -3.19016 1.48242 0 0
0 0 931 1.5842 -8.64812 0.3142 4.22741 0 0
0 0 932 9.41818 -1.17742 -0.811365 1.88586 0 0
0 0 933 -2.50564 2.34016 -2.74917 -2.00025 0 0
0 0 934 0.226778 -0.232105 -1.55601 1.09921 0 0
0 0 935 10.5647 -4.83171 6.6802 0.389705 0 0
0 0 936 8.16818 -5.71257 -6.62049 2.01196 0 0
0 0 937 -3.05252 9.9261 0.675787 2.18765 0 0
0 0 938 13.1604 1.8968 -1.41223 -14.0901 0 0
0 0 939 4.02756 13.6624 -1.89079 0.78149 0 0
0 0 940 9.27756 -2.42742 4.86149 4.28985 0 0
0 0 941 -2.1658 4.34797 -7.7396 -7.56186 0 0
0 0 942 0.730684 -3.81414 -6.08077 1.83258 0 0
0 0 943 -5.62674 4.88704 5.25527 -4.93744 0 0
0 0 944 0.988497 1.88899 -7.56793 4.55127 0 0
0 0 945 2.48264 1.25032 -22.2935 0.410518 -43.395 7.71158
0 0 946 7.95725 2.33821 -9.48319 5.94885 0 0
0 0 947 12.1272 0.762036 1.7241 -6.08161 0 0
0 0 948 -8.73416 13.9632 9.96781 -6.19303 0 0
0 0 949 -7.67166 -5.4782 -1.24377 5.30423 0 0
0 0 950 -1.59549 -3.15203 -12.1056 -2.51691 0 0
0 0 951 0.994356 2.91438 -0.783472 5.2326 0 0
0 0 952 8.1467 3.89485 -5.65695 3.29937 0 0
0 0 953 6.68381 9.72102 13.867 11.3109 0 0
0 0 954 -0.734159 0.162426 11.793 7.9476 0 0
0 0 955 -8.71072 7.06086 -5.46704 2.49801 0 0
0 0 956 -1.71463 -2.20085 0.406469 -1.48725 0 0
0 0 957 8.29709 -3.37664 -0.749124 -6.70969 0 0
0 0 958 5.79514 0.0862546 0.946188 -2.94422 0 0
0 0 959 -2.13064 -9.17546 3.56104 7.92617 0 0
0 0 960 8.07834 1.51399 2.29922 -10.8603 0 0
0 0 961 1.54709 2.93196 -6.84045 8.99566 0 0
0 0 962 3.33615 -16.0251 2.91939 -0.529179 0 0
0 0 963 6.09201 -1.67546 -5.85545 4.37497 0 0
0 0 964 6.57834 5.7718 -0.710504 -0.439793 0 0
0 0 965 4.71897 -8.42742 8.11263 1.39794 0 0
0 0 966 -2.04471 -15.7341 0.20368 8.26593 0 0
0 0 967 -7.80252 -7.91765 5.99563 -2.87748 0 0
0 0 968 -4.45096 -3.6325 3.55997 -3.6727 0 0
0 0 969 -1.97049 -2.73406 18.0914 -1.3042 0 0
0 0 970 3.3342 -9.10125 -0.127878 -10.2713 0 0
0 0 971 4.31467 2.59016 -2.69337 19.312 0 0
0 0 972 1.7385 10.0531 -3.00132 -3.64698 0 0
0 0 973 -4.80447 7.51399 1.33782 -0.201054 0 0
0 0 974 10.3713 0.342114 -1.22553 -1.39603 0 0
0 0 975 14.3908 -8.43914 -4.69877 11.3342 0 0
0 0 976 -3.09744 -7.57195 9.41308 8.10247 0 0
0 0 977 -1.09353 -13.8298 7.08364 1.22775 0 0
0 0 978 11.924 -9.76531 1.77988 9.71435 0 0
0 0 979 11.1545 2.64094 -2.18049 4.45086 0 0
0 0 980 2.89865 -4.27898 -1.62898 -10.4868 0 0
0 0 981 8.91428 -3.25554 -0.289896 2.47476 0 0
0 0 982 2.66818 -9.04851 9.51502 -6.95212 0 0
0 0 983 8.22287 -4.13054 1.07172 -3.34946 0 0
0 0 984 5.95725 -12.3571 -10.5068 -1.85517 0 0
0 0 985 6.40842 14.0159 6.62761 3.6838 0 0
0 0 986 2.16623 -1.77703 -6.68165 1.07962 0 0
0 0 987 12.7873 -8.83171 6.33469 11.3072 0 0
0 0 988 0.236544 -1.66765 -2.44015 -3.20499 0 0
0 0 989 5.96311 -12.1364 -2.62684 8.64303 0 0
0 0 990 7.29904 -0.831714 -1.79421 5.71194 0 0
0 0 991 9.90061 0.75813 1.82496 0.633937 0 0
0 0 992 10.0627 4.63508 5.41515 -10.0797 0 0
0 0 993 -8.19119 -3.82195 4.35505 1.44448 0 0
0 0 994 -3.62869 -5.47429 1.16186 0.187679 0 0
0 0 995 1.29514 1.26985 11.0226 6.1221 0 0
0 0 996 -11.8435 11.139 2.31423 5.43035 0 0
0 0 997 0.398653 3.88508 -10.9146 -2.10553 0 0
0 0 998 0.449434 -6.83367 -4.74276 -0.278813 0 0
0 0 999 1.43772 7.37336 -5.1784 8.05474 0 0
0 0 1000 -5.61697 -6.64617 -11.8524 8.28552 0 0
0 0 1001 -1.77713 -3.98601 3.78208 1.71261 0 0
0 0 1002 -1.36697 4.18586 -4.10649 10.7226 0 0
0 0 1003 2.19357 2.38704 0.516989 15.6996 0 0
0 0 1004 -1.39041 4.38118 13.97 -2.87259 0 0
0 0 1005 -0.173613 -1.81218 1.13073 1.05206 0 0
0 0 1006 7.96506 7.16633 -6.54215 1.0845 0 0
0 0 1007 9.88693 2.48274 0.249823 -7.40207 0 0
0 0 1008 -0.2908 1.01985 -4.555 -3.46946 0 0
0 0 1009 -3.22049 0.94563 3.91941 -7.90528 0 0
0 0 1010 -0.525175 -3.51921 7.88302 -5.49271 0 0
0 0 1011 12.1955 -1.27507 2.86681 5.39605 0 0
0 0 1012 -14.0037 -2.38054 -3.46807 -7.3935 0 0
0 0 1013 -2.15799 -0.0856204 13.4571 -2.52671 0 0
0 0 1014 0.951387 5.35969 11.4217 -10.4066 0 0
0 0 1015 4.78928 -6.67742 1.17151 -6.83765 0 0
0 0 1016 0.756075 9.75422 -10.0004 -3.04706 0 0
0 0 1017 8.30881 -1.75164 0.337805 -0.451451 0 0
0 0 1018 2.55881 -0.614917 -0.325296 8.56405 0 0
0 0 1019 -1.02713 -11.6227 1.86144 4.24026 0 0
0 0 1020 -4.34158 3.37141 3.84968 2.25866 0 0
0 0 1021 12.2697 6.02961 -5.36831 1.5975 0 0
0 0 1022 11.2658 7.42414 0.868933 -2.3859 0 0
0 0 1023 -5.17557 -5.15789 0.76055 1.73403 0 0
