# File: uwl_181104_053617_b4.rf.sbA2.RMC_aux Src: J1713+0747 Nsub: 1 Nch: 1 Npol: 4 Nbin: 1024 RMS: 23.6784
0 0 0 556.256 -30.5048 66.3631 13.7944 0 0
0 0 1 563.639 -12.8017 63.1713 -13.8639 0 0
0 0 2 522.557 12.0772 27.8618 -13.4062 0 0
0 0 3 506.866 -17.6298 -8.17832 -13.2529 0 0
0 0 4 519.725 -7.45792 9.27261 -8.55877 0 0
0 0 5 490.479 16.8351 -29.1594 -25.8516 0 0
0 0 6 456.651 -14.9696 -12.7467 -24.5679 0 0
0 0 7 467.67 -39.8251 -51.3864 14.5395 0 0
0 0 8 419.901 -1.78993 -2.08701 19.2933 0 0
0 0 9 463.291 -11.3681 -38.3501 -14.5388 0 0
0 0 10 392.245 -31.6962 -62.1769 13.7412 0 0
0 0 11 461.717 -21.4501 -22.1144 -8.69927 0 0
0 0 12 428.807 -68.3993 -74.1672 -69.4488 -66.3416 6.63114
0 0 13 430.952 -64.4267 -28.9363 -68.9847 0 0
0 0 14 388.936 3.73741 -11.3547 -21.8046 0 0
0 0 15 393.358 -18.2392 2.40457 -32.0828 0 0
0 0 16 373.83 -28.7352 -49.7097 -40.6451 0 0
0 0 17 329.436 -33.2704 -56.8624 -25.4918 0 0
0 0 18 398.647 -32.0673 -89.1416 1.41499 -54.8927 7.20367
0 0 19 344.44 -35.9696 -68.5604 -5.06744 -58.8417 8.76388
0 0 20 332.116 -70.2079 -103.901 -49.6396 -62.0239 5.38081
0 0 21 320.057 -11.0399 -78.9203 -16.408 -48.9816 8.60965
0 0 22 313.229 -28.6337 -51.2479 -54.6936 0 0
0 0 23 292.487 -58.3915 -22.5219 -21.5555 0 0
0 0 24 265.409 -70.3915 -30.5591 -50.4252 0 0
0 0 25 291.553 -30.9345 -62.8768 23.8214 0 0
0 0 26 266.924 -45.6962 -39.373 -33.1579 0 0
0 0 27 265.284 -35.7587 -59.8465 -61.3718 0 0
0 0 28 242.803 -46.661 -54.1782 -38.1821 0 0
0 0 29 256.69 -33.6806 -54.5705 -33.2218 0 0
0 0 30 259.209 -62.7938 -16.6076 -30.1881 0 0
0 0 31 198.534 -20.993 -52.3247 9.74952 0 0
0 0 32 241.674 -84.2587 -56.7547 -36.9686 -73.0183 6.4968
0 0 33 224.744 -46.204 -32.2127 -32.5278 0 0
0 0 34 222.69 -39.4931 -74.2749 -23.959 -59.0001 8.06391
0 0 35 165.42 -53.9423 -1.91013 -68.5504 0 0
0 0 36 161.662 -44.1766 -44.9568 -61.1249 0 0
0 0 37 201.244 -19.4071 -36.212 -3.41119 0 0
0 0 38 155.061 -39.1766 -40.6728 -51.1681 0 0
0 0 39 189.647 -50.4188 -1.55625 -57.9912 0 0
0 0 40 151.748 -73.997 13.0644 -27.3844 0 0
0 0 41 150.76 -15.493 -61.1002 -10.4258 0 0
0 0 42 133.752 -18.9071 6.42703 -22.6476 0 0
0 0 43 169.205 -45.1571 -13.2005 -25.0724 0 0
0 0 44 140.256 -27.122 -31.8742 -17.8747 0 0
0 0 45 138.682 -32.8056 -19.6841 -22.2432 0 0
0 0 46 151.768 -30.7899 -12.6928 -20.2803 0 0
0 0 47 115.483 -33.2235 11.0415 -34.2692 0 0
0 0 48 149.409 -34.1337 6.95767 -27.5164 0 0
0 0 49 161.893 -64.1024 -77.4743 -14.988 -64.8022 6.67408
0 0 50 100.905 -35.5751 2.91983 -35.4017 0 0
0 0 51 118.452 -37.7782 -19.9455 -30.3372 0 0
0 0 52 96.1585 -65.5477 -43.6262 27.3298 -73.1769 8.37975
0 0 53 118.674 -34.1649 -6.5709 -8.02654 0 0
0 0 54 64.5062 -0.379776 -20.2762 -39.0868 0 0
0 0 55 81.1898 -55.329 -21.8836 -38.3885 0 0
0 0 56 85.0062 -51.5907 -8.45517 -17.0146 0 0
0 0 57 74.4789 -67.7118 -19.0533 -11.2262 0 0
0 0 58 96.639 -27.3485 -31.1052 -25.3577 0 0
0 0 59 77.5648 -1.81337 3.04287 -10.9346 0 0
0 0 60 105.955 -36.9618 -23.6679 -16.344 0 0
0 0 61 66.1273 -5.28212 -57.3315 19.7275 0 0
0 0 62 43.0609 -40.911 -46.7488 13.8391 0 0
0 0 63 53.7796 29.089 -17.1229 -16.5144 0 0
0 0 64 34.6781 -13.0673 1.11245 17.0707 0 0
0 0 65 42.1625 -34.8954 -31.8896 -32.1573 0 0
0 0 66 42.721 -20.2587 30.9229 33.9101 0 0
0 0 67 64.7328 -0.332901 3.26602 19.4551 0 0
0 0 68 49.7757 28.7569 -51.0864 -61.176 0 0
0 0 69 60.2953 -3.01259 -15.1233 17.5987 0 0
0 0 70 89.0101 6.28038 0.620266 -12.3461 0 0
0 0 71 35.5492 -19.9852 -6.23239 1.93446 0 0
0 0 72 37.9554 -42.3837 -11.4316 -7.03661 0 0
0 0 73 79.9437 -12.7313 -18.7149 5.52161 0 0
0 0 74 48.889 -1.09852 -1.78708 -27.2844 0 0
0 0 75 49.0687 5.65929 53.5498 -16.5548 0 0
0 0 76 39.0843 -50.122 -7.93979 -19.4373 0 0
0 0 77 51.2093 -32.3876 11.0723 5.06812 0 0
0 0 78 9.86167 -37.7665 -36.9272 -27.8911 0 0
0 0 79 1.68589 23.5265 -11.9238 -19.416 0 0
0 0 80 23.3187 -2.09852 0.950955 -30.1519 0 0
0 0 81 52.1703 40.3546 3.29678 28.5624 0 0
0 0 82 56.4515 -32.2079 -9.50107 -32.6172 0 0
0 0 83 24.057 -1.05556 7.39602 6.13258 0 0
0 0 84 23.8578 -4.24696 -11.0931 13.6071 0 0
0 0 85 83.8148 4.02257 38.9754 37.7037 0 0
0 0 86 -10.0407 0.862413 29.3231 17.2453 0 0
0 0 87 33.7523 -4.94618 53.0269 -13.9086 0 0
0 0 88 26.6976 -17.9774 19.8247 19.0186 0 0
0 0 89 48.682 29.5069 -7.35532 -74.8412 0 0
0 0 90 36.1937 -21.1688 28.6078 11.1184 0 0
0 0 91 64.7953 -8.00477 -6.7247 40.2222 0 0
0 0 92 55.0335 23.1319 -1.61008 -17.5533 0 0
0 0 93 20.1156 21.5734 -43.0724 -11.6009 0 0
0 0 94 30.7171 25.339 -25.0523 -40.4046 0 0
0 0 95 18.9398 -16.4384 -5.30954 18.4715 0 0
0 0 96 21.4359 10.9718 16.9021 -17.5192 0 0
0 0 97 39.4046 25.7765 66.3015 -9.49548 0 0
0 0 98 15.9085 -2.68837 13.6027 -40.3556 0 0
0 0 99 9.23667 -11.6181 -0.625705 8.55524 0 0
0 0 100 38.0843 10.6046 27.8003 -35.7381 0 0
0 0 101 39.0843 -12.9266 23.4087 -11.2986 0 0
0 0 102 24.0804 -3.25087 -1.23325 11.7613 0 0
0 0 103 8.43589 15.4796 9.78799 25.9992 0 0
0 0 104 78.6351 -19.204 20.0862 -0.90551 0 0
0 0 105 33.6078 -19.2782 28.0772 5.8111 0 0
0 0 106 55.9632 -0.44618 25.1161 8.94483 0 0
0 0 107 31.1507 -29.9696 24.0856 15.3549 0 0
0 0 108 -9.27114 -7.89931 -10.5932 -23.2438 0 0
0 0 109 87.5414 27.0538 49.3505 -16.0141 0 0
0 0 110 39.639 12.6515 42.4824 -47.7322 0 0
0 0 111 45.7796 -3.70009 13.5258 -0.937431 0 0
0 0 112 49.2054 -31.0946 -18.0459 -32.8301 0 0
0 0 113 69.6703 30.0187 31.5843 -17.4 0 0
0 0 114 24.1742 -48.3915 26.8773 -38.8697 0 0
0 0 115 28.1117 20.2413 5.12722 -43.5702 0 0
0 0 116 53.4945 -25.954 39.9751 14.6906 0 0
0 0 117 29.8226 -21.6415 32.5303 10.5776 0 0
0 0 118 13.9828 -12.6688 37.7678 -19.0052 0 0
0 0 119 4.8773 -22.5009 38.8139 -17.6214 0 0
0 0 120 63.9906 -21.3251 7.14993 26.6868 0 0
0 0 121 5.63902 -18.7704 23.2472 24.7474 0 0
0 0 122 58.221 -36.9071 41.7519 -34.6013 0 0
0 0 123 10.2523 -27.0868 39.8059 -26.1305 0 0
0 0 124 33.2484 -44.411 15.064 -3.09185 0 0
0 0 125 46.7601 -11.1102 -5.80942 9.43659 0 0
0 0 126 47.2171 -2.5829 13.6642 -23.8739 0 0
0 0 127 -1.22036 -22.4266 23.3318 15.5379 0 0
0 0 128 20.0375 1.08898 28.9463 -15.4329 0 0
0 0 129 32.5609 12.0655 28.4848 -31.0886 0 0
0 0 130 21.0492 -10.9384 -36.9041 -2.19982 0 0
0 0 131 5.0648 -17.6962 -3.53293 -57.5058 0 0
0 0 132 3.84605 -53.5868 -18.7611 -3.18548 0 0
0 0 133 -18.9625 -10.5985 12.5336 -1.33978 0 0
0 0 134 -8.34145 20.1241 51.1656 -23.6993 0 0
0 0 135 39.0687 3.69835 1.62014 -53.2757 0 0
0 0 136 9.27574 7.04601 54.3266 14.9802 0 0
0 0 137 20.6195 -20.0321 -15.0156 -1.58672 0 0
0 0 138 -4.71255 -9.09852 -30.4822 -51.4982 0 0
0 0 139 16.932 -40.954 -14.6311 22.527 0 0
0 0 140 17.3812 -13.6454 33.9839 10.6798 0 0
0 0 141 -1.84145 -4.00868 13.272 -2.40423 0 0
0 0 142 -5.54458 20.6398 22.1166 -69.1465 0 0
0 0 143 -9.13833 -8.12587 21.2399 -12.5568 0 0
0 0 144 9.33433 -18.411 35.9374 -12.1076 0 0
0 0 145 -7.93911 -33.1923 21.8167 0.744392 0 0
0 0 146 29.9281 -1.41884 25.9314 2.61567 0 0
0 0 147 13.7484 7.51866 38.3985 -9.97662 0 0
0 0 148 47.5414 -20.3759 23.1934 -0.750053 0 0
0 0 149 36.9867 12.3741 19.0556 6.99689 0 0
0 0 150 31.4281 22.7296 11.0338 -23.9548 0 0
0 0 151 -3.33755 -63.5517 -8.32444 -15.3307 0 0
0 0 152 -35.4625 -14.6298 17.3174 -52.3625 0 0
0 0 153 -10.2672 32.3233 37.9524 -5.5805 0 0
0 0 154 -6.8102 27.8351 25.416 26.8401 0 0
0 0 155 14.932 9.75694 1.24319 8.94056 0 0
0 0 156 -14.568 -38.2821 -4.70957 -13.1572 0 0
0 0 157 -30.8336 -1.68056 -2.12546 13.8178 0 0
0 0 158 23.2679 -17.2274 -10.6317 -7.51348 0 0
0 0 159 5.51792 -7.04774 41.621 6.66053 0 0
0 0 160 33.2484 -4.77821 16.3561 -12.8122 0 0
0 0 161 21.0882 -13.0946 -8.72434 -6.25957 0 0
0 0 162 16.764 -34.3251 51.5117 0.793343 0 0
0 0 163 -8.8688 21.8624 -14.2464 -0.948052 0 0
0 0 164 -15.9625 -23.2157 -44.1415 31.4023 0 0
0 0 165 -7.64223 -0.957899 47.7123 10.7671 0 0
0 0 166 22.6664 -45.8993 28.3617 18.6163 0 0
0 0 167 37.725 -24.0595 28.1925 28.5347 0 0
0 0 168 -31.6891 0.628038 5.11953 -4.42028 0 0
0 0 169 18.0492 16.2804 27.085 -23.3715 0 0
0 0 170 -18.8688 -18.8563 12.7952 -36.9047 0 0
0 0 171 -8.8727 10.5382 7.91897 2.69654 0 0
0 0 172 6.35386 -24.079 24.0779 -24.5743 0 0
0 0 173 28.6585 -10.5165 29.8845 -10.7366 0 0
0 0 174 23.7796 -7.91884 -15.1925 12.0806 0 0
0 0 175 23.8968 -12.2079 1.05862 -3.84759 0 0
0 0 176 5.60777 -9.2079 13.7411 -3.65386 0 0
0 0 177 -3.96645 19.171 31.6919 26.4101 0 0
0 0 178 4.54136 -25.2899 -15.4847 -3.40051 0 0
0 0 179 40.4007 -16.4852 -31.3744 4.39753 0 0
0 0 180 11.5179 -10.3915 -18.0459 16.679 0 0
0 0 181 18.475 5.28429 -8.52439 16.6577 0 0
0 0 182 19.1625 -18.872 -1.87168 13.3878 0 0
0 0 183 3.41636 5.99132 32.9456 -3.73473 0 0
0 0 184 23.2601 -36.1884 0.935574 29.6417 0 0
0 0 185 37.4906 37.753 0.597195 -4.38409 0 0
0 0 186 10.4398 -17.0243 -19.1148 -13.089 0 0
0 0 187 39.2601 -32.1102 52.45 -2.78954 0 0
0 0 188 20.1429 -42.6493 -1.72556 -28.9534 0 0
0 0 189 10.2328 -47.0438 -10.3779 34.3082 0 0
0 0 190 1.7562 14.6046 12.6566 16.447 0 0
0 0 191 4.61558 -17.3641 2.91214 20.7388 0 0
0 0 192 -9.01333 10.2726 44.2668 24.6538 0 0
0 0 193 28.3421 15.5421 -2.79453 20.7835 0 0
0 0 194 -1.38051 11.6632 1.92007 0.354805 0 0
0 0 195 -3.48598 -3.62977 -9.75498 21.0134 0 0
0 0 196 11.4125 18.9327 -8.7551 -32.779 0 0
0 0 197 -29.6657 9.89366 -8.70896 6.47321 0 0
0 0 198 27.3578 -5.15321 19.4248 -3.08117 0 0
0 0 199 31.0492 1.26476 35.6375 -23.4162 0 0
0 0 200 0.0569854 11.5226 5.11953 -30.0987 0 0
0 0 201 -7.38833 -3.42274 3.63516 -34.9802 0 0
0 0 202 16.0062 15.6671 28.2541 -5.61456 0 0
0 0 203 -5.32192 -28.8173 8.18057 29.5054 0 0
0 0 204 24.725 -30.4032 -12.4929 -23.2352 0 0
0 0 205 -9.36098 -4.09071 8.04214 -6.71093 0 0
0 0 206 16.2562 19.2609 -33.6201 -27.6441 0 0
0 0 207 -17.404 -6.48524 14.6179 26.4058 0 0
0 0 208 8.23277 -19.6766 -44.7951 -52.3263 0 0
0 0 209 1.2523 -10.6102 -7.19382 -10.4471 0 0
0 0 210 -35.529 5.78038 11.903 3.66737 0 0
0 0 211 3.77964 -7.87196 14.7179 -34.8078 0 0
0 0 212 41.7914 23.7413 -41.9572 -13.5701 0 0
0 0 213 -13.4 -70.1376 -22.5913 25.7246 0 0
0 0 214 3.01011 -3.25868 6.16543 6.22834 0 0
0 0 215 25.1703 -15.372 -19.784 -2.77679 0 0
0 0 216 -15.6032 24.0812 2.65066 38.8491 0 0
0 0 217 27.0843 -28.5829 9.21109 -1.36108 0 0
0 0 218 1.2562 0.799913 -5.19419 64.6021 0 0
0 0 219 -15.5875 -0.371962 -34.2124 -15.0497 0 0
0 0 220 -31.361 24.6749 17.3251 -5.0078 0 0
0 0 221 2.18589 23.3859 -6.4863 -18.6241 0 0
0 0 222 30.6117 -5.23524 -6.23239 -50.4188 0 0
0 0 223 22.2718 -12.3485 12.5644 19.7978 0 0
0 0 224 41.6507 -28.2431 -17.2229 10.7437 0 0
0 0 225 -9.14223 -5.77821 34.4684 -4.27337 0 0
0 0 226 14.9984 -17.6298 23.6702 -18.243 0 0
0 0 227 -1.79067 23.5421 8.94961 12.2914 0 0
0 0 228 43.557 -38.0243 -9.4011 -48.6263 0 0
0 0 229 -2.66176 -34.7509 -23.8371 -8.89941 0 0
0 0 230 14.9515 -7.98134 27.2466 -16.3569 0 0
0 0 231 -26.0758 -7.75868 17.8405 -8.41827 0 0
0 0 232 -10.1735 35.3468 -9.3165 10.3563 0 0
0 0 233 -10.6305 19.8116 8.98037 -1.25036 0 0
0 0 234 12.7484 21.3702 12.1875 4.5785 0 0
0 0 235 -3.46645 -25.9462 -13.4928 -55.4621 0 0
0 0 236 0.471048 -5.28993 25.9776 3.25007 0 0
0 0 237 17.8031 45.7608 34.4146 -1.29082 0 0
0 0 238 16.3812 24.9718 -55.4703 14.7225 0 0
0 0 239 3.45933 25.9249 -29.6977 33.4268 0 0
0 0 240 19.9984 10.1984 -40.1806 -3.18975 0 0
0 0 241 20.1898 -9.86806 17.0944 -9.06335 0 0
0 0 242 6.60777 -5.48134 7.29605 27.1105 0 0
0 0 243 9.77574 -24.8837 20.6938 8.02088 0 0
0 0 244 16.1859 -4.3954 -29.7823 -35.9042 0 0
0 0 245 -31.8532 23.0734 55.0034 0.967903 0 0
0 0 246 -9.3102 40.2179 59.695 -1.41216 0 0
0 0 247 8.39292 -7.56337 -29.0902 7.83356 0 0
0 0 248 -2.31801 25.0929 40.9135 -16.3675 0 0
0 0 249 -40.6735 -21.1688 -8.27829 -13.1805 0 0
0 0 250 -5.43911 -51.4188 24.4932 19.1634 0 0
0 0 251 -25.1461 -2.14149 21.8628 26.3654 0 0
0 0 252 -11.5641 -8.30946 28.6001 -3.7539 0 0
0 0 253 29.0921 -3.5829 -22.7528 -19.1414 0 0
0 0 254 23.2757 -22.1259 -14.6311 3.97175 0 0
0 0 255 -51.3571 33.4991 -7.34763 35.3471 0 0
0 0 256 7.17808 33.7843 -14.308 -18.5368 0 0
0 0 257 -29.9157 30.9093 4.83499 -13.8533 0 0
0 0 258 -35.2829 -0.825087 -2.45615 9.82618 0 0
0 0 259 1.73667 47.4679 -20.9916 2.51136 0 0
0 0 260 0.19761 5.19444 -25.9753 12.1424 0 0
0 0 261 -2.66176 -39.6727 34.2531 -14.6261 0 0
0 0 262 11.264 4.59679 -52.317 11.6975 0 0
0 0 263 -9.63051 -6.78212 35.5067 -42.0673 0 0
0 0 264 1.90074 -27.2196 -7.49375 14.7225 0 0
0 0 265 8.65855 19.6476 -27.6135 29.1649 0 0
0 0 266 3.3812 32.003 -15.2079 -13.7298 0 0
0 0 267 7.88902 7.51866 -5.30185 -14.0768 0 0
0 0 268 -15.5602 2.90538 34.7145 4.48695 0 0
0 0 269 27.932 10.6944 -11.2239 -39.7851 0 0
0 0 270 -12.5485 42.5108 14.1564 30.2953 0 0
0 0 271 -6.78676 -26.2743 -0.71799 -9.4146 0 0
0 0 272 30.6625 -10.6532 2.77371 36.8011 0 0
0 0 273 -10.0094 23.2609 -9.92417 44.184 0 0
0 0 274 -3.54848 -45.8954 11.0723 5.41517 0 0
0 0 275 -1.05239 -0.532118 2.16616 -16.1674 0 0
0 0 276 42.7875 -15.9891 -7.80136 -5.41442 0 0
0 0 277 -43.2868 45.1241 13.2566 14.8759 0 0
0 0 278 4.78355 -44.0712 1.25857 39.6133 0 0
0 0 279 27.971 28.171 0.304959 -12.0821 0 0
0 0 280 9.33433 26.003 10.7647 -2.4851 0 0
0 0 281 1.53355 -36.3524 0.358792 9.89002 0 0
0 0 282 7.92027 -3.98134 -9.23191 -24.0591 0 0
0 0 283 -19.4157 0.307726 17.0867 29.0541 0 0
0 0 284 0.693704 -3.36415 1.77395 -12.4802 0 0
0 0 285 -3.95473 -0.176649 -20.8222 1.51716 0 0
0 0 286 12.057 15.0694 -21.0608 44.8865 0 0
0 0 287 -32.1188 -19.3095 -11.993 -2.1104 0 0
0 0 288 3.82652 44.714 2.74295 36.0092 0 0
0 0 289 -0.661764 41.6241 41.675 -12.5717 0 0
0 0 290 -8.59926 -35.6571 -34.7046 20.5919 0 0
0 0 291 16.7093 -13.2782 -8.43979 -7.33044 0 0
0 0 292 -20.611 -17.0985 -30.7591 -10.4982 0 0
0 0 293 -9.6813 -4.88759 -35.6814 -17.4319 0 0
0 0 294 13.5765 41.0968 3.66592 -16.3973 0 0
0 0 295 9.24839 22.4405 -5.99399 6.13685 0 0
0 0 296 26.5101 -10.4852 -39.4499 29.1882 0 0
0 0 297 -18.5915 7.44444 -3.33298 -56.2689 0 0
0 0 298 -20.5836 23.1788 -15.477 1.73432 0 0
0 0 299 4.66636 -10.7509 6.95767 -11.1496 0 0
0 0 300 -22.8258 -33.0087 -2.79453 2.38575 0 0
0 0 301 -4.52895 -3.84462 -5.25571 -8.68438 0 0
0 0 302 6.04136 9.89757 24.3932 2.5348 0 0
0 0 303 -8.82973 21.6359 -7.61679 5.29804 0 0
0 0 304 -39.7125 1.83898 15.3178 23.4233 0 0
0 0 305 18.1117 -31.2821 14.7256 -3.82629 0 0
0 0 306 -13.6618 8.26476 24.2471 -20.6721 0 0
0 0 307 36.0804 29.7882 -42.6109 31.7706 0 0
0 0 308 -27.8375 44.8155 -12.4852 26.9146 0 0
0 0 309 17.8109 -43.1454 -16.7999 16.4044 0 0
0 0 310 24.8109 10.1905 19.2326 17.7307 0 0
0 0 311 8.60777 -18.8095 4.05044 -1.27593 0 0
0 0 312 -46.6696 14.9132 0.0973172 -27.8847 0 0
0 0 313 -33.3844 -9.80946 -3.49448 26.0227 0 0
0 0 314 61.8578 -5.12196 -17.1998 -13.5872 0 0
0 0 315 29.2367 7.32726 -41.4496 -27.4163 0 0
0 0 316 -5.45864 10.5538 -23.1834 6.76911 0 0
0 0 317 20.8265 -39.286 19.6248 13.6517 0 0
0 0 318 35.6234 -14.6141 -7.81675 -11.4327 0 0
0 0 319 45.475 19.0733 -2.23313 -31.425 0 0
0 0 320 -2.07583 24.2179 27.3773 -20.1718 0 0
0 0 321 4.28355 -10.3368 -12.7159 17.3475 0 0
0 0 322 -22.9782 -46.5126 -15.7923 -22.1559 0 0
0 0 323 -22.236 32.2218 9.49563 61.7494 0 0
0 0 324 29.9984 -6.04384 25.516 14.6821 0 0
0 0 325 38.7132 -24.7118 2.8583 28.1643 0 0
0 0 326 9.11949 -15.5946 12.4259 -17.9578 0 0
0 0 327 -22.0758 22.0304 22.4859 -11.8436 0 0
0 0 328 59.8226 -15.1337 -16.3154 30.2527 0 0
0 0 329 -15.6461 24.0851 7.4114 -10.4982 0 0
0 0 330 -50.9938 26.6749 27.8542 -6.9323 0 0
0 0 331 -8.78676 -9.39149 23.6933 -10.9517 0 0
0 0 332 12.2171 -32.2938 -13.1236 -35.7126 0 0
0 0 333 -7.61098 23.1515 -25.5599 14.5501 0 0
0 0 334 -32.3219 -12.0282 7.7344 13.5198 0 0
0 0 335 4.24449 -32.3915 -37.8886 -29.2684 0 0
0 0 336 0.603861 -38.6962 29.1847 -0.200798 0 0
0 0 337 8.44761 32.9054 7.3345 -1.2589 0 0
0 0 338 -50.9391 -30.8407 -3.1406 17.6264 0 0
0 0 339 13.0531 50.6593 17.7713 -29.7176 0 0
0 0 340 31.4632 5.00694 -6.65549 30.2591 0 0
0 0 341 10.2875 7.4171 30.7229 4.12507 0 0
0 0 342 16.5687 -7.77821 -37.1581 -0.192314 0 0
0 0 343 3.0062 -8.80946 14.6179 22.5909 0 0
0 0 344 31.6156 7.62023 31.5766 26.8891 0 0
0 0 345 -14.9079 -4.71571 31.8303 29.2394 0 0
0 0 346 35.2562 -23.5282 25.8391 7.00117 0 0
0 0 347 -11.6657 12.5109 -16.9614 39.6964 0 0
0 0 348 58.1664 6.71788 42.4748 1.95997 0 0
0 0 349 21.7601 -14.3212 11.6646 -13.3253 0 0
0 0 350 36.932 -9.86024 14.2948 14.2329 0 0
0 0 351 -4.52505 15.9562 24.8931 -18.6475 0 0
0 0 352 -18.3336 23.0304 -12.2468 20.7324 0 0
0 0 353 -6.11489 -8.82118 -15.6539 18.4672 0 0
0 0 354 -36.7555 7.79601 -25.0293 -12.0012 0 0
0 0 355 -19.7243 -47.0009 -12.3622 -0.241264 0 0
0 0 356 -29.8297 14.2218 0.0281033 8.10175 0 0
0 0 357 -38.4586 11.0773 -17.0537 -3.63683 0 0
0 0 358 1.48277 -4.93446 -30.8053 -37.3561 0 0
0 0 359 -6.52505 14.589 12.1645 10.3733 0 0
0 0 360 6.45152 3.56554 29.7692 -7.77959 0 0
0 0 361 -21.7008 0.80382 18.3711 -5.28881 0 0
0 0 362 4.01792 -28.0946 -20.0224 33.1671 0 0
0 0 363 42.264 5.06554 -6.52475 -12.742 0 0
0 0 364 -27.525 -22.5829 -15.7616 18.8994 0 0
0 0 365 -29.5485 9.82335 11.8645 -12.4972 0 0
0 0 366 2.01011 -6.98524 21.609 -13.9555 0 0
0 0 367 22.3734 -46.411 -53.4784 16.8536 0 0
0 0 368 26.7171 5.49523 -24.7755 22.857 0 0
0 0 369 20.4593 -15.497 -0.664157 -36.611 0 0
0 0 370 -15.9508 -5.27431 38.437 -23.8888 0 0
0 0 371 28.4281 49.1983 30.969 33.182 0 0
0 0 372 5.85777 6.7296 -18.0613 4.64234 0 0
0 0 373 23.0296 14.9952 -2.08701 -25.6855 0 0
0 0 374 6.27183 -18.1298 -32.4435 -29.7836 0 0
0 0 375 -11.9977 6.74913 8.5574 -36.2789 0 0
0 0 376 -0.528952 -24.2743 -36.1351 -69.849 0 0
0 0 377 36.1078 -1.26259 -0.241184 -20.555 0 0
0 0 378 -18.1696 -13.1415 19.6402 -18.7369 0 0
0 0 379 16.1 15.8077 -11.2239 -18.6837 0 0
0 0 380 -26.4899 38.1788 -7.81675 5.51948 0 0
0 0 381 2.59995 -40.9345 -10.5317 20.1895 0 0
0 0 382 0.111673 23.7257 10.8339 -1.01617 0 0
0 0 383 -4.41567 9.8546 24.2163 3.64393 0 0
0 0 384 -43.1813 -37.5985 44.8051 -10.2874 0 0
0 0 385 9.73277 -18.4579 -12.4314 17.109 0 0
0 0 386 39.2445 35.3116 1.25088 -2.09978 0 0
0 0 387 -27.8688 10.589 2.25845 16.1638 0 0
0 0 388 -26.611 -17.8251 -24.7447 11.6293 0 0
0 0 389 -10.9743 12.6398 -46.6718 -0.518059 0 0
0 0 390 -33.8766 -24.4032 -28.6594 -29.675 0 0
0 0 391 -3.58364 -16.3993 23.924 -23.6951 0 0
0 0 392 -12.7907 -21.2001 -19.1456 13.2983 0 0
0 0 393 2.78745 -13.2235 16.8714 -25.6515 0 0
0 0 394 32.8578 -32.7548 11.2877 -5.18664 0 0
0 0 395 -2.91567 20.6905 6.51162 -33.2048 0 0
0 0 396 7.39292 14.1163 28.9771 4.22511 0 0
0 0 397 -13.1891 -7.66102 -31.2129 -9.57848 0 0
0 0 398 24.6 -29.7391 34.13 19.6743 0 0
0 0 399 32.1664 -24.3212 -12.3006 -39.3976 0 0
0 0 400 -10.4665 5.73351 -35.9352 -24.223 0 0
0 0 401 1.33433 -12.3173 -15.3155 7.30982 0 0
0 0 402 -22.9625 2.22179 -5.97861 -12.7548 0 0
0 0 403 41.9593 -5.30946 16.8329 -2.61712 0 0
0 0 404 13.7757 17.7023 16.7483 -28.1976 0 0
0 0 405 -2.77114 14.8194 2.99673 5.27253 0 0
0 0 406 16.4437 23.2062 -6.40927 -13.1465 0 0
0 0 407 19.1117 10.3194 15.4024 -13.8554 0 0
0 0 408 -26.111 2.42491 -27.6135 14.1031 0 0
0 0 409 11.3656 -3.80165 28.5078 -16.5378 0 0
0 0 410 36.9984 8.33898 14.964 -33.2324 0 0
0 0 411 -4.31801 4.42101 -5.87863 -40.2854 0 0
0 0 412 10.0765 -29.161 -17.8613 17.4369 0 0
0 0 413 -1.1813 -3.28602 -14.7926 -36.7642 0 0
0 0 414 14.221 -17.2431 -19.8148 -22.2028 0 0
0 0 415 11.9515 14.9874 -7.70908 -8.40551 0 0
0 0 416 -8.09536 43.1437 -15.6616 13.7241 0 0
0 0 417 46.6507 -54.7509 -44.2722 48.231 0 0
0 0 418 14.1625 -12.8641 40.8827 8.8426 0 0
0 0 419 21.9671 24.8937 37.6679 -13.8873 0 0
0 0 420 30.7679 5.70226 -0.925632 19.9277 0 0
0 0 421 13.682 -10.0556 8.00369 11.5867 0 0
0 0 422 -2.47036 19.6671 6.65774 -24.0165 0 0
0 0 423 -6.57192 7.19835 1.48928 28.5113 0 0
0 0 424 19.8812 -26.5126 7.74209 -1.57397 0 0
0 0 425 9.12339 -10.1688 4.22732 -7.73919 0 0
0 0 426 37.2796 -19.5438 -24.7293 -13.9405 0 0
0 0 427 20.7015 -11.5907 -25.0831 1.547 0 0
0 0 428 21.0531 4.90929 -25.706 18.4758 0 0
0 0 429 11.0062 13.4796 -26.0676 16.1596 0 0
0 0 430 8.85777 18.0812 -9.72422 13.8093 0 0
0 0 431 -21.3024 14.4757 -8.22446 13.8476 0 0
0 0 432 -24.6618 52.9444 -1.31784 39.0322 0 0
0 0 433 24.0726 -29.3446 12.3875 29.4692 0 0
0 0 434 71.0648 37.421 16.2792 -2.44042 0 0
0 0 435 -5.10708 -2.45399 -5.07114 15.9893 0 0
0 0 436 -19.3375 -2.09852 -12.7313 6.81379 0 0
0 0 437 35.4632 5.03819 6.20388 0.452766 0 0
0 0 438 30.5257 44.4444 -63.4228 5.73872 -27.4893 8.7045
0 0 439 -8.64223 48.1358 -14.3926 -13.1763 0 0
0 0 440 9.22886 -7.69618 1.51236 -19.0733 0 0
0 0 441 53.8382 15.4601 -25.1062 2.34742 0 0
0 0 442 -12.0485 12.1202 33.5916 -15.7012 0 0
0 0 443 28.389 41.4093 23.2857 -38.3013 0 0
0 0 444 -1.81411 22.339 9.68032 -3.73473 0 0
0 0 445 -20.7672 18.3234 -4.77878 9.00019 0 0
0 0 446 8.59214 -15.4579 -28.9594 0.376106 0 0
0 0 447 26.3734 30.0734 -15.1694 -29.988 0 0
0 0 448 -0.80239 8.06944 5.26565 -1.2738 0 0
0 0 449 1.61949 -23.2196 -1.14096 26.9316 0 0
0 0 450 0.0843296 -24.2157 19.0325 0.89344 0 0
0 0 451 4.53745 12.0265 -54.0628 -3.86889 0 0
0 0 452 23.471 8.49132 30.9844 -35.0121 0 0
0 0 453 23.2875 4.47179 5.28872 0.476143 0 0
0 0 454 12.5218 -3.17665 -15.6385 24.3962 0 0
0 0 455 45.6429 16.8585 -3.12522 3.27351 0 0
0 0 456 8.09214 25.9249 16.1562 7.37373 0 0
0 0 457 35.221 72.3507 -23.9294 16.9196 0 0
0 0 458 -51.9235 -9.23134 -3.36374 -33.2303 0 0
0 0 459 -14.8297 -6.2079 -40.7882 2.74769 0 0
0 0 460 6.71714 -14.1845 21.4398 40.0136 0 0
0 0 461 9.49839 -4.16884 -19.1764 -3.656 0 0
0 0 462 15.8226 -0.133681 13.8334 -33.6518 0 0
0 0 463 23.5648 -23.0165 36.4065 -4.8056 0 0
0 0 464 3.68589 38.5108 19.9324 -19.5033 0 0
0 0 465 17.5375 -22.7001 -3.85593 -19.1031 0 0
0 0 466 13.5375 24.339 -10.9162 -38.165 0 0
0 0 467 12.3421 -12.7548 25.0777 -33.9882 0 0
0 0 468 -11.7008 14.3585 0.943264 -25.3513 0 0
0 0 469 -23.6735 -22.1766 12.2337 -14.1471 0 0
0 0 470 3.54527 -3.25477 -3.02524 -38.2842 0 0
0 0 471 -18.7165 6.30382 42.5978 -5.33355 0 0
0 0 472 -24.1852 14.7491 30.5922 8.96821 0 0
0 0 473 17.9945 -10.5399 8.18057 -12.2907 0 0
0 0 474 9.41636 -35.1102 42.89 -20.6955 0 0
0 0 475 -46.1461 66.1944 29.177 0.23774 0 0
0 0 476 11.307 12.3819 -0.771823 -39.2337 0 0
0 0 477 13.8226 35.8819 3.68899 -15.0199 0 0
0 0 478 22.4085 10.4288 19.7786 15.6103 0 0
0 0 479 -6.77895 -4.43837 18.2096 -34.6716 0 0
0 0 480 10.1156 -20.5204 -16.9383 -15.5607 0 0
0 0 481 -1.29848 14.8546 15.9176 15.5848 0 0
0 0 482 44.3343 13.9718 -28.4133 -0.684074 0 0
0 0 483 -2.65395 9.17882 -20.7684 -1.33123 0 0
0 0 484 -19.0875 11.5265 -20.0763 0.5102 0 0
0 0 485 33.4828 -4.40321 -3.20212 3.67158 0 0
0 0 486 -18.5446 2.53038 -2.76377 -8.27776 0 0
0 0 487 -1.22817 -4.86415 25.0392 15.1356 0 0
0 0 488 2.94761 -24.5477 19.4633 -7.4901 0 0
0 0 489 3.37339 -0.215712 9.42642 -31.276 0 0
0 0 490 11.057 0.0928817 -10.3395 0.293098 0 0
0 0 491 25.1468 26.5734 -6.18625 -8.2373 0 0
0 0 492 4.79917 22.8194 1.38931 -22.1963 0 0
0 0 493 -4.88051 -3.57118 32.5149 27.9918 0 0
0 0 494 21.8304 -1.46962 -6.27854 -47.9003 0 0
0 0 495 3.26011 21.8194 -23.7987 7.51637 0 0
0 0 496 29.725 -13.0985 -41.0727 25.1221 0 0
0 0 497 15.639 5.43273 9.90335 -11.1432 0 0
0 0 498 25.3851 25.5929 8.68814 -27.906 0 0
0 0 499 17.9085 -15.2196 -14.1772 -6.97491 0 0
0 0 500 35.6937 18.1046 -11.0854 -4.2478 0 0
0 0 501 62.4085 2.83507 20.0631 16.1106 0 0
0 0 502 1.42808 -9.73134 43.1977 -3.12591 0 0
0 0 503 -23.6422 28.6749 15.9793 -19.9781 0 0
0 0 504 9.32652 -6.5204 16.7637 -4.71191 0 0
0 0 505 -5.42348 7.20616 6.28079 -11.5137 0 0
0 0 506 17.2835 9.55382 -35.9659 14.4458 0 0
0 0 507 70.2406 -24.8798 -43.5724 -6.05737 0 0
0 0 508 -26.4625 0.862413 1.92007 -18.409 0 0
0 0 509 52.9476 14.7257 -11.5931 32.7413 0 0
0 0 510 4.34605 -5.39149 -6.00937 -42.9465 0 0
0 0 511 -3.86489 71.0616 -21.4068 -18.6262 0 0
0 0 512 -4.2438 -14.4188 17.5867 -9.56573 0 0
0 0 513 13.5414 -27.7743 -19.2302 -13.0273 0 0
0 0 514 5.56089 13.5734 49.1505 -6.28515 0 0
0 0 515 -13.0875 12.7687 1.80471 11.9146 0 0
0 0 516 11.8734 -11.7626 24.9854 -36.9622 0 0
0 0 517 36.6039 -8.69618 -12.3468 -19.6715 0 0
0 0 518 -1.79848 15.0187 -0.479587 -18.4623 0 0
0 0 519 -7.11489 3.02257 -25.5599 -28.5127 0 0
0 0 520 61.2757 -28.6181 45.6665 22.0033 0 0
0 0 521 4.20933 -30.0829 -26.3983 18.91 0 0
0 0 522 -34.6266 -7.65321 -20.8915 23.8491 0 0
0 0 523 47.9632 -5.93056 7.69595 -40.8325 0 0
0 0 524 -14.1188 23.6515 11.9414 23.1891 0 0
0 0 525 4.89683 -19.9813 52.4346 7.16505 0 0
0 0 526 0.166361 -23.5712 -14.7387 -22.8435 0 0
0 0 527 24.6039 -51.3524 -68.6604 3.78657 -63.3968 7.84906
0 0 528 -28.1422 -19.7391 14.4641 3.23945 0 0
0 0 529 -8.67348 -18.3954 -13.7081 -28.3594 0 0
0 0 530 0.72886 -1.34462 3.00442 11.4356 0 0
0 0 531 4.70542 8.38194 44.7743 8.72767 0 0
0 0 532 -0.384421 -11.5751 -13.7927 -7.21972 0 0
0 0 533 23.1664 -3.73524 -4.86338 14.3649 0 0
0 0 534 29.5726 -25.1102 -23.268 -11.8862 0 0
0 0 535 27.8929 -11.1181 23.0703 -0.226372 0 0
0 0 536 -21.3297 -6.55946 -39.9498 -17.8556 0 0
0 0 537 5.60386 -18.7352 14.0487 -6.92809 0 0
0 0 538 -16.3102 20.1944 -15.2309 -26.2156 0 0
0 0 539 26.3695 12.5304 -49.0637 25.8374 0 0
0 0 540 -23.3922 -6.31727 34.3146 6.92451 0 0
0 0 541 -15.7594 -15.9891 22.6627 -58.1977 0 0
0 0 542 22.807 -21.0634 -8.81662 -15.7501 0 0
0 0 543 -5.47426 -22.0946 -30.713 5.25971 0 0
0 0 544 -16.0758 -3.19618 -7.76291 -17.368 0 0
0 0 545 22.8773 -39.9149 -11.5777 -10.149 0 0
0 0 546 -17.9547 12.2999 -16.5692 -36.1404 0 0
0 0 547 6.02574 5.99913 8.32669 33.7972 0 0
0 0 548 25.4164 -2.25087 9.44949 -3.3601 0 0
0 0 549 -12.0368 15.3194 2.3815 -23.4098 0 0
0 0 550 9.17027 28.3546 32.0766 -14.1854 0 0
0 0 551 -26.279 2.02257 -10.0011 -21.7855 0 0
0 0 552 -9.52505 55.5187 24.0471 7.92719 0 0
0 0 553 4.88511 3.86632 15.7792 -53.759 0 0
0 0 554 -16.0172 17.9405 44.013 5.18732 0 0
0 0 555 43.9242 19.9601 -9.00888 -12.1055 0 0
0 0 556 30.4984 19.214 -22.0759 -4.5501 0 0
0 0 557 -3.4313 12.128 -52.4477 -20.3016 0 0
0 0 558 22.389 4.54991 5.24258 -20.8381 0 0
0 0 559 5.10777 -7.60634 10.9262 -21.0361 0 0
0 0 560 -12.6188 -2.07509 15.8561 -20.6401 0 0
0 0 561 3.43589 -3.71571 7.84976 6.63288 0 0
0 0 562 31.6898 1.44444 -9.26267 -12.725 0 0
0 0 563 -16.8961 -5.24306 0.0973172 -7.90307 0 0
0 0 564 23.182 1.13976 -20.0609 -15.1392 0 0
0 0 565 1.8187 5.40929 18.7787 15.8275 0 0
0 0 566 23.6351 -25.8759 -2.72531 -1.5548 0 0
0 0 567 25.8656 3.57335 7.34988 3.50343 0 0
0 0 568 -21.1422 35.3312 24.1241 23.8299 0 0
0 0 569 46.7093 6.75304 32.8994 52.5356 0 0
0 0 570 -44.2243 -15.1884 1.56631 -17.8449 0 0
0 0 571 -23.6735 21.7921 -17.3305 16.1574 0 0
0 0 572 -6.87661 17.4874 35.799 -17.3021 0 0
0 0 573 26.9085 -22.0243 30.3229 -4.22442 0 0
0 0 574 9.45542 -22.1102 -0.0334201 4.12928 0 0
0 0 575 -19.6032 -10.3485 3.00442 34.783 0 0
0 0 576 32.182 -13.3602 8.62661 -39.6233 0 0
0 0 577 -28.7829 26.9405 -5.84787 17.6987 0 0
0 0 578 16.0062 -3.88759 13.2951 12.5681 0 0
0 0 579 -6.22426 -9.36806 13.7488 8.77027 0 0
0 0 580 -22.3727 -31.9462 6.43472 16.9451 0 0
0 0 581 5.36167 37.671 -14.7003 -16.7847 0 0
0 0 582 22.8343 37.9562 -29.1133 -31.9828 0 0
0 0 583 -12.0211 -37.6571 -9.70115 58.4581 0 0
0 0 584 -3.95473 -11.3251 -3.556 -5.47192 0 0
0 0 585 15.85 3.90148 25.7469 30.8743 0 0
0 0 586 -15.5836 -4.97743 -0.0719944 -27.1566 0 0
0 0 587 -1.98989 -0.602431 10.2725 -9.34008 0 0
0 0 588 39.1664 3.12413 26.0083 5.77491 0 0
0 0 589 40.014 17.2452 14.5487 7.1012 0 0
0 0 590 -4.42739 16.6944 4.88113 -22.422 0 0
0 0 591 15.2992 -24.0243 10.6801 6.30073 0 0
0 0 592 17.6468 1.83898 -23.9448 -30.7054 0 0
0 0 593 -8.98208 -6.92274 -0.448825 -65.7552 0 0
0 0 594 8.71323 6.19444 -28.0903 26.6655 0 0
0 0 595 -1.7477 29.921 -41.1727 10.1923 0 0
0 0 596 -6.9352 6.56163 -20.9839 -12.4418 0 0
0 0 597 3.6312 9.23741 -1.49472 7.81226 0 0
0 0 598 28.2132 6.49132 20.5476 25.7607 0 0
0 0 599 -8.89614 -6.61806 -11.5854 -17.8237 0 0
0 0 600 22.971 6.20226 31.3535 4.99574 0 0
0 0 601 23.7328 -29.1532 6.29617 -7.53692 0 0
0 0 602 -0.743796 -5.43446 8.51895 48.1011 0 0
0 0 603 -12.9625 51.2374 -33.9663 10.9034 0 0
0 0 604 31.8382 16.1085 23.5395 -30.9993 0 0
0 0 605 -3.90786 -11.122 -13.9619 -10.23 0 0
0 0 606 5.09605 10.4523 19.2095 -7.90948 0 0
0 0 607 -5.09145 1.73351 -21.0069 1.12336 0 0
0 0 608 7.70152 38.214 -11.3393 -5.98711 0 0
0 0 609 4.59605 -34.8212 46.1741 27.5809 0 0
0 0 610 49.096 25.3507 48.7583 -55.0981 0 0
0 0 611 -19.5954 15.0499 39.4599 -33.3793 0 0
0 0 612 1.10777 29.8937 17.802 -23.2629 0 0
0 0 613 38.1585 3.03038 14.964 34.6148 0 0
0 0 614 31.7757 -10.9852 0.15115 -24.2911 0 0
0 0 615 -7.36489 -7.25868 5.49637 -24.783 0 0
0 0 616 -15.0993 -0.0477433 25.7545 31.8941 0 0
0 0 617 2.24058 48.6202 37.1295 -44.0131 0 0
0 0 618 9.33824 13.796 34.453 -1.13543 0 0
0 0 619 28.8851 -14.7509 17.6251 -42.0757 0 0
0 0 620 -9.60708 -13.829 -18.6457 10.5117 0 0
0 0 621 12.4593 5.7296 -27.8904 -14.6154 0 0
0 0 622 9.69761 8.50694 -45.3259 34.3231 0 0
0 0 623 -18.404 11.0382 -4.17124 2.41767 0 0
0 0 624 -27.9118 -0.313368 -10.847 18.5354 0 0
0 0 625 2.02964 13.0812 -12.5467 31.364 0 0
0 0 626 19.3812 -33.2938 -9.97031 -48.5454 0 0
0 0 627 -3.20083 14.3507 -38.4116 -31.8295 0 0
0 0 628 6.88902 -4.1454 -13.562 -17.4234 0 0
0 0 629 11.7796 13.214 -4.73264 -46.2611 0 0
0 0 630 18.2953 7.54991 31.4151 -20.8211 0 0
0 0 631 -8.25942 26.2999 -9.34726 -28.0231 0 0
0 0 632 -32.7243 -8.92274 7.78824 7.56532 0 0
0 0 633 3.61167 5.16319 2.08926 18.2416 0 0
0 0 634 17.1937 8.96398 -6.67087 -13.7788 0 0
0 0 635 -25.5055 26.2023 -15.1925 -44.7113 0 0
0 0 636 26.9125 -3.5204 3.48135 -6.34264 0 0
0 0 637 30.4476 -8.43056 13.3181 -10.8069 0 0
0 0 638 -44.1774 19.8116 31.6919 -16.4931 0 0
0 0 639 -19.5875 -33.8017 2.14309 8.22736 0 0
0 0 640 -8.51723 -6.01259 14.9948 -30.252 0 0
0 0 641 6.04136 -21.079 -0.256565 -52.0325 0 0
0 0 642 23.3031 5.83116 0.120388 -2.44042 0 0
0 0 643 4.91245 -17.5985 -19.9225 -20.0951 0 0
0 0 644 -4.09926 20.0694 65.5171 2.37299 0 0
0 0 645 5.09995 -22.2391 -19.561 1.19361 0 0
0 0 646 29.2132 -3.85243 3.83511 -21.794 0 0
0 0 647 -10.2672 28.214 -13.3928 8.23164 0 0
0 0 648 13.2914 14.7491 -45.4566 18.1054 0 0
0 0 649 23.8031 -14.0048 3.31985 -20.9701 0 0
0 0 650 17.264 22.8859 12.1106 15.3953 0 0
0 0 651 23.4203 -47.6376 -9.57029 -3.98809 0 0
0 0 652 21.3617 14.6554 -6.94004 -0.773491 0 0
0 0 653 -22.275 27.5109 21.6244 -15.6075 0 0
0 0 654 2.78745 2.79991 -18.938 0.00782008 0 0
0 0 655 -15.1383 -8.03993 -79.4355 15.7615 -47.8897 8.59753
0 0 656 -25.3649 -0.774305 -4.70957 14.8311 0 0
0 0 657 46.5101 -16.6493 30.0384 38.534 0 0
0 0 658 29.6 52.6358 -25.7907 16.943 0 0
0 0 659 6.68589 -26.8016 15.064 4.17402 0 0
0 0 660 5.95542 40.3273 41.621 22.4142 0 0
0 0 661 14.3148 19.3116 -10.5548 -13.9534 0 0
0 0 662 -35.4352 -13.7118 13.5796 8.49775 0 0
0 0 663 -3.41567 -14.0751 23.4779 8.02943 0 0
0 0 664 7.3773 2.90538 -9.10886 -16.8231 0 0
0 0 665 -12.3141 11.6984 28.1848 24.8773 0 0
0 0 666 29.4632 -0.180555 1.19705 24.1279 0 0
0 0 667 9.97886 27.2726 25.4237 -37.6094 0 0
0 0 668 17.0414 -15.8602 -21.353 -12.097 0 0
0 0 669 22.1117 1.48351 -71.2831 14.8099 0 0
0 0 670 6.03355 39.7179 -17.4382 -52.8627 0 0
0 0 671 1.05699 -10.1806 -2.13315 -20.2229 0 0
0 0 672 5.94761 -34.4696 -19.9763 -22.7988 0 0
0 0 673 65.2289 -0.571182 12.4259 -22.0111 0 0
0 0 674 -22.3297 33.6671 -26.6213 5.25758 0 0
0 0 675 31.8421 40.839 7.996 -43.2999 0 0
0 0 676 -16.025 22.6202 3.85818 -18.9583 0 0
0 0 677 -2.20083 -5.65712 16.2177 -35.6998 0 0
0 0 678 -28.6657 -2.12196 29.2847 18.3331 0 0
0 0 679 25.8734 -5.97352 -31.582 2.28785 0 0
0 0 680 26.0375 12.3312 -0.133518 -12.2907 0 0
0 0 681 -23.2829 14.1671 -1.89475 -21.1681 0 0
0 0 682 21.182 5.57726 21.4706 -8.10107 0 0
0 0 683 -10.3258 -27.3837 -9.09348 -32.8492 0 0
0 0 684 40.4632 -15.579 45.7204 8.59144 0 0
0 0 685 39.4203 -1.92665 14.1795 -11.1135 0 0
0 0 686 33.014 -13.161 -10.5009 1.18079 0 0
0 0 687 -8.71255 -10.6688 -11.6854 -30.9141 0 0
0 0 688 32.5804 -7.15712 -4.05588 22.3035 0 0
0 0 689 -39.8844 24.9484 9.34951 14.1797 0 0
0 0 690 45.346 -11.2274 -16.1001 -29.9838 0 0
0 0 691 -22.2321 -8.05556 -6.34775 13.077 0 0
0 0 692 15.889 53.464 14.041 37.3695 0 0
0 0 693 -11.736 -0.0282121 -30.3514 -3.2813 0 0
0 0 694 61.4242 -7.51649 18.5326 -32.1786 0 0
0 0 695 14.6585 -4.22743 24.9239 -8.98882 0 0
0 0 696 26.9867 -6.78993 -11.0393 4.8169 0 0
0 0 697 23.7406 -1.95009 39.0984 -22.4028 0 0
0 0 698 0.295267 21.9952 14.5257 13.5112 0 0
0 0 699 24.6468 -3.55946 36.5834 15.3016 0 0
0 0 700 -26.068 17.8819 20.7014 1.61298 0 0
0 0 701 13.8539 35.8507 -1.33322 -10.511 0 0
0 0 702 -24.9743 15.1866 -24.3371 27.5682 0 0
0 0 703 -6.5602 -9.45399 7.96524 -28.3935 0 0
0 0 704 24.9242 -11.8759 -3.99436 51.2072 0 0
0 0 705 49.5179 -31.5399 5.85782 -46.2654 0 0
0 0 706 -47.6071 -40.2821 5.76553 -19.6204 0 0
0 0 707 0.150736 -45.9149 18.9325 -22.9777 0 0
0 0 708 14.0179 -8.05556 20.8554 -8.94195 0 0
0 0 709 -5.32583 -39.079 -2.67917 23.6127 0 0
0 0 710 -7.21255 -6.25477 0.0204129 -22.4369 0 0
0 0 711 22.5882 17.9913 14.8948 -1.25463 0 0
0 0 712 44.8734 -24.5829 37.168 8.90223 0 0
0 0 713 -14.8532 15.1984 11.5877 17.0686 0 0
0 0 714 -8.93911 -36.7782 11.2262 -3.36431 0 0
0 0 715 -12.5758 42.4601 27.7542 -0.59893 0 0
0 0 716 -5.29067 -11.6923 9.68032 -21.8472 0 0
0 0 717 -24.4391 34.5655 21.609 -23.5546 0 0
0 0 718 48.6937 -9.87977 -1.11789 9.2237 0 0
0 0 719 21.057 45.671 30.0768 2.57948 0 0
0 0 720 10.432 50.5616 19.1863 23.2828 0 0
0 0 721 -0.189108 28.9327 15.7484 29.7013 0 0
0 0 722 -9.40395 -26.0868 -2.64072 -10.4258 0 0
0 0 723 -3.57192 1.58116 -10.8239 -8.91644 0 0
0 0 724 12.3968 1.93273 11.7876 -34.5098 0 0
0 0 725 9.9437 32.3468 -43.4109 -10.1852 0 0
0 0 726 8.70933 21.2452 11.6338 -48.8137 0 0
0 0 727 -8.09536 -9.15321 18.0712 -3.34728 0 0
0 0 728 -4.55239 24.8741 -26.3829 -12.1523 0 0
0 0 729 -10.5875 2.82335 27.8465 -25.3258 0 0
0 0 730 3.43199 32.046 -1.54856 11.9976 0 0
0 0 731 -38.068 28.3116 -22.5066 -9.91064 0 0
0 0 732 50.8929 1.58507 -4.98655 -38.0245 0 0
0 0 733 -3.72426 16.4444 8.44204 20.0043 0 0
0 0 734 18.2875 21.2999 -31.5743 -42.7783 0 0
0 0 735 12.4085 -6.93056 20.0554 -35.6146 0 0
0 0 736 21.2679 6.73351 -28.0826 15.1845 0 0
0 0 737 32.9437 50.7452 8.32669 6.39014 0 0
0 0 738 6.34995 13.9952 -6.74009 -4.14562 0 0
0 0 739 5.6937 2.61241 10.211 -21.9111 0 0
0 0 740 -8.32973 -36.7079 -21.1146 -28.3679 0 0
0 0 741 -15.0211 -31.5712 6.76541 -1.05236 0 0
0 0 742 10.014 -8.67665 24.87 5.67701 0 0
0 0 743 -0.857077 -53.2118 13.2335 -15.7842 0 0
0 0 744 35.6234 -1.84852 41.498 14.0967 0 0
0 0 745 23.7289 13.0773 16.3792 -3.01305 0 0
0 0 746 -20.7633 -19.5868 -3.2175 16.4959 0 0
0 0 747 6.91636 4.42101 -0.694919 -7.56457 0 0
0 0 748 -11.6266 2.45616 35.5298 -43.6298 0 0
0 0 749 -22.3688 1.32335 21.6398 -5.7785 0 0
0 0 750 24.4281 -9.95009 34.4915 -59.0833 0 0
0 0 751 41.6429 -5.06337 36.3911 -14.1556 0 0
0 0 752 20.557 -35.8915 -11.6469 -10.479 0 0
0 0 753 -6.76723 4.04991 -33.6432 -4.22863 0 0
0 0 754 12.2757 42.9054 -44.6336 -8.17773 0 0
0 0 755 -33.9469 -8.44227 18.5403 -3.62621 0 0
0 0 756 -6.54848 -17.0438 3.55825 -36.8196 0 0
0 0 757 -2.29067 -20.6063 49.3582 -0.990654 0 0
0 0 758 6.88511 -3.87587 20.3169 -4.39257 0 0
0 0 759 44.7289 -29.7274 13.5642 40.9503 0 0
0 0 760 12.264 -21.3485 24.747 -15.4393 0 0
0 0 761 -9.63051 9.36632 -6.34006 -15.3158 0 0
0 0 762 11.2289 -42.9227 -1.47165 -19.9291 0 0
0 0 763 13.0218 22.2374 14.141 -26.8351 0 0
0 0 764 26.9828 24.2843 22.2935 5.22993 0 0
0 0 765 -6.67739 2.19444 -11.2085 -35.4103 0 0
0 0 766 -12.7711 24.1085 36.0912 -7.19415 0 0
0 0 767 -27.4547 -38.5438 33.5454 15.5337 0 0
0 0 768 -5.66958 20.4288 22.1397 14.5523 0 0
0 0 769 0.11558 -20.9501 21.9628 12.5128 0 0
0 0 770 3.17808 -16.3485 -31.0514 18.4332 0 0
0 0 771 3.32652 -30.4813 20.5938 13.0578 0 0
0 0 772 -23.904 -11.1806 2.83523 -52.3028 0 0
0 0 773 -41.2125 9.99523 -20.1686 -46.0419 0 0
0 0 774 5.58433 18.2921 -0.541111 -6.81524 0 0
0 0 775 15.7015 0.971788 -13.662 0.269661 0 0
0 0 776 11.8851 -4.58681 25.9622 31.4981 0 0
0 0 777 -17.7477 -15.2196 11.4262 9.12153 0 0
0 0 778 1.54136 0.483507 -6.24009 9.02357 0 0
0 0 779 -13.3415 38.2413 -27.8673 -19.6523 0 0
0 0 780 49.4281 -3.32509 7.28836 -26.1561 0 0
0 0 781 -15.9625 19.6359 16.0254 -44.4239 0 0
0 0 782 -26.3063 5.28429 -7.6937 -42.1013 0 0
0 0 783 -2.63051 -6.05556 24.7547 2.7519 0 0
0 0 784 20.5882 9.99913 11.0415 19.2272 0 0
0 0 785 -4.65786 -30.0126 14.3872 -26.4754 0 0
0 0 786 -1.65395 10.5538 -10.4856 8.3849 0 0
0 0 787 -5.45473 -1.95009 1.70474 -4.45434 0 0
0 0 788 4.51402 17.0343 32.4534 3.35011 0 0
0 0 789 -29.279 -3.44618 -1.22556 21.8309 0 0
0 0 790 13.807 20.4132 -7.80905 -0.315788 0 0
0 0 791 -5.3688 -1.70009 16.3638 39.3962 0 0
0 0 792 -28.0211 -33.2509 49.5197 -4.14776 0 0
0 0 793 9.63511 -38.5946 -0.641086 -6.79607 0 0
0 0 794 -9.02895 11.3898 -9.20115 -21.0191 0 0
0 0 795 16.7757 1.78038 -16.3308 -12.8613 0 0
0 0 796 22.2796 -5.98915 -10.3241 3.27985 0 0
0 0 797 65.682 13.3429 -19.261 5.36616 0 0
0 0 798 22.8695 -13.8134 -19.2456 -12.8144 0 0
0 0 799 23.1507 42.9679 -12.416 -28.1742 0 0
0 0 800 24.6039 -6.89931 6.51162 -36.3086 0 0
0 0 801 -28.4899 32.8194 44.5359 -28.8597 0 0
0 0 802 6.88511 7.68663 9.14187 17.9074 0 0
0 0 803 21.9671 6.48741 25.093 17.0941 0 0
0 0 804 8.49449 -9.07899 16.7868 -16.063 0 0
0 0 805 -8.33364 -24.5946 10.88 14.1137 0 0
0 0 806 4.92417 3.25694 7.84976 -16.7847 0 0
0 0 807 50.3187 34.7999 32.6995 18.1181 0 0
0 0 808 -6.84536 16.0655 0.404934 39.9561 0 0
0 0 809 27.8187 36.9952 19.817 -22.0409 0 0
0 0 810 -3.33364 -7.04774 -11.6546 -34.0329 0 0
0 0 811 51.225 -29.0438 -13.1775 -54.3487 0 0
0 0 812 34.2484 -22.8016 -20.4223 7.1374 0 0
0 0 813 -36.4782 25.3859 16.6483 -18.7348 0 0
0 0 814 19.2601 2.51476 -21.7068 -22.058 0 0
0 0 815 26.432 -27.2352 4.14273 -12.1927 0 0
0 0 816 33.3031 -42.4813 -31.2821 -6.80035 0 0
0 0 817 -13.2204 -7.78602 5.67324 -3.63897 0 0
0 0 818 -11.6383 -16.0477 -3.09446 -2.08703 0 0
0 0 819 -13.279 -44.8134 17.5712 -48.9605 0 0
0 0 820 41.4515 4.96398 -10.747 -21.5492 0 0
0 0 821 -10.2047 38.3155 -25.5291 -17.2574 0 0
0 0 822 31.1507 -4.80556 2.99673 4.1208 0 0
0 0 823 -27.3571 -4.57899 21.9551 8.3913 0 0
0 0 824 22.4437 -30.1845 14.0257 2.90736 0 0
0 0 825 25.971 -22.9774 33.1455 12.681 0 0
0 0 826 51.1156 9.48741 -13.785 48.7739 0 0
0 0 827 -7.38833 -16.9227 15.1793 -10.2129 0 0
0 0 828 19.4242 6.03038 23.9701 7.50996 0 0
0 0 829 26.846 25.3898 -5.9863 -19.3926 0 0
0 0 830 7.94761 48.7335 20.017 -21.4065 0 0
0 0 831 40.8226 -7.93056 -18.9687 -0.439262 0 0
0 0 832 23.2015 -65.1063 -2.27927 11.1907 0 0
0 0 833 27.7679 -7.81337 -22.1451 -7.46239 0 0
0 0 834 32.0726 29.3507 -7.31687 18.7163 0 0
0 0 835 -55.3258 7.80382 -0.302707 36.8501 0 0
0 0 836 2.42808 1.52648 31.3228 -2.83422 0 0
0 0 837 3.45542 29.7726 0.850979 16.0723 0 0
0 0 838 35.7406 20.5577 23.5856 -20.2335 0 0
0 0 839 -12.4586 16.4913 -2.72531 -26.0219 0 0
0 0 840 31.8929 -37.829 -34.7815 16.3618 0 0
0 0 841 30.1546 11.628 38.2523 26.7614 0 0
0 0 842 35.8148 8.12413 2.00467 -41.7607 0 0
0 0 843 10.2132 7.00694 11.8184 -23.165 0 0
0 0 844 0.799173 15.7257 5.88858 16.9558 0 0
0 0 845 2.36949 -14.5243 -3.59446 -8.08617 0 0
0 0 846 7.49839 -26.2157 -11.9238 -39.8298 0 0
0 0 847 10.3109 -3.99696 -7.91672 28.5667 0 0
0 0 848 19.4125 14.0577 0.889431 -11.899 0 0
0 0 849 -31.4235 -10.6298 -4.49424 33.165 0 0
0 0 850 -8.81801 -16.0712 -14.0619 15.4783 0 0
0 0 851 43.8421 -0.309462 -19.9609 46.6705 0 0
0 0 852 -13.2672 -8.96571 -51.1018 -11.5754 0 0
0 0 853 -2.84926 33.4054 -3.47141 -0.892693 0 0
0 0 854 33.7914 -16.9852 -6.15549 25.5117 0 0
0 0 855 33.4554 24.9601 52.6884 7.86549 0 0
0 0 856 8.1937 9.02648 5.1503 3.98878 0 0
0 0 857 15.1625 29.0812 -21.1684 3.80146 0 0
0 0 858 20.3148 35.1788 1.59707 6.88831 0 0
0 0 859 4.6937 -30.661 -2.72531 -36.7153 0 0
0 0 860 -8.34145 -12.1259 15.8792 -2.91729 0 0
0 0 861 6.61558 -14.7313 -7.00156 -18.639 0 0
0 0 862 16.5296 27.0812 27.2851 24.1577 0 0
0 0 863 -21.8571 -14.6259 0.604886 -35.2953 0 0
0 0 864 13.971 34.2648 48.1662 -12.5291 0 0
0 0 865 11.471 -1.48524 7.04226 2.87537 0 0
0 0 866 -29.6852 -13.4696 -6.47849 -18.7029 0 0
0 0 867 44.4828 24.9562 30.5307 6.32203 0 0
0 0 868 30.8031 -21.411 -25.26 -29.4877 0 0
0 0 869 -3.66958 10.9523 -7.0477 -0.109306 0 0
0 0 870 -6.77895 19.2023 17.3789 -58.7938 0 0
0 0 871 12.3109 30.214 32.7072 -16.9764 0 0
0 0 872 -8.34536 -11.5438 3.39676 33.6887 0 0
0 0 873 -4.63833 -9.64931 -11.6931 -9.75311 0 0
0 0 874 19.1703 29.1202 9.80337 -31.9636 0 0
0 0 875 -24.5485 25.9796 -11.87 14.8673 0 0
0 0 876 10.5414 41.0851 36.968 -9.92126 0 0
0 0 877 2.45542 7.23351 15.8023 48.0181 0 0
0 0 878 24.1273 -3.93837 -15.7693 37.4824 0 0
0 0 879 26.5492 29.6476 10.2802 11.9231 0 0
0 0 880 25.8343 25.4171 -18.515 4.33369 0 0
0 0 881 8.47105 10.6476 17.0713 -34.4672 0 0
0 0 882 31.7445 27.6866 29.2309 6.48811 0 0
0 0 883 10.4007 0.342882 5.56558 -23.1266 0 0
0 0 884 27.1507 26.7569 14.9563 6.72865 0 0
0 0 885 27.4125 4.46398 28.0926 -28.5659 0 0
0 0 886 4.2523 -28.1962 7.68057 15.0121 0 0
0 0 887 3.18199 18.4835 0.651028 28.8285 0 0
0 0 888 -6.51333 -12.9071 9.95718 -2.84063 0 0
0 0 889 16.0804 8.20226 -13.9926 24.7879 0 0
0 0 890 -15.2282 -8.24696 33.4608 -27.8017 0 0
0 0 891 6.39292 -4.01649 44.2206 21.5839 0 0
0 0 892 25.9867 -17.7743 -33.8971 21.5563 0 0
0 0 893 -5.58364 32.5226 -30.2668 8.38703 0 0
0 0 894 3.83433 -13.286 38.7985 18.3267 0 0
0 0 895 1.5023 -2.50868 -0.048801 -8.55242 0 0
0 0 896 23.221 24.2335 -17.9459 -7.30486 0 0
0 0 897 13.3617 -23.4071 -10.5317 -24.1336 0 0
0 0 898 33.7718 -27.8485 0.812527 -5.62304 0 0
0 0 899 11.9007 13.4288 14.7333 -31.8401 0 0
0 0 900 23.2523 55.7726 7.63443 -18.5389 0 0
0 0 901 5.39292 -4.78993 -13.4312 -19.6077 0 0
0 0 902 -20.7868 -0.0164928 38.6216 -15.3669 0 0
0 0 903 5.34995 15.378 10.2494 -34.6928 0 0
0 0 904 17.3851 -16.0165 -13.3005 -12.131 0 0
0 0 905 7.90464 20.8468 15.9715 -42.0736 0 0
0 0 906 4.15855 9.18663 -17.0537 16.9771 0 0
0 0 907 -3.47817 20.2843 -17.2613 6.71803 0 0
0 0 908 31.389 24.1202 -1.48703 13.6007 0 0
0 0 909 -31.1305 33.0069 -5.91709 22.312 0 0
0 0 910 9.20542 26.8194 -17.7459 -19.2755 0 0
0 0 911 36.7406 4.31554 0.889431 -7.20055 0 0
0 0 912 12.5804 33.5382 -26.3906 22.6185 0 0
0 0 913 35.7523 -18.5556 -26.752 -14.5154 0 0
0 0 914 11.9945 39.796 -9.99338 -14.4451 0 0
0 0 915 61.8187 -18.411 -1.42551 -34.3799 0 0
0 0 916 3.5687 -11.3876 -18.7149 12.8258 0 0
0 0 917 45.7523 -2.82899 -37.9271 -27.0672 0 0
0 0 918 57.6078 2.21398 -36.9272 -26.3029 0 0
0 0 919 33.7601 19.9523 -19.3687 -42.4675 0 0
0 0 920 18.2992 7.99132 -25.4676 26.3313 0 0
0 0 921 56.6664 30.0382 -41.7573 12.566 0 0
0 0 922 38.5023 -29.6181 -38.6732 -1.91033 0 0
0 0 923 36.2914 5.36632 -41.1266 -9.59978 0 0
0 0 924 73.8773 0.647568 -0.548801 28.2857 0 0
0 0 925 56.0414 -19.9696 -53.8167 1.8791 0 0
0 0 926 96.2015 43.5655 -72.1521 -20.3293 -29.4382 8.02684
0 0 927 10.9593 1.51085 -19.6072 25.0071 0 0
0 0 928 39.5335 23.1241 -49.1637 -18.9029 0 0
0 0 929 13.4398 28.3507 0.0819363 -9.22936 0 0
0 0 930 50.2679 22.1476 -29.2978 14.3691 0 0
0 0 931 35.8148 59.4835 -28.5517 -26.9501 0 0
0 0 932 104.854 8.48351 -41.1496 21.254 0 0
0 0 933 43.225 22.6983 -50.5942 -36.5513 0 0
0 0 934 55.6703 17.2296 -65.9532 22.6909 0 0
0 0 935 82.0648 13.5851 -48.5792 17.5327 0 0
0 0 936 90.2875 35.6046 -54.5781 -43.1061 0 0
0 0 937 59.682 12.8819 -63.5074 -21.8195 0 0
0 0 938 66.7835 34.9054 -44.1568 -0.613823 0 0
0 0 939 83.8929 -9.24306 -44.2799 30.423 0 0
0 0 940 71.1312 -11.661 -57.993 13.9732 0 0
0 0 941 87.9984 4.15147 -58.2545 -24.8191 0 0
0 0 942 96.8968 42.1437 -29.567 -52.767 0 0
0 0 943 103.409 34.2023 -60.1388 -9.95104 0 0
0 0 944 48.0062 1.83116 -32.6203 -45.1711 0 0
0 0 945 38.0179 36.3585 -19.261 16.6428 0 0
0 0 946 44.1898 20.6554 -72.0982 -27.5121 0 0
0 0 947 78.5218 10.1905 -79.9585 -9.9298 -41.3685 8.51328
0 0 948 48.7015 -25.2548 -65.5378 26.97 0 0
0 0 949 44.2601 7.64757 -65.5686 58.0366 0 0
0 0 950 81.9164 19.046 -89.7107 2.70295 -39.0069 7.4711
0 0 951 46.8812 40.3624 -73.075 1.2021 -30.5431 8.1196
0 0 952 25.3617 12.8116 -65.4148 -26.6968 0 0
0 0 953 77.5648 -6.64931 -40.6574 -26.3306 0 0
0 0 954 72.3773 -0.196182 -71.9983 15.5422 0 0
0 0 955 109.772 14.003 -48.61 -7.92223 0 0
0 0 956 79.8929 12.7413 -43.1262 -27.1353 0 0
0 0 957 73.5179 16.4054 -41.9265 -48.2154 0 0
0 0 958 108.35 0.932724 -28.9516 -2.97472 0 0
0 0 959 90.5765 -4.30165 -42.3495 -0.950188 0 0
0 0 960 48.2914 34.3585 -24.2064 6.0091 0 0
0 0 961 63.3148 -4.81337 -72.1444 55.1265 0 0
0 0 962 62.7679 0.296007 -76.4745 14.6162 0 0
0 0 963 95.1429 -21.4384 -76.2822 17.6093 -52.8488 8.63256
0 0 964 73.7406 -21.9813 -52.8553 14.1201 0 0
0 0 965 84.9085 20.7257 -118.36 13.9413 -40.0339 5.70643
0 0 966 113.741 0.260849 -43.6185 14.4841 0 0
0 0 967 59.307 -13.3681 -78.9587 -34.8525 -49.8047 8.56319
0 0 968 63.35 39.9405 -88.7109 -35.0058 -32.8806 6.99323
0 0 969 135.901 33.546 -84.4962 15.6359 -34.1732 7.49741
0 0 970 119.346 43.5226 -73.7749 -0.332817 -29.731 7.90239
0 0 971 167.815 -2.51649 -102.186 -34.5885 -45.7054 6.7191
0 0 972 87.8773 10.9523 -82.4735 5.4726 -41.2178 8.2474
0 0 973 101.834 32.3155 -113.353 -26.3945 -37.0439 5.80259
0 0 974 150.131 7.50304 -104.854 -10.9921 -42.9535 6.53173
0 0 975 155.807 28.8898 -143.409 15.9232 -39.3051 4.68475
0 0 976 162.455 10.7179 -122.982 -0.132683 -42.5096 5.56134
0 0 977 186.487 4.99914 -131.304 3.28199 -43.9098 5.22661
0 0 978 147.381 10.6515 -150.754 -4.18822 -42.9793 4.54334
0 0 979 186.67 -20.122 -152.885 -7.21972 -48.7489 4.44981
0 0 980 226.522 -0.481331 -148.931 -39.0123 -45.0926 4.61166
0 0 981 220.487 20.2101 -172.566 -19.0158 -41.6601 3.95008
0 0 982 197.112 50.007 -155.246 -45.3585 -36.0727 4.18896
0 0 983 209.119 31.921 -162.375 15.0398 -39.4391 4.14182
0 0 984 197.662 27.8937 -142.74 7.52271 -39.4714 4.71272
0 0 985 219.569 45.5499 -170.466 -29.4153 -37.5198 3.87807
0 0 986 218.405 -22.1688 -169.09 -5.84447 -48.7346 4.02365
0 0 987 294.51 57.2491 -189.955 -20.4059 -36.6141 3.44584
0 0 988 277.049 -7.33681 -170.013 18.9462 -46.2355 4.03568
0 0 989 255.432 32.6007 -189.94 3.6482 -40.1304 3.55822
0 0 990 352.635 -22.5321 -205.976 15.5187 -48.1214 3.31254
0 0 991 335.112 -6.27431 -213.775 -55.5324 -45.8406 3.21132
0 0 992 356.846 13.4679 -241.524 -43.5298 -43.4042 2.83882
0 0 993 362.639 14.628 -202.838 -20.9573 -42.9376 3.37634
0 0 994 415.178 -13.4501 -141.264 -12.5291 -47.7194 4.8377
0 0 995 376.737 -40.1806 -192.801 -20.8317 -50.8861 3.47934
0 0 996 390.877 -35.5165 -212.89 -30.4564 -49.7357 3.17742
0 0 997 455.19 15.6163 -218.52 -9.05694 -42.9562 3.1342
0 0 998 516.35 -30.7001 -202.176 -42.9145 -49.3171 3.35444
0 0 999 506.76 -8.31337 -142.002 -18.8199 -46.6753 4.82755
0 0 1000 526.748 -4.40323 -117.145 -7.33471 -46.0763 5.85847
0 0 1001 486.506 -58.1454 -33.8048 -14.3983 0 0
0 0 1002 541.604 -0.157135 -44.1261 24.5537 0 0
0 0 1003 599.12 -6.3212 -33.5586 14.2542 0 0
0 0 1004 561.053 -0.754791 44.6897 -16.5037 0 0
0 0 1005 532.604 -9.55557 55.7649 9.60688 0 0
0 0 1006 585.026 1.29599 89.3207 8.28913 44.5844 7.68854
0 0 1007 589.924 21.4288 111.571 13.5858 39.564 6.03349
0 0 1008 652.975 -54.9735 140.458 -14.7538 55.6874 4.51977
0 0 1009 654.127 41.4601 155.648 -21.4917 37.5422 4.24826
0 0 1010 670.608 29.464 177.667 -4.32873 40.2919 3.80802
0 0 1011 680.838 45.5538 217.353 25.9481 39.0815 3.08551
0 0 1012 720.987 21.9601 235.811 -22.4305 42.3398 2.89867
0 0 1013 726.073 68.4054 262.246 23.3147 37.6902 2.52522
0 0 1014 686.889 24.1358 238.303 18.2927 42.1083 2.86586
0 0 1015 721.436 52.2374 254.047 10.7054 39.1904 2.64215
0 0 1016 704.049 48.3038 240.018 34.206 39.3106 2.79923
0 0 1017 671.959 43.0343 239.388 27.5469 39.9045 2.8189
0 0 1018 670.647 8.28427 129.022 -3.3175 43.1631 5.31118
0 0 1019 666.084 34.4561 160.316 18.0585 38.9351 4.17823
0 0 1020 658.639 19.4561 112.455 -6.05096 40.0921 6.0084
0 0 1021 634.698 64.6554 97.1117 -18.6049 28.1725 5.78562
0 0 1022 608.698 5.18661 86.6289 -24.8255 43.2868 7.91263
0 0 1023 626.01 8.10849 57.5492 56.325 0 0
