# File: uwl_221004_070523_2.rf.sbA2.RMC_aux Src: J1713+0747 Nsub: 1 Nch: 1 Npol: 4 Nbin: 1024 RMS: 9.24435
0 0 0 -4.27769 -7.02619 -10.0255 -6.07886 0 0
0 0 1 4.26138 5.91522 14.3728 15.8836 0 0
0 0 2 24.2282 -7.47345 8.28816 -6.81009 0 0
0 0 3 1.37856 -10.9285 19.2319 3.021 0 0
0 0 4 -4.01011 -1.84455 -2.48696 -3.34439 0 0
0 0 5 -17.9125 -6.35236 -7.67917 9.02075 0 0
0 0 6 -4.43394 11.7863 2.21635 9.7872 0 0
0 0 7 -2.098 9.03631 7.03921 5.99109 0 0
0 0 8 4.92739 -0.469549 -12.8735 3.68543 0 0
0 0 9 2.60122 -9.08478 -7.00666 14.181 0 0
0 0 10 4.38247 -1.20588 -4.67102 4.95381 0 0
0 0 11 5.30044 3.82537 4.89358 -20.8553 0 0
0 0 12 13.3883 3.13592 -8.33673 -2.34051 0 0
0 0 13 2.96059 -15.9871 -2.8008 27.772 0 0
0 0 14 9.93911 -0.325018 -0.110752 -1.81781 0 0
0 0 15 0.735986 -13.575 10.5662 1.5188 0 0
0 0 16 -1.51987 -5.91681 -8.9388 2.03699 0 0
0 0 17 11.3629 -6.29181 13.5807 -1.23823 0 0
0 0 18 -6.86362 -4.80353 -9.84188 6.81982 0 0
0 0 19 3.15591 -12.1043 -0.68079 -1.78171 0 0
0 0 20 -3.54331 3.72381 -2.33324 -7.31924 0 0
0 0 21 1.71255 3.95233 -11.6032 9.17784 0 0
0 0 22 5.8395 -8.38947 -12.1092 -5.17429 0 0
0 0 23 8.66763 -10.1629 16.2302 -17.2424 0 0
0 0 24 5.53677 12.2336 1.97296 4.53944 0 0
0 0 25 -6.63706 2.68084 -1.50061 -4.10361 0 0
0 0 26 -2.95151 -1.42267 -17.5619 17.1745 0 0
0 0 27 2.80239 3.10858 -12.28 10.0689 0 0
0 0 28 -3.93003 3.56365 7.35946 10.2918 0 0
0 0 29 0.905908 -8.30353 -6.16976 -8.49193 0 0
0 0 30 -2.34605 5.78826 8.93078 -9.74136 0 0
0 0 31 -0.533546 0.475763 -3.17868 4.86173 0 0
0 0 32 -3.38901 -29.8485 -5.97121 -0.679428 0 0
0 0 33 -3.1019 -14.1473 -10.1557 1.9458 0 0
0 0 34 2.48989 -1.47736 3.82183 5.08652 0 0
0 0 35 -1.98276 13.0031 -4.75002 -13.7758 0 0
0 0 36 -5.42026 7.48358 2.21208 15.1695 0 0
0 0 37 6.97622 2.76287 11.0124 8.67951 0 0
0 0 38 -3.08237 -7.95588 -4.14154 -1.37726 0 0
0 0 39 2.36489 -14.8016 -5.67444 -2.32426 0 0
0 0 40 4.08364 -2.61408 7.00505 -2.73592 0 0
0 0 41 2.32778 -8.14338 -6.71418 -2.00558 0 0
0 0 42 3.38442 13.925 3.56564 -15.3665 0 0
0 0 43 -0.26792 -13.286 1.50114 -13.124 0 0
0 0 44 -0.0159674 -9.19806 1.66766 -2.42808 0 0
0 0 45 -7.25034 1.04412 -7.46781 -13.5411 0 0
0 0 46 9.38833 -0.922674 -10.745 -6.21426 0 0
0 0 47 6.01138 1.20819 -8.4627 -3.82736 0 0
0 0 48 -2.6898 0.788263 -0.0915412 8.90971 0 0
0 0 49 2.00942 8.10467 -4.58348 6.74851 0 0
0 0 50 -8.88511 14.7531 1.63563 -8.92888 0 0
0 0 51 -2.86362 1.2824 13.3992 -0.887969 0 0
0 0 52 4.53872 -7.24494 4.14634 -2.71876 0 0
0 0 53 -3.25425 -4.50275 11.8279 -5.6058 0 0
0 0 54 5.10317 -1.19611 0.463543 -0.592758 0 0
0 0 55 15.2028 -0.268377 0.937512 -10.3895 0 0
0 0 56 -11.0785 5.83709 2.09039 8.71834 0 0
0 0 57 -7.98276 1.04998 -15.2753 6.11206 0 0
0 0 58 7.34731 -4.23713 4.87651 -12.7602 0 0
0 0 59 3.40591 -9.85822 8.39064 1.8474 0 0
0 0 60 -20.9281 -23.6453 20.4681 -5.42525 69.5598 8.69032
0 0 61 13.0231 -9.79181 -14.9786 7.895 0 0
0 0 62 -12.7132 -12.6141 2.22062 5.24359 0 0
0 0 63 23.3747 7.39959 -11.4815 13.2177 0 0
0 0 64 6.41177 0.975763 2.2014 3.67369 0 0
0 0 65 10.6383 1.98358 -19.9061 9.53442 0 0
0 0 66 10.7008 -10.1453 -14.5751 -7.08903 0 0
0 0 67 -23.1136 -6.0301 -4.56 -9.61858 0 0
0 0 68 -10.7406 -15.4852 13.0384 3.84341 0 0
0 0 69 -9.52573 7.05389 6.43075 -10.1196 0 0
0 0 70 1.84927 -3.21564 -6.22313 -0.613525 0 0
0 0 71 -16.5843 0.171077 4.50288 -1.04956 0 0
0 0 72 -8.72886 23.9133 -7.57456 12.2292 0 0
0 0 73 10.8981 10.4816 7.87397 3.11398 0 0
0 0 74 18.6735 7.11639 8.91584 -11.1343 0 0
0 0 75 9.23208 -4.80158 -1.32555 18.9421 0 0
0 0 76 0.222314 -13.1473 -2.25852 -0.869918 0 0
0 0 77 -2.11362 3.14569 14.0589 -11.8629 0 0
0 0 78 4.8063 -7.24299 6.74032 -1.30685 0 0
0 0 79 -4.99058 0.893732 -7.7112 -4.41325 0 0
0 0 80 -3.82065 -4.76056 -0.448078 -9.5256 0 0
0 0 81 -9.2269 -18.4363 4.48367 -12.4596 0 0
0 0 82 6.38247 12.0754 -6.05448 -7.39236 0 0
0 0 83 4.96255 -8.55549 -7.22229 8.75173 0 0
0 0 84 7.18911 -6.90705 1.29405 -3.0853 0 0
0 0 85 3.22231 4.36444 7.51744 2.60301 0 0
0 0 86 -5.07456 13.5168 -1.74186 -12.4695 0 0
0 0 87 4.01919 13.2277 -1.14835 -7.41313 0 0
0 0 88 0.294579 1.8117 -15.1366 -10.5051 0 0
0 0 89 -0.693702 0.061701 3.67453 8.94132 0 0
0 0 90 -4.43394 -7.94025 -6.1783 7.4662 0 0
0 0 91 2.30239 7.90936 -5.45241 -0.996292 0 0
0 0 92 1.84341 1.12615 3.93286 1.93407 0 0
0 0 93 10.652 -6.94025 8.49311 -16.5744 0 0
0 0 94 -6.23081 -15.7528 8.36502 10.9211 0 0
0 0 95 11.6012 18.6965 11.2088 -6.79655 0 0
0 0 96 9.11294 -10.6434 -2.79226 -0.459152 0 0
0 0 97 -6.91245 1.22576 9.50935 -1.62733 0 0
0 0 98 8.99185 8.02459 1.74238 9.0668 0 0
0 0 99 8.05044 -1.56916 -4.52797 3.52473 0 0
0 0 100 -23.5941 -14.2567 6.71898 -9.27824 0 0
0 0 101 1.24966 -4.42853 3.86666 3.42723 0 0
0 0 102 -6.6312 -6.22346 1.58014 3.94542 0 0
0 0 103 -18.0921 -12.4149 -3.85334 5.78435 0 0
0 0 104 24.8473 9.61053 -2.88193 -7.11432 0 0
0 0 105 2.17349 -12.661 8.03837 -2.78287 0 0
0 0 106 -15.1312 -6.5633 16.8984 16.2745 0 0
0 0 107 -20.0902 -10.1942 -8.01009 -16.5699 0 0
0 0 108 -6.04331 0.563654 -3.22992 12.667 0 0
0 0 109 5.48403 -1.10822 8.96495 5.24811 0 0
0 0 110 16.3493 -4.68439 -3.91524 4.65228 0 0
0 0 111 -9.33433 -15.1375 -10.3351 -13.1159 0 0
0 0 112 21.5016 -6.11408 -11.8317 -0.171173 0 0
0 0 113 10.5836 -13.7508 5.70059 -8.45853 0 0
0 0 114 -8.27183 -8.15705 -2.19661 -2.76662 0 0
0 0 115 -4.40855 3.26873 11.2664 -8.19853 0 0
0 0 116 11.8825 4.41912 12.4898 -8.26353 0 0
0 0 117 -14.7093 -5.05158 17.0692 4.76332 0 0
0 0 118 -5.58823 5.20233 3.89869 -1.04053 0 0
0 0 119 -6.29136 9.4367 -0.290089 7.8246 0 0
0 0 120 10.6032 9.82733 -0.531345 8.62895 0 0
0 0 121 -3.11558 12.1125 -7.54253 16.1065 0 0
0 0 122 11.5661 -6.42853 16.2942 0.253129 0 0
0 0 123 1.54263 1.21209 8.52514 4.05827 0 0
0 0 124 -6.51987 -1.49103 -0.3456 29.5821 0 0
0 0 125 -1.2523 20.6125 -12.2053 -16.1257 0 0
0 0 126 3.82192 9.41717 3.7834 12.0531 0 0
0 0 127 -5.07651 5.5617 -3.18509 8.00696 0 0
0 0 128 1.90786 6.38592 -3.43702 0.468888 0 0
0 0 129 -5.82456 3.29412 -1.5732 5.90804 0 0
0 0 130 -0.072608 8.12811 3.45462 -9.61767 0 0
0 0 131 6.50747 -2.63166 -11.7826 -3.18188 0 0
0 0 132 -21.6312 2.11639 9.51362 17.4878 0 0
0 0 133 4.93716 5.30584 -5.55062 5.06755 0 0
0 0 134 6.2731 4.87225 -8.42427 -21.9205 0 0
0 0 135 -5.94956 -14.8543 4.99392 5.69678 0 0
0 0 136 3.87856 0.81756 3.6788 1.53685 0 0
0 0 137 -2.19956 -6.19806 1.88757 11.7453 0 0
0 0 138 15.2282 15.2648 -7.52973 14.0771 0 0
0 0 139 15.2047 -7.73908 -8.83632 25.8753 0 0
0 0 140 7.22231 -2.56525 -13.7296 -9.32518 0 0
0 0 141 3.11099 5.8117 14.9556 9.53984 0 0
0 0 142 5.59927 7.97576 -9.0797 0.535691 0 0
0 0 143 -10.1878 -4.04181 -6.81665 -7.81938 0 0
0 0 144 0.458642 -2.09455 7.38295 -17.9718 0 0
0 0 145 4.42935 9.05194 8.74931 6.29532 0 0
0 0 146 18.611 12.0422 6.47345 -17.246 0 0
0 0 147 -13.1136 3.56365 7.95297 -14.3427 0 0
0 0 148 0.677392 -12.9695 4.55412 -2.6962 0 0
0 0 149 -9.93198 -0.0242367 -6.20392 -3.9727 0 0
0 0 150 9.28677 -15.2156 -18.4458 5.43318 0 0
0 0 151 -11.514 14.0383 12.5517 -14.0295 0 0
0 0 152 6.97817 -4.46955 5.38676 9.87837 0 0
0 0 153 -8.23862 7.39178 -1.10137 12.7762 0 0
0 0 154 -9.70151 -10.161 0.23724 0.859787 0 0
0 0 155 -5.1019 0.423029 -11.125 16.3187 0 0
0 0 156 2.32778 -10.1707 8.50166 -0.881652 0 0
0 0 157 2.67739 -4.57892 0.593777 -0.690261 0 0
0 0 158 1.17544 1.47381 -14.1545 0.068955 0 0
0 0 159 -21.1937 -0.242986 -4.6027 -2.08954 0 0
0 0 160 4.48794 -0.787909 0.510525 -2.6619 0 0
0 0 161 -5.23667 -3.74299 4.05455 -5.81705 0 0
0 0 162 -6.52573 4.07733 -5.09587 -0.239776 0 0
0 0 163 14.1149 -2.19611 -1.2316 0.959992 0 0
0 0 164 -6.05698 9.37029 8.78988 7.92119 0 0
0 0 165 11.3219 -4.28205 1.67407 -3.85173 0 0
0 0 166 27.0739 -4.36213 -8.86835 7.20531 0 0
0 0 167 17.9313 -12.1297 12.7054 -5.03706 0 0
0 0 168 -9.53745 -9.3797 5.95253 14.4825 0 0
0 0 169 -3.68198 2.4367 1.32608 12.3393 0 0
0 0 170 1.66177 2.46014 6.24714 -0.186523 0 0
0 0 171 -8.53745 8.8078 -7.00452 3.76668 0 0
0 0 172 4.4977 0.499201 1.25135 -14.7409 0 0
0 0 173 -7.45933 6.67498 1.87048 -18.8448 0 0
0 0 174 12.6422 3.83514 11.4885 -3.85083 0 0
0 0 175 11.9684 14.8449 -2.63427 -29.5498 0 0
0 0 176 7.99185 -0.623846 -10.4076 0.627778 0 0
0 0 177 10.0954 4.94061 0.408047 4.81207 0 0
0 0 178 5.74966 -7.22541 -11.3641 2.83684 0 0
0 0 179 -9.54331 -0.799627 5.79454 10.4074 0 0
0 0 180 -13.3851 9.77264 -23.5611 -3.07265 0 0
0 0 181 -3.66831 14.5871 -3.37084 -0.347213 0 0
0 0 182 17.3395 -21.4168 -0.243122 4.52409 0 0
0 0 183 -9.39487 -0.721502 1.99005 0.976243 0 0
0 0 184 4.15005 -2.23127 1.01437 -3.89146 0 0
0 0 185 -5.29722 4.50506 -13.1404 -0.157638 0 0
0 0 186 -19.639 -7.51642 27.507 -2.61946 0 0
0 0 187 -2.1312 -0.133612 -0.25806 0.935608 0 0
0 0 188 17.8786 -4.19806 -16.8595 11.4122 0 0
0 0 189 19.0387 -3.0926 -4.84395 1.63435 0 0
0 0 190 -0.0960455 -8.91096 3.01056 5.77893 0 0
0 0 191 -8.223 -3.61213 3.09167 10.9725 0 0
0 0 192 -4.02769 4.35662 -8.67833 -5.33588 0 0
0 0 193 1.13442 -9.36799 -6.63305 -15.9957 0 0
0 0 194 9.13638 6.68084 6.60368 -3.81021 0 0
0 0 195 13.9977 1.15936 5.69845 7.62509 0 0
0 0 196 -4.93198 1.84686 16.2387 20.3992 0 0
0 0 197 -5.8519 2.32928 -7.86919 2.75378 0 0
0 0 198 -5.37339 -8.76642 6.52041 11.8699 0 0
0 0 199 7.33169 -1.51056 -9.66681 -26.0651 0 0
0 0 200 2.79653 -1.10041 -2.93956 1.2263 0 0
0 0 201 3.7731 -6.7215 -16.8082 5.51172 0 0
0 0 202 1.29067 -8.29377 21.5142 -7.5657 0 0
0 0 203 -5.90855 -3.88752 8.80909 1.99635 0 0
0 0 204 -7.83237 3.91131 -14.4833 8.35542 0 0
0 0 205 9.402 -0.205877 -8.50968 -0.814849 0 0
0 0 206 -11.0453 -5.82111 7.40857 7.56099 0 0
0 0 207 3.56997 2.66912 -4.23336 -2.26829 0 0
0 0 208 -12.6214 -15.2684 -3.91311 6.18428 0 0
0 0 209 -6.64878 15.134 -1.60096 1.1243 0 0
0 0 210 4.72231 14.4191 -6.43663 2.91447 0 0
0 0 211 9.09341 18.0285 -1.82299 -7.33821 0 0
0 0 212 5.17153 -5.77619 -12.2971 -6.99786 0 0
0 0 213 1.19692 -15.1375 -9.97211 9.18506 0 0
0 0 214 -10.7972 7.82147 -4.35291 -14.1207 0 0
0 0 215 4.91177 20.7765 -6.9789 13.8216 0 0
0 0 216 -9.51011 -9.15705 -5.03397 2.9894 0 0
0 0 217 5.07583 -15.7586 2.69244 -13.9446 0 0
0 0 218 0.978173 -12.4578 7.53025 12.9767 0 0
0 0 219 12.6872 9.20819 1.86195 -1.67789 0 0
0 0 220 4.15786 -14.1961 -7.38028 1.5865 0 0
0 0 221 -3.71909 14.9387 -13.1276 -6.67467 0 0
0 0 222 15.3883 8.61639 9.19766 10.6855 0 0
0 0 223 -6.37339 -0.637518 3.04898 8.24619 0 0
0 0 224 2.14224 -2.59064 -4.20987 -0.0411677 0 0
0 0 225 -6.26206 -7.58869 -5.33286 1.9783 0 0
0 0 226 -9.48081 2.4035 -4.69237 7.13307 0 0
0 0 227 0.267236 16.2922 6.32187 -3.50236 0 0
0 0 228 3.9938 -1.77814 -7.76885 -13.7848 0 0
0 0 229 -5.62534 -4.18635 4.06948 6.24477 0 0
0 0 230 13.0583 16.6027 -18.0529 1.1956 0 0
0 0 231 -18.9964 9.98162 12.3766 -1.53345 0 0
0 0 232 12.2711 7.24139 13.3822 -6.92023 0 0
0 0 233 16.4391 4.96405 18.4719 -5.85226 0 0
0 0 234 -9.37925 -9.85822 4.22961 7.20711 0 0
0 0 235 9.20278 12.8097 -8.06987 10.6773 0 0
0 0 236 18.65 6.3117 9.27238 -12.3567 0 0
0 0 237 -14.7757 12.2258 13.1025 -14.6795 0 0
0 0 238 13.361 2.98358 -21.0333 -11.1822 0 0
0 0 239 -4.57065 1.69647 6.21511 16.0506 0 0
0 0 240 -3.52378 -5.49103 6.16815 12.4206 0 0
0 0 241 5.97817 -3.68439 -1.94468 -27.5484 0 0
0 0 242 -2.36558 1.47576 -4.2547 6.03803 0 0
0 0 243 8.93716 -12.0379 -8.17875 -9.14192 0 0
0 0 244 12.4899 3.10858 -10.6724 7.37231 0 0
0 0 245 11.1071 9.6867 -4.74788 2.03609 0 0
0 0 246 0.390283 3.07147 -13.8791 3.4462 0 0
0 0 247 -4.87534 -16.9051 -14.1182 -18.5929 0 0
0 0 248 9.58364 -14.8719 -7.96312 -3.89958 0 0
0 0 249 -2.47495 -9.03205 -5.75771 -7.41223 0 0
0 0 250 0.968407 -16.9051 9.57981 0.0707708 0 0
0 0 251 20.527 2.4035 1.05279 -6.06531 0 0
0 0 252 -3.8187 -5.91486 4.39187 -2.8632 0 0
0 0 253 -4.39292 -1.38752 5.4017 -3.63237 0 0
0 0 254 22.3454 -12.2039 -2.09839 1.11346 0 0
0 0 255 4.54067 4.65936 -0.505726 12.5325 0 0
0 0 256 6.91763 22.7043 1.7061 3.00746 0 0
0 0 257 -11.7933 2.04022 -17.0794 -5.13457 0 0
0 0 258 -11.9671 -15.907 -7.26926 -11.9143 0 0
0 0 259 -3.42808 -21.1922 15.3442 -7.31293 0 0
0 0 260 -1.24644 9.76678 1.5417 -7.36438 0 0
0 0 261 -1.30698 0.776545 7.04135 -18.6832 0 0
0 0 262 -10.1156 -1.16877 -14.5601 4.6207 0 0
0 0 263 5.43325 4.26287 -2.79012 18.8609 0 0
0 0 264 -0.42417 7.92498 -10.5421 1.31567 0 0
0 0 265 -12.8812 1.25311 -2.05997 1.39693 0 0
0 0 266 -3.00815 -9.66681 -23.5526 7.28113 0 0
0 0 267 1.6227 3.21014 -10.7407 8.41409 0 0
0 0 268 6.73989 1.08904 -1.72692 -10.2162 0 0
0 0 269 4.51724 1.50701 4.44737 -0.982757 0 0
0 0 270 -10.2132 13.9758 -11.5264 -10.7272 0 0
0 0 271 12.5329 -7.77033 5.89061 -0.19194 0 0
0 0 272 6.07974 9.24139 5.03875 -11.6841 0 0
0 0 273 3.67544 -3.02228 -10.7193 8.45743 0 0
0 0 274 -8.50425 -3.52619 -4.79912 -23.2079 0 0
0 0 275 7.47036 3.90545 -1.62444 2.75559 0 0
0 0 276 -3.99644 -15.7801 -2.16031 9.11194 0 0
0 0 277 -0.859717 7.07147 6.88336 10.5013 0 0
0 0 278 5.25942 4.74139 6.24714 -9.59241 0 0
0 0 279 -4.12144 10.4152 -3.54163 -2.21954 0 0
0 0 280 7.20669 11.3996 -4.12874 1.062 0 0
0 0 281 -2.47886 9.08123 15.8737 -5.23387 0 0
0 0 282 -7.03159 -12.8582 12.383 -3.5105 0 0
0 0 283 -3.0687 -5.25471 -2.2329 -2.79822 0 0
0 0 284 -6.38315 -5.39728 -0.0467109 -12.0949 0 0
0 0 285 9.99575 -1.9676 4.89572 11.9132 0 0
0 0 286 -4.84214 -2.28596 2.1459 -5.97142 0 0
0 0 287 -2.10776 -6.6258 11.6208 4.12868 0 0
0 0 288 3.62466 4.81756 18.1815 -1.73927 0 0
0 0 289 7.027 13.0129 -3.80849 6.47406 0 0
0 0 290 -9.10581 0.770685 -17.6067 -0.677627 0 0
0 0 291 -8.7523 6.24529 -5.34352 6.03442 0 0
0 0 292 -8.85581 -19.5574 20.9869 -9.57796 0 0
0 0 293 -7.39878 8.29412 -10.9734 -0.689361 0 0
0 0 294 -27.4417 -7.409 -6.03099 18.8753 0 0
0 0 295 -10.6292 -7.69806 2.71592 -5.20407 0 0
0 0 296 14.859 -5.73322 -5.20263 10.5437 0 0
0 0 297 -11.4925 -4.18635 4.84021 -5.20769 0 0
0 0 298 -6.25425 -2.32697 -15.7045 10.8091 0 0
0 0 299 -0.42417 -5.34064 2.18432 -0.794082 0 0
0 0 300 -4.33237 6.82928 -0.63596 0.242295 0 0
0 0 301 -5.64487 17.0324 3.21765 -4.95671 0 0
0 0 302 25.4137 2.20428 -4.47248 -14.3193 0 0
0 0 303 18.7887 -4.56916 -12.0281 8.31299 0 0
0 0 304 5.00356 -1.99494 -1.79309 -6.2242 0 0
0 0 305 -2.99644 -13.6317 4.32568 0.803818 0 0
0 0 306 9.95669 8.41522 -1.26149 -4.89172 0 0
0 0 307 8.48208 7.11248 7.28473 12.7094 0 0
0 0 308 1.95474 0.815607 -6.21459 0.66478 0 0
0 0 309 11.7165 1.12029 -8.74451 -5.51823 0 0
0 0 310 -20.2308 -9.13166 14.3173 4.05014 0 0
0 0 311 3.8688 4.30389 -8.60361 -13.7912 0 0
0 0 312 -5.13315 -3.55353 -1.36397 10.9436 0 0
0 0 313 2.03091 -1.07697 -15.5614 4.1991 0 0
0 0 314 -7.76401 13.6984 14.2596 2.01442 0 0
0 0 315 8.6227 -5.16486 -13.8535 -3.11056 0 0
0 0 316 -13.4984 -7.67658 2.13736 -12.4713 0 0
0 0 317 6.91372 3.57928 3.92645 10.9816 0 0
0 0 318 6.24966 7.91131 8.98202 18.2009 0 0
0 0 319 20.5778 -8.47541 18.5573 0.182709 0 0
0 0 320 -8.84409 -2.63556 -8.72744 9.47936 0 0
0 0 321 6.65395 4.69451 7.0328 -14.1161 0 0
0 0 322 20.1383 7.61639 -16.0076 1.59374 0 0
0 0 323 5.19497 -10.4676 13.3544 -25.5957 0 0
0 0 324 -11.4828 -20.5438 10.1776 -11.5415 0 0
0 0 325 -13.3871 -6.88166 0.971661 -8.53346 0 0
0 0 326 -8.1019 -11.2723 -6.21459 -1.00081 0 0
0 0 327 -11.6878 -0.248846 -2.47843 -0.979141 0 0
0 0 328 -19.0765 -1.71564 11.6166 -13.1204 0 0
0 0 329 -11.0121 -17.8309 -2.85845 18.683 0 0
0 0 330 -10.5121 2.89569 7.79498 1.56303 0 0
0 0 331 0.929345 -6.03791 -0.708546 8.25882 0 0
0 0 332 6.60317 -3.66486 9.91287 -6.94731 0 0
0 0 333 13.32 18.3332 13.2754 -3.99618 0 0
0 0 334 -3.93589 2.97576 6.67199 12.1236 0 0
0 0 335 8.94888 -7.0926 0.736828 7.16557 0 0
0 0 336 6.652 0.840998 16.0231 -3.4816 0 0
0 0 337 7.95474 0.710138 -12.9909 -14.1405 0 0
0 0 338 10.6442 -6.42853 -10.0746 9.80797 0 0
0 0 339 2.28677 9.73358 -12.7796 9.67978 0 0
0 0 340 4.63442 -6.58283 1.87689 -0.593658 0 0
0 0 341 -1.46519 1.93865 7.07977 -11.3808 0 0
0 0 342 -2.15269 -3.74885 18.5765 -0.580123 0 0
0 0 343 -8.04526 -12.7 8.24546 1.38789 0 0
0 0 344 -10.0355 6.91131 -13.3389 -10.7163 0 0
0 0 345 15.4704 -2.41877 11.3049 2.83322 0 0
0 0 346 10.404 5.69842 -2.67484 4.10973 0 0
0 0 347 2.61099 1.21795 -9.39782 7.16649 0 0
0 0 348 2.38442 -6.24299 -3.13813 3.90208 0 0
0 0 349 2.32583 -1.5008 -5.13431 5.26526 0 0
0 0 350 15.5192 3.77069 -4.58348 1.83386 0 0
0 0 351 -0.181983 9.32342 -13.593 -4.83845 0 0
0 0 352 9.22231 0.419123 -7.51052 -2.00558 0 0
0 0 353 -4.348 13.3215 8.96067 -15.9542 0 0
0 0 354 -7.36362 16.3254 5.23732 19.6264 0 0
0 0 355 12.5075 -4.54572 7.985 -5.61934 0 0
0 0 356 -5.87144 9.05194 11.3155 4.05917 0 0
0 0 357 5.34536 6.60858 -18.2237 7.25856 0 0
0 0 358 5.89028 6.12225 8.0704 6.90198 0 0
0 0 359 -2.51792 5.91326 -17.7498 -1.02879 0 0
0 0 360 9.43911 -17.7352 -11.6118 3.81181 0 0
0 0 361 -8.6605 9.43475 -4.22908 -5.20949 0 0
0 0 362 13.2086 0.632013 5.52339 6.33774 0 0
0 0 363 8.12856 13.9074 -7.04937 -6.64218 0 0
0 0 364 -20.7796 3.75311 8.09388 18.7137 0 0
0 0 365 7.34341 -3.26447 -2.22435 -7.60542 0 0
0 0 366 8.44692 -10.9735 6.91966 -9.9174 0 0
0 0 367 3.28872 -4.00666 8.31805 13.1464 0 0
0 0 368 23.3766 14.8664 18.4804 5.54512 0 0
0 0 369 -6.348 8.79803 -2.38234 -7.88528 0 0
0 0 370 1.48403 -3.97541 -25.5573 -8.95776 0 0
0 0 371 -0.271827 5.02264 4.43243 -7.36168 0 0
0 0 372 4.86294 -11.3778 -2.02153 6.87849 0 0
0 0 373 -1.48862 8.71209 -6.17403 -6.22058 0 0
0 0 374 -6.723 10.3449 -1.54331 -3.87701 0 0
0 0 375 14.2731 -4.57697 7.36586 -8.59485 0 0
0 0 376 14.5895 -0.229315 -14.5089 1.0936 0 0
0 0 377 9.40981 -2.0965 14.3664 13.5129 0 0
0 0 378 10.029 -20.411 -2.47416 9.33672 0 0
0 0 379 -12.4925 7.55194 1.27697 -12.2556 0 0
0 0 380 -6.59605 -4.16486 -8.14032 -5.9624 0 0
0 0 381 10.2809 2.81756 -13.5887 11.618 0 0
0 0 382 15.1403 1.57147 5.13484 14.9519 0 0
0 0 383 -3.83823 -9.29767 -5.87514 -12.2258 0 0
0 0 384 -6.52378 15.6926 -5.98615 -3.37688 0 0
0 0 385 1.24575 1.51287 4.20826 -23.8867 0 0
0 0 386 -18.6996 -11.9637 10.2032 -18.7581 0 0
0 0 387 -9.31479 -14.8563 14.4753 -4.69853 0 0
0 0 388 -8.57261 0.51092 0.683453 -6.09781 0 0
0 0 389 -6.15855 -13.0555 -3.90885 7.62959 0 0
0 0 390 16.3668 2.0285 -7.42084 15.2435 0 0
0 0 391 -0.420264 -12.1805 0.427258 0.270279 0 0
0 0 392 -9.18198 0.557795 -11.0631 -4.57124 0 0
0 0 393 5.38247 -6.50275 3.86666 0.201676 0 0
0 0 394 12.6911 1.93475 -12.2288 16.5931 0 0
0 0 395 -9.14683 -2.08283 5.44014 -5.85045 0 0
0 0 396 16.0602 -5.27424 -2.78586 -1.08568 0 0
0 0 397 -1.80112 -0.905096 -13.4692 3.36676 0 0
0 0 398 2.31411 7.74139 0.894802 11.0177 0 0
0 0 399 -5.64878 -13.3895 -4.09885 -2.37392 0 0
0 0 400 -8.85776 -1.84455 5.54261 -7.78326 0 0
0 0 401 21.1735 -3.64924 -0.394703 -12.678 0 0
0 0 402 4.68325 -3.159 -2.51685 4.32369 0 0
0 0 403 1.94692 12.1906 10.0004 -6.84169 0 0
0 0 404 16.2165 1.7492 -15.412 -18.8629 0 0
0 0 405 -7.90073 11.7648 5.32484 9.68428 0 0
0 0 406 12.1364 2.20037 -2.54461 15.5143 0 0
0 0 407 -7.11948 14.0031 -2.68125 -3.78854 0 0
0 0 408 12.8083 1.00115 -2.21796 1.5513 0 0
0 0 409 2.48013 9.17303 -11.1421 -0.549423 0 0
0 0 410 -15.2035 -7.29572 -8.24707 -0.856369 0 0
0 0 411 -5.76011 3.16326 7.49395 4.76874 0 0
0 0 412 -4.29331 -13.2449 10.041 4.42569 0 0
0 0 413 11.861 -7.88361 21.2836 8.64972 0 0
0 0 414 0.0387201 0.106623 13.9714 -5.43608 0 0
0 0 415 10.7809 -8.69025 -6.03525 1.99817 0 0
0 0 416 -3.42612 1.21209 -6.03739 9.33763 0 0
0 0 417 -1.20542 -0.0554865 7.72453 -13.0346 0 0
0 0 418 -8.43394 0.235529 -9.87818 -0.0691676 0 0
0 0 419 0.0660639 -6.64728 -15.6041 3.40106 0 0
0 0 420 7.5231 -5.28791 8.2113 8.81944 0 0
0 0 421 -13.5511 -8.92463 3.01908 0.068955 0 0
0 0 422 7.5895 4.08709 -1.11632 9.59039 0 0
0 0 423 7.14614 -4.54767 5.5789 -12.0226 0 0
0 0 424 10.068 3.00311 -0.817432 -7.87173 0 0
0 0 425 4.7145 1.80194 -2.59157 3.65022 0 0
0 0 426 15.7204 5.4328 -6.34269 22.5315 0 0
0 0 427 9.61489 6.4992 -3.75299 8.83749 0 0
0 0 428 2.52895 10.8742 18.284 0.341599 0 0
0 0 429 -4.45542 7.60467 -21.17 0.616944 0 0
0 0 430 -8.38901 0.557795 1.33674 7.57994 0 0
0 0 431 -17.7582 -12.3348 -12.0772 8.09361 0 0
0 0 432 -3.9769 -0.366033 -16.0482 -5.40358 0 0
0 0 433 -1.82651 7.50311 -8.19584 2.18143 0 0
0 0 434 1.04067 -13.4227 -5.59758 7.56279 0 0
0 0 435 7.10903 5.44256 3.22618 4.29388 0 0
0 0 436 -9.1019 1.98944 -8.10402 -10.051 0 0
0 0 437 8.35903 -5.01838 -1.25083 3.60419 0 0
0 0 438 -10.9515 0.284357 -1.53264 4.15668 0 0
0 0 439 -6.52964 11.7805 -12.5106 -6.38399 0 0
0 0 440 21.1403 -10.4246 -3.30251 -2.37933 0 0
0 0 441 3.9352 -18.8211 -1.08002 8.32924 0 0
0 0 442 3.19497 1.591 16.8429 -9.62219 0 0
0 0 443 8.57583 10.9758 -10.8111 -3.83006 0 0
0 0 444 -8.098 -4.784 -13.1681 -1.08116 0 0
0 0 445 24.9469 -0.0359545 1.74879 -2.26739 0 0
0 0 446 -9.01987 -3.94416 17.7417 -2.61946 0 0
0 0 447 -0.838233 -0.910955 14.4817 -4.21645 0 0
0 0 448 10.1403 -4.33478 15.4851 -12.1283 0 0
0 0 449 2.81997 -19.077 0.209484 -3.55743 0 0
0 0 450 -10.4046 9.7453 0.694119 4.15848 0 0
0 0 451 1.08169 10.5597 -13.1233 -2.00107 0 0
0 0 452 3.0856 -5.87775 -6.20392 -1.31227 0 0
0 0 453 -4.71128 -7.53791 -6.40033 11.3544 0 0
0 0 454 -4.10972 5.04022 -8.09549 -3.65584 0 0
0 0 455 -8.12729 -17.2156 -1.10991 8.51701 0 0
0 0 456 -13.0824 11.4933 -4.44045 -4.09909 0 0
0 0 457 -4.52964 -1.59064 8.07467 17.0887 0 0
0 0 458 -3.35386 -11.3094 5.15619 5.9315 0 0
0 0 459 -2.82261 -1.96174 -15.8881 -5.07136 0 0
0 0 460 -12.6742 -10.2195 -2.54674 1.68401 0 0
0 0 461 4.24966 -1.51447 23.5766 -2.77835 0 0
0 0 462 -6.95347 -13.7293 -10.9136 8.22994 0 0
0 0 463 7.44692 1.17889 -0.54842 -0.459152 0 0
0 0 464 0.88833 -8.08283 -5.77053 2.36649 0 0
0 0 465 -3.76011 1.75701 2.1587 7.20259 0 0
0 0 466 -0.756202 7.9367 11.655 14.3741 0 0
0 0 467 -2.27378 -2.51838 -0.23885 -4.58298 0 0
0 0 468 -21.1488 -17.0301 6.23007 -4.80235 0 0
0 0 469 -10.4554 0.464045 3.48024 -1.70225 0 0
0 0 470 6.89614 3.35467 4.72065 -4.56493 0 0
0 0 471 0.866845 5.91131 0.147579 8.93318 0 0
0 0 472 13.5446 -16.0008 -13.6079 10.1916 0 0
0 0 473 -4.01987 -5.06916 12.7417 10.6629 0 0
0 0 474 5.34927 12.8351 -1.43229 3.53828 0 0
0 0 475 0.200829 3.17889 -0.828098 -14.6352 0 0
0 0 476 -2.34214 -10.8211 -21.2895 -3.6143 0 0
0 0 477 -3.39292 -10.3289 0.941784 1.69122 0 0
0 0 478 5.25552 1.45233 -4.66034 14.6982 0 0
0 0 479 6.80435 3.55975 5.33125 -9.44163 0 0
0 0 480 3.52505 17.3625 4.28512 -5.35303 0 0
0 0 481 17.9801 -14.8231 15.4296 -2.0083 0 0
0 0 482 -2.75034 -2.42853 -6.61383 2.39357 0 0
0 0 483 -6.58628 4.55194 -3.69748 7.7244 0 0
0 0 484 10.9254 3.94647 -17.7305 -1.03873 0 0
0 0 485 2.13442 5.95233 8.11096 0.727982 0 0
0 0 486 -5.02378 -14.0301 5.42732 -6.45531 0 0
0 0 487 25.2633 4.31561 9.46666 9.48117 0 0
0 0 488 -10.7601 -0.946112 1.28764 -1.85121 0 0
0 0 489 -3.86558 -1.68439 10.7177 -4.37805 0 0
0 0 490 -7.50034 8.22772 -3.29824 -9.41185 0 0
0 0 491 7.152 -1.5301 27.7824 -4.7247 0 0
0 0 492 -4.01206 -1.96369 4.94055 14.2387 0 0
0 0 493 4.07778 14.6691 1.04426 -4.81499 0 0
0 0 494 14.5387 -15.1043 -1.61162 7.12044 0 0
0 0 495 -5.98667 0.592951 -5.39476 15.1288 0 0
0 0 496 -13.9496 6.87225 6.39445 2.6933 0 0
0 0 497 -5.88706 11.8449 -4.87171 -9.67456 0 0
0 0 498 21.9215 9.99334 8.05758 -1.12268 0 0
0 0 499 5.67153 -5.159 -13.0763 2.31865 0 0
0 0 500 0.497704 -0.0125178 5.18608 8.35361 0 0
0 0 501 -2.0648 -18.4735 7.43419 0.717148 0 0
0 0 502 -17.2406 5.19061 3.8069 -0.390548 0 0
0 0 503 -9.13706 5.26287 5.54901 16.7385 0 0
0 0 504 -7.40464 -8.29767 5.57676 -8.04236 0 0
0 0 505 2.40786 4.71795 3.62542 -3.09341 0 0
0 0 506 5.53872 4.12615 -0.97327 -5.6374 0 0
0 0 507 -1.62339 5.55389 0.706936 -9.7233 0 0
0 0 508 9.54067 27.3508 -11.3919 -7.9259 0 0
0 0 509 0.866845 1.68475 -4.07323 5.28061 0 0
0 0 510 -8.42222 1.50897 -6.90845 2.3349 0 0
0 0 511 -8.54722 -6.17072 -10.6638 -2.63933 0 0
0 0 512 2.53677 10.0617 -9.79277 -5.0461 0 0
0 0 513 23.1071 -0.403142 -16.6524 -12.4803 0 0
0 0 514 2.20083 -9.77814 12.7694 10.1221 0 0
0 0 515 -0.943702 13.7531 8.71942 -0.944839 0 0
0 0 516 1.12075 -12.9051 18.8903 1.89073 0 0
0 0 517 6.95864 6.96404 -7.12195 -3.67841 0 0
0 0 518 2.52895 5.99529 -4.20346 7.7957 0 0
0 0 519 4.75747 13.2668 -6.65439 4.44646 0 0
0 0 520 -2.66245 3.20233 -4.09885 10.959 0 0
0 0 521 5.6481 3.16131 -8.93239 -2.53461 0 0
0 0 522 -9.38902 22.3625 1.43708 16.2979 0 0
0 0 523 -2.76401 10.4289 -5.43961 -5.02353 0 0
0 0 524 -4.99644 0.712091 0.455013 -3.89958 0 0
0 0 525 -2.69761 -6.92267 -10.856 12.5018 0 0
0 0 526 -7.84409 -0.358221 -1.92974 -21.6669 0 0
0 0 527 1.60513 6.43865 11.07 -13.0193 0 0
0 0 528 -2.73862 -16.8192 -16.3578 7.18272 0 0
0 0 529 -1.11558 10.0226 8.3885 -19.2249 0 0
0 0 530 10.4918 -9.75666 11.2152 3.76396 0 0
0 0 531 -7.9398 -2.86799 -3.17655 -10.2975 0 0
0 0 532 -12.0296 2.42498 -3.49253 15.0431 0 0
0 0 533 8.98403 -22.7332 -6.81238 21.6919 0 0
0 0 534 -17.8128 -7.81916 3.50586 -4.4602 0 0
0 0 535 16.443 -13.1063 6.99865 2.97766 0 0
0 0 536 -17.2191 3.93084 -2.91394 -9.23401 0 0
0 0 537 -3.01597 5.29803 0.911892 -3.76417 0 0
0 0 538 -16.9144 3.48553 24.8341 -13.6187 0 0
0 0 539 -12.1507 0.460138 18.8348 8.00064 0 0
0 0 540 -12.6273 -9.53986 16.6465 -6.80647 0 0
0 0 541 5.13442 5.92498 -8.44989 13.0065 0 0
0 0 542 -13.7113 13.2785 -8.65912 13.1166 0 0
0 0 543 3.47231 8.54022 -10.2262 11.8211 0 0
0 0 544 -6.07847 -1.31916 1.06561 1.90338 0 0
0 0 545 18.8766 3.85858 -10.7514 -9.44345 0 0
0 0 546 -6.54136 -17.536 5.69419 -5.35303 0 0
0 0 547 6.82583 -3.03986 -13.8278 0.25673 0 0
0 0 548 9.10903 7.44647 -6.83159 6.90198 0 0
0 0 549 -2.26206 11.5402 1.65699 -9.22859 0 0
0 0 550 -6.77378 -14.8231 6.27276 -0.542205 0 0
0 0 551 16.0993 -3.54767 -8.57372 -11.1217 0 0
0 0 552 5.35122 -7.17463 -11.5968 -13.9175 0 0
0 0 553 -5.75815 2.04803 -1.96817 -8.81602 0 0
0 0 554 -3.88706 6.18475 -6.50281 0.369584 0 0
0 0 555 6.6852 -9.76642 11.1277 14.5917 0 0
0 0 556 14.0329 4.26873 3.9969 -27.0148 0 0
0 0 557 -2.25815 6.21209 -6.1911 -3.65404 0 0
0 0 558 -3.6937 2.72576 0.956722 11.7886 0 0
0 0 559 17.1344 -4.48517 9.5542 -5.81886 0 0
0 0 560 0.739892 14.5148 -8.53955 -7.81576 0 0
0 0 561 9.71645 9.09686 -1.64151 -12.1048 0 0
0 0 562 6.49575 3.31365 4.56694 -9.38296 0 0
0 0 563 -2.55112 -12.1551 2.77357 -3.68202 0 0
0 0 564 -11.1175 1.20428 0.659969 1.23804 0 0
0 0 565 -0.902686 -11.202 -7.03014 3.46515 0 0
0 0 566 -8.4398 7.99139 -8.50541 1.8131 0 0
0 0 567 11.3825 0.751154 -3.93659 -4.3961 0 0
0 0 568 -14.1429 -7.05939 -0.625278 -2.16537 0 0
0 0 569 8.94692 2.47576 1.16595 -4.035 0 0
0 0 570 2.57388 9.49725 11.5418 11.2397 0 0
0 0 571 -0.902686 -10.4949 -2.56168 -4.69492 0 0
0 0 572 12.5348 -3.94806 -1.45151 -10.1593 0 0
0 0 573 -12.9808 5.07928 22.0223 -14.3139 0 0
0 0 574 -4.40855 -1.31721 18.9416 -8.25542 0 0
0 0 575 -7.21909 4.36834 5.67497 -3.78764 0 0
0 0 576 2.0602 9.73358 -3.42208 1.32741 0 0
0 0 577 12.4254 -4.7215 -8.07627 2.71677 0 0
0 0 578 -1.74058 12.3351 22.5475 -0.0276332 0 0
0 0 579 8.03872 -16.5809 -3.84052 7.74335 0 0
0 0 580 7.28286 2.25311 -10.745 1.07645 0 0
0 0 581 10.0836 -0.516424 -9.53444 1.04575 0 0
0 0 582 10.275 5.69451 -10.461 -9.42448 0 0
0 0 583 17.6598 1.81365 4.14634 -8.39082 0 0
0 0 584 4.75552 -0.20783 -6.30426 0.405686 0 0
0 0 585 -6.8187 -23.3485 4.14421 -3.65132 0 0
0 0 586 -2.73667 -2.56721 9.50721 -12.8658 0 0
0 0 587 18.4977 12.2219 7.70318 -10.4257 0 0
0 0 588 3.69302 5.79608 -1.17397 3.76938 0 0
0 0 589 15.3844 1.50311 -13.8321 12.7862 0 0
0 0 590 -0.908545 -12.8055 -9.64547 -12.1066 0 0
0 0 591 5.93911 3.3742 -12.327 2.2374 0 0
0 0 592 -2.88706 11.3996 -17.9056 6.00642 0 0
0 0 593 19.3747 5.48553 -12.5597 9.11464 0 0
0 0 594 19.9313 10.8469 -26.4476 13.1337 0 0
0 0 595 8.47231 21.1847 -8.1019 10.0743 0 0
0 0 596 11.1032 4.60858 -7.65142 -0.156723 0 0
0 0 597 17.3473 5.716 -9.95504 10.1691 0 0
0 0 598 31.6422 16.468 -6.39392 18.0078 0 0
0 0 599 8.9313 7.80389 -17.7007 21.4328 0 0
0 0 600 11.5622 9.48553 -6.05234 9.80707 0 0
0 0 601 33.0719 10.0187 -21.9236 -11.6471 0 0
0 0 602 9.51724 5.21795 -5.86019 -2.3378 0 0
0 0 603 14.1559 7.69647 -2.53392 0.334382 0 0
0 0 604 22.6813 6.89373 -14.6605 -3.44459 0 0
0 0 605 19.027 12.4269 -15.2156 -7.0114 0 0
0 0 606 15.5465 3.88006 -14.3082 2.56239 0 0
0 0 607 9.23989 19.2805 -5.93705 -7.98639 0 0
0 0 608 19.4274 10.6476 -3.53522 -7.72008 0 0
0 0 609 22.3727 8.29217 -17.2416 -6.10864 0 0
0 0 610 18.0719 3.03826 -21.2575 0.403885 0 0
0 0 611 4.97036 2.46404 -16.1187 -22.4658 0 0
0 0 612 6.02505 10.9445 -6.17403 -2.38475 0 0
0 0 613 25.1286 8.05584 -14.4 -1.23733 0 0
0 0 614 -3.17417 15.3117 -1.69275 -1.64177 0 0
0 0 615 5.72622 14.3019 -11.5861 -5.49747 0 0
0 0 616 17.2711 -4.6258 -14.1801 -2.31433 0 0
0 0 617 14.7536 11.0168 -0.112888 0.486939 0 0
0 0 618 3.74185 1.966 -12.6002 -2.78197 0 0
0 0 619 7.30239 5.26483 6.43289 -6.84439 0 0
0 0 620 12.4254 2.13397 -5.63602 7.93654 0 0
0 0 621 19.9391 8.10076 -6.95542 8.05931 0 0
0 0 622 12.6735 2.58904 -5.60826 3.71071 0 0
0 0 623 16.8766 0.725764 -5.48444 2.40712 0 0
0 0 624 27.6657 21.1672 -6.57326 1.07373 0 0
0 0 625 25.0641 9.08123 0.25433 -7.48987 0 0
0 0 626 24.111 22.6164 -14.8953 -1.66074 0 0
0 0 627 15.2223 4.841 -20.6704 -2.41995 0 0
0 0 628 -1.51597 6.44647 -22.8801 -5.92177 0 0
0 0 629 27.3473 -1.78791 -4.35077 -5.07588 0 0
0 0 630 14.5055 6.9328 -18.6016 5.81957 0 0
0 0 631 3.33755 3.4992 -9.4341 4.67757 0 0
0 0 632 39.07 8.86834 -10.8624 6.44879 0 0
0 0 633 28.8336 11.4367 -5.5122 -1.1913 0 0
0 0 634 27.9997 10.048 -19.4129 -8.83589 0 0
0 0 635 12.8024 12.9992 -30.9502 -15.8061 -33.6087 7.91957
0 0 636 38.0993 21.9836 -27.0091 -2.7621 -25.4284 7.73475
0 0 637 16.0875 -5.99689 -34.7995 -6.83176 -49.8888 7.47973
0 0 638 36.3239 -4.8426 -17.4167 -6.80739 0 0
0 0 639 14.7868 8.50311 -31.6419 -3.69194 -37.4792 8.07818
0 0 640 29.0465 -2.9715 -30.9673 3.92737 0 0
0 0 641 23.6833 29.0988 -24.3126 -0.915054 -19.9397 7.17367
0 0 642 23.6969 -10.036 -31.2192 11.8464 -53.9105 8.08269
0 0 643 49.4391 0.889826 -20.6917 9.06047 0 0
0 0 644 56.1696 18.4679 -41.6805 5.85387 -33.0513 5.83598
0 0 645 47.5368 21.1789 -48.9543 -17.6496 -33.3027 4.98627
0 0 646 60.1208 0.544123 -36.5011 -0.768798 -44.573 7.22414
0 0 647 37.9098 21.3605 -40.7005 -24.1323 -31.1543 5.80416
0 0 648 36.3043 -1.7176 -38.0254 -3.33897 -46.2931 6.92893
0 0 649 62.6168 7.35271 -21.693 11.4799 0 0
0 0 650 48.5875 19.9367 -47.8889 -1.40164 -33.6987 5.12446
0 0 651 54.8903 5.63787 -34.8764 -8.10374 -40.4087 7.47484
0 0 652 69.6032 5.29607 -57.4749 -10.2406 -42.3676 4.57108
0 0 653 47.7711 15.4328 -32.5023 -13.9636 -32.3003 7.40232
0 0 654 50.8004 6.1535 -54.6674 10.7468 -41.7888 4.79697
0 0 655 70.3883 10.8625 -40.8393 -9.67906 -37.5526 6.26276
0 0 656 69.3551 8.841 -72.7718 -12.3079 -41.5366 3.60025
0 0 657 63.195 6.68865 -59.6483 -0.701095 -41.8009 4.39659
0 0 658 79.2321 -2.10627 -48.4782 -7.73181 -46.2439 5.4353
0 0 659 83.7536 6.42693 -46.2087 0.571808 -41.0409 5.65845
0 0 660 81.609 4.04803 -52.067 -5.41893 -42.7772 5.05132
0 0 661 102.324 4.39568 -53.2263 -2.0462 -42.6395 4.9396
0 0 662 103.361 19.8078 -56.67 10.161 -35.367 4.4188
0 0 663 124.836 16.3449 -42.3487 0.672913 -34.4477 5.85029
0 0 664 97.4938 6.30779 -41.8 2.35837 -40.7093 6.24587
0 0 665 144.045 0.58123 -44.9384 -1.15518 -44.6295 5.86793
0 0 666 140.257 1.20037 -22.9932 0.440003 0 0
0 0 667 115.404 2.10076 -13.8214 -15.2726 0 0
0 0 668 115.166 15.6554 4.6438 -7.27953 0 0
0 0 669 122.855 -12.4676 2.55793 5.769 0 0
0 0 670 139.021 -7.72346 1.9452 4.12959 0 0
0 0 671 138.216 -7.83674 8.98416 2.37914 0 0
0 0 672 142.875 5.50506 38.1754 -5.73129 40.8971 6.84482
0 0 673 157.859 -10.616 12.2442 -3.96277 0 0
0 0 674 151.029 2.69061 37.2937 11.1982 42.9367 7.05496
0 0 675 164.562 5.05975 38.4252 -16.2602 41.2493 6.81063
0 0 676 164.47 4.93279 54.4523 -17.1891 42.4119 4.82543
0 0 677 178.125 6.10271 49.1704 10.7721 41.4625 5.32683
0 0 678 179.976 0.985527 45.2976 -13.1583 44.3768 5.8206
0 0 679 171.134 5.44061 47.5457 -6.80557 41.7361 5.51446
0 0 680 176.261 11.7472 51.3161 8.69306 38.553 5.02298
0 0 681 167.937 0.266777 67.0699 -14.3445 44.8861 3.93192
0 0 682 177.636 -4.45588 41.7066 -13.5348 48.0491 6.29117
0 0 683 173.67 -2.11799 55.6287 24.9049 46.0902 4.73757
0 0 684 161.994 14.6515 35.1118 12.2734 33.675 6.98707
0 0 685 131.037 -5.90314 20.6282 -9.8208 0 0
0 0 686 152.498 -16.3094 23.2158 7.63051 0 0
0 0 687 138.966 1.08514 14.0611 4.40944 0 0
0 0 688 133.986 1.63592 22.4835 2.13088 0 0
0 0 689 136.298 6.01873 34.2877 -18.0937 40.022 7.58771
0 0 690 124.521 -6.55549 -4.51517 6.59233 0 0
0 0 691 111.631 -12.2742 14.3792 -17.9827 0 0
0 0 692 111.218 -10.2293 -4.4255 3.98424 0 0
0 0 693 121.261 -4.909 -11.0417 -7.18112 0 0
0 0 694 103.619 -10.1649 -18.8535 -23.327 0 0
0 0 695 109.322 -4.05158 -4.93361 0.252228 0 0
0 0 696 98.2653 -12.3817 -5.97976 -12.9173 0 0
0 0 697 99.0504 0.0909958 -2.03008 6.70697 0 0
0 0 698 93.3512 4.92303 6.41366 -8.62283 0 0
0 0 699 96.3278 10.6105 -17.8352 7.77223 0 0
0 0 700 96.0036 4.61443 -11.2509 14.2658 0 0
0 0 701 75.4958 -17.534 -17.406 -7.5016 0 0
0 0 702 80.7067 -8.25275 -14.526 -7.62709 0 0
0 0 703 73.5192 -14.0106 -21.5841 6.18608 0 0
0 0 704 67.9762 0.817558 -22.4467 -5.66719 0 0
0 0 705 72.8961 -4.74689 -28.6957 -2.36488 0 0
0 0 706 65.9391 -4.52424 -25.6384 10.2133 0 0
0 0 707 79.2086 -11.6766 -24.8421 -6.06169 0 0
0 0 708 74.8219 -0.180489 -24.7503 -7.0105 0 0
0 0 709 65.7086 1.10467 -16.1571 -17.9466 0 0
0 0 710 72.3434 -12.2488 -19.4278 -0.0186 0 0
0 0 711 69.4372 -14.2449 -3.49466 11.5034 0 0
0 0 712 69.8004 -17.5613 -2.52539 5.0793 0 0
0 0 713 60.5817 -22.0653 -22.0538 8.06111 0 0
0 0 714 62.7204 -15.5203 -14.8548 6.42441 0 0
0 0 715 58.6852 -14.0203 -25.3459 -11.1298 0 0
0 0 716 55.7692 -4.94025 -21.5542 3.29904 0 0
0 0 717 65.8942 -8.88947 -13.6613 4.68298 0 0
0 0 718 52.3258 -3.2508 -25.6278 -6.95453 0 0
0 0 719 52.6872 -10.8074 -25.5979 11.5557 0 0
0 0 720 50.6872 -13.2215 -16.3855 5.92879 0 0
0 0 721 49.1598 -14.6707 -8.54169 3.52925 0 0
0 0 722 37.8317 -18.3817 -18.149 -11.5686 0 0
0 0 723 32.1735 -9.12971 -15.9799 -2.01462 0 0
0 0 724 57.2145 -15.7488 -14.3381 -20.8282 0 0
0 0 725 54.7243 -16.4852 -0.804615 10.6999 0 0
0 0 726 28.7536 -10.5457 1.64418 -14.1983 0 0
0 0 727 57.4098 -5.35041 -11.1357 -4.13069 0 0
0 0 728 39.9899 -29.8016 -29.3191 -0.725463 -67.7338 6.4798
0 0 729 44.611 2.58904 2.01567 6.93718 0 0
0 0 730 55.734 -5.97931 -13.9389 -7.1107 0 0
0 0 731 32.82 3.55194 -15.5678 -7.11432 0 0
0 0 732 24.3415 -16.3953 -22.4488 -0.602691 0 0
0 0 733 35.5387 -9.56525 -3.72524 -4.02235 0 0
0 0 734 40.2223 -18.3973 -17.1584 -14.7932 0 0
0 0 735 34.7926 -10.3231 -11.552 -1.38629 0 0
0 0 736 16.275 -3.6297 -33.2132 -1.14075 -48.1184 7.89812
0 0 737 38.9196 -14.286 -9.6604 -13.254 0 0
0 0 738 17.6852 -18.657 -33.7107 -14.2299 -59.4811 6.93116
0 0 739 19.3317 11.0871 -4.33156 13.6285 0 0
0 0 740 15.4391 -12.0985 10.8629 17.9861 0 0
0 0 741 19.1032 1.78826 0.333309 -7.83563 0 0
0 0 742 13.3747 -2.61994 -5.89222 -6.77579 0 0
0 0 743 23.1227 -3.5008 -14.5836 10.0896 0 0
0 0 744 22.4293 -7.70588 -22.167 -3.12592 0 0
0 0 745 20.9137 -2.92463 -2.63214 -11.5306 0 0
0 0 746 29.2536 -0.944158 -13.45 3.9707 0 0
0 0 747 15.2458 15.173 -11.2723 0.226944 0 0
0 0 748 7.17544 -27.3074 -4.94857 4.30743 0 0
0 0 749 18.5387 11.6183 15.4936 -13.1105 0 0
0 0 750 12.3043 -2.68635 12.0628 0.966309 0 0
0 0 751 20.3942 4.72381 12.3254 -2.82079 0 0
0 0 752 15.5036 -1.27619 -4.40415 -9.84427 0 0
0 0 753 16.9567 -7.91291 -14.6583 7.75598 0 0
0 0 754 24.8961 4.3703 -17.9312 6.10573 0 0
0 0 755 -3.35776 -1.91486 -13.1511 -16.5527 0 0
0 0 756 13.65 -13.0164 -12.2821 -7.71646 0 0
0 0 757 14.8864 -19.8465 -10.1429 15.5089 0 0
0 0 758 6.3981 -6.98322 -14.985 -12.3855 0 0
0 0 759 20.984 0.532405 -6.93193 -1.78712 0 0
0 0 760 4.40005 1.96404 17.6094 -1.52171 0 0
0 0 761 15.2008 -12.5828 -8.35382 14.0798 0 0
0 0 762 15.1344 -2.3797 -8.06987 -4.20923 0 0
0 0 763 3.4645 10.716 -5.94986 -10.4094 0 0
0 0 764 7.15591 17.0519 -4.34864 -1.36372 0 0
0 0 765 14.6188 0.0929508 -8.5844 -2.67273 0 0
0 0 766 7.37661 14.3586 -16.5819 -15.3899 0 0
0 0 767 1.06606 10.9504 10.7199 19.3447 0 0
0 0 768 24.4958 7.50897 -3.90671 5.33388 0 0
0 0 769 21.6168 -1.37385 -14.1823 -13.2856 0 0
0 0 770 7.92153 -7.45197 -6.9298 -4.58298 0 0
0 0 771 -2.65855 -13.0477 3.45034 9.70505 0 0
0 0 772 7.06802 5.45233 -15.9286 5.30408 0 0
0 0 773 11.3258 -9.28596 8.28175 9.6897 0 0
0 0 774 10.5563 0.178888 -10.6318 -11.6056 0 0
0 0 775 0.153955 -5.67658 9.12719 -3.31007 0 0
0 0 776 22.025 5.88201 -3.52028 -10.9682 0 0
0 0 777 1.07778 -4.41291 18.7793 -4.43672 0 0
0 0 778 10.8922 -7.01252 9.44958 -10.6911 0 0
0 0 779 9.902 0.895685 -7.03441 -4.54416 0 0
0 0 780 4.39614 0.811701 -11.5306 -6.95453 0 0
0 0 781 -5.29526 -1.45392 -10.3991 -0.55484 0 0
0 0 782 14.0211 4.35858 -0.290089 -4.53061 0 0
0 0 783 14.7321 -12.9617 2.02847 -2.56349 0 0
0 0 784 6.15786 -0.0984554 8.23478 7.55557 0 0
0 0 785 0.00551695 0.655451 10.8288 0.330765 0 0
0 0 786 -2.82065 8.71209 -10.4012 -6.27565 0 0
0 0 787 1.67153 -0.0574396 1.05706 0.313614 0 0
0 0 788 10.0661 12.0207 5.2117 2.64365 0 0
0 0 789 14.8864 10.798 14.8019 4.09528 0 0
0 0 790 5.01919 4.466 12.1033 9.83234 0 0
0 0 791 9.0231 -5.50666 9.18057 -14.8853 0 0
0 0 792 29.2497 -4.53791 -2.82215 17.8516 0 0
0 0 793 17.3883 -15.9461 10.1029 -2.78467 0 0
0 0 794 -2.80308 -0.450018 2.38714 -11.8728 0 0
0 0 795 4.0602 -2.40705 17.1995 7.64314 0 0
0 0 796 20.0172 9.15936 2.53659 16.0623 0 0
0 0 797 -3.26401 -15.2586 21.6295 11.4546 0 0
0 0 798 16.3649 1.24139 -5.57624 6.289 0 0
0 0 799 8.03481 -13.8465 -12.3633 -7.93404 0 0
0 0 800 14.3629 4.73553 -9.50457 11.3345 0 0
0 0 801 8.93911 12.0969 -11.3812 -8.99568 0 0
0 0 802 4.402 -1.95197 1.59721 -6.91661 0 0
0 0 803 4.83755 -15.1766 -5.98829 1.24977 0 0
0 0 804 0.790673 4.75311 1.11685 -20.8571 0 0
0 0 805 2.31216 -12.5887 12.7417 3.81091 0 0
0 0 806 -5.70151 -23.6883 0.042965 -2.23398 0 0
0 0 807 6.86099 -5.8133 1.48193 3.12662 0 0
0 0 808 6.35317 -0.33283 2.27398 -6.04274 0 0
0 0 809 9.89419 -3.20588 -12.0259 2.3349 0 0
0 0 810 15.9625 -8.52424 9.82106 -9.69441 0 0
0 0 811 -0.43003 -9.06135 -7.26072 1.57929 0 0
0 0 812 -3.34214 5.55779 -8.62282 -14.5206 0 0
0 0 813 -4.64878 -9.56525 -18.0017 2.53261 0 0
0 0 814 -3.23667 3.62811 -3.50533 -4.54234 0 0
0 0 815 3.72231 -16.4442 -1.63085 5.71394 0 0
0 0 816 2.38052 6.42108 4.01184 13.5996 0 0
0 0 817 -3.45737 -1.33478 1.19371 4.66222 0 0
0 0 818 9.12856 -9.60041 13.0641 -3.69556 0 0
0 0 819 2.14224 -9.01252 9.35563 -12.6311 0 0
0 0 820 14.8551 -4.5965 -2.79866 -8.00444 0 0
0 0 821 11.6735 7.96405 -0.112888 1.46915 0 0
0 0 822 4.53286 -10.2117 8.15579 9.74568 0 0
0 0 823 -5.6019 -18.0145 -7.60018 0.586243 0 0
0 0 824 -5.21323 -7.93049 7.19934 -9.57344 0 0
0 0 825 -3.23472 4.64959 5.3889 -3.55202 0 0
0 0 826 3.98989 8.82733 -11.9448 -13.3623 0 0
0 0 827 11.8141 -12.7781 -11.1079 -16.6511 0 0
0 0 828 -12.8031 -10.9891 24.4412 -8.86748 0 0
0 0 829 7.79067 9.56561 -0.855854 4.1955 0 0
0 0 830 -1.80503 -0.881658 -2.63214 17.4345 0 0
0 0 831 0.114892 8.29608 -6.18897 5.27881 0 0
0 0 832 12.1422 -5.80939 -5.85378 -9.57616 0 0
0 0 833 8.95474 1.47186 -6.27224 -1.4883 0 0
0 0 834 8.34536 6.47967 -9.34017 12.6571 0 0
0 0 835 -12.1117 -0.450018 -3.82772 -8.25993 0 0
0 0 836 0.734033 -5.2176 5.58744 3.07155 0 0
0 0 837 -8.33042 9.90936 -0.123569 11.9349 0 0
0 0 838 -1.60972 0.38006 -5.83457 -0.907821 0 0
0 0 839 5.82388 6.841 4.5157 9.77907 0 0
0 0 840 14.8239 5.23553 1.47979 16.9903 0 0
0 0 841 7.30044 -12.0535 -11.2958 5.30138 0 0
0 0 842 -4.11558 3.98748 2.06691 12.287 0 0
0 0 843 -12.0882 0.749201 -6.78035 -7.0096 0 0
0 0 844 0.355126 -3.73713 2.18005 10.8561 0 0
0 0 845 -7.23081 -3.85822 4.87651 5.95497 0 0
0 0 846 7.402 -9.2215 -4.55146 5.08742 0 0
0 0 847 -18.4027 -4.61603 -11.8381 5.84665 0 0
0 0 848 20.8532 -0.352361 1.02504 3.48412 0 0
0 0 849 3.61489 -4.28205 -13.9389 2.56781 0 0
0 0 850 7.53286 -13.9149 8.09175 -14.8501 0 0
0 0 851 -13.0218 3.33123 5.89488 -13.1728 0 0
0 0 852 -3.49253 -9.2176 -3.02924 1.61449 0 0
0 0 853 1.8356 8.98553 6.77661 -5.58144 0 0
0 0 854 0.671533 16.6066 -7.67704 -0.661376 0 0
0 0 855 6.67544 -0.27619 -18.3902 -1.74289 0 0
0 0 856 5.74185 1.83709 5.83723 -5.61122 0 0
0 0 857 -8.08823 -13.0594 -6.01177 17.3099 0 0
0 0 858 9.1813 2.8117 9.43676 -3.66125 0 0
0 0 859 0.939111 11.6086 -14.0114 -8.15611 0 0
0 0 860 20.9215 9.60662 -1.19959 -2.13107 0 0
0 0 861 -1.11558 -11.2586 11.2045 7.54112 0 0
0 0 862 -14.9535 -9.23322 8.04264 -1.43774 0 0
0 0 863 -7.68198 9.26483 -8.25348 -5.98947 0 0
0 0 864 -4.4144 4.83709 3.19842 -22.8504 0 0
0 0 865 -8.74839 -12.0086 -8.91532 -5.35123 0 0
0 0 866 -0.92417 5.18279 -16.377 2.18323 0 0
0 0 867 2.37466 -8.29963 10.7241 -9.24754 0 0
0 0 868 -3.4105 2.06365 -25.1175 -17.6947 0 0
0 0 869 -0.20542 4.69061 -2.42719 -22.0307 0 0
0 0 870 -0.765967 -20.6629 6.96449 8.48541 0 0
0 0 871 -8.36948 -21.7703 -1.61162 6.53906 0 0
0 0 872 -6.70151 18.1086 13.8198 -2.03177 0 0
0 0 873 -3.88901 -5.86408 -14.4278 4.39952 0 0
0 0 874 11.1618 4.17889 0.43153 8.29222 0 0
0 0 875 6.73013 -18.4988 2.30174 -5.76018 0 0
0 0 876 -28.1332 -0.0847826 0.0835228 8.94222 0 0
0 0 877 0.0582513 2.50897 -18.8749 -10.3932 0 0
0 0 878 7.33169 4.62225 -0.749103 10.8191 0 0
0 0 879 -21.6273 -4.28595 -2.48055 15.0431 0 0
0 0 880 2.19888 2.46209 -16.377 -1.07213 0 0
0 0 881 -0.607764 2.36248 -9.97852 -1.72754 0 0
0 0 882 12.6676 10.9543 -5.6232 -0.81665 0 0
0 0 883 3.00552 1.48358 -15.491 -22.2771 0 0
0 0 884 -5.68589 7.10076 7.43631 1.57115 0 0
0 0 885 -3.46323 -11.7508 -4.00919 -1.34567 0 0
0 0 886 -6.00425 -5.94806 -0.817432 7.45357 0 0
0 0 887 2.73403 -0.205877 -6.84227 -4.24895 0 0
0 0 888 8.65981 -3.66681 6.9346 -15.4902 0 0
0 0 889 11.2868 -10.0789 -8.74237 21.83 0 0
0 0 890 -23.8285 -6.00275 -13.0144 -4.65068 0 0
0 0 891 11.5114 21.6574 -0.900684 1.59644 0 0
0 0 892 0.167626 -3.24103 -2.81787 -7.16939 0 0
0 0 893 -9.98667 -7.6297 0.777386 4.24243 0 0
0 0 894 13.7438 -1.77814 -10.3671 6.54176 0 0
0 0 895 -7.76011 0.38592 -10.5357 -10.3029 0 0
0 0 896 -2.75034 0.965998 -7.33757 5.55415 0 0
0 0 897 -1.54526 -0.0906428 1.42428 -4.84117 0 0
0 0 898 12.8766 -12.1375 6.403 -2.28363 0 0
0 0 899 7.96255 0.233576 5.53621 9.23741 0 0
0 0 900 1.97622 4.64959 2.34872 2.92981 0 0
0 0 901 -20.307 7.26092 -8.91318 5.65706 0 0
0 0 902 -8.97886 4.17498 -1.65006 -17.5936 0 0
0 0 903 -5.70151 -9.88752 3.72363 2.45857 0 0
0 0 904 3.50747 -4.0965 6.03151 5.10819 0 0
0 0 905 -1.15855 -13.3797 -22.1713 -3.72986 0 0
0 0 906 -5.09605 -0.657049 -12.9056 -0.595474 0 0
0 0 907 -4.40659 -2.78791 -1.76748 -4.73915 0 0
0 0 908 4.10708 -6.83674 10.9547 7.54744 0 0
0 0 909 6.38833 1.88201 3.49092 -5.5742 0 0
0 0 910 10.0094 0.303888 -5.06171 -1.2942 0 0
0 0 911 6.9313 -6.65705 -14.0563 -5.74121 0 0
0 0 912 13.7985 3.98358 -3.45195 -6.51579 0 0
0 0 913 14.4333 4.16522 10.7754 -2.55537 0 0
0 0 914 -10.4125 4.72186 -2.6236 -1.45941 0 0
0 0 915 9.402 -12.1824 -1.90625 8.46375 0 0
0 0 916 2.08755 -11.2352 5.41452 -11.9396 0 0
0 0 917 7.22427 -14.4227 -5.98401 15.4556 0 0
0 0 918 -5.59995 -13.0633 1.36877 15.5613 0 0
0 0 919 3.09927 -1.10627 6.58661 1.68491 0 0
0 0 920 -5.35581 11.466 -2.55101 -6.20705 0 0
0 0 921 13.0739 21.6691 -7.35039 -12.2465 0 0
0 0 922 14.7985 -11.5906 -2.34819 6.45511 0 0
0 0 923 10.195 1.16522 5.78813 5.13437 0 0
0 0 924 16.3043 -5.4715 0.561764 26.9063 0 0
0 0 925 1.82192 -10.0008 -2.17739 -12.6112 0 0
0 0 926 -2.82847 -28.6629 -12.3718 6.29622 -78.3267 8.82549
0 0 927 -3.02378 -3.87385 19.4113 -5.28712 0 0
0 0 928 7.93325 -24.9168 20.5748 0.854371 70.2261 8.42049
0 0 929 1.11294 12.3644 -6.09076 -0.10527 0 0
0 0 930 -4.26011 11.5148 -10.0276 -10.06 0 0
0 0 931 -6.13706 1.10272 0.798733 -1.31407 0 0
0 0 932 -2.05503 3.4074 -5.0916 -0.920471 0 0
0 0 933 -4.40855 19.2609 5.23944 19.5424 0 0
0 0 934 0.962548 -8.77033 -8.34101 -9.76753 0 0
0 0 935 -0.988624 -8.80744 -8.48832 -0.480819 0 0
0 0 936 0.902001 1.44647 1.03144 -19.3702 0 0
0 0 937 3.23794 9.31365 -15.8304 -4.47644 0 0
0 0 938 0.548486 13.5734 -10.224 18.8121 0 0
0 0 939 10.1618 4.8117 -20.9031 1.60275 0 0
0 0 940 15.3375 -2.30939 -11.7633 -14.1857 0 0
0 0 941 6.82974 7.97967 13.7366 -3.1882 0 0
0 0 942 7.7106 10.0168 -2.99935 -4.40604 0 0
0 0 943 8.73599 -6.20002 13.4761 -5.66177 0 0
0 0 944 -16.5882 2.46405 -3.86827 -6.58078 0 0
0 0 945 -8.52573 3.03826 -1.99805 -9.15727 0 0
0 0 946 14.8883 -2.07502 3.5998 -3.12772 0 0
0 0 947 -0.385108 10.9406 -10.8197 4.42841 0 0
0 0 948 6.70669 -9.36603 4.14634 4.73985 0 0
0 0 949 6.1813 -2.60627 -14.8142 -20.0148 0 0
0 0 950 -3.57651 3.71795 1.12965 4.59903 0 0
0 0 951 20.2262 -7.24885 8.64042 15.5062 0 0
0 0 952 9.02114 -4.30158 -2.58944 1.92595 0 0
0 0 953 9.22817 -5.76642 -16.3556 1.75533 0 0
0 0 954 -2.0648 1.35076 6.94955 -10.9971 0 0
0 0 955 10.4059 -1.19806 8.85606 -8.1859 0 0
0 0 956 3.03872 -4.00666 -15.4355 -2.87044 0 0
0 0 957 3.38052 3.53045 -17.5662 -8.44679 0 0
0 0 958 12.0758 -4.93439 -2.42505 -3.22432 0 0
0 0 959 -14.182 12.1789 12.4449 17.2043 0 0
0 0 960 -2.79917 1.18279 15.2054 9.19499 0 0
0 0 961 -2.57456 6.57147 -7.94605 -0.00686596 0 0
0 0 962 13.0622 -2.89338 14.851 2.39539 0 0
0 0 963 9.35317 2.36248 5.51699 13.7955 0 0
0 0 964 -3.27183 -4.94221 -4.28887 -0.667694 0 0
0 0 965 -8.76597 0.63006 7.6306 2.16698 0 0
0 0 966 -16.2367 -12.6727 -1.1697 -8.75374 0 0
0 0 967 -9.47886 4.36639 12.8377 -9.32158 0 0
0 0 968 -18.1429 1.01483 7.04348 6.87941 0 0
0 0 969 -1.91636 2.94061 -4.61979 4.08084 0 0
0 0 970 -4.67612 -19.0653 -9.83335 3.4823 0 0
0 0 971 -25.0199 -11.1668 -3.37084 0.197159 0 0
0 0 972 3.8688 10.7922 -0.744831 4.41126 0 0
0 0 973 -9.01597 -10.659 -19.5026 -8.10916 0 0
0 0 974 16.7536 21.3566 7.75442 7.08975 0 0
0 0 975 8.61489 8.99139 -10.1258 5.56949 0 0
0 0 976 8.56802 8.22186 -11.125 -0.623458 0 0
0 0 977 -4.87144 2.35272 -3.25341 6.84329 0 0
0 0 978 5.92935 1.49334 -4.8525 0.455338 0 0
0 0 979 -8.15855 -0.0554867 9.56273 2.3024 0 0
0 0 980 2.70669 -8.61213 14.2084 -0.557556 0 0
0 0 981 -1.78355 2.45623 20.0112 -4.15868 0 0
0 0 982 -11.1742 11.0265 -1.35756 18.2091 0 0
0 0 983 0.437158 10.0558 -7.37174 -6.03281 0 0
0 0 984 -3.21128 -0.772283 7.67543 -15.6057 0 0
0 0 985 -8.57065 -1.19025 0.314098 5.0838 0 0
0 0 986 -9.98667 -4.69611 -16.2019 -3.12682 0 0
0 0 987 -2.29722 8.35272 -8.12325 6.02268 0 0
0 0 988 15.0465 -6.64728 -5.40758 6.11025 0 0
0 0 989 2.45669 8.4035 6.81504 13.6176 0 0
0 0 990 19.9704 15.9289 1.59935 -3.91403 0 0
0 0 991 18.609 -0.748845 -2.86911 -0.821167 0 0
0 0 992 0.948876 4.73553 -0.802479 -0.696579 0 0
0 0 993 27.7067 -0.88947 0.555355 -5.51913 0 0
0 0 994 -4.95737 9.88787 2.09466 -6.01837 0 0
0 0 995 3.20278 17.3605 -23.3754 -7.51965 0 0
0 0 996 -1.33628 -11.3817 -5.07026 -10.2108 0 0
0 0 997 4.01138 -0.842596 -0.964741 3.38571 0 0
0 0 998 7.1188 -2.07502 2.50669 6.53635 0 0
0 0 999 8.1227 -10.1649 -9.80773 -3.25862 0 0
0 0 1000 5.06216 10.3879 11.9923 -4.48819 0 0
0 0 1001 7.50356 17.7902 -16.2297 12.2102 0 0
0 0 1002 -9.58628 3.49334 -3.29184 6.21497 0 0
0 0 1003 -4.60776 -3.23908 8.12164 -3.27667 0 0
0 0 1004 -2.30894 -1.0301 -17.2267 12.5244 0 0
0 0 1005 -11.5062 18.6789 0.792324 7.03468 0 0
0 0 1006 7.85708 3.21795 -0.832371 -10.589 0 0
0 0 1007 -23.8656 3.82733 -3.09116 -5.09483 0 0
0 0 1008 -5.91245 -0.907049 -14.5858 4.88881 0 0
0 0 1009 1.91567 -9.10236 15.4104 -6.94099 0 0
0 0 1010 -2.10776 14.6359 16.0701 -8.36464 0 0
0 0 1011 -0.152686 -11.3074 -6.71418 -6.62051 0 0
0 0 1012 14.8239 7.93084 -12.5575 -13.3614 0 0
0 0 1013 -9.04331 8.11053 -0.958332 -17.7055 0 0
0 0 1014 -8.223 0.903498 2.02847 3.56537 0 0
0 0 1015 13.0543 8.42694 -3.60994 2.41344 0 0
0 0 1016 1.80825 -0.104315 -7.70052 4.01222 0 0
0 0 1017 -3.02573 6.31561 -9.53872 8.89076 0 0
0 0 1018 11.8336 -21.3641 -30.3866 8.97472 -62.5551 7.22598
0 0 1019 0.866845 -13.5028 -2.40796 -4.02959 0 0
0 0 1020 -0.599952 3.78826 -4.79485 9.83685 0 0
0 0 1021 -7.77183 -5.23517 13.8881 10.3045 0 0
0 0 1022 -6.92222 -6.80353 5.02595 -7.63431 0 0
0 0 1023 4.14028 6.13397 -4.69451 2.08032 0 0
