# File: uwl_230823_082444_Combined.rf.sbA2.RMC_aux Src: J1713+0747 Nsub: 1 Nch: 1 Npol: 4 Nbin: 1024 RMS: 8.70328
0 0 0 29.7167 -8.80159 3.75317 1.51173 0 0
0 0 1 6.40422 -11.0633 2.75354 2.55409 0 0
0 0 2 9.4511 2.31559 -12.2367 1.6619 0 0
0 0 3 8.51555 -0.151202 3.02136 -14.4734 0 0
0 0 4 13.7577 0.54411 11.347 -15.8239 0 0
0 0 5 11.203 9.16911 7.68652 -4.39712 0 0
0 0 6 13.3964 -6.59456 -3.69129 -4.46538 0 0
0 0 7 19.4023 -2.29964 -0.918092 3.98255 0 0
0 0 8 22.1757 -2.9598 11.3693 -9.62444 0 0
0 0 9 8.67961 2.19255 6.32886 4.22532 0 0
0 0 10 -1.62117 -20.4481 -8.49841 -4.88564 0 0
0 0 11 10.1327 -1.86605 -14.8235 -0.362327 0 0
0 0 12 28.203 -8.61214 2.86828 8.8715 0 0
0 0 13 22.0234 3.09489 5.328 7.02863 0 0
0 0 14 12.4472 22.6086 -0.423219 -11.165 0 0
0 0 15 -2.89656 -4.94222 -6.26087 0.613716 0 0
0 0 16 13.4726 0.598798 -11.8442 -20.8523 0 0
0 0 17 -0.0313263 -8.87776 8.06409 -5.24737 0 0
0 0 18 0.218674 5.73552 6.14624 11.9186 0 0
0 0 19 9.12102 -6.44808 20.1725 12.0921 0 0
0 0 20 1.72453 8.4445 12.1653 -5.40728 0 0
0 0 21 16.1405 -1.16683 6.21655 15.4463 0 0
0 0 22 22.0566 -25.5125 -7.92078 -1.78982 0 0
0 0 23 6.54094 -10.4149 -9.10437 2.34345 0 0
0 0 24 2.66203 -8.66487 7.36926 -9.96084 0 0
0 0 25 16.2753 3.03044 2.44995 -6.9352 0 0
0 0 26 25.6991 -9.11605 -10.6558 0.940346 0 0
0 0 27 -11.9571 -2.6473 -5.35986 1.41911 0 0
0 0 28 9.56047 -3.05941 4.6134 -4.47805 0 0
0 0 29 -10.5567 -4.22347 7.18664 1.1656 0 0
0 0 30 3.57414 -4.57698 -13.3153 6.05161 0 0
0 0 31 3.12688 -3.21175 8.29492 -8.5353 0 0
0 0 32 -3.55086 -5.49105 2.78808 -13.3131 0 0
0 0 33 12.1738 16.8976 -10.0189 5.44709 0 0
0 0 34 20.9159 -17.3094 -20.6191 4.73335 0 0
0 0 35 10.9179 1.02067 0.350584 -18.4965 0 0
0 0 36 -2.25008 -13.4246 0.612181 3.88114 0 0
0 0 37 0.337815 2.21013 -3.12232 -13.5968 0 0
0 0 38 2.92961 -6.22151 2.78808 2.23035 0 0
0 0 39 -2.75398 -3.69417 7.36316 6.55183 0 0
0 0 40 -5.91805 -6.67464 -7.25928 -2.36413 0 0
0 0 41 -10.5528 -9.01644 -10.7717 12.7191 0 0
0 0 42 -9.09578 -9.75081 21.5486 -8.26519 0 0
0 0 43 5.83196 10.3566 8.82934 -8.59283 0 0
0 0 44 6.46477 4.55192 8.36279 -0.072746 0 0
0 0 45 -1.17 -7.63753 -8.00098 1.55659 0 0
0 0 46 8.9843 11.5246 19.2629 -19.2356 0 0
0 0 47 8.14055 -2.93636 9.49573 -3.99541 0 0
0 0 48 12.9784 -18.6493 5.25024 -3.35674 0 0
0 0 49 -8.85164 -15.4754 2.68445 -11.1952 0 0
0 0 50 4.27336 -9.10823 10.7397 -8.42413 0 0
0 0 51 1.55852 13.7199 5.47119 2.59794 0 0
0 0 52 1.08586 -6.69808 4.20862 0.0442584 0 0
0 0 53 1.32414 0.372235 6.05493 -9.16811 0 0
0 0 54 15.2265 -19.3348 2.88305 2.11628 0 0
0 0 55 11.3437 -15.3075 4.10242 9.9665 0 0
0 0 56 16.7206 11.5578 -3.24207 -13.9332 0 0
0 0 57 13.0683 10.4093 -5.44873 -15.0097 0 0
0 0 58 11.1718 -30.7762 9.09216 -3.69216 81.7707 7.92932
0 0 59 9.05266 -3.55159 16.0912 -5.16549 0 0
0 0 60 1.93938 -8.18831 -9.80908 7.55808 0 0
0 0 61 8.23235 -5.65316 14.3263 0.128121 0 0
0 0 62 13.9941 -8.78597 0.00878748 -9.24319 0 0
0 0 63 16.9355 2.1281 2.51526 2.53944 0 0
0 0 64 13.9277 -3.02816 14.7817 -3.78576 0 0
0 0 65 -8.25984 -6.06331 -4.03931 -0.280418 0 0
0 0 66 -4.65047 -16.8602 0.90222 -7.91613 0 0
0 0 67 5.41594 -11.6493 7.47912 -11.0724 0 0
0 0 68 -12.8985 3.17302 20.2552 -12.689 0 0
0 0 69 -8.89851 4.31364 5.4353 -17.1148 0 0
0 0 70 -5.64265 -7.22347 12.8403 4.54319 0 0
0 0 71 1.01164 5.7902 10.356 1.80231 0 0
0 0 72 4.08781 -3.84847 8.71325 2.86903 0 0
0 0 73 6.205 3.68278 0.414793 3.44236 0 0
0 0 74 9.02922 -9.14144 5.04785 -2.41192 0 0
0 0 75 1.74406 -4.52816 -0.458986 -18.3034 0 0
0 0 76 -2.81258 -4.7762 1.57739 -8.96139 0 0
0 0 77 -2.6114 -1.71175 1.08984 2.48093 0 0
0 0 78 11.9023 -1.10433 -4.21826 -12.1069 0 0
0 0 79 22.0429 -8.05745 14.6398 -10.2485 0 0
0 0 80 7.16789 3.96989 0.785033 -5.08553 0 0
0 0 81 9.97258 -0.588702 1.3219 -21.0921 0 0
0 0 82 -4.95125 2.1945 10.135 8.5351 0 0
0 0 83 24.4003 4.12028 7.84204 8.89295 0 0
0 0 84 -11.1095 -12.0301 -6.03504 -4.32986 0 0
0 0 85 -13.629 8.79411 -1.82776 -5.09429 0 0
0 0 86 -0.318435 -17.45 -4.15784 10.845 0 0
0 0 87 12.5214 -0.60628 -1.30933 -6.41357 0 0
0 0 88 2.81438 1.25309 16.0997 -4.4605 0 0
0 0 89 -3.94734 -6.03206 -6.27686 -3.45229 0 0
0 0 90 1.16008 -10.0965 -4.21216 -5.48434 0 0
0 0 91 3.37492 -5.98323 9.5155 7.20219 0 0
0 0 92 -8.8575 -9.62581 7.4779 3.80994 0 0
0 0 93 -4.49422 -0.434406 4.98608 -2.35244 0 0
0 0 94 4.05461 -10.995 7.12121 4.17561 0 0
0 0 95 5.9218 -6.76448 0.427122 -1.00295 0 0
0 0 96 1.13664 -11.6239 3.22375 -5.33123 0 0
0 0 97 0.29094 -0.520343 -8.17627 -9.94814 0 0
0 0 98 6.49211 2.85661 5.22558 -10.265 0 0
0 0 99 -4.50203 11.0656 -4.54529 -9.76873 0 0
0 0 100 5.42961 7.46208 21.5956 7.72776 0 0
0 0 101 1.84758 6.29411 6.60779 5.6099 0 0
0 0 102 4.03508 -4.26448 -2.06958 0.417733 0 0
0 0 103 2.43352 -1.75667 8.04187 -9.98421 0 0
0 0 104 -1.67976 8.9738 9.90552 -0.130272 0 0
0 0 105 6.99992 -11.7801 -4.88721 -3.36843 0 0
0 0 106 9.70891 -6.00081 1.12683 -16.8545 0 0
0 0 107 15.537 -18.5555 0.72827 -5.34295 0 0
0 0 108 17.9589 11.1281 0.340697 -0.71334 0 0
0 0 109 1.22453 -3.60628 10.3091 -4.33959 0 0
0 0 110 -16.2286 -3.47347 -9.0105 5.67915 0 0
0 0 111 -8.06062 8.55388 -4.59961 4.94981 0 0
0 0 112 -0.00788879 11.6144 14.5608 16.7519 0 0
0 0 113 -2.05867 -2.73714 1.63171 -3.02911 0 0
0 0 114 -3.83601 -5.49886 -2.23621 4.33161 0 0
0 0 115 6.11516 1.257 -1.3822 1.619 0 0
0 0 116 -20.2852 8.63005 8.52441 2.82514 0 0
0 0 117 12.1073 -2.79378 -10.1163 -5.52721 0 0
0 0 118 22.2265 -15.5262 -16.5599 14.6975 0 0
0 0 119 7.50578 -9.04378 11.1594 9.13184 0 0
0 0 120 -1.5782 6.93474 -17.2153 -5.23763 0 0
0 0 121 -4.8907 10.0129 2.78808 1.00959 0 0
0 0 122 -8.70125 4.09294 -1.33655 3.6793 0 0
0 0 123 7.86711 -15.6629 13.7228 -8.95162 0 0
0 0 124 -14.2169 5.93278 -1.09461 9.83192 0 0
0 0 125 -8.22078 5.55388 -3.87024 -12.6559 0 0
0 0 126 2.24406 -5.78597 1.375 1.98951 0 0
0 0 127 1.53117 11.4347 22.3311 1.2114 0 0
0 0 128 0.158127 -10.6141 10.525 -10.345 0 0
0 0 129 9.78117 -8.0262 -3.68518 -1.3569 0 0
0 0 130 -0.925857 -1.35042 5.78467 -8.2886 0 0
0 0 131 -5.17781 -15.0711 -0.825563 3.92597 0 0
0 0 132 -0.814529 5.26481 3.00281 12.4022 0 0
0 0 133 4.90617 0.614423 14.678 11.4281 0 0
0 0 134 -2.93953 2.73356 -5.47339 5.24036 0 0
0 0 135 -11.9239 -4.29378 7.61865 -0.851799 0 0
0 0 136 -7.6075 5.31559 -11.179 -2.06087 0 0
0 0 137 8.33 13.0968 4.12585 9.51209 0 0
0 0 138 2.01164 -0.471515 20.4687 19.3436 0 0
0 0 139 -4.02351 -2.47542 2.09814 -3.2134 0 0
0 0 140 -4.5118 7.94645 4.06299 2.46534 0 0
0 0 141 13.3886 1.78434 10.994 -3.89107 0 0
0 0 142 -0.900466 15.8078 -5.96716 -7.5183 0 0
0 0 143 14.9198 -2.90316 9.51184 2.38148 0 0
0 0 144 8.91985 -8.3055 -4.40222 -3.01449 0 0
0 0 145 -14.2755 1.00309 2.18579 1.89005 0 0
0 0 146 11.8495 7.55778 5.27734 -10.2251 0 0
0 0 147 22.121 -7.69417 -4.35034 -5.8763 0 0
0 0 148 9.40227 7.33708 5.57727 10.1956 0 0
0 0 149 -0.693435 -6.64925 -10.1337 -7.26577 0 0
0 0 150 -1.09383 2.31364 -9.51404 4.25947 0 0
0 0 151 -1.46492 -17.452 -12.7587 -10.8569 0 0
0 0 152 16.5761 10.3703 9.80432 -0.69091 0 0
0 0 153 11.9863 -4.29378 -13.8558 -19.6783 0 0
0 0 154 1.26945 -6.91292 -6.9137 -5.97088 0 0
0 0 155 -3.32429 18.8527 -10.6594 -10.0886 0 0
0 0 156 4.74602 13.1535 -9.90161 1.58292 0 0
0 0 157 -8.44734 10.3898 8.57507 -6.46719 0 0
0 0 158 -7.1739 -0.563312 4.16662 0.2071 0 0
0 0 159 14.8261 12.4523 1.80688 13.1627 0 0
0 0 160 -10.1134 5.1652 12.5071 7.84672 0 0
0 0 161 1.94719 -2.95784 -0.303468 -12.9279 0 0
0 0 162 0.548752 -9.59847 -0.496095 1.96415 0 0
0 0 163 -13.3341 -14.4032 14.5645 -1.62698 0 0
0 0 164 -8.76375 -7.01253 11.2249 8.60725 0 0
0 0 165 -1.06648 -19.0106 -9.93616 6.25053 0 0
0 0 166 -13.2403 -10.7313 0.293822 2.63792 0 0
0 0 167 -8.34578 -3.37581 12.1196 1.80814 0 0
0 0 168 10.5878 8.15934 -8.69702 -11.5277 0 0
0 0 169 -1.16609 -1.618 -3.01868 6.60154 0 0
0 0 170 4.12688 12.0812 -2.24243 6.18421 0 0
0 0 171 -1.80476 -5.03792 -10.0868 0.539589 0 0
0 0 172 2.1386 -1.39144 0.308592 -6.7987 0 0
0 0 173 -12.1876 0.801923 -9.02539 3.76801 0 0
0 0 174 7.11906 5.90934 -1.6919 1.85789 0 0
0 0 175 -6.66219 -0.989093 -3.44202 0.941323 0 0
0 0 176 7.21477 16.2043 -10.2448 -3.46206 0 0
0 0 177 -2.67586 5.52458 -1.41431 7.08909 0 0
0 0 178 -10.8282 7.19645 -0.477541 2.92851 0 0
0 0 179 8.16203 -14.5516 -6.95069 2.14259 0 0
0 0 180 4.64836 -2.47151 -6.05591 1.54295 0 0
0 0 181 -3.08406 8.54997 12.4923 -11.2391 0 0
0 0 182 -10.3028 1.07341 -24.9769 -2.96575 0 0
0 0 183 4.75383 0.337079 1.69092 -6.91766 0 0
0 0 184 2.70891 -14.2664 19.0876 8.76716 0 0
0 0 185 13.1757 6.13395 -8.46753 -9.00723 0 0
0 0 186 -11.5059 1.10466 5.8772 1.08076 0 0
0 0 187 16.0331 -9.69613 -9.54248 16.6964 0 0
0 0 188 16.7929 -13.7801 -4.74646 0.124214 0 0
0 0 189 1.92375 16.9015 11.2792 8.87345 0 0
0 0 190 -0.816482 -8.32308 -0.920656 9.37656 0 0
0 0 191 -7.36531 -1.05159 5.94751 6.19788 0 0
0 0 192 -20.1759 -16.2606 13.2526 -3.86376 0 0
0 0 193 -5.88094 -19.6102 7.21753 -5.22204 0 0
0 0 194 6.78117 5.6027 10.2227 7.00425 0 0
0 0 195 2.12883 -6.41683 -9.12158 -5.84121 0 0
0 0 196 0.705002 5.54997 2.69055 12.7337 0 0
0 0 197 -4.61336 -2.00276 -4.29846 -12.0718 0 0
0 0 198 -5.10359 0.936688 -10.9939 -10.462 0 0
0 0 199 -0.332107 -1.73714 1.21326 -5.10699 0 0
0 0 200 -9.74617 6.82927 9.77221 -17.5868 0 0
0 0 201 0.642502 -4.81722 -1.28467 -9.63223 0 0
0 0 202 0.302658 -9.28597 -4.50464 7.51225 0 0
0 0 203 -7.87117 8.8488 -8.19226 4.88154 0 0
0 0 204 -12.6856 -10.6727 6.97681 3.62955 0 0
0 0 205 23.6698 3.24528 -9.89295 -11.9246 0 0
0 0 206 5.3632 6.7902 -15.2703 -19.0971 0 0
0 0 207 1.82219 19.5812 3.06457 6.65519 0 0
0 0 208 -4.69344 19.5578 -8.69092 -1.98482 0 0
0 0 209 9.30657 10.2414 -16.6167 -0.830345 0 0
0 0 210 -3.83601 6.63395 -0.259035 5.15067 0 0
0 0 211 -4.27156 -0.88753 -10.2842 -1.40563 0 0
0 0 212 8.81633 -4.78792 12.443 -12.2971 0 0
0 0 213 1.61906 1.882 1.34411 0.446968 0 0
0 0 214 6.96086 4.68864 2.81897 -12.6081 0 0
0 0 215 -4.8907 -15.4403 -10.5964 -4.08511 0 0
0 0 216 6.65813 11.7297 2.92749 12.8585 0 0
0 0 217 11.7773 -1.45198 -7.37036 8.48145 0 0
0 0 218 1.56438 5.10856 0.715941 -16.7102 0 0
0 0 219 2.73235 -5.6805 3.73462 -14.3447 0 0
0 0 220 -6.74031 -13.0867 -4.11585 4.47398 0 0
0 0 221 4.9882 -5.51058 -13.1685 -1.03316 0 0
0 0 222 -1.85555 6.60661 19.2432 -1.58797 0 0
0 0 223 4.40422 -0.801593 -4.35901 2.77055 0 0
0 0 224 4.17961 4.20036 -2.23132 3.66856 0 0
0 0 225 1.27922 4.44841 -15.0073 -7.16436 0 0
0 0 226 -10.3751 -0.48714 0.840575 -9.34069 0 0
0 0 227 -0.173904 -3.69222 12.2701 -16.8126 0 0
0 0 228 10.0253 4.01091 -3.65308 5.84199 0 0
0 0 229 8.30071 9.7902 19.5801 -0.914207 0 0
0 0 230 -5.09773 0.317548 5.93518 -3.8316 0 0
0 0 231 -13.8204 -5.87776 7.93823 3.61689 0 0
0 0 232 5.49602 4.5988 -3.62842 5.07655 0 0
0 0 233 5.03117 -19.0301 -0.266481 -4.51318 0 0
0 0 234 -6.62117 -12.6512 6.49548 13.9818 0 0
0 0 235 12.4491 -6.06527 0.86035 3.09913 0 0
0 0 236 3.53117 5.86442 -7.29138 5.75715 0 0
0 0 237 -2.8575 1.09684 -9.28089 -6.28777 0 0
0 0 238 7.37102 7.89958 -0.830446 -1.9819 0 0
0 0 239 -0.572342 -2.58284 -8.45398 -7.51733 0 0
0 0 240 -2.97859 0.225751 3.09289 -0.0210492 0 0
0 0 241 -16.8262 -13.368 11.0483 -2.20519 0 0
0 0 242 9.08391 -1.9305 -3.89612 -5.08553 0 0
0 0 243 -6.55476 -1.01448 7.67285 -17.3927 0 0
0 0 244 -7.49031 11.0617 -2.48926 12.5445 0 0
0 0 245 -6.69344 -3.63362 -4.78357 13.974 0 0
0 0 246 15.2948 3.04997 10.8879 -4.61651 0 0
0 0 247 -3.82234 -2.53987 12.9316 1.91248 0 0
0 0 248 11.2167 8.41325 -14.3286 3.51255 0 0
0 0 249 -2.68562 -0.242999 -2.18811 7.93836 0 0
0 0 250 -4.74617 -8.07308 -5.07105 8.7028 0 0
0 0 251 0.60344 -6.47347 4.17895 13.8375 0 0
0 0 252 -12.8536 0.210126 0.485106 8.27964 0 0
0 0 253 -15.4864 8.86247 1.92041 -3.20852 0 0
0 0 254 -13.045 -1.77425 3.44092 -12.654 0 0
0 0 255 -9.23054 -11.3114 3.43847 -5.54382 0 0
0 0 256 4.90617 11.4582 -8.0874 -14.2267 0 0
0 0 257 -5.11922 -13.4774 -0.470094 18.9575 0 0
0 0 258 11.582 13.673 3.22375 1.42692 0 0
0 0 259 4.10344 5.08513 -18.8308 -1.71572 0 0
0 0 260 -3.61922 3.27653 4.24194 11.8279 0 0
0 0 261 -2.81062 -1.26253 1.97473 1.45029 0 0
0 0 262 0.230393 -1.11995 5.43164 5.06681 0 0
0 0 263 23.0624 -3.30355 -3.14575 -17.7945 0 0
0 0 264 7.82414 -6.51839 -14.9629 17.2521 0 0
0 0 265 11.0253 6.31559 11.3569 0.375801 0 0
0 0 266 9.02141 1.16716 2.79919 -13.8455 0 0
0 0 267 4.34953 11.5734 -2.75708 -7.27843 0 0
0 0 268 4.70891 -1.37972 9.0885 3.73682 0 0
0 0 269 -4.46687 2.44841 -8.05042 2.32981 0 0
0 0 270 3.53313 -2.21956 19.7998 3.45405 0 0
0 0 271 7.38469 16.6906 13.7931 -7.75231 0 0
0 0 272 -0.113357 0.0284852 6.05371 -10.9846 0 0
0 0 273 2.28703 -9.34066 -4.41455 -4.10168 0 0
0 0 274 6.49016 2.02263 8.76636 -6.78115 0 0
0 0 275 -7.11726 -5.32308 2.56836 -11.0402 0 0
0 0 276 12.0585 -5.10042 -7.86646 -17.5741 0 0
0 0 277 16.248 1.39763 4.75415 -14.7903 0 0
0 0 278 13.6991 12.6886 -8.93408 4.26237 0 0
0 0 279 -11.9376 19.4504 11.426 -15.7966 0 0
0 0 280 12.4589 -0.51253 9.23413 2.92362 0 0
0 0 281 14.4452 0.782392 9.30945 18.6835 0 0
0 0 282 -6.55867 -14.6825 9.26379 2.70033 0 0
0 0 283 -1.68172 6.23747 2.78686 -6.27315 0 0
0 0 284 -0.875075 -17.2176 1.10596 -2.33392 0 0
0 0 285 -2.50203 -0.801593 -0.925539 4.6963 0 0
0 0 286 -6.11531 -12.1336 -1.13416 1.75648 0 0
0 0 287 -0.957108 -14.2996 -14.1644 -2.18374 0 0
0 0 288 12.6425 -23.036 0.137083 -17.4434 0 0
0 0 289 -9.66609 8.06169 -1.50562 -9.81945 0 0
0 0 290 3.52922 9.33122 3.39892 5.89561 0 0
0 0 291 10.4413 -1.10823 -2.66944 -13.6846 0 0
0 0 292 10.2675 8.35466 1.81555 -17.4493 0 0
0 0 293 9.97649 6.88786 4.06177 2.98701 0 0
0 0 294 27.9179 3.27067 -18.2186 -11.4605 0 0
0 0 295 1.28703 -12.2586 -6.48303 -8.79269 0 0
0 0 296 10.0722 9.97966 -6.11402 -7.37398 0 0
0 0 297 -20.172 10.7394 -2.47193 -16.2763 0 0
0 0 298 4.82024 6.50505 7.37793 11.6182 0 0
0 0 299 7.95696 -10.1434 0.0568832 -16.8233 0 0
0 0 300 16.1015 -8.59261 -8.92664 -0.861564 0 0
0 0 301 18.58 -8.93831 -15.585 -3.81698 0 0
0 0 302 -5.00008 -6.22542 8.92554 5.41004 0 0
0 0 303 -2.53133 7.5988 7.70251 -5.45019 0 0
0 0 304 -2.58406 -3.60237 9.43286 1.39961 0 0
0 0 305 2.94328 4.29216 3.13122 -3.87841 0 0
0 0 306 -5.19539 -0.83089 -4.57739 -17.9407 0 0
0 0 307 13.246 -19.6395 -0.700929 2.25571 0 0
0 0 308 -8.73054 -8.88948 -1.02051 1.47956 0 0
0 0 309 16.9648 5.53239 18.8791 -2.09988 0 0
0 0 310 -4.75398 0.665204 4.25915 -6.40478 0 0
0 0 311 5.66008 8.00895 2.11047 13.0711 0 0
0 0 312 -5.56453 7.95622 3.33606 4.63584 0 0
0 0 313 -0.664139 -3.62386 6.05981 2.88853 0 0
0 0 314 4.61906 0.350751 4.61706 12.4178 0 0
0 0 315 5.12297 0.436688 -4.46631 -7.18484 0 0
0 0 316 1.85149 -1.1512 5.12439 6.83558 0 0
0 0 317 -4.14851 -3.92464 4.2666 10.8275 0 0
0 0 318 -8.00203 4.99528 15.5901 -14.8878 0 0
0 0 319 -4.71883 5.82927 0.138304 3.55058 0 0
0 0 320 7.2968 6.65739 8.849 0.443062 0 0
0 0 321 -10.0782 -7.5262 9.67346 -12.807 0 0
0 0 322 8.77727 9.67302 -9.76099 2.95969 0 0
0 0 323 16.1113 -0.145343 17.9547 -13.3979 0 0
0 0 324 -0.951248 -5.08675 12.7292 -1.7401 0 0
0 0 325 0.871018 -15.577 4.45788 14.5522 0 0
0 0 326 1.91789 1.59099 6.7572 -17.226 0 0
0 0 327 7.35539 -5.61995 0.707274 2.04218 0 0
0 0 328 -1.34578 -4.89925 -16.3735 -7.20336 0 0
0 0 329 14.7636 0.807782 5.90686 -6.73922 0 0
0 0 330 8.49211 10.4386 -3.88013 -5.69103 0 0
0 0 331 4.55266 4.007 21.8707 -0.464714 0 0
0 0 332 14.9589 -3.10628 -11.2518 4.42228 0 0
0 0 333 6.11321 -12.2176 -6.11402 -2.20812 0 0
0 0 334 35.8476 -11.4832 -0.148073 -6.52471 0 0
0 0 335 9.74992 6.01286 7.37671 -5.91921 0 0
0 0 336 13.6894 6.36247 3.60876 5.93656 0 0
0 0 337 10.5019 7.007 4.32214 -9.92184 0 0
0 0 338 11.5273 -14.3348 10.4856 8.30888 0 0
0 0 339 -10.4884 -3.09651 -10.9 -2.29101 0 0
0 0 340 12.2929 -1.24105 10.9385 17.7016 0 0
0 0 341 15.7714 3.04606 21.4635 1.34794 0 0
0 0 342 -9.44929 -14.3075 -10.8038 8.65113 0 0
0 0 343 16.9491 -15.6668 -1.32044 -0.428642 0 0
0 0 344 -6.47078 5.42497 9.18347 2.92558 0 0
0 0 345 2.91789 1.17302 -4.55396 -3.81795 0 0
0 0 346 -9.44734 1.76091 -17.0376 -11.9617 0 0
0 0 347 0.917893 5.03239 6.84973 -2.31731 0 0
0 0 348 10.3241 -6.65511 -3.17298 1.89005 0 0
0 0 349 -1.24031 17.0539 -12.228 -5.95821 0 0
0 0 350 2.48235 -0.82503 -4.1023 -16.6127 0 0
0 0 351 -3.32429 -4.36605 -20.6808 -21.6303 0 0
0 0 352 -15.1466 -21.4071 2.36597 -9.33678 0 0
0 0 353 -1.75984 -0.602374 4.49365 7.83207 0 0
0 0 354 7.69328 20.8156 -12.1157 -5.83535 0 0
0 0 355 4.84953 6.58513 17.3376 22.7388 0 0
0 0 356 14.1269 4.03044 7.60254 -5.34682 0 0
0 0 357 -0.689529 -7.38753 2.92749 -15.2378 0 0
0 0 358 15.8241 -5.88948 2.39441 6.34608 0 0
0 0 359 2.46477 -7.36995 -9.76343 9.31709 0 0
0 0 360 5.00188 -11.0399 -3.77027 2.88364 0 0
0 0 361 -17.6446 0.395673 -6.81751 -6.35018 0 0
0 0 362 -21.0821 16.673 9.1737 6.25736 0 0
0 0 363 -3.30086 8.34489 2.56958 -2.27929 0 0
0 0 364 11.3085 -1.41292 4.28259 -3.83941 0 0
0 0 365 21.0995 7.45622 -8.50208 -7.97268 0 0
0 0 366 7.41008 -6.09651 8.21594 4.46616 0 0
0 0 367 -6.44344 16.0578 2.71899 -14.2326 0 0
0 0 368 4.9257 -3.47151 -11.0247 1.09342 0 0
0 0 369 7.3261 5.94841 10.6151 -7.8001 0 0
0 0 370 4.47649 3.9738 13.1674 -1.59774 0 0
0 0 371 5.3261 4.67106 -1.57349 3.10596 0 0
0 0 372 6.46281 -10.5516 -3.53577 8.40833 0 0
0 0 373 4.19133 -17.0457 -3.59131 3.339 0 0
0 0 374 -7.18562 1.67888 7.30017 15.8988 0 0
0 0 375 0.869065 -1.05159 -11.9812 9.71491 0 0
0 0 376 -1.10555 -13.4559 9.09338 -1.2701 0 0
0 0 377 -2.89656 14.6281 -13.4536 -3.67364 0 0
0 0 378 5.26164 0.118329 12.3467 -6.81429 0 0
0 0 379 2.81438 12.3859 0.894896 11.6748 0 0
0 0 380 -13.0567 -3.67659 -6.20288 -15.8112 0 0
0 0 381 1.57805 1.7863 -16.5945 0.444039 0 0
0 0 382 -11.7032 -16.2957 8.70593 3.55741 0 0
0 0 383 -4.84773 -3.36995 11.6086 4.46519 0 0
0 0 384 6.43938 -9.90316 -16.4723 -7.16921 0 0
0 0 385 0.513596 -3.04378 -3.18775 7.49665 0 0
0 0 386 -7.36336 1.30192 1.57739 15.9514 0 0
0 0 387 0.177658 -9.26644 4.40234 1.12562 0 0
0 0 388 0.163986 2.43474 -2.63245 -0.0190961 0 0
0 0 389 8.85539 -1.86605 -7.453 -3.52154 0 0
0 0 390 5.12297 1.73356 1.33667 -8.56454 0 0
0 0 391 10.7206 9.92497 9.49328 4.56074 0 0
0 0 392 -7.00594 -7.82503 -0.929201 -9.09887 0 0
0 0 393 2.03899 10.0285 -1.45496 3.08744 0 0
0 0 394 5.8007 -2.2137 -10.4817 -2.00823 0 0
0 0 395 -5.64656 5.97184 -10.9877 -2.82925 0 0
0 0 396 1.19133 -11.9871 2.51404 -4.30059 0 0
0 0 397 10.4277 -4.4305 8.8219 -7.82348 0 0
0 0 398 9.03703 8.72184 5.25635 7.91203 0 0
0 0 399 -0.67781 5.29997 -2.3584 -2.1769 0 0
0 0 400 -10.2852 -3.61214 -1.69568 -9.83602 0 0
0 0 401 7.46281 -9.09456 5.40942 5.72108 0 0
0 0 402 -2.24812 3.22184 -4.53674 -11.9636 0 0
0 0 403 5.12688 7.67888 -0.910768 -4.06072 0 0
0 0 404 -4.75594 -15.6141 -15.5615 0.738503 0 0
0 0 405 -2.83601 2.99724 5.27856 4.18827 0 0
0 0 406 -3.67781 -0.0086242 7.78027 17.219 0 0
0 0 407 -4.26375 -13.1375 0.798582 -13.0011 0 0
0 0 408 -2.28133 -13.8309 17.9016 -2.06966 0 0
0 0 409 11.0605 -7.83675 6.45483 1.72721 0 0
0 0 410 7.66985 0.702313 4.75159 -4.88564 0 0
0 0 411 25.7831 -6.49691 -5.10193 8.11875 0 0
0 0 412 -5.29695 -0.00667119 3.48913 4.09174 0 0
0 0 413 -11.4395 10.2648 -6.88037 3.42091 0 0
0 0 414 5.97844 -6.01644 -1.20203 -2.7405 0 0
0 0 415 12.1073 4.42106 16.7255 -7.86248 0 0
0 0 416 -1.34773 11.2629 7.36059 -5.81878 0 0
0 0 417 -0.972732 -0.709796 7.76794 -11.4127 0 0
0 0 418 -4.79109 23.4914 2.34253 7.48399 0 0
0 0 419 15.5058 -9.35628 1.85998 -8.41341 0 0
0 0 420 0.306564 9.99138 -6.90259 15.2708 0 0
0 0 421 19.6132 -16.1512 -1.83386 -3.13735 0 0
0 0 422 17.8847 -10.5243 -2.03504 -8.09847 0 0
0 0 423 -4.93562 -10.3875 -9.12781 10.0045 0 0
0 0 424 -0.0528104 4.27653 -8.54651 1.46006 0 0
0 0 425 4.47063 -5.28987 7.14844 10.1254 0 0
0 0 426 1.6093 -14.0067 -5.74866 16.1211 0 0
0 0 427 3.25774 8.81364 9.85986 4.19999 0 0
0 0 428 1.19328 21.2726 -0.678713 -0.738701 0 0
0 0 429 14.3339 3.43669 11.6161 12.8341 0 0
0 0 430 9.88078 -3.57894 8.86145 0.118386 0 0
0 0 431 16.8808 -5.63362 5.79944 -4.76473 0 0
0 0 432 4.7675 4.59294 12.4713 -7.11559 0 0
0 0 433 14.3769 -12.1922 14.351 5.54069 0 0
0 0 434 -1.94539 3.26286 3.75439 -10.9037 0 0
0 0 435 20.2558 -3.90706 -3.19275 2.06654 0 0
0 0 436 4.1757 6.33708 7.52356 -4.78814 0 0
0 0 437 -7.05281 -13.5047 -4.53418 3.61103 0 0
0 0 438 -10.377 9.82341 -8.93897 9.27906 0 0
0 0 439 4.55852 -10.1785 -25.5595 18.9292 0 0
0 0 440 3.27141 4.90934 3.10034 -10.2319 0 0
0 0 441 14.3866 -10.2684 -2.11902 -13.2029 0 0
0 0 442 3.64055 3.07536 4.32837 5.2277 0 0
0 0 443 7.06633 -18.4364 22.2373 -19.9396 0 0
0 0 444 -3.39461 -14.6629 -7.87512 9.986 0 0
0 0 445 14.3476 2.63005 7.01391 -8.30224 0 0
0 0 446 -7.90828 -11.0047 3.01514 -16.7063 0 0
0 0 447 12.3515 -5.11605 4.41345 6.66883 0 0
0 0 448 6.88469 -10.3485 4.51098 2.83976 0 0
0 0 449 -10.713 -2.43441 12.4541 15.38 0 0
0 0 450 9.49797 -6.32894 -3.75305 -17.8091 0 0
0 0 451 8.50578 3.43278 6.59057 1.32746 0 0
0 0 452 -5.51179 14.2355 -0.401003 0.775551 0 0
0 0 453 8.0761 12.3937 0.956541 -3.09737 0 0
0 0 454 -0.584061 -12.1922 14.0498 -11.2586 0 0
0 0 455 15.8222 7.13591 -10.5891 -16.21 0 0
0 0 456 9.00578 0.882001 -11.4777 -1.7235 0 0
0 0 457 14.6288 -16.0457 9.84375 3.1742 0 0
0 0 458 0.251877 -7.97347 8.88367 10.0289 0 0
0 0 459 8.205 -0.977374 -4.05164 -9.30657 0 0
0 0 460 2.49992 26.7472 -10.6483 -10.3314 0 0
0 0 461 9.24992 12.6847 -16.2452 -1.32958 0 0
0 0 462 13.9452 -12.4051 -3.4729 0.716072 0 0
0 0 463 -11.0333 1.17888 7.61865 2.78516 0 0
0 0 464 14.7695 -13.0028 -2.54102 12.2501 0 0
0 0 465 -7.40242 -1.81917 2.95227 13.8326 0 0
0 0 466 -19.4473 -0.110187 12.5133 0.672219 0 0
0 0 467 3.46867 -8.28401 -3.38526 -13.8026 0 0
0 0 468 5.73039 -9.26448 3.66553 4.5666 0 0
0 0 469 -9.94343 -9.3055 3.61621 -6.04986 0 0
0 0 470 -15.2462 12.966 -10.926 -3.07201 0 0
0 0 471 5.57024 16.5636 0.810911 9.35026 0 0
0 0 472 11.83 5.39372 4.21973 -3.44448 0 0
0 0 473 7.09367 17.841 4.90832 7.92762 0 0
0 0 474 8.03313 9.64372 -6.01648 -5.52041 0 0
0 0 475 23.6191 -3.12972 7.73218 3.84797 0 0
0 0 476 -3.13289 12.6222 -1.5044 -8.89312 0 0
0 0 477 0.218674 3.1652 7.74451 -16.52 0 0
0 0 478 4.91985 -2.46566 21.1129 5.64988 0 0
0 0 479 7.44328 21.6906 4.75415 13.0136 0 0
0 0 480 6.5761 3.26481 -5.50928 -1.35397 0 0
0 0 481 -4.5118 1.0363 -12.3193 -2.48894 0 0
0 0 482 5.21672 5.09684 -0.165285 -6.17174 0 0
0 0 483 -5.7989 -0.430499 8.2406 7.93153 0 0
0 0 484 7.41203 6.60856 -3.10388 -13.3589 0 0
0 0 485 -6.43172 -14.0477 13.46 -12.3877 0 0
0 0 486 -3.68562 3.32341 7.099 -10.7633 0 0
0 0 487 2.25578 5.33513 8.60596 -7.23943 0 0
0 0 488 -10.0958 2.24138 14.1992 -7.94341 0 0
0 0 489 -13.42 3.21013 5.11694 -11.285 0 0
0 0 490 1.28703 -8.30159 1.5625 -1.76739 0 0
0 0 491 6.53899 -9.58089 -15.179 1.36936 0 0
0 0 492 12.8788 -7.29183 1.28357 -2.01992 0 0
0 0 493 0.550705 -6.24495 -14.0558 10.2025 0 0
0 0 494 9.16008 -3.81526 17.9115 -4.84469 0 0
0 0 495 12.7968 6.75114 -0.35779 -18.0246 0 0
0 0 496 -11.2188 -11.9403 2.79297 7.40989 0 0
0 0 497 20.1796 2.80192 -7.45557 -17.4941 0 0
0 0 498 -1.67195 1.36833 -3.96277 11.1502 0 0
0 0 499 4.43352 2.82536 -9.23889 -5.79635 0 0
0 0 500 8.05852 -6.53792 4.94165 -1.43295 0 0
0 0 501 3.60344 -2.58284 5.86487 6.69517 0 0
0 0 502 2.96672 2.62028 6.86328 -2.31539 0 0
0 0 503 5.65227 1.68864 7.44458 14.4683 0 0
0 0 504 -0.511795 7.95427 2.26355 -1.2467 0 0
0 0 505 -2.76961 -6.50667 14.6694 -6.53835 0 0
0 0 506 -12.0509 7.61833 9.95984 4.93519 0 0
0 0 507 -15.8458 -1.84847 -4.75391 1.65214 0 0
0 0 508 1.48235 6.73356 5.27734 5.13798 0 0
0 0 509 -1.82234 8.90544 3.82104 0.788246 0 0
0 0 510 6.44133 1.7238 4.90344 7.71116 0 0
0 0 511 13.8691 -0.754718 10.725 -4.4956 0 0
0 0 512 7.03508 8.02458 12.0863 4.74796 0 0
0 0 513 -5.13484 10.7961 17.4154 6.01261 0 0
0 0 514 -4.37312 12.382 -7.64307 0.900368 0 0
0 0 515 14.6191 2.78044 7.65686 -0.566124 0 0
0 0 516 0.769455 -1.04964 12.0146 4.04105 0 0
0 0 517 -0.281326 3.19645 13.1772 -21.1847 0 0
0 0 518 -12.1895 5.507 9.07117 -0.909324 0 0
0 0 519 -1.66023 -0.0222961 -6.45581 12.9999 0 0
0 0 520 0.624924 1.9113 -2.51026 -12.4667 0 0
0 0 521 25.5507 4.7238 -1.06873 11.3247 0 0
0 0 522 0.28508 13.6457 6.27209 10.0221 0 0
0 0 523 -8.67781 1.94841 -8.74524 -4.30157 0 0
0 0 524 -4.13094 -3.39534 -15.6775 7.09882 0 0
0 0 525 -5.27742 -4.07308 8.35791 -1.46706 0 0
0 0 526 -3.25789 4.03239 0.829466 -0.186821 0 0
0 0 527 -0.77156 -8.55159 3.34094 -1.22527 0 0
0 0 528 -0.250076 4.16911 -14.4199 7.23338 0 0
0 0 529 3.81047 -8.65316 -5.92139 9.97721 0 0
0 0 530 1.53899 -8.86214 3.23852 -13.0362 0 0
0 0 531 -0.179764 6.99333 1.55395 -4.20504 0 0
0 0 532 -7.91804 13.4191 -0.406007 -9.95791 0 0
0 0 533 -6.08797 11.1203 -10.1226 -8.50213 0 0
0 0 534 2.91203 -3.97737 14.5818 -12.5447 0 0
0 0 535 6.26555 7.39958 10.2017 8.57606 0 0
0 0 536 7.63274 -4.67855 -4.00598 3.30586 0 0
0 0 537 4.4218 12.9308 1.92041 -8.11211 0 0
0 0 538 12.9472 22.4797 3.36816 -2.19057 0 0
0 0 539 1.24016 -7.93831 6.89538 13.5352 0 0
0 0 540 -3.13094 -12.575 -9.45362 6.62104 0 0
0 0 541 -5.92 -3.52034 7.02246 -7.09902 0 0
0 0 542 22.0741 3.7238 -7.01489 12.369 0 0
0 0 543 15.0644 0.276532 -13.3153 -6.03622 0 0
0 0 544 -15.0587 -3.36214 -12.9451 0.23832 0 0
0 0 545 -5.6407 14.8683 28.139 -18.4448 31.0743 7.84873
0 0 546 7.93547 5.44841 -3.07666 10.3204 0 0
0 0 547 4.83586 -2.19808 -14.2286 -6.24096 0 0
0 0 548 11.4101 -8.99886 -3.84558 -4.86712 0 0
0 0 549 7.63469 3.26872 9.30823 4.512 0 0
0 0 550 29.1659 -1.96566 -5.57092 11.4262 0 0
0 0 551 -10.6055 4.48552 9.4143 2.27912 0 0
0 0 552 -5.14656 1.48356 10.3473 15.2367 0 0
0 0 553 8.34563 5.37419 -8.12439 -6.86404 0 0
0 0 554 1.22844 -3.37191 -0.102297 6.9282 0 0
0 0 555 -1.48054 5.13395 -6.1781 -0.405235 0 0
0 0 556 6.95695 8.27458 15.4877 0.11155 0 0
0 0 557 11.6835 -5.47542 -2.14612 -4.99972 0 0
0 0 558 -8.00789 6.96599 -5.69068 0.649788 0 0
0 0 559 10.5859 -0.459796 3.01514 -8.59087 0 0
0 0 560 10.1542 8.12419 -1.6969 -18.0333 0 0
0 0 561 -7.62898 2.08708 4.19372 -1.06243 0 0
0 0 562 7.94328 9.47184 -10.0793 -21.1165 0 0
0 0 563 -0.539139 -12.1942 10.3905 10.3789 0 0
0 0 564 -3.1114 -11.0594 8.77624 7.29676 0 0
0 0 565 1.05266 -1.65706 -4.00354 -6.0284 0 0
0 0 566 -5.30476 -23.9871 6.09558 11.2165 0 0
0 0 567 -5.27547 2.35466 27.4022 -7.07854 0 0
0 0 568 9.5175 0.663251 18.7841 -15.2749 0 0
0 0 569 -14.5899 -13.3973 7.60876 -5.46871 0 0
0 0 570 22.9394 -2.0555 2.20312 7.36308 0 0
0 0 571 -17.7872 -4.11409 3.125 -3.95055 0 0
0 0 572 -0.595779 -4.95003 -12.5378 3.25028 0 0
0 0 573 -0.0449982 -13.6571 6.07959 4.76453 0 0
0 0 574 0.538986 7.26286 10.0079 0.155434 0 0
0 0 575 -4.46492 5.09489 -9.1377 -16.1144 0 0
0 0 576 -5.71883 7.0988 -3.93323 14.3777 0 0
0 0 577 1.00188 -0.578937 -1.91528 11.3482 0 0
0 0 578 0.240158 14.0539 21.0266 16.8338 0 0
0 0 579 15.0448 -7.98128 -7.83692 -19.3663 0 0
0 0 580 -13.9864 -12.9461 5.17126 -12.7719 0 0
0 0 581 1.75188 -20.3133 2.13025 -2.06869 0 0
0 0 582 14.6796 -11.577 18.615 1.08662 0 0
0 0 583 2.24602 -10.8739 2.18945 -1.8532 0 0
0 0 584 22.9491 -19.9168 2.38574 -14.058 0 0
0 0 585 6.34953 -3.46566 2.47461 22.9085 0 0
0 0 586 6.86125 -3.63362 4.68127 -2.08819 0 0
0 0 587 -6.16219 -15.9344 4.2456 -4.85247 0 0
0 0 588 -6.17586 -7.58089 0.0185531 -7.4988 0 0
0 0 589 -16.4083 -2.11019 -2.62134 -1.7557 0 0
0 0 590 3.89055 -12.0262 8.96753 1.37132 0 0
0 0 591 7.16985 -3.84456 -3.53333 -1.29351 0 0
0 0 592 10.4355 8.39372 -0.656496 -6.26437 0 0
0 0 593 -7.8575 -5.36019 -10.7717 3.95329 0 0
0 0 594 -1.46492 3.11052 -15.1049 11.0537 0 0
0 0 595 14.2441 -10.6766 13.8647 -6.23318 0 0
0 0 596 -6.26961 10.591 -20.6093 11.978 0 0
0 0 597 15.955 -1.84847 -3.38281 6.00092 0 0
0 0 598 -5.19344 7.93278 -4.76135 -14.1936 0 0
0 0 599 21.2773 -8.24105 -3.73084 -12.575 0 0
0 0 600 7.96477 15.7043 -4.71692 -16.2909 0 0
0 0 601 1.4511 -2.1805 1.92041 10.3594 0 0
0 0 602 19.0663 0.786298 -1.25879 6.85313 0 0
0 0 603 -2.60945 3.46599 -19.7601 -7.71526 0 0
0 0 604 -1.10164 -12.1785 9.41186 -9.04916 0 0
0 0 605 -6.56453 -7.54378 -10.6928 3.54084 0 0
0 0 606 22.2831 9.02263 9.20202 -5.89678 0 0
0 0 607 8.40617 2.46208 6.2832 -7.26577 0 0
0 0 608 6.31828 16.7218 8.46277 -6.41842 0 0
0 0 609 7.5136 -6.68831 0.121092 -9.50643 0 0
0 0 610 0.429611 0.837079 12.0221 -8.33736 0 0
0 0 611 -1.01961 -1.41683 -6.05969 -0.725059 0 0
0 0 612 -3.25594 14.9992 4.47265 9.32783 0 0
0 0 613 6.82805 -0.39339 -15.5258 11.2877 0 0
0 0 614 -11.338 19.5617 4.36902 5.4734 0 0
0 0 615 4.66594 -4.58675 1.55639 -2.13598 0 0
0 0 616 -7.94734 -6.22737 1.89087 -18.6964 0 0
0 0 617 1.78899 10.0402 0.422118 -5.57207 0 0
0 0 618 -0.306717 3.16325 1.63171 18.9614 0 0
0 0 619 10.2968 10.9074 1.39099 -3.00573 0 0
0 0 620 -1.77937 2.84684 6.87561 -2.9248 0 0
0 0 621 6.47844 -10.2352 21.6425 17.3828 0 0
0 0 622 3.85344 2.67497 1.11084 -12.6442 0 0
0 0 623 -6.80672 -5.95003 3.57178 -5.92504 0 0
0 0 624 18.8905 2.17302 4.854 -7.21993 0 0
0 0 625 1.38469 -9.79769 9.91662 -4.87392 0 0
0 0 626 -7.75984 -9.19612 17.6844 3.45991 0 0
0 0 627 2.68938 2.86247 2.93371 -6.2195 0 0
0 0 628 22.4198 8.89763 5.96973 -5.67739 0 0
0 0 629 -18.1114 -12.8172 0.491331 -6.55688 0 0
0 0 630 7.27531 -7.74691 13.7104 0.848702 0 0
0 0 631 6.62688 0.452313 -4.22815 -6.69048 0 0
0 0 632 1.23039 14.7238 16.1787 -0.637291 0 0
0 0 633 2.21477 -11.0692 9.57727 -4.40591 0 0
0 0 634 -10.4122 11.1086 7.31628 0.901345 0 0
0 0 635 -2.81844 2.47184 0.251829 -2.32415 0 0
0 0 636 -1.3282 1.52849 0.473997 5.94727 0 0
0 0 637 5.96281 1.17106 2.63745 -2.49477 0 0
0 0 638 12.9316 -0.41878 -7.37036 -9.02184 0 0
0 0 639 -13.3048 -0.787921 9.44763 -7.55047 0 0
0 0 640 9.3261 -1.17269 6.224 -9.34557 0 0
0 0 641 3.48625 -8.13362 10.8892 1.56342 0 0
0 0 642 4.28703 14.2922 -11.4579 -7.46175 0 0
0 0 643 14.871 5.6027 5.63037 -5.26202 0 0
0 0 644 -3.30086 2.1613 -8.50086 -7.53292 0 0
0 0 645 -6.19929 17.9465 3.74451 -4.57751 0 0
0 0 646 -11.6153 17.4054 -1.77222 2.09678 0 0
0 0 647 -3.58015 -2.41878 -16.6735 14.6487 0 0
0 0 648 10.7675 -5.75862 5.7019 -12.3409 0 0
0 0 649 -0.820389 5.76286 1.34778 13.5966 0 0
0 0 650 11.6835 -4.90902 11.2186 -7.00835 0 0
0 0 651 -17.1036 1.35075 19.5209 -0.581718 0 0
0 0 652 10.2187 -4.17464 9.63769 -8.59283 0 0
0 0 653 -1.2364 7.57731 -1.97339 1.57706 0 0
0 0 654 -2.37898 3.50114 -13.424 -8.49627 0 0
0 0 655 13.7441 -18.8563 5.68957 4.15025 0 0
0 0 656 2.98039 -2.29573 4.58996 -0.954185 0 0
0 0 657 13.5839 2.88591 -9.80408 -2.20031 0 0
0 0 658 -10.5665 9.04411 2.53882 6.31879 0 0
0 0 659 10.1757 1.46989 -2.92114 9.26835 0 0
0 0 660 2.74797 -3.03597 7.7185 8.10413 0 0
0 0 661 -15.0098 -10.1922 1.52551 -4.66723 0 0
0 0 662 -6.56453 -3.22737 13.3303 -10.0145 0 0
0 0 663 -0.400467 6.13591 -6.42993 -5.51846 0 0
0 0 664 -0.55867 -1.13948 11.4852 2.36002 0 0
0 0 665 12.6464 -6.70784 -7.29627 -0.492027 0 0
0 0 666 -8.9532 0.0323915 -1.57349 3.93281 0 0
0 0 667 13.7988 -4.86409 -13.424 1.94758 0 0
0 0 668 -1.90828 -5.95003 -11.3579 2.244 0 0
0 0 669 7.03899 10.3449 12.9934 -5.20449 0 0
0 0 670 -7.8614 1.28825 -6.30774 -23.4361 0 0
0 0 671 14.5507 -1.51839 11.0051 0.158364 0 0
0 0 672 -2.35945 -8.84261 12.1851 -5.56332 0 0
0 0 673 13.9394 -0.367999 3.17932 -18.4536 0 0
0 0 674 13.248 8.16716 1.66125 0.747292 0 0
0 0 675 -0.0117949 -3.37386 3.0509 -1.84246 0 0
0 0 676 8.88469 -9.6805 -0.168947 12.4665 0 0
0 0 677 4.94328 -0.160968 6.99292 5.31251 0 0
0 0 678 5.91594 -2.13362 12.7244 10.8167 0 0
0 0 679 10.4491 8.03239 7.81726 1.74867 0 0
0 0 680 2.55656 0.495282 14.5546 4.34818 0 0
0 0 681 2.05852 -9.0848 7.74695 0.458657 0 0
0 0 682 6.66008 -2.67464 9.61426 -5.94356 0 0
0 0 683 0.728439 -10.3172 -5.31665 2.64573 0 0
0 0 684 7.96867 -3.84651 18.4039 -3.12664 0 0
0 0 685 -8.72273 -4.66683 12.5749 -0.143913 0 0
0 0 686 28.2148 -6.22933 -16.9845 2.25376 0 0
0 0 687 4.0507 -8.99886 6.9978 13.0447 0 0
0 0 688 -18.8321 -6.36605 1.4823 19.4314 0 0
0 0 689 -0.986404 -9.15706 4.80969 1.50785 0 0
0 0 690 6.99016 -6.83675 2.25 -18.0207 0 0
0 0 691 -4.67586 8.27458 12.359 7.34846 0 0
0 0 692 6.40031 7.01481 -1.38831 -11.3591 0 0
0 0 693 -17.4552 -4.50862 4.99719 -1.2896 0 0
0 0 694 -9.88094 0.29997 2.46106 19.2666 0 0
0 0 695 4.91399 3.7238 0.441893 -8.77416 0 0
0 0 696 4.02141 -4.27034 8.76513 6.86189 0 0
0 0 697 16.8788 8.67302 -8.86365 5.12141 0 0
0 0 698 11.8476 8.0363 -4.27881 -13.003 0 0
0 0 699 15.2421 -11.2489 -9.29932 4.23606 0 0
0 0 700 13.3202 5.46208 0.68994 11.3394 0 0
0 0 701 -1.30672 -3.10628 -4.84155 -1.76934 0 0
0 0 702 -4.45906 -3.50081 10.5547 -18.9606 0 0
0 0 703 -0.0664825 -9.22542 -0.778688 -4.60775 0 0
0 0 704 -7.05281 -0.289874 1.64648 -12.2766 0 0
0 0 705 5.58195 -5.37386 -0.368898 5.68986 0 0
0 0 706 14.1015 -11.6825 -27.1923 -8.66009 -56.6248 8.42595
0 0 707 3.0136 3.70622 -2.52625 -2.29684 0 0
0 0 708 -0.52742 2.70817 -0.238161 -0.707512 0 0
0 0 709 12.0976 -6.82308 0.599852 -3.16756 0 0
0 0 710 -13.6876 15.6261 -11.901 -23.3016 0 0
0 0 711 13.5741 -3.96761 -3.8949 8.7457 0 0
0 0 712 2.83977 -0.928546 -12.4637 5.5514 0 0
0 0 713 -6.58015 -9.27425 -12.5514 -0.112724 0 0
0 0 714 2.18156 15.214 -19.5947 -24.5731 0 0
0 0 715 -1.48836 8.50505 0.116087 -11.4722 0 0
0 0 716 22.0995 5.01481 6.43384 -12.3371 0 0
0 0 717 18.0116 7.86833 -12.3502 -2.29003 0 0
0 0 718 0.0116427 -1.17464 -9.63501 11.0907 0 0
0 0 719 7.27922 12.8117 -1.28345 11.9537 0 0
0 0 720 8.68938 -6.14925 -9.90283 2.06947 0 0
0 0 721 -3.89656 -2.27425 1.94885 -7.52319 0 0
0 0 722 12.039 -16.4989 11.1754 -0.835228 0 0
0 0 723 -4.41609 -4.17269 2.02417 2.62721 0 0
0 0 724 18.7382 -1.35433 7.03735 -15.1462 0 0
0 0 725 -5.00203 -12.5008 -4.94763 4.08588 0 0
0 0 726 -11.5782 -2.85042 13.4291 -7.06686 0 0
0 0 727 14.2616 -5.74886 6.02161 -12.0036 0 0
0 0 728 -16.1798 -3.82698 11.8605 -7.61678 0 0
0 0 729 -9.05086 -15.995 12.8193 -0.815727 0 0
0 0 730 -8.37898 -6.80355 -9.63758 -7.31255 0 0
0 0 731 16.3027 -0.26253 3.2102 -13.8981 0 0
0 0 732 -18.3282 -4.99886 -13.2277 2.95481 0 0
0 0 733 19.6484 14.4972 -5.23279 14.6946 0 0
0 0 734 15.1308 6.76091 -4.53919 -3.58004 0 0
0 0 735 -2.94734 5.51091 9.69079 -5.57403 0 0
0 0 736 2.33195 10.3918 8.01965 6.53526 0 0
0 0 737 -3.22469 4.58122 3.40271 6.24564 0 0
0 0 738 -9.99226 0.977704 -5.43396 -4.41662 0 0
0 0 739 -0.972733 11.0597 -6.52612 -18.006 0 0
0 0 740 -9.295 -3.46175 9.83642 4.48566 0 0
0 0 741 9.4218 3.81364 12.0752 14.129 0 0
0 0 742 7.40227 -17.9285 -13.6744 7.88862 0 0
0 0 743 3.6386 10.3273 8.58984 -9.52691 0 0
0 0 744 1.42766 2.73356 2.52514 8.29328 0 0
0 0 745 8.03508 4.26286 6.22278 -4.69842 0 0
0 0 746 -0.984451 -11.6239 -18.816 -4.8008 0 0
0 0 747 7.20695 -6.81136 0.0469955 3.1157 0 0
0 0 748 1.58195 -7.06526 2.34009 0.792153 0 0
0 0 749 -2.01179 -1.09651 4.19873 9.06455 0 0
0 0 750 5.81633 -1.63167 4.09009 -4.79494 0 0
0 0 751 9.87297 -15.2821 -8.14417 1.39082 0 0
0 0 752 23.9218 -10.0067 -10.3201 5.13798 0 0
0 0 753 -3.57625 -1.03987 12.4541 -2.31051 0 0
0 0 754 -4.8868 5.63395 6.39673 6.95841 0 0
0 0 755 5.39445 2.23552 6.83118 -2.55523 0 0
0 0 756 8.24211 -6.74495 3.88281 -4.08706 0 0
0 0 757 -5.51765 12.1828 -4.07385 -4.47027 0 0
0 0 758 6.16789 -2.45589 -11.39 -2.22567 0 0
0 0 759 0.308517 10.1457 -5.55115 -8.99844 0 0
0 0 760 -1.65633 -0.307452 12.5182 -12.0864 0 0
0 0 761 7.45305 15.3527 -9.45862 -8.89022 0 0
0 0 762 -12.7696 5.68864 -14.9753 5.15846 0 0
0 0 763 1.67961 -18.241 -13.9572 2.93726 0 0
0 0 764 17.582 -12.1629 -12.2515 16.787 0 0
0 0 765 1.47453 11.964 -7.25183 8.66184 0 0
0 0 766 10.9921 -1.85042 8.9281 1.59364 0 0
0 0 767 10.1835 -11.909 13.2118 1.91737 0 0
0 0 768 2.66789 -1.06917 28.8599 -9.38457 0 0
0 0 769 -5.85359 4.17497 1.2478 -12.9806 0 0
0 0 770 -1.08992 -0.229327 18.0399 13.1383 0 0
0 0 771 -6.81062 12.2882 -9.42896 -14.0687 0 0
0 0 772 -0.519607 -2.56526 0.0975326 5.32227 0 0
0 0 773 10.5761 10.925 -12.1971 -6.53738 0 0
0 0 774 -3.86922 -14.3055 1.51806 -9.32119 0 0
0 0 775 9.14055 -1.20589 -13.6005 -17.3801 0 0
0 0 776 6.32805 14.5011 8.91199 4.97904 0 0
0 0 777 9.86711 1.29802 -11.2345 1.42497 0 0
0 0 778 12.3827 -5.75667 11.9258 -11.4273 0 0
0 0 779 7.34758 -14.8075 -17.1709 -2.08428 0 0
0 0 780 -12.0723 -11.0672 11.1113 -0.979545 0 0
0 0 781 13.8378 -0.989093 -2.27698 4.57734 0 0
0 0 782 0.0467989 -4.22151 -8.54773 2.84464 0 0
0 0 783 -3.87312 3.14763 -4.89832 -4.07146 0 0
0 0 784 4.47453 -1.31331 -17.4609 -3.31091 0 0
0 0 785 17.2636 -9.34847 -6.11145 -0.489097 0 0
0 0 786 4.37297 -6.22347 -3.91101 -8.22424 0 0
0 0 787 -0.62117 -2.93636 9.93262 11.0878 0 0
0 0 788 -3.795 3.98356 -11.5011 -2.55038 0 0
0 0 789 9.1425 -16.0672 12.1986 5.0785 0 0
0 0 790 22.0605 -1.25472 -9.44617 -2.4197 0 0
0 0 791 6.99797 8.24919 5.30823 -9.79214 0 0
0 0 792 12.3691 6.75309 5.80066 7.80674 0 0
0 0 793 2.62297 13.6906 1.92041 -13.7899 0 0
0 0 794 4.90227 10.0558 8.17639 0.75605 0 0
0 0 795 -13.7442 -0.500812 -8.85877 4.9654 0 0
0 0 796 -2.6739 13.5539 6.61401 -2.11159 0 0
0 0 797 -7.47273 -17.7137 -6.08313 -0.0746991 0 0
0 0 798 -1.13875 24.7257 6.47449 -9.39431 0 0
0 0 799 15.1679 -12.616 9.33655 7.71604 0 0
0 0 800 12.1152 -2.67269 -2.04736 1.32063 0 0
0 0 801 16.1738 -6.73909 -6.01026 -2.0765 0 0
0 0 802 5.58586 -5.18245 -10.241 7.18757 0 0
0 0 803 8.62688 10.1711 5.25513 -2.58157 0 0
0 0 804 -15.5001 -7.67464 -9.271 5.88682 0 0
0 0 805 7.2382 2.65349 3.10901 -7.03564 0 0
0 0 806 10.4706 -11.3563 17.7919 -3.06814 0 0
0 0 807 -0.74617 8.43474 3.87414 1.9008 0 0
0 0 808 -4.52742 -19.4832 -3.1582 5.86247 0 0
0 0 809 6.06633 -3.60433 -13.6251 -2.95306 0 0
0 0 810 -20.1055 4.9777 3.50879 -6.70217 0 0
0 0 811 0.738205 0.715985 -11.2925 -15.4846 0 0
0 0 812 -1.63679 1.21599 15.1458 4.55784 0 0
0 0 813 1.94328 3.41716 6.25488 -8.67278 0 0
0 0 814 -2.25789 14.923 -5.27222 -5.26592 0 0
0 0 815 -0.609451 -15.2996 -7.60608 1.43275 0 0
0 0 816 -4.46687 6.21013 20.1133 0.226601 0 0
0 0 817 12.0761 20.9054 -8.26392 6.37632 0 0
0 0 818 7.91203 -7.18441 -10.7667 -9.90816 0 0
0 0 819 -2.47469 -7.21956 1.09607 -0.431572 0 0
0 0 820 1.81633 9.6027 -0.494753 -7.76888 0 0
0 0 821 10.2128 6.99919 0.1864 -0.410118 0 0
0 0 822 16.1191 11.675 -1.17603 -1.12484 0 0
0 0 823 5.16203 1.13591 -4.99951 11.6533 0 0
0 0 824 -2.64265 1.84294 0.1062 -3.19292 0 0
0 0 825 3.81047 -7.993 -1.82398 2.02268 0 0
0 0 826 -2.4239 1.99528 -12.8156 2.68082 0 0
0 0 827 -1.43953 -7.70394 1.69214 14.6117 0 0
0 0 828 7.40227 5.05974 3.5039 1.08173 0 0
0 0 829 4.0175 -0.965656 -0.734255 15.927 0 0
0 0 830 1.13274 12.5363 -3.47412 0.550331 0 0
0 0 831 6.02141 -5.54378 7.98633 13.3051 0 0
0 0 832 -1.75789 -1.19808 -1.04773 -12.8548 0 0
0 0 833 7.97063 21.3429 9.54138 3.87919 0 0
0 0 834 -0.886795 -2.43636 -10.1436 -8.14623 0 0
0 0 835 4.455 4.96013 3.55945 -7.08343 0 0
0 0 836 14.0214 -8.62581 7.953 5.54362 0 0
0 0 837 -3.56648 -5.98714 -5.38452 18.1083 0 0
0 0 838 5.42766 -1.90706 19.0161 -5.69787 0 0
0 0 839 0.367111 0.766766 -15.9021 2.32008 0 0
0 0 840 -9.98445 -0.166827 1.6477 -21.6898 0 0
0 0 841 5.58781 -11.0555 -1.19946 18.3988 0 0
0 0 842 -14.2833 2.23356 -8.40332 5.39054 0 0
0 0 843 3.06047 -5.48519 6.11291 -9.50741 0 0
0 0 844 16.2753 2.58513 3.11389 1.10905 0 0
0 0 845 8.56242 6.55192 -14.3262 7.94712 0 0
0 0 846 -0.99031 -5.67269 -9.79175 1.50687 0 0
0 0 847 9.74016 -2.06331 2.72388 -12.6578 0 0
0 0 848 -4.55867 -5.4012 -10.8495 -13.2877 0 0
0 0 849 2.23821 15.1496 0.80847 -11.3191 0 0
0 0 850 1.88469 -17.1414 0.494994 2.6818 0 0
0 0 851 -1.88484 3.42497 12.1998 -3.17049 0 0
0 0 852 0.0389864 -7.54964 -10.225 -2.73464 0 0
0 0 853 1.26555 14.9777 8.8219 -0.44619 0 0
0 0 854 5.65422 3.58903 -4.97485 -15.1579 0 0
0 0 855 6.81242 -2.29573 15.6099 -4.62823 0 0
0 0 856 12.5663 1.46208 -12.0293 4.90885 0 0
0 0 857 6.79289 -2.89339 -2.25598 5.50071 0 0
0 0 858 16.9316 -3.14534 -1.83142 8.24451 0 0
0 0 859 7.6425 4.24138 8.83056 0.852608 0 0
0 0 860 2.52336 -8.29183 -2.44727 3.94547 0 0
0 0 861 7.79485 -0.0750306 -9.63135 -3.3431 0 0
0 0 862 18.2695 -9.16683 -2.48548 6.40165 0 0
0 0 863 6.79289 11.8136 13.4291 -8.62695 0 0
0 0 864 17.6015 6.17302 -1.40808 -4.80471 0 0
0 0 865 3.0761 -11.3875 -1.10449 -2.76391 0 0
0 0 866 6.20305 5.59489 2.27954 2.98994 0 0
0 0 867 -0.685623 -5.97737 -16.3008 3.65882 0 0
0 0 868 14.7988 2.90153 -3.25562 8.83054 0 0
0 0 869 1.89641 1.89372 -9.39441 5.71034 0 0
0 0 870 20.5214 -1.1805 1.28113 -16.3904 0 0
0 0 871 15.8534 -5.70784 -13.2166 0.0988849 0 0
0 0 872 -3.12312 -1.27816 -12.5304 -3.99248 0 0
0 0 873 14.1894 -1.40706 -15.0679 3.70661 0 0
0 0 874 19.7089 13.9093 -9.80164 2.51215 0 0
0 0 875 1.02922 -9.25862 11.9764 -0.937614 0 0
0 0 876 -0.486404 -4.92269 -4.38989 -13.9868 0 0
0 0 877 17.5175 12.507 4.97375 -2.96087 0 0
0 0 878 29.121 2.48161 -3.31116 9.10062 0 0
0 0 879 4.91203 -17.1453 -4.87976 1.41129 0 0
0 0 880 -0.507889 -8.51058 1.91675 -4.35131 0 0
0 0 881 11.4257 2.28239 -7.02356 38.3047 0 0
0 0 882 10.2089 3.35466 -6.14978 11.7791 0 0
0 0 883 1.14836 -0.272296 -9.79553 1.62681 0 0
0 0 884 5.84758 -3.88167 -13.946 -0.0785748 0 0
0 0 885 7.99406 11.175 12.4788 -4.16506 0 0
0 0 886 20.9804 -7.5262 -8.77478 5.0239 0 0
0 0 887 19.9804 7.61442 5.13916 -10.034 0 0
0 0 888 9.72063 -3.92659 -12.9784 2.36198 0 0
0 0 889 18.7402 0.651532 -8.41199 10.7904 0 0
0 0 890 15.2558 9.257 2.65478 4.434 0 0
0 0 891 11.3573 20.6359 -6.69275 -1.01269 0 0
0 0 892 7.2636 7.382 -2.79041 -7.70843 0 0
0 0 893 22.6034 1.13591 -9.96704 -10.0076 0 0
0 0 894 26.1327 0.348798 1.98706 -0.097099 0 0
0 0 895 12.0722 22.5578 -13.4189 1.03394 0 0
0 0 896 -6.44148 -13.4715 -9.08093 -2.41387 0 0
0 0 897 5.15422 -1.90706 0.507323 3.52912 0 0
0 0 898 17.0077 -12.8465 -18.9135 -0.0113141 0 0
0 0 899 -5.89656 5.49528 -4.93787 -0.415947 0 0
0 0 900 -7.18953 1.28434 -16.2723 7.58833 0 0
0 0 901 20.4198 3.38981 -8.51807 0.0091632 0 0
0 0 902 17.9062 -1.17073 -1.58338 -8.10918 0 0
0 0 903 -0.0528105 2.87419 -11.1494 0.265602 0 0
0 0 904 10.4374 -8.83089 -8.60571 1.58875 0 0
0 0 905 8.46672 -3.14534 -18.9653 6.45725 0 0
0 0 906 12.7753 -6.51644 -15.0037 -18.711 0 0
0 0 907 0.195236 8.80583 -1.84253 4.32673 0 0
0 0 908 16.7948 0.850751 4.53686 -0.496879 0 0
0 0 909 26.4433 -11.0868 0.301268 -6.61636 0 0
0 0 910 25.1386 -0.871905 -11.7542 -8.45535 0 0
0 0 911 11.2167 -3.74691 -14.4458 -6.12981 0 0
0 0 912 14.9706 2.30778 -16.6365 2.80662 0 0
0 0 913 18.9296 6.73552 -4.54041 0.925728 0 0
0 0 914 27.0312 2.93083 -29.515 4.48274 -42.1646 8.3744
0 0 915 4.82414 20.673 -12.4688 8.36445 0 0
0 0 916 -1.93562 12.6945 -15.9429 -6.41161 0 0
0 0 917 32.6816 19.6945 -2.57935 0.687813 0 0
0 0 918 8.25188 -17.7118 -3.13843 -8.00777 0 0
0 0 919 20.3945 0.719892 -11.506 -17.0778 0 0
0 0 920 18.746 -1.13167 -27.7242 -0.259941 0 0
0 0 921 14.5585 -0.897296 -9.38696 18.5314 0 0
0 0 922 22.5273 0.880048 -28.4956 7.90034 0 0
0 0 923 42.082 7.71598 -16.4008 -2.2481 0 0
0 0 924 41.6073 12.4445 -27.5651 -15.2837 -32.8514 8.24831
0 0 925 19.9238 -6.67659 -23.3997 1.04469 0 0
0 0 926 38.4765 -19.2332 -12.1416 -20.5588 0 0
0 0 927 26.3905 3.98942 -24.3068 -13.9469 0 0
0 0 928 43.4648 2.51677 -11.5974 -10.9291 0 0
0 0 929 40.1503 12.175 -34.5985 -1.1336 -35.3067 6.79052
0 0 930 40.8749 -10.1825 -29.7039 7.69849 -54.4608 7.93072
0 0 931 35.037 -14.9071 -26.5443 8.80811 -59.6591 8.20975
0 0 932 42.582 -1.86214 -23.9785 -9.56591 0 0
0 0 933 55.7655 3.69645 -27.9612 -3.00863 0 0
0 0 934 57.2538 -6.91292 -22.4075 -17.2006 0 0
0 0 935 43.2577 16.7746 -12.918 1.92417 0 0
0 0 936 45.8417 11.9718 -38.6602 -1.24087 -36.3969 6.15029
0 0 937 50.9726 -1.19417 -24.2031 -13.7733 0 0
0 0 938 35.1972 5.58903 -19.6071 13.1062 0 0
0 0 939 53.3613 -2.57113 -36.5226 2.20112 -47.0134 6.78321
0 0 940 65.3671 10.173 -13.6893 4.83765 0 0
0 0 941 68.6581 -2.00862 -22.5543 -2.44897 0 0
0 0 942 55.6581 0.507 -21.1584 -2.19933 0 0
0 0 943 75.5956 12.3078 -33.1755 -0.377922 -34.8228 7.04074
0 0 944 61.5956 2.04606 -11.8972 -14.8234 0 0
0 0 945 94.5995 14.8468 -11.4209 -5.02703 0 0
0 0 946 81.7187 -0.510574 -9.1648 -16.3475 0 0
0 0 947 85.8105 5.60466 0.942992 -17.9466 0 0
0 0 948 64.6796 -4.48323 16.8094 -1.51485 0 0
0 0 949 110.943 -7.62581 -14.5125 -14.0697 0 0
0 0 950 73.162 10.1672 16.807 10.1898 0 0
0 0 951 98.1796 7.89568 13.2255 2.09776 0 0
0 0 952 101.492 -8.52229 18.7557 -0.64608 0 0
0 0 953 94.0292 -9.33675 27.48 -0.412071 0 0
0 0 954 98.2734 6.01677 32.007 -8.84927 39.6768 7.63184
0 0 955 91.1913 7.82536 29.0956 -8.71566 37.4732 8.25687
0 0 956 94.9335 11.2277 38.9529 14.64 36.9605 6.13828
0 0 957 97.9882 -5.24886 37.151 1.65995 49.0209 6.62187
0 0 958 112.031 11.1261 26.2582 -8.45144 0 0
0 0 959 113.139 -12.0125 16.1368 12.0404 0 0
0 0 960 116.59 -4.95979 42.179 -8.02337 48.3533 5.84918
0 0 961 93.1425 12.9797 39.5021 4.48078 35.9052 5.98794
0 0 962 104.434 3.25505 22.6298 2.30058 0 0
0 0 963 112.541 -4.27815 3.7655 18.7177 0 0
0 0 964 109.144 -5.15901 22.2052 9.70713 0 0
0 0 965 81.7011 -1.20393 19.7085 10.0269 0 0
0 0 966 85.9745 4.57341 19.3617 5.37882 0 0
0 0 967 69.0546 -6.54964 9.3341 0.668312 0 0
0 0 968 72.705 10.6125 13.3241 -3.59661 0 0
0 0 969 90.7597 13.5539 22.7717 -0.333091 0 0
0 0 970 74.9413 -9.03792 -0.231935 -20.5354 0 0
0 0 971 56.6269 -13.3485 -8.63782 -5.85192 0 0
0 0 972 69.5878 -6.12581 12.9526 -7.10293 0 0
0 0 973 62.205 -5.48128 -3.40991 -3.79552 0 0
0 0 974 58.8241 11.0793 -12.6538 2.05192 0 0
0 0 975 68.3046 -24.1551 4.04809 -9.49084 0 0
0 0 976 57.9452 4.39567 -1.96716 -4.91097 0 0
0 0 977 61.123 -12.6922 -12.5477 -7.86541 0 0
0 0 978 46.2773 -4.44808 2.44995 -8.04971 0 0
0 0 979 44.8456 -5.57113 0.923216 7.3816 0 0
0 0 980 70.0097 4.88591 -0.693483 11.94 0 0
0 0 981 54.3613 -6.40316 -4.50708 -11.3425 0 0
0 0 982 58.1523 -10.866 -18.3853 5.13993 0 0
0 0 983 46.664 -11.3504 -1.93262 -14.0717 0 0
0 0 984 46.7206 10.2531 -5.12915 5.27253 0 0
0 0 985 56.6777 -15.8836 -9.73877 -7.92879 0 0
0 0 986 39.9101 -3.85042 5.50696 5.19648 0 0
0 0 987 43.4726 0.446453 -30.8455 19.096 -44.5854 8.04966
0 0 988 51.6132 -15.0535 -10.7459 -7.43346 0 0
0 0 989 41.8788 1.82927 -0.194948 -14.7299 0 0
0 0 990 47.2616 -7.24495 -14.9655 -7.56997 0 0
0 0 991 51.8652 0.530437 -3.33338 -16.3728 0 0
0 0 992 49.6952 0.563641 -4.28125 -4.23721 0 0
0 0 993 51.7284 -4.21956 -2.42749 -7.97073 0 0
0 0 994 35.7909 -16.4461 2.35486 -5.15279 0 0
0 0 995 45.9648 -1.28792 -2.03382 -11.0324 0 0
0 0 996 52.1913 -5.81136 1.76123 0.492806 0 0
0 0 997 48.162 -23.3563 -1.76843 -5.75051 0 0
0 0 998 38.2538 -6.56917 -4.05664 -10.1393 0 0
0 0 999 32.4921 -11.8075 -1.35755 -0.0580975 0 0
0 0 1000 18.7499 -6.53792 2.77698 -11.4 0 0
0 0 1001 37.4941 -3.82503 3.92724 -4.42541 0 0
0 0 1002 33.2206 -18.8797 0.393797 -2.63323 0 0
0 0 1003 17.6464 -3.60237 2.25867 -5.44533 0 0
0 0 1004 36.9804 -11.5965 -6.39295 -11.48 0 0
0 0 1005 21.871 -14.2528 -12.9661 0.113503 0 0
0 0 1006 3.37102 -1.47151 4.99597 4.31699 0 0
0 0 1007 9.03117 -2.43245 -7.83936 -10.6327 0 0
0 0 1008 31.33 -22.9422 -2.05725 0.068642 0 0
0 0 1009 20.1386 -13.5399 -1.74744 -8.01363 0 0
0 0 1010 36.8495 -3.1805 -1.4303 -3.99151 0 0
0 0 1011 19.9296 -7.75277 6.17212 -22.9906 0 0
0 0 1012 17.3691 -5.10237 2.44372 -7.41592 0 0
0 0 1013 26.5234 -5.18636 -11.3925 11.7021 0 0
0 0 1014 22.7421 -1.50276 -3.2655 -10.0301 0 0
0 0 1015 35.4628 -5.91097 2.20679 -18.479 0 0
0 0 1016 19.9511 -6.19222 7.80994 12.2325 0 0
0 0 1017 23.8769 -2.52816 -20.0835 26.5308 0 0
0 0 1018 35.7441 12.2961 -12.8895 5.19453 0 0
0 0 1019 -3.54695 -8.21761 -6.27442 6.50794 0 0
0 0 1020 14.5937 -2.6473 -4.43054 5.18284 0 0
0 0 1021 14.9706 -7.59066 -2.76319 -25.5628 0 0
0 0 1022 31.1835 -12.2645 1.96484 -4.54241 0 0
0 0 1023 16.7284 4.21794 3.94946 -2.19546 0 0
