# File: uwl_231111_042406_Combined.rf.sbA2.RMC_aux Src: J1713+0747 Nsub: 1 Nch: 1 Npol: 4 Nbin: 1024 RMS: 15.3466
0 0 0 6.16492 8.54632 19.4051 -16.7672 0 0
0 0 1 33.1518 -4.50148 -16.3096 -2.24344 0 0
0 0 2 22.7278 18.3886 -14.1113 17.3348 0 0
0 0 3 27.0772 -40.6248 11.6587 -9.24987 0 0
0 0 4 27.0581 -13.3676 7.37029 6.76604 0 0
0 0 5 23.4794 -10.7712 -19.7969 -38.3299 0 0
0 0 6 28.4897 -6.21341 -31.0119 -21.3607 0 0
0 0 7 43.5678 9.4555 17.9238 -2.94859 0 0
0 0 8 -9.8748 4.52164 -24.5357 -6.25992 0 0
0 0 9 13.9087 6.81485 -15.4845 -1.06837 0 0
0 0 10 33.5325 -12.0569 11.1711 -14.2094 0 0
0 0 11 28.7932 -10.6535 13.524 20.4047 0 0
0 0 12 23.8438 12.9827 24.9166 -12.2784 0 0
0 0 13 35.365 -36.927 -4.83936 -1.59459 0 0
0 0 14 34.6442 -16.1897 -17.9103 0.697036 0 0
0 0 15 30.3497 11.5005 15.2751 12.8691 0 0
0 0 16 26.03 -13.2819 8.88468 -32.1398 0 0
0 0 17 18.2899 -6.75064 -1.76788 13.1518 0 0
0 0 18 31.948 -18.4145 -6.30453 -18.0806 0 0
0 0 19 6.30867 -30.3898 6.01279 3.93043 0 0
0 0 20 33.1964 -10.3149 14.2355 -17.7036 0 0
0 0 21 13.8762 -9.37925 3.86236 30.346 0 0
0 0 22 -20.9947 24.2161 -25.7 -43.0188 0 0
0 0 23 30.0745 14.1792 15.4428 -5.87917 0 0
0 0 24 12.9049 -16.8912 27.9557 -11.5883 0 0
0 0 25 10.2463 34.0484 -13.0444 13.2825 0 0
0 0 26 10.9671 23.6833 -11.184 -20.8239 0 0
0 0 27 6.88552 -19.8971 -13.1539 -0.359969 0 0
0 0 28 7.5045 -14.1977 -14.8066 10.213 0 0
0 0 29 5.44778 -4.23731 -8.75902 -4.12652 0 0
0 0 30 10.6039 -15.1324 -11.1652 5.06886 0 0
0 0 31 -4.39342 4.49344 -22.6318 -2.74222 0 0
0 0 32 6.62505 -11.2175 14.4847 0.188748 0 0
0 0 33 -5.80962 16.514 -6.05757 -17.3814 0 0
0 0 34 -8.48678 -14.719 -1.80934 -13.2162 0 0
0 0 35 11.4459 11.3086 15.567 25.826 0 0
0 0 36 4.02479 -5.23928 19.3536 34.643 0 0
0 0 37 -22.1091 -16.323 -4.83175 -8.8621 0 0
0 0 38 12.3162 -1.39363 -16.5086 25.0285 0 0
0 0 39 16.2107 20.4296 10.311 7.0941 0 0
0 0 40 23.8742 -23.3284 -4.46064 -3.04015 0 0
0 0 41 -13.8107 6.8456 17.3443 5.58469 0 0
0 0 42 0.471964 -18.0353 15.1796 13.3825 0 0
0 0 43 -15.6796 21.5181 12.5908 0.0285592 0 0
0 0 44 26.8849 -5.94401 -28.7405 -13.9301 0 0
0 0 45 15.839 -1.51786 -2.37358 4.60462 0 0
0 0 46 15.1865 7.58689 -1.69258 10.6751 0 0
0 0 47 19.4704 7.34605 21.307 -15.4129 0 0
0 0 48 9.06086 -15.3444 -3.30616 9.45153 0 0
0 0 49 19.2935 -17.7977 17.0602 17.2903 0 0
0 0 50 7.03349 41.5856 24.01 10.1849 0 0
0 0 51 -8.20168 12.8085 0.0426431 4.3111 0 0
0 0 52 26.5127 13.9289 30.2967 -10.1362 0 0
0 0 53 -5.6005 5.5192 -30.6732 -1.33227 0 0
0 0 54 -4.23526 -17.9044 -15.5973 0.697713 0 0
0 0 55 11.8066 -11.1591 -24.0063 -24.7004 0 0
0 0 56 39.5402 -18.3874 -2.5166 0.821517 0 0
0 0 57 25.9258 -22.9258 26.5993 -2.25543 0 0
0 0 58 14.2579 32.9854 -2.42715 -8.26434 0 0
0 0 59 24.1518 -1.67246 4.41021 -22.152 0 0
0 0 60 6.55946 -10.7738 1.08971 11.5754 0 0
0 0 61 12.2269 -34.8145 17.0679 -9.07512 0 0
0 0 62 20.6745 -10.4075 -7.88792 -13.3324 0 0
0 0 63 57.4818 -8.09628 0.788988 12.215 0 0
0 0 64 -10.8959 -17.2062 0.721846 -10.7962 0 0
0 0 65 48.5726 -7.73828 27.5501 23.9671 0 0
0 0 66 -11.5135 1.95763 12.5671 -27.7345 0 0
0 0 67 20.4953 -10.0022 7.5547 9.68613 0 0
0 0 68 12.7274 -27.1373 13.6366 7.70991 0 0
0 0 69 23.357 -6.06112 -23.8435 10.3623 0 0
0 0 70 1.52725 -19.9829 -21.8808 -1.18139 0 0
0 0 71 21.633 2.64305 -12.2728 -17.2107 0 0
0 0 72 22.46 4.03928 -22.7999 -9.16746 0 0
0 0 73 -23.4237 -7.97575 33.2021 -3.43016 0 0
0 0 74 -9.43128 -5.7353 19.881 -12.4389 0 0
0 0 75 21.5057 17.0239 -1.78491 -2.18992 0 0
0 0 76 -2.74609 -15.2922 5.5694 -14.7344 0 0
0 0 77 37.778 -14.6681 -1.54355 16.3831 0 0
0 0 78 8.90466 -23.5241 -6.64049 -4.64035 0 0
0 0 79 31.3373 19.5816 4.11686 18.3145 0 0
0 0 80 27.549 -19.0267 16.4139 19.0469 0 0
0 0 81 12.8427 -26.8902 5.35092 -5.7128 0 0
0 0 82 9.29658 -6.04152 6.88244 3.36299 0 0
0 0 83 -3.61068 -5.55595 -3.93992 4.76876 0 0
0 0 84 -15.9295 -1.27583 31.8107 6.60373 0 0
0 0 85 16.4949 1.58291 7.43984 8.43525 0 0
0 0 86 22.1627 2.42551 -1.12185 -1.81536 0 0
0 0 87 20.861 25.5539 -1.33457 -40.5729 0 0
0 0 88 28.9886 23.8081 -9.55062 12.3643 0 0
0 0 89 -0.217988 0.965543 3.24755 1.19363 0 0
0 0 90 -0.364761 -13.205 -18.044 -4.36393 0 0
0 0 91 2.70054 1.46387 -2.90958 -9.22179 0 0
0 0 92 -7.07948 11.4738 29.7403 11.2166 0 0
0 0 93 -11.3854 -9.74579 -9.18375 22.4066 0 0
0 0 94 -8.1203 12.1191 9.40152 0.570137 0 0
0 0 95 18.2653 13.3353 9.65171 -4.42442 0 0
0 0 96 36.8276 -26.0163 -0.991094 7.86064 0 0
0 0 97 -3.31836 -7.04097 -6.0286 13.9271 0 0
0 0 98 2.40598 17.7876 2.67261 31.5762 0 0
0 0 99 2.30946 -4.1892 1.64114 19.9005 0 0
0 0 100 1.26528 -8.21642 1.77493 45.5899 0 0
0 0 101 7.80976 5.18363 9.81017 -5.5792 0 0
0 0 102 -8.6551 29.1168 -3.70354 4.42731 0 0
0 0 103 -20.4963 1.40277 -15.214 -9.12681 0 0
0 0 104 28.1178 -10.8661 1.73818 19.4677 0 0
0 0 105 -5.51924 -1.6159 -5.19276 9.73949 0 0
0 0 106 11.5277 5.52597 -0.864723 2.56115 0 0
0 0 107 21.1925 8.23848 24.724 0.723024 0 0
0 0 108 8.2759 -19.9985 5.88091 -10.0575 0 0
0 0 109 -3.84511 -27.8813 -24.8788 -6.29933 0 0
0 0 110 31.1869 10.604 -6.98715 -13.5959 0 0
0 0 111 6.958 -4.84741 -4.31447 15.1063 0 0
0 0 112 1.44412 11.301 14.4933 -45.735 0 0
0 0 113 -18.0887 -2.98606 14.2299 6.12124 0 0
0 0 114 -0.47597 17.934 -5.2119 -25.4445 0 0
0 0 115 38.9737 -9.69243 -12.5579 -0.530815 0 0
0 0 116 14.1221 0.762487 6.40062 12.2198 0 0
0 0 117 -5.89458 -37.5535 -15.9272 3.46997 0 0
0 0 118 11.2228 -21.4668 -20.9735 -4.8186 0 0
0 0 119 -11.2949 24.71 -19.0195 -12.466 0 0
0 0 120 18.4326 -15.24 9.08245 -21.9082 0 0
0 0 121 14.7118 -21.2274 15.5045 -13.1266 0 0
0 0 122 -14.8589 -1.84067 -16.2685 21.0472 0 0
0 0 123 0.304292 -0.263464 -8.60886 16.3063 0 0
0 0 124 -8.0138 -5.05737 8.33119 20.8523 0 0
0 0 125 3.29828 -9.84677 31.5685 -5.90114 0 0
0 0 126 26.7187 7.85369 19.4886 -2.57181 0 0
0 0 127 5.26394 15.6965 -12.8255 19.3885 0 0
0 0 128 -16.0049 1.19437 -5.98551 0.295601 0 0
0 0 129 -3.5151 -24.5659 20.9424 26.767 0 0
0 0 130 13.5647 4.38075 23.2373 -2.28923 0 0
0 0 131 16.1335 27.1044 -7.72939 11.6628 0 0
0 0 132 21.2586 -30.7903 -12.2046 -1.09937 0 0
0 0 133 43.8532 -9.21472 -5.38503 -16.945 0 0
0 0 134 30.7706 -19.4337 -15.3097 13.9069 0 0
0 0 135 42.626 -0.856918 -16.56 2.69403 0 0
0 0 136 9.41431 1.9801 -12.7628 -3.89688 0 0
0 0 137 11.4156 -18.9227 11.8657 -5.46649 0 0
0 0 138 -2.04744 -2.49275 18.7357 11.1357 0 0
0 0 139 22.9022 -1.17323 -11.8264 2.09126 0 0
0 0 140 3.09885 3.16178 -9.7062 -7.1715 0 0
0 0 141 8.16331 -13.3369 -5.30194 5.19663 0 0
0 0 142 -15.4696 11.8317 -2.50665 -27.9295 0 0
0 0 143 12.8692 -9.7141 -18.2472 -5.41838 0 0
0 0 144 -0.39786 -6.69885 -7.04409 -18.0609 0 0
0 0 145 14.3214 2.74103 10.1325 -14.1143 0 0
0 0 146 10.2564 -8.94758 0.639596 -2.38088 0 0
0 0 147 23.8904 -21.2021 31.4883 17.9879 0 0
0 0 148 15.3418 -3.46885 24.2195 15.7209 0 0
0 0 149 -27.5086 16.6422 5.4441 12.7473 0 0
0 0 150 4.909 -1.56957 -0.058965 26.9576 0 0
0 0 151 -13.1204 -9.22292 13.159 3.06759 0 0
0 0 152 25.7288 24.6689 -11.2016 -2.46502 0 0
0 0 153 2.82748 -0.145619 6.80271 -2.07601 0 0
0 0 154 22.8673 3.12768 -5.6246 -0.710507 0 0
0 0 155 -10.6679 1.36969 -29.3778 -1.4983 0 0
0 0 156 -23.395 -6.83753 -9.24414 -7.90127 0 0
0 0 157 13.3851 -14.2272 29.3829 -10.1537 0 0
0 0 158 -5.72841 33.5379 15.4559 -3.80851 0 0
0 0 159 -2.29023 25.7738 0.160558 -8.15379 0 0
0 0 160 -5.67599 -4.17773 1.12646 3.39966 0 0
0 0 161 7.22859 -14.7377 11.6957 40.8616 0 0
0 0 162 19.8175 -17.0597 9.45812 24.6292 0 0
0 0 163 1.60347 -18.2986 21.1716 -7.91604 0 0
0 0 164 7.66856 8.61083 3.43509 6.14888 0 0
0 0 165 -10.3536 -11.7562 -2.01719 5.33429 0 0
0 0 166 13.0155 -17.9751 3.20043 17.0241 0 0
0 0 167 -18.8682 26.5669 -10.0293 -13.2486 0 0
0 0 168 8.04696 -8.65695 14.6178 8.21997 0 0
0 0 169 -8.32879 5.7782 8.31192 16.5853 0 0
0 0 170 22.27 0.818427 -7.28834 8.37161 0 0
0 0 171 26.5047 16.5249 12.7464 -26.0824 0 0
0 0 172 -7.96001 24.0753 40.5818 14.6856 0 0
0 0 173 2.18675 -9.84102 -13.4893 11.7904 0 0
0 0 174 -6.21689 -22.9522 -8.18286 -30.0937 0 0
0 0 175 38.1296 -28.9807 6.68327 -9.91717 0 0
0 0 176 -0.613344 11.7861 9.62459 16.042 0 0
0 0 177 1.50302 -25.6501 -17.1174 -11.081 0 0
0 0 178 37.8362 13.2123 -10.4933 -2.54738 0 0
0 0 179 -40.0982 -16.7234 11.4561 -14.9625 0 0
0 0 180 3.77359 11.2254 -14.3418 -3.44916 0 0
0 0 181 -10.728 -13.4092 -19.0554 -4.93051 0 0
0 0 182 -12.4198 -12.1652 -3.29504 30.9119 0 0
0 0 183 6.29779 -7.1095 -28.7979 11.6769 0 0
0 0 184 13.2454 20.4433 29.2045 10.7419 0 0
0 0 185 -3.23055 -29.1186 -9.28977 10.733 0 0
0 0 186 -4.13051 13.1543 -1.0144 20.8415 0 0
0 0 187 -3.30667 -42.4316 -11.9743 -7.22046 0 0
0 0 188 15.0444 9.37018 -21.3376 -1.65093 0 0
0 0 189 -3.29434 -18.5822 17.4991 0.37065 0 0
0 0 190 -21.2528 -17.8994 7.08577 -5.97108 0 0
0 0 191 15.5952 -21.5491 -4.06731 -4.6391 0 0
0 0 192 5.24544 -10.4048 -4.35226 22.0592 0 0
0 0 193 -4.87431 -27.6912 0.818507 18.7434 0 0
0 0 194 5.5877 -10.8803 -13.8974 -34.2634 0 0
0 0 195 -14.3582 9.68909 20.5265 -2.41372 0 0
0 0 196 -4.54707 31.0623 2.48862 -5.78668 0 0
0 0 197 10.7182 -14.8548 -33.5503 -15.9782 0 0
0 0 198 4.63503 -2.33468 -5.32019 -10.7066 0 0
0 0 199 -3.89279 -48.1765 -16.6859 -18.3671 0 0
0 0 200 9.53467 21.6862 -2.32475 15.6262 0 0
0 0 201 -0.660162 -18.3794 26.3569 9.12529 0 0
0 0 202 -17.7873 -18.2677 -0.13616 -18.3806 0 0
0 0 203 16.0181 0.725253 7.48004 -5.00541 0 0
0 0 204 18.2431 9.38519 11.5272 28.7956 0 0
0 0 205 39.7744 10.4569 4.92141 -5.42348 0 0
0 0 206 46.8118 -24.9517 14.6437 -16.9038 0 0
0 0 207 -13.7081 19.4256 -8.41038 14.9666 0 0
0 0 208 16.7639 -10.6534 4.73612 11.3731 0 0
0 0 209 -1.82609 -15.101 26.0155 -3.51598 0 0
0 0 210 -5.71708 -30.0489 -26.9696 -9.7404 0 0
0 0 211 -19.7133 10.1462 -26.7844 25.7832 0 0
0 0 212 2.82705 18.7091 -1.28562 -20.9739 0 0
0 0 213 9.20792 19.9179 -10.2237 -0.729667 0 0
0 0 214 -3.70267 -29.5071 -10.5919 15.6911 0 0
0 0 215 4.1398 -17.4913 11.1738 -14.2341 0 0
0 0 216 -2.00979 11.7392 17.5497 -10.6281 0 0
0 0 217 -13.7113 -6.51858 21.0409 -26.673 0 0
0 0 218 -4.37234 13.6691 -3.61607 19.9691 0 0
0 0 219 -22.049 -26.1805 -9.32495 -17.5813 0 0
0 0 220 16.2041 3.27452 19.9226 0.458276 0 0
0 0 221 19.9787 0.53567 -9.34088 2.23992 0 0
0 0 222 36.219 15.1734 0.0248875 3.47586 0 0
0 0 223 0.37554 -8.71727 -32.0508 -15.592 0 0
0 0 224 -2.63978 1.9246 -8.38769 -7.6603 0 0
0 0 225 14.3279 -36.4833 -16.2539 1.14069 0 0
0 0 226 14.277 2.19256 0.294058 1.86065 0 0
0 0 227 5.65451 -5.95773 -14.6958 18.6218 0 0
0 0 228 38.7039 -25.7385 -9.07325 7.4258 0 0
0 0 229 -11.4854 -27.6214 -0.921556 -7.98578 0 0
0 0 230 -4.46326 -23.0566 3.7223 -13.1856 0 0
0 0 231 15.7442 -5.08812 -5.64617 5.6291 0 0
0 0 232 -10.7246 -3.51493 11.2318 -5.3406 0 0
0 0 233 -8.01862 7.3892 33.5068 23.3564 0 0
0 0 234 17.2745 -7.12451 0.434736 -3.44772 0 0
0 0 235 9.9477 -9.44527 25.7468 -2.06431 0 0
0 0 236 -44.2831 1.2955 7.42667 -18.2757 0 0
0 0 237 15.3286 -1.18295 -6.70548 13.5781 0 0
0 0 238 6.98695 -5.26427 1.73588 15.8548 0 0
0 0 239 -10.7648 29.4414 -48.6919 25.9249 -29.4204 7.97557
0 0 240 -2.26172 -21.6035 -6.0298 2.36637 0 0
0 0 241 12.7159 1.29106 8.86755 24.9895 0 0
0 0 242 17.236 2.37492 -10.0877 7.04952 0 0
0 0 243 5.55088 -31.461 1.28714 9.1304 0 0
0 0 244 18.4597 13.2552 20.9641 -22.647 0 0
0 0 245 21.7464 2.14233 1.80565 20.7471 0 0
0 0 246 -13.1553 12.3474 -6.78169 -3.95869 0 0
0 0 247 -7.40794 19.548 17.3285 8.5764 0 0
0 0 248 47.5407 -11.143 -6.03155 20.7258 0 0
0 0 249 5.47991 -6.00664 1.84582 13.7274 0 0
0 0 250 16.248 2.19522 11.3988 -10.069 0 0
0 0 251 28.4588 -11.1035 11.1174 -5.46275 0 0
0 0 252 -8.19465 22.9961 12.5561 38.9478 0 0
0 0 253 -8.57255 -6.10908 22.1552 3.3616 0 0
0 0 254 -4.96905 -6.08362 -0.515928 -16.9197 0 0
0 0 255 8.92717 8.34133 -0.612673 12.9422 0 0
0 0 256 -5.56212 -5.91504 -16.3151 20.8551 0 0
0 0 257 -26.9121 24.3099 10.2354 15.0294 0 0
0 0 258 33.2854 30.1231 -25.3049 16.8966 0 0
0 0 259 11.657 4.97861 27.8793 4.46585 0 0
0 0 260 -18.8619 -16.3418 -5.48808 7.42387 0 0
0 0 261 12.9967 -23.2844 -19.1947 2.81332 0 0
0 0 262 25.9338 4.54396 -6.2459 11.0214 0 0
0 0 263 2.4229 -20.3254 37.5879 -6.21097 0 0
0 0 264 -28.2697 -32.0924 -13.9322 -22.8109 0 0
0 0 265 -23.8964 -7.72894 -1.44849 -11.1514 0 0
0 0 266 -3.97166 8.58555 -1.07611 1.81961 0 0
0 0 267 17.5668 -26.9965 35.4333 8.88003 0 0
0 0 268 11.0362 -0.147069 -1.2204 6.55694 0 0
0 0 269 -3.17524 -3.4944 -15.9625 -2.65228 0 0
0 0 270 0.137499 -4.25853 -10.3826 -30.5882 0 0
0 0 271 14.9016 3.98571 -13.3578 0.422785 0 0
0 0 272 2.85524 -20.758 40.3537 -5.40692 0 0
0 0 273 1.98437 -18.984 1.39426 -10.4659 0 0
0 0 274 9.82446 -24.1199 -10.7398 16.1828 0 0
0 0 275 -17.134 -18.1999 -8.81439 6.88833 0 0
0 0 276 -14.9519 -7.63805 13.227 12.3932 0 0
0 0 277 -27.3331 -10.483 7.7928 -23.5592 0 0
0 0 278 8.29366 15.1043 6.23721 25.0033 0 0
0 0 279 -33.1466 6.48008 9.18967 -6.24272 0 0
0 0 280 9.06017 -23.2437 -2.49488 -2.04216 0 0
0 0 281 -20.571 15.274 4.83904 -1.84672 0 0
0 0 282 0.815343 -11.9663 -2.02408 -7.39441 0 0
0 0 283 9.8878 -29.9738 4.96554 -1.78513 0 0
0 0 284 13.3257 -3.29316 -1.21918 -20.8767 0 0
0 0 285 27.9616 -1.29768 7.29204 4.68266 0 0
0 0 286 10.7536 27.7069 6.29115 5.66848 0 0
0 0 287 7.27078 5.91546 -9.616 -9.30102 0 0
0 0 288 20.1977 -14.5934 7.20385 4.36197 0 0
0 0 289 -6.65446 -12.4873 5.0107 4.09644 0 0
0 0 290 1.40093 4.40727 16.7487 -10.6692 0 0
0 0 291 -0.146953 -21.0241 -29.3945 3.64789 0 0
0 0 292 -9.64206 1.34349 -20.4148 7.05226 0 0
0 0 293 -12.5909 25.4557 -21.1052 -12.8534 0 0
0 0 294 -20.7956 36.9143 -7.8149 -10.0177 0 0
0 0 295 -9.87268 -0.367804 -10.266 22.3916 0 0
0 0 296 11.2069 -0.564351 46.1681 40.6942 0 0
0 0 297 14.1434 -8.48901 -5.47491 7.04001 0 0
0 0 298 22.5841 25.694 -2.09446 5.70441 0 0
0 0 299 24.3622 2.8586 -16.8797 10.174 0 0
0 0 300 18.1116 -10.9475 6.62439 18.4098 0 0
0 0 301 4.72717 -3.67657 -14.7199 6.22407 0 0
0 0 302 -12.0191 -16.5453 -15.6165 -5.04525 0 0
0 0 303 -19.2261 -19.2068 19.6658 20.1019 0 0
0 0 304 17.5268 -12.9084 -24.5505 -9.74097 0 0
0 0 305 -1.0949 -5.01161 -10.5906 3.28046 0 0
0 0 306 8.92755 -23.0885 -13.6131 8.10577 0 0
0 0 307 19.6254 22.7725 5.11809 3.73719 0 0
0 0 308 6.91797 3.95355 -1.57259 -7.51779 0 0
0 0 309 30.4724 36.5227 10.4395 28.7416 0 0
0 0 310 24.7561 13.3194 4.56355 0.785012 0 0
0 0 311 9.2572 -10.5535 16.4616 24.1281 0 0
0 0 312 -12.1192 0.82383 -13.1584 -6.90201 0 0
0 0 313 -14.5306 -8.98437 8.58141 2.81187 0 0
0 0 314 9.49616 -9.5337 23.203 26.7816 0 0
0 0 315 -19.2152 -12.4056 7.0386 -9.19778 0 0
0 0 316 32.0471 13.9821 3.14591 37.6341 0 0
0 0 317 -0.865548 -3.3048 1.77879 -10.0343 0 0
0 0 318 26.5299 -2.22472 -20.1664 -0.599931 0 0
0 0 319 -10.3081 3.45247 -5.728 37.1581 0 0
0 0 320 -12.0074 -18.5499 17.7321 -11.116 0 0
0 0 321 1.90442 -17.246 28.4807 11.0569 0 0
0 0 322 -35.1941 7.54588 -15.7851 -20.3321 0 0
0 0 323 18.8623 9.90584 6.10051 -1.24747 0 0
0 0 324 22.2021 5.73968 1.02907 -21.8581 0 0
0 0 325 1.24648 27.8691 16.5223 -9.15611 0 0
0 0 326 -2.87936 1.35968 -7.0049 18.8359 0 0
0 0 327 4.14999 -11.1649 -22.8099 -31.5037 0 0
0 0 328 5.48673 7.88525 1.29477 -16.7532 0 0
0 0 329 -47.6612 10.6655 -23.995 14.7654 0 0
0 0 330 -8.34367 -12.9448 45.5701 -7.37102 0 0
0 0 331 -8.27363 36.5314 1.1823 -4.44137 0 0
0 0 332 25.6917 -1.21432 29.3733 5.32543 0 0
0 0 333 2.04873 -20.7904 5.13636 -16.3734 0 0
0 0 334 32.9778 -7.25688 -15.694 -12.2631 0 0
0 0 335 6.17487 1.16022 7.49863 -11.3683 0 0
0 0 336 17.6383 -9.83409 -16.9849 15.9465 0 0
0 0 337 -2.96552 -4.27325 20.8079 3.5762 0 0
0 0 338 -19.0573 -4.78664 -17.5542 6.771 0 0
0 0 339 -11.2901 -23.1783 11.661 -17.3534 0 0
0 0 340 17.9589 20.741 25.9119 18.9426 0 0
0 0 341 -2.91203 -1.27676 -26.2027 -3.94878 0 0
0 0 342 10.6945 -9.99978 -16.2727 20.9386 0 0
0 0 343 21.731 -5.68963 1.79099 -18.4858 0 0
0 0 344 -0.060052 -0.916482 -14.5166 9.72059 0 0
0 0 345 53.1649 -0.405663 12.2369 6.14499 0 0
0 0 346 -10.1774 11.0407 -14.3512 -7.71874 0 0
0 0 347 12.6383 -40.7127 27.1506 -10.0831 0 0
0 0 348 6.08471 -10.3019 15.6282 -7.58201 0 0
0 0 349 4.0288 -3.25776 15.0373 45.1705 0 0
0 0 350 -11.5186 22.5399 14.3738 -10.3747 0 0
0 0 351 -5.14628 0.55067 -10.4186 9.95259 0 0
0 0 352 15.6396 1.83446 5.97966 -9.84007 0 0
0 0 353 6.4307 1.62957 -2.4476 -37.9998 0 0
0 0 354 -10.5118 16.3545 17.283 0.874132 0 0
0 0 355 -9.03927 -5.28644 -31.0488 -28.2313 0 0
0 0 356 -9.91514 -38.036 12.6011 34.855 0 0
0 0 357 12.4024 2.05297 -29.1326 -16.6403 0 0
0 0 358 3.05651 7.32024 -6.14184 8.14194 0 0
0 0 359 -21.6248 -24.6381 -17.4108 7.44111 0 0
0 0 360 1.20604 10.4587 17.821 25.1734 0 0
0 0 361 -10.5355 -4.09762 -6.37399 19.7632 0 0
0 0 362 18.352 0.281476 8.40928 -16.5164 0 0
0 0 363 -19.6418 -8.55697 -0.935174 4.29976 0 0
0 0 364 16.1448 11.6097 -10.4942 22.3229 0 0
0 0 365 12.7728 18.5619 -15.1576 -4.95458 0 0
0 0 366 18.5993 -6.07808 9.21214 0.529248 0 0
0 0 367 13.0709 -11.9586 12.1008 -5.02108 0 0
0 0 368 -2.7486 2.78795 -15.6529 -10.6213 0 0
0 0 369 -16.6218 -4.31107 -5.03776 -0.276918 0 0
0 0 370 12.692 21.9002 -8.78381 3.24399 0 0
0 0 371 25.6453 -3.04498 -21.3279 19.7852 0 0
0 0 372 -33.4776 2.25714 15.6556 3.22754 0 0
0 0 373 -7.2968 -22.6398 9.25344 12.3104 0 0
0 0 374 -23.4852 5.52574 -12.5376 0.512686 0 0
0 0 375 -6.58255 14.0705 13.2581 8.70595 0 0
0 0 376 14.1396 4.56154 -9.95175 13.0457 0 0
0 0 377 -17.9883 15.2057 4.15966 34.1211 0 0
0 0 378 8.83762 -5.65436 -18.8725 -19.8129 0 0
0 0 379 10.1234 -11.5093 5.56751 13.4937 0 0
0 0 380 -13.4421 2.53044 6.71368 4.13594 0 0
0 0 381 26.6811 10.4559 10.6285 0.623827 0 0
0 0 382 13.7112 7.36678 -11.6403 5.43494 0 0
0 0 383 24.3357 -25.4452 11.8971 -0.983635 0 0
0 0 384 -11.2626 -3.87111 15.4116 22.646 0 0
0 0 385 22.9167 2.32587 27.8411 2.38699 0 0
0 0 386 38.8457 14.2022 10.7042 21.9672 0 0
0 0 387 -2.19025 6.18704 -1.69724 25.5942 0 0
0 0 388 26.0086 19.2386 -7.94562 25.105 0 0
0 0 389 6.36968 -4.8236 45.4317 21.5707 0 0
0 0 390 7.4252 -1.88931 -14.5581 20.1923 0 0
0 0 391 -9.11166 -8.86531 12.9908 17.3171 0 0
0 0 392 -7.19167 13.4304 9.21842 15.022 0 0
0 0 393 22.1688 -0.863705 -2.79911 -7.84959 0 0
0 0 394 3.78795 -18.6825 -20.5946 38.8521 0 0
0 0 395 -4.55632 -7.95378 7.77782 5.6391 0 0
0 0 396 -1.64387 23.1648 4.76107 -5.11186 0 0
0 0 397 25.5052 7.66318 33.162 16.5949 0 0
0 0 398 -21.1981 -6.68446 4.42473 29.1438 0 0
0 0 399 -7.6121 -15.098 -26.8201 7.4785 0 0
0 0 400 -8.32978 -17.2183 -10.9015 5.13272 0 0
0 0 401 -13.1732 18.9682 -1.92666 -30.1457 0 0
0 0 402 -6.43242 -15.4731 18.2006 -12.7802 0 0
0 0 403 -12.7256 13.4092 8.79066 4.57348 0 0
0 0 404 -10.8996 -5.67128 18.883 2.90683 0 0
0 0 405 17.4731 -12.149 23.5619 -9.45703 0 0
0 0 406 -8.44447 -21.8394 7.04853 3.61388 0 0
0 0 407 0.950403 6.15154 28.8315 11.1495 0 0
0 0 408 -9.27193 -22.8007 -5.83104 11.8629 0 0
0 0 409 8.91697 2.80685 -12.8263 -7.24568 0 0
0 0 410 18.2939 14.8959 25.4842 -3.68262 0 0
0 0 411 16.6924 2.66947 28.7291 -14.4211 0 0
0 0 412 -7.78263 14.2184 4.14633 -16.6718 0 0
0 0 413 1.98197 -19.1934 18.953 -39.0359 0 0
0 0 414 20.9801 13.2369 11.16 0.243193 0 0
0 0 415 -10.9654 -4.33812 5.57588 -5.3941 0 0
0 0 416 1.30643 20.594 11.3589 10.4641 0 0
0 0 417 5.23782 -27.6749 13.0206 -2.52452 0 0
0 0 418 21.7328 -1.87967 12.3614 1.62207 0 0
0 0 419 -13.2216 -25.3004 15.9636 -4.20525 0 0
0 0 420 -9.12593 -16.876 6.70931 -10.2558 0 0
0 0 421 31.183 27.8203 1.85696 17.5599 0 0
0 0 422 -14.2999 20.3124 -16.872 5.70167 0 0
0 0 423 -12.7606 19.8506 -1.55095 12.1522 0 0
0 0 424 10.8574 -30.1445 2.33919 -2.58411 0 0
0 0 425 -7.38688 -21.0687 8.23078 -3.40188 0 0
0 0 426 11.2888 19.0612 21.0883 35.9319 0 0
0 0 427 19.9381 7.79569 -1.16116 25.5637 0 0
0 0 428 36.4476 -2.67657 7.36014 -7.27981 0 0
0 0 429 21.3103 -1.31329 -5.97348 23.5647 0 0
0 0 430 12.721 -14.6472 -23.5689 -3.686 0 0
0 0 431 20.5492 -44.9657 2.92382 2.00405 0 0
0 0 432 -0.610719 1.02712 20.8096 -0.280254 0 0
0 0 433 18.4221 4.90708 27.7745 0.262328 0 0
0 0 434 8.66485 12.0739 15.3576 -10.4527 0 0
0 0 435 -1.42555 1.85046 18.2736 16.0342 0 0
0 0 436 -3.76854 15.9389 -6.86313 -14.0975 0 0
0 0 437 -8.80399 9.97944 48.4422 5.26748 0 0
0 0 438 7.94403 12.7945 6.20435 -2.63857 0 0
0 0 439 9.65492 13.6469 -10.2659 34.7982 0 0
0 0 440 -6.21127 19.629 -6.15199 -14.3495 0 0
0 0 441 6.32699 19.851 -3.82175 2.46713 0 0
0 0 442 -9.17168 16.2881 -4.25026 -3.41613 0 0
0 0 443 3.37794 -25.9389 8.6542 -3.7015 0 0
0 0 444 9.8849 -20.399 1.14641 -3.46861 0 0
0 0 445 -13.2532 -6.42906 23.842 7.80378 0 0
0 0 446 12.282 -9.30101 12.1555 14.2345 0 0
0 0 447 21.7815 -0.211302 -12.1336 20.7236 0 0
0 0 448 12.3466 9.94332 5.52385 36.3436 0 0
0 0 449 38.8996 -11.8777 13.3535 -12.6108 0 0
0 0 450 8.9966 -19.1279 -19.3881 -4.04773 0 0
0 0 451 -4.21024 0.898007 19.6144 -3.36991 0 0
0 0 452 -3.99767 -16.0675 8.65989 -8.54866 0 0
0 0 453 28.6675 15.1783 1.88787 22.9009 0 0
0 0 454 1.2937 -0.193809 -18.0076 -9.88065 0 0
0 0 455 9.60182 -20.4667 -4.8428 25.6701 0 0
0 0 456 8.02437 2.3684 7.33461 29.2019 0 0
0 0 457 9.06049 0.436472 4.17389 -3.95825 0 0
0 0 458 -6.90894 -7.58189 25.2393 10.1451 0 0
0 0 459 8.51154 -4.8085 26.6163 11.0843 0 0
0 0 460 -7.68102 -6.85073 13.1232 2.64938 0 0
0 0 461 20.0912 -12.2225 -0.400274 -15.1081 0 0
0 0 462 12.3708 -2.17318 8.27055 17.847 0 0
0 0 463 19.7004 -2.56362 -9.83959 -1.31219 0 0
0 0 464 17.5404 1.1936 -36.1616 -8.34826 0 0
0 0 465 33.4143 -18.1159 -9.15482 12.5388 0 0
0 0 466 12.0072 -31.9793 -21.2844 -13.7094 0 0
0 0 467 17.0157 22.016 15.1571 28.6744 0 0
0 0 468 25.6102 21.6318 5.03037 11.7276 0 0
0 0 469 -12.6231 -5.16952 23.9007 8.30819 0 0
0 0 470 5.90285 4.73626 -31.2033 -30.7292 0 0
0 0 471 -23.6614 -5.64934 8.15429 17.4307 0 0
0 0 472 20.7706 3.63252 2.11781 -4.25324 0 0
0 0 473 -11.1366 6.69656 -9.70171 20.336 0 0
0 0 474 5.02764 -9.21751 -6.55986 -6.02429 0 0
0 0 475 -27.9874 21.8478 -36.9117 -20.5652 0 0
0 0 476 -21.0511 13.2725 -31.9207 -3.77491 0 0
0 0 477 -12.9601 12.6771 2.65922 8.54179 0 0
0 0 478 -2.22686 21.3117 -0.616723 -14.0275 0 0
0 0 479 5.77476 -22.551 22.5195 10.3177 0 0
0 0 480 22.6905 25.0275 19.4352 -4.10147 0 0
0 0 481 -23.221 11.7349 -26.3702 2.0393 0 0
0 0 482 -27.2827 -12.4913 -0.443271 5.56849 0 0
0 0 483 6.96691 -13.0329 8.11419 -10.4269 0 0
0 0 484 5.92458 -20.4587 4.68549 -2.21069 0 0
0 0 485 -7.56345 3.56407 0.663986 -14.3494 0 0
0 0 486 1.90614 -8.42797 7.82118 0.761816 0 0
0 0 487 -5.57982 -3.634 6.28026 0.56019 0 0
0 0 488 -25.1478 9.73516 24.9385 18.7545 0 0
0 0 489 4.83374 -4.90126 20.594 3.01495 0 0
0 0 490 7.00769 -5.64636 -11.1262 7.69674 0 0
0 0 491 5.75711 2.07192 -33.991 -11.8356 0 0
0 0 492 -1.25663 -4.4422 17.429 0.776503 0 0
0 0 493 12.6435 12.5319 -37.6802 32.0046 0 0
0 0 494 17.1746 -1.6712 -0.91139 4.39929 0 0
0 0 495 -2.50954 -24.6666 -0.337675 -6.94468 0 0
0 0 496 -10.0677 -6.83761 -2.9191 1.30544 0 0
0 0 497 -2.97338 4.62409 -18.1596 6.7159 0 0
0 0 498 5.77264 -28.2042 -10.6217 -2.23923 0 0
0 0 499 4.2041 11.9782 4.53838 -25.8318 0 0
0 0 500 -8.6014 -31.5769 -23.0999 12.2378 0 0
0 0 501 -22.8282 28.1289 5.33359 -3.95905 0 0
0 0 502 -1.21638 3.51795 -8.36953 -3.06556 0 0
0 0 503 -14.4215 1.32263 -17.8047 20.5882 0 0
0 0 504 26.0495 16.858 5.48147 -13.6888 0 0
0 0 505 -5.96678 -11.2643 -19.5888 -0.866269 0 0
0 0 506 5.64131 13.5863 7.24887 -3.39453 0 0
0 0 507 18.1602 -8.96278 -21.4103 -18.6841 0 0
0 0 508 6.95021 16.4053 21.5269 3.66872 0 0
0 0 509 -0.995661 -1.49784 18.6926 11.8565 0 0
0 0 510 3.43298 -12.0638 -23.7554 2.45516 0 0
0 0 511 -14.1329 20.3295 -13.845 23.8959 0 0
0 0 512 -31.09 -5.67672 -16.0539 18.8268 0 0
0 0 513 -4.44377 -0.604202 -20.2423 9.71743 0 0
0 0 514 -3.22245 16.8053 -2.07983 5.60487 0 0
0 0 515 -0.505687 5.01455 -9.12541 -3.83893 0 0
0 0 516 -2.5889 -5.91923 -24.1713 29.0528 0 0
0 0 517 0.682995 1.12433 -10.9398 -1.99814 0 0
0 0 518 10.3066 -9.43094 -8.75105 17.5508 0 0
0 0 519 -8.26875 7.12594 -8.37708 -13.0393 0 0
0 0 520 -12.0103 17.6025 4.09503 11.2042 0 0
0 0 521 1.68541 8.57384 21.6192 -19.5422 0 0
0 0 522 48.296 -0.949009 -7.34155 -24.2575 0 0
0 0 523 20.1227 -18.5034 -8.23445 -22.3342 0 0
0 0 524 42.3374 27.6518 14.0847 9.60295 0 0
0 0 525 3.30423 20.7555 -4.19881 28.7665 0 0
0 0 526 0.0450721 -1.43377 25.494 32.818 0 0
0 0 527 -18.5588 -1.78054 -3.28111 -6.45034 0 0
0 0 528 29.2919 -8.16229 13.1251 -3.17808 0 0
0 0 529 -3.65083 -18.2879 22.3696 9.54333 0 0
0 0 530 15.7796 -33.115 17.3024 11.0901 0 0
0 0 531 1.83042 -6.715 -5.14909 -4.69326 0 0
0 0 532 35.1916 -11.2479 -3.8231 -10.3487 0 0
0 0 533 -14.2794 -0.365821 -0.0337197 17.2074 0 0
0 0 534 1.3078 11.5257 28.4706 17.1257 0 0
0 0 535 3.96329 11.2853 10.6714 14.6469 0 0
0 0 536 -2.39742 -16.8667 7.97162 -10.9583 0 0
0 0 537 -3.48799 -31.3569 28.9443 8.19119 0 0
0 0 538 19.8737 -7.02893 -7.19503 17.1307 0 0
0 0 539 -8.44594 2.59418 -18.6539 13.8334 0 0
0 0 540 28.1113 -3.04464 12.5204 17.9247 0 0
0 0 541 22.0218 8.47261 -3.30859 1.39204 0 0
0 0 542 13.0587 16.9639 11.3033 -3.17331 0 0
0 0 543 -2.13497 -0.0741577 4.0122 -4.35813 0 0
0 0 544 -26.5274 -8.20036 11.6589 14.5414 0 0
0 0 545 11.7396 -3.06961 14.5194 -15.0262 0 0
0 0 546 18.9552 5.46747 34.1842 -44.8145 0 0
0 0 547 34.4768 4.29126 -10.4147 -0.45574 0 0
0 0 548 7.49613 15.2408 -18.2339 6.01718 0 0
0 0 549 -5.52973 -2.01954 -1.2833 18.8351 0 0
0 0 550 -21.5983 -17.9162 13.7708 0.823142 0 0
0 0 551 7.21842 -45.3047 14.0124 11.9737 0 0
0 0 552 29.4259 33.8797 -18.953 -5.51798 0 0
0 0 553 -13.4752 -34.6826 -15.7003 -11.5451 0 0
0 0 554 -5.69894 -17.8076 29.9099 -8.73299 0 0
0 0 555 11.2374 -4.4656 -39.5568 17.3981 0 0
0 0 556 7.96916 9.90899 5.48847 -5.87513 0 0
0 0 557 25.0832 -19.3645 -7.47346 -3.57874 0 0
0 0 558 -7.79461 -25.1178 -31.9104 -5.37295 0 0
0 0 559 -21.5793 23.5112 14.1703 -3.95112 0 0
0 0 560 41.0374 -17.0508 -22.7327 20.5771 0 0
0 0 561 -7.19687 4.80747 -16.8314 -7.87833 0 0
0 0 562 0.259513 -6.25383 -11.2427 26.2592 0 0
0 0 563 2.55439 -26.9644 32.8553 -10.0077 0 0
0 0 564 -6.86164 4.6374 8.69342 -5.06764 0 0
0 0 565 13.2129 11.7999 -12.4651 -10.1078 0 0
0 0 566 6.93531 -3.94036 -22.5489 5.36986 0 0
0 0 567 17.5323 -24.6018 -10.9782 4.89634 0 0
0 0 568 -8.53983 -14.3955 -3.47498 -13.1191 0 0
0 0 569 27.3292 -5.68787 -22.5046 18.9598 0 0
0 0 570 -7.58316 -4.3824 -20.3886 -16.2218 0 0
0 0 571 -4.72155 11.412 1.77058 25.8983 0 0
0 0 572 -0.856584 9.83159 2.33572 -20.8248 0 0
0 0 573 6.26455 19.0866 15.7214 19.3291 0 0
0 0 574 0.988978 2.70434 -0.772804 -1.81592 0 0
0 0 575 -0.843751 -7.891 8.39296 -5.75362 0 0
0 0 576 -19.9567 6.66457 -0.00191217 10.5465 0 0
0 0 577 15.9475 -2.53005 -8.08002 -7.65152 0 0
0 0 578 -16.7542 8.29863 30.6034 -9.53901 0 0
0 0 579 1.60885 16.1719 -2.72431 -4.25074 0 0
0 0 580 6.58702 -6.22623 1.38049 5.5026 0 0
0 0 581 -24.2632 -2.6487 -14.5479 34.8498 0 0
0 0 582 41.9974 -19.5852 -7.86063 14.5464 0 0
0 0 583 11.6606 2.29364 -15.6772 -0.195635 0 0
0 0 584 25.554 0.548642 -15.1428 12.1148 0 0
0 0 585 5.01452 -1.36115 -7.71748 7.28766 0 0
0 0 586 26.6125 -27.9525 -2.38175 -7.3505 0 0
0 0 587 6.81442 -16.5384 0.178692 21.8796 0 0
0 0 588 -29.8585 -18.4545 6.33049 -11.0895 0 0
0 0 589 31.1436 17.3541 11.9713 15.2188 0 0
0 0 590 -28.7264 2.39045 7.91196 -26.7029 0 0
0 0 591 7.9487 -14.6921 -20.6417 5.87885 0 0
0 0 592 -7.7073 42.9014 10.7474 -11.8926 0 0
0 0 593 -13.103 -33.8169 -3.11678 4.26597 0 0
0 0 594 -4.97556 -24.7269 -13.4702 -6.64733 0 0
0 0 595 -7.8387 -4.05534 2.56514 -22.3298 0 0
0 0 596 -3.2115 9.7544 -17.1946 -27.6686 0 0
0 0 597 -3.98569 2.13169 32.2848 4.15374 0 0
0 0 598 17.0855 -22.7578 -0.83269 -16.8089 0 0
0 0 599 24.4893 -18.6805 6.63981 0.814508 0 0
0 0 600 19.9125 -10.2929 -3.38377 -20.8724 0 0
0 0 601 41.1634 19.64 -20.572 -27.9643 0 0
0 0 602 3.5894 25.0551 9.70144 -7.2137 0 0
0 0 603 15.2972 -9.84129 18.1962 -20.422 0 0
0 0 604 18.117 25.0349 -6.47689 37.5564 0 0
0 0 605 -24.1602 21.4668 -13.8812 -0.200491 0 0
0 0 606 22.7845 -9.92861 -22.1555 -2.02066 0 0
0 0 607 4.90234 -9.65292 2.17583 7.69743 0 0
0 0 608 5.07122 -22.8394 -32.2125 -9.25297 0 0
0 0 609 -1.72672 -4.0123 -2.74516 -14.5063 0 0
0 0 610 -33.5996 -5.55144 -25.6148 -1.52832 0 0
0 0 611 12.7604 18.6513 -33.6433 7.51957 0 0
0 0 612 18.7109 -28.0471 -6.63504 17.1579 0 0
0 0 613 17.2466 27.7396 11.7813 34.5718 0 0
0 0 614 -21.7718 6.64397 -2.9932 -22.6522 0 0
0 0 615 -14.4939 -3.84149 3.02074 -10.2214 0 0
0 0 616 -15.8273 12.4337 -19.251 -8.15632 0 0
0 0 617 11.1165 18.6555 -2.97483 8.09178 0 0
0 0 618 4.72255 -10.4034 -11.6334 20.7668 0 0
0 0 619 21.7222 5.15432 -21.8416 -9.14935 0 0
0 0 620 -9.75688 12.9312 17.9494 -1.75978 0 0
0 0 621 -9.64221 4.40954 -15.2525 13.2958 0 0
0 0 622 -19.4315 -29.9913 5.70215 -0.369708 0 0
0 0 623 2.30489 15.899 1.80904 -8.971 0 0
0 0 624 24.5391 13.3318 -0.32386 14.4424 0 0
0 0 625 3.39325 -2.56422 11.9587 5.98131 0 0
0 0 626 17.8285 -14.3219 -7.01897 0.476761 0 0
0 0 627 -3.26315 -21.0857 -13.4658 14.3453 0 0
0 0 628 7.5626 5.28759 -9.0329 -1.71218 0 0
0 0 629 -5.37316 -22.9383 -1.1506 -14.156 0 0
0 0 630 -8.75075 22.9786 -22.4153 -14.3618 0 0
0 0 631 -0.284117 13.3876 -3.73631 25.3411 0 0
0 0 632 23.0163 16.5072 -10.8056 3.46812 0 0
0 0 633 23.5305 -13.1086 3.84788 16.568 0 0
0 0 634 2.10403 -14.2563 34.9332 3.72952 0 0
0 0 635 18.4928 10.1887 -9.33876 -18.3862 0 0
0 0 636 23.7471 -9.26661 2.72685 -26.9189 0 0
0 0 637 13.8339 34.1888 19.0144 14.7342 0 0
0 0 638 3.78969 8.42495 -8.99765 7.28966 0 0
0 0 639 -12.8447 -4.47778 -10.0326 34.3498 0 0
0 0 640 17.4759 19.6992 -9.10391 19.7901 0 0
0 0 641 38.4549 5.72229 25.6262 18.5703 0 0
0 0 642 -2.65979 -2.60533 9.44796 -20.3361 0 0
0 0 643 -7.56931 -23.2093 0.770728 1.74959 0 0
0 0 644 -4.07855 -19.8721 5.49043 -5.31403 0 0
0 0 645 18.3901 -15.2922 19.4499 -26.003 0 0
0 0 646 10.1936 4.92988 -2.763 28.3665 0 0
0 0 647 -22.1001 3.45574 7.98552 9.85137 0 0
0 0 648 25.7073 0.164774 25.957 -28.2163 0 0
0 0 649 -8.22391 -7.69282 17.7609 23.5559 0 0
0 0 650 8.50282 0.910368 -4.44308 -20.2408 0 0
0 0 651 23.5983 4.43104 3.63567 -12.3935 0 0
0 0 652 22.8314 24.6785 26.9239 28.5526 0 0
0 0 653 -4.83303 -8.94427 3.79381 -23.022 0 0
0 0 654 -3.75073 -1.23515 -2.80392 14.7062 0 0
0 0 655 10.2423 13.6247 3.92867 -14.2344 0 0
0 0 656 10.3943 -4.33212 39.0104 -10.98 0 0
0 0 657 -7.18091 7.40177 1.57497 -12.5997 0 0
0 0 658 -3.60263 1.35267 11.265 3.64222 0 0
0 0 659 27.2361 -5.80586 9.98036 -1.7748 0 0
0 0 660 44.2513 5.12924 -23.4131 -9.10573 0 0
0 0 661 -1.79614 17.6404 2.49659 9.39811 0 0
0 0 662 -5.37336 -23.111 -7.96754 -1.92894 0 0
0 0 663 -23.237 3.13933 -14.4475 3.38705 0 0
0 0 664 3.07611 -11.2307 9.38676 -6.97571 0 0
0 0 665 -8.78457 -10.3183 14.6606 -5.86698 0 0
0 0 666 16.1928 -8.54703 -14.463 3.23353 0 0
0 0 667 2.69803 -10.7269 -6.6618 23.3926 0 0
0 0 668 -4.96194 -19.4907 -14.943 -4.99839 0 0
0 0 669 13.0274 17.8907 10.0702 0.850797 0 0
0 0 670 15.1048 -24.0499 -2.3 7.99905 0 0
0 0 671 5.40274 -3.86527 2.95921 -18.9825 0 0
0 0 672 -16.1142 9.94027 11.8905 -32.3407 0 0
0 0 673 30.6651 17.1323 -6.40573 8.81411 0 0
0 0 674 24.9391 1.26727 -7.75372 -13.7548 0 0
0 0 675 -1.22815 -6.68604 0.788078 5.96792 0 0
0 0 676 -0.0115042 1.40976 -6.39335 25.241 0 0
0 0 677 23.2986 0.555618 -4.43021 30.0471 0 0
0 0 678 -10.6451 6.64396 18.152 27.0601 0 0
0 0 679 5.32772 -4.7827 -16.5314 24.3325 0 0
0 0 680 10.6222 14.2388 28.0609 0.574757 0 0
0 0 681 -12.6348 4.91377 8.2358 23.277 0 0
0 0 682 -6.96162 -8.72336 17.4346 -0.75599 0 0
0 0 683 10.4015 -11.4418 26.8156 -0.967371 0 0
0 0 684 27.4362 -6.13515 -14.4294 26.6978 0 0
0 0 685 -5.59391 -1.98504 12.3476 26.7836 0 0
0 0 686 10.1528 18.3748 10.4221 0.262448 0 0
0 0 687 -16.7691 -5.72844 1.27482 7.49613 0 0
0 0 688 -27.1714 15.1349 -20.5894 9.02786 0 0
0 0 689 -1.25548 -2.0191 14.4524 -20.3279 0 0
0 0 690 -15.3542 17.0909 -7.63398 34.2164 0 0
0 0 691 5.62928 15.4752 -2.76681 -25.6206 0 0
0 0 692 -4.8083 -15.7571 10.3525 6.11931 0 0
0 0 693 10.5306 -3.03388 -19.4289 -9.79082 0 0
0 0 694 -18.4766 9.20981 -14.1362 -8.5379 0 0
0 0 695 -20.7368 -7.16873 -0.66661 1.87668 0 0
0 0 696 -19.4333 16.9819 -9.17506 14.2275 0 0
0 0 697 -9.62229 -5.23639 -8.156 2.26284 0 0
0 0 698 -7.01086 -3.34444 -22.7625 20.8602 0 0
0 0 699 -13.5005 -29.4105 2.65316 -5.94873 0 0
0 0 700 18.5119 -3.41483 29.7937 -8.55857 0 0
0 0 701 8.00056 -14.1068 16.53 -5.79825 0 0
0 0 702 -3.79631 51.0878 -2.07433 11.4682 0 0
0 0 703 -2.40044 -26.7916 -1.51012 13.0408 0 0
0 0 704 -5.70292 16.0345 0.353436 9.27685 0 0
0 0 705 19.5134 8.8758 -16.2359 -3.01163 0 0
0 0 706 -3.17697 -9.55514 14.4609 -11.0915 0 0
0 0 707 -3.4676 2.56438 21.8205 7.98202 0 0
0 0 708 -7.89361 7.07028 9.34111 10.9706 0 0
0 0 709 0.29123 -8.401 -11.2897 7.83054 0 0
0 0 710 18.4784 -1.29377 27.3455 23.6353 0 0
0 0 711 -21.5965 -10.5048 4.01352 22.1829 0 0
0 0 712 10.4413 7.77136 -17.8853 -0.123467 0 0
0 0 713 19.2826 -13.3679 5.0552 -10.4625 0 0
0 0 714 -36.8676 11.5228 7.00487 34.1335 0 0
0 0 715 -14.8504 -11.5615 15.9313 -9.76372 0 0
0 0 716 10.6498 -7.70084 -5.51163 18.3676 0 0
0 0 717 -17.3964 11.4969 1.55281 -12.2568 0 0
0 0 718 -0.579109 8.98767 -13.4911 30.6297 0 0
0 0 719 25.7447 -3.24533 -4.09476 6.94027 0 0
0 0 720 -16.4174 -4.09613 -10.0775 12.717 0 0
0 0 721 30.145 19.034 32.7735 4.07674 0 0
0 0 722 -14.3495 7.91216 28.6833 -8.3118 0 0
0 0 723 28.5302 -37.0333 -6.71744 29.0822 0 0
0 0 724 -14.007 -13.6984 20.4344 -18.0578 0 0
0 0 725 -1.96709 -34.2744 -6.23168 -13.1547 0 0
0 0 726 1.5509 -3.48589 19.1861 2.88405 0 0
0 0 727 -31.5615 -0.066987 20.4438 -6.54432 0 0
0 0 728 22.7507 9.54885 6.94755 -3.48471 0 0
0 0 729 6.37552 -14.2572 3.94946 -5.11549 0 0
0 0 730 37.6639 20.6093 -10.1435 -9.63639 0 0
0 0 731 30.7267 3.60374 21.6641 -7.16826 0 0
0 0 732 16.3833 12.5548 0.502124 -10.9066 0 0
0 0 733 -10.7119 -2.02785 -37.1223 20.2247 0 0
0 0 734 -21.3661 6.88629 4.93129 23.4523 0 0
0 0 735 -6.10557 9.65272 -17.8602 -15.7592 0 0
0 0 736 15.2494 -24.0582 -1.5021 17.8878 0 0
0 0 737 6.2321 -22.9862 -11.9462 21.1314 0 0
0 0 738 -3.65972 24.7781 -14.3218 13.4393 0 0
0 0 739 19.6232 10.9297 -26.5774 -17.4796 0 0
0 0 740 18.3705 22.1753 -10.9684 32.1914 0 0
0 0 741 -0.733169 -26.7006 11.3957 -20.5043 0 0
0 0 742 -8.18984 -1.0156 16.3769 36.3246 0 0
0 0 743 -4.12255 9.48492 -7.3541 5.71284 0 0
0 0 744 14.2437 -2.12467 29.7498 -5.83341 0 0
0 0 745 -2.74778 -17.3491 -21.1384 -6.17253 0 0
0 0 746 -14.2345 -1.35515 -7.89055 -7.68127 0 0
0 0 747 28.0359 0.7822 -6.73804 8.79932 0 0
0 0 748 6.60407 8.68805 -25.3869 -8.43008 0 0
0 0 749 -18.8379 -9.55213 6.74021 -1.78623 0 0
0 0 750 6.11117 -1.16722 -17.2752 -0.493572 0 0
0 0 751 14.7795 -3.42115 -2.96036 -11.8942 0 0
0 0 752 -20.0153 -3.77254 2.7105 -6.00266 0 0
0 0 753 8.96776 13.3052 18.91 14.6647 0 0
0 0 754 1.23979 -3.63709 -13.6423 -4.85278 0 0
0 0 755 11.1764 8.16877 -13.7441 -2.79562 0 0
0 0 756 3.8212 -4.94137 -14.3586 -28.6219 0 0
0 0 757 16.302 2.38516 -7.79593 5.77049 0 0
0 0 758 -19.954 3.09128 -10.0763 -8.7594 0 0
0 0 759 3.67285 -16.9622 6.75337 16.7386 0 0
0 0 760 16.1133 -8.46239 -16.7725 -7.02527 0 0
0 0 761 12.483 3.09079 9.85947 -14.7739 0 0
0 0 762 9.43689 -3.99382 -10.3637 -4.11782 0 0
0 0 763 -2.25419 24.2591 -1.73146 7.5306 0 0
0 0 764 -25.3974 -6.91458 26.9539 -15.3797 0 0
0 0 765 15.6404 3.44239 -7.06348 11.2185 0 0
0 0 766 -13.8194 1.1535 12.6377 9.45617 0 0
0 0 767 -11.9485 6.46644 10.902 -0.348758 0 0
0 0 768 -16.2225 -5.16997 -16.3708 4.28139 0 0
0 0 769 -0.883938 2.99234 22.3906 13.5984 0 0
0 0 770 -13.8445 -16.2228 -17.9194 23.4501 0 0
0 0 771 -10.0919 1.61923 -2.33799 -23.1863 0 0
0 0 772 20.6393 -9.21942 -7.6102 15.7047 0 0
0 0 773 1.05843 6.44935 -2.61509 8.24608 0 0
0 0 774 19.1854 13.9475 23.9946 2.17061 0 0
0 0 775 -8.47767 -8.4609 11.4748 -15.6316 0 0
0 0 776 -0.849298 -12.0138 -11.9606 18.9755 0 0
0 0 777 -9.02265 -6.4184 3.99971 6.30107 0 0
0 0 778 -11.772 28.283 4.50936 -12.2523 0 0
0 0 779 2.15802 -11.0624 10.9437 -22.5468 0 0
0 0 780 4.0007 -13.6529 38.7235 4.18353 0 0
0 0 781 10.8336 0.126655 -18.2995 10.6927 0 0
0 0 782 25.5278 13.0989 39.0689 20.5789 0 0
0 0 783 12.8737 -0.387485 -26.0537 12.6915 0 0
0 0 784 16.4778 -11.3901 -7.33432 11.8274 0 0
0 0 785 14.8205 -3.40579 -6.40633 -2.45346 0 0
0 0 786 19.9055 -26.6928 37.1147 -4.99247 0 0
0 0 787 -15.3078 -12.7055 -16.2068 -9.52085 0 0
0 0 788 -19.7305 15.5878 35.6424 -21.7349 0 0
0 0 789 -2.12846 13.7179 1.63575 -29.1546 0 0
0 0 790 -7.23749 -13.3072 10.0719 0.150335 0 0
0 0 791 7.88413 -0.00230694 -1.21589 2.37088 0 0
0 0 792 -11.5316 11.1716 10.1526 -3.56961 0 0
0 0 793 -14.7975 13.6886 -3.08753 -1.07208 0 0
0 0 794 5.87144 8.24827 32.1896 -0.187281 0 0
0 0 795 2.75899 -1.25037 30.7156 -18.6654 0 0
0 0 796 -13.7245 2.60247 -8.45805 -19.136 0 0
0 0 797 11.299 5.42366 -17.0934 -2.93748 0 0
0 0 798 20.2452 13.2039 -11.5033 -16.95 0 0
0 0 799 -22.4405 23.1871 1.93643 -28.6677 0 0
0 0 800 -18.3457 -8.80027 2.37514 -8.19767 0 0
0 0 801 -19.3105 37.2158 9.76838 -5.06184 0 0
0 0 802 -5.86423 9.69948 7.44684 -33.0527 0 0
0 0 803 23.5835 -19.0851 -21.3343 -19.3615 0 0
0 0 804 6.65617 0.777332 -0.609334 -2.97931 0 0
0 0 805 -23.1666 -1.25707 -15.8836 6.26921 0 0
0 0 806 -16.0215 -29.5309 -9.20423 2.83683 0 0
0 0 807 10.8138 -19.5854 -16.116 -3.92189 0 0
0 0 808 24.1144 3.43129 9.85673 7.33305 0 0
0 0 809 7.4481 20.4847 -18.2101 -25.755 0 0
0 0 810 8.18387 -13.1528 19.0054 -2.1221 0 0
0 0 811 2.75807 4.82052 -15.3682 8.914 0 0
0 0 812 9.69916 11.1228 -16.1916 -39.7266 0 0
0 0 813 -29.0344 1.51663 2.04594 -9.95033 0 0
0 0 814 3.1604 -50.6908 4.01188 -17.9968 0 0
0 0 815 -1.45466 -6.72522 -3.96096 -5.54645 0 0
0 0 816 19.1121 -2.65833 15.0891 22.55 0 0
0 0 817 7.98035 8.72459 -5.6914 -16.7665 0 0
0 0 818 -18.9834 -33.1712 -19.7443 -20.4551 0 0
0 0 819 6.42999 -4.30673 -16.3936 -21.9879 0 0
0 0 820 2.36112 -7.09584 12.149 4.83797 0 0
0 0 821 -32.4252 56.0614 -20.6781 14.6184 -10.1232 7.54362
0 0 822 -10.2166 2.04952 -13.0319 6.9346 0 0
0 0 823 22.4775 17.9609 -11.7334 10.9826 0 0
0 0 824 -17.8991 0.841834 2.52835 2.43735 0 0
0 0 825 4.16601 8.23048 -0.806229 -5.37526 0 0
0 0 826 2.08064 9.11642 -10.1528 -10.4735 0 0
0 0 827 9.70455 -11.4753 -16.7232 10.725 0 0
0 0 828 3.33306 7.55615 13.052 36.4281 0 0
0 0 829 -12.4751 8.08337 30.0589 6.53095 0 0
0 0 830 -28.4467 -6.5415 7.76977 22.6772 0 0
0 0 831 21.9819 30.6007 6.74963 -24.8673 0 0
0 0 832 -14.1468 -27.7108 -23.2355 -10.2114 0 0
0 0 833 -6.54745 -11.5416 -0.112551 13.9842 0 0
0 0 834 11.4319 -17.0776 -8.94524 23.6069 0 0
0 0 835 -1.77654 -41.7074 0.594676 11.7203 0 0
0 0 836 13.3868 22.6974 -4.6663 -3.23504 0 0
0 0 837 -1.50649 13.7894 14.3257 -13.3692 0 0
0 0 838 -5.90815 14.6613 -17.8201 -19.2628 0 0
0 0 839 -12.3858 1.17116 9.37587 -16.5885 0 0
0 0 840 19.4087 10.3216 20.5911 7.2106 0 0
0 0 841 -11.9977 8.3892 -7.84068 2.89706 0 0
0 0 842 -26.5654 13.0364 -6.86542 -16.5599 0 0
0 0 843 26.2803 19.0928 -9.58203 2.21343 0 0
0 0 844 24.333 4.67973 -25.7946 12.8814 0 0
0 0 845 -20.9683 9.3463 2.41373 25.7276 0 0
0 0 846 15.6518 1.82185 10.616 -1.09116 0 0
0 0 847 -3.73404 9.89809 -13.6674 10.3407 0 0
0 0 848 -6.2754 25.3337 -2.73597 43.8117 0 0
0 0 849 -28.4137 2.52693 -2.00275 -23.3372 0 0
0 0 850 -21.2458 -4.75278 -8.7433 23.0558 0 0
0 0 851 26.0079 -11.5178 4.0715 20.9593 0 0
0 0 852 15.1562 2.85312 -14.0169 -15.3861 0 0
0 0 853 -4.09713 -6.81683 8.45493 -19.801 0 0
0 0 854 -2.60055 -26.6976 -8.45506 -8.57578 0 0
0 0 855 -6.53127 28.8077 -6.65095 -0.664038 0 0
0 0 856 -6.82528 8.81786 10.6932 11.5604 0 0
0 0 857 -0.975225 7.29054 -3.45172 -26.2 0 0
0 0 858 17.7479 10.5664 -7.41204 19.0689 0 0
0 0 859 19.9769 8.7076 1.24589 -6.69799 0 0
0 0 860 32.2579 -11.2023 9.58917 -11.7121 0 0
0 0 861 31.6205 1.86925 -38.5782 -11.0217 0 0
0 0 862 5.15523 3.62983 -28.2966 2.82626 0 0
0 0 863 18.2138 -13.7667 -16.5715 4.84466 0 0
0 0 864 -10.3509 16.6794 -14.2669 -18.1657 0 0
0 0 865 9.61754 10.3137 12.4597 12.0928 0 0
0 0 866 34.2915 16.8288 -16.6752 -4.36628 0 0
0 0 867 36.2444 21.0246 -47.6644 15.2418 0 0
0 0 868 7.14966 21.8863 19.139 4.56508 0 0
0 0 869 -4.22872 -26.1338 -24.6004 30.3355 0 0
0 0 870 3.08231 16.6364 -21.8673 -18.6843 0 0
0 0 871 13.5796 12.5631 -4.40326 27.451 0 0
0 0 872 14.7086 4.19698 -28.8321 25.4447 0 0
0 0 873 42.608 27.098 5.47255 6.82985 0 0
0 0 874 45.0493 29.5203 -22.5772 -29.668 0 0
0 0 875 4.626 -8.03209 -15.8963 -2.69137 0 0
0 0 876 19.5389 -5.59899 -21.0806 6.88554 0 0
0 0 877 8.1248 24.7087 -14.3058 -25.6381 0 0
0 0 878 21.773 25.0194 -15.7947 14.9946 0 0
0 0 879 -0.113976 9.797 -25.7499 -3.98801 0 0
0 0 880 13.0936 -2.33664 -26.2743 -7.83712 0 0
0 0 881 8.21399 2.84692 -26.8745 -3.01576 0 0
0 0 882 42.7414 27.1014 -46.4762 15.2112 -29.8763 8.43641
0 0 883 38.4389 34.424 2.49846 -9.76554 0 0
0 0 884 47.2209 15.787 6.19487 14.4319 0 0
0 0 885 26.4289 -26.3077 0.340492 5.04285 0 0
0 0 886 16.5284 -16.5291 -15.7617 -4.62348 0 0
0 0 887 -6.73272 11.1286 -11.9036 6.17584 0 0
0 0 888 30.6268 10.8273 -13.6144 9.53179 0 0
0 0 889 3.86859 31.852 -17.7633 -20.6405 0 0
0 0 890 19.9846 2.96404 -5.65562 -3.68706 0 0
0 0 891 24.1806 19.0693 -9.64577 26.4484 0 0
0 0 892 18.4147 -35.9005 -18.3716 -20.7032 0 0
0 0 893 -6.77198 26.8575 9.91422 -12.8098 0 0
0 0 894 13.5334 -2.98301 -20.1253 7.37497 0 0
0 0 895 22.3045 8.18941 -28.0841 -27.126 0 0
0 0 896 7.81287 -0.882216 -32.7763 18.0751 0 0
0 0 897 -2.6055 -4.55056 -31.6596 1.6747 0 0
0 0 898 12.8649 -18.2028 -26.849 -1.55266 0 0
0 0 899 3.17563 40.5024 3.05923 -2.71039 0 0
0 0 900 -17.2052 11.5522 -7.65425 -17.3435 0 0
0 0 901 8.28621 -16.1407 -3.54994 4.35472 0 0
0 0 902 7.45522 -13.241 -22.3845 -17.4529 0 0
0 0 903 5.49344 -9.98756 20.7119 17.0588 0 0
0 0 904 36.5703 22.2759 0.776522 4.13174 0 0
0 0 905 -0.582745 22.355 -17.0556 3.39053 0 0
0 0 906 9.43042 2.36537 -20.1026 34.2536 0 0
0 0 907 5.2356 33.4234 -7.8851 25.6694 0 0
0 0 908 9.62202 -0.185861 -28.7707 -5.24636 0 0
0 0 909 2.54417 10.8023 -19.791 27.3488 0 0
0 0 910 0.138538 39.2091 -0.17914 17.1864 0 0
0 0 911 7.10541 21.504 -5.55114 8.95173 0 0
0 0 912 34.3498 10.5705 -14.6421 1.28342 0 0
0 0 913 45.0841 30.9971 -42.7708 3.93154 -27.0341 8.58421
0 0 914 33.245 40.7111 -14.0055 14.082 0 0
0 0 915 18.565 -4.67053 -17.5156 -11.6715 0 0
0 0 916 46.6019 -10.1868 -4.63538 -27.4134 0 0
0 0 917 44.3469 -8.1275 -25.7398 -16.4176 0 0
0 0 918 40.8221 1.13104 -52.5239 6.51685 0 0
0 0 919 50.1875 -13.3479 -26.2202 -13.0577 0 0
0 0 920 40.5765 26.0577 -49.941 40.0743 -31.2229 8.06108
0 0 921 65.3632 18.0345 -34.6671 19.0761 0 0
0 0 922 74.2899 -6.15671 -16.5482 5.3239 0 0
0 0 923 83.3612 20.5839 -49.6992 -0.562252 -33.7511 8.44753
0 0 924 63.3818 11.4141 -29.0018 -13.9131 0 0
0 0 925 53.441 1.50765 -32.3515 1.79287 0 0
0 0 926 54.9217 28.2578 -40.4813 0.72155 0 0
0 0 927 40.0727 24.9142 -48.182 -0.424308 -31.3286 8.37167
0 0 928 62.4787 -1.08644 -50.1684 6.23662 0 0
0 0 929 79.4115 22.1413 -72.4743 34.7726 -36.5059 6.00049
0 0 930 55.129 0.567226 -69.6134 -11.446 -44.7666 6.53798
0 0 931 57.8455 -12.2109 -59.2311 -9.43846 -50.8243 7.52264
0 0 932 107.716 19.6484 -72.0526 13.1595 -37.3733 6.08974
0 0 933 66.2021 -8.91286 -62.5801 25.0805 -49.0529 7.19881
0 0 934 100.709 14.1446 -46.191 -11.8249 0 0
0 0 935 82.5871 9.70011 -44.6139 4.62015 0 0
0 0 936 138.75 17.2049 -88.3917 -10.9822 -39.4927 5.05234
0 0 937 139.055 6.12276 -57.4419 -25.7761 -41.9579 7.87801
0 0 938 122.023 15.0262 -57.0459 -2.35573 -37.6216 7.70998
0 0 939 118.984 -5.966 -69.3592 21.9978 -47.4581 6.53751
0 0 940 126.058 -1.54324 -78.1105 -27.4488 -45.5659 5.8258
0 0 941 156.07 -4.72574 -50.7775 -20.7362 0 0
0 0 942 170.383 2.01591 -51.1759 -24.0523 0 0
0 0 943 146.691 -4.34523 -68.3527 11.0557 -46.8187 6.64509
0 0 944 175.095 -4.1489 -27.9722 2.7901 0 0
0 0 945 149.865 -21.3619 -39.0482 -6.93704 0 0
0 0 946 166.382 -11.8745 -14.3042 26.2796 0 0
0 0 947 178.565 20.9437 -8.26614 19.2112 0 0
0 0 948 194.058 5.66605 -17.4102 -32.6764 0 0
0 0 949 201.727 12.7011 40.7838 -13.7849 0 0
0 0 950 176.86 0.878326 1.3271 22.2889 0 0
0 0 951 195.808 -20.5089 26.2097 -22.948 0 0
0 0 952 183.558 2.75291 62.0961 9.72803 43.7308 7.32236
0 0 953 203.963 -17.2009 25.291 32.5826 0 0
0 0 954 211.135 3.41814 65.3856 11.528 43.5037 6.95127
0 0 955 197.781 -18.2917 62.0451 3.212 53.2131 7.03019
0 0 956 241.127 -14.6743 58.4209 -12.4872 52.05 7.5512
0 0 957 255.323 15.3613 62.8677 2.52788 38.1346 7.02853
0 0 958 237.958 13.9762 95.1613 -8.4627 40.8224 4.73104
0 0 959 215.874 3.15187 66.0613 2.08249 43.6342 6.88177
0 0 960 226.227 25.2203 46.7132 -12.798 30.8178 8.55253
0 0 961 247.137 0.477898 61.3478 11.4761 44.7768 7.41889
0 0 962 218.576 -8.32718 53.3025 -3.59895 49.4396 8.43442
0 0 963 210.559 18.1879 57.716 16.9487 36.2545 7.51394
0 0 964 185.754 -10.9184 28.518 -9.17998 0 0
0 0 965 170.501 -1.52526 24.2545 11.9607 0 0
0 0 966 197.655 -4.91174 25.5084 -4.74011 0 0
0 0 967 214.229 -9.41404 3.74921 -2.2502 0 0
0 0 968 182.217 5.32938 7.22959 25.7136 0 0
0 0 969 176.116 -7.56512 24.4588 14.4105 0 0
0 0 970 146.518 1.94891 -3.06515 14.4072 0 0
0 0 971 156.07 4.12352 8.29532 -23.6271 0 0
0 0 972 156.515 9.76904 10.8858 -4.49197 0 0
0 0 973 151.695 -15.3398 11.0601 4.77134 0 0
0 0 974 147.651 1.73022 -10.8977 0.232615 0 0
0 0 975 136.604 -6.22842 -26.3696 -26.6596 0 0
0 0 976 146.46 0.284889 7.65155 22.2243 0 0
0 0 977 105.27 -33.3019 -14.1778 13.6798 0 0
0 0 978 138.489 -16.0486 -4.08777 20.2392 0 0
0 0 979 139.727 -22.8211 -0.688549 0.533419 0 0
0 0 980 133.483 -32.804 -27.213 8.18946 0 0
0 0 981 141.471 -52.7358 -15.9657 -7.49406 -81.5782 8.1775
0 0 982 117.174 -2.75644 -9.80176 -3.8791 0 0
0 0 983 116.598 -33.5395 -4.02907 -21.7011 0 0
0 0 984 124.275 -3.88552 10.9659 -45.7293 0 0
0 0 985 118.647 -12.0186 21.2817 -8.48991 0 0
0 0 986 101.093 6.30156 -67.9727 -11.969 -42.3517 6.66681
0 0 987 92.2659 9.16717 -6.04384 -7.2357 0 0
0 0 988 81.1947 -28.492 -47.9602 5.25655 -60.3568 8.1357
0 0 989 81.538 5.37792 -21.5693 -0.899313 0 0
0 0 990 99.4445 4.64529 4.75628 4.39791 0 0
0 0 991 80.3036 -4.65665 -4.93186 -8.43682 0 0
0 0 992 96.275 7.55123 -34.0739 -1.12091 0 0
0 0 993 83.9883 8.0756 -2.78796 -40.7264 0 0
0 0 994 74.1583 8.88139 -20.5438 0.964892 0 0
0 0 995 82.1657 16.9045 -4.79852 -6.74858 0 0
0 0 996 78.5721 15.3115 5.421 1.35353 0 0
0 0 997 78.5837 13.8704 -25.9547 -19.7936 0 0
0 0 998 70.4777 -23.9331 9.25273 -46.8343 0 0
0 0 999 76.3782 -19.3781 -7.91726 -14.2023 0 0
0 0 1000 49.8198 -12.8486 -25.6265 -3.3025 0 0
0 0 1001 21.8752 -23.676 26.2378 5.86565 0 0
0 0 1002 93.5838 8.03988 -6.16007 -4.22723 0 0
0 0 1003 71.9037 -20.757 -6.13251 -29.7033 0 0
0 0 1004 71.0621 -2.62481 -3.06387 -24.5311 0 0
0 0 1005 61.4566 -19.6461 5.3061 43.7021 0 0
0 0 1006 78.6322 -34.2984 -35.6182 -26.6386 0 0
0 0 1007 61.233 -12.5317 -20.2664 15.8339 0 0
0 0 1008 71.4351 -28.5183 -13.5196 -28.3971 0 0
0 0 1009 60.7507 -23.1597 -31.2676 14.1181 0 0
0 0 1010 37.9843 -24.6646 -44.0284 -3.61016 0 0
0 0 1011 62.0473 -2.35618 -3.60818 -20.8248 0 0
0 0 1012 31.3768 -10.2345 -0.711462 2.51175 0 0
0 0 1013 33.4222 -7.31374 -19.4866 -2.74686 0 0
0 0 1014 32.3475 -2.49585 -11.7888 15.854 0 0
0 0 1015 52.2646 -21.6146 -25.2877 -2.18307 0 0
0 0 1016 45.37 -38.1584 -14.9362 25.4044 0 0
0 0 1017 26.3341 -2.83148 -6.15985 -19.496 0 0
0 0 1018 24.4786 -4.90541 -30.2399 4.15989 0 0
0 0 1019 40.5497 -24.8682 5.11841 2.22372 0 0
0 0 1020 32.9881 7.88133 -9.87195 12.5617 0 0
0 0 1021 31.1763 -30.7481 3.56364 21.0414 0 0
0 0 1022 57.9617 4.12341 -36.154 -12.5537 0 0
0 0 1023 10.2096 13.9268 -11.0152 8.12657 0 0
