# File: uwl_211213_032714_b4.rf.sbA2.RMC_aux Src: J1713+0747 Nsub: 1 Nch: 1 Npol: 4 Nbin: 1024 RMS: 5.24025
0 0 0 12.3938 4.32398 4.66121 6.24917 0 0
0 0 1 -7.68633 2.1814 0.553603 1.04547 0 0
0 0 2 4.63789 5.97437 3.44185 -4.30954 0 0
0 0 3 4.67696 1.38062 7.3777 0.391293 0 0
0 0 4 -1.30742 1.77515 -1.28923 -0.365634 0 0
0 0 5 -3.64726 -4.72485 10.8618 -0.732334 0 0
0 0 6 7.74727 -0.0998521 2.6869 2.37268 0 0
0 0 7 1.7668 -0.174071 4.35158 -1.80832 0 0
0 0 8 8.03438 -3.37524 5.65578 -0.340671 0 0
0 0 9 -8.58086 -5.20141 6.49129 2.50793 0 0
0 0 10 0.967971 -3.60962 1.94044 -7.25287 0 0
0 0 11 6.60274 -1.88501 5.67061 2.06302 0 0
0 0 12 6.74532 -6.51196 4.36433 5.73309 0 0
0 0 13 8.25899 -3.67798 -4.58885 -2.19431 0 0
0 0 14 -3.16289 5.72046 -8.83006 -4.71064 0 0
0 0 15 2.46407 2.18335 6.39375 -4.14933 0 0
0 0 16 0.766799 -4.90845 11.163 3.23562 0 0
0 0 17 5.43282 8.08179 3.51185 1.95413 0 0
0 0 18 2.10078 1.84351 0.96498 1.08127 0 0
0 0 19 0.0851588 0.831789 -3.46495 -5.16687 0 0
0 0 20 -5.63945 3.81812 4.99837 -2.26737 0 0
0 0 21 3.49532 -8.25805 1.68599 -6.74009 0 0
0 0 22 3.41914 -1.53345 -3.132 -3.46122 0 0
0 0 23 5.69063 7.02319 -3.99297 4.85598 0 0
0 0 24 2.47774 1.44702 4.05049 3.16824 0 0
0 0 25 7.52071 -8.32251 -12.047 0.141019 0 0
0 0 26 3.4836 -5.33618 10.4865 2.26519 0 0
0 0 27 2.50117 12.3416 -2.3474 -1.08487 0 0
0 0 28 9.40938 -3.12915 6.56972 -5.23001 0 0
0 0 29 -3.73711 -4.22485 1.85353 11.1301 0 0
0 0 30 1.86836 -6.10766 12.9422 -3.47724 0 0
0 0 31 10.7199 -1.23266 -3.48827 -2.75754 0 0
0 0 32 11.298 5.73609 8.0796 -7.25525 0 0
0 0 33 1.43672 1.2107 5.17653 -2.48181 0 0
0 0 34 -2.04765 -1.33227 6.27711 4.29135 0 0
0 0 35 1.41719 -0.320555 -11.8435 -4.69461 0 0
0 0 36 7.51875 -6.50024 4.9814 -10.5087 0 0
0 0 37 2.19844 13.7107 -1.41222 -0.882205 0 0
0 0 38 0.0871119 2.02905 0.343642 6.85574 0 0
0 0 39 2.86836 -0.592039 -3.36742 -13.2451 0 0
0 0 40 7.82344 6.30835 5.7491 -0.272312 0 0
0 0 41 6.48946 -6.38501 3.97627 5.04168 0 0
0 0 42 -4.77226 -7.40845 3.12166 -0.65549 0 0
0 0 43 -4.55156 -0.00414896 -0.657274 -9.40018 0 0
0 0 44 -1.00664 -5.79126 -0.714525 6.6022 0 0
0 0 45 1.98164 -1.61548 8.1114 1.36783 0 0
0 0 46 -4.74101 -3.20141 -10.7365 10.0041 0 0
0 0 47 2.08321 -2.27954 -2.79064 -0.104526 0 0
0 0 48 -3.83867 -2.96704 10.7961 -3.4494 0 0
0 0 49 9.54219 3.71069 4.0038 -7.53519 0 0
0 0 50 -4.89336 -0.642821 2.60847 2.14172 0 0
0 0 51 3.06563 -7.24243 -1.94658 -1.68341 0 0
0 0 52 1.41328 7.26538 5.60274 2.49756 0 0
0 0 53 6.68086 6.19702 4.42793 1.23681 0 0
0 0 54 2.32735 2.91382 -4.40648 3.76773 0 0
0 0 55 5.66524 -2.61157 8.64155 3.55941 0 0
0 0 56 -0.0574193 -5.38501 -4.1414 0.403531 0 0
0 0 57 -2.37968 -3.36743 7.11897 -3.0177 0 0
0 0 58 3.65742 -5.35376 13.6801 2.36889 0 0
0 0 59 5.70235 -5.0354 3.05165 -11.0417 0 0
0 0 60 -4.81718 8.03101 3.77479 2.86612 0 0
0 0 61 2.10274 -2.54516 6.44673 -7.75248 0 0
0 0 62 1.09883 4.89624 4.76301 -1.21448 0 0
0 0 63 0.934768 -11.9709 -3.49254 -0.724307 0 0
0 0 64 3.28047 2.95288 0.309706 -4.69226 0 0
0 0 65 0.112503 3.28101 4.75661 2.50653 0 0
0 0 66 1.38789 6.51734 -4.18175 -3.18833 0 0
0 0 67 -2.69609 -7.58618 6.11806 4.7966 0 0
0 0 68 -6.64531 3.93335 3.96565 -3.20481 0 0
0 0 69 -1.42265 1.69116 4.61665 7.15362 0 0
0 0 70 -1.07304 1.51343 2.92866 8.39599 0 0
0 0 71 -0.475388 -0.256102 -4.28349 -4.14649 0 0
0 0 72 2.63203 0.312258 -2.17565 -1.28989 0 0
0 0 73 -1.53398 -14.4045 5.76814 8.96863 0 0
0 0 74 0.399612 -2.55688 1.48878 5.72415 0 0
0 0 75 -1.23125 -4.37134 -7.94158 5.39752 0 0
0 0 76 -8.96562 3.4646 -2.30925 0.0731474 0 0
0 0 77 7.05586 -2.02563 -6.2896 -12.1569 0 0
0 0 78 -0.0242162 -1.50024 -0.87993 0.690549 0 0
0 0 79 -7.94218 5.41773 6.80092 -0.755405 0 0
0 0 80 1.25899 -3.20532 1.14522 -7.47205 0 0
0 0 81 -5.70586 11.1501 0.738051 -2.60437 0 0
0 0 82 8.34102 -6.57251 -9.47051 1.51584 0 0
0 0 83 0.165237 -5.92407 2.36244 4.00811 0 0
0 0 84 3.80391 0.327882 4.69301 -5.3978 0 0
0 0 85 1.14375 -5.64868 2.10377 -2.69251 0 0
0 0 86 -6.29375 -2.51977 0.540846 3.28039 0 0
0 0 87 3.65547 0.0310075 -4.09691 1.78683 0 0
0 0 88 3.90352 -3.57251 1.08589 7.16729 0 0
0 0 89 -1.75859 6.91773 -3.28893 -8.6734 0 0
0 0 90 4.6711 -1.7854 -6.93425 6.86471 0 0
0 0 91 9.80977 -1.11548 5.64302 -0.819034 0 0
0 0 92 3.31953 6.84351 7.16774 1.60019 0 0
0 0 93 -3.5789 5.83569 4.88386 0.961087 0 0
0 0 94 -1.45 -6.34009 -2.47252 6.88687 0 0
0 0 95 10.8176 1.68921 3.55635 10.1125 0 0
0 0 96 2.78047 -2.0354 3.68361 -6.82163 0 0
0 0 97 1.46797 6.88648 -2.67607 4.12829 0 0
0 0 98 -9.29375 -1.52368 11.7843 2.32129 0 0
0 0 99 2.99532 9.69116 -3.92516 11.9558 0 0
0 0 100 -2.53593 1.14038 4.82234 4.24707 0 0
0 0 101 4.80782 -2.83227 1.33186 -3.88398 0 0
0 0 102 0.370315 -1.25024 -1.7282 -2.48606 0 0
0 0 103 -5.67656 10.0349 1.03706 -2.91211 0 0
0 0 104 -2.05351 5.72046 1.09645 1.07327 0 0
0 0 105 4.64375 5.13648 -1.82787 -11.9636 0 0
0 0 106 -5.37968 2.17944 1.58632 0.627408 0 0
0 0 107 -11.1629 -4.55688 -4.21141 -3.13553 0 0
0 0 108 3.41133 -5.20923 -4.39378 -0.365177 0 0
0 0 109 -4.81133 -5.17016 1.31276 -1.61368 0 0
0 0 110 1.83321 -2.92407 3.36128 -4.09604 0 0
0 0 111 -0.955857 5.79077 1.14314 4.45584 0 0
0 0 112 -3.0164 -4.65649 -1.99327 -1.25266 0 0
0 0 113 5.76485 2.80054 -2.23503 -2.39133 0 0
0 0 114 -0.246872 4.01538 -0.216173 -5.45624 0 0
0 0 115 -10.4578 3.56616 -2.66759 1.37585 0 0
0 0 116 -0.512497 -0.191649 1.38698 2.65167 0 0
0 0 117 6.11836 7.42359 2.61055 -2.54639 0 0
0 0 118 0.401565 -2.21899 -3.16808 0.60336 0 0
0 0 119 -1.99101 1.04077 7.43709 0.795651 0 0
0 0 120 2.6418 -1.90845 1.88533 10.277 0 0
0 0 121 -4.3875 -1.73852 -1.71123 5.11145 0 0
0 0 122 -6.42265 -4.40259 -2.73973 2.92221 0 0
0 0 123 -0.571091 2.92945 6.31526 -2.49597 0 0
0 0 124 8.15742 -1.49438 -4.01421 -2.34326 0 0
0 0 125 4.5793 -7.34985 5.05562 -3.18878 0 0
0 0 126 -4.93437 0.406007 3.18739 -0.833194 0 0
0 0 127 6.62617 2.23609 -9.55956 -2.48276 0 0
0 0 128 -1.74101 -2.48266 0.345778 2.92599 0 0
0 0 129 1.44649 4.45093 -0.894761 3.23468 0 0
0 0 130 7.1125 0.238039 -0.576707 2.98394 0 0
0 0 131 4.36055 0.532961 -5.30986 1.33532 0 0
0 0 132 -1.86015 10.156 2.3752 4.19143 0 0
0 0 133 -3.24687 0.347414 6.52522 -1.62027 0 0
0 0 134 2.675 0.804445 -5.49223 9.09683 0 0
0 0 135 1.51289 -2.79126 3.70058 -3.78168 0 0
0 0 136 5.77266 -10.6135 0.511183 0.588772 0 0
0 0 137 8.27656 4.5896 -5.04479 -1.9827 0 0
0 0 138 -12.0281 2.57788 -9.96037 1.40979 0 0
0 0 139 7.08125 0.273195 0.710524 -3.42444 0 0
0 0 140 0.239456 -4.76001 5.90175 -5.62732 0 0
0 0 141 -7.81328 7.91382 4.58699 -0.206333 0 0
0 0 142 9.56563 -3.10181 5.23164 5.20901 0 0
0 0 143 0.749221 2.42554 -1.88085 -2.34183 0 0
0 0 144 6.35274 1.39234 -9.03581 -0.113498 0 0
0 0 145 2.06758 2.98999 1.62239 10.1648 0 0
0 0 146 2.64961 -2.0022 0.10829 -0.414188 0 0
0 0 147 11.6789 -0.832274 1.84077 7.61361 0 0
0 0 148 -0.401169 -3.64282 9.20991 0.202756 0 0
0 0 149 11.6027 7.66968 -0.886278 -0.78934 0 0
0 0 150 3.91524 -4.64673 3.54579 -2.29425 0 0
0 0 151 1.78047 1.51148 4.8351 -2.50632 0 0
0 0 152 4.53438 2.44898 -3.25926 8.99173 0 0
0 0 153 -1.41679 -5.97095 -10.5796 1.97348 0 0
0 0 154 -1.25273 -2.49829 1.11769 -2.67884 0 0
0 0 155 2.19258 2.98218 -4.84123 0.897 0 0
0 0 156 -1.43437 2.78882 -0.394334 -5.44165 0 0
0 0 157 -0.811326 -3.53735 -0.209825 -0.700748 0 0
0 0 158 5.4211 -3.25806 -6.13054 -5.77817 0 0
0 0 159 6.42891 -0.0236802 5.90175 0.444546 0 0
0 0 160 0.592971 -1.98071 1.2046 0.556241 0 0
0 0 161 12.0695 -2.46118 -4.42345 9.74252 0 0
0 0 162 -2.38554 3.4939 1.60963 3.25024 0 0
0 0 163 -1.33086 6.98218 10.8979 3.15503 0 0
0 0 164 1.37032 11.3865 -5.30565 3.45102 0 0
0 0 165 0.768753 -5.32837 4.49367 -0.586215 0 0
0 0 166 -3.96367 4.33765 10.5713 -6.55771 0 0
0 0 167 -5.98906 0.60132 1.81325 -0.43729 0 0
0 0 168 -1.30156 -2.91821 6.36195 -0.297305 0 0
0 0 169 9.8586 -4.60962 -2.98784 -3.14682 0 0
0 0 170 -5.13554 2.88843 6.06294 -1.95725 0 0
0 0 171 3.43477 1.04859 -5.52196 -0.343967 0 0
0 0 172 3.16524 2.64234 4.0547 2.32034 0 0
0 0 173 10.0695 -1.60571 9.25233 -5.87854 0 0
0 0 174 6.18086 -3.14282 -3.88274 -2.81882 0 0
0 0 175 -2.49883 -0.490477 4.08864 -5.91108 0 0
0 0 176 6.37422 -1.2854 2.03163 0.966275 0 0
0 0 177 8.12227 -0.299071 -1.62004 0.421445 0 0
0 0 178 4.47969 -3.16431 6.83272 -3.40888 0 0
0 0 179 -3.15898 12.4548 -4.00993 -2.35785 0 0
0 0 180 13.0969 2.58569 3.35914 4.20135 0 0
0 0 181 -0.735154 -0.332274 1.95955 3.95862 0 0
0 0 182 -0.0671849 -8.13305 -1.6815 -3.60306 0 0
0 0 183 -9.14922 -0.0275865 -1.44829 -5.75458 0 0
0 0 184 2.9875 -4.62524 -9.93492 -0.666812 0 0
0 0 185 4.65352 -2.23266 -1.64549 -0.41373 0 0
0 0 186 0.598831 6.16577 1.31703 1.74063 0 0
0 0 187 5.15938 0.804445 -6.28746 1.33014 0 0
0 0 188 0.118362 -5.34985 3.23402 -3.22837 0 0
0 0 189 12.2785 2.77124 0.810195 -0.128574 0 0
0 0 190 7.04414 -13.1819 1.69874 -11.9179 0 0
0 0 191 1.20235 -6.92212 9.59163 -2.85605 0 0
0 0 192 -3.74297 6.89819 0.275771 2.5541 0 0
0 0 193 -1.71172 2.36304 4.34102 2.15066 0 0
0 0 194 -5.14531 4.39429 -6.38078 -3.24344 0 0
0 0 195 4.06758 3.00952 -0.284044 -1.86676 0 0
0 0 196 1.55391 0.316164 -2.94756 0.0170561 0 0
0 0 197 4.68672 -1.70337 2.86507 1.28817 0 0
0 0 198 2.27461 0.962648 11.5341 -1.52979 0 0
0 0 199 -2.24687 1.45288 -13.5887 0.237149 0 0
0 0 200 -4.13164 2.38452 1.48451 6.80298 0 0
0 0 201 1.63985 0.128664 0.0807024 -3.40888 0 0
0 0 202 -6.3875 -0.601805 -8.07939 1.34286 0 0
0 0 203 1.18672 5.5896 -8.05821 -1.7956 0 0
0 0 204 -1.94219 -2.92212 -0.216173 -2.23249 0 0
0 0 205 6.55196 2.26343 1.83656 3.51135 0 0
0 0 206 7.40547 9.44898 2.60847 0.284299 0 0
0 0 207 1.55 7.23413 2.62752 1.4602 0 0
0 0 208 7.51485 13.3123 -0.583055 -0.216709 0 0
0 0 209 -5.63945 6.56812 -0.307359 3.82666 0 0
0 0 210 4.43867 7.98609 0.358473 -1.21729 0 0
0 0 211 7.00313 -3.18774 -6.8961 -5.05518 0 0
0 0 212 2.2336 -1.2268 5.52852 3.73428 0 0
0 0 213 -9.17656 0.304445 -2.11839 1.86224 0 0
0 0 214 -3.58672 -1.19946 1.01375 -5.91767 0 0
0 0 215 -3.28203 5.53491 0.112502 -0.673404 0 0
0 0 216 -12.743 -2.01587 -2.61882 -4.31003 0 0
0 0 217 2.87422 2.08179 7.82515 -1.62641 0 0
0 0 218 -1.73711 6.96265 6.1244 4.08447 0 0
0 0 219 3.01094 6.71069 -2.73125 -1.58255 0 0
0 0 220 1.90742 -5.82641 -3.92088 -0.181827 0 0
0 0 221 0.270706 -4.15454 -0.309495 -1.66974 0 0
0 0 222 -1.5125 -4.46509 -2.76518 -0.823276 0 0
0 0 223 -0.819138 -3.03735 -6.90032 8.85409 0 0
0 0 224 5.58907 -4.93774 0.661757 -5.50479 0 0
0 0 225 3.90742 7.02124 -4.17534 -1.48593 0 0
0 0 226 4.30977 -8.15454 -6.19628 -1.68436 0 0
0 0 227 1.74141 5.50757 -3.73851 4.30832 0 0
0 0 228 -4.45976 10.8494 1.73262 -2.46958 0 0
0 0 229 0.739456 -2.97095 -1.94872 -1.8432 0 0
0 0 230 -5.78984 -4.07446 -4.41075 7.08715 0 0
0 0 231 -1.32695 -0.970946 1.10707 0.703274 0 0
0 0 232 -2.08476 -5.32251 5.63032 1.53231 0 0
0 0 233 -5.45195 7.07202 4.20314 -2.73868 0 0
0 0 234 -4.23711 -8.52563 -8.60954 3.97699 0 0
0 0 235 2.09297 -7.75415 -3.31651 -3.09595 0 0
0 0 236 2.31172 13.7224 -0.494005 1.47671 0 0
0 0 237 -0.985154 -3.84399 -2.06535 2.00079 0 0
0 0 238 0.149612 -1.08032 0.434828 3.93789 0 0
0 0 239 3.35469 0.870851 7.90358 -4.77567 0 0
0 0 240 4.12227 -3.53735 -0.27556 -0.354801 0 0
0 0 241 -8.45195 4.07202 -1.84056 -1.26255 0 0
0 0 242 -0.266404 2.93726 3.99745 -4.01923 0 0
0 0 243 -5.62773 1.52515 5.5879 -0.916599 0 0
0 0 244 -0.174607 2.87671 2.94563 -1.84177 0 0
0 0 245 -2.45781 -5.01196 2.37941 3.46753 0 0
0 0 246 -1.21953 3.17944 -7.70195 -5.32523 0 0
0 0 247 15.3137 -7.0647 -7.34776 5.1072 0 0
0 0 248 2.925 -2.4104 9.88216 -2.60059 0 0
0 0 249 2.34883 7.16577 -5.78917 -1.07401 0 0
0 0 250 7.20821 -0.787352 -8.13878 -3.75623 0 0
0 0 251 -12.3777 7.4353 1.83229 -1.4704 0 0
0 0 252 -11.9363 9.0603 5.43098 1.3504 0 0
0 0 253 2.54414 6.79859 3.73237 -7.48239 0 0
0 0 254 -1.7039 5.59351 0.759291 5.52667 0 0
0 0 255 -0.907029 1.75757 1.77931 12.8541 0 0
0 0 256 6.27852 -4.55688 -9.52355 3.63202 0 0
0 0 257 -5.9207 -2.08423 -0.455797 -2.28952 0 0
0 0 258 3.68282 12.1912 3.27223 0.282406 0 0
0 0 259 2.65352 0.630617 6.07991 -3.38721 0 0
0 0 260 2.14375 1.35523 3.39094 1.513 0 0
0 0 261 4.09102 2.1814 -2.15868 -3.70771 0 0
0 0 262 -5.19218 3.91382 0.445449 -3.46167 0 0
0 0 263 4.47578 -3.48852 -4.45531 -10.6977 0 0
0 0 264 4.08907 8.15601 6.96419 -3.22083 0 0
0 0 265 -5.4207 5.21265 -9.95403 9.21087 0 0
0 0 266 -1.49101 -1.69751 4.01442 -0.10123 0 0
0 0 267 -0.518357 -0.693602 -2.19896 1.97912 0 0
0 0 268 -0.0710912 -4.48071 11.6719 6.58285 0 0
0 0 269 -0.692185 -1.70727 -6.83037 0.0689055 0 0
0 0 270 0.309768 -4.79516 -1.68578 5.05157 0 0
0 0 271 -3.95976 5.9353 4.13954 -2.31403 0 0
0 0 272 1.44649 4.45484 -1.43553 0.321988 0 0
0 0 273 -3.59062 -6.2854 -3.39708 6.1799 0 0
0 0 274 -4.2625 -1.43774 -3.52007 -0.297305 0 0
0 0 275 0.44844 2.35913 9.67854 1.65014 0 0
0 0 276 -10.1336 4.17554 -6.10301 -5.82199 0 0
0 0 277 -4.06718 4.49976 4.98567 3.62683 0 0
0 0 278 8.63789 -1.13501 -4.53374 5.17883 0 0
0 0 279 -3.11015 -3.52368 -1.54796 -2.20517 0 0
0 0 280 -1.67461 -13.0686 4.85841 8.38986 0 0
0 0 281 5.35274 1.6853 -3.46709 5.85516 0 0
0 0 282 -12.0926 -0.677977 -3.01537 2.36181 0 0
0 0 283 1.09883 -8.36938 0.837721 -7.56159 0 0
0 0 284 1.02461 -7.6936 -4.83061 -2.55866 0 0
0 0 285 3.83711 -1.87329 5.9463 1.77691 0 0
0 0 286 -0.973435 -3.76587 -0.0168317 -0.625339 0 0
0 0 287 -4.93437 0.183351 1.94685 1.35605 0 0
0 0 288 0.155471 1.23413 2.30946 12.6312 0 0
0 0 289 -4.73515 7.32398 6.21345 8.40732 0 0
0 0 290 -2.46758 1.59155 0.377577 8.53692 0 0
0 0 291 2.05 -0.0353987 -5.60253 5.1878 0 0
0 0 292 -4.37187 -0.019774 -3.95696 -3.36835 0 0
0 0 293 -2.11992 -6.74048 -3.20415 1.42816 0 0
0 0 294 5.81758 1.95874 2.17158 5.53186 0 0
0 0 295 -2.58281 -0.605711 -3.48619 -3.53803 0 0
0 0 296 0.473831 8.23609 -5.9185 -2.58551 0 0
0 0 297 10.091 0.978273 -1.10472 6.52725 0 0
0 0 298 7.40742 -5.67798 8.31288 -1.41336 0 0
0 0 299 -3.79375 9.18726 9.6404 2.41037 0 0
0 0 300 -2.04375 4.92554 4.37703 -4.4057 0 0
0 0 301 1.50703 -0.551024 -0.763292 3.12158 0 0
0 0 302 1.94453 -0.394774 7.72761 -2.405 0 0
0 0 303 3.61641 -1.67602 -6.28111 -2.83011 0 0
0 0 304 -5.9832 1.73999 -7.81218 -2.03833 0 0
0 0 305 -5.41875 -4.23071 0.182509 1.18072 0 0
0 0 306 -5.8582 -2.03735 -0.756944 -4.71158 0 0
0 0 307 -2.42851 -3.82251 -3.976 -0.342563 0 0
0 0 308 2.59492 -5.92407 1.4994 8.11133 0 0
0 0 309 7.39571 -3.58813 -5.8867 5.12417 0 0
0 0 310 1.64571 3.32202 0.0531145 2.67901 0 0
0 0 311 3.79414 5.05249 6.76057 4.60949 0 0
0 0 312 3.72188 -12.9416 -4.68004 3.89828 0 0
0 0 313 -0.492966 -2.58618 2.9944 -6.05197 0 0
0 0 314 -1.12187 1.26929 -0.449449 0.261197 0 0
0 0 315 0.26094 5.54273 -2.56792 0.472348 0 0
0 0 316 -1.31914 -6.22876 -1.12383 -0.885959 0 0
0 0 317 3.89961 -4.58423 -4.40227 -1.9252 0 0
0 0 318 -0.670701 5.6853 3.11525 4.8739 0 0
0 0 319 -1.29375 -0.61743 0.0743548 -4.59235 0 0
0 0 320 5.03047 -8.51977 -11.027 6.09979 0 0
0 0 321 9.2375 1.7771 -3.35045 -5.181 0 0
0 0 322 9.38203 2.76148 1.13673 -3.71006 0 0
0 0 323 6.19844 -2.12524 3.40156 -2.167 0 0
0 0 324 5.66133 -3.07641 0.114638 -4.10218 0 0
0 0 325 13.1125 -2.30884 -0.173753 -2.22071 0 0
0 0 326 -4.86015 -7.00415 4.18617 -5.04621 0 0
0 0 327 0.374221 1.7146 3.89143 -0.37836 0 0
0 0 328 3.60274 -0.697508 5.47761 2.08093 0 0
0 0 329 1.24922 -10.4963 -4.00145 -0.585758 0 0
0 0 330 0.00312757 -2.82055 -8.48656 3.36758 0 0
0 0 331 -3.03593 -0.433836 -5.15087 -11.4862 0 0
0 0 332 13.3918 0.755617 3.73024 1.07657 0 0
0 0 333 -4.48711 -0.939696 9.36049 -1.82294 0 0
0 0 334 0.264846 2.76538 1.29793 -3.42304 0 0
0 0 335 -0.496872 4.87085 -12.1531 -7.21564 0 0
0 0 336 -7.25664 0.790773 6.98329 7.10461 0 0
0 0 337 -12.284 13.3181 -2.411 -11.1402 0 0
0 0 338 -1.63945 -5.69751 3.80659 -4.55793 0 0
0 0 339 9.42696 6.41577 5.07686 10.3496 0 0
0 0 340 4.01875 1.56616 -4.41924 0.956845 0 0
0 0 341 1.40938 4.52319 -1.90209 -9.36151 0 0
0 0 342 -4.6082 -4.65454 -2.57005 -1.6594 0 0
0 0 343 0.114456 -3.8772 0.931044 -4.92887 0 0
0 0 344 2.97774 -1.92798 2.35396 -6.18158 0 0
0 0 345 8.28633 -3.18579 -1.2235 -1.19608 0 0
0 0 346 -10.6434 -1.80298 0.557814 -1.96717 0 0
0 0 347 5.09688 7.18726 -0.911729 2.18084 0 0
0 0 348 -2.38359 -5.00806 0.171889 -4.09748 0 0
0 0 349 5.43086 -1.43188 -8.51622 6.14218 0 0
0 0 350 -0.823044 -4.82641 -2.6591 7.87851 0 0
0 0 351 -7.21367 0.0759292 -3.64098 -4.89682 0 0
0 0 352 -5.41679 -0.232665 1.22157 0.972867 0 0
0 0 353 7.41524 -2.1897 3.88508 -7.61673 0 0
0 0 354 -11.9676 4.22046 7.41377 -0.886905 0 0
0 0 355 -1.825 -2.57056 -4.08629 6.45843 0 0
0 0 356 2.97969 5.24976 0.144301 -2.68164 0 0
0 0 357 4.18672 6.73023 4.3622 -4.77426 0 0
0 0 358 0.130081 0.759523 0.301222 4.9776 0 0
0 0 359 3.60664 4.34546 -3.69609 -10.3315 0 0
0 0 360 1.64961 -2.86157 3.62636 0.425687 0 0
0 0 361 0.690628 2.44898 -14.2695 -8.0376 0 0
0 0 362 4.52266 6.17163 -6.07329 -1.4162 0 0
0 0 363 0.54219 1.85132 6.84755 5.43805 0 0
0 0 364 10.9953 -2.6604 8.13899 -1.5015 0 0
0 0 365 -2.77422 9.2771 0.515395 -1.29508 0 0
0 0 366 -7.67851 -2.98266 0.73384 -0.407596 0 0
0 0 367 -3.19609 -6.2854 6.32374 1.97015 0 0
0 0 368 1.65547 3.35132 -0.561876 3.00186 0 0
0 0 369 4.11836 2.48609 -1.57549 1.0346 0 0
0 0 370 1.50508 0.466554 7.05751 -2.32346 0 0
0 0 371 -5.60625 -2.14868 -0.0274519 4.30975 0 0
0 0 372 0.190628 -10.4377 -0.807847 8.25601 0 0
0 0 373 1.63399 -6.12329 2.37733 1.13171 0 0
0 0 374 -5.11797 -3.76977 2.14406 0.222562 0 0
0 0 375 -6.77422 0.964601 -1.88085 -1.75318 0 0
0 0 376 6.90938 2.37476 -0.865098 -1.46802 0 0
0 0 377 -5.67656 -2.36743 5.21467 -6.97623 0 0
0 0 378 -9.08867 4.65015 -5.15935 0.125455 0 0
0 0 379 1.31953 -6.85962 2.214 -5.73575 0 0
0 0 380 -1.38945 1.95484 -4.40648 -0.205875 0 0
0 0 381 -2.07304 -4.99829 -8.41448 -11.7035 0 0
0 0 382 -1.19414 0.0720231 5.83601 -0.917545 0 0
0 0 383 1.99922 -2.14477 0.14009 -3.36081 0 0
0 0 384 -3.66289 0.954836 9.089 -1.0976 0 0
0 0 385 5.1086 -5.12134 1.40608 3.22339 0 0
0 0 386 -5.68633 -1.79907 -1.11107 9.28817 0 0
0 0 387 4.1086 -0.695555 4.98988 2.3948 0 0
0 0 388 -0.455857 -1.1897 0.352126 -3.76801 0 0
0 0 389 0.145706 8.0564 -0.311632 -5.30872 0 0
0 0 390 7.37617 1.2439 3.33583 1.53372 0 0
0 0 391 -4.80156 5.84351 4.13527 0.505795 0 0
0 0 392 2.71992 -2.76001 -6.455 -0.873233 0 0
0 0 393 -5.98515 6.43726 4.9814 -3.09171 0 0
0 0 394 -5.12578 3.05835 9.37532 1.35464 0 0
0 0 395 5.15547 -3.38306 0.621474 7.93975 0 0
0 0 396 3.10078 2.77319 -1.74724 3.89642 0 0
0 0 397 -2.47343 -6.26587 7.26955 0.785763 0 0
0 0 398 3.96992 3.6814 -2.77153 3.38693 0 0
0 0 399 -4.31133 5.22437 5.14467 -1.23001 0 0
0 0 400 5.90742 -12.9631 8.67976 3.88745 0 0
0 0 401 0.32344 -3.12524 5.93782 -1.06552 0 0
0 0 402 2.62227 -1.93188 -9.38359 7.09283 0 0
0 0 403 -2.14726 -1.0647 -3.41832 -9.69049 0 0
0 0 404 6.5793 -2.88501 5.33552 6.55505 0 0
0 0 405 -2.09062 2.78101 4.3622 5.41354 0 0
0 0 406 0.72969 8.67945 -6.02879 3.944 0 0
0 0 407 2.53438 1.39038 4.4958 -2.34607 0 0
0 0 408 -0.92656 4.17944 -8.79405 -3.41266 0 0
0 0 409 2.53242 -3.53735 11.5913 -5.28565 0 0
0 0 410 -7.75664 4.65405 6.50191 -0.814792 0 0
0 0 411 0.813674 -6.92016 -0.307359 0.658047 0 0
0 0 412 0.739456 -5.05688 3.76417 -1.11786 0 0
0 0 413 2.34297 2.50366 7.67671 -4.77332 0 0
0 0 414 0.747268 -1.41235 6.21986 2.23739 0 0
0 0 415 0.94844 3.61694 2.26704 2.40472 0 0
0 0 416 2.64766 5.80444 3.31886 5.73593 0 0
0 0 417 6.86836 6.29859 4.44063 0.494961 0 0
0 0 418 -4.15703 -2.33227 2.39216 -2.15802 0 0
0 0 419 -0.035935 -0.519774 -3.9124 -5.4751 0 0
0 0 420 9.90938 -2.04712 -4.56554 0.243771 0 0
0 0 421 0.409378 6.25366 -1.00719 6.14312 0 0
0 0 422 -3.33476 10.5447 -0.89055 -4.71961 0 0
0 0 423 -1.91679 -6.1311 -7.50896 -6.9437 0 0
0 0 424 0.47969 -3.92602 -3.07903 -5.94596 0 0
0 0 425 -4.79961 -3.54907 2.48549 3.51419 0 0
0 0 426 -9.4539 -2.45727 2.29036 -0.668216 0 0
0 0 427 -7.34453 1.44507 -0.124986 13.7788 0 0
0 0 428 4.08125 4.79663 6.65669 -2.27964 0 0
0 0 429 5.41719 -0.914305 4.18617 2.7959 0 0
0 0 430 5.92305 -5.14673 -3.5031 5.50451 0 0
0 0 431 -2.90703 -1.76977 3.48427 7.28842 0 0
0 0 432 -0.463669 0.0407731 -1.49278 12.52 0 0
0 0 433 1.89961 -1.74048 1.04347 -0.0809663 0 0
0 0 434 3.68672 -6.93774 -3.97179 5.93954 0 0
0 0 435 -2.31914 -2.78345 2.67628 5.1336 0 0
0 0 436 1.4543 4.64624 -0.793016 -4.7031 0 0
0 0 437 -3.43633 3.73999 -1.05596 -6.98142 0 0
0 0 438 -3.25468 -3.80102 -6.72222 -8.69416 0 0
0 0 439 -2.9832 -2.24048 5.73213 -5.72867 0 0
0 0 440 1.46992 0.857179 6.82631 -0.955722 0 0
0 0 441 -3.58672 3.54273 1.19612 -4.54663 0 0
0 0 442 11.5383 6.76929 2.16951 5.72839 0 0
0 0 443 0.462112 0.849367 -1.35497 -0.023929 0 0
0 0 444 -0.491013 5.92749 3.80873 -1.27573 0 0
0 0 445 1.51485 2.03882 7.07234 8.01425 0 0
0 0 446 -2.13945 4.33374 0.812331 -8.30344 0 0
0 0 447 0.163284 7.47241 5.39705 -3.47394 0 0
0 0 448 -5.47929 6.09546 -5.56011 -3.56299 0 0
0 0 449 2.00508 -4.49829 -3.55193 5.66665 0 0
0 0 450 4.54805 -7.2561 -5.8358 5.49368 0 0
0 0 451 -1.5789 -1.80102 -4.75853 4.27063 0 0
0 0 452 3.39766 -2.17993 -6.77947 2.61773 0 0
0 0 453 6.97774 5.26734 -1.7791 7.27523 0 0
0 0 454 -1.21953 4.44116 -0.413377 6.3425 0 0
0 0 455 3.70039 2.23218 -0.426134 10.5805 0 0
0 0 456 0.432815 7.03882 3.9211 -0.370822 0 0
0 0 457 1.90352 2.56812 2.89473 13.4616 0 0
0 0 458 5.81563 2.04273 7.48585 1.20004 0 0
0 0 459 -0.674607 -2.34204 10.2617 3.94214 0 0
0 0 460 0.446487 -6.6311 4.52974 -1.58493 0 0
0 0 461 0.38594 3.37866 3.49696 5.80475 0 0
0 0 462 -3.63554 -2.68188 -1.45885 -7.06955 0 0
0 0 463 -0.965622 3.2146 -1.68364 5.4899 0 0
0 0 464 4.01875 -6.93774 -1.74724 4.44549 0 0
0 0 465 3.76289 4.08374 -5.12328 -1.3125 0 0
0 0 466 11.1848 1.86109 9.84608 1.63083 0 0
0 0 467 6.14375 -11.301 3.03255 -3.60355 0 0
0 0 468 2.43672 5.92944 -7.95213 0.262143 0 0
0 0 469 -3.36406 -1.55493 -2.903 -2.53601 0 0
0 0 470 -5.74101 1.38843 -1.91692 2.02154 0 0
0 0 471 3.53242 -1.3811 3.38881 0.997861 0 0
0 0 472 4.58321 -3.47876 -7.06572 -5.50904 0 0
0 0 473 1.19258 2.25952 8.31715 -6.86689 0 0
0 0 474 9.74727 2.57202 -3.68974 4.36065 0 0
0 0 475 5.09883 3.61109 2.23732 7.21441 0 0
0 0 476 5.81172 4.23804 -11.0334 4.59018 0 0
0 0 477 5.12032 2.9646 9.14204 -0.160617 0 0
0 0 478 -0.891404 -3.99243 4.5403 11.4001 0 0
0 0 479 -0.903122 -1.42993 -3.05357 6.34814 0 0
0 0 480 5.76485 2.69507 -5.26744 -11.349 0 0
0 0 481 10.4113 3.64624 -2.4619 1.13266 0 0
0 0 482 -2.99883 -5.71704 7.22291 -5.7461 0 0
0 0 483 -2.58281 0.613039 -2.54247 -1.21024 0 0
0 0 484 -1.30351 3.14624 1.28096 -2.21976 0 0
0 0 485 -3.9539 -6.17602 6.60792 -3.31461 0 0
0 0 486 1.71211 5.40796 6.49977 -3.62287 0 0
0 0 487 11.9406 -1.43384 -0.691209 5.10153 0 0
0 0 488 -2.67461 5.98218 3.83626 -1.10041 0 0
0 0 489 4.88594 0.534914 1.26399 8.26828 0 0
0 0 490 -4.08672 -0.386961 -0.939317 6.42733 0 0
0 0 491 6.77657 4.12085 -0.0740827 -1.42279 0 0
0 0 492 -0.887497 4.99194 -0.5067 -6.98847 0 0
0 0 493 -6.2957 -2.06079 -0.0613874 -1.54956 0 0
0 0 494 5.14766 -0.621336 2.88838 9.49038 0 0
0 0 495 -8.37383 -6.6311 3.85536 4.50958 0 0
0 0 496 -10.9559 3.59546 -3.52648 0.838071 0 0
0 0 497 4.04024 -3.16626 -3.85301 -4.06967 0 0
0 0 498 1.75313 2.07398 5.67695 -0.701694 0 0
0 0 499 10.0129 -10.385 0.69142 -7.8161 0 0
0 0 500 -2.15898 6.4314 6.91749 -1.74564 0 0
0 0 501 2.73946 4.89234 6.0417 4.22537 0 0
0 0 502 9.91524 1.09937 5.50307 -2.53272 0 0
0 0 503 -8.02422 5.28882 -1.3698 3.4873 0 0
0 0 504 -6.54179 0.68921 -0.926622 -12.0145 0 0
0 0 505 -11.1219 5.4646 -3.49675 -0.382144 0 0
0 0 506 9.21602 -6.10376 2.86079 2.82888 0 0
0 0 507 -4.84453 0.175539 1.6266 5.79013 0 0
0 0 508 6.91914 -6.99048 1.54176 7.94778 0 0
0 0 509 -0.639451 6.28296 -0.998704 10.2421 0 0
0 0 510 7.48555 -0.127196 1.61391 0.250821 0 0
0 0 511 10.7863 6.63452 1.34456 1.59311 0 0
0 0 512 -0.897263 1.70093 -4.33019 8.59488 0 0
0 0 513 0.962112 5.5603 6.44673 2.06161 0 0
0 0 514 4.69063 -5.53149 -1.39946 -2.01288 0 0
0 0 515 5.02852 4.9978 -2.07597 -0.629581 0 0
0 0 516 2.99922 -1.75806 3.80238 3.41708 0 0
0 0 517 -1.16484 -4.77759 -4.3344 6.72946 0 0
0 0 518 -10.3113 -0.0725083 -4.78612 7.81158 0 0
0 0 519 5.36836 3.19312 4.14375 -6.8928 0 0
0 0 520 -2.8875 3.33569 5.73421 3.50805 0 0
0 0 521 4.46992 0.743898 -0.663621 1.20004 0 0
0 0 522 2.77852 10.3298 3.93385 1.63601 0 0
0 0 523 5.19258 0.712648 3.34004 -3.16288 0 0
0 0 524 3.32735 1.30835 4.26466 -8.02158 0 0
0 0 525 7.48946 6.4978 -3.21471 -2.28763 0 0
0 0 526 6.19844 3.70679 -2.11412 0.63873 0 0
0 0 527 2.15157 -0.254149 13.2666 4.20511 0 0
0 0 528 0.356643 2.33765 4.99837 -1.11219 0 0
0 0 529 -1.65508 1.64234 0.530287 -6.7825 0 0
0 0 530 -9.11211 6.4978 14.4096 1.24106 0 0
0 0 531 -3.83672 0.198976 -6.29808 6.02719 0 0
0 0 532 7.38594 -7.40649 -0.0529035 -1.26725 0 0
0 0 533 0.0382838 4.94507 5.5052 -2.74247 0 0
0 0 534 -10.4617 -1.40649 -0.763292 3.96096 0 0
0 0 535 -0.451951 -6.78735 0.400893 -8.54993 0 0
0 0 536 -9.16484 6.72632 6.20076 -4.53485 0 0
0 0 537 8.97969 2.9021 3.12587 13.1133 0 0
0 0 538 -3.12578 10.6326 0.301222 -3.40464 0 0
0 0 539 -5.42851 8.57593 1.0392 4.03073 0 0
0 0 540 5.4875 7.43726 0.0531145 -6.82871 0 0
0 0 541 -4.73711 1.52124 -1.1917 -0.00699172 0 0
0 0 542 5.77461 -2.36157 -3.72582 2.24542 0 0
0 0 543 9.82735 0.683351 -6.70946 3.38269 0 0
0 0 544 4.95235 -5.55493 4.07381 -6.45072 0 0
0 0 545 5.86641 7.23804 0.670241 -5.92615 0 0
0 0 546 -0.487107 0.614992 -2.43437 -4.08521 0 0
0 0 547 -4.98515 -2.92212 4.65694 -5.80454 0 0
0 0 548 2.69258 4.59937 -2.7567 3.66592 0 0
0 0 549 3.92305 6.29077 -9.7144 -1.48499 0 0
0 0 550 -3.36406 2.11304 -3.33769 1.08929 0 0
0 0 551 3.06367 -1.36548 -4.81792 10.1955 0 0
0 0 552 -0.717575 4.19702 4.71632 -8.18466 0 0
0 0 553 2.21407 1.4021 -4.83696 -0.187015 0 0
0 0 554 2.55586 1.23999 -3.81487 -0.458499 0 0
0 0 555 -6.33672 -4.84399 9.49403 11.0447 0 0
0 0 556 9.22188 5.07007 -7.73583 -1.9596 0 0
0 0 557 3.62032 1.30835 -0.122911 -6.61472 0 0
0 0 558 0.307815 5.57398 -1.80242 -0.842136 0 0
0 0 559 -1.78593 8.93726 5.00685 8.7127 0 0
0 0 560 1.67891 2.56226 5.43519 1.68643 0 0
0 0 561 -0.436326 -0.920164 -4.51463 -7.13883 0 0
0 0 562 -1.51445 -5.99438 3.65181 7.93975 0 0
0 0 563 -4.0789 -9.30884 -6.11571 -2.40876 0 0
0 0 564 6.63594 -0.465086 5.70027 -0.200199 0 0
0 0 565 4.40157 11.0388 -6.44231 -6.54969 0 0
0 0 566 5.91914 1.86499 9.76552 0.431821 0 0
0 0 567 4.51289 -1.17798 -0.578843 10.1172 0 0
0 0 568 7.32539 7.16577 0.0531145 11.6273 0 0
0 0 569 -2.21953 -10.4065 -0.413377 -5.25595 0 0
0 0 570 1.68477 7.85718 1.91078 1.57663 0 0
0 0 571 7.93672 -6.72681 1.25978 -0.679996 0 0
0 0 572 4.59297 -2.70337 4.55092 2.28122 0 0
0 0 573 -6.67461 -1.26782 -5.34807 0.357358 0 0
0 0 574 -0.192185 -6.26977 5.77241 3.74322 0 0
0 0 575 -4.08281 0.984132 2.86714 -3.61389 0 0
0 0 576 0.780471 4.73023 7.8315 -4.98682 0 0
0 0 577 2.59688 1.94507 4.33461 -4.09418 0 0
0 0 578 3.25313 -4.61352 -4.7119 1.05676 0 0
0 0 579 5.58321 -2.60376 -1.21074 -0.370365 0 0
0 0 580 -2.91093 -0.261961 4.40675 -4.39344 0 0
0 0 581 3.50117 -1.42016 3.33369 8.74475 0 0
0 0 582 -2.31133 -9.47485 -6.90672 -2.71463 0 0
0 0 583 3.16719 -7.26977 4.55519 6.13324 0 0
0 0 584 1.62422 5.47632 -4.28563 -8.19644 0 0
0 0 585 7.15547 1.91773 0.0933978 -0.750705 0 0
0 0 586 5.32735 7.50757 -6.83458 -3.05304 0 0
0 0 587 8.93086 14.9705 5.87208 6.52774 0 0
0 0 588 3.76875 1.85913 -1.07713 3.0556 0 0
0 0 589 3.62422 1.42554 -0.413377 -2.70005 0 0
0 0 590 0.407424 11.0876 -5.07451 1.36358 0 0
0 0 591 -4.44804 -1.96704 1.44423 7.69705 0 0
0 0 592 8.58516 4.22632 -2.73125 7.68008 0 0
0 0 593 0.710159 0.558351 2.3434 5.35605 0 0
0 0 594 -3.47539 -5.40454 0.890761 10.5023 0 0
0 0 595 1.0793 1.90015 7.10414 -11.1148 0 0
0 0 596 -1.04375 1.68335 -4.3662 -2.34088 0 0
0 0 597 -2.91289 -1.60376 7.30769 -1.288 0 0
0 0 598 7.74141 0.398195 4.93263 4.32013 0 0
0 0 599 -0.237107 4.57593 -0.824815 -3.50833 0 0
0 0 600 1.13985 4.14819 -2.37499 7.83889 0 0
0 0 601 8.17696 -7.84204 9.23958 -4.4401 0 0
0 0 602 0.337112 5.71655 9.64461 -3.0177 0 0
0 0 603 2.27657 2.69507 -1.40373 3.88226 0 0
0 0 604 -6.68828 -3.67993 -6.86431 -9.91577 0 0
0 0 605 0.270706 -4.83423 -2.68883 -9.82389 0 0
0 0 606 14.2648 0.941164 13.1351 -6.73728 0 0
0 0 607 4.04024 3.69702 3.41853 -12.861 0 0
0 0 608 1.20235 -2.53149 2.2289 7.04193 0 0
0 0 609 4.12422 0.792726 -5.08299 2.40329 0 0
0 0 610 7.54414 -0.732665 -1.44829 -10.3975 0 0
0 0 611 3.41133 -1.68188 0.504836 -1.34644 0 0
0 0 612 5.08516 0.734132 6.2538 -0.629581 0 0
0 0 613 1.10078 -3.30493 1.60756 -13.3031 0 0
0 0 614 2.22383 -1.24829 -11.6484 -2.48935 0 0
0 0 615 -7.2039 5.96851 0.909865 -1.99353 0 0
0 0 616 2.77071 10.4236 2.58302 0.428036 0 0
0 0 617 1.30391 6.63257 6.05867 -5.87055 0 0
0 0 618 5.37617 -5.59595 1.00954 -1.58539 0 0
0 0 619 0.641799 -2.13891 8.82606 9.89712 0 0
0 0 620 6.53438 3.09351 8.58858 3.53351 0 0
0 0 621 -4.60234 1.41773 4.15864 3.50192 0 0
0 0 622 -0.623825 4.13843 5.52217 4.35547 0 0
0 0 623 5.17891 -5.87915 -1.79393 3.49109 0 0
0 0 624 -2.38945 1.70093 2.1313 -0.0036653 0 0
0 0 625 -0.313279 -1.55493 0.725356 -1.2616 0 0
0 0 626 -8.03789 -4.48657 -4.94725 -2.08451 0 0
0 0 627 -4.08476 -3.42016 -1.31468 -5.01935 0 0
0 0 628 1.87813 4.95288 5.09804 -12.9529 0 0
0 0 629 5.46797 3.64819 3.18739 5.6214 0 0
0 0 630 -0.229294 2.33765 -8.43993 -4.08002 0 0
0 0 631 4.57539 2.15405 4.86903 -7.90424 0 0
0 0 632 2.85469 5.03491 -0.038072 3.61126 0 0
0 0 633 0.995315 -1.28149 -0.161058 8.10992 0 0
0 0 634 -2.34648 4.58765 5.50734 1.52054 0 0
0 0 635 4.71407 5.4646 -6.03514 2.13134 0 0
0 0 636 -2.07304 0.720461 2.04011 0.3616 0 0
0 0 637 6.50313 1.20288 8.04146 1.83868 0 0
0 0 638 -3.02422 2.33569 -0.421861 -1.44352 0 0
0 0 639 -2.825 4.28101 6.92811 6.28878 0 0
0 0 640 -1.39726 3.19702 -1.84905 4.91537 0 0
0 0 641 2.08321 -2.97485 8.29591 0.225857 0 0
0 0 642 3.31172 3.56616 -3.976 2.19073 0 0
0 0 643 3.175 -0.246336 3.02412 -10.076 0 0
0 0 644 -1.55547 -3.11352 8.31502 -1.87665 0 0
0 0 645 0.133987 1.3728 2.88624 0.616086 0 0
0 0 646 -4.50078 9.55445 -0.553392 1.04828 0 0
0 0 647 -4.71953 2.41382 -2.76091 2.35852 0 0
0 0 648 0.57344 0.980226 0.903517 -7.49701 0 0
0 0 649 4.48555 2.86109 6.5973 7.48919 0 0
0 0 650 6.77266 -1.10181 -4.02269 4.28994 0 0
0 0 651 -4.53008 -4.11548 3.78328 -2.7222 0 0
0 0 652 4.86641 5.72241 8.2726 4.51806 0 0
0 0 653 -0.485154 4.11304 7.03627 -17.0924 0 0
0 0 654 2.93477 -7.24048 -5.39897 0.372433 0 0
0 0 655 0.633987 4.3064 2.73146 3.57263 0 0
0 0 656 6.21016 3.16382 -1.72392 1.03604 0 0
0 0 657 -0.879685 5.55444 -0.118638 1.47387 0 0
0 0 658 1.53633 -1.04516 -1.77062 -0.834598 0 0
0 0 659 3.59688 -9.06665 2.99867 3.1098 0 0
0 0 660 7.93477 -1.68188 2.9626 0.336606 0 0
0 0 661 -6.14531 0.753664 -7.75072 -5.86911 0 0
0 0 662 -0.248826 -4.24829 -1.60307 -6.47428 0 0
0 0 663 1.75703 0.433351 2.68269 7.35724 0 0
0 0 664 9.95821 -7.0686 0.727492 -2.33902 0 0
0 0 665 8.88399 2.02124 -3.68126 -6.13495 0 0
0 0 666 -0.403122 7.71069 3.743 -7.2378 0 0
0 0 667 -1.85625 -2.54321 0.30757 2.55789 0 0
0 0 668 -1.68437 4.89819 6.05018 -4.84732 0 0
0 0 669 -1.75468 9.22241 -3.74065 -14.9305 0 0
0 0 670 2.16914 4.00562 1.58845 -11.7482 0 0
0 0 671 -7.40703 4.48023 -3.32079 -11.4353 0 0
0 0 672 1.44453 5.06616 -3.59429 -1.01181 0 0
0 0 673 -2.21562 13.824 4.77998 -1.51139 0 0
0 0 674 6.13203 -0.332274 5.31013 5.77032 0 0
0 0 675 0.415237 -9.18188 5.12349 -0.300144 0 0
0 0 676 6.93086 1.85718 -8.22569 1.35464 0 0
0 0 677 3.62813 -0.515868 2.55122 0.0161101 0 0
0 0 678 5.47578 -2.62134 2.06557 -3.19916 0 0
0 0 679 3.49141 1.15601 3.25734 -4.85956 0 0
0 0 680 6.63008 -4.78345 6.73305 -9.45059 0 0
0 0 681 -7.00859 -1.28931 -7.06999 -7.48712 0 0
0 0 682 -0.95781 0.0896012 3.43123 2.45797 0 0
0 0 683 11.384 -3.3772 0.958632 0.565182 0 0
0 0 684 5.54219 10.324 2.12709 -4.91425 0 0
0 0 685 6.00899 -2.2561 -3.83183 5.89663 0 0
0 0 686 3.75508 -1.52954 -3.59429 -5.87195 0 0
0 0 687 -4.69804 -0.545165 3.76204 -6.28104 0 0
0 0 688 2.96992 10.6619 4.73115 0.15704 0 0
0 0 689 5.91914 3.69312 6.83272 7.56414 0 0
0 0 690 -4.23906 -9.1604 0.640517 -6.64771 0 0
0 0 691 7.91524 -2.54126 4.4258 0.174466 0 0
0 0 692 5.67696 -3.17407 3.30189 -12.3143 0 0
0 0 693 -9.37968 -4.57446 3.95503 8.36065 0 0
0 0 694 -5.37187 -9.31274 3.92537 0.0184599 0 0
0 0 695 5.30196 0.868898 2.92653 -5.73526 0 0
0 0 696 5.49922 1.91382 -1.06865 0.839505 0 0
0 0 697 0.249221 -5.32446 -9.18846 3.96804 0 0
0 0 698 2.9836 4.46851 1.56721 -3.03418 0 0
0 0 699 8.14571 6.04468 5.98231 -7.98105 0 0
0 0 700 -2.35625 0.995851 8.05415 -12.229 0 0
0 0 701 8.12422 2.17163 10.1981 -0.530612 0 0
0 0 702 1.78438 1.06616 -5.81883 -5.986 0 0
0 0 703 7.95235 -4.19165 -3.23168 2.74405 0 0
0 0 704 -8.12968 1.65601 3.32735 -3.65207 0 0
0 0 705 3.84883 3.77124 -3.27623 -0.221408 0 0
0 0 706 2.17696 8.19702 -0.347642 -1.68909 0 0
0 0 707 1.76289 -3.96313 -7.16332 3.12912 0 0
0 0 708 0.733596 -5.28149 0.369094 -5.82669 0 0
0 0 709 -0.727341 -3.01196 -2.16716 8.07174 0 0
0 0 710 -1.56718 1.92945 8.30019 -4.72242 0 0
0 0 711 7.58711 6.27124 4.0547 -2.00531 0 0
0 0 712 3.51485 -4.97681 2.43666 -10.2085 0 0
0 0 713 -4.81523 3.35327 -3.95696 3.4364 0 0
0 0 714 6.92696 -4.6936 -0.510972 0.404019 0 0
0 0 715 -1.05937 -10.5354 6.48494 -5.46427 0 0
0 0 716 7.87813 8.48804 5.6006 -3.07096 0 0
0 0 717 -5.28398 -0.513915 -5.06175 0.710812 0 0
0 0 718 7.77266 -6.20337 -1.70061 -3.00498 0 0
0 0 719 -5.29961 -4.76391 0.74446 -5.20032 0 0
0 0 720 -0.928513 -3.2561 6.54219 10.918 0 0
0 0 721 5.47188 -0.340086 -2.49797 -12.2026 0 0
0 0 722 6.90157 4.28882 5.71089 -8.55323 0 0
0 0 723 1.47969 5.79273 -5.61522 6.01541 0 0
0 0 724 3.65742 -4.65454 -2.11626 1.65109 0 0
0 0 725 2.69649 0.212648 4.31129 2.31845 0 0
0 0 726 -4.09062 1.53882 2.99226 -4.5669 0 0
0 0 727 0.47969 0.82007 4.28798 4.11227 0 0
0 0 728 -6.30937 4.25757 1.66688 -6.23957 0 0
0 0 729 -6.2039 0.0310073 0.337294 1.90182 0 0
0 0 730 -0.188279 0.214601 2.38582 6.06585 0 0
0 0 731 -5.51445 -3.22095 11.6401 2.24728 0 0
0 0 732 9.9836 -3.83227 1.31489 -4.90717 0 0
0 0 733 1.35078 -1.46118 -2.27104 2.46267 0 0
0 0 734 2.78438 6.60523 -3.77879 -1.10984 0 0
0 0 735 -2.81914 5.69312 6.02901 5.94803 0 0
0 0 736 -2.11211 -1.48657 -0.122911 2.5527 0 0
0 0 737 -2.56914 4.13452 6.22407 -8.23227 0 0
0 0 738 8.08125 0.214601 -1.20653 -5.06696 0 0
0 0 739 -7.00664 0.587648 -8.26811 0.172604 0 0
0 0 740 1.53242 7.7439 -6.31084 -1.31156 0 0
0 0 741 -3.5789 -5.04712 2.51301 -11.2204 0 0
0 0 742 -2.03008 -2.87329 3.96986 4.77917 0 0
0 0 743 0.737503 -5.23462 1.06892 2.54562 0 0
0 0 744 6.15157 0.706789 5.6515 1.23965 0 0
0 0 745 -3.83867 3.40015 -3.6367 -4.42362 0 0
0 0 746 -11.3914 0.343507 -4.19023 -2.12079 0 0
0 0 747 5.70235 5.30444 -0.519456 -4.47263 0 0
0 0 748 -1.86211 -0.400633 -9.2097 -1.88419 0 0
0 0 749 -1.22344 -4.1604 1.14101 -4.86618 0 0
0 0 750 2.61446 3.18921 2.93715 -12.3293 0 0
0 0 751 -1.85625 5.68335 6.08839 -9.95066 0 0
0 0 752 -3.00859 3.01929 3.67726 0.175412 0 0
0 0 753 -4.10234 2.96069 5.81904 1.83725 0 0
0 0 754 7.96797 3.52319 -2.3156 3.55471 0 0
0 0 755 1.96211 -5.1272 -0.057176 -3.9509 0 0
0 0 756 -1.50859 7.39038 2.11647 11.0146 0 0
0 0 757 -2.2039 2.78882 7.29713 0.807431 0 0
0 0 758 -1.10625 7.2771 -2.23711 -4.04184 0 0
0 0 759 1.80586 5.61109 1.72414 -4.02063 0 0
0 0 760 -1.82304 1.07593 1.20674 -2.11798 0 0
0 0 761 1.30391 3.45679 2.33064 -3.95276 0 0
0 0 762 -5.83281 -4.57056 0.417861 -6.64017 0 0
0 0 763 -7.9832 0.829835 10.8873 -7.01206 0 0
0 0 764 -0.356247 4.61694 -1.02202 -8.03006 0 0
0 0 765 -5.76054 1.81812 0.742324 2.10733 0 0
0 0 766 4.32344 5.28491 6.50825 -3.03937 0 0
0 0 767 0.967971 2.01148 2.12923 -1.09003 0 0
0 0 768 -0.483201 0.181398 10.1514 -8.75919 0 0
0 0 769 -1.37187 0.921632 1.02437 2.20157 0 0
0 0 770 7.60274 5.53687 -8.35509 -0.189853 0 0
0 0 771 5.34492 0.794679 -3.49889 -4.45472 0 0
0 0 772 7.9836 1.4646 -0.387987 -5.10465 0 0
0 0 773 4.34102 6.11499 6.24739 -5.10276 0 0
0 0 774 0.79219 1.37866 -7.90129 0.566617 0 0
0 0 775 2.13594 -2.97681 -2.04418 1.10247 0 0
0 0 776 1.63203 6.13648 5.16804 -3.95609 0 0
0 0 777 -4.71562 -0.246336 -1.4525 -4.34915 0 0
0 0 778 3.12813 9.40601 -0.26494 -3.20435 0 0
0 0 779 9.61641 3.43335 2.6551 -1.94452 0 0
0 0 780 5.54805 4.59937 1.38698 4.53927 0 0
0 0 781 6.02266 -1.25415 8.98726 -0.616855 0 0
0 0 782 9.54024 -0.611571 3.50337 -1.67777 0 0
0 0 783 -1.64726 8.14624 -1.73241 2.90429 0 0
0 0 784 10.6066 7.6853 2.86714 -4.64182 0 0
0 0 785 4.09297 -1.84009 -5.13811 2.78082 0 0
0 0 786 1.85469 7.65991 -6.83251 -3.98578 0 0
0 0 787 8.69453 7.06616 -0.298875 -2.06848 0 0
0 0 788 13.1672 -5.41821 1.23854 -3.95041 0 0
0 0 789 12.3898 0.495851 -6.72435 8.54965 0 0
0 0 790 8.84297 4.86694 -7.63408 3.47882 0 0
0 0 791 11.5969 0.38257 -13.0882 3.05276 0 0
0 0 792 24.7473 3.0564 -18.8987 -4.66965 -40.4067 7.5628
0 0 793 12.5422 8.70679 -11.6377 1.37631 0 0
0 0 794 6.77071 3.92359 -10.9719 -9.10843 0 0
0 0 795 12.4094 -0.92993 -15.3318 5.86648 0 0
0 0 796 6.75313 -1.82837 3.00502 0.105191 0 0
0 0 797 11.8371 -0.236571 -9.37084 -0.81528 0 0
0 0 798 18.3449 1.71265 -15.4379 -3.68177 0 0
0 0 799 15.2727 5.19116 -13.0628 2.34109 0 0
0 0 800 12.509 1.75171 -15.9723 4.65051 0 0
0 0 801 19.5168 0.0954609 -16.3434 8.94885 0 0
0 0 802 6.83321 -4.8186 -25.0973 6.3623 -50.4342 5.66368
0 0 803 15.3469 7.65601 -16.6806 0.975705 -32.673 7.85209
0 0 804 11.4895 -2.57251 -3.17442 -0.667758 0 0
0 0 805 15.1711 5.5271 -14.8378 7.29455 0 0
0 0 806 20.9934 5.01343 -9.05913 -0.892093 0 0
0 0 807 16.8078 9.29663 -19.9272 -6.78958 -32.4948 6.55293
0 0 808 7.71992 -0.0881333 -5.1657 12.7556 0 0
0 0 809 18.2961 3.6482 -20.521 2.89865 -39.9597 6.9454
0 0 810 16.4465 9.32984 -20.7861 -2.27445 -32.9135 6.32654
0 0 811 15.5031 3.36304 -14.3013 1.63177 0 0
0 0 812 20.6906 8.51148 -21.3268 -0.698398 -34.1216 6.28327
0 0 813 23.5109 -3.19946 -9.53838 -7.03797 0 0
0 0 814 14.1535 2.0564 -15.211 -5.04905 0 0
0 0 815 19.0793 8.60327 -8.13664 12.5798 0 0
0 0 816 19.0363 -2.16626 -12.4266 9.08929 0 0
0 0 817 10.759 6.17749 -15.1664 -9.21399 0 0
0 0 818 21.1359 -2.75024 -9.58714 -1.85593 0 0
0 0 819 3.31172 10.7888 -18.8987 1.95367 -30.1395 6.60754
0 0 820 6.28633 5.3103 -13.9938 3.38974 0 0
0 0 821 11.6281 10.0154 -15.9956 -1.92661 -28.974 7.61045
0 0 822 17.718 5.59351 -21.2292 -4.44718 -37.6196 6.58688
0 0 823 12.4406 3.40601 -15.0223 -8.3581 0 0
0 0 824 13.298 -2.48266 -11.0207 0.0490996 0 0
0 0 825 11.9875 -1.58227 -15.2619 -5.27054 0 0
0 0 826 18.2453 1.76929 -16.9605 -4.78934 -42.0223 8.49438
0 0 827 12.5695 2.59351 -10.217 -1.11643 0 0
0 0 828 15.8723 0.751711 -12.6153 1.01483 0 0
0 0 829 9.07344 -1.39087 -20.6461 0.79379 -46.927 7.00137
0 0 830 19.6242 1.67163 -23.9818 4.75372 -43.0063 6.02651
0 0 831 23.8645 3.75952 -31.2067 -0.969852 -41.5653 4.60782
0 0 832 32.1477 7.72241 -25.5531 -1.85544 -36.5923 5.41393
0 0 833 20.2688 -0.24243 -26.5372 -5.19513 -45.2617 5.45999
0 0 834 16.5637 2.75952 -20.767 -0.0899385 -41.2154 6.91286
0 0 835 30.2707 2.56812 -31.9871 2.98114 -42.7049 4.51449
0 0 836 29.8469 -3.95337 -24.2872 9.34237 -49.6226 5.88386
0 0 837 36.3273 7.96069 -20.2623 -4.38733 -34.2755 6.62824
0 0 838 25.843 4.70679 -30.7869 3.80639 -40.6539 4.64917
0 0 839 35.9758 4.01148 -32.4812 -2.07178 -41.4798 4.42531
0 0 840 32.6398 -0.0158672 -30.3776 2.08188 -45.015 4.76994
0 0 841 38.2199 -4.86938 -33.4376 -3.08039 -49.1428 4.28542
0 0 842 46.8957 9.34155 -34.7524 0.884274 -37.4772 4.01811
0 0 843 53.3059 10.3142 -41.5192 -0.762943 -38.0245 3.38087
0 0 844 43.5871 3.42749 -42.0981 -10.1321 -42.6727 3.42988
0 0 845 50.1691 -1.04516 -45.0351 -4.1691 -45.6647 3.21655
0 0 846 55.7746 -0.00610161 -41.8055 3.99633 -45.0042 3.46603
0 0 847 52.0188 8.70288 -36.8454 -2.67035 -38.3552 3.82103
0 0 848 70.4426 -1.89673 -45.8177 -0.714877 -46.1853 3.15964
0 0 849 58.8527 2.48999 -51.0937 -8.61591 -43.605 2.83238
0 0 850 67.0461 -1.05884 -53.5982 1.5144 -45.5659 2.70287
0 0 851 76.3391 4.03882 -51.6493 -2.93286 -42.7644 2.79637
0 0 852 80.6594 -8.26196 -47.6902 -7.24912 -49.9143 2.99104
0 0 853 71.9289 1.20679 -46.333 -5.80359 -44.254 3.12621
0 0 854 80.3137 -9.86157 -60.4244 7.07776 -49.6346 2.3648
0 0 855 88.3352 -6.59399 -65.3124 1.57379 -47.8825 2.20664
0 0 856 96.2258 -5.09399 -62.9585 -2.41773 -47.3129 2.29354
0 0 857 107.816 -1.01587 -62.1124 -3.57242 -45.4685 2.33252
0 0 858 103.191 -11.3049 -67.1022 -3.16379 -49.7815 2.12755
0 0 859 119.247 -11.3928 -65.2827 -6.41114 -49.9496 2.18451
0 0 860 108.601 -0.50415 -68.7181 -2.78675 -45.2102 2.10854
0 0 861 122.029 -15.3577 -67.7129 -1.55854 -51.3894 2.08373
0 0 862 130.894 -1.76587 -64.99 -7.09262 -45.7782 2.22868
0 0 863 152.269 -15.6252 -66.6866 -11.8623 -51.5935 2.11212
0 0 864 166.667 -14.8479 -59.1669 -2.94983 -52.0437 2.37097
0 0 865 165.402 -9.63696 -53.84 -0.55228 -50.074 2.64664
0 0 866 162.034 -4.50806 -45.2366 -6.02561 -47.8455 3.18638
0 0 867 160.845 -4.52954 -28.645 -3.24958 -49.4928 4.99258
0 0 868 168.003 -0.81665 -18.3071 2.68466 -46.2771 7.90658
0 0 869 175.021 -2.24048 -2.69096 -4.57114 0 0
0 0 870 170.986 3.69702 12.8107 4.97006 0 0
0 0 871 166.169 0.89624 11.8734 -2.47428 0 0
0 0 872 178.872 0.157959 34.2097 -1.96668 44.8677 4.23556
0 0 873 182.321 13.3806 35.7789 1.97393 34.7476 3.77879
0 0 874 183.825 4.58765 44.1532 3.55896 42.034 3.26308
0 0 875 196.773 14.1482 50.7271 11.3902 37.2079 2.74526
0 0 876 207.173 6.13843 47.9852 7.13147 41.3551 2.99376
0 0 877 203.993 14.3845 60.7109 10.4938 38.3352 2.31857
0 0 878 211.784 13.4685 65.1621 5.67465 39.1609 2.17487
0 0 879 193.089 21.6326 70.1837 5.20663 36.4346 1.96766
0 0 880 197.946 16.6697 60.6727 5.66382 37.3186 2.29785
0 0 881 204.784 15.8357 59.0314 6.29632 37.4917 2.36584
0 0 882 184.359 10.1365 55.1825 4.8937 39.7957 2.57999
0 0 883 186.611 18.0642 50.515 -3.87311 35.1615 2.69141
0 0 884 168.445 8.21069 34.0888 2.15585 38.2288 4.12541
0 0 885 160.07 4.99976 29.2114 -1.362 40.1438 4.88494
0 0 886 156.321 5.00952 20.536 0.110379 38.1456 6.84289
0 0 887 140.415 8.17749 26.3104 3.48211 36.3672 5.24472
0 0 888 142.404 4.88062 9.1357 8.32812 0 0
0 0 889 120.589 10.7927 5.66426 -2.7038 0 0
0 0 890 112.765 2.12866 2.1822 3.02591 0 0
0 0 891 119.009 3.91968 -3.52434 -3.64218 0 0
0 0 892 102.743 -4.53345 -11.7269 7.04382 0 0
0 0 893 98.1262 -7.76782 -4.34923 -1.46521 0 0
0 0 894 94.9484 -6.06665 -12.5751 6.12051 0 0
0 0 895 93.4777 -4.90454 -8.1812 -6.10337 0 0
0 0 896 90.8254 -12.9905 -12.1149 -4.6951 -68.4987 8.02084
0 0 897 86.4797 -5.12915 -9.08031 -0.481113 0 0
0 0 898 91.7023 2.33569 -8.60533 -3.83731 0 0
0 0 899 85.048 -11.1038 -10.9104 -3.06482 0 0
0 0 900 85.6008 -5.50806 -17.4397 -1.31534 -53.7639 7.90046
0 0 901 88.4211 -13.1018 -12.9462 -3.84815 -67.6712 7.74233
0 0 902 78.7863 -16.8928 -9.03154 -6.80466 -75.9347 7.37953
0 0 903 77.6809 -9.17407 -16.9562 -12.3638 -59.2077 7.46293
0 0 904 95.2277 -4.88892 2.33064 -7.51023 0 0
0 0 905 76.5402 -14.6975 -12.1531 -7.48288 -70.2067 7.45643
0 0 906 75.0109 -15.3987 -20.9599 -4.84922 -63.1518 5.5103
0 0 907 78.9699 -10.4631 -13.4551 -5.51752 -63.9349 8.40119
0 0 908 70.5754 -6.36157 -8.0836 -3.51023 0 0
0 0 909 83.2219 -11.7307 -11.2157 -8.0329 0 0
0 0 910 64.843 -2.42603 -9.87767 -3.85239 0 0
0 0 911 62.8254 -9.97095 -18.7715 4.57086 -58.9881 6.77037
0 0 912 63.9875 -21.8323 -13.6969 -10.9583 -73.9486 5.4955
0 0 913 64.925 -15.5979 -12.4775 -3.29624 -70.671 7.1156
0 0 914 55.7531 -7.80884 -18.0314 -4.12998 -56.708 7.33789
0 0 915 59.1926 -15.6506 -8.19176 -12.2011 -76.1859 8.00039
0 0 916 68.8879 -12.1506 -7.90337 -1.88279 0 0
0 0 917 64.6711 -13.5745 -18.6548 0.221127 -63.021 6.21275
0 0 918 62.9465 -12.2327 -15.1834 1.04452 -64.4285 7.34014
0 0 919 68.673 -13.1155 -14.7763 -5.45249 -65.7962 7.23294
0 0 920 52.4914 -12.8831 -11.3769 -7.15201 -69.2762 8.28225
0 0 921 54.4836 -12.7268 -14.0849 -6.63407 -66.0501 7.52585
0 0 922 56.3977 -6.43774 -10.0261 -3.38581 0 0
0 0 923 54.8762 -19.7913 -2.70366 -8.95243 -86.1105 7.02956
0 0 924 53.8684 -4.63891 -14.7424 -5.78098 0 0
0 0 925 48.509 -6.95923 -10.5117 -11.538 0 0
0 0 926 44.2746 -19.5061 -8.06456 1.46963 -78.769 6.68044
0 0 927 43.5734 -11.512 -8.09422 -16.3817 0 0
0 0 928 44.1887 -12.2405 -2.18413 -15.6285 0 0
0 0 929 49.1652 -11.2639 -10.8022 -9.86063 0 0
0 0 930 40.093 -8.9768 -2.06322 -0.243106 0 0
0 0 931 45.7492 -10.0745 -10.6093 -10.463 0 0
0 0 932 45.007 -9.43774 -6.45714 -7.83731 0 0
0 0 933 32.5188 -9.51977 -7.51317 0.41766 0 0
0 0 934 32.0383 -8.96118 -5.89092 2.08563 0 0
0 0 935 36.2102 -9.40259 -2.61669 -3.76895 0 0
0 0 936 37.2453 -11.0002 -2.84575 -8.17948 0 0
0 0 937 25.1457 -7.94751 -6.51012 -0.0639986 0 0
0 0 938 27.218 -13.2346 -2.51915 -3.35373 0 0
0 0 939 24.2375 -10.1057 -9.65288 -3.85614 0 0
0 0 940 30.1672 -3.59399 -7.32872 -1.71076 0 0
0 0 941 27.6281 -3.46118 -11.8795 -10.9555 0 0
0 0 942 26.1496 -4.91235 -1.35283 -0.200199 0 0
0 0 943 16.1359 -4.11352 -1.41222 -9.36859 0 0
0 0 944 25.4465 -10.717 -7.71465 0.16882 0 0
0 0 945 24.2844 -10.6799 -6.95336 -10.3296 0 0
0 0 946 29.1711 -16.4377 -9.90099 -0.187473 -74.469 7.37711
0 0 947 19.0051 -11.01 1.32551 -0.918949 0 0
0 0 948 18.7355 -13.2366 -8.56291 -10.0501 0 0
0 0 949 22.0012 -2.6272 -4.80943 -2.13919 0 0
0 0 950 14.7492 -12.2385 -8.61376 -1.34928 0 0
0 0 951 25.8801 -1.52954 -3.64946 -4.2417 0 0
0 0 952 20.8742 1.65991 -6.09874 -0.377414 0 0
0 0 953 14.6105 -12.8342 -1.53948 -5.03159 0 0
0 0 954 15.4719 -5.84009 1.64992 -6.68683 0 0
0 0 955 17.4406 -6.61743 -4.4807 -1.27054 0 0
0 0 956 8.87227 -2.67407 -1.14714 -6.15332 0 0
0 0 957 15.6516 -10.1682 -4.81578 -4.97034 0 0
0 0 958 11.4738 -9.90454 2.26277 -1.09146 0 0
0 0 959 30.8215 -1.88501 -0.580919 -0.482059 0 0
0 0 960 12.8371 -0.724852 -5.18474 0.477536 0 0
0 0 961 11.6242 0.515382 2.40279 2.82937 0 0
0 0 962 12.1242 -3.37915 -7.31597 -3.35752 0 0
0 0 963 13.009 -3.91235 4.65059 7.81958 0 0
0 0 964 15.3801 0.228273 5.41188 0.906888 0 0
0 0 965 8.51094 -2.96118 -2.97087 11.5571 0 0
0 0 966 8.1086 2.18335 -0.203477 -5.08768 0 0
0 0 967 9.78633 -6.57251 -0.523668 -1.34784 0 0
0 0 968 10.6457 -5.98657 4.84144 3.48541 0 0
0 0 969 10.2453 -5.62915 -1.24046 -7.06436 0 0
0 0 970 7.26289 -4.0022 1.34456 4.64956 0 0
0 0 971 5.96407 4.06616 -0.525804 -0.314731 0 0
0 0 972 13.4875 3.42554 3.17464 -1.81351 0 0
0 0 973 11.0266 -5.33227 6.38948 4.30456 0 0
0 0 974 2.00899 -0.631102 -4.00572 4.11932 0 0
0 0 975 5.37422 -4.98852 6.40224 3.32187 0 0
0 0 976 17.1789 -5.99634 -0.716661 0.491666 0 0
0 0 977 16.7395 -6.49048 0.574782 -7.49655 0 0
0 0 978 -3.07109 2.81226 6.3365 1.3551 0 0
0 0 979 7.08321 -7.73657 -0.28618 -2.3263 0 0
0 0 980 10.673 -1.90845 -1.60942 1.58557 0 0
0 0 981 4.58321 2.73218 4.6888 -1.16452 0 0
0 0 982 11.1223 -5.59204 -2.7058 3.17105 0 0
0 0 983 3.58321 -0.498289 -4.35137 2.68704 0 0
0 0 984 16.507 -3.64477 3.32521 2.90854 0 0
0 0 985 5.19258 -2.35376 -4.43193 -0.206821 0 0
0 0 986 12.1027 -18.0178 3.66878 8.58075 84.2454 7.6419
0 0 987 7.72969 6.81616 2.20979 -3.84861 0 0
0 0 988 2.2336 -3.48462 -1.48857 -4.06543 0 0
0 0 989 0.79219 -2.55884 6.8094 4.69104 0 0
0 0 990 8.91524 -2.93579 4.90083 -12.1974 0 0
0 0 991 8.76485 -2.41431 -1.49706 -10.1321 0 0
0 0 992 9.23946 -5.48266 1.6775 1.3584 0 0
0 0 993 9.56953 -11.4143 2.73146 -0.95148 0 0
0 0 994 7.91914 3.68921 4.14589 -9.22577 0 0
0 0 995 6.90742 -2.73266 9.54494 5.43994 0 0
0 0 996 8.34492 -9.57251 7.72121 -5.13907 0 0
0 0 997 18.257 -3.26196 8.78151 3.40011 0 0
0 0 998 4.18086 -9.6272 9.67641 -3.60636 0 0
0 0 999 12.6926 -5.09595 5.18709 -3.88916 0 0
0 0 1000 12.6574 0.435304 1.38063 -0.493381 0 0
0 0 1001 12.757 1.12866 10.8046 -4.65784 0 0
0 0 1002 -3.08867 0.427492 15.8601 -5.36246 0 0
0 0 1003 1.7375 5.58179 9.4792 -3.70627 0 0
0 0 1004 8.46211 -3.6897 2.81203 -10.2584 0 0
0 0 1005 17.6516 -2.26977 5.57728 -3.51209 0 0
0 0 1006 6.75117 0.0798354 2.97108 3.73617 0 0
0 0 1007 -1.45586 -2.34985 0.483595 -6.37625 0 0
0 0 1008 14.009 -3.63501 11.3538 2.05218 0 0
0 0 1009 4.29024 -1.22876 10.4293 -1.08628 0 0
0 0 1010 7.66133 -7.38501 -0.0529035 -6.71183 0 0
0 0 1011 10.0852 6.01929 0.248244 6.34439 0 0
0 0 1012 11.5012 -1.30298 2.4261 -8.0018 0 0
0 0 1013 1.41524 3.27905 2.9308 -8.67105 0 0
0 0 1014 8.71797 -0.965086 7.02778 3.43029 0 0
0 0 1015 13.5051 -10.2561 -2.33257 -4.35056 0 0
0 0 1016 7.65157 6.38257 3.50758 -5.2305 0 0
0 0 1017 4.8625 1.84351 7.33528 -2.65857 0 0
0 0 1018 9.85664 3.38843 7.22713 -4.53485 0 0
0 0 1019 4.98555 1.84546 6.35133 1.69021 0 0
0 0 1020 3.99336 -5.36157 -1.71758 0.821103 0 0
0 0 1021 -5.71562 -1.95337 0.311843 7.402 0 0
0 0 1022 3.91719 0.968507 -3.4586 -3.16663 0 0
0 0 1023 0.426956 0.548586 -3.11083 -4.0018 0 0
