# File: uwl_230131_234006_Combined.rf.sbA2.RMC_aux Src: J1713+0747 Nsub: 1 Nch: 1 Npol: 4 Nbin: 1024 RMS: 7.57486
0 0 0 13.6022 -11.075 18.7102 0.254117 0 0
0 0 1 19.7598 -18.1446 -5.90425 -15.5668 0 0
0 0 2 2.20663 -0.880674 -10.2664 -15.7847 0 0
0 0 3 12.0774 -7.38668 4.40877 10.8147 0 0
0 0 4 15.8792 -9.76266 -7.1565 -6.54473 0 0
0 0 5 12.323 -9.9001 -2.91208 -17.5811 0 0
0 0 6 8.41595 5.0936 2.50583 -0.437056 0 0
0 0 7 1.79203 -11.8814 -9.14155 -6.95053 0 0
0 0 8 -0.0604248 -7.79477 2.66319 -8.38122 0 0
0 0 9 7.79004 -2.50035 -7.77429 2.92589 0 0
0 0 10 6.69029 -5.20766 2.73112 -13.4154 0 0
0 0 11 7.83795 -4.45219 0.716711 -0.785065 0 0
0 0 12 1.42118 -5.60207 -7.31481 9.6916 0 0
0 0 13 9.76059 -1.98932 -8.42504 11.7931 0 0
0 0 14 8.50485 -19.6676 3.27945 -11.7002 0 0
0 0 15 4.20488 9.79103 0.520487 4.28526 0 0
0 0 16 14.126 -0.891368 -10.0349 -3.85507 0 0
0 0 17 -3.28127 -11.0437 8.62436 -3.38571 0 0
0 0 18 -3.05312 0.409442 -5.07823 0.412806 0 0
0 0 19 10.1153 -12.8017 -4.32174 6.6677 0 0
0 0 20 21.6718 2.49316 4.30518 7.9103 0 0
0 0 21 -3.24957 -1.58029 -7.92807 -4.31469 0 0
0 0 22 1.39216 10.7723 -2.34263 11.2416 0 0
0 0 23 17.9548 -0.887046 -5.98993 -14.6941 0 0
0 0 24 -7.47815 -1.8839 -5.60793 -1.68856 0 0
0 0 25 7.37744 1.25263 -5.62505 1.55607 0 0
0 0 26 6.62857 3.14457 -12.68 -8.2172 0 0
0 0 27 9.91102 -13.3427 11.918 -11.5113 0 0
0 0 28 15.5175 0.0442424 12.9158 -7.91649 0 0
0 0 29 2.47905 -8.62585 2.79266 2.8015 0 0
0 0 30 -3.9204 5.22074 2.56768 -3.01905 0 0
0 0 31 4.6643 0.803426 -7.38453 -7.15899 0 0
0 0 32 12.9437 -0.0636449 2.05374 -0.0525359 0 0
0 0 33 11.2201 13.6563 2.07441 -0.323222 0 0
0 0 34 9.77541 11.3651 -1.6716 3.71325 0 0
0 0 35 11.3658 0.0905304 2.71932 1.08019 0 0
0 0 36 0.488895 0.566353 -8.56618 12.3987 0 0
0 0 37 5.59547 14.7897 -4.73948 1.15748 0 0
0 0 38 -13.1271 -5.73435 8.80694 -0.142436 0 0
0 0 39 3.45926 -3.20659 9.55272 2.39737 0 0
0 0 40 12.1147 2.07768 4.00574 2.23335 0 0
0 0 41 12.229 2.14892 14.9816 1.79781 0 0
0 0 42 -6.60395 7.34579 -0.907281 1.35155 0 0
0 0 43 13.9312 4.57045 -5.6 4.8221 0 0
0 0 44 -9.58018 -1.35732 4.89723 12.8962 0 0
0 0 45 10.4553 -0.288983 1.61652 -14.6351 0 0
0 0 46 3.22884 -2.2653 2.7166 -10.121 0 0
0 0 47 4.61252 3.22615 -3.4633 0.283729 0 0
0 0 48 9.6133 12.4117 -10.7213 4.10219 0 0
0 0 49 2.39108 -2.54198 -3.6304 10.913 0 0
0 0 50 4.96363 5.27768 4.58656 5.3633 0 0
0 0 51 19.6301 -1.1602 4.60149 10.5895 0 0
0 0 52 4.19645 2.6836 -1.57095 -4.18297 0 0
0 0 53 -0.739144 -9.64532 3.37888 -18.5002 0 0
0 0 54 3.60899 10.9274 14.9599 3.3798 0 0
0 0 55 4.75441 -12.3938 -11.2589 2.6452 0 0
0 0 56 9.52796 -3.44935 0.609594 -0.645268 0 0
0 0 57 12.0266 0.569621 5.66214 -3.62455 0 0
0 0 58 1.59673 -2.01026 -7.67605 6.12563 0 0
0 0 59 16.1905 0.0860605 12.153 -2.16965 0 0
0 0 60 6.36707 9.26025 7.69908 3.87747 0 0
0 0 61 -8.59643 14.1291 5.61562 -0.761405 0 0
0 0 62 -0.846663 4.98006 11.2277 -1.54712 0 0
0 0 63 -2.83324 5.93033 1.54977 -10.8011 0 0
0 0 64 6.04447 -11.1479 -7.71781 15.7765 0 0
0 0 65 9.64593 -1.69141 -2.78869 1.87359 0 0
0 0 66 2.20206 -10.7611 2.06066 -2.33735 0 0
0 0 67 -8.13476 4.30829 0.63317 -11.9195 0 0
0 0 68 6.96356 3.66533 6.73129 -3.62574 0 0
0 0 69 6.33148 5.05736 -3.95328 7.42829 0 0
0 0 70 -6.34956 -1.30364 -6.65596 8.48084 0 0
0 0 71 1.79271 -13.8476 4.23087 -4.24688 0 0
0 0 72 0.966631 -6.65165 5.70253 1.8708 0 0
0 0 73 6.88157 7.2676 5.40307 -12.8359 0 0
0 0 74 -6.0926 8.87502 -2.05451 -1.93518 0 0
0 0 75 -3.85577 2.85343 6.51872 -4.21739 0 0
0 0 76 8.26734 -3.08933 4.59955 0.134952 0 0
0 0 77 7.82214 2.63447 3.92283 9.42461 0 0
0 0 78 -7.47357 1.24103 9.23934 -2.33242 0 0
0 0 79 4.9547 -12.9519 4.07304 4.4348 0 0
0 0 80 -0.294879 -8.7001 -4.58044 -0.190475 0 0
0 0 81 6.96158 3.97012 7.68443 -2.21733 0 0
0 0 82 -21.756 -5.99031 -3.12644 13.9287 0 0
0 0 83 -3.32179 -1.32096 -8.6664 -12.8463 0 0
0 0 84 -11.8639 19.3628 9.86401 -9.77144 0 0
0 0 85 -1.57271 -3.1992 10.9908 -0.16579 0 0
0 0 86 -12.4696 -0.0615458 -5.57192 -2.77262 0 0
0 0 87 -5.57718 4.28586 -12.6026 2.10999 0 0
0 0 88 -4.90684 2.22042 2.73611 -4.16139 0 0
0 0 89 -5.99168 7.02172 -15.1036 3.24505 0 0
0 0 90 4.64009 3.67581 3.44675 -0.479004 0 0
0 0 91 -10.4984 6.39683 10.4126 11.9705 0 0
0 0 92 -0.286872 4.79545 19.3871 7.03209 0 0
0 0 93 -0.377938 6.80436 9.94812 -0.807879 0 0
0 0 94 -5.25869 4.02913 0.701099 -7.44251 0 0
0 0 95 4.53586 -8.92943 -4.72965 -4.53706 0 0
0 0 96 -12.1317 9.90392 3.17269 4.34034 0 0
0 0 97 -5.38987 -6.56922 0.953258 1.11087 0 0
0 0 98 -3.77255 5.60031 4.16675 -4.47107 0 0
0 0 99 2.09648 5.0928 -1.2077 -12.7095 0 0
0 0 100 -6.00758 -0.787057 11.6283 14.1707 0 0
0 0 101 -9.1249 -12.8947 2.77127 12.5421 0 0
0 0 102 -1.57436 3.3326 2.62452 -1.62131 0 0
0 0 103 -11.0026 -3.34019 -2.01734 -8.32953 0 0
0 0 104 5.18171 -0.196169 10.8185 -15.6242 0 0
0 0 105 -7.24576 -1.10358 7.86816 -1.50385 0 0
0 0 106 -13.2766 2.91121 5.93344 -16.0893 0 0
0 0 107 -1.18133 6.43418 -1.21361 -12.011 0 0
0 0 108 -1.34135 -1.54343 10.7818 0.78902 0 0
0 0 109 5.46756 -4.61909 -21.1451 9.37575 0 0
0 0 110 -6.22654 1.07502 4.35132 2.795 0 0
0 0 111 6.50745 -1.92483 -2.67856 -3.72821 0 0
0 0 112 6.66767 0.540394 -9.16191 4.77385 0 0
0 0 113 -16.0153 2.43415 12.213 10.016 0 0
0 0 114 1.73891 18.3844 -8.24734 5.61591 0 0
0 0 115 -1.39273 -2.82249 0.0453132 15.6506 0 0
0 0 116 -1.01154 -5.03516 -9.68293 -17.4851 0 0
0 0 117 -1.88233 -6.76567 -4.91808 3.30294 0 0
0 0 118 -0.673509 1.0256 -0.27095 2.0937 0 0
0 0 119 -2.82465 -4.24198 -2.97112 -0.389175 0 0
0 0 120 1.98875 -4.46905 -10.1142 3.3573 0 0
0 0 121 -3.94783 -12.5155 -1.43012 6.477 0 0
0 0 122 3.21686 -0.164554 5.12232 -2.94202 0 0
0 0 123 3.65312 5.70559 5.33126 11.5975 0 0
0 0 124 15.7541 0.868029 -5.46649 -5.18629 0 0
0 0 125 0.911506 6.18977 4.87991 4.53016 0 0
0 0 126 9.19419 -13.5553 -10.5008 10.0672 0 0
0 0 127 14.8353 -6.60737 2.98654 5.29123 0 0
0 0 128 -7.02556 1.54644 0.146668 -2.89162 0 0
0 0 129 0.585867 -7.17988 -2.562 -9.56554 0 0
0 0 130 -10.7838 2.96864 3.23742 -11.1364 0 0
0 0 131 6.68175 9.3678 -2.46437 -0.658504 0 0
0 0 132 13.8472 -1.13449 11.1488 -7.43627 0 0
0 0 133 3.22043 -6.20088 -1.80427 -4.12966 0 0
0 0 134 -10.2868 -3.1827 12.2938 2.51047 0 0
0 0 135 4.82712 -0.500123 -4.89544 3.44909 0 0
0 0 136 -15.5034 5.84651 7.74557 5.24418 0 0
0 0 137 -13.7862 9.88587 -6.78014 6.12378 0 0
0 0 138 11.9874 -1.66623 6.60239 -4.80713 0 0
0 0 139 -5.27904 -8.41488 -6.93952 3.06665 0 0
0 0 140 3.18045 -7.00049 -13.4118 -0.189517 0 0
0 0 141 0.677311 5.79651 3.468 0.773641 0 0
0 0 142 -2.23176 3.65676 6.49479 5.43606 0 0
0 0 143 2.66875 4.38523 10.854 -4.19162 0 0
0 0 144 7.50959 2.17485 3.85855 -2.30851 0 0
0 0 145 -0.129854 9.74841 -0.315364 11.3294 0 0
0 0 146 -16.08 2.04015 4.61314 14.0936 0 0
0 0 147 4.87781 -5.61091 -13.5335 6.12777 0 0
0 0 148 -7.76213 7.46604 7.84654 -14.3802 0 0
0 0 149 -4.80456 -10.2533 -2.98636 7.8855 0 0
0 0 150 -0.483313 -5.46236 3.12098 -2.29174 0 0
0 0 151 -8.22632 8.41615 -4.48787 6.13236 0 0
0 0 152 -14.2987 1.8333 -9.17946 0.829354 0 0
0 0 153 7.01124 -9.12378 -1.42699 4.25548 0 0
0 0 154 0.570229 -2.94819 2.0817 7.16366 0 0
0 0 155 -1.42525 -0.300241 4.4829 8.08288 0 0
0 0 156 9.51294 16.2782 6.12374 -11.0449 0 0
0 0 157 8.19011 9.31792 4.93237 2.39193 0 0
0 0 158 6.86994 -12.7398 0.348156 10.2686 0 0
0 0 159 3.16795 1.78051 6.66456 -24.9724 0 0
0 0 160 1.91122 6.20286 -5.97779 4.54931 0 0
0 0 161 16.4463 13.6017 -10.179 1.7799 0 0
0 0 162 1.1672 4.8546 3.30678 5.20358 0 0
0 0 163 -2.72979 3.7557 -7.97125 9.51383 0 0
0 0 164 -0.033096 -0.59998 2.96389 0.849004 0 0
0 0 165 10.0629 -4.2616 4.20646 -2.38068 0 0
0 0 166 10.6814 -16.4318 -0.131279 -11.0454 0 0
0 0 167 4.90129 -11.1053 -5.22197 10.2307 0 0
0 0 168 8.12058 -13.0665 -4.64816 -2.30648 0 0
0 0 169 -1.97188 -0.865322 -3.52259 11.8959 0 0
0 0 170 -6.95233 7.72573 -2.62665 -5.97195 0 0
0 0 171 7.05234 4.93369 -13.1007 5.30761 0 0
0 0 172 2.57426 2.24401 -10.6496 2.90826 0 0
0 0 173 -0.600412 1.59537 11.908 -7.93858 0 0
0 0 174 -1.94805 7.27575 -1.79458 -11.5235 0 0
0 0 175 -3.13564 -15.9472 -2.84268 -6.50691 0 0
0 0 176 3.95497 -4.77156 2.06184 -1.62793 0 0
0 0 177 2.84855 8.11665 7.03807 0.725721 0 0
0 0 178 4.0431 24.1437 -2.86558 1.46847 0 0
0 0 179 7.92285 1.54562 -0.588021 4.99723 0 0
0 0 180 -7.78998 -8.75629 4.74198 12.42 0 0
0 0 181 -0.52128 -13.517 0.351504 9.82938 0 0
0 0 182 -6.36633 0.332062 7.84847 -21.946 0 0
0 0 183 2.96508 1.10513 14.0619 -1.21238 0 0
0 0 184 -7.41508 8.59268 -0.0451099 -5.32953 0 0
0 0 185 9.21968 -8.3652 -15.9865 2.27171 0 0
0 0 186 5.64942 -1.71943 -13.3344 -12.9583 0 0
0 0 187 -12.4422 -0.163975 -1.22087 -0.144303 0 0
0 0 188 10.7007 -4.32623 0.0743007 -3.59848 0 0
0 0 189 7.29869 4.35324 -0.901881 0.66089 0 0
0 0 190 6.66687 10.8417 -4.95547 -0.280848 0 0
0 0 191 2.61708 -12.2257 -2.4678 12.7908 0 0
0 0 192 -2.57261 4.21976 -0.287942 -14.6565 0 0
0 0 193 21.3461 -8.86245 0.716726 5.4905 0 0
0 0 194 3.43999 -0.564836 -2.06695 9.45956 0 0
0 0 195 5.19099 5.946 13.2191 -6.50541 0 0
0 0 196 -4.16502 2.63494 -4.85208 -2.97936 0 0
0 0 197 5.16414 2.69487 11.6421 2.9519 0 0
0 0 198 10.4004 -0.18531 -6.51482 -9.35356 0 0
0 0 199 6.9411 1.32494 -12.1151 3.98949 0 0
0 0 200 6.4564 -13.6113 -2.26516 3.55986 0 0
0 0 201 3.87956 2.34201 17.2792 -9.01353 0 0
0 0 202 6.60512 -8.15602 0.768208 7.55799 0 0
0 0 203 -4.02021 1.13075 4.41664 -4.14162 0 0
0 0 204 3.23878 -2.09243 -12.0917 12.4056 0 0
0 0 205 14.5542 1.55643 -6.56967 -9.57918 0 0
0 0 206 -0.303334 -10.121 -7.62164 0.159194 0 0
0 0 207 8.53297 -7.27024 4.81555 3.95707 0 0
0 0 208 2.58245 -5.21603 0.203008 -6.21671 0 0
0 0 209 -12.6507 3.55329 14.1242 -6.35712 0 0
0 0 210 -10.84 -11.9025 -8.44117 -9.15323 0 0
0 0 211 -0.687675 -8.788 -1.4149 -4.39087 0 0
0 0 212 -6.66895 -3.04717 3.37485 -5.68971 0 0
0 0 213 10.5233 -1.3655 -1.70518 -2.44986 0 0
0 0 214 -3.43327 8.70668 9.9493 5.34452 0 0
0 0 215 -7.62923 5.70354 6.13496 -6.01059 0 0
0 0 216 9.65692 -17.7914 -11.1901 2.7819 0 0
0 0 217 -2.59785 6.15688 -4.98596 -6.45004 0 0
0 0 218 -6.143 5.51054 3.50634 -3.64536 0 0
0 0 219 3.46104 5.06711 9.16123 2.30101 0 0
0 0 220 5.75269 -17.7062 -3.57023 -7.50842 0 0
0 0 221 0.716531 5.42911 -2.88221 2.71766 0 0
0 0 222 -4.99576 2.37984 -9.48424 -0.302046 0 0
0 0 223 -3.61531 9.43162 -6.38279 -5.31868 0 0
0 0 224 -7.05397 4.72226 -5.46947 12.0152 0 0
0 0 225 -14.6692 -6.78266 -7.27222 7.66675 0 0
0 0 226 4.73578 1.82211 -4.84892 -4.46919 0 0
0 0 227 1.52561 14.2276 -4.58435 9.60273 0 0
0 0 228 2.83042 1.58453 6.00749 -11.1754 0 0
0 0 229 2.09308 6.84569 -3.75079 3.03309 0 0
0 0 230 -8.21411 -1.04287 -0.406668 2.35279 0 0
0 0 231 -0.881879 -6.29013 -18.5902 0.262213 0 0
0 0 232 8.73491 3.29212 6.75733 -6.81177 0 0
0 0 233 -6.52904 8.55999 -2.35058 -4.28813 0 0
0 0 234 11.1952 2.68958 -0.132593 20.0504 0 0
0 0 235 0.446135 -2.00601 0.324098 1.88367 0 0
0 0 236 -6.30714 -4.3307 -1.53178 -10.9032 0 0
0 0 237 -4.41946 -6.34726 -7.52022 -5.67695 0 0
0 0 238 0.907335 3.65405 -4.11049 6.38956 0 0
0 0 239 -7.28267 9.24148 14.4578 -0.28786 0 0
0 0 240 9.30679 3.73737 -7.11362 8.06752 0 0
0 0 241 6.26201 -14.4178 6.14726 -10.9039 0 0
0 0 242 3.8756 5.78505 -2.99307 9.3168 0 0
0 0 243 -11.1277 -2.43713 12.9525 3.28353 0 0
0 0 244 1.49925 3.26286 -6.85832 2.68831 0 0
0 0 245 10.6909 -8.23425 -19.9113 -7.8397 0 0
0 0 246 0.598184 3.18258 0.694788 6.21449 0 0
0 0 247 12.436 -6.44373 4.87059 4.24958 0 0
0 0 248 -4.89199 -2.31548 -1.81879 7.57161 0 0
0 0 249 9.93422 2.02455 -5.64671 -1.43275 0 0
0 0 250 -10.8603 -0.874954 10.7588 -2.27958 0 0
0 0 251 -3.50391 10.8113 9.64565 1.90749 0 0
0 0 252 -20.6672 -2.99446 3.39858 2.73068 0 0
0 0 253 9.12043 -6.61676 -13.8216 5.35553 0 0
0 0 254 -6.2805 2.92863 -2.15074 5.50489 0 0
0 0 255 2.8327 -2.90879 4.24079 5.49923 0 0
0 0 256 2.32002 -10.1188 3.90454 -1.78055 0 0
0 0 257 -4.13568 26.7825 2.9107 6.40848 3.10126 7.8731
0 0 258 4.80599 7.23937 2.79094 14.0738 0 0
0 0 259 -10.1793 2.03118 -4.74353 -7.42171 0 0
0 0 260 10.5854 -1.3798 -11.9878 -7.90784 0 0
0 0 261 -5.39083 -6.66466 2.66444 -6.70356 0 0
0 0 262 15.5443 2.57102 -0.242799 1.91329 0 0
0 0 263 -5.25209 0.967731 12.0697 4.55816 0 0
0 0 264 -1.66073 -2.19763 7.67826 -14.8199 0 0
0 0 265 -12.2657 10.2269 -6.79782 4.46663 0 0
0 0 266 10.6071 5.95268 -9.18822 -8.56536 0 0
0 0 267 14.9116 4.81387 4.20884 -3.61128 0 0
0 0 268 -1.52721 -2.59037 4.66146 9.54923 0 0
0 0 269 9.75408 2.47567 -13.0858 2.58877 0 0
0 0 270 10.323 -10.9848 1.80558 9.25267 0 0
0 0 271 9.73053 -1.26348 -1.99561 -4.29706 0 0
0 0 272 5.58571 5.33394 -0.589351 1.87722 0 0
0 0 273 8.84825 -4.49744 -1.73085 13.1105 0 0
0 0 274 5.02799 3.46603 -7.72667 -6.78101 0 0
0 0 275 -9.53052 -3.13559 4.98096 -9.26079 0 0
0 0 276 1.05331 -3.28644 -8.99995 -4.51125 0 0
0 0 277 14.5403 5.42157 -2.57572 2.7007 0 0
0 0 278 -0.733317 -3.047 10.7479 -6.98484 0 0
0 0 279 8.31828 -0.768311 -5.1407 -2.57919 0 0
0 0 280 1.9028 18.5886 19.5223 -15.0276 23.2018 7.93165
0 0 281 4.28237 -2.56487 -2.69552 -1.81081 0 0
0 0 282 -17.9193 -1.69365 2.01543 -0.456889 0 0
0 0 283 13.7673 1.75517 -2.13672 1.14382 0 0
0 0 284 3.54536 9.737 15.1807 2.17034 0 0
0 0 285 -4.64054 -19.7146 -6.95169 -2.85801 0 0
0 0 286 -12.0784 0.471393 -3.19164 -9.86028 0 0
0 0 287 5.88903 -7.16281 15.0972 11.704 0 0
0 0 288 -4.23916 1.21219 0.504198 -1.52489 0 0
0 0 289 17.9313 -1.25745 13.4545 -4.10128 0 0
0 0 290 -4.92468 -7.34868 -12.1899 2.65944 0 0
0 0 291 8.52606 -9.16021 3.3681 -6.32564 0 0
0 0 292 2.15485 12.7565 7.88027 -2.00469 0 0
0 0 293 2.28269 -2.02295 -3.97567 5.38417 0 0
0 0 294 0.612253 -0.561097 -1.68456 -5.44177 0 0
0 0 295 -13.7813 -5.92305 -6.23068 -6.93201 0 0
0 0 296 -13.5602 4.23272 7.43901 1.6331 0 0
0 0 297 6.18768 -5.00319 1.50673 20.8116 0 0
0 0 298 7.70879 -18.3868 -10.742 2.5264 0 0
0 0 299 -1.58333 0.795151 -10.3028 -0.473313 0 0
0 0 300 6.83574 4.46121 7.21238 4.05458 0 0
0 0 301 17.8267 -8.2474 -13.1916 4.55761 0 0
0 0 302 -2.77953 -13.586 1.25605 10.387 0 0
0 0 303 2.1418 12.2605 11.2543 17.7423 0 0
0 0 304 2.48128 5.37444 -3.54028 8.95818 0 0
0 0 305 -1.89769 -1.02466 -9.3717 -4.14119 0 0
0 0 306 -2.76644 1.06935 1.7585 -12.7755 0 0
0 0 307 5.73839 -3.8883 5.82755 12.3721 0 0
0 0 308 -20.7569 -6.70305 6.966 11.7903 0 0
0 0 309 5.20288 9.77722 4.7549 2.06636 0 0
0 0 310 -0.68083 14.2969 10.1864 -2.63567 0 0
0 0 311 9.96844 9.37789 3.72869 -6.63656 0 0
0 0 312 3.42459 -5.95054 8.46031 0.741181 0 0
0 0 313 -10.1092 -1.47795 -6.21942 -2.32351 0 0
0 0 314 -3.66161 -8.68443 5.57646 -13.4123 0 0
0 0 315 4.7935 -7.68729 -2.03443 8.87233 0 0
0 0 316 -0.464854 2.2403 6.93475 12.0355 0 0
0 0 317 15.4635 0.597474 -9.0015 7.47525 0 0
0 0 318 -5.30021 3.76036 -3.64747 3.23586 0 0
0 0 319 -2.85323 -3.7647 8.00415 4.16735 0 0
0 0 320 2.72726 -18.4851 12.715 -8.41438 0 0
0 0 321 -7.04083 7.46069 2.3572 -3.26931 0 0
0 0 322 -1.74843 -11.9952 -9.8079 -9.30802 0 0
0 0 323 4.14402 -0.0826588 -16.5419 -2.43005 0 0
0 0 324 -4.0483 6.88072 -5.75784 5.84626 0 0
0 0 325 -5.00144 -7.35569 9.58411 4.42893 0 0
0 0 326 -9.39209 -13.2197 -4.05705 14.1086 0 0
0 0 327 7.65699 -5.23141 -4.49334 -3.73507 0 0
0 0 328 3.26747 -0.96312 0.426351 -8.30242 0 0
0 0 329 -0.723115 1.40801 -2.80731 8.30768 0 0
0 0 330 13.5135 -5.28346 -9.16754 -11.4548 0 0
0 0 331 -4.53363 -12.4573 -3.95056 -0.595067 0 0
0 0 332 0.115007 -14.4577 8.67399 1.70349 0 0
0 0 333 6.88514 -2.78002 11.2841 -9.46985 0 0
0 0 334 11.2601 13.3725 1.05307 2.46818 0 0
0 0 335 -5.31088 -6.2691 -3.37134 9.25272 0 0
0 0 336 11.2358 -12.1257 11.2807 -1.26752 0 0
0 0 337 9.49012 -2.06535 -0.00115019 -1.66653 0 0
0 0 338 15.6039 0.290451 1.5937 -8.00841 0 0
0 0 339 -5.58223 3.60767 -7.04809 16.4098 0 0
0 0 340 5.33072 -4.30375 6.27262 -5.77603 0 0
0 0 341 6.79045 -9.01422 9.72577 -8.68768 0 0
0 0 342 -0.927919 -3.16619 -7.83245 -9.35149 0 0
0 0 343 -5.33177 2.94755 4.77921 -4.78217 0 0
0 0 344 14.5333 -2.16727 5.52183 5.48751 0 0
0 0 345 12.1479 4.59807 4.9332 -3.41719 0 0
0 0 346 -0.36306 8.35157 2.32101 12.0103 0 0
0 0 347 0.548504 7.17427 4.15548 -3.50644 0 0
0 0 348 6.65882 -3.19044 -9.30682 10.4976 0 0
0 0 349 3.23252 2.15626 -3.00732 -3.17451 0 0
0 0 350 9.05874 -0.563354 -0.112881 2.16755 0 0
0 0 351 10.1146 -11.9375 2.10462 8.2307 0 0
0 0 352 0.96331 7.25546 13.78 -16.1762 0 0
0 0 353 -2.70586 6.52365 4.56625 -0.650232 0 0
0 0 354 7.81822 1.48299 -12.038 -2.39433 0 0
0 0 355 -9.71025 -3.10717 6.12982 -1.53563 0 0
0 0 356 -5.62448 2.18364 10.5915 4.88205 0 0
0 0 357 4.67978 1.00977 1.13953 2.71158 0 0
0 0 358 4.81808 -4.54268 -12.3948 -5.99938 0 0
0 0 359 5.77832 0.763143 9.83763 3.5529 0 0
0 0 360 7.52708 -0.41626 -7.24022 -5.26126 0 0
0 0 361 9.12026 7.97156 11.0341 4.28916 0 0
0 0 362 2.51148 7.8502 -2.91946 -0.580645 0 0
0 0 363 7.82141 12.2457 -0.572054 11.4069 0 0
0 0 364 4.41187 1.71132 0.691829 12.5464 0 0
0 0 365 9.75964 7.06546 18.7523 15.423 0 0
0 0 366 7.97725 -6.16783 -2.53556 -9.31113 0 0
0 0 367 1.21114 11.2348 -10.9789 -9.38752 0 0
0 0 368 1.08567 14.6065 -2.04927 -11.8333 0 0
0 0 369 -1.09994 7.47666 -4.80477 1.16112 0 0
0 0 370 9.2705 0.388216 1.37045 -4.94208 0 0
0 0 371 -0.895064 -5.28329 5.25108 -6.45527 0 0
0 0 372 -2.18989 5.34443 6.54167 -6.13892 0 0
0 0 373 4.56599 -8.90439 -3.56016 -13.9868 0 0
0 0 374 -5.89668 0.675967 -2.7598 -1.14541 0 0
0 0 375 6.81063 -5.61039 -3.70939 16.0658 0 0
0 0 376 6.06225 -6.08746 5.16145 1.67909 0 0
0 0 377 11.1262 11.4869 -1.13421 5.97069 0 0
0 0 378 -5.52657 8.58118 10.3008 -4.84286 0 0
0 0 379 -9.95211 -7.32246 -8.61182 -1.88437 0 0
0 0 380 0.465394 6.94614 -4.54656 -0.63136 0 0
0 0 381 -9.8565 -7.0587 22.1923 -3.62413 0 0
0 0 382 -2.26904 -5.53381 0.406053 13.6555 0 0
0 0 383 0.0193439 3.28507 2.0629 1.71667 0 0
0 0 384 3.59918 -5.9574 1.31607 -5.91722 0 0
0 0 385 6.57928 -15.861 5.95273 -1.10711 0 0
0 0 386 -0.762186 0.656206 11.113 -7.69028 0 0
0 0 387 3.35289 -6.1057 -7.15172 -4.82763 0 0
0 0 388 5.71934 5.61496 3.55525 -0.702825 0 0
0 0 389 -2.87554 2.38663 2.88643 5.06781 0 0
0 0 390 -4.10754 -12.006 -4.59307 12.0396 0 0
0 0 391 -5.68409 -3.83065 15.4339 28.0033 0 0
0 0 392 3.64243 6.63392 -4.20456 1.02067 0 0
0 0 393 -5.2709 -9.65897 -11.1717 8.31192 0 0
0 0 394 -0.171304 -6.53708 -3.36361 -2.19977 0 0
0 0 395 3.73318 7.05842 6.64518 -0.403014 0 0
0 0 396 5.61558 -4.20852 -0.0503613 -4.69944 0 0
0 0 397 -13.0177 4.57337 5.03169 -2.43788 0 0
0 0 398 21.6816 1.35595 2.84073 -1.14891 0 0
0 0 399 1.77954 -2.2111 4.04153 -0.656477 0 0
0 0 400 2.22656 2.58431 -11.9885 -11.083 0 0
0 0 401 -9.22059 -5.18436 -10.6957 2.8642 0 0
0 0 402 -14.7646 -3.60824 6.48169 10.8869 0 0
0 0 403 10.8953 -0.788415 -9.68024 2.13645 0 0
0 0 404 -2.96439 -5.87512 15.4199 -8.38966 0 0
0 0 405 -7.67692 -7.53562 -2.36498 -2.0912 0 0
0 0 406 3.78008 7.36548 -20.1922 -6.01878 0 0
0 0 407 -10.7714 -7.26215 0.0505514 6.12781 0 0
0 0 408 -14.9862 -1.43184 6.18263 0.35331 0 0
0 0 409 -6.5998 0.659615 -0.102087 -17.7615 0 0
0 0 410 8.59256 -0.419858 -15.1386 4.1786 0 0
0 0 411 -6.07469 -0.305069 -7.53429 10.9408 0 0
0 0 412 8.54629 3.27503 16.1539 6.56022 0 0
0 0 413 -5.41586 -2.57836 0.0421616 11.6658 0 0
0 0 414 4.74755 7.74072 9.14738 3.82319 0 0
0 0 415 -2.09914 -14.1776 3.51186 7.68102 0 0
0 0 416 3.98669 -11.2681 -0.829615 10.8949 0 0
0 0 417 -5.74292 1.23322 0.336395 1.84029 0 0
0 0 418 10.7972 10.3516 11.8949 -12.4946 0 0
0 0 419 11.8845 -9.4993 0.156228 -3.70601 0 0
0 0 420 -6.23825 -3.35927 7.99078 -8.26002 0 0
0 0 421 -11.6456 4.66455 10.6594 -10.7779 0 0
0 0 422 0.727653 10.1267 5.80725 -5.95099 0 0
0 0 423 4.35583 8.20698 3.18184 10.9968 0 0
0 0 424 -7.15613 9.49749 -1.58767 -3.24391 0 0
0 0 425 -0.427428 -6.70095 0.644122 5.0423 0 0
0 0 426 11.5097 6.77649 0.713101 -4.72339 0 0
0 0 427 2.20786 7.29028 -2.06429 7.60046 0 0
0 0 428 1.87463 -5.20068 0.750987 1.57035 0 0
0 0 429 5.26973 -13.1353 -0.905398 8.91104 0 0
0 0 430 -2.73942 -6.88208 9.48407 2.07156 0 0
0 0 431 -5.09961 -5.05017 -4.44579 5.33577 0 0
0 0 432 11.319 0.524598 10.4509 -9.06278 0 0
0 0 433 -0.0946617 19.9531 9.54737 -18.4 0 0
0 0 434 13.1609 -1.17705 3.10282 -1.42627 0 0
0 0 435 -14.4867 -7.17594 -0.282287 -11.5826 0 0
0 0 436 -11.9435 -2.91985 2.16138 11.4612 0 0
0 0 437 7.65159 -5.1567 -1.27451 9.86798 0 0
0 0 438 -4.03101 -2.47543 0.834613 2.64398 0 0
0 0 439 16.8419 -10.5816 -0.264251 3.71251 0 0
0 0 440 0.882513 2.18645 -5.67353 -13.7888 0 0
0 0 441 -1.68898 -10.2878 -6.53421 -7.97651 0 0
0 0 442 -2.95261 -0.737561 3.10246 -0.85296 0 0
0 0 443 17.6534 9.0708 -0.24983 -6.37288 0 0
0 0 444 13.6624 -14.4558 -6.04726 7.54633 0 0
0 0 445 18.0313 -10.1534 8.38745 -4.44491 0 0
0 0 446 -0.462935 6.53502 10.4752 7.25863 0 0
0 0 447 -11.0035 -2.17391 -4.64945 7.27488 0 0
0 0 448 4.76656 -17.0007 -2.77692 0.841964 0 0
0 0 449 15.1338 -1.18682 3.52766 2.11272 0 0
0 0 450 -2.45518 7.11734 1.37961 4.94619 0 0
0 0 451 -15.0935 -6.87106 -5.63423 -4.50331 0 0
0 0 452 9.93162 -2.52306 11.7349 9.65392 0 0
0 0 453 -0.368659 -12.4409 -1.56189 -11.4821 0 0
0 0 454 1.93003 -12.1398 0.456149 5.93835 0 0
0 0 455 14.9948 3.92027 16.3135 -4.49774 0 0
0 0 456 10.1023 -2.60487 10.5408 7.74044 0 0
0 0 457 -7.24032 -2.52326 6.57593 -3.47464 0 0
0 0 458 -3.63259 -7.41071 10.5928 3.81692 0 0
0 0 459 3.18079 0.0301514 -10.146 8.32168 0 0
0 0 460 3.10893 -5.51935 11.2646 -3.23016 0 0
0 0 461 0.552513 -2.48539 -4.03453 13.5022 0 0
0 0 462 10.4299 -6.92319 21.3735 3.84317 0 0
0 0 463 4.66599 -4.41818 -12.0419 -20.2615 0 0
0 0 464 4.35453 -4.60336 -6.98052 15.3301 0 0
0 0 465 -1.09223 19.1872 3.17168 -1.04748 0 0
0 0 466 4.31664 -0.881988 -1.90148 -15.4259 0 0
0 0 467 5.26861 -1.38566 -1.19788 4.40217 0 0
0 0 468 10.1092 -4.18373 6.0484 4.83548 0 0
0 0 469 -0.177781 -6.03745 -8.98919 -7.64558 0 0
0 0 470 -0.529057 -3.51586 -1.63221 0.450786 0 0
0 0 471 -4.40867 -5.9223 14.1188 6.79461 0 0
0 0 472 12.0594 -3.18194 -5.62092 10.8336 0 0
0 0 473 -7.15823 2.99162 -10.0808 5.47182 0 0
0 0 474 4.20875 -10.921 6.32354 -8.81714 0 0
0 0 475 -8.08866 14.2605 -0.188115 3.58778 0 0
0 0 476 3.22422 -8.40146 -6.33174 2.16472 0 0
0 0 477 9.19852 -6.37617 1.37663 -7.74161 0 0
0 0 478 3.61493 10.5958 -8.15418 -3.92997 0 0
0 0 479 1.29458 17.6755 4.31498 -4.14516 0 0
0 0 480 -3.96754 -2.62336 6.59609 10.8219 0 0
0 0 481 -2.08954 -1.38466 -2.87645 17.07 0 0
0 0 482 2.21669 -10.7286 4.67304 6.42389 0 0
0 0 483 7.80506 8.83465 1.5632 -3.45702 0 0
0 0 484 -4.38776 -6.11677 4.53319 -9.67485 0 0
0 0 485 -3.98674 -9.75695 5.56049 11.2575 0 0
0 0 486 14.9936 -7.72406 3.78021 0.983043 0 0
0 0 487 4.00979 3.36457 -1.06022 -1.46246 0 0
0 0 488 -4.12961 2.94295 -1.6293 7.01538 0 0
0 0 489 3.10287 3.81498 -10.2591 -1.18943 0 0
0 0 490 3.78302 -5.59509 -7.95371 9.588 0 0
0 0 491 12.8559 0.793374 1.84525 8.25863 0 0
0 0 492 8.53945 -5.0712 0.83293 -0.16094 0 0
0 0 493 -10.3163 1.83992 -1.08906 3.80489 0 0
0 0 494 -8.78825 -2.28849 -1.74092 -3.49769 0 0
0 0 495 -3.25026 -1.49282 -7.97425 3.02688 0 0
0 0 496 7.91764 1.86328 -0.617986 7.99585 0 0
0 0 497 1.50352 1.25091 -6.91374 1.5616 0 0
0 0 498 0.570323 -5.12108 1.69505 -10.697 0 0
0 0 499 6.36669 1.58379 -0.3985 -11.9002 0 0
0 0 500 19.6809 3.28288 6.31412 -3.82836 0 0
0 0 501 11.417 7.21453 7.28607 -12.2259 0 0
0 0 502 -4.44292 6.93063 -5.64266 20.1394 0 0
0 0 503 0.603079 3.26801 7.31648 19.142 0 0
0 0 504 1.09473 2.13447 -4.63367 -0.636894 0 0
0 0 505 7.84475 -0.189076 -6.33487 -2.84153 0 0
0 0 506 2.64516 17.0483 4.74436 -4.80573 0 0
0 0 507 0.0934374 6.65417 -14.6046 -3.69843 0 0
0 0 508 -6.27193 -6.95072 8.54226 -4.1611 0 0
0 0 509 7.41712 5.5449 3.77814 15.1033 0 0
0 0 510 1.95516 -3.59085 -6.8377 3.70899 0 0
0 0 511 17.4257 -2.68546 0.691004 4.61507 0 0
0 0 512 3.09836 -7.12605 7.4048 -3.87651 0 0
0 0 513 -7.97335 9.56083 4.85389 -3.7012 0 0
0 0 514 -13.6225 7.02651 -0.81837 14.0403 0 0
0 0 515 -0.141285 5.94925 7.19691 -4.04992 0 0
0 0 516 5.52672 1.60791 2.54299 -5.67606 0 0
0 0 517 5.01402 0.235166 -5.53041 0.206772 0 0
0 0 518 5.32646 -5.46475 1.87561 -1.69835 0 0
0 0 519 12.4741 -1.71158 -6.77684 10.8308 0 0
0 0 520 -14.3488 0.624466 -5.91607 -9.84536 0 0
0 0 521 4.86256 -1.75285 -1.57851 8.16423 0 0
0 0 522 -19.6831 -13.7199 7.57199 -13.5003 0 0
0 0 523 -4.25006 -6.35594 -2.30592 -11.8207 0 0
0 0 524 11.0756 -4.58974 3.55327 -1.69703 0 0
0 0 525 8.37196 -4.20497 -11.3259 -7.63546 0 0
0 0 526 3.9146 15.8927 -7.38003 4.61181 0 0
0 0 527 -14.6095 3.15962 5.61265 9.94069 0 0
0 0 528 -0.210255 2.88842 -5.34335 -3.64651 0 0
0 0 529 -0.46714 3.91624 1.57665 8.8187 0 0
0 0 530 4.46716 5.29872 2.19758 2.83653 0 0
0 0 531 2.95801 0.799583 -14.6758 -6.63012 0 0
0 0 532 3.03993 -11.0564 15.2677 4.09895 0 0
0 0 533 3.81601 -15.7052 -3.74365 5.54387 0 0
0 0 534 2.23974 7.52194 2.97692 -1.2744 0 0
0 0 535 6.54921 18.3708 3.7681 3.86836 0 0
0 0 536 4.06787 3.55841 2.69384 -7.36665 0 0
0 0 537 -9.58511 -7.82245 4.18804 11.5128 0 0
0 0 538 15.0853 1.20991 -5.66613 5.97827 0 0
0 0 539 0.340874 -0.422688 12.8777 1.97075 0 0
0 0 540 18.6447 -8.34938 7.45062 11.1962 0 0
0 0 541 -3.51217 1.10833 -3.60707 -0.775511 0 0
0 0 542 10.8251 11.9013 -7.31069 -6.896 0 0
0 0 543 -2.19257 7.31911 -7.33821 -3.11282 0 0
0 0 544 9.14057 3.02498 10.5749 1.43952 0 0
0 0 545 -0.960901 0.498917 6.55962 -3.52036 0 0
0 0 546 0.752126 1.89469 -9.63148 4.04353 0 0
0 0 547 10.3072 1.29637 -7.98083 -10.7084 0 0
0 0 548 -1.75885 0.11675 8.46309 18.1067 0 0
0 0 549 2.08953 -10.001 -9.64669 9.69235 0 0
0 0 550 0.114633 10.5757 17.5784 1.55377 0 0
0 0 551 0.541856 4.95627 0.30164 13.5638 0 0
0 0 552 -11.151 -1.62538 -6.63653 1.07662 0 0
0 0 553 -1.07581 -5.36264 3.72483 -5.0804 0 0
0 0 554 3.33492 -4.23168 -1.36141 3.08876 0 0
0 0 555 2.89243 2.945 7.86966 -8.39756 0 0
0 0 556 -1.73071 0.210813 -12.0788 -2.6299 0 0
0 0 557 5.64989 -4.00097 -6.3204 -6.48903 0 0
0 0 558 6.88687 5.86547 19.8392 -4.74937 0 0
0 0 559 -6.23777 -10.1584 3.09457 5.73738 0 0
0 0 560 -0.782916 7.37395 4.85978 -0.40087 0 0
0 0 561 6.57675 -9.43601 -4.05269 -0.982093 0 0
0 0 562 -3.26674 5.68649 -0.708418 -10.1282 0 0
0 0 563 -1.82223 -3.12217 -6.12903 7.11992 0 0
0 0 564 2.35052 -8.82941 -16.3162 -2.20043 0 0
0 0 565 6.19149 -0.383115 1.50768 7.52005 0 0
0 0 566 16.8042 10.3939 -10.028 18.9161 0 0
0 0 567 -2.13549 9.03697 -1.19525 4.97895 0 0
0 0 568 -5.64198 2.05155 2.22607 -2.90117 0 0
0 0 569 -3.95821 -2.79215 8.42226 7.14819 0 0
0 0 570 -5.41828 -5.21124 10.8695 -8.71868 0 0
0 0 571 9.46366 -2.15511 -7.88287 -1.14184 0 0
0 0 572 8.74784 6.31573 -4.7728 -12.5304 0 0
0 0 573 17.8183 -5.41508 7.81571 -4.50825 0 0
0 0 574 -2.20289 -8.64805 0.383247 0.574276 0 0
0 0 575 1.05538 8.56627 -4.97744 -2.10656 0 0
0 0 576 4.87601 -7.68951 -1.90399 2.25683 0 0
0 0 577 5.53688 11.5173 -8.03255 11.8534 0 0
0 0 578 -3.77633 -7.75262 13.1865 7.42047 0 0
0 0 579 -2.02667 -9.38562 -0.495776 5.14538 0 0
0 0 580 4.05686 14.6421 7.04942 -4.43198 0 0
0 0 581 1.35379 -2.87409 -8.04786 -5.19839 0 0
0 0 582 14.0273 17.1794 -5.14135 -10.2113 0 0
0 0 583 4.46182 5.95022 5.77653 4.46995 0 0
0 0 584 0.163424 6.39432 1.419 4.10505 0 0
0 0 585 3.62062 13.685 -3.06215 -16.5371 0 0
0 0 586 -10.6158 5.67591 5.82156 11.7744 0 0
0 0 587 -0.817065 -8.5912 5.5947 1.38847 0 0
0 0 588 -1.68623 -4.89138 6.27021 -3.18061 0 0
0 0 589 9.96388 -13.0744 1.72326 -6.12684 0 0
0 0 590 1.48024 -9.33314 13.0063 -8.64012 0 0
0 0 591 3.56234 -4.34978 8.10932 0.401526 0 0
0 0 592 -3.70404 3.84663 12.6035 -1.72772 0 0
0 0 593 9.07404 4.39052 3.74019 -15.8001 0 0
0 0 594 5.29299 3.93126 -1.3994 -15.8382 0 0
0 0 595 -4.68535 -1.8901 3.70059 -9.67265 0 0
0 0 596 1.08355 0.237494 9.84219 13.6035 0 0
0 0 597 4.42824 -7.22411 8.18971 4.77741 0 0
0 0 598 0.691014 0.609027 -7.2709 -3.55686 0 0
0 0 599 8.4489 -6.81856 4.06487 -0.753105 0 0
0 0 600 -2.83712 12.3991 8.2808 9.18233 0 0
0 0 601 5.44378 3.51779 -2.23627 -0.39682 0 0
0 0 602 1.88756 5.61923 12.0477 10.5817 0 0
0 0 603 6.59472 10.4867 10.8322 7.77472 0 0
0 0 604 1.82289 3.21205 15.4058 -3.96728 0 0
0 0 605 1.81919 10.2469 8.66797 -3.87606 0 0
0 0 606 -7.42393 4.02847 9.70365 -6.29841 0 0
0 0 607 -0.608281 6.04851 11.1028 7.62005 0 0
0 0 608 5.61029 12.4123 -8.73378 -3.82492 0 0
0 0 609 -0.950377 -16.619 4.3415 3.55821 0 0
0 0 610 -2.06201 0.0321696 2.18076 4.87324 0 0
0 0 611 -14.2298 -10.4862 8.23933 -0.455959 0 0
0 0 612 2.92524 0.963131 -0.9993 -7.69043 0 0
0 0 613 0.118658 12.7562 5.93636 5.52708 0 0
0 0 614 -3.83607 6.87923 -6.52466 -1.11895 0 0
0 0 615 -0.360802 18.4004 4.72498 3.44856 0 0
0 0 616 4.5173 10.7437 3.63341 -6.96214 0 0
0 0 617 3.33192 -10.9613 7.94903 -1.84007 0 0
0 0 618 8.43466 8.538 -4.18645 1.46543 0 0
0 0 619 -0.252672 -6.86278 -4.90913 -3.06595 0 0
0 0 620 9.60192 1.30268 -3.86769 -7.51833 0 0
0 0 621 3.64033 10.5469 10.1992 2.64987 0 0
0 0 622 8.79516 4.29182 -0.674805 -2.72446 0 0
0 0 623 -0.85076 6.00815 1.9975 5.08499 0 0
0 0 624 -2.66738 -10.2528 8.62199 -2.54311 0 0
0 0 625 0.172333 13.8073 -9.85328 -7.09108 0 0
0 0 626 -16.8152 12.3737 1.28157 2.89422 0 0
0 0 627 -7.01414 2.47225 1.90653 -4.69457 0 0
0 0 628 0.138806 -12.2952 -9.31987 13.7634 0 0
0 0 629 -9.12528 2.85091 5.48607 -1.49004 0 0
0 0 630 8.17824 3.63677 -10.777 -12.0189 0 0
0 0 631 -1.22089 -7.37347 2.21169 3.42396 0 0
0 0 632 6.12197 2.85704 15.5086 5.40397 0 0
0 0 633 20.5323 -2.29156 -6.06993 7.04026 0 0
0 0 634 2.05012 -4.8276 7.10929 2.6191 0 0
0 0 635 0.828316 -6.07926 13.7031 11.3064 0 0
0 0 636 5.54728 4.65723 0.129199 -3.46569 0 0
0 0 637 3.3608 3.73353 -2.40692 2.0014 0 0
0 0 638 5.38681 -22.9375 -9.21762 12.7988 0 0
0 0 639 8.63847 -9.06462 0.131551 -9.38006 0 0
0 0 640 3.48071 4.27367 26.1935 18.5676 40.3667 8.11216
0 0 641 4.2976 3.06782 -8.81538 4.8647 0 0
0 0 642 4.4635 -0.462921 9.02575 5.05747 0 0
0 0 643 -6.55256 9.45974 2.67863 1.2946 0 0
0 0 644 -3.55745 6.58479 11.8936 -1.61926 0 0
0 0 645 12.9037 13.4813 1.19306 11.1781 0 0
0 0 646 -4.04281 0.842011 -5.01677 3.97943 0 0
0 0 647 9.09145 -5.12241 0.954904 -7.48623 0 0
0 0 648 7.38475 -0.419089 -6.97243 -0.347042 0 0
0 0 649 6.22272 -4.99427 1.87407 -8.83294 0 0
0 0 650 6.50506 -9.25836 -2.22463 -0.410579 0 0
0 0 651 7.4684 -3.07075 0.0735969 2.4239 0 0
0 0 652 -10.8379 -3.45072 8.08635 1.40734 0 0
0 0 653 -6.60499 -14.6701 -1.08657 4.26635 0 0
0 0 654 -0.690758 -7.20964 -2.14449 12.1333 0 0
0 0 655 6.90545 6.15551 -4.5249 -3.87072 0 0
0 0 656 -0.574183 1.70021 1.23513 4.45085 0 0
0 0 657 -0.0545671 -0.0678992 5.43541 4.25431 0 0
0 0 658 21.3078 3.9386 -8.08922 5.78509 0 0
0 0 659 4.92146 -6.98704 -5.27011 -6.07379 0 0
0 0 660 -1.04216 -10.0913 2.49138 -19.3492 0 0
0 0 661 11.6413 -5.73137 1.39956 -17.7499 0 0
0 0 662 1.56407 19.1425 -1.47518 -1.80736 0 0
0 0 663 2.20351 1.56466 1.23085 7.08037 0 0
0 0 664 9.11263 8.78035 -12.527 5.62578 0 0
0 0 665 -2.11505 -4.56824 -0.567344 3.45461 0 0
0 0 666 5.07418 1.30669 2.9311 -0.00171015 0 0
0 0 667 -4.6224 -7.05704 -9.99574 16.8695 0 0
0 0 668 -8.71236 0.0504627 -6.56374 -2.16135 0 0
0 0 669 -5.60368 0.90477 8.87765 -12.5898 0 0
0 0 670 -5.21152 0.440496 1.46791 4.74552 0 0
0 0 671 -3.35872 -12.7885 6.13827 3.68752 0 0
0 0 672 6.80056 10.656 -14.9472 7.49749 0 0
0 0 673 23.9951 -1.85411 2.16937 -10.9758 0 0
0 0 674 14.7257 -8.27011 14.3834 0.717951 0 0
0 0 675 18.5416 3.09867 -0.29182 -1.07424 0 0
0 0 676 -11.4839 -6.31958 13.2049 -3.00963 0 0
0 0 677 8.21553 3.65254 -2.23843 0.0637892 0 0
0 0 678 8.97933 11.1913 3.11052 3.9577 0 0
0 0 679 3.40654 -1.69159 0.789622 10.363 0 0
0 0 680 8.65689 8.35308 18.3237 -10.463 0 0
0 0 681 -4.26029 2.1465 8.41242 -12.0211 0 0
0 0 682 -4.83807 10.833 0.150841 -3.61462 0 0
0 0 683 13.4564 2.10624 7.42179 4.79024 0 0
0 0 684 -6.35651 -0.331038 5.61848 4.77861 0 0
0 0 685 7.53051 -0.584394 -4.5891 -8.82234 0 0
0 0 686 18.0628 -9.68916 -13.6215 8.92061 0 0
0 0 687 0.128513 -3.60448 10.1097 2.76365 0 0
0 0 688 -1.63067 -5.10345 -3.25307 0.0319394 0 0
0 0 689 21.254 -11.5877 -2.07001 5.81438 0 0
0 0 690 5.44869 -5.0318 5.28036 -13.4018 0 0
0 0 691 17.6686 0.920193 3.6235 6.03187 0 0
0 0 692 5.28168 2.19402 9.57765 7.57588 0 0
0 0 693 0.977315 -4.19785 -11.4455 11.1574 0 0
0 0 694 10.1451 1.6503 2.03527 9.87809 0 0
0 0 695 18.4126 13.3025 1.88543 -7.11621 0 0
0 0 696 3.25007 -0.917883 -4.19996 3.67 0 0
0 0 697 15.909 -5.59072 0.151558 1.96228 0 0
0 0 698 18.5758 9.95932 1.83014 6.81793 0 0
0 0 699 4.6684 20.5465 13.9812 14.2545 17.117 8.57546
0 0 700 -5.99713 2.14508 -17.3578 6.68549 0 0
0 0 701 6.81294 -15.6689 8.42255 1.5201 0 0
0 0 702 7.99954 -15.7403 0.164457 5.60484 0 0
0 0 703 -7.8177 -5.63592 -6.23313 -1.01105 0 0
0 0 704 13.0555 15.5418 -4.31951 3.66099 0 0
0 0 705 18.1808 9.65213 11.7486 2.5787 0 0
0 0 706 -4.00571 7.44571 11.3581 -27.0047 0 0
0 0 707 9.74068 3.7099 -2.07584 -1.21374 0 0
0 0 708 -0.575139 2.0108 9.49552 6.17804 0 0
0 0 709 -13.4015 8.97595 6.18485 1.85296 0 0
0 0 710 -2.93376 0.173004 -9.10005 -8.88509 0 0
0 0 711 0.0940504 9.13876 8.39371 22.8296 0 0
0 0 712 11.1873 20.2721 -3.06384 4.34964 0 0
0 0 713 -8.51107 14.6835 3.44842 -4.77059 0 0
0 0 714 15.6537 7.22464 -1.71854 -6.58395 0 0
0 0 715 11.1298 -3.03112 -2.24377 -3.73947 0 0
0 0 716 5.43447 5.90679 0.703492 10.9738 0 0
0 0 717 -1.02924 6.70507 6.37124 -16.8281 0 0
0 0 718 4.00049 2.09951 -25.6371 6.52111 -42.6591 8.37227
0 0 719 2.76446 1.42292 -9.85456 -7.74219 0 0
0 0 720 -5.10638 5.77915 7.59282 5.94539 0 0
0 0 721 18.437 7.22468 2.72655 -1.98428 0 0
0 0 722 -2.91202 2.33827 -8.28541 8.97257 0 0
0 0 723 7.74007 -4.84826 -10.1702 -11.4392 0 0
0 0 724 -2.99542 -10.9555 6.90175 5.09909 0 0
0 0 725 3.99495 9.52764 0.0333434 12.2977 0 0
0 0 726 5.27667 24.1755 13.698 -3.98904 14.7681 7.66107
0 0 727 3.02312 7.26609 2.30307 -1.89993 0 0
0 0 728 2.17218 0.305256 -5.53324 10.0023 0 0
0 0 729 8.73253 7.80588 5.65232 -3.50841 0 0
0 0 730 4.96426 0.143605 -0.345454 2.93007 0 0
0 0 731 12.1916 4.42354 -9.56646 2.81976 0 0
0 0 732 -1.35148 0.677419 -1.87885 -6.194 0 0
0 0 733 12.0605 -9.04283 -8.13825 -6.0945 0 0
0 0 734 -4.7714 0.436718 -2.17135 3.54427 0 0
0 0 735 -2.66146 16.2388 -8.44414 6.66797 0 0
0 0 736 7.12013 5.59047 11.2375 -13.1773 0 0
0 0 737 12.719 2.27736 1.23219 -12.8794 0 0
0 0 738 -3.38103 -7.33193 -8.04447 -3.33104 0 0
0 0 739 6.00778 9.61274 0.122593 -3.51728 0 0
0 0 740 10.7914 -6.71814 -1.51243 2.94315 0 0
0 0 741 -2.05802 3.01945 12.6134 2.17546 0 0
0 0 742 -0.867616 0.331813 14.8527 -0.473232 0 0
0 0 743 -1.85965 2.91338 5.00632 -9.85654 0 0
0 0 744 4.72112 2.71145 -2.63002 -5.47488 0 0
0 0 745 8.39813 1.39918 -9.63779 -0.479468 0 0
0 0 746 7.28612 -12.6448 5.90811 7.28745 0 0
0 0 747 5.08694 -17.5814 -11.1457 7.31023 0 0
0 0 748 3.03389 19.7947 -8.30713 2.88035 0 0
0 0 749 -10.8414 -4.21593 -2.86964 2.81128 0 0
0 0 750 4.17849 -13.7784 14.9449 5.73009 0 0
0 0 751 5.6536 -11.9859 6.20363 -5.69561 0 0
0 0 752 0.139281 -10.2864 3.50009 6.23782 0 0
0 0 753 -6.75614 -8.80975 -3.52017 4.304 0 0
0 0 754 0.38815 -3.1589 -7.77435 0.168408 0 0
0 0 755 14.0915 1.76695 2.54116 19.318 0 0
0 0 756 7.13432 6.36604 7.95786 -2.49995 0 0
0 0 757 -6.97651 0.0188746 3.88528 7.18052 0 0
0 0 758 11.8226 0.132466 -0.956718 -0.773749 0 0
0 0 759 3.76581 -4.79183 5.34185 13.6068 0 0
0 0 760 -5.12836 -3.63104 -4.97296 3.04624 0 0
0 0 761 -1.03294 -0.503875 0.888136 10.8658 0 0
0 0 762 11.0201 -3.03253 3.70032 -3.44242 0 0
0 0 763 11.9009 -7.97547 0.933609 -11.7775 0 0
0 0 764 -1.34901 -0.448932 9.03362 -2.41357 0 0
0 0 765 -10.4103 -10.6772 -7.72582 -1.50251 0 0
0 0 766 8.4538 8.32065 1.72337 2.8529 0 0
0 0 767 -13.6599 -5.99278 2.02754 -2.66687 0 0
0 0 768 1.76087 -8.39233 0.898372 0.127903 0 0
0 0 769 6.91647 3.49643 -12.5319 -3.26515 0 0
0 0 770 7.78853 -0.0134628 11.2762 3.35778 0 0
0 0 771 7.33175 -0.415437 21.5242 -14.4971 0 0
0 0 772 14.3842 -0.676861 16.8481 2.23271 0 0
0 0 773 9.52265 6.24033 -12.5033 -7.43947 0 0
0 0 774 -1.06592 -4.93177 3.47254 4.40898 0 0
0 0 775 -2.11513 -11.314 -8.31386 -3.59174 0 0
0 0 776 -12.5434 3.73261 -0.192504 12.1435 0 0
0 0 777 -4.48235 -7.86199 0.526545 8.30684 0 0
0 0 778 13.4271 10.9274 -1.29043 -5.84214 0 0
0 0 779 8.85984 -6.56467 -10.4781 -1.24059 0 0
0 0 780 8.55128 1.11523 4.15158 13.4499 0 0
0 0 781 10.0634 -5.60458 7.9622 -2.16751 0 0
0 0 782 -1.76998 8.2515 -6.79173 2.84296 0 0
0 0 783 -2.19951 -2.84826 2.23237 -5.54203 0 0
0 0 784 12.1214 4.63194 -2.75915 20.0126 0 0
0 0 785 21.4374 10.9988 -9.76083 -5.52445 0 0
0 0 786 -2.10177 -9.25129 11.6639 12.9069 0 0
0 0 787 -1.87299 -2.88183 7.59736 3.5655 0 0
0 0 788 0.879659 3.46063 -6.44538 -9.06475 0 0
0 0 789 -6.83015 1.1035 -2.86357 5.11211 0 0
0 0 790 13.7559 0.952111 -7.85396 -2.46439 0 0
0 0 791 1.69594 -2.07201 3.26537 10.2279 0 0
0 0 792 0.225791 7.588 4.37757 5.02544 0 0
0 0 793 0.640307 1.22316 1.91058 1.22421 0 0
0 0 794 6.23948 -1.44888 -9.43551 1.58972 0 0
0 0 795 -0.674283 -0.600137 12.375 -14.7344 0 0
0 0 796 -9.00983 -0.308361 1.86674 -10.4273 0 0
0 0 797 -6.0072 0.975168 1.88154 6.9482 0 0
0 0 798 16.5686 -3.72266 -10.5643 9.2648 0 0
0 0 799 8.65979 -5.41269 7.24164 3.96778 0 0
0 0 800 18.3502 4.18168 5.80077 14.6707 0 0
0 0 801 0.363593 -0.176679 -0.0359182 -9.80465 0 0
0 0 802 3.74758 -3.44426 4.21893 -3.00249 0 0
0 0 803 -15.9056 2.17574 -4.50573 -7.18049 0 0
0 0 804 -2.84526 15.1781 -6.10318 -5.49176 0 0
0 0 805 11.3401 -5.94711 -4.46482 -2.25171 0 0
0 0 806 10.4136 7.93512 0.00850488 3.35473 0 0
0 0 807 -1.02544 -9.50657 8.14536 21.5536 0 0
0 0 808 14.9722 12.4307 -9.653 13.3937 0 0
0 0 809 5.56125 4.97212 5.85655 -5.79111 0 0
0 0 810 4.85313 6.47428 4.7423 2.13556 0 0
0 0 811 10.3525 -12.7139 0.635235 -6.90645 0 0
0 0 812 6.8204 2.45543 -16.8467 -5.35097 0 0
0 0 813 -5.27782 1.12888 -0.686505 3.72148 0 0
0 0 814 -0.0270157 10.2395 -5.3173 3.55356 0 0
0 0 815 -5.18511 -14.7672 -17.4394 1.79158 0 0
0 0 816 1.26808 4.13761 6.36656 -1.82744 0 0
0 0 817 -4.55273 -2.14044 2.09643 -3.87549 0 0
0 0 818 14.6442 1.66315 5.63423 -19.2645 0 0
0 0 819 15.2205 13.827 -3.72674 -8.18675 0 0
0 0 820 8.89334 -0.38198 14.5792 -0.447908 0 0
0 0 821 -1.60881 10.3072 9.57449 -1.54179 0 0
0 0 822 21.8289 5.08023 -12.2959 10.5172 0 0
0 0 823 -0.581359 10.7589 -7.74649 3.83939 0 0
0 0 824 1.21922 -0.09225 1.87753 -4.4372 0 0
0 0 825 -2.10881 8.8862 6.31298 6.27602 0 0
0 0 826 -9.26083 3.28064 -6.52851 -8.32841 0 0
0 0 827 8.4162 -6.32389 -11.0989 1.42255 0 0
0 0 828 -7.29931 6.63188 1.73795 3.72457 0 0
0 0 829 9.72048 -5.65523 -3.31757 -1.23423 0 0
0 0 830 -6.00407 -12.0942 8.60312 0.995086 0 0
0 0 831 -4.01499 8.71379 12.6089 -24.1462 0 0
0 0 832 -3.34449 6.66893 7.37135 -15.655 0 0
0 0 833 1.80944 -0.150875 10.7333 -6.45316 0 0
0 0 834 5.29507 -8.46476 8.87854 5.02757 0 0
0 0 835 10.2348 11.4963 -1.01488 -6.2712 0 0
0 0 836 8.84267 0.827837 8.42082 2.73021 0 0
0 0 837 0.37741 -2.70467 -9.67365 3.50882 0 0
0 0 838 9.04969 -9.05563 2.14777 -11.6805 0 0
0 0 839 12.267 -1.86349 1.45221 0.923043 0 0
0 0 840 11.9992 13.0816 -8.86844 -13.0774 0 0
0 0 841 6.82061 -6.60773 -6.29513 -1.44 0 0
0 0 842 -3.70821 2.00308 -2.12366 -4.75119 0 0
0 0 843 11.0947 -0.333791 -3.06357 2.31321 0 0
0 0 844 -6.46028 0.828318 6.84497 1.30604 0 0
0 0 845 7.35568 -6.54334 4.61864 -7.48954 0 0
0 0 846 5.25345 -2.76309 -3.64758 -1.21129 0 0
0 0 847 3.90914 7.00517 -12.7597 1.05029 0 0
0 0 848 12.2824 5.23012 1.85206 0.306852 0 0
0 0 849 7.45086 1.78303 12.2215 1.73635 0 0
0 0 850 3.39131 10.9257 -4.50245 13.8912 0 0
0 0 851 0.722354 -7.08183 11.9099 -0.785984 0 0
0 0 852 -8.98782 2.86707 -7.41945 4.46681 0 0
0 0 853 -2.57724 -9.95311 -6.22224 9.89796 0 0
0 0 854 6.73999 13.3019 -4.76538 1.12448 0 0
0 0 855 11.6381 -0.889956 0.832136 -1.44506 0 0
0 0 856 -0.210797 -6.20709 -6.61517 6.59767 0 0
0 0 857 -0.589864 2.62614 2.6768 -4.24837 0 0
0 0 858 10.3313 -3.36784 8.27657 1.77888 0 0
0 0 859 6.46068 9.96648 -7.13966 -0.405355 0 0
0 0 860 -1.42335 -7.60329 1.22738 -7.27349 0 0
0 0 861 -2.88264 -8.04475 6.38597 -0.695244 0 0
0 0 862 -0.852513 -3.97097 4.36175 3.25391 0 0
0 0 863 3.72483 -10.5328 4.4276 5.75079 0 0
0 0 864 16.3511 10.2274 -3.46083 -7.88802 0 0
0 0 865 24.0993 7.18447 -7.45434 8.07569 0 0
0 0 866 11.8289 -16.2968 -7.16277 2.98402 0 0
0 0 867 10.6175 0.434592 -11.2132 -13.5868 0 0
0 0 868 5.64369 -6.63915 8.02506 -1.15218 0 0
0 0 869 11.1607 2.86555 -2.94964 13.6621 0 0
0 0 870 7.26266 12.1838 -7.0688 -2.94708 0 0
0 0 871 11.3155 11.2801 -11.5432 4.12227 0 0
0 0 872 17.8338 5.65467 -6.972 -2.43532 0 0
0 0 873 20.633 0.136835 -12.368 5.55928 0 0
0 0 874 15.6461 -11.9077 -15.9934 -2.11653 0 0
0 0 875 -6.15313 4.21965 0.902293 12.1598 0 0
0 0 876 2.71582 10.0889 3.02014 -1.6123 0 0
0 0 877 8.48323 7.4557 -11.2238 -13.6605 0 0
0 0 878 13.6061 -6.04703 -10.8665 -19.5192 0 0
0 0 879 6.1832 -2.98028 -2.55639 4.06715 0 0
0 0 880 12.1584 -5.68194 -10.5508 -7.18513 0 0
0 0 881 5.07732 -4.91117 -17.0649 -5.57834 0 0
0 0 882 -10.224 13.9767 -10.8331 -5.0302 0 0
0 0 883 12.475 8.91976 -0.937308 -11.1816 0 0
0 0 884 10.2263 1.99022 -13.8374 0.241424 0 0
0 0 885 0.803869 -6.90097 -4.63735 -2.06531 0 0
0 0 886 4.71429 3.8539 1.16998 -0.591003 0 0
0 0 887 8.84007 -3.70796 0.79561 13.5814 0 0
0 0 888 11.5778 4.34599 10.3647 10.1641 0 0
0 0 889 -8.05655 8.1825 1.37696 7.99835 0 0
0 0 890 2.79767 0.629117 -13.8695 2.38226 0 0
0 0 891 16.6368 8.15811 -5.5725 0.248905 0 0
0 0 892 10.2813 -4.01782 6.67061 8.58764 0 0
0 0 893 2.16021 -14.2947 -1.02679 8.89001 0 0
0 0 894 14.0595 -3.45578 -3.16772 -1.72814 0 0
0 0 895 -4.0209 -4.67594 0.604861 -5.75965 0 0
0 0 896 4.46649 -23.0518 2.52133 7.08822 0 0
0 0 897 7.5902 -6.28231 -20.5639 -2.27995 0 0
0 0 898 -3.74005 10.952 -3.98122 8.31812 0 0
0 0 899 11.9857 -20.2405 -2.01579 -0.675612 0 0
0 0 900 13.4836 1.75616 -3.64336 12.1353 0 0
0 0 901 0.699779 -7.48345 -11.5566 -2.62732 0 0
0 0 902 23.1443 3.39419 -9.18389 14.5582 0 0
0 0 903 8.50658 -8.87545 6.80402 4.59556 0 0
0 0 904 11.6608 -5.18936 -14.1524 3.77058 0 0
0 0 905 5.93743 5.8277 4.63067 -6.48782 0 0
0 0 906 11.4042 7.92411 -17.7377 -15.0734 0 0
0 0 907 14.5062 -4.81015 -14.5996 4.30455 0 0
0 0 908 26.6959 7.61272 5.4194 -16.0178 0 0
0 0 909 10.6321 -17.6839 -6.16546 4.1819 0 0
0 0 910 22.7783 4.26854 -16.5179 -3.79809 0 0
0 0 911 18.0042 15.1417 -23.3822 -1.437 -28.537 7.69674
0 0 912 18.7556 -5.98803 -11.51 5.26902 0 0
0 0 913 16.4648 -10.9243 -9.53973 -4.94464 0 0
0 0 914 12.6671 12.609 -14.1196 -10.0714 0 0
0 0 915 12.2923 8.12248 -7.10236 -9.92677 0 0
0 0 916 16.3277 -14.6149 -5.749 -19.4358 0 0
0 0 917 14.3558 -6.10784 -18.3553 -1.86627 0 0
0 0 918 23.0882 0.0132284 -9.12549 -6.32225 0 0
0 0 919 27.9166 -0.730917 -6.42935 -10.6979 0 0
0 0 920 26.0711 11.3912 -19.2372 3.1563 0 0
0 0 921 10.5418 8.42823 -17.0058 -4.59563 0 0
0 0 922 4.23386 -14.53 -10.1289 10.6376 0 0
0 0 923 37.4098 -12.716 -15.6851 -18.9472 0 0
0 0 924 36.4266 -4.44024 -16.6703 5.94045 0 0
0 0 925 35.598 -7.90121 -25.4128 -15.1447 -53.6356 8.08223
0 0 926 26.591 7.5848 -21.5768 0.897562 0 0
0 0 927 27.1192 0.0865412 -15.3678 -2.01046 0 0
0 0 928 39.1232 -2.5644 -16.0008 5.64943 0 0
0 0 929 21.3963 -1.62948 -11.6224 -1.6891 0 0
0 0 930 30.2137 -3.97307 -13.8371 -2.91925 0 0
0 0 931 46.4604 -19.5966 -28.3867 -3.37351 -62.3095 6.21314
0 0 932 41.4068 -12.2664 -35.2297 6.86813 -54.5986 5.7641
0 0 933 34.9801 3.5065 -22.0528 -11.2847 0 0
0 0 934 37.169 -14.8075 -26.8276 1.63506 -59.4483 7.00363
0 0 935 41.3833 -4.53465 -15.6341 -2.00415 0 0
0 0 936 43.5231 -2.32696 -32.0526 -14.886 -47.0761 6.70143
0 0 937 35.9841 -10.9419 -42.6128 1.34898 -52.2005 4.89093
0 0 938 47.5514 -2.03543 -34.7691 -1.2451 -46.6752 6.18369
0 0 939 63.7927 3.79824 -36.7519 -14.3555 -42.0498 5.82841
0 0 940 52.8216 -16.6708 -24.8233 0.708059 -61.9423 7.16866
0 0 941 62.6858 2.82099 -26.1487 -9.29032 -41.9213 8.18783
0 0 942 77.3939 -4.42519 -7.46121 -0.828953 0 0
0 0 943 64.3186 -7.01526 -16.8763 9.93692 0 0
0 0 944 54.4744 -2.00393 -15.701 -14.0816 0 0
0 0 945 64.6771 -14.7391 -13.9498 -0.472811 0 0
0 0 946 80.811 -3.14041 -2.48892 -3.88373 0 0
0 0 947 64.7165 0.571198 13.6206 -7.73174 0 0
0 0 948 77.2155 -6.34595 -6.63614 -6.55861 0 0
0 0 949 73.0141 18.703 4.73332 -5.69785 0 0
0 0 950 72.7699 -0.656956 11.5923 -0.515959 0 0
0 0 951 78.5948 6.70778 14.0353 -5.31485 0 0
0 0 952 82.761 8.23644 31.4325 -9.12245 37.6583 6.62187
0 0 953 85.5153 0.73571 20.1829 3.9712 0 0
0 0 954 85.3265 13.4407 20.4462 1.06125 0 0
0 0 955 84.6349 4.41145 32.2448 1.69867 41.1048 6.61604
0 0 956 80.9857 10.6232 41.363 12.5626 37.7981 5.03865
0 0 957 85.0947 8.23268 35.7425 5.28301 38.5145 5.86763
0 0 958 98.8037 8.85911 20.656 5.20452 0 0
0 0 959 100.991 13.0176 16.036 -1.6249 0 0
0 0 960 110.375 -3.35019 29.5215 -9.72293 48.2372 7.24779
0 0 961 92.8195 8.58178 27.1983 4.11952 36.2441 7.54145
0 0 962 85.556 7.10635 30.5616 7.351 38.4549 6.85892
0 0 963 87.8148 12.2633 13.3734 3.5282 0 0
0 0 964 75.3437 11.502 9.26469 -2.09321 0 0
0 0 965 89.5002 11.0442 6.49474 13.6383 0 0
0 0 966 72.8865 8.35977 5.04392 -12.4203 0 0
0 0 967 82.703 -5.84777 12.5584 4.77046 0 0
0 0 968 68.3674 19.1361 -10.0299 -10.4997 0 0
0 0 969 69.9114 -14.5595 -0.549755 6.67347 0 0
0 0 970 63.9062 9.77103 5.884 -3.07769 0 0
0 0 971 65.2521 3.78094 2.42924 0.81008 0 0
0 0 972 55.624 -1.43815 5.87971 -6.0509 0 0
0 0 973 57.1085 0.550114 6.11316 -2.11702 0 0
0 0 974 49.6146 -8.52891 0.0753446 11.4508 0 0
0 0 975 54.5372 -9.66959 -0.548088 -0.159017 0 0
0 0 976 63.2649 6.88576 1.33294 -8.54343 0 0
0 0 977 57.687 -7.44346 -8.37623 0.935509 0 0
0 0 978 40.2158 -10.7358 -1.47568 -4.20385 0 0
0 0 979 51.8355 -14.5621 6.22189 -7.21726 0 0
0 0 980 53.5783 2.03925 -2.26606 8.63245 0 0
0 0 981 40.0538 -6.03784 -15.5597 -20.1938 0 0
0 0 982 49.1991 -12.6465 -1.38843 -6.82615 0 0
0 0 983 25.2087 2.23168 -10.0803 -18.4471 0 0
0 0 984 33.1768 -10.7067 3.48847 -9.96327 0 0
0 0 985 47.4484 -12.3456 -12.03 -4.44677 0 0
0 0 986 55.8424 -10.8293 -0.416141 -1.45831 0 0
0 0 987 60.8794 -14.7172 -5.34973 -4.99245 0 0
0 0 988 53.6676 3.32361 1.58769 -15.0149 0 0
0 0 989 36.091 3.00861 -3.6204 0.757557 0 0
0 0 990 41.4287 3.91052 -3.25118 3.49752 0 0
0 0 991 35.3563 3.37575 -4.73701 5.32903 0 0
0 0 992 36.457 -0.327127 -12.697 -6.03721 0 0
0 0 993 32.895 -11.508 -0.469571 15.5555 0 0
0 0 994 27.7956 -27.2742 0.688884 1.10751 89.2766 7.77285
0 0 995 36.8192 -6.77789 -1.70719 -3.93115 0 0
0 0 996 32.2603 -12.8786 7.94651 -8.52424 0 0
0 0 997 28.8673 -16.073 -8.43933 -8.35099 0 0
0 0 998 26.8706 -5.63873 -15.9482 5.7867 0 0
0 0 999 27.4432 -13.3403 -4.90246 11.1947 0 0
0 0 1000 24.8905 -2.9062 -22.7719 -6.30473 0 0
0 0 1001 23.1677 -14.1832 1.56375 -5.33852 0 0
0 0 1002 34.7375 -6.37046 -1.95122 -6.1525 0 0
0 0 1003 36.2475 -12.2696 -17.8877 4.52714 0 0
0 0 1004 23.0275 -4.9498 -9.42977 -8.35603 0 0
0 0 1005 29.0311 -26.8242 2.04103 -1.32689 87.8244 7.88361
0 0 1006 8.40827 -12.7135 4.88684 -15.4874 0 0
0 0 1007 16.8439 -3.86061 -5.18626 -5.95224 0 0
0 0 1008 21.6929 -11.1725 4.0392 -15.7525 0 0
0 0 1009 18.3865 -13.6414 -3.33619 -8.6539 0 0
0 0 1010 37.4987 -0.437376 4.56082 -8.99331 0 0
0 0 1011 18.3094 -14.3516 -2.26872 -12.614 0 0
0 0 1012 28.9248 -8.61881 -5.94904 3.41926 0 0
0 0 1013 11.9359 -16.0375 0.0644055 4.53626 0 0
0 0 1014 12.8512 -9.45545 15.3944 4.42375 0 0
0 0 1015 1.70707 -7.50446 -13.7466 -0.331577 0 0
0 0 1016 14.5687 -11.4687 2.39556 -8.3787 0 0
0 0 1017 26.3328 3.87567 -11.7858 4.67072 0 0
0 0 1018 22.275 0.140665 7.17511 -8.06496 0 0
0 0 1019 12.9997 3.87621 -10.9231 6.71266 0 0
0 0 1020 5.46757 -0.0115898 1.8396 3.49235 0 0
0 0 1021 5.05819 -6.89522 -10.1082 -15.5136 0 0
0 0 1022 23.2441 0.73213 9.41929 2.73248 0 0
0 0 1023 7.84464 0.337484 1.87683 -12.2729 0 0
