# File: uwl_230623_104315_Combined.rf.sbH2.RMC_aux Src: J1713+0747 Nsub: 1 Nch: 1 Npol: 4 Nbin: 1024 RMS: 0.320116
0 0 0 0.085874 -0.472584 -0.0609071 -0.0824065 0 0
0 0 1 0.433613 0.196563 -0.425854 0.575856 0 0
0 0 2 0.268544 -0.248188 0.0306322 0.101959 0 0
0 0 3 0.748592 0.142306 -0.338635 0.536412 0 0
0 0 4 -0.215546 0.450929 0.235565 0.225593 0 0
0 0 5 0.416272 -0.297162 0.30165 -0.363276 0 0
0 0 6 0.280615 -0.821155 0.0886797 -0.397603 0 0
0 0 7 -0.164801 -0.162319 -0.439595 -0.0951668 0 0
0 0 8 -0.226947 -0.430375 -0.0677528 -0.0340074 0 0
0 0 9 -0.723323 0.1215 0.297774 0.0379631 0 0
0 0 10 0.204557 0.24487 -0.363552 -0.351079 0 0
0 0 11 0.129501 -0.0436568 0.537383 0.0247813 0 0
0 0 12 0.167039 0.0837764 -0.00973034 0.0387637 0 0
0 0 13 -0.0499724 0.141085 0.704283 0.0632215 0 0
0 0 14 0.60513 0.0211151 0.694674 0.355173 0 0
0 0 15 -0.270145 -0.33564 0.690644 -0.0563777 0 0
0 0 16 -0.347743 0.272068 0.111833 -0.369604 0 0
0 0 17 0.133899 -0.39582 0.245282 -0.904803 0 0
0 0 18 0.143896 0.592266 -0.146049 0.189925 0 0
0 0 19 -0.0665361 -0.480269 0.200065 0.467879 0 0
0 0 20 0.242544 -0.136537 0.377914 -0.19552 0 0
0 0 21 1.07908 0.251326 -0.0621935 0.0719994 0 0
0 0 22 1.05501 0.169284 -0.0644655 0.516062 0 0
0 0 23 0.00791089 -0.493109 0.61661 -0.50683 0 0
0 0 24 0.485423 0.313496 -0.252972 -0.0207294 0 0
0 0 25 0.541844 -0.160485 -0.109022 0.450767 0 0
0 0 26 0.266724 0.0166564 -0.154507 -0.548421 0 0
0 0 27 0.149709 0.665121 0.0669142 0.0467009 0 0
0 0 28 -0.0538335 0.0705685 0.379074 -0.13418 0 0
0 0 29 0.0443662 -0.551522 0.485779 -0.425758 0 0
0 0 30 0.92326 -0.396726 -0.362906 -0.157816 0 0
0 0 31 -0.197263 -0.480454 -0.539487 0.316326 0 0
0 0 32 0.34775 0.270358 0.0382437 0.738882 0 0
0 0 33 -0.144071 -0.236267 0.182522 0.0571592 0 0
0 0 34 0.00901365 0.304187 -0.0292664 -0.0532938 0 0
0 0 35 0.480163 -0.303037 0.551616 -0.00901357 0 0
0 0 36 0.296008 -0.00860417 0.552603 0.156701 0 0
0 0 37 0.0614382 -0.121429 -0.522556 0.484319 0 0
0 0 38 0.479239 0.736417 0.399531 0.00428196 0 0
0 0 39 0.247873 0.367212 0.436813 -0.0348364 0 0
0 0 40 0.824961 -0.15203 -0.191563 -0.068368 0 0
0 0 41 0.100833 -0.00929556 -0.171886 0.0352269 0 0
0 0 42 0.134283 0.157399 0.0450122 -0.042865 0 0
0 0 43 0.289577 -0.142389 0.119495 0.0487115 0 0
0 0 44 0.754942 0.163845 0.503929 -0.177279 0 0
0 0 45 0.851038 -0.363535 0.231081 0.301705 0 0
0 0 46 0.152313 -0.0726615 0.106336 0.34187 0 0
0 0 47 0.647776 0.376743 1.05304 -0.192709 35.1573 8.73907
0 0 48 0.217244 0.0335195 0.839228 0.276685 0 0
0 0 49 0.241831 -0.521626 0.0519358 -0.0959674 0 0
0 0 50 0.525276 -0.709941 -0.22769 0.172144 0 0
0 0 51 0.365204 0.47614 0.0652535 -0.127103 0 0
0 0 52 0.399034 -0.251482 0.128243 -0.135108 0 0
0 0 53 0.804753 0.390517 -0.0842907 0.166476 0 0
0 0 54 0.492021 -0.777973 -0.239637 -0.229255 0 0
0 0 55 0.455239 0.0769701 0.348275 -0.0592052 0 0
0 0 56 0.76308 0.162612 0.215266 -0.162538 0 0
0 0 57 0.222121 -0.389767 -0.137379 0.240759 0 0
0 0 58 0.0345572 0.0582345 0.338175 0.306429 0 0
0 0 59 0.0576088 0.31055 0.230124 0.106765 0 0
0 0 60 0.342147 -0.257266 0.0174522 0.418765 0 0
0 0 61 -0.852809 0.49028 -0.298902 0.15655 0 0
0 0 62 0.490698 -0.101183 0.303478 0.237173 0 0
0 0 63 -0.0835942 -0.224587 0.169571 -0.302065 0 0
0 0 64 0.64961 -0.106691 0.429807 -0.104818 0 0
0 0 65 0.14929 -0.0241014 -0.0966287 0.31252 0 0
0 0 66 -0.00613803 -0.143638 0.0312596 0.136259 0 0
0 0 67 -0.00769106 -0.508872 -0.104377 -0.0227072 0 0
0 0 68 0.562031 0.0100873 -0.243404 0.497962 0 0
0 0 69 0.0482621 -0.718766 0.40161 0.276112 0 0
0 0 70 0.413513 0.0698104 0.228811 -0.0350478 0 0
0 0 71 0.390471 0.368561 -0.155492 -0.119138 0 0
0 0 72 0.281763 -0.0746883 0.170979 -0.01246 0 0
0 0 73 0.380856 -0.326225 -0.440693 -0.069235 0 0
0 0 74 0.0857724 0.145709 -0.395944 0.58844 0 0
0 0 75 0.184776 -0.261753 0.419679 -0.0672953 0 0
0 0 76 0.522932 0.0276869 0.584307 -0.168023 0 0
0 0 77 0.238634 0.241582 0.118034 -0.107032 0 0
0 0 78 0.540179 0.209975 0.138854 -0.26606 0 0
0 0 79 -0.301466 0.763495 0.0687975 0.0220325 0 0
0 0 80 -0.311727 -0.373877 0.28628 0.0784484 0 0
0 0 81 -0.0846159 0.209216 -0.222367 0.311922 0 0
0 0 82 0.027416 -0.00211721 -0.0319124 0.187904 0 0
0 0 83 0.380541 -0.307532 0.0116668 0.247454 0 0
0 0 84 -0.478925 0.689103 -0.634778 0.749701 0 0
0 0 85 -0.109008 -0.221673 -0.160736 -0.199534 0 0
0 0 86 -0.0344405 -0.357868 0.029502 0.434012 0 0
0 0 87 0.064755 -0.164582 -0.330217 -0.104604 0 0
0 0 88 -0.319466 0.167622 -0.289165 0.402823 0 0
0 0 89 0.0511353 -0.120206 -0.190632 0.655028 0 0
0 0 90 -0.239615 0.201896 0.113324 -0.19967 0 0
0 0 91 0.419065 -0.170128 0.178457 0.307536 0 0
0 0 92 0.111178 0.257171 0.519635 0.215656 0 0
0 0 93 0.530356 -0.373885 -0.321353 0.144684 0 0
0 0 94 -0.0065799 0.032502 0.177433 -0.574936 0 0
0 0 95 -0.0852131 -0.605615 -0.316703 -0.0331527 0 0
0 0 96 0.141709 0.693104 0.168103 0.00731083 0 0
0 0 97 -0.012865 -0.546448 0.63861 0.140752 0 0
0 0 98 0.0419149 -0.24302 -0.239108 -0.22318 0 0
0 0 99 -0.543196 -0.172111 0.507964 -0.214626 0 0
0 0 100 -0.222027 -0.661187 -0.124935 -0.350292 0 0
0 0 101 0.131821 0.0335789 0.354711 -0.157061 0 0
0 0 102 -0.0894302 0.395198 0.325835 -0.201037 0 0
0 0 103 0.272116 0.171851 0.367239 -0.125821 0 0
0 0 104 -0.019178 0.031898 -0.141975 -0.469663 0 0
0 0 105 0.303651 -0.259919 0.103887 -0.509404 0 0
0 0 106 0.31557 0.266232 0.35249 -0.263872 0 0
0 0 107 -0.309061 0.332139 0.493608 -0.12426 0 0
0 0 108 -0.124961 -0.067129 -0.125829 -0.637033 0 0
0 0 109 0.36131 0.181122 0.672494 0.441209 0 0
0 0 110 -0.281713 -0.131971 0.24675 0.174751 0 0
0 0 111 -0.111067 0.185271 -0.315667 0.379385 0 0
0 0 112 -0.205169 -0.366663 -0.0273371 0.0684017 0 0
0 0 113 -0.185716 -0.352364 -0.194339 -0.234571 0 0
0 0 114 0.144449 -0.0525287 0.0143137 0.4954 0 0
0 0 115 0.308012 -0.094992 -0.0615192 -0.125651 0 0
0 0 116 0.0259954 -0.528483 0.245031 -0.156305 0 0
0 0 117 0.234601 0.0391714 -0.188064 0.364765 0 0
0 0 118 0.959203 -0.82299 -0.0774629 0.301529 0 0
0 0 119 0.197916 0.188072 -0.0620766 0.685769 0 0
0 0 120 -0.0561335 -0.149015 -0.0571537 0.149752 0 0
0 0 121 0.486132 0.474865 -0.18483 0.570629 0 0
0 0 122 -0.512555 0.329495 0.833107 -0.0710839 0 0
0 0 123 0.0490143 0.105518 -0.41672 0.10627 0 0
0 0 124 0.130447 0.0315831 0.0867882 -0.502252 0 0
0 0 125 -0.822781 0.213328 -0.416155 0.0827624 0 0
0 0 126 -0.427709 0.168117 0.28443 -0.0749834 0 0
0 0 127 0.0916248 -0.479371 -0.525902 0.0128046 0 0
0 0 128 0.438835 -0.148149 0.538834 -0.289954 0 0
0 0 129 -0.182963 -0.00820942 -0.213091 0.197413 0 0
0 0 130 -0.210493 0.459912 0.0919437 -0.295595 0 0
0 0 131 0.173121 0.0854209 -0.532922 -0.321779 0 0
0 0 132 0.657146 0.0562452 -0.225606 -0.288469 0 0
0 0 133 0.012006 0.216035 -0.206101 -0.199643 0 0
0 0 134 0.239551 -0.270322 0.206126 0.472451 0 0
0 0 135 -0.21115 0.139499 -0.0878306 0.0347979 0 0
0 0 136 0.243199 0.57912 0.333697 0.280897 0 0
0 0 137 -0.467973 -0.566116 0.0420663 0.316449 0 0
0 0 138 -0.647479 0.34779 -0.573637 0.0305867 0 0
0 0 139 0.561605 0.46937 0.276011 -0.000584699 0 0
0 0 140 -0.854722 -0.110863 -0.0100903 0.419199 0 0
0 0 141 -0.0383368 0.399895 -1.02127 -0.35127 -34.3082 8.89167
0 0 142 0.511221 -0.594931 -0.0910073 -0.292026 0 0
0 0 143 0.493053 -0.416876 0.297808 -0.418629 0 0
0 0 144 -0.419013 0.346818 0.464502 0.202788 0 0
0 0 145 -0.124401 -0.14733 -0.204198 -0.400166 0 0
0 0 146 -0.262857 -0.303297 0.356703 0.161541 0 0
0 0 147 -0.362581 0.223161 -0.104802 -0.151015 0 0
0 0 148 -0.0385598 -0.115355 0.0349472 -0.479417 0 0
0 0 149 -0.0631436 0.359351 0.0190631 0.38444 0 0
0 0 150 -0.0124743 -0.217174 -0.0194431 -0.177968 0 0
0 0 151 0.308405 0.215032 0.00280069 -0.159038 0 0
0 0 152 0.472871 0.235566 0.222573 0.0207236 0 0
0 0 153 0.103643 0.0981877 -0.726228 -0.0965364 0 0
0 0 154 -0.396325 0.464649 -0.163226 -0.424856 0 0
0 0 155 0.323587 -0.135001 0.388776 0.373269 0 0
0 0 156 -0.40404 0.447851 0.0219509 0.27128 0 0
0 0 157 -0.21154 -0.278808 -0.223493 -0.0354942 0 0
0 0 158 -0.368218 -0.0207659 0.0856089 -0.462404 0 0
0 0 159 -0.479481 -0.0865451 0.495593 -0.612199 0 0
0 0 160 0.267209 0.0907707 -0.112292 0.35912 0 0
0 0 161 0.0759739 -0.408884 0.334255 0.445312 0 0
0 0 162 -0.643718 0.0617266 -0.186004 -0.199722 0 0
0 0 163 -0.178418 -0.219307 0.0187509 -0.621037 0 0
0 0 164 -0.127303 0.450565 0.107569 0.0799565 0 0
0 0 165 0.0336118 -0.513846 0.07864 -0.259343 0 0
0 0 166 -0.200999 -0.526073 -0.0457577 0.226192 0 0
0 0 167 0.071372 -0.443031 0.342598 -0.0123029 0 0
0 0 168 -0.211947 -0.111292 -0.366338 -0.345313 0 0
0 0 169 -0.447315 -0.152037 0.159245 -0.326416 0 0
0 0 170 0.0878705 -0.548944 0.446728 -0.424209 0 0
0 0 171 -0.349009 0.212002 0.20756 0.396816 0 0
0 0 172 0.322361 0.27031 -0.40869 -0.0605786 0 0
0 0 173 -0.179762 -0.281953 0.315599 -0.147062 0 0
0 0 174 -0.155127 0.571963 -0.678064 -0.347996 0 0
0 0 175 0.150659 0.54337 -0.642349 0.00227083 0 0
0 0 176 0.323748 -0.115936 0.20881 -0.143379 0 0
0 0 177 0.303155 0.237504 0.417336 0.103012 0 0
0 0 178 -0.056662 -0.0358713 0.305523 -0.145364 0 0
0 0 179 -0.139583 -0.128191 0.0715483 0.323038 0 0
0 0 180 0.384196 -0.558218 -0.0579615 -0.299371 0 0
0 0 181 0.261498 0.23984 -0.2991 0.0832274 0 0
0 0 182 -0.00550108 -0.248297 -0.315787 -0.201419 0 0
0 0 183 0.0108722 -0.10115 0.224116 0.19409 0 0
0 0 184 -0.159503 -0.409399 -0.0069103 0.0295977 0 0
0 0 185 -0.257693 0.732337 0.135389 0.146726 0 0
0 0 186 0.26186 0.229837 0.419163 -0.132169 0 0
0 0 187 -0.690924 -0.00873023 -0.0416385 -0.363762 0 0
0 0 188 -0.731201 0.273444 -0.0333423 -0.0292973 0 0
0 0 189 -0.0652775 0.432699 -0.16816 -0.299197 0 0
0 0 190 0.164813 0.459238 -0.0559598 0.482374 0 0
0 0 191 -0.344376 0.195394 -0.370206 0.154826 0 0
0 0 192 -0.0416876 0.0313357 0.510388 0.0917783 0 0
0 0 193 -0.132487 0.0134226 -0.253104 -0.481377 0 0
0 0 194 0.185743 -0.503198 -0.116562 0.182122 0 0
0 0 195 -0.285065 0.126271 0.0693276 0.377844 0 0
0 0 196 0.40148 -0.00200015 0.103394 -0.397208 0 0
0 0 197 0.351143 -0.00582784 -0.0358563 0.806953 0 0
0 0 198 -0.443564 0.139652 0.118505 0.333623 0 0
0 0 199 -0.00701846 0.213229 0.0822603 -0.407829 0 0
0 0 200 0.0930144 -0.761482 -0.249445 0.0878984 0 0
0 0 201 0.147592 0.147067 0.0155798 -0.112644 0 0
0 0 202 0.359311 -0.448283 -0.0660169 -0.0955611 0 0
0 0 203 0.408464 -0.0883678 -0.0963677 -0.125633 0 0
0 0 204 0.185658 0.322696 -0.410971 -0.30796 0 0
0 0 205 0.042431 0.22434 0.264794 0.328396 0 0
0 0 206 -0.0575263 -0.0795678 0.0822045 -0.0679233 0 0
0 0 207 -0.248162 -0.323757 -0.31764 -0.269348 0 0
0 0 208 0.294186 -0.149923 -0.252206 0.220643 0 0
0 0 209 0.0804491 0.541271 -0.419384 -0.129816 0 0
0 0 210 -0.0670341 -0.237538 -0.1314 0.30861 0 0
0 0 211 0.220345 0.0528139 -0.225476 -0.0128092 0 0
0 0 212 0.600428 0.48374 -0.129511 0.634911 0 0
0 0 213 -0.405216 -0.630497 0.230083 -0.425334 0 0
0 0 214 0.0303107 0.48376 -0.0416974 0.402672 0 0
0 0 215 0.246651 -0.184982 -0.0515726 -0.00359737 0 0
0 0 216 0.0123663 0.496638 -0.17828 -0.10156 0 0
0 0 217 -0.257895 0.0554944 -0.338019 0.045247 0 0
0 0 218 -0.00908491 -0.572069 0.0117411 -0.0467478 0 0
0 0 219 0.227016 0.183962 0.371248 0.480213 0 0
0 0 220 0.474321 0.826469 0.531245 -0.128875 0 0
0 0 221 -0.310352 -0.516399 -0.0115465 -0.568199 0 0
0 0 222 0.184212 -0.420503 0.332433 0.278047 0 0
0 0 223 -0.310347 -0.343007 -0.181139 0.31407 0 0
0 0 224 0.263522 -0.271541 0.124355 0.094705 0 0
0 0 225 0.103481 0.027417 0.120428 0.315184 0 0
0 0 226 0.0903609 -0.0844368 -0.187575 -0.250756 0 0
0 0 227 -0.251727 -0.15294 -0.654166 0.0723048 0 0
0 0 228 -0.0994155 0.319193 0.064892 0.325329 0 0
0 0 229 0.682356 -0.129269 0.227808 0.43404 0 0
0 0 230 0.0345392 0.215678 0.0477217 -0.241159 0 0
0 0 231 0.224332 0.341288 -0.00317944 -0.257305 0 0
0 0 232 0.187714 0.103075 -0.292729 -0.385353 0 0
0 0 233 0.120188 -0.444025 -0.279004 0.12236 0 0
0 0 234 0.0775835 -0.473396 0.163379 0.392603 0 0
0 0 235 -0.150566 -0.091268 0.21571 -0.49745 0 0
0 0 236 0.549538 -0.525536 0.331445 -0.0474042 0 0
0 0 237 -0.460308 0.351655 0.0493262 -0.111641 0 0
0 0 238 0.374378 0.381232 0.18701 -0.283526 0 0
0 0 239 0.544567 -0.238355 -0.154518 -0.376353 0 0
0 0 240 0.00519523 0.340667 0.0929365 0.0248257 0 0
0 0 241 0.490757 -0.316884 0.0454559 -0.132249 0 0
0 0 242 0.30836 -0.58015 -0.272067 0.208311 0 0
0 0 243 0.216139 0.459748 -0.322519 -0.047383 0 0
0 0 244 0.259208 -0.0815047 0.506608 -0.0230647 0 0
0 0 245 -0.0486828 0.00434841 0.100604 -0.723739 0 0
0 0 246 -0.752933 0.307936 0.137494 -0.226303 0 0
0 0 247 0.0781602 0.630533 0.694219 -0.304952 0 0
0 0 248 -0.193213 0.215928 0.291422 -0.490265 0 0
0 0 249 0.342358 -0.243153 -0.18661 0.316061 0 0
0 0 250 0.316659 0.204971 -0.249326 -0.256708 0 0
0 0 251 0.0261409 0.199484 0.137142 -0.0096333 0 0
0 0 252 -0.105408 0.403185 0.00167293 -0.212891 0 0
0 0 253 0.647918 -0.345859 -0.0894993 0.342335 0 0
0 0 254 0.335 -0.704635 0.668482 -0.345035 0 0
0 0 255 0.0258528 0.206254 -0.11179 0.579101 0 0
0 0 256 -0.540815 0.339954 0.236896 0.464177 0 0
0 0 257 0.426246 -0.928061 0.313427 -0.00758608 0 0
0 0 258 -0.456979 0.00904408 -0.354844 0.0715436 0 0
0 0 259 -0.626495 0.490969 0.231845 0.283198 0 0
0 0 260 -0.368643 -0.39236 0.0703951 -0.73713 0 0
0 0 261 0.411128 0.210231 -0.124953 -0.00286954 0 0
0 0 262 0.0647125 -0.342082 -0.0970927 -0.277414 0 0
0 0 263 0.113477 0.34187 0.526166 0.0430885 0 0
0 0 264 0.376012 -0.107796 0.116256 -0.103533 0 0
0 0 265 0.0107079 0.113801 -0.564388 -0.129075 0 0
0 0 266 0.883861 -0.114931 -0.00348626 -0.277656 0 0
0 0 267 0.358826 -0.0707512 -0.0664142 0.0517874 0 0
0 0 268 -0.171013 0.576753 0.0123416 -0.165981 0 0
0 0 269 0.200903 0.156387 0.278755 0.23605 0 0
0 0 270 -0.15239 0.384938 0.0737466 -0.206109 0 0
0 0 271 0.149337 0.302116 0.0288779 0.270005 0 0
0 0 272 -0.12212 0.413312 -0.0908844 0.290637 0 0
0 0 273 0.278944 0.194545 -0.236618 0.258878 0 0
0 0 274 0.300632 -0.119716 0.211809 0.106919 0 0
0 0 275 0.195371 0.143005 -0.0530785 -0.370347 0 0
0 0 276 -0.271169 -0.0942577 -0.923208 0.760003 0 0
0 0 277 0.557937 0.117759 -0.0191732 0.350467 0 0
0 0 278 0.274261 0.383445 0.0562224 -0.170996 0 0
0 0 279 -0.218781 0.581848 0.493203 0.22695 0 0
0 0 280 -0.374113 -0.529625 -0.634463 -0.0820643 0 0
0 0 281 0.375878 0.248964 -0.152819 -0.359715 0 0
0 0 282 0.385105 0.365746 -0.456267 -0.2495 0 0
0 0 283 0.341806 0.576441 0.154847 -0.178471 0 0
0 0 284 0.353027 0.158914 0.156413 -0.54549 0 0
0 0 285 -0.183568 0.456085 0.40412 0.569657 0 0
0 0 286 -0.0622454 0.134287 -0.523991 -0.00956418 0 0
0 0 287 0.0605449 0.113673 0.231503 0.15328 0 0
0 0 288 -0.162984 -0.116955 0.0372017 0.136319 0 0
0 0 289 0.280039 0.338306 0.0549341 0.0530238 0 0
0 0 290 0.0534774 0.265296 -0.211403 -0.171123 0 0
0 0 291 -0.0777493 0.255215 -0.122231 -0.384301 0 0
0 0 292 0.798844 0.39321 0.171832 0.0600481 0 0
0 0 293 -0.311823 0.384879 -0.260208 -0.104965 0 0
0 0 294 0.434733 -0.0192502 0.399888 -0.356173 0 0
0 0 295 -0.276655 0.315488 9.75311e-05 -0.230781 0 0
0 0 296 -0.490539 -0.00112389 -0.208617 -0.347986 0 0
0 0 297 -0.229063 0.473918 -0.352214 -0.483262 0 0
0 0 298 -0.0646079 -0.0581634 -0.622507 -0.253575 0 0
0 0 299 0.859012 -0.410698 0.528583 -0.0696899 0 0
0 0 300 -0.0643314 -0.382284 -0.15293 0.150627 0 0
0 0 301 -0.312365 0.00507367 -0.240547 0.298757 0 0
0 0 302 -0.141974 -0.271437 0.456954 -0.149945 0 0
0 0 303 -0.291951 0.108616 -0.342159 0.0187649 0 0
0 0 304 -0.0697254 0.315404 -0.0241719 0.401456 0 0
0 0 305 -0.168342 0.339808 -0.12306 0.0756378 0 0
0 0 306 -0.0372635 0.604185 -0.332617 0.319458 0 0
0 0 307 -0.194517 -0.0114181 -0.0774783 0.599633 0 0
0 0 308 -0.0889837 0.565508 0.38435 -0.350626 0 0
0 0 309 -0.00569412 -0.685431 -0.418448 0.1069 0 0
0 0 310 -0.271076 -0.178165 0.225433 -0.201527 0 0
0 0 311 0.159516 -0.450276 -0.238419 0.110882 0 0
0 0 312 0.461828 0.0589981 -0.100385 0.0811379 0 0
0 0 313 0.145061 -0.313232 0.127543 -0.267795 0 0
0 0 314 0.502902 0.153068 0.289804 0.226492 0 0
0 0 315 -0.238596 -0.148072 0.0991518 0.320856 0 0
0 0 316 -0.0864289 0.190672 0.289761 0.0714615 0 0
0 0 317 0.370043 -0.0346348 0.138265 0.587808 0 0
0 0 318 -0.406549 0.559516 0.0112768 -0.65188 0 0
0 0 319 -0.0749432 0.0220145 0.0296807 -0.302352 0 0
0 0 320 -0.267331 -0.0948411 0.0406426 -0.148872 0 0
0 0 321 0.0793771 0.0811315 0.393349 -0.0949783 0 0
0 0 322 -0.120908 -0.42437 -0.470625 0.152543 0 0
0 0 323 -0.0835552 0.366461 -0.535056 0.334434 0 0
0 0 324 0.124182 -0.419049 -0.00377622 0.352518 0 0
0 0 325 -0.0297723 0.325069 -0.398975 -0.102832 0 0
0 0 326 -0.0485107 0.654609 0.35988 -0.170851 0 0
0 0 327 0.34083 0.133472 -0.347291 -0.226316 0 0
0 0 328 -0.110128 0.358748 0.182378 0.188655 0 0
0 0 329 0.00295895 0.147331 0.539219 0.0812142 0 0
0 0 330 0.665853 -0.459446 -0.034809 -0.185991 0 0
0 0 331 -0.349954 -0.188388 0.128658 0.0169642 0 0
0 0 332 -0.135741 0.325498 -0.643958 -0.205348 0 0
0 0 333 0.153422 0.696741 0.169253 -0.531856 0 0
0 0 334 0.0363471 0.20558 0.176868 -0.139197 0 0
0 0 335 0.0192405 -0.489378 0.594056 -0.091198 0 0
0 0 336 -0.478101 0.287976 0.3793 0.332971 0 0
0 0 337 0.144397 0.05023 -0.323848 -0.196533 0 0
0 0 338 0.0825669 -0.234671 0.155891 0.0576735 0 0
0 0 339 -0.408198 0.112616 -0.0865076 -0.0112895 0 0
0 0 340 -0.0392964 0.0957228 -0.148036 0.445028 0 0
0 0 341 0.381524 -0.370813 -0.172604 0.140188 0 0
0 0 342 0.28167 0.465942 0.0865709 -0.247886 0 0
0 0 343 -0.143578 0.361044 0.531326 -0.186526 0 0
0 0 344 -0.0986155 0.171496 -0.248095 0.279136 0 0
0 0 345 -0.0308563 0.00975858 -0.0537529 0.296165 0 0
0 0 346 0.356414 0.210222 -0.0911522 0.0247222 0 0
0 0 347 0.0928753 -0.385174 0.324838 0.349362 0 0
0 0 348 0.139356 0.48389 0.212813 0.0162343 0 0
0 0 349 -0.0285454 0.542708 -0.118071 -0.439961 0 0
0 0 350 -0.0232949 -0.0050352 0.121098 -0.345284 0 0
0 0 351 0.137973 -0.253527 -0.499793 -0.0720198 0 0
0 0 352 0.176668 -0.246075 0.0237745 0.423957 0 0
0 0 353 0.157299 -0.161941 0.484275 0.368819 0 0
0 0 354 0.103967 -0.46098 -0.11657 -0.131528 0 0
0 0 355 -0.448298 0.339292 0.231929 0.520942 0 0
0 0 356 0.0708732 0.145151 0.299347 -0.609793 0 0
0 0 357 -0.231587 0.24308 -0.0190707 -0.11154 0 0
0 0 358 0.0127344 0.0427131 -0.130841 -0.190256 0 0
0 0 359 0.52035 0.230062 -0.42852 0.22179 0 0
0 0 360 -0.81987 0.228487 0.231292 -0.386495 0 0
0 0 361 -0.559879 -0.384398 0.277948 -0.378509 0 0
0 0 362 0.103733 -0.339809 0.649319 0.258763 0 0
0 0 363 -0.466685 0.154632 0.0743191 -0.286444 0 0
0 0 364 -0.0931642 -0.0307436 0.293602 -0.26458 0 0
0 0 365 -0.189951 0.423134 -0.19588 0.229854 0 0
0 0 366 -0.00480587 0.240796 -0.395268 0.0220188 0 0
0 0 367 -0.248104 -0.113952 -0.462669 0.373666 0 0
0 0 368 -0.186312 -0.403482 -0.320465 -0.813671 0 0
0 0 369 -0.00993584 -0.2875 -0.283002 0.540062 0 0
0 0 370 -0.102992 0.244143 0.0988621 -0.342876 0 0
0 0 371 0.258616 0.153154 -0.506435 0.0287466 0 0
0 0 372 0.396568 -0.238691 0.576289 -0.42331 0 0
0 0 373 -0.538471 -0.485388 0.00906585 -0.0804719 0 0
0 0 374 0.431609 0.276581 -0.377497 0.235738 0 0
0 0 375 0.642351 -0.989375 0.130361 0.0986303 0 0
0 0 376 -0.311757 -0.329078 -0.220398 -0.117914 0 0
0 0 377 0.393431 -0.44493 0.184925 0.0418773 0 0
0 0 378 0.342696 -0.314187 0.957509 0.215258 0 0
0 0 379 -0.527977 -0.209186 -0.325937 0.351039 0 0
0 0 380 0.0992421 -0.225784 0.413319 -0.133162 0 0
0 0 381 0.173234 -0.0103394 -0.057707 0.399799 0 0
0 0 382 0.561268 0.357271 0.245795 -0.0214545 0 0
0 0 383 -0.224973 -0.108988 0.0195937 0.0417007 0 0
0 0 384 -0.591393 0.373235 -0.0574125 0.223719 0 0
0 0 385 0.0682853 -0.333277 0.726401 0.225428 0 0
0 0 386 0.487541 -0.599887 -0.19636 0.0887792 0 0
0 0 387 0.365605 -0.49919 0.224977 0.255171 0 0
0 0 388 -0.546293 -0.374043 -0.625402 -0.0939042 0 0
0 0 389 -0.603669 -0.031078 0.143559 0.131974 0 0
0 0 390 0.0224845 -0.17773 -0.0316431 0.102352 0 0
0 0 391 -0.0161375 0.0686045 -0.0644594 0.241985 0 0
0 0 392 0.0568546 0.0272409 0.0217264 -0.0418482 0 0
0 0 393 -0.297449 0.479201 0.168571 -0.18635 0 0
0 0 394 0.463535 -0.339504 -0.401654 0.180138 0 0
0 0 395 0.234211 0.287553 0.294459 -0.873367 0 0
0 0 396 0.0187952 0.277577 -0.552718 0.72467 0 0
0 0 397 0.246345 -0.395367 -0.428142 -0.331042 0 0
0 0 398 -0.0561129 -0.258043 -0.424225 -0.223575 0 0
0 0 399 -0.30924 0.0992007 -0.59064 0.308647 0 0
0 0 400 0.179619 0.0825697 0.0697463 -0.797383 0 0
0 0 401 -0.392877 0.692588 0.0624887 -0.0379711 0 0
0 0 402 -0.485987 0.396847 0.138492 0.068456 0 0
0 0 403 0.192707 -0.722243 0.111323 0.0929133 0 0
0 0 404 0.411001 -0.154092 0.290293 -0.389661 0 0
0 0 405 -0.23 -0.153262 -0.346666 0.0490668 0 0
0 0 406 0.350535 -0.281467 -0.164289 0.251032 0 0
0 0 407 -0.0523116 -0.496829 -0.0377726 0.0511257 0 0
0 0 408 -0.241626 0.48465 -0.159237 -0.0663947 0 0
0 0 409 -0.978557 0.272179 -0.275243 0.066339 0 0
0 0 410 -0.199607 0.0454729 -0.402833 0.132589 0 0
0 0 411 -0.199283 -0.267589 0.148567 -0.559978 0 0
0 0 412 0.332755 -0.456513 -0.413021 -0.175343 0 0
0 0 413 -0.0143994 -0.325887 -0.289224 0.271411 0 0
0 0 414 0.457755 0.172673 -0.324945 0.05718 0 0
0 0 415 -0.393545 0.20559 -0.425567 0.571685 0 0
0 0 416 0.112786 -0.691381 -0.157405 -0.346392 0 0
0 0 417 0.199253 -0.194639 -0.283099 -0.213033 0 0
0 0 418 -0.0620443 -0.0913061 0.203859 0.285176 0 0
0 0 419 -0.191552 -0.144109 -0.217033 -0.450583 0 0
0 0 420 -0.109228 0.00786265 -0.442203 0.352015 0 0
0 0 421 0.22822 -0.203413 0.803754 0.340758 0 0
0 0 422 -0.122572 -0.269226 0.149485 0.881995 0 0
0 0 423 0.450798 -0.155189 0.100405 0.0181479 0 0
0 0 424 0.607618 -0.329418 0.0548667 0.323733 0 0
0 0 425 0.000829179 -0.11093 -0.150564 -0.0925616 0 0
0 0 426 0.0386807 0.17311 0.191917 0.260198 0 0
0 0 427 0.470112 0.433809 -0.283897 0.227503 0 0
0 0 428 0.251851 -0.248924 0.160287 -0.52856 0 0
0 0 429 0.0962625 -0.816346 0.164347 -0.191818 0 0
0 0 430 -0.347535 0.0127659 0.0524361 -0.347303 0 0
0 0 431 0.0125353 0.191893 -0.250347 -0.0622489 0 0
0 0 432 -0.116943 0.176843 0.196174 -0.0630016 0 0
0 0 433 0.00652491 -0.154804 0.67111 -0.180569 0 0
0 0 434 -0.449945 0.0237413 0.172853 0.124081 0 0
0 0 435 0.337243 0.228189 -0.0706912 0.212139 0 0
0 0 436 -0.115318 -0.29359 -0.17575 0.117379 0 0
0 0 437 -0.0103724 -0.208826 0.0219222 0.5104 0 0
0 0 438 0.361844 -0.556702 0.560891 -0.0647712 0 0
0 0 439 -0.195719 0.336359 0.307964 -0.242574 0 0
0 0 440 0.243974 0.102752 -0.263505 0.0435861 0 0
0 0 441 0.203313 -0.188414 -0.405071 -0.60111 0 0
0 0 442 0.577137 -0.218903 0.372976 0.435887 0 0
0 0 443 -0.22067 -0.34514 0.36856 -0.296229 0 0
0 0 444 0.394452 0.753904 -0.101714 0.403941 0 0
0 0 445 0.184213 0.653082 0.238711 0.106976 0 0
0 0 446 -0.130134 1.26068 -0.624709 -0.094842 -13.18 6.37703
0 0 447 -0.082904 0.597633 0.311205 -0.601851 0 0
0 0 448 -0.1953 -0.359384 -0.496644 -0.377747 0 0
0 0 449 0.396449 -0.031079 -0.016398 0.564833 0 0
0 0 450 0.0364038 0.406185 -0.838153 -0.342161 0 0
0 0 451 0.331009 0.0696528 -0.523245 0.245522 0 0
0 0 452 -0.0670963 -0.205381 0.0605504 -0.309281 0 0
0 0 453 -0.660171 0.551148 -0.189191 0.185818 0 0
0 0 454 -0.102 0.210251 -0.15189 0.221959 0 0
0 0 455 0.276791 -0.230752 -0.19247 -0.363144 0 0
0 0 456 0.0885484 -0.211929 0.434456 0.0909414 0 0
0 0 457 0.55774 0.0197113 -0.378211 -0.510174 0 0
0 0 458 -0.496508 -0.619322 -0.368664 -0.516449 0 0
0 0 459 -0.488457 0.259508 -0.0448547 -0.00985734 0 0
0 0 460 0.151166 -0.117493 0.0566512 0.211024 0 0
0 0 461 -0.574353 -0.273082 0.52283 -0.181206 0 0
0 0 462 0.0436365 0.216887 -0.104087 0.404101 0 0
0 0 463 -0.0709046 -0.52962 0.132032 -0.770882 0 0
0 0 464 -0.00703967 -0.1874 0.16025 -0.0377141 0 0
0 0 465 0.120996 0.100561 -0.433693 0.307887 0 0
0 0 466 0.0226164 -0.531903 0.958284 0.66462 59.5164 8.79265
0 0 467 0.178458 -0.0439714 -0.155468 -0.406292 0 0
0 0 468 0.320634 0.14126 0.376845 -0.120175 0 0
0 0 469 -1.04521 0.473569 -0.317385 -0.158803 0 0
0 0 470 0.659562 -0.601799 0.215444 0.112018 0 0
0 0 471 0.131219 0.335721 -0.10928 0.352882 0 0
0 0 472 0.625319 -0.04427 -0.102059 -0.322647 0 0
0 0 473 -0.163052 0.395281 0.0301473 0.0279772 0 0
0 0 474 -0.432796 -0.339205 -0.413208 -0.245778 0 0
0 0 475 0.0647582 0.498294 -0.343195 -0.171462 0 0
0 0 476 0.239837 -0.557384 0.566519 0.44762 0 0
0 0 477 0.140619 0.310823 -0.404497 0.893291 0 0
0 0 478 -0.0583619 0.0275935 -0.285163 0.0354862 0 0
0 0 479 0.0542209 0.056364 0.146537 -0.469894 0 0
0 0 480 0.254343 0.490747 -0.043166 -0.0882848 0 0
0 0 481 -0.20902 0.21192 -0.0395401 -0.139512 0 0
0 0 482 0.507458 -0.498296 0.0416908 0.0224153 0 0
0 0 483 0.118684 -0.189768 -0.225345 0.0448388 0 0
0 0 484 1.06196 0.351109 0.0366605 -0.702136 0 0
0 0 485 0.0150802 -0.00873382 0.194256 -0.0875854 0 0
0 0 486 0.246032 -0.189608 0.0501045 -0.392907 0 0
0 0 487 0.421769 0.0436737 0.139137 0.33485 0 0
0 0 488 -0.0276652 -0.0966028 -0.00663253 0.0637251 0 0
0 0 489 -0.331853 -0.0493273 -0.292065 0.554061 0 0
0 0 490 -0.552767 0.305598 -0.781161 0.15399 0 0
0 0 491 0.73645 0.172019 -0.0732482 0.416019 0 0
0 0 492 0.220337 -0.122676 0.777418 0.0380226 0 0
0 0 493 -0.17056 -0.0987744 -0.256908 -0.11476 0 0
0 0 494 -0.186104 0.808792 0.288518 -0.196507 0 0
0 0 495 0.401664 -0.0882844 0.0129703 -0.421572 0 0
0 0 496 0.636786 -0.349912 -0.259068 0.540361 0 0
0 0 497 0.581902 -0.162488 -0.59166 0.421376 0 0
0 0 498 -0.19501 0.642412 -0.0862203 0.167277 0 0
0 0 499 0.00357014 -0.0745018 -0.0519174 -0.0123605 0 0
0 0 500 -0.247004 -0.181334 0.149913 -0.385787 0 0
0 0 501 0.267897 -0.255749 -0.385362 0.246966 0 0
0 0 502 0.514196 -0.085349 -0.109287 -0.108635 0 0
0 0 503 -0.142187 -0.136152 0.497586 -0.533082 0 0
0 0 504 0.606511 -0.0208796 -0.43767 -0.552393 0 0
0 0 505 0.175986 0.305983 0.442013 0.794447 0 0
0 0 506 0.0208557 -0.410066 -0.346878 0.134358 0 0
0 0 507 -0.0172254 0.0678592 0.214568 -0.015138 0 0
0 0 508 -0.176867 0.174425 0.172319 -0.128199 0 0
0 0 509 -0.132141 -0.0261456 -0.581835 -0.24317 0 0
0 0 510 0.518035 0.0138493 0.161562 -0.0497791 0 0
0 0 511 0.391923 -0.798542 0.0435494 -0.547564 0 0
0 0 512 0.402859 0.106763 0.240377 0.186583 0 0
0 0 513 -0.232488 0.171515 -0.826863 -0.37585 0 0
0 0 514 -0.207221 0.110921 -0.285571 -0.463297 0 0
0 0 515 0.357659 0.0441607 -0.710601 -0.323291 0 0
0 0 516 -0.0764573 -0.217004 -0.0497738 0.0761336 0 0
0 0 517 -0.0894791 -0.152211 -0.545319 0.213345 0 0
0 0 518 -0.179061 0.267501 -0.294537 0.281244 0 0
0 0 519 -0.0144899 0.166454 0.262583 -0.00557563 0 0
0 0 520 -0.345705 -0.38388 0.415411 0.538936 0 0
0 0 521 0.0280867 0.092067 -0.130712 0.199211 0 0
0 0 522 -0.603317 0.701306 0.583565 0.309486 0 0
0 0 523 -0.130525 0.298829 0.034909 0.45447 0 0
0 0 524 0.224959 -0.371757 0.305649 0.343221 0 0
0 0 525 0.329903 -0.144641 0.0527313 0.0889321 0 0
0 0 526 -0.0298405 0.0554708 0.206381 -0.159033 0 0
0 0 527 0.204825 -0.202236 0.078851 -0.204037 0 0
0 0 528 -0.385751 0.450344 -0.366289 -0.159286 0 0
0 0 529 -0.231288 -0.0705303 0.297473 0.670564 0 0
0 0 530 0.179393 0.0895524 -0.429597 0.609748 0 0
0 0 531 -0.185958 0.348545 0.154262 0.0825485 0 0
0 0 532 -0.335209 -0.409859 0.286322 0.294556 0 0
0 0 533 -0.109899 0.484043 -0.100688 0.490726 0 0
0 0 534 0.309118 -0.237182 0.586322 0.208601 0 0
0 0 535 0.14095 -0.241932 0.446039 0.478351 0 0
0 0 536 0.375755 0.369886 -0.266047 0.501124 0 0
0 0 537 -0.336732 -0.212047 0.0499414 0.327775 0 0
0 0 538 -0.347166 0.299445 0.357007 -0.00038717 0 0
0 0 539 -0.547944 -0.415862 -0.492157 0.0832537 0 0
0 0 540 0.129108 -0.160292 -0.190274 0.628778 0 0
0 0 541 0.163066 -0.0117965 0.296617 0.598026 0 0
0 0 542 0.0303429 0.287287 0.0921067 -0.184085 0 0
0 0 543 0.137845 0.0525963 -0.204603 -0.206143 0 0
0 0 544 -0.346729 0.604219 -0.27463 -0.40169 0 0
0 0 545 0.14045 0.527829 -0.12223 0.0565449 0 0
0 0 546 0.0597394 0.247149 0.253539 -0.291312 0 0
0 0 547 -0.191121 -0.430735 0.10494 -0.0915708 0 0
0 0 548 -0.115066 -0.0311365 -0.557148 -0.40893 0 0
0 0 549 0.0174176 0.551944 0.586366 -0.269184 0 0
0 0 550 0.0323387 -0.818791 -0.612713 -0.438349 0 0
0 0 551 0.505763 -0.00448695 -0.34297 0.0251993 0 0
0 0 552 0.549144 -0.676972 0.164761 -0.0733198 0 0
0 0 553 -0.0469758 -0.33457 -0.251972 -0.365371 0 0
0 0 554 0.262295 -0.263449 -0.373898 0.525458 0 0
0 0 555 0.0221083 0.689502 -0.27156 -0.551311 0 0
0 0 556 -0.0371745 0.0676021 -0.221377 0.0852177 0 0
0 0 557 -0.32425 0.279652 -0.322308 -0.232957 0 0
0 0 558 -0.261044 0.411204 -0.212634 0.227222 0 0
0 0 559 -0.130363 0.135749 -0.158908 -0.141368 0 0
0 0 560 -0.0280685 0.835387 0.368721 -0.422874 0 0
0 0 561 0.00882051 0.170381 0.191099 -0.0135722 0 0
0 0 562 0.444815 -0.0645456 -0.077125 0.226983 0 0
0 0 563 -0.0783025 0.0197315 0.424477 0.758252 0 0
0 0 564 0.258671 -0.581237 -0.0582432 -0.369846 0 0
0 0 565 0.356186 -0.752046 -0.043842 0.287466 0 0
0 0 566 -0.0904826 0.123316 -0.547362 0.10525 0 0
0 0 567 0.0739647 -0.600737 -0.114465 -0.217176 0 0
0 0 568 -0.720622 0.601077 -0.612142 -0.121432 0 0
0 0 569 -0.0272666 -0.124737 0.162337 -0.0865306 0 0
0 0 570 0.0337043 -0.555693 -0.195313 -0.144363 0 0
0 0 571 -0.585042 0.0597823 -0.183395 -0.33308 0 0
0 0 572 -0.726203 -0.13184 -0.0823359 0.231412 0 0
0 0 573 0.388481 -0.223297 0.259484 -0.012101 0 0
0 0 574 -0.15933 -0.320909 -0.0452899 0.325045 0 0
0 0 575 -0.84412 -0.182105 -0.194162 0.279385 0 0
0 0 576 -0.48282 -0.516748 0.293862 -0.101796 0 0
0 0 577 0.267392 -0.0657432 0.231966 -0.384313 0 0
0 0 578 -0.175594 0.319619 0.0410572 -0.319198 0 0
0 0 579 0.820634 0.302045 0.181071 0.118509 0 0
0 0 580 -0.430678 0.0203076 -0.101302 -0.0441322 0 0
0 0 581 0.180684 -0.0933001 0.414074 0.41451 0 0
0 0 582 -0.132582 -0.431164 0.371013 0.426992 0 0
0 0 583 0.181936 0.115367 0.0544655 0.00440021 0 0
0 0 584 0.0512584 0.458411 0.138805 -0.111046 0 0
0 0 585 0.162961 0.422687 -0.534075 -0.445851 0 0
0 0 586 -0.0704903 -0.538988 0.286136 0.238014 0 0
0 0 587 -0.193039 0.179412 0.0507034 0.608297 0 0
0 0 588 -0.181807 0.579804 0.325168 -0.179883 0 0
0 0 589 0.0900601 0.165098 -0.242799 -0.562549 0 0
0 0 590 0.0552172 0.305103 0.219504 -0.56545 0 0
0 0 591 0.533245 -0.476842 -0.617566 0.411227 0 0
0 0 592 0.326648 0.217493 0.224119 -0.456683 0 0
0 0 593 -0.0833667 -0.0989565 -0.246616 -0.188199 0 0
0 0 594 0.5786 0.120382 -0.267592 0.239222 0 0
0 0 595 -0.128956 0.40281 0.17393 0.490029 0 0
0 0 596 -0.912562 -0.168784 0.498837 -0.37011 0 0
0 0 597 0.120894 -0.182546 0.0297493 0.160403 0 0
0 0 598 0.109438 -0.141144 0.135101 0.143572 0 0
0 0 599 -0.125867 0.453617 -0.178643 0.620228 0 0
0 0 600 0.915351 -0.363012 -0.321892 -0.721551 0 0
0 0 601 0.0834461 -0.522309 0.142365 -0.311706 0 0
0 0 602 -0.0635629 0.338952 0.222071 0.125971 0 0
0 0 603 0.262089 -0.474012 0.052931 -0.24745 0 0
0 0 604 -0.462917 0.0581775 -0.559993 -0.0357741 0 0
0 0 605 -0.040635 0.104899 0.00326753 -0.746878 0 0
0 0 606 -0.336706 -0.417179 0.70382 -0.0952039 0 0
0 0 607 -0.218733 0.0505869 0.0820434 0.692883 0 0
0 0 608 0.0157716 -0.220448 -0.280409 -0.121659 0 0
0 0 609 -0.190969 -0.188035 0.178604 0.192572 0 0
0 0 610 0.266765 0.140252 -0.264419 -0.238159 0 0
0 0 611 0.0964049 0.200055 0.461961 -0.560745 0 0
0 0 612 -0.35098 0.0889781 -0.470438 0.515467 0 0
0 0 613 0.207695 -0.722946 -0.126871 -0.0582612 0 0
0 0 614 -0.106465 -0.398811 -0.0571108 -0.42155 0 0
0 0 615 -0.203948 0.930774 -0.224574 0.945012 0 0
0 0 616 -0.14213 0.341021 -0.084391 -0.173136 0 0
0 0 617 0.676753 -0.317951 -0.00436881 -0.631796 0 0
0 0 618 0.0380201 0.0312063 -0.630575 0.33404 0 0
0 0 619 0.0158069 -0.292062 -0.314921 0.188036 0 0
0 0 620 0.336474 0.0984065 0.556419 0.113058 0 0
0 0 621 0.62746 0.00745705 -0.150162 0.284358 0 0
0 0 622 -0.0555751 0.0796237 0.239437 -0.405196 0 0
0 0 623 0.234863 -0.0147191 -0.565374 -0.00869794 0 0
0 0 624 0.0933579 0.687475 0.261643 0.0204741 0 0
0 0 625 -0.205934 -0.425991 -0.505319 0.0802885 0 0
0 0 626 0.10947 -0.780921 0.427466 0.00965491 0 0
0 0 627 0.200314 -0.144824 -0.164542 -0.62359 0 0
0 0 628 -0.408577 0.149579 -0.20483 0.331414 0 0
0 0 629 0.0628592 0.25504 -0.181911 -0.143496 0 0
0 0 630 -0.719945 0.310185 0.0665931 0.410819 0 0
0 0 631 0.607238 -0.0116366 -0.175376 -0.232159 0 0
0 0 632 0.865628 0.281467 0.0177035 -0.0852265 0 0
0 0 633 0.151093 0.253562 -0.00528904 -0.295537 0 0
0 0 634 0.190918 0.284637 -0.125708 0.698512 0 0
0 0 635 -0.623257 0.116339 0.00490218 -0.467049 0 0
0 0 636 0.50043 -0.0747673 0.175573 -0.01496 0 0
0 0 637 0.130837 -0.347623 -0.0140049 -0.76673 0 0
0 0 638 -0.0758427 0.124837 0.0243305 0.0262067 0 0
0 0 639 0.018487 0.324446 -0.453378 0.0876039 0 0
0 0 640 0.163345 0.114402 0.650926 -0.419783 0 0
0 0 641 -0.0490031 -0.132445 0.070106 0.126761 0 0
0 0 642 -0.567719 0.0834217 -0.572253 -0.281991 0 0
0 0 643 0.211032 -0.446983 0.340017 -0.384011 0 0
0 0 644 -0.0670842 -0.140917 0.438736 -0.584525 0 0
0 0 645 0.463709 -0.10014 -0.0714423 0.508193 0 0
0 0 646 0.550609 -0.0677593 -0.0835825 0.372888 0 0
0 0 647 -0.0284112 -0.320093 0.565775 -0.288797 0 0
0 0 648 0.283992 -0.60306 -0.0206395 0.0344161 0 0
0 0 649 -0.216097 0.533584 -0.314129 0.0638275 0 0
0 0 650 0.0951812 -0.40155 0.272177 -0.323408 0 0
0 0 651 0.280787 0.0719378 -0.0975689 -0.354878 0 0
0 0 652 0.122924 -0.138292 -0.096374 -0.236747 0 0
0 0 653 0.285156 -0.0455923 -0.108128 0.0230159 0 0
0 0 654 0.311442 -0.301974 -0.0572346 0.0489037 0 0
0 0 655 -0.122732 0.538346 -0.115751 -0.0464099 0 0
0 0 656 -0.351333 -0.650517 -0.227205 0.357646 0 0
0 0 657 0.0740171 -0.421638 0.0309254 -0.2361 0 0
0 0 658 0.549919 0.428919 -0.446017 0.497751 0 0
0 0 659 0.0518887 -0.511444 0.0379662 -0.372884 0 0
0 0 660 -0.184335 -0.0302794 -0.319528 -0.361719 0 0
0 0 661 0.240299 0.233841 0.276028 -0.469033 0 0
0 0 662 -0.468359 -0.129478 -0.554857 0.0782297 0 0
0 0 663 -0.182508 0.426915 0.293842 -0.280092 0 0
0 0 664 0.0225127 -0.159046 0.339806 0.56023 0 0
0 0 665 0.316216 -0.126853 0.539082 0.537895 0 0
0 0 666 0.275701 0.649352 -0.22908 -0.304654 0 0
0 0 667 -0.146394 0.9253 -0.199503 -0.277892 0 0
0 0 668 -0.214887 -0.235118 -0.205188 -0.214814 0 0
0 0 669 -0.291061 -0.380182 -0.222342 0.616341 0 0
0 0 670 -0.0879176 -0.0298603 -0.282495 0.212749 0 0
0 0 671 -0.0381117 -0.193919 0.533649 -0.0121811 0 0
0 0 672 0.305984 -0.23034 0.189021 -0.240975 0 0
0 0 673 0.346771 0.264673 0.323321 0.089016 0 0
0 0 674 0.0455031 -0.255653 0.0596374 -0.11055 0 0
0 0 675 0.540745 -0.189517 -0.261351 -0.109033 0 0
0 0 676 -0.180654 0.348243 -0.35528 0.0392492 0 0
0 0 677 0.0625889 0.350958 0.347539 -0.185148 0 0
0 0 678 0.224788 0.0316705 0.104459 -0.526915 0 0
0 0 679 0.0716804 -0.243745 -0.246955 -0.0889058 0 0
0 0 680 0.0533287 0.0967743 0.0985083 0.082075 0 0
0 0 681 0.587245 -0.610907 0.420911 -0.136623 0 0
0 0 682 -0.873365 -0.0548232 0.0948759 -0.43592 0 0
0 0 683 0.108635 -0.662318 -0.194601 0.791745 0 0
0 0 684 -0.115423 0.123229 0.271069 0.333889 0 0
0 0 685 -0.360078 0.640047 -0.0571584 -0.347743 0 0
0 0 686 0.230652 0.10481 -0.0388813 0.2614 0 0
0 0 687 0.3224 -0.599633 -0.00324944 0.058318 0 0
0 0 688 0.0169697 0.129044 -0.651053 0.451794 0 0
0 0 689 -0.153841 -0.187832 0.0253726 -0.235746 0 0
0 0 690 0.46347 0.483773 -0.107445 -0.217263 0 0
0 0 691 0.28734 -0.468104 -0.00328247 0.0890389 0 0
0 0 692 0.263172 -0.231859 0.0881306 0.0428409 0 0
0 0 693 -0.238151 0.229007 0.292722 -0.0661469 0 0
0 0 694 -0.516228 0.123026 0.0838231 0.0360309 0 0
0 0 695 0.728252 -0.346852 0.378688 -0.855125 0 0
0 0 696 0.00982586 -0.143453 0.71385 0.153946 0 0
0 0 697 -0.615174 0.035602 -0.0180987 0.10623 0 0
0 0 698 0.0855607 -0.0101317 0.120943 -0.36179 0 0
0 0 699 -0.174313 0.515074 0.238566 -0.43943 0 0
0 0 700 0.074547 0.0101493 0.150454 -0.149788 0 0
0 0 701 0.27461 -0.296353 -0.128177 0.370836 0 0
0 0 702 -0.726943 0.720457 -0.369653 -0.516448 0 0
0 0 703 0.00528863 0.515489 0.278898 -0.06687 0 0
0 0 704 0.419773 0.233752 -0.621335 -0.317547 0 0
0 0 705 -0.256169 -0.392792 -0.698388 -0.607903 0 0
0 0 706 -0.395873 0.108771 0.373984 0.142498 0 0
0 0 707 0.183306 -0.446209 -0.622088 0.712258 0 0
0 0 708 -0.152228 0.366365 0.317446 -0.0315346 0 0
0 0 709 -0.243181 0.0847852 -0.442581 -0.215497 0 0
0 0 710 0.0249525 0.0693974 -0.0169532 -0.452367 0 0
0 0 711 -0.104624 0.363507 0.363095 -0.166514 0 0
0 0 712 0.238618 -0.510785 -0.250103 0.0643793 0 0
0 0 713 0.620189 -0.114521 0.116537 -0.366021 0 0
0 0 714 0.515793 -0.242542 -0.421329 -0.0588806 0 0
0 0 715 0.549618 -0.425747 -0.354207 -0.197225 0 0
0 0 716 -0.861905 -0.0139033 0.111332 -0.0386498 0 0
0 0 717 0.0687959 0.247328 0.174955 0.299075 0 0
0 0 718 0.353576 0.0264367 0.28854 0.826571 0 0
0 0 719 0.295885 -0.174672 0.849799 0.496466 0 0
0 0 720 0.0938688 -0.0224635 -0.350645 0.0437877 0 0
0 0 721 0.0566868 0.0885603 0.950659 0.150946 0 0
0 0 722 0.0965007 0.521689 -0.224779 -0.480651 0 0
0 0 723 0.255295 0.138232 0.589938 0.37243 0 0
0 0 724 -0.351994 -0.354249 -0.318363 0.375036 0 0
0 0 725 0.137638 0.199429 -0.68639 -0.25281 0 0
0 0 726 0.37994 0.208689 -0.132374 0.14936 0 0
0 0 727 -0.455865 0.0364399 -0.534253 0.0321169 0 0
0 0 728 0.308811 -0.0831657 0.302462 0.352825 0 0
0 0 729 -0.351718 -0.161235 -0.398063 -0.334738 0 0
0 0 730 -0.0130394 0.863513 0.295363 -0.359657 0 0
0 0 731 0.158455 0.0379764 -0.131541 0.262688 0 0
0 0 732 -0.749356 0.297854 0.218015 0.433885 0 0
0 0 733 -0.306721 0.0469546 -0.465017 -0.301923 0 0
0 0 734 -0.00561254 -0.314215 0.340944 0.0834257 0 0
0 0 735 0.143284 0.323615 0.0216026 -0.364176 0 0
0 0 736 0.599198 0.61463 0.244387 0.593377 0 0
0 0 737 0.572688 -0.242116 0.146463 -0.104294 0 0
0 0 738 -0.0633299 -0.0139339 -0.309657 0.196097 0 0
0 0 739 -0.324499 0.578069 0.453993 0.35654 0 0
0 0 740 -0.284222 -0.25815 0.0961011 -0.422502 0 0
0 0 741 0.670893 0.0375083 0.99595 0.460749 0 0
0 0 742 0.522528 0.120298 -0.562258 -0.358279 0 0
0 0 743 -0.276475 0.112985 0.0908601 -0.161016 0 0
0 0 744 -0.111154 0.0770169 -0.622387 0.0188119 0 0
0 0 745 0.498905 0.265736 -0.211866 0.299702 0 0
0 0 746 0.217979 0.287078 -0.131499 0.382737 0 0
0 0 747 0.0837564 -0.894137 0.126844 -0.0113854 0 0
0 0 748 -0.443365 0.0152924 0.329651 0.313965 0 0
0 0 749 0.0507421 -0.0999779 0.276218 0.0418262 0 0
0 0 750 0.495897 -0.0857059 0.12214 -0.00236038 0 0
0 0 751 -0.0426818 0.424471 0.112413 -0.314588 0 0
0 0 752 -0.342383 0.158346 0.768425 -0.460846 0 0
0 0 753 -0.311438 -0.560096 0.257419 0.0424158 0 0
0 0 754 -0.486184 -0.0121306 -0.588633 -0.347025 0 0
0 0 755 0.0564894 -0.217496 -0.174593 0.187477 0 0
0 0 756 -0.236661 0.0262748 0.362038 -0.162461 0 0
0 0 757 0.405729 -0.40457 0.288201 -0.0427948 0 0
0 0 758 -0.335729 0.466447 -0.5857 0.252812 0 0
0 0 759 0.0855484 0.522553 0.0674102 -0.396311 0 0
0 0 760 0.249335 -0.244818 0.300705 0.550338 0 0
0 0 761 -0.0679801 -0.149907 0.334919 0.391489 0 0
0 0 762 0.650994 0.314857 -0.230078 -0.0801825 0 0
0 0 763 0.0482186 0.00816794 -0.177895 -0.992161 0 0
0 0 764 -0.644821 0.122025 -0.000353083 -0.149669 0 0
0 0 765 -0.17226 -0.30464 0.268781 -0.393616 0 0
0 0 766 0.112117 0.165883 -0.275653 -0.536631 0 0
0 0 767 0.213005 0.0936187 -0.127716 0.298979 0 0
0 0 768 0.631865 0.25736 -0.186841 -0.155693 0 0
0 0 769 0.128726 0.0146341 0.34521 -0.697354 0 0
0 0 770 0.460692 0.415362 0.399684 -0.365353 0 0
0 0 771 -0.16902 -0.250313 -0.240188 -0.8477 0 0
0 0 772 0.38182 -0.254637 0.298989 0.0672755 0 0
0 0 773 0.370327 -0.684185 0.176699 -0.123976 0 0
0 0 774 -0.549049 -0.0674391 -0.227861 0.255657 0 0
0 0 775 0.611407 -0.00508657 0.0468903 -0.145116 0 0
0 0 776 -0.416088 -0.432159 0.712936 0.410434 0 0
0 0 777 0.581815 -0.797439 -0.0265335 0.427476 0 0
0 0 778 -0.32563 -0.163272 0.111701 0.122629 0 0
0 0 779 -0.336867 0.535535 0.395711 0.313905 0 0
0 0 780 -0.0974214 -0.36896 0.170448 -0.134417 0 0
0 0 781 0.406228 0.663134 0.00884177 0.321311 0 0
0 0 782 0.0666944 -0.122264 -0.191315 -0.255182 0 0
0 0 783 -0.0310316 -0.238726 -0.230362 0.272502 0 0
0 0 784 0.191592 -0.0501105 -0.451344 -0.12149 0 0
0 0 785 0.451828 0.569523 0.379664 -0.330608 0 0
0 0 786 0.662938 0.0384316 -0.189664 0.0307905 0 0
0 0 787 0.0543552 -0.492194 -0.200119 -0.153266 0 0
0 0 788 0.231804 0.305923 0.125334 -0.0164893 0 0
0 0 789 0.234115 -0.550726 -0.633414 -0.357204 0 0
0 0 790 0.108967 -0.307447 -0.612007 0.064255 0 0
0 0 791 0.116675 0.390871 0.311628 -0.24708 0 0
0 0 792 0.426765 -0.627105 0.509998 0.275289 0 0
0 0 793 0.19625 0.213977 0.120342 0.0392036 0 0
0 0 794 0.57247 -0.513274 -0.284827 -0.110087 0 0
0 0 795 0.170959 0.550221 0.461102 -0.0196148 0 0
0 0 796 0.271353 0.00594041 -0.279383 0.184082 0 0
0 0 797 0.649355 0.23462 -0.06135 -0.24331 0 0
0 0 798 -0.215169 0.872326 0.102556 -0.178258 0 0
0 0 799 0.348978 0.283358 -0.210404 -0.356556 0 0
0 0 800 0.347123 -0.0199625 0.457654 -0.067586 0 0
0 0 801 -0.209729 -0.011846 0.635048 -0.555571 0 0
0 0 802 -0.0998137 0.372562 0.0645737 0.466468 0 0
0 0 803 0.339634 0.478861 0.346421 0.405104 0 0
0 0 804 0.940354 0.397291 0.0327119 -0.164205 0 0
0 0 805 -0.0165087 0.424252 0.41992 -0.332156 0 0
0 0 806 -0.317031 -0.0580922 0.040092 -0.498541 0 0
0 0 807 0.286498 0.0292608 0.0588817 0.0676786 0 0
0 0 808 0.00046204 -0.432906 0.266086 -0.2603 0 0
0 0 809 0.251826 -0.163694 -0.431557 -0.192364 0 0
0 0 810 0.227612 -0.00407969 0.114757 -0.424481 0 0
0 0 811 0.0516442 0.0799882 0.173399 0.55821 0 0
0 0 812 0.36603 0.225446 -0.114493 -0.00298534 0 0
0 0 813 0.15349 0.145222 0.29995 0.488532 0 0
0 0 814 -0.0706177 0.15679 -0.250423 -0.194669 0 0
0 0 815 0.160207 -0.310102 -0.274135 0.368334 0 0
0 0 816 0.673409 -0.758165 0.380238 -0.344243 0 0
0 0 817 0.775943 -0.154438 -0.0814076 -0.231073 0 0
0 0 818 0.0431715 -0.114194 0.0279322 0.0397222 0 0
0 0 819 -0.0377949 -0.146097 -0.172731 -0.0565914 0 0
0 0 820 0.494144 0.249445 0.652089 -0.0995154 0 0
0 0 821 0.328143 0.383577 -0.175589 0.0400233 0 0
0 0 822 -0.1107 -0.0934639 -0.100418 0.0739972 0 0
0 0 823 -0.0921315 0.0261887 0.0168307 0.00697775 0 0
0 0 824 0.194204 -0.00676022 -0.0484141 0.26818 0 0
0 0 825 0.00371094 0.122854 0.337138 0.543011 0 0
0 0 826 -0.47039 -0.601812 0.260409 0.315895 0 0
0 0 827 -0.183237 -0.23794 0.21119 0.0703156 0 0
0 0 828 0.587586 -0.0346737 0.567827 0.164022 0 0
0 0 829 0.752547 0.0357264 -0.238219 -0.0485338 0 0
0 0 830 0.0951765 -0.0431762 -0.112019 0.461097 0 0
0 0 831 -0.00696173 0.379986 0.371205 -0.434134 0 0
0 0 832 0.204776 0.148865 0.0359787 -0.0983347 0 0
0 0 833 0.0553178 0.00534679 0.464412 0.125852 0 0
0 0 834 -0.303002 -0.530311 0.21429 0.454585 0 0
0 0 835 0.479895 0.425109 -0.0894233 -0.589589 0 0
0 0 836 0.774507 -0.11437 -0.0309749 -0.403265 0 0
0 0 837 1.12963 0.0224288 0.42349 0.207054 0 0
0 0 838 0.691663 0.325891 0.234076 -0.18006 0 0
0 0 839 1.25812 -0.118868 -0.210344 0.3073 0 0
0 0 840 0.733697 -0.36735 0.596805 -0.562273 0 0
0 0 841 0.641183 0.281095 -0.507941 0.0888664 0 0
0 0 842 1.25701 0.0226547 0.101822 0.704463 0 0
0 0 843 1.22289 0.245232 -0.358923 -0.247088 0 0
0 0 844 1.0546 -0.00351077 0.093524 0.630831 0 0
0 0 845 1.24204 -0.495554 -0.660499 -0.31573 0 0
0 0 846 1.49177 -0.152653 -0.462762 -0.146927 0 0
0 0 847 1.341 -0.0835204 -0.376893 -0.0280701 0 0
0 0 848 1.23497 0.27907 -0.296522 -0.36262 0 0
0 0 849 0.939351 0.360727 -0.64019 -0.655441 0 0
0 0 850 1.17851 0.132044 -0.170331 -0.0902335 0 0
0 0 851 1.73343 -0.533308 -0.437955 -0.0757601 0 0
0 0 852 2.04873 -0.412323 -0.483153 -0.466061 0 0
0 0 853 1.26438 -0.236734 -0.00382076 -0.125238 0 0
0 0 854 1.75379 -0.0925611 0.19045 -0.0172081 0 0
0 0 855 1.76241 -0.365513 0.49363 -0.170341 0 0
0 0 856 1.05586 0.270509 0.436315 -0.161607 0 0
0 0 857 1.47189 0.0677512 -0.0833074 -0.191603 0 0
0 0 858 1.23195 -0.157995 -0.311733 0.0896189 0 0
0 0 859 1.66347 -0.345103 -0.534568 -0.190469 0 0
0 0 860 1.52845 -0.0408801 -0.290405 -0.0382908 0 0
0 0 861 1.65762 0.215034 0.166582 0.236807 0 0
0 0 862 1.5086 -0.151353 -0.242112 -0.0923076 0 0
0 0 863 1.0781 -0.0348888 -0.194807 0.102546 0 0
0 0 864 1.29027 -0.628674 -0.113768 -0.451773 0 0
0 0 865 1.69496 -0.207858 0.218976 -0.0728718 0 0
0 0 866 0.905286 -0.466179 -0.027109 0.0129372 0 0
0 0 867 0.919924 0.109298 -0.195526 -0.382482 0 0
0 0 868 0.438871 0.327109 -0.478161 -0.398214 0 0
0 0 869 0.686905 0.621335 -0.387157 -0.415917 0 0
0 0 870 1.27534 0.294927 -0.879301 -0.0692091 0 0
0 0 871 0.930206 -0.466494 -0.544708 0.550332 0 0
0 0 872 1.20679 -0.212171 0.0177096 0.494211 0 0
0 0 873 1.05214 0.11161 -0.830596 -0.343671 0 0
0 0 874 1.55365 -0.25928 -0.197601 0.287464 0 0
0 0 875 0.964663 0.540925 -0.319877 0.265794 0 0
0 0 876 1.70021 0.0186457 -0.657934 -0.405675 0 0
0 0 877 0.496255 0.0534025 -0.62299 0.167852 0 0
0 0 878 1.06201 -0.192096 -0.380394 -0.154105 0 0
0 0 879 0.399274 0.437025 -0.553735 -0.478902 0 0
0 0 880 0.748402 -0.17295 -0.179683 0.0974352 0 0
0 0 881 0.999116 0.121934 -0.858808 0.232578 0 0
0 0 882 0.864833 -0.184677 -0.51578 -0.230873 0 0
0 0 883 1.27651 -0.530158 -0.846446 -0.366466 0 0
0 0 884 1.28332 -0.416625 -0.873528 0.63885 0 0
0 0 885 0.766725 0.292305 -0.845794 -0.554771 0 0
0 0 886 1.47329 0.606417 -0.755074 -0.00518201 0 0
0 0 887 0.919459 -0.50114 -1.09065 0.078384 -57.3391 8.08631
0 0 888 1.25429 0.0595571 -0.946935 -0.180386 0 0
0 0 889 1.11303 -0.395679 -0.878569 0.287348 0 0
0 0 890 1.8169 -0.0731913 -1.01171 0.555043 0 0
0 0 891 1.65528 -0.222642 -1.66784 -0.144213 -48.8018 5.87191
0 0 892 1.50444 0.62337 -1.42416 -0.462787 -33.1803 6.25296
0 0 893 1.9967 0.510131 -0.915114 -0.474119 0 0
0 0 894 1.5444 0.238475 -1.69402 -0.623583 -40.9934 5.77425
0 0 895 1.79976 0.462483 -1.03911 0.0475949 -33.0036 8.54228
0 0 896 1.84764 0.372954 -1.38258 0.0264772 -37.4518 6.86076
0 0 897 2.37626 -0.529358 -1.10066 -0.235499 -57.8425 7.93435
0 0 898 2.33017 0.516025 -1.3166 0.164464 -34.2989 6.89612
0 0 899 2.58549 0.0448858 -1.0433 -0.775986 0 0
0 0 900 1.707 -0.308453 -1.73131 -0.82572 -50.051 5.61004
0 0 901 2.39877 0.470504 -1.1068 -0.582221 -33.4847 8.09012
0 0 902 1.49596 -0.34931 -1.02631 -0.513127 0 0
0 0 903 2.15113 -0.302879 -1.26299 -0.752852 -51.7428 7.57587
0 0 904 0.81996 0.112033 -1.70846 -0.507925 -43.1241 5.77927
0 0 905 1.81093 -0.108304 -1.36268 -1.10423 -47.2721 7.23688
0 0 906 2.1496 -0.192976 -0.957568 0.206112 0 0
0 0 907 1.32692 -0.35901 -0.988454 -0.239636 0 0
0 0 908 2.00415 -0.785761 -0.476431 -0.156522 0 0
0 0 909 1.93155 0.804417 -0.214409 -0.0330979 0 0
0 0 910 1.82792 -0.263947 -0.267763 -0.439203 0 0
0 0 911 2.27878 -0.599774 -0.569802 -0.51689 0 0
0 0 912 2.30633 0.694644 -0.175658 -0.662177 0 0
0 0 913 2.07846 -0.221497 -0.027565 0.0769257 0 0
0 0 914 1.93842 -0.246698 -0.572812 -0.291551 0 0
0 0 915 2.93997 -0.338387 -0.344311 -0.62761 0 0
0 0 916 2.67785 -0.158478 -0.734778 -0.505904 0 0
0 0 917 3.17883 0.173894 0.190814 -0.425225 0 0
0 0 918 4.25448 -0.493143 0.77202 -0.187075 0 0
0 0 919 5.09711 -0.336494 0.881916 0.447256 0 0
0 0 920 5.54881 0.1282 0.350772 0.0915034 0 0
0 0 921 6.14473 -0.527879 0.611995 -0.0871668 0 0
0 0 922 7.3658 -1.0623 1.27815 -0.360211 64.8653 5.67945
0 0 923 7.95688 -0.634248 1.95765 0.405436 53.9757 4.75958
0 0 924 9.45587 -1.09339 1.63855 0.0382569 61.8573 4.85029
0 0 925 10.3802 -0.978853 2.67405 -0.623775 55.0528 3.4305
0 0 926 12.001 -1.02617 4.00885 -0.0576574 52.179 2.37588
0 0 927 12.4119 -0.797558 4.15005 0.0993717 50.4393 2.33324
0 0 928 14.2826 -1.76017 4.45327 0.62264 55.7833 2.03606
0 0 929 13.8408 -1.3882 4.87516 0.650101 52.9472 1.93662
0 0 930 14.3148 -1.67788 4.80362 0.946448 54.627 1.92191
0 0 931 13.966 -1.4287 4.36391 1.20399 54.064 2.13257
0 0 932 13.1449 -1.31726 4.0758 1.18656 53.9552 2.28672
0 0 933 13.1551 -1.58929 3.89382 1.399 56.1016 2.31618
0 0 934 12.4856 -1.12749 4.18474 1.04377 52.5395 2.26692
0 0 935 11.9091 -1.6387 4.27382 1.05579 55.4891 2.13174
0 0 936 11.5787 -1.50646 3.4276 1.29185 56.863 2.59604
0 0 937 11.4516 -0.949226 3.09939 1.23533 53.5139 3.02476
0 0 938 10.5914 -0.344589 2.6722 0.781959 48.674 3.66753
0 0 939 9.66088 -0.993985 1.91227 0.73734 58.7326 4.48343
0 0 940 9.10911 -0.490151 1.74578 0.12579 52.8414 5.41491
0 0 941 8.12891 -0.504738 1.9313 0.820364 52.3232 4.9239
0 0 942 8.37523 -0.114253 1.05749 0.940845 0 0
0 0 943 7.99737 0.238446 1.12423 1.00186 39.0126 8.5727
0 0 944 7.18758 -0.718189 1.64088 0.709946 56.8191 5.42717
0 0 945 6.82613 -0.0130699 1.32968 0.3053 45.2816 7.44465
0 0 946 7.00085 -0.751578 0.487216 0.614925 0 0
0 0 947 6.36693 -0.754101 1.19922 0.0409409 61.0814 6.76441
0 0 948 5.77367 -0.0656595 1.18575 0.825636 46.5847 8.33313
0 0 949 5.24582 0.552474 0.699341 0.159601 0 0
0 0 950 5.99105 -0.331832 0.65354 0.250398 0 0
0 0 951 5.30687 -0.331007 0.517227 0.314913 0 0
0 0 952 5.4741 -0.730304 0.503248 -0.54707 0 0
0 0 953 5.85452 -0.176178 0.430037 0.313203 0 0
0 0 954 4.40856 -0.0115278 0.457609 0.369418 0 0
0 0 955 5.38442 -0.219925 0.0511311 0.652603 0 0
0 0 956 4.68706 -0.149855 0.418521 -0.642794 0 0
0 0 957 4.74979 0.447936 0.356458 -0.25059 0 0
0 0 958 3.93395 -0.276592 0.569482 0.0494543 0 0
0 0 959 3.50428 -0.723197 0.249491 0.0955908 0 0
0 0 960 4.28552 -0.505802 0.135883 0.214681 0 0
0 0 961 3.61393 -0.120381 0.17751 -0.31404 0 0
0 0 962 3.31821 -0.173424 -0.150903 -0.00909905 0 0
0 0 963 3.68284 -0.721492 0.2077 -0.793081 0 0
0 0 964 3.61781 -0.113854 0.741562 -0.471301 0 0
0 0 965 2.30154 -0.495988 0.396969 -0.480754 0 0
0 0 966 2.51758 -0.0256122 0.0240705 0.409304 0 0
0 0 967 2.37923 -0.391315 -0.0459028 -0.0967638 0 0
0 0 968 2.06724 -0.20847 0.036916 -0.475883 0 0
0 0 969 2.22843 -0.560829 -0.432448 -0.0413458 0 0
0 0 970 1.7487 -0.416342 -0.249878 -0.120057 0 0
0 0 971 1.74002 -0.486902 -0.550846 -0.401748 0 0
0 0 972 1.42311 -0.313258 0.0431074 -0.278067 0 0
0 0 973 1.71578 -0.178659 0.0419615 -0.485889 0 0
0 0 974 2.33797 -0.229589 0.274643 -0.406465 0 0
0 0 975 1.14284 0.213602 -0.167725 -0.041205 0 0
0 0 976 1.53635 -0.656909 0.0257291 -0.243927 0 0
0 0 977 1.0621 -0.324942 0.0899196 -0.225058 0 0
0 0 978 0.880578 0.0483755 -0.0568627 0.174145 0 0
0 0 979 1.18082 -0.262784 0.09683 -0.0264458 0 0
0 0 980 1.92871 -0.401214 0.0783134 -0.412266 0 0
0 0 981 0.831831 -0.56012 -0.109974 -0.588758 0 0
0 0 982 0.993106 -0.481354 -0.16365 -0.665894 0 0
0 0 983 1.30523 0.0145432 0.604628 0.1223 0 0
0 0 984 0.820307 0.279077 0.0914422 -0.137043 0 0
0 0 985 0.924986 -0.327384 0.589884 -0.0656688 0 0
0 0 986 0.604214 -0.680497 -0.262938 0.646477 0 0
0 0 987 1.02548 -0.529871 0.0556921 0.000835817 0 0
0 0 988 0.560963 -0.446874 -0.474253 -0.168587 0 0
0 0 989 0.937065 -0.329694 0.206641 -0.406113 0 0
0 0 990 1.15027 -0.13782 -0.167151 0.166352 0 0
0 0 991 0.910657 -0.535544 -0.0670039 0.216184 0 0
0 0 992 0.423048 0.0543688 -0.141232 -0.0352809 0 0
0 0 993 1.05008 -0.4747 0.523596 -0.260867 0 0
0 0 994 0.74284 -0.785365 -0.078753 -0.420093 0 0
0 0 995 0.471136 0.247282 -0.255608 0.133693 0 0
0 0 996 -0.246314 -0.277404 -0.153834 -0.245496 0 0
0 0 997 0.478483 -0.350045 0.0115179 0.53833 0 0
0 0 998 0.189217 0.493295 0.47372 -0.260728 0 0
0 0 999 -0.233387 0.169785 0.22668 -0.191429 0 0
0 0 1000 0.361021 -0.173734 0.318289 -1.10297 0 0
0 0 1001 0.290442 -0.114648 -0.107778 -0.350647 0 0
0 0 1002 0.183445 -0.0320467 -0.16911 -0.0151688 0 0
0 0 1003 0.141123 -0.265175 -0.359796 -0.211511 0 0
0 0 1004 0.338097 -0.413592 -0.270363 0.278254 0 0
0 0 1005 0.618531 -0.259039 -0.126368 -0.329814 0 0
0 0 1006 0.136902 0.26188 -0.0111477 0.0947549 0 0
0 0 1007 0.0843883 -0.272302 0.133161 -0.391835 0 0
0 0 1008 -0.0810688 -0.205229 -0.434161 0.59203 0 0
0 0 1009 0.289235 -0.114893 0.315291 0.264095 0 0
0 0 1010 0.238058 0.535689 -0.0233455 0.434722 0 0
0 0 1011 0.106903 -0.0600786 -0.0700462 -0.200106 0 0
0 0 1012 0.441207 0.253873 -0.0630894 -0.125256 0 0
0 0 1013 0.739734 0.10041 0.345972 0.60721 0 0
0 0 1014 -0.0627611 0.461813 0.229524 -0.390001 0 0
0 0 1015 0.0563955 0.188892 -0.548845 0.673695 0 0
0 0 1016 0.0935743 -0.537372 -0.480981 -0.577672 0 0
0 0 1017 0.0198403 0.0742516 0.0276713 -0.190862 0 0
0 0 1018 0.431133 -0.562819 -0.00410469 -0.130313 0 0
0 0 1019 0.0518807 0.815723 -0.122342 -0.0363626 0 0
0 0 1020 0.21801 0.599541 0.386011 0.133349 0 0
0 0 1021 0.844274 -0.268424 -0.290341 0.129907 0 0
0 0 1022 0.332535 -0.193914 0.309088 0.296728 0 0
0 0 1023 0.180375 0.386379 0.0796853 -0.61343 0 0
