# File: uwl_190102_230354_b4.rf.sbH2.RMC_aux Src: J1713+0747 Nsub: 1 Nch: 1 Npol: 4 Nbin: 1024 RMS: 0.535915
0 0 0 0.115545 0.158178 0.000210687 0.774747 0 0
0 0 1 -0.50577 0.240258 -0.250656 0.633346 0 0
0 0 2 0.38725 -0.250589 1.01091 0.0580495 0 0
0 0 3 -0.811751 -0.108036 -0.474267 -1.08621 0 0
0 0 4 -0.0166191 1.39953 0.382736 0.0362251 0 0
0 0 5 0.134822 -0.512914 -0.659572 -0.235589 0 0
0 0 6 -0.662961 -0.00090757 -0.282747 0.0322615 0 0
0 0 7 0.000511542 -0.3244 -0.118984 -0.0644334 0 0
0 0 8 -0.505681 -0.435495 -1.64012 0.65071 0 0
0 0 9 0.603043 -0.730319 -0.90029 0.000976048 0 0
0 0 10 0.851617 -0.198203 -0.338695 -0.236897 0 0
0 0 11 0.681759 -1.41619 0.354468 0.121262 0 0
0 0 12 0.401313 -0.993505 0.520441 -0.743927 0 0
0 0 13 -0.215855 0.497252 0.216588 -0.673587 0 0
0 0 14 0.159946 -0.111269 0.391657 -0.378005 0 0
0 0 15 -0.360638 -0.0729587 -0.220912 0.40808 0 0
0 0 16 -0.133307 0.85825 0.102255 0.305203 0 0
0 0 17 -0.0905533 0.271902 -0.102676 0.16077 0 0
0 0 18 -0.666693 0.0904312 -0.121695 0.829653 0 0
0 0 19 1.1523 -0.587705 -0.932145 0.341175 0 0
0 0 20 0.191804 -0.419612 0.00835443 -0.0920452 0 0
0 0 21 -0.277207 0.316138 0.12919 0.512638 0 0
0 0 22 0.410064 0.0766677 -0.0859873 -0.383875 0 0
0 0 23 -0.232663 -0.0947031 -1.01101 -0.228149 0 0
0 0 24 -0.770945 -0.870334 -0.00235925 1.42155 0 0
0 0 25 0.725907 -0.377132 0.996192 -0.150058 0 0
0 0 26 -0.192432 -0.271828 -0.0881409 0.900994 0 0
0 0 27 -0.660985 -0.740153 0.412474 -0.491856 0 0
0 0 28 0.194321 0.12837 0.224099 -0.488828 0 0
0 0 29 0.26108 -0.16766 0.369672 0.380704 0 0
0 0 30 0.413312 -0.843521 -0.973637 -0.549233 0 0
0 0 31 0.482535 -0.447304 0.311412 -0.122263 0 0
0 0 32 -0.228206 0.469787 -0.399305 -0.843023 0 0
0 0 33 0.370678 -0.0712868 -0.572745 0.946735 0 0
0 0 34 1.16481 -0.364296 -0.19722 -0.720301 0 0
0 0 35 0.19393 0.0761153 -0.0932984 -0.341952 0 0
0 0 36 -0.413454 0.106474 -0.612047 -0.0873726 0 0
0 0 37 0.0468314 0.919211 0.597615 -1.16447 0 0
0 0 38 -0.824192 -0.143268 0.795259 -0.648825 0 0
0 0 39 0.189885 -0.141753 -0.254435 -1.05747 0 0
0 0 40 -0.903374 -1.01075 -0.353074 0.412911 0 0
0 0 41 0.720173 0.146615 0.0846735 -0.0498372 0 0
0 0 42 0.722194 0.927579 1.49123 -0.597727 29.0588 8.48133
0 0 43 0.295807 0.0184121 0.324769 -0.283372 0 0
0 0 44 0.24451 -0.0186481 0.600071 0.428898 0 0
0 0 45 0.896495 -0.000313401 0.405092 -0.767332 0 0
0 0 46 -0.407679 -0.197198 0.471109 -0.285126 0 0
0 0 47 -0.570088 -0.435739 0.642531 -0.138774 0 0
0 0 48 0.344577 1.01818 -0.20483 0.180634 0 0
0 0 49 -0.573301 0.775599 -0.607385 0.645549 0 0
0 0 50 0.833159 -0.0384689 0.178505 0.930204 0 0
0 0 51 0.248695 -0.201341 -0.0667647 -0.104404 0 0
0 0 52 -0.654121 -0.389314 -0.874516 -0.295501 0 0
0 0 53 0.145534 -0.206198 -0.226385 0.0674519 0 0
0 0 54 0.0857668 -0.0668125 -0.0746986 0.0663378 0 0
0 0 55 0.0589667 -0.766816 0.237079 -0.123377 0 0
0 0 56 -0.295061 -0.267006 -0.232192 0.793031 0 0
0 0 57 -0.098363 -1.19288 -0.0364215 0.135109 0 0
0 0 58 -0.471962 0.590917 0.442424 -1.11938 0 0
0 0 59 0.401437 -1.04941 0.343195 0.833589 0 0
0 0 60 -0.395571 0.201976 -1.05983 -0.18222 0 0
0 0 61 0.83587 0.0425192 0.506179 0.524323 0 0
0 0 62 -0.836917 0.281676 -0.889116 -0.935443 0 0
0 0 63 0.529157 -0.0985905 0.535252 0.301401 0 0
0 0 64 0.330985 -0.229803 0.66755 0.991282 0 0
0 0 65 -0.501449 1.17174 -0.68905 0.380227 0 0
0 0 66 0.660144 -0.0431965 0.573343 -0.443326 0 0
0 0 67 0.691899 0.279336 0.652111 -0.0532956 0 0
0 0 68 0.491123 0.00792392 -0.516552 0.956134 0 0
0 0 69 0.768634 0.12125 0.125875 0.0383734 0 0
0 0 70 -1.05516 -0.255273 0.405287 0.358462 0 0
0 0 71 0.0505521 1.02255 1.04953 0.452824 0 0
0 0 72 0.816933 -0.141762 0.445903 -0.552948 0 0
0 0 73 -0.575533 -0.194554 -0.273033 -0.133036 0 0
0 0 74 -0.406789 -0.772421 0.750698 -0.345832 0 0
0 0 75 0.930586 -0.983427 0.402599 -0.0180106 0 0
0 0 76 0.00516918 0.884676 -0.19028 0.321647 0 0
0 0 77 0.718159 -0.254178 0.0248527 -0.14002 0 0
0 0 78 -0.019911 -0.530824 -0.351736 -0.713435 0 0
0 0 79 -0.139092 0.0857092 -0.922657 0.904827 0 0
0 0 80 -0.357081 0.234298 -0.547865 0.0603879 0 0
0 0 81 -0.21267 -0.257243 0.405095 -0.243926 0 0
0 0 82 -0.385737 0.359619 -0.314101 -0.0079126 0 0
0 0 83 -0.152145 0.498069 0.132755 0.264179 0 0
0 0 84 0.243855 0.269586 -0.148171 -0.818118 0 0
0 0 85 0.466208 0.76361 -0.217179 -0.226245 0 0
0 0 86 0.556215 -1.28158 -0.543809 -1.17107 0 0
0 0 87 -0.314559 -0.0844662 0.919048 0.981157 0 0
0 0 88 0.337 0.326412 0.736605 -0.223843 0 0
0 0 89 -0.0289295 0.279752 -0.703208 -1.0592 0 0
0 0 90 0.284107 0.534834 0.29245 0.198654 0 0
0 0 91 0.162077 0.900963 0.712528 0.256946 0 0
0 0 92 0.234448 0.123461 0.625409 -0.190627 0 0
0 0 93 -0.2249 -0.182928 -1.18395 -0.235386 0 0
0 0 94 -0.05847 -0.368285 0.913343 -0.696423 0 0
0 0 95 0.549228 -0.386403 -0.468685 0.679272 0 0
0 0 96 -0.605399 0.152273 -0.240408 -0.803004 0 0
0 0 97 0.600062 -0.52418 -1.04695 1.20955 0 0
0 0 98 0.122339 -0.12188 0.44996 -0.0570997 0 0
0 0 99 -1.25521 -0.126562 -0.0988304 0.234024 0 0
0 0 100 0.0321585 -0.487985 -0.631022 0.454822 0 0
0 0 101 0.296551 0.0156214 0.018699 0.114465 0 0
0 0 102 0.156167 0.294091 -0.0536077 -0.402655 0 0
0 0 103 0.978429 0.391497 0.160095 -0.0624708 0 0
0 0 104 -0.140831 0.255459 -0.226431 -0.881238 0 0
0 0 105 -0.0151651 -0.165641 -0.110968 0.313547 0 0
0 0 106 -0.326777 -0.77104 0.335589 0.102224 0 0
0 0 107 0.205272 -0.522411 -0.512722 0.253729 0 0
0 0 108 0.689979 -0.627556 -0.416908 -0.772057 0 0
0 0 109 0.750941 0.273771 -0.92621 0.498166 0 0
0 0 110 -0.156141 -0.579069 0.030051 -0.633671 0 0
0 0 111 0.0156281 -0.969543 0.351176 0.136864 0 0
0 0 112 0.147315 0.325852 -0.511474 -0.215325 0 0
0 0 113 -0.906842 0.136229 0.916971 0.020065 0 0
0 0 114 -0.108823 -0.975409 0.750625 1.27619 0 0
0 0 115 0.759267 0.700126 0.965017 0.561699 0 0
0 0 116 -0.776213 0.00914842 0.67628 0.0762304 0 0
0 0 117 0.316456 0.168779 0.36688 -0.279222 0 0
0 0 118 1.23411 -0.177875 -0.508205 0.422656 0 0
0 0 119 0.28365 -0.834323 0.106628 0.467932 0 0
0 0 120 0.483482 -0.539496 0.7494 -0.454676 0 0
0 0 121 -0.978924 0.471777 -0.556385 -0.55779 0 0
0 0 122 -0.489547 0.666168 1.11798 -0.518164 0 0
0 0 123 -0.823615 0.204816 0.720273 -0.0123713 0 0
0 0 124 -0.954379 -0.872324 -0.614317 0.569516 0 0
0 0 125 0.244402 0.619082 0.230261 0.666023 0 0
0 0 126 0.285724 -0.0365758 0.459181 0.10211 0 0
0 0 127 0.0221862 0.591035 -0.572771 0.319344 0 0
0 0 128 0.176873 -0.149682 -0.104398 -0.0849775 0 0
0 0 129 1.4858 -0.515023 -0.711609 0.633357 0 0
0 0 130 0.148454 -0.19265 0.129374 0.456557 0 0
0 0 131 -0.523931 0.530681 -0.395726 0.454525 0 0
0 0 132 0.797061 -0.738068 -0.255782 0.635935 0 0
0 0 133 0.808138 0.308022 0.696485 0.96177 0 0
0 0 134 -0.606145 0.304437 -0.129056 0.427922 0 0
0 0 135 -0.169763 0.307407 -0.364147 0.912053 0 0
0 0 136 -0.832764 -0.959574 0.0409077 -0.463132 0 0
0 0 137 -0.683055 -0.502444 -0.796191 -0.426647 0 0
0 0 138 -0.498176 0.202569 -0.0709459 0.200261 0 0
0 0 139 -0.321178 0.548898 -0.340104 -0.222033 0 0
0 0 140 0.33794 1.04683 0.0516494 0.0574338 0 0
0 0 141 0.150578 0.224431 -0.270503 0.182441 0 0
0 0 142 0.729012 0.184655 -0.101547 0.0504069 0 0
0 0 143 0.0761 -0.233671 -0.0213488 -0.37643 0 0
0 0 144 0.0519978 -0.221102 0.596383 0.291348 0 0
0 0 145 0.0323543 -0.317416 -0.475611 0.895356 0 0
0 0 146 -0.483417 -0.25381 0.886783 -0.0499028 0 0
0 0 147 0.194701 -1.0504 0.141728 0.32143 0 0
0 0 148 0.497106 0.214456 0.716009 -0.254417 0 0
0 0 149 -0.978901 -0.319371 0.784741 0.251922 0 0
0 0 150 -1.17321 -0.200663 -0.079042 -0.336521 0 0
0 0 151 0.831024 0.514671 0.153147 0.0473997 0 0
0 0 152 -0.179169 -0.662736 -0.815739 0.255856 0 0
0 0 153 -0.159796 -0.367061 0.687018 0.110118 0 0
0 0 154 -0.369544 -0.490684 -0.0115439 0.134754 0 0
0 0 155 1.00016 -0.786569 0.860502 -0.254309 0 0
0 0 156 -0.356614 0.537688 -0.499795 -0.276449 0 0
0 0 157 -0.00105694 0.923527 -0.162314 0.0218573 0 0
0 0 158 0.270003 0.287367 -0.132902 -0.360474 0 0
0 0 159 0.606657 -0.193197 0.260263 0.416508 0 0
0 0 160 -0.53892 0.656117 -0.833786 -1.05984 0 0
0 0 161 -0.0352542 0.0252169 -0.569486 -0.0514862 0 0
0 0 162 0.475774 -0.306547 -0.5063 -0.162974 0 0
0 0 163 0.0811296 -0.570637 -0.106859 0.216251 0 0
0 0 164 0.758764 0.682581 0.491846 0.354398 0 0
0 0 165 0.341571 1.16183 0.0086163 -0.02931 0 0
0 0 166 0.0603541 0.492987 0.848576 0.439293 0 0
0 0 167 0.71079 0.513292 0.347133 -0.544757 0 0
0 0 168 0.755976 -0.260466 -0.855588 -0.310936 0 0
0 0 169 -0.813624 0.163365 0.347824 -1.07722 0 0
0 0 170 0.660448 -0.930001 -0.0560909 -0.276928 0 0
0 0 171 -0.484155 -0.43124 -0.0507582 0.00862128 0 0
0 0 172 -0.250546 -0.0740796 -0.125063 -0.395336 0 0
0 0 173 0.138323 0.288498 -0.205259 -0.732151 0 0
0 0 174 0.0674592 -0.273046 -0.173674 -0.216153 0 0
0 0 175 1.06567 0.560377 0.574032 1.1975 0 0
0 0 176 0.671732 -0.480269 -0.0212963 0.233619 0 0
0 0 177 0.401642 0.0267048 0.216854 1.04655 0 0
0 0 178 0.0371418 0.167266 -0.168315 0.35075 0 0
0 0 179 0.291952 0.23495 0.255525 0.717945 0 0
0 0 180 0.202125 0.591597 0.98596 -1.0435 0 0
0 0 181 -0.251998 0.200708 0.568711 0.869734 0 0
0 0 182 -0.231962 0.131061 -0.026064 -0.335727 0 0
0 0 183 0.529112 0.131497 0.179061 -0.359988 0 0
0 0 184 0.455559 -0.608667 -0.835359 -0.205457 0 0
0 0 185 0.295238 -0.178899 -0.0687804 -0.41492 0 0
0 0 186 -0.545138 0.148866 -0.124068 0.431598 0 0
0 0 187 -0.57633 0.0311517 0.189183 0.840593 0 0
0 0 188 0.793443 -0.705549 -0.162089 -0.0930743 0 0
0 0 189 -0.467067 -0.400695 -0.0601084 0.288989 0 0
0 0 190 0.537527 0.239213 -0.379071 0.463672 0 0
0 0 191 -0.0400802 -0.412148 0.473176 0.207308 0 0
0 0 192 -1.12704 0.429995 -0.101093 -0.363889 0 0
0 0 193 -0.459361 0.630278 0.245093 0.147095 0 0
0 0 194 0.13547 -0.768934 1.02646 0.56354 0 0
0 0 195 -0.389864 -1.12086 -0.411371 -0.615915 0 0
0 0 196 0.0466585 -0.668231 -0.250019 -0.0804546 0 0
0 0 197 -0.228747 -0.416589 -1.16369 0.0297185 0 0
0 0 198 -0.511158 0.832357 -1.04016 -0.149834 0 0
0 0 199 0.368115 -0.287226 0.616194 -0.663452 0 0
0 0 200 0.486736 0.0886837 -0.0570282 0.255095 0 0
0 0 201 0.442978 -0.346332 -0.765152 -0.707394 0 0
0 0 202 -0.486082 0.194653 -0.401245 0.827019 0 0
0 0 203 -0.404758 -0.207041 0.110995 0.0963095 0 0
0 0 204 0.524249 0.55401 -0.0408826 0.230333 0 0
0 0 205 0.824896 -0.763089 -0.194788 0.194184 0 0
0 0 206 0.800946 -0.540284 0.205958 0.781322 0 0
0 0 207 0.525599 -0.3523 0.105609 -0.725138 0 0
0 0 208 0.135857 -0.330947 0.861931 -0.200959 0 0
0 0 209 0.906836 0.14797 -0.427276 0.200541 0 0
0 0 210 -0.00459748 0.213731 -0.149605 0.239396 0 0
0 0 211 -1.43301 -0.181698 -0.208662 -0.369141 0 0
0 0 212 -0.183302 -1.39874 -0.389733 -0.303797 0 0
0 0 213 0.857164 0.428925 -0.0328578 0.615367 0 0
0 0 214 0.644481 0.131453 0.547055 -0.00210053 0 0
0 0 215 -0.530949 0.0414761 -0.285571 0.572653 0 0
0 0 216 0.784561 0.469936 0.30627 0.349903 0 0
0 0 217 0.109534 -0.504862 0.751387 0.868928 0 0
0 0 218 -0.322707 0.0356657 -0.0406191 0.106079 0 0
0 0 219 0.380878 -0.301914 0.312657 -0.461856 0 0
0 0 220 0.35453 -0.0226575 1.29399 -0.569107 0 0
0 0 221 0.00986952 -0.00871408 0.38591 0.263975 0 0
0 0 222 0.386726 0.310873 1.49411 0.364221 0 0
0 0 223 0.400604 -0.134651 -0.085412 0.0671874 0 0
0 0 224 -0.124677 0.24325 -0.678767 -0.492015 0 0
0 0 225 -0.257865 -0.745333 -0.490001 0.347336 0 0
0 0 226 -0.00970811 0.655203 -0.22588 0.422883 0 0
0 0 227 -0.687425 0.771142 0.365833 0.231981 0 0
0 0 228 0.33135 0.0164461 -0.943107 -1.04628 0 0
0 0 229 -0.0265316 -0.0869718 0.173432 0.531502 0 0
0 0 230 -0.413226 0.202485 -0.118413 -0.595061 0 0
0 0 231 0.395822 -0.0544485 -0.113744 -1.22207 0 0
0 0 232 -0.308793 0.0816162 0.275541 0.192092 0 0
0 0 233 0.144254 0.174109 -0.0981012 -1.04546 0 0
0 0 234 0.0898375 -0.161236 -0.26397 0.184101 0 0
0 0 235 -0.115014 0.602618 0.2184 -0.724715 0 0
0 0 236 0.299134 0.0707683 -0.437616 0.367479 0 0
0 0 237 0.37191 0.0726363 0.0458551 -0.0513145 0 0
0 0 238 -0.169617 0.545794 0.226881 -0.534273 0 0
0 0 239 0.3712 0.542121 1.11012 0.501873 0 0
0 0 240 0.564876 -0.109436 1.04419 0.213198 0 0
0 0 241 0.713736 -0.393074 0.88375 -1.06439 0 0
0 0 242 1.23409 -0.44238 0.349934 -0.905346 0 0
0 0 243 -0.473978 0.125099 -0.368445 -0.901178 0 0
0 0 244 0.209067 0.144044 0.0140221 0.505207 0 0
0 0 245 1.03169 0.0789216 0.094706 -0.731091 0 0
0 0 246 -0.0410985 -0.0618978 -0.133489 0.238034 0 0
0 0 247 -0.737659 -0.0198519 0.360984 -0.192119 0 0
0 0 248 0.0546179 0.923694 0.259815 0.373581 0 0
0 0 249 0.310754 -0.550539 -0.739884 -0.0283545 0 0
0 0 250 0.401447 0.322853 0.441968 -0.558553 0 0
0 0 251 0.0846224 0.26607 -0.742407 0.668165 0 0
0 0 252 0.723039 -0.305124 0.243576 -0.61105 0 0
0 0 253 1.0801 -0.763842 -0.223023 0.493122 0 0
0 0 254 0.467362 -0.609936 0.393549 0.983246 0 0
0 0 255 -0.201338 -0.25987 1.26846 -0.204596 0 0
0 0 256 -0.47929 0.226558 0.213068 0.180639 0 0
0 0 257 -1.2359 0.511414 -0.537021 -0.579957 0 0
0 0 258 1.01982 0.39665 -0.112136 -0.423636 0 0
0 0 259 -0.110284 -0.724481 -0.824648 -0.377924 0 0
0 0 260 0.460037 -0.00243343 0.106878 0.288994 0 0
0 0 261 0.00599498 -1.19231 -0.17914 0.514237 0 0
0 0 262 0.227672 0.0388215 0.583502 -0.0358547 0 0
0 0 263 0.371396 0.0630897 0.0567717 -1.17715 0 0
0 0 264 0.733263 -0.218527 0.270591 -0.763089 0 0
0 0 265 -0.167662 0.204829 0.299891 0.0955061 0 0
0 0 266 0.559716 0.232913 -0.210712 0.0117199 0 0
0 0 267 0.0331451 1.12396 0.474778 1.0189 0 0
0 0 268 -0.940111 0.0233157 -0.0529481 0.768411 0 0
0 0 269 -0.502322 0.344275 0.985254 -0.534141 0 0
0 0 270 0.323728 -0.19905 -0.0195964 -0.366909 0 0
0 0 271 0.597102 -0.378051 1.83287 0.288305 50.8272 8.12538
0 0 272 -0.160507 0.45334 0.0698507 -0.0822501 0 0
0 0 273 -0.30117 0.142382 0.231843 0.604674 0 0
0 0 274 0.293507 -0.960411 -0.0337269 -0.612828 0 0
0 0 275 0.0125142 -1.42796 0.153649 0.0286911 0 0
0 0 276 -0.179981 -0.0020449 -0.0251217 0.237549 0 0
0 0 277 -0.0135169 -0.357179 0.595844 -0.668445 0 0
0 0 278 -0.260381 -0.326342 -0.516263 -0.494815 0 0
0 0 279 -0.404685 0.139616 -0.852862 -0.075021 0 0
0 0 280 -0.321672 -0.578406 -0.335066 -0.51563 0 0
0 0 281 0.509399 0.167714 -0.385107 0.110418 0 0
0 0 282 0.595717 0.135604 0.468531 0.760937 0 0
0 0 283 -0.836216 0.492247 0.716144 0.505501 0 0
0 0 284 -0.346583 -0.784163 -0.535171 -0.638601 0 0
0 0 285 -0.460189 0.286825 0.0233683 0.41203 0 0
0 0 286 -0.437306 0.108507 -0.239997 -0.422328 0 0
0 0 287 0.92311 0.331314 0.185346 0.0660824 0 0
0 0 288 0.163232 -0.644109 -0.16247 0.565559 0 0
0 0 289 -0.726689 -0.320057 -0.251139 0.00897044 0 0
0 0 290 0.553504 -0.96749 0.0442963 -0.215375 0 0
0 0 291 -0.559877 0.199158 0.674817 -0.791997 0 0
0 0 292 -1.11286 -0.380762 -0.638074 0.522017 0 0
0 0 293 -0.0826834 -0.385421 -0.798297 0.421065 0 0
0 0 294 0.00773076 -0.077019 0.809267 -0.0737354 0 0
0 0 295 -0.331527 -0.244872 -0.574691 -0.200667 0 0
0 0 296 -0.312999 -0.170847 0.517921 -0.499772 0 0
0 0 297 -0.652964 0.468069 1.13982 -0.341107 0 0
0 0 298 0.193761 -0.183675 -0.161852 -0.69257 0 0
0 0 299 1.20901 0.729189 0.0757558 -0.475688 0 0
0 0 300 0.0354161 -0.52167 -0.242085 0.517267 0 0
0 0 301 0.385693 -0.734332 0.546101 -0.688705 0 0
0 0 302 0.634706 1.0112 0.238899 0.586848 0 0
0 0 303 0.24718 0.0213814 0.303079 0.202262 0 0
0 0 304 -0.984468 -0.32053 -1.14667 -0.431893 0 0
0 0 305 -0.491327 0.0135494 0.450804 -0.561741 0 0
0 0 306 0.622517 -0.277415 -0.58823 0.627535 0 0
0 0 307 -0.739946 0.721079 -0.520579 0.150751 0 0
0 0 308 -0.330554 -0.258058 -0.642375 0.176116 0 0
0 0 309 -0.271758 0.452249 0.231369 1.33589 0 0
0 0 310 -0.497203 0.143839 -0.252402 0.305299 0 0
0 0 311 -0.754653 -0.0367702 0.0892277 -1.08449 0 0
0 0 312 -1.07358 0.167254 -0.233806 0.576367 0 0
0 0 313 0.115063 -0.240131 0.301238 -0.0119381 0 0
0 0 314 -0.10336 0.566719 0.280378 0.78855 0 0
0 0 315 0.82237 -0.0139508 0.374033 -0.273387 0 0
0 0 316 0.164397 -0.270027 -0.609235 -0.304211 0 0
0 0 317 -0.610704 0.214379 -0.54054 0.494336 0 0
0 0 318 -0.290847 0.98574 0.634759 0.577258 0 0
0 0 319 0.0148496 -0.0895352 -0.180225 0.251936 0 0
0 0 320 1.27713 0.169594 -0.749507 -0.586617 0 0
0 0 321 0.498625 0.324872 0.431493 0.899039 0 0
0 0 322 0.777993 0.0455795 0.00573622 -0.0980701 0 0
0 0 323 0.473435 0.0715316 1.172 -0.176426 0 0
0 0 324 0.540769 -0.935003 0.230467 -0.65533 0 0
0 0 325 -0.750487 0.488147 0.623489 0.213163 0 0
0 0 326 -0.968833 0.125438 0.815945 0.478161 0 0
0 0 327 -0.134483 0.230736 -0.110848 0.418903 0 0
0 0 328 -0.356944 -1.04777 0.669813 0.295179 0 0
0 0 329 -0.653826 -0.27187 0.0707139 -0.406667 0 0
0 0 330 -0.403494 -0.329342 0.058838 0.660964 0 0
0 0 331 0.534295 0.741963 -0.710627 0.0692151 0 0
0 0 332 0.8251 0.177385 0.00114448 0.98081 0 0
0 0 333 0.0919977 -0.768122 1.26149 -0.0856049 0 0
0 0 334 0.676802 -0.0505619 0.753591 0.287026 0 0
0 0 335 0.142216 -0.15857 0.0653176 -0.615263 0 0
0 0 336 0.316993 -0.324343 -1.42126 -0.0473731 0 0
0 0 337 -0.334977 -0.626762 0.127945 -0.463104 0 0
0 0 338 -0.109653 0.587487 -0.789583 0.551014 0 0
0 0 339 -0.250531 -0.520544 0.178804 -0.598937 0 0
0 0 340 0.811146 -0.330754 0.32213 0.936958 0 0
0 0 341 0.477162 0.093862 0.26246 -0.511373 0 0
0 0 342 0.610594 0.307798 0.203071 0.701621 0 0
0 0 343 1.37962 -0.729583 0.77088 0.731884 0 0
0 0 344 0.28299 0.28316 0.285967 0.01054 0 0
0 0 345 0.371453 -0.792658 -0.767987 -0.36367 0 0
0 0 346 0.469725 -0.629092 -0.111694 -1.53389 0 0
0 0 347 -0.285277 -0.766623 0.399262 -0.0533656 0 0
0 0 348 0.614509 0.177155 0.52738 0.548066 0 0
0 0 349 -0.195555 0.58895 0.349391 0.98072 0 0
0 0 350 -0.255938 -1.18136 -0.602065 0.224831 0 0
0 0 351 0.567092 0.220075 0.5415 0.681545 0 0
0 0 352 0.342799 1.0722 1.47371 0.736511 26.981 8.12397
0 0 353 0.420365 -0.688187 0.203453 -0.103242 0 0
0 0 354 0.39115 -0.906557 0.401506 0.554328 0 0
0 0 355 -0.0767016 -0.0250047 -0.179421 -0.0764008 0 0
0 0 356 0.263255 -0.382028 -0.330865 -0.00518783 0 0
0 0 357 -0.465731 -0.514779 -0.730977 -0.473118 0 0
0 0 358 0.194507 -0.782606 0.636083 0.235499 0 0
0 0 359 -0.277048 -0.218718 -0.336282 -0.397989 0 0
0 0 360 -0.341454 -0.469264 0.513164 0.362147 0 0
0 0 361 0.15791 0.483436 0.43427 -0.598723 0 0
0 0 362 -0.238982 0.234814 0.16288 -0.0361211 0 0
0 0 363 0.0336046 -0.769694 0.226681 -0.0499553 0 0
0 0 364 -0.147423 -0.31586 0.112762 -0.0874423 0 0
0 0 365 0.446073 -0.760936 0.316321 0.288692 0 0
0 0 366 -0.632702 -0.113607 0.999384 0.210541 0 0
0 0 367 -0.994646 -0.628212 -0.154723 0.75656 0 0
0 0 368 -1.42935 -0.288597 0.0892802 0.0598976 0 0
0 0 369 0.416544 0.410114 -0.818807 -0.311227 0 0
0 0 370 -0.142465 0.341571 -0.754681 -0.410904 0 0
0 0 371 -0.230204 0.0260684 -0.600168 -0.158915 0 0
0 0 372 -0.301165 -0.979739 0.913857 0.219151 0 0
0 0 373 -0.921509 -0.00349179 0.108794 -0.149265 0 0
0 0 374 0.0248135 0.799196 0.285727 -0.522523 0 0
0 0 375 0.338988 -0.526223 0.551112 -0.234898 0 0
0 0 376 -0.488434 1.16601 0.0215027 0.626375 0 0
0 0 377 -0.152735 -0.00026796 0.7769 0.96448 0 0
0 0 378 -0.129292 0.270052 1.21766 -0.125983 0 0
0 0 379 -0.00393201 -0.122716 0.832456 0.405387 0 0
0 0 380 0.393014 -0.722087 0.0986411 0.033922 0 0
0 0 381 -0.392278 0.428954 -0.272268 1.30016 0 0
0 0 382 0.482312 0.0603351 0.26898 0.0569066 0 0
0 0 383 0.0688042 -0.66072 -0.944092 0.718745 0 0
0 0 384 -0.0706824 -0.114864 0.248293 -0.27783 0 0
0 0 385 0.258692 0.46538 -0.752635 0.908127 0 0
0 0 386 0.391647 0.664164 -0.150148 0.57364 0 0
0 0 387 -0.424043 0.767441 0.191986 0.286316 0 0
0 0 388 -0.0650691 -0.157127 0.370043 0.100867 0 0
0 0 389 0.400945 -0.893315 0.0378179 0.15431 0 0
0 0 390 0.171804 -0.0859972 0.300174 -0.061323 0 0
0 0 391 -0.684737 -0.177064 -0.0397769 0.695121 0 0
0 0 392 -0.344162 0.174149 0.269439 -0.089387 0 0
0 0 393 1.41398 -0.81237 0.575724 -0.170397 0 0
0 0 394 -0.230334 -0.982165 -0.209414 -0.358952 0 0
0 0 395 -0.0722532 -0.100139 -0.721298 -0.407522 0 0
0 0 396 0.378736 -0.168008 0.582162 -0.867095 0 0
0 0 397 0.382579 -0.551171 -0.155697 0.303779 0 0
0 0 398 -0.583866 -0.175612 -0.0189774 0.0665066 0 0
0 0 399 -0.0266619 -0.364759 -0.641092 0.0888041 0 0
0 0 400 0.0122097 -0.262677 -0.264837 -0.0492574 0 0
0 0 401 0.582639 0.685959 0.513505 0.575316 0 0
0 0 402 -0.0802187 -0.269765 0.529191 -0.551958 0 0
0 0 403 -0.28872 0.903795 -0.79093 1.01462 0 0
0 0 404 0.943525 -1.01632 -0.113291 0.319692 0 0
0 0 405 0.470577 0.431913 -0.517249 -0.956291 0 0
0 0 406 0.596757 0.0584925 0.278994 -0.811729 0 0
0 0 407 -0.374036 0.553735 -0.263245 -0.272079 0 0
0 0 408 -0.0341199 -0.43817 0.377086 0.0897108 0 0
0 0 409 -0.188059 0.714641 -0.990208 -0.0242504 0 0
0 0 410 -0.351561 -0.220396 -0.284568 -0.12418 0 0
0 0 411 -0.942978 0.0236564 -1.17165 -0.0348433 0 0
0 0 412 0.316014 -0.629593 -0.0714822 0.0705646 0 0
0 0 413 -0.395654 0.996014 -0.00817769 0.370452 0 0
0 0 414 0.761762 -0.315343 0.869699 -0.527954 0 0
0 0 415 0.571248 0.513232 0.321151 0.465368 0 0
0 0 416 -0.0288866 2.01721 -0.310692 1.07731 -4.37797 6.83104
0 0 417 0.466226 0.736597 0.50352 0.740925 0 0
0 0 418 0.93145 -0.459538 0.207701 0.40607 0 0
0 0 419 0.653009 -0.363094 0.183376 -0.364975 0 0
0 0 420 0.206324 -0.825105 0.284584 0.0329543 0 0
0 0 421 0.283786 0.988618 0.506584 0.00827964 0 0
0 0 422 -0.668114 -0.829323 0.240693 1.20673 0 0
0 0 423 0.0509136 0.103194 0.026891 0.914959 0 0
0 0 424 0.114139 -0.767386 0.545537 -0.0112061 0 0
0 0 425 0.351759 -0.422678 1.00818 -0.0955525 0 0
0 0 426 0.615514 -1.62973 0.528709 -0.431893 81.013 8.19653
0 0 427 0.398465 -0.513786 -0.612389 -0.715629 0 0
0 0 428 -0.290307 0.8385 0.606248 -1.49258 0 0
0 0 429 -0.467036 0.82121 0.288709 0.282907 0 0
0 0 430 -0.411525 0.370644 -0.075781 -0.652414 0 0
0 0 431 0.568463 -0.523647 0.654736 -0.315027 0 0
0 0 432 0.418808 0.107311 0.198545 0.633423 0 0
0 0 433 -0.372635 -1.09748 0.784208 0.234561 0 0
0 0 434 -0.109248 -0.243676 -0.241115 -0.192769 0 0
0 0 435 -0.284211 -0.38822 -1.43675 0.0947603 0 0
0 0 436 0.430837 -0.206249 0.430119 -1.40489 0 0
0 0 437 -0.614727 0.801127 0.656903 -0.829287 0 0
0 0 438 0.144629 0.517696 0.0694805 -0.392268 0 0
0 0 439 0.230186 -0.508133 0.849422 -0.558968 0 0
0 0 440 0.294799 0.176453 -0.166825 0.0535679 0 0
0 0 441 -0.82145 0.536744 -1.08043 -0.56289 0 0
0 0 442 0.0158758 -1.25235 0.312255 0.040095 0 0
0 0 443 0.491168 -0.28697 0.182486 -0.167943 0 0
0 0 444 0.175486 -0.461939 -0.44601 -0.22406 0 0
0 0 445 -0.358035 0.501545 0.50352 0.281539 0 0
0 0 446 0.217581 -0.283477 0.198874 0.280891 0 0
0 0 447 0.205986 -0.235426 1.29981 -0.192302 0 0
0 0 448 -0.166056 0.394359 -0.482924 1.10793 0 0
0 0 449 -0.451386 -0.604314 -0.150479 0.75127 0 0
0 0 450 -0.849207 -0.127471 -0.635118 0.198468 0 0
0 0 451 0.0390962 0.0907494 -0.408544 -0.23675 0 0
0 0 452 0.0863477 -0.328229 -0.134561 -0.735258 0 0
0 0 453 -1.4507 0.427829 0.294996 -0.38734 0 0
0 0 454 -0.0356772 -0.0224163 -0.500758 -0.285668 0 0
0 0 455 0.209176 -0.242454 0.00197008 -0.390446 0 0
0 0 456 0.268367 -1.64097 0.511089 -0.729416 81.3503 8.16533
0 0 457 0.696128 -0.0857819 0.176935 -0.767786 0 0
0 0 458 0.552043 -0.40897 0.354105 0.559362 0 0
0 0 459 0.683525 -0.00486282 0.195847 0.49516 0 0
0 0 460 0.0575033 0.178599 0.157811 -0.340882 0 0
0 0 461 -0.900398 0.0151612 -0.277669 -0.330626 0 0
0 0 462 -0.258956 0.369001 0.490131 0.0463286 0 0
0 0 463 0.344946 0.593363 -0.658997 0.191119 0 0
0 0 464 0.36736 0.433191 -0.104944 0.380337 0 0
0 0 465 1.12766 -0.757063 0.574909 0.195808 0 0
0 0 466 0.717508 0.384762 -0.239042 -0.214187 0 0
0 0 467 -0.545096 0.30424 -0.372456 -0.0635855 0 0
0 0 468 0.443877 -0.0417219 0.847818 0.302569 0 0
0 0 469 -0.181395 -0.539496 -0.915042 0.269961 0 0
0 0 470 0.134714 0.181374 0.0287036 0.42376 0 0
0 0 471 1.14929 -0.345751 -0.313385 -0.424494 0 0
0 0 472 0.393107 0.253263 -0.339885 0.181988 0 0
0 0 473 0.502647 0.362532 -0.183846 0.991126 0 0
0 0 474 0.163617 0.0713193 -0.396676 -0.0712583 0 0
0 0 475 1.13346 -1.19703 0.491658 -0.319065 0 0
0 0 476 0.00706722 -0.252557 0.720044 -0.295223 0 0
0 0 477 -0.23182 0.11376 0.00298808 -0.216741 0 0
0 0 478 0.529136 -0.134567 0.191302 0.857851 0 0
0 0 479 -0.0366406 0.152422 -0.611569 -0.452612 0 0
0 0 480 -0.181888 0.382137 -0.789697 -0.604438 0 0
0 0 481 -0.686144 -0.0146379 -0.311254 -0.39185 0 0
0 0 482 0.276112 -0.481321 -0.407772 -0.770662 0 0
0 0 483 0.686002 -0.347982 0.279123 1.03628 0 0
0 0 484 -0.537245 0.49292 0.12354 -0.816199 0 0
0 0 485 -0.709852 -0.024924 0.945533 -0.841855 0 0
0 0 486 -0.327645 0.198511 -0.651999 -0.170799 0 0
0 0 487 -0.394311 -0.25112 -0.396453 0.12085 0 0
0 0 488 0.170129 -0.445104 0.330363 -0.103681 0 0
0 0 489 1.28236 0.237854 0.553884 -0.277861 0 0
0 0 490 0.311203 -0.188221 0.814593 0.249291 0 0
0 0 491 -0.183895 -0.305705 -0.615487 0.219563 0 0
0 0 492 0.227035 0.773747 -0.664515 0.789652 0 0
0 0 493 -0.0790221 0.284626 -0.392343 -0.201756 0 0
0 0 494 0.278973 -0.408717 0.118396 0.399802 0 0
0 0 495 -0.462668 -0.729692 -0.0623619 0.901989 0 0
0 0 496 -0.128135 0.720648 0.154731 1.21945 0 0
0 0 497 -0.00666222 -0.0226204 -0.00620158 0.730006 0 0
0 0 498 -0.15617 -0.36795 0.523326 0.0776347 0 0
0 0 499 0.560678 0.701224 -0.167146 -0.547526 0 0
0 0 500 -0.54146 -1.14852 -0.152714 -0.514164 0 0
0 0 501 1.19131 -0.0709815 1.1353 -0.0177911 0 0
0 0 502 0.111812 -0.119954 -0.07138 0.661586 0 0
0 0 503 0.795022 0.118826 0.82953 -0.394628 0 0
0 0 504 -0.286254 -0.201122 0.666987 -0.924862 0 0
0 0 505 0.497548 -0.227069 0.610825 0.122226 0 0
0 0 506 0.1245 0.807226 -0.8258 0.0392873 0 0
0 0 507 0.465897 -0.393179 -0.108614 -0.0480828 0 0
0 0 508 -0.536165 -0.165868 -0.954703 -0.102643 0 0
0 0 509 0.231919 0.333536 0.0920278 -0.363303 0 0
0 0 510 0.687984 -0.62222 0.31205 0.955727 0 0
0 0 511 -0.365163 1.20827 -0.354085 -0.525817 0 0
0 0 512 0.516818 -0.655561 -0.996214 -0.657526 0 0
0 0 513 0.641349 0.259927 0.839644 0.367078 0 0
0 0 514 -0.453706 0.537665 0.443349 -0.448772 0 0
0 0 515 0.170614 -0.0156907 0.728582 -0.246776 0 0
0 0 516 -0.187562 -0.152126 -0.164461 -0.879188 0 0
0 0 517 -0.122509 0.0730247 0.204879 0.0720048 0 0
0 0 518 0.737375 -0.534223 0.499692 0.850485 0 0
0 0 519 -0.030408 -0.0188217 -0.329888 -0.0815167 0 0
0 0 520 1.64711 0.632414 0.592046 0.00666043 0 0
0 0 521 -1.2603 -0.409824 -0.716299 -0.148085 0 0
0 0 522 0.163914 -0.0526368 0.153193 0.296464 0 0
0 0 523 -0.124003 0.77328 0.132328 -0.525288 0 0
0 0 524 0.317765 0.428789 -0.191836 0.665193 0 0
0 0 525 -0.409665 -0.369166 1.25338 -0.582849 0 0
0 0 526 -0.242789 -0.150327 -0.480882 -0.117885 0 0
0 0 527 -0.260392 1.0647 -0.212788 -0.377339 0 0
0 0 528 0.905994 -0.196581 0.0168858 0.408135 0 0
0 0 529 0.857402 0.203966 -0.41056 0.655907 0 0
0 0 530 0.438143 -0.278805 1.07436 -0.420703 0 0
0 0 531 -0.298879 -0.928239 -0.121735 0.606068 0 0
0 0 532 -0.345773 -0.0983222 0.328057 0.1496 0 0
0 0 533 0.0656182 -0.773344 0.573432 0.186755 0 0
0 0 534 -0.114 -0.400525 0.403829 -0.0388324 0 0
0 0 535 0.26662 0.19797 0.45488 0.336645 0 0
0 0 536 -0.2007 0.221766 0.520782 0.372135 0 0
0 0 537 -0.525958 -0.447154 -1.11797 -0.653951 0 0
0 0 538 0.0681136 -0.727129 -0.229572 -0.551481 0 0
0 0 539 0.368305 -0.314938 -0.748146 0.463556 0 0
0 0 540 -0.697325 -0.189813 -0.325478 0.245319 0 0
0 0 541 -0.230883 -0.309503 0.258126 -0.199463 0 0
0 0 542 0.0727531 0.116846 -0.00784655 -0.623966 0 0
0 0 543 0.866339 -0.145413 0.620421 0.37438 0 0
0 0 544 -0.272061 0.0640721 0.195333 0.714074 0 0
0 0 545 0.0872629 0.98813 0.192354 0.224953 0 0
0 0 546 -0.924258 -0.524446 0.201021 0.235219 0 0
0 0 547 0.022121 -0.56426 0.262346 1.1234 0 0
0 0 548 0.379584 -0.0233984 0.928108 0.229547 0 0
0 0 549 0.0266351 -0.366052 0.153912 0.218714 0 0
0 0 550 0.282718 -0.577629 0.0467158 -0.450816 0 0
0 0 551 0.436007 -0.340129 0.0135981 -0.0223978 0 0
0 0 552 1.13963 -0.696307 0.612256 0.428304 0 0
0 0 553 0.00574623 0.111888 -0.251137 -0.924317 0 0
0 0 554 0.277564 0.573234 -0.582234 -0.516326 0 0
0 0 555 0.134784 0.117966 -0.316187 0.0300798 0 0
0 0 556 0.321166 0.334944 0.782707 -0.276368 0 0
0 0 557 -0.249058 0.678304 0.777203 -0.656731 0 0
0 0 558 0.217686 -0.213111 0.24382 -0.543918 0 0
0 0 559 0.0913673 0.100407 0.199712 0.10883 0 0
0 0 560 -0.541341 0.0429094 0.275522 0.0702298 0 0
0 0 561 0.654878 0.124313 -0.457845 -1.18332 0 0
0 0 562 1.4623 -0.385396 0.665565 -0.0229529 0 0
0 0 563 0.30885 0.117496 0.832309 -0.240643 0 0
0 0 564 0.701956 -0.276161 -0.250036 -0.714373 0 0
0 0 565 0.454902 -0.0725463 0.461043 0.00572707 0 0
0 0 566 -0.116138 0.901834 0.0537313 0.471851 0 0
0 0 567 0.515489 0.101383 0.754894 0.498979 0 0
0 0 568 0.202151 -0.980911 0.484923 -0.283989 0 0
0 0 569 0.317083 -0.295905 -0.173472 0.353488 0 0
0 0 570 -0.0196062 -0.433268 0.0702426 -0.592447 0 0
0 0 571 -0.179281 -0.408803 0.167252 -0.505762 0 0
0 0 572 0.436577 1.12487 -0.30993 -0.582001 0 0
0 0 573 -0.344543 0.0579347 -0.271327 -0.506785 0 0
0 0 574 0.074876 -0.622214 0.0612024 -0.0799454 0 0
0 0 575 0.699287 -0.998716 0.931881 0.317924 0 0
0 0 576 0.0249542 -0.972525 -0.875533 0.0969707 0 0
0 0 577 0.148694 0.857181 0.147097 0.684809 0 0
0 0 578 -0.213081 0.345651 -1.42621 -0.289356 0 0
0 0 579 -0.232924 0.393016 -0.186261 0.140681 0 0
0 0 580 -0.641585 -0.653923 0.555401 -0.352446 0 0
0 0 581 0.135803 0.514278 0.910899 -0.879642 0 0
0 0 582 0.0218842 -0.171613 0.515413 1.20754 0 0
0 0 583 -0.136817 -0.359183 -0.429515 0.888409 0 0
0 0 584 0.861569 -0.648452 -0.26007 -0.153367 0 0
0 0 585 0.884954 0.187706 0.425963 -0.580664 0 0
0 0 586 -0.444815 0.374103 -0.0611967 -0.0432337 0 0
0 0 587 -0.109583 0.149579 0.113796 -0.0364387 0 0
0 0 588 0.315879 0.242341 0.478867 0.816809 0 0
0 0 589 0.997784 0.265712 1.01171 0.829011 0 0
0 0 590 -0.301322 0.232341 0.221878 0.498746 0 0
0 0 591 0.239668 0.124465 -0.313338 -0.516498 0 0
0 0 592 0.653463 -0.189058 0.520517 -0.239927 0 0
0 0 593 1.10222 0.0419948 0.283662 -0.110284 0 0
0 0 594 -0.341807 -0.340231 -0.0964395 0.732614 0 0
0 0 595 -0.334792 0.691456 0.62758 0.767009 0 0
0 0 596 -0.220678 -0.570549 0.349606 -0.470689 0 0
0 0 597 -0.541192 0.90174 0.785176 -0.191497 0 0
0 0 598 -0.435924 -0.616919 -1.21894 0.532186 0 0
0 0 599 -0.715352 0.172438 0.328631 -0.00880148 0 0
0 0 600 0.3374 -0.270084 -0.195017 1.08965 0 0
0 0 601 -0.797805 0.0478141 0.47975 0.0929229 0 0
0 0 602 0.387345 0.373605 -0.935226 0.349235 0 0
0 0 603 0.241068 -0.0222134 0.454326 0.399299 0 0
0 0 604 -0.127617 0.394001 0.190563 -0.568733 0 0
0 0 605 0.106034 -0.142565 -0.849411 0.972447 0 0
0 0 606 -1.55783 0.0742995 -0.0639718 -0.298298 0 0
0 0 607 -0.397089 -0.276523 0.251384 -0.429178 0 0
0 0 608 1.07422 0.224127 -0.226126 -0.0667858 0 0
0 0 609 0.132374 -0.340977 0.626614 -0.245562 0 0
0 0 610 0.191124 0.432181 0.395831 -0.141338 0 0
0 0 611 0.204893 -0.101123 0.339338 -0.28691 0 0
0 0 612 -0.282074 0.173476 0.0750325 -0.400767 0 0
0 0 613 -0.176081 -0.00740296 -0.606234 0.101936 0 0
0 0 614 0.49234 -0.502527 1.10095 0.771682 0 0
0 0 615 -0.0502742 -0.387083 -0.119797 0.281447 0 0
0 0 616 -0.0666172 -0.534969 0.415656 -0.0230813 0 0
0 0 617 0.364697 0.324831 0.163582 0.0315649 0 0
0 0 618 -0.0568381 -0.26542 -0.248887 0.29329 0 0
0 0 619 0.227905 0.405226 -0.0481582 0.289822 0 0
0 0 620 0.767503 -0.323868 0.28227 0.394536 0 0
0 0 621 -0.740094 -0.0814597 0.0622524 -0.297228 0 0
0 0 622 0.205104 0.838452 0.174604 0.585857 0 0
0 0 623 -0.146885 0.530832 -0.563027 1.03665 0 0
0 0 624 0.571273 0.547501 0.327429 -0.0703176 0 0
0 0 625 0.012301 -0.222286 -0.355141 -0.41996 0 0
0 0 626 -0.480665 -0.209343 -1.09318 0.71163 0 0
0 0 627 -0.00211926 0.0517255 0.362513 -0.425437 0 0
0 0 628 -0.39231 0.286216 0.46408 0.544018 0 0
0 0 629 0.96108 1.10777 0.136502 -0.0270647 0 0
0 0 630 0.304313 -0.0443 -0.778592 -0.167308 0 0
0 0 631 -0.562456 -0.583324 0.135222 0.552068 0 0
0 0 632 0.395666 0.130481 0.286146 0.545911 0 0
0 0 633 0.193331 -0.640764 -0.458316 0.782196 0 0
0 0 634 0.581698 0.857343 0.0496369 1.49111 0 0
0 0 635 -0.0548075 0.902714 -0.718413 -0.670106 0 0
0 0 636 0.342997 0.5474 0.045527 -0.328349 0 0
0 0 637 0.474216 -1.07305 0.41522 -1.04312 0 0
0 0 638 0.0567201 1.22573 0.0530002 0.393226 0 0
0 0 639 0.859835 0.0839508 -0.780385 0.0815968 0 0
0 0 640 0.732573 -0.465127 0.0269466 -0.0657627 0 0
0 0 641 0.824801 -0.792971 -0.31303 0.188602 0 0
0 0 642 -0.527396 0.75859 -0.666256 -0.529841 0 0
0 0 643 -0.315388 -0.606099 -0.542877 -0.041655 0 0
0 0 644 0.38862 0.24716 -0.163326 -0.17289 0 0
0 0 645 0.0974601 0.249123 0.583359 0.594093 0 0
0 0 646 -0.590326 1.09715 -0.0637081 0.797151 0 0
0 0 647 0.305757 -0.0933937 0.988704 0.157432 0 0
0 0 648 0.28038 0.487885 -0.693843 -0.542415 0 0
0 0 649 0.978138 0.148948 -0.395305 0.0386616 0 0
0 0 650 -0.365401 -0.0730783 -0.324764 -0.652233 0 0
0 0 651 0.427252 -0.0636646 0.193726 0.609103 0 0
0 0 652 -0.733587 0.506906 -0.480587 0.995477 0 0
0 0 653 -0.400566 0.349189 -0.509872 0.232266 0 0
0 0 654 1.14955 0.370811 0.189267 0.464328 0 0
0 0 655 -0.347525 1.09205 -0.474467 -0.165811 0 0
0 0 656 1.69088 0.0354001 -0.69427 0.5803 0 0
0 0 657 -0.0803601 0.0300318 -0.932573 -0.270955 0 0
0 0 658 0.606149 -0.376507 -0.35201 -0.0904622 0 0
0 0 659 1.11571 0.273296 -0.573158 0.0442689 0 0
0 0 660 2.26352 0.192968 0.414127 0.15516 0 0
0 0 661 0.781359 0.241273 0.137242 -0.294154 0 0
0 0 662 0.203334 -0.166795 0.373412 0.412573 0 0
0 0 663 0.969437 0.329314 -0.723025 -1.046 0 0
0 0 664 0.234138 0.15813 -0.369254 -1.17244 0 0
0 0 665 1.42774 -0.627051 0.154423 0.688812 0 0
0 0 666 0.682078 0.0052979 -0.378617 -0.221408 0 0
0 0 667 1.7246 0.38754 -0.603586 -0.231809 0 0
0 0 668 0.680069 -0.259552 -0.155468 -0.38883 0 0
0 0 669 0.357809 -0.149714 -0.769962 -0.387934 0 0
0 0 670 1.048 -0.154449 -1.07252 0.118285 0 0
0 0 671 2.07815 -0.659835 -0.152031 -0.970626 0 0
0 0 672 1.03263 -0.458479 0.521713 -0.196735 0 0
0 0 673 1.41332 -0.295991 -0.227543 0.554743 0 0
0 0 674 1.64511 -0.0772318 0.0861311 -0.0386155 0 0
0 0 675 1.28159 0.245101 -0.150842 0.640376 0 0
0 0 676 0.486268 0.110545 -0.383232 -0.255073 0 0
0 0 677 1.34192 -0.78607 -0.681111 0.462377 0 0
0 0 678 1.08736 -0.869441 0.0761869 0.231478 0 0
0 0 679 1.26451 -0.295926 0.0560078 1.06841 0 0
0 0 680 1.12253 -0.176848 -0.159672 -0.200243 0 0
0 0 681 1.6211 -0.35825 -0.255356 0.465296 0 0
0 0 682 1.45305 -1.37591 0.220398 -0.0104602 0 0
0 0 683 1.93416 0.50425 0.101913 0.559338 0 0
0 0 684 2.29472 -0.0793463 -1.15083 1.16392 0 0
0 0 685 1.31208 -0.0746177 -0.221245 0.0679104 0 0
0 0 686 1.21548 0.384011 -0.791622 -0.41848 0 0
0 0 687 0.812477 -0.0393007 -1.00457 -0.170015 0 0
0 0 688 0.814698 -0.918147 0.106617 -0.397671 0 0
0 0 689 1.14876 0.125095 0.512848 0.0292645 0 0
0 0 690 0.350198 -0.0352644 -0.166577 -0.188337 0 0
0 0 691 0.859002 -0.303394 -0.0990203 0.232092 0 0
0 0 692 1.14221 0.674901 -0.486348 0.579848 0 0
0 0 693 0.364673 0.768677 -0.376603 0.302157 0 0
0 0 694 0.699373 0.361658 0.76155 0.173226 0 0
0 0 695 1.26953 0.0325654 0.217296 -0.172609 0 0
0 0 696 1.33108 -0.00332272 0.219288 0.582033 0 0
0 0 697 1.16725 0.227925 -0.0271158 -0.310519 0 0
0 0 698 0.485464 -0.0787923 -1.02579 -0.601504 0 0
0 0 699 1.98928 -0.149164 -0.271062 0.119739 0 0
0 0 700 0.754848 1.07776 -1.40612 -1.33991 -26.2652 8.33907
0 0 701 1.75529 0.732882 -1.24715 -0.350497 0 0
0 0 702 1.15221 0.22158 -1.18333 -0.561156 0 0
0 0 703 0.815188 0.414609 0.373958 0.255057 0 0
0 0 704 2.13518 0.376923 -1.23033 -0.547816 0 0
0 0 705 1.25369 -0.0113871 -0.932891 -0.0741204 0 0
0 0 706 1.5516 0.473965 -0.545036 0.850888 0 0
0 0 707 2.02218 -0.0405338 -0.0480285 -0.0697123 0 0
0 0 708 2.90256 0.148928 -0.937958 0.224147 0 0
0 0 709 2.53363 -0.53668 -1.61995 -1.48512 -54.1649 8.86643
0 0 710 1.62064 0.106765 -1.32225 -0.049264 0 0
0 0 711 0.76324 0.309776 -1.7914 0.204197 -40.0946 8.37273
0 0 712 2.00816 -0.671077 -2.76216 -0.234937 -51.8278 5.34279
0 0 713 1.4949 0.480611 -2.3848 -0.529261 -39.3029 6.25159
0 0 714 2.16903 -1.16069 -2.27871 -0.481842 -58.4963 5.86203
0 0 715 1.68537 -0.350272 -1.19673 -0.193211 0 0
0 0 716 2.06986 0.0204927 -1.73137 -0.755968 -44.6609 8.81252
0 0 717 2.67557 -0.542183 -0.798397 0.275005 0 0
0 0 718 2.62299 -0.905957 -1.56425 -0.831965 -60.0389 8.26009
0 0 719 2.47662 -0.0917063 -0.94972 0.354851 0 0
0 0 720 2.26785 0.560169 -1.54233 0.201722 0 0
0 0 721 0.98059 -0.649891 -0.185121 0.559737 0 0
0 0 722 2.22501 -1.17484 -1.37672 0.312717 -65.238 8.12514
0 0 723 1.81559 -0.17413 -0.543635 0.359312 0 0
0 0 724 2.20036 0.184143 -0.538152 -0.190498 0 0
0 0 725 2.49809 -0.150817 -0.240661 -1.15157 0 0
0 0 726 1.90547 -0.180725 0.211812 1.00545 0 0
0 0 727 1.69761 -0.0713155 0.210036 0.305088 0 0
0 0 728 2.02517 -0.51882 0.0545332 -0.632854 0 0
0 0 729 3.22824 -0.172706 -0.531858 -0.103126 0 0
0 0 730 2.71602 -0.357516 -1.1025 -0.0651882 0 0
0 0 731 3.07968 0.490946 -0.71378 0.451068 0 0
0 0 732 2.79878 0.40877 -0.541603 0.742815 0 0
0 0 733 5.15996 0.712283 -0.108853 -0.375176 0 0
0 0 734 4.6409 -0.462597 -0.175235 0.422121 0 0
0 0 735 4.57946 0.893509 0.328135 0.111033 0 0
0 0 736 5.82301 -0.617739 1.42946 -0.40993 0 0
0 0 737 6.49624 -0.382994 1.66204 -0.407269 51.4883 8.90822
0 0 738 7.28744 -0.780998 0.795376 -0.0121133 0 0
0 0 739 9.36451 0.234365 2.55485 -1.03157 42.3794 5.94339
0 0 740 9.70369 -0.0189114 2.2839 -0.425694 45.2372 6.68084
0 0 741 11.3317 -0.394621 3.7621 -0.985755 47.994 4.03013
0 0 742 12.3047 -0.642409 2.80703 -0.222444 51.4453 5.27665
0 0 743 13.2587 -0.878278 4.65822 -0.566435 50.3387 3.20964
0 0 744 13.8106 -0.669843 5.02783 0.925486 48.7943 3.00388
0 0 745 13.544 -0.617664 4.13918 0.50361 49.2436 3.63939
0 0 746 14.8536 0.0283651 5.20072 0.430639 44.8438 2.93396
0 0 747 14.8573 -1.32473 3.90312 0.579334 54.3737 3.66955
0 0 748 12.5837 -1.1859 4.37216 0.981828 52.5879 3.34876
0 0 749 13.5295 -1.41547 4.64855 1.07845 53.4677 3.11757
0 0 750 12.049 0.011683 5.30091 0.716578 44.9369 2.87855
0 0 751 11.7855 0.530989 3.26177 -0.266473 40.3769 4.60725
0 0 752 11.2277 0.411726 3.35567 0.711237 41.5025 4.50771
0 0 753 10.1358 0.127007 2.5672 0.226421 43.5839 5.93533
0 0 754 10.4818 0.0829058 2.02956 0.219891 43.8304 7.51103
0 0 755 10.1058 -0.246008 3.07695 1.30298 47.2856 4.94069
0 0 756 9.36857 -0.373535 2.3969 0.542078 49.4289 6.27759
0 0 757 9.62206 -0.186379 2.05171 0.477234 47.5953 7.40158
0 0 758 9.28854 -0.238267 2.61658 0.538888 47.6015 5.80358
0 0 759 8.29849 0.395938 0.559523 0.498174 0 0
0 0 760 7.58308 -0.0345073 0.97149 0.522754 0 0
0 0 761 6.54878 -0.28774 0.822793 -0.38275 0 0
0 0 762 6.23524 0.122384 1.40238 0.0929648 0 0
0 0 763 6.69152 0.498533 0.719178 0.108563 0 0
0 0 764 5.86463 -0.851811 0.771997 1.22638 0 0
0 0 765 6.49995 -0.156574 0.359534 0.879861 0 0
0 0 766 4.25825 0.31631 -0.00373828 0.499113 0 0
0 0 767 5.62227 -0.042768 0.511672 0.0870799 0 0
0 0 768 4.87687 0.599517 -0.71369 0.865054 0 0
0 0 769 4.92305 0.634481 -0.513143 0.0172063 0 0
0 0 770 5.50297 -0.578975 -0.00786518 0.623342 0 0
0 0 771 4.54239 0.256633 0.364672 0.391585 0 0
0 0 772 3.63044 0.635026 0.183417 0.0310277 0 0
0 0 773 3.77895 0.447042 -0.00148977 -0.652865 0 0
0 0 774 3.53251 -0.334812 -1.47968 -0.103403 0 0
0 0 775 3.94876 0.123477 0.0840465 -0.143531 0 0
0 0 776 3.36686 -0.424035 -0.194356 -0.392096 0 0
0 0 777 3.12636 -0.325239 -0.00991877 0.00859648 0 0
0 0 778 3.06751 0.0168645 1.37718 0.446091 0 0
0 0 779 3.08693 -0.368021 2.08885 -0.981149 49.996 7.17582
0 0 780 3.62851 0.264759 0.0376625 -0.597241 0 0
0 0 781 2.8812 0.499729 0.226447 -1.60531 0 0
0 0 782 2.53033 -0.47161 -0.730284 -0.290885 0 0
0 0 783 1.68575 -0.287498 -0.194778 -0.724082 0 0
0 0 784 2.33407 -0.669654 -0.282171 0.0759069 0 0
0 0 785 1.74863 -0.811558 0.660796 -0.159624 0 0
0 0 786 1.86285 -0.790667 0.62104 0.545628 0 0
0 0 787 1.77095 0.186605 0.208625 -0.529899 0 0
0 0 788 1.47373 0.0710526 1.24909 0.246404 0 0
0 0 789 2.80261 -0.238961 -0.413693 -0.0582555 0 0
0 0 790 2.24293 0.162901 -0.785036 -0.195174 0 0
0 0 791 1.07497 0.543103 0.572544 0.380341 0 0
0 0 792 1.46332 -0.664436 0.991047 0.253445 0 0
0 0 793 1.69517 -0.28573 -0.167341 -0.0616397 0 0
0 0 794 1.21111 -0.290584 0.084256 0.630174 0 0
0 0 795 1.54252 0.111113 1.53673 -0.64588 0 0
0 0 796 0.989156 0.0529334 0.0211527 0.0597963 0 0
0 0 797 1.22051 -0.286901 0.76105 -0.646413 0 0
0 0 798 0.240783 0.299402 0.0937335 -0.111003 0 0
0 0 799 1.69017 -0.0542032 -0.617562 -0.576992 0 0
0 0 800 0.683255 -0.160152 -0.592327 -0.456122 0 0
0 0 801 1.08892 0.439935 0.360607 -1.10197 0 0
0 0 802 0.334105 -0.683922 0.31314 -0.754895 0 0
0 0 803 -0.110639 0.3041 0.887398 0.0177259 0 0
0 0 804 0.610534 -0.206164 -0.0249233 -0.93661 0 0
0 0 805 0.338298 -0.0398146 -0.219626 -0.753288 0 0
0 0 806 1.08027 -0.454518 0.0906013 -0.0940933 0 0
0 0 807 0.292619 0.850935 -0.148358 0.0599292 0 0
0 0 808 0.655367 -0.737786 0.111404 -0.526346 0 0
0 0 809 0.0559676 -0.0857725 0.186349 -0.157556 0 0
0 0 810 1.25059 -0.341177 -0.00741463 -0.373185 0 0
0 0 811 1.58192 -0.910003 -0.596466 0.18553 0 0
0 0 812 0.209396 -0.139502 -0.429647 -0.227204 0 0
0 0 813 0.511083 -0.364105 0.953711 -0.335642 0 0
0 0 814 -0.479404 0.530752 0.214727 0.226849 0 0
0 0 815 0.290859 -0.107432 0.424799 -0.702722 0 0
0 0 816 0.336541 1.15489 -0.0113785 0.327129 0 0
0 0 817 -0.437932 0.392413 -0.379732 0.103054 0 0
0 0 818 0.0101624 -0.490702 -0.00746738 0.312786 0 0
0 0 819 0.489948 0.855617 0.0405352 -0.895823 0 0
0 0 820 0.464157 -0.11982 0.125711 -0.789775 0 0
0 0 821 0.0496432 0.583804 -0.828551 1.07849 0 0
0 0 822 0.634132 -0.492728 -0.796376 -1.06208 0 0
0 0 823 0.34186 -0.567615 -0.705343 0.300542 0 0
0 0 824 0.00142366 0.575584 0.303588 -0.210243 0 0
0 0 825 0.242974 -0.490336 0.219224 0.907427 0 0
0 0 826 0.104754 0.409666 0.0750544 0.4949 0 0
0 0 827 0.22069 -0.664818 -0.524724 0.671309 0 0
0 0 828 -0.243154 -0.411911 -0.0975935 0.772238 0 0
0 0 829 1.33272 -0.432099 -0.152385 0.567124 0 0
0 0 830 0.559495 0.0323586 -0.194081 -0.264833 0 0
0 0 831 0.57478 0.382251 0.340049 0.644386 0 0
0 0 832 -0.211271 0.112066 -0.0115367 -0.543344 0 0
0 0 833 1.01763 0.622629 0.0690908 -1.21163 0 0
0 0 834 0.586407 0.183369 0.0594423 -0.228076 0 0
0 0 835 -0.13653 0.249896 0.468867 -0.207832 0 0
0 0 836 0.532997 -1.00016 -0.490055 -0.751684 0 0
0 0 837 -0.564583 1.3315 0.439863 0.0125817 0 0
0 0 838 0.0472969 0.0869805 0.506157 -0.0285863 0 0
0 0 839 0.800865 0.469563 -0.460211 0.104869 0 0
0 0 840 0.262428 -0.0836967 0.562918 0.522602 0 0
0 0 841 -0.289215 -0.391303 -0.138998 0.303407 0 0
0 0 842 0.284916 -0.692275 -0.0408376 0.101641 0 0
0 0 843 1.01675 -1.60495 -0.254898 0.888013 0 0
0 0 844 -0.448931 -0.3912 0.671957 -0.542242 0 0
0 0 845 0.123627 -0.0866917 -0.272574 -0.203066 0 0
0 0 846 0.604643 -0.308699 -0.116286 0.720837 0 0
0 0 847 0.609933 -0.807277 -0.180247 0.277669 0 0
0 0 848 0.0743784 -0.209316 -0.60747 0.0594823 0 0
0 0 849 1.47791 0.111003 0.144779 0.492373 0 0
0 0 850 0.135441 -0.738544 0.891268 0.57227 0 0
0 0 851 0.225527 -0.347328 0.760248 0.0776885 0 0
0 0 852 0.0435835 -0.0437087 1.14354 0.566488 0 0
0 0 853 -0.00914955 -0.65196 -0.716856 0.928361 0 0
0 0 854 0.904461 -0.0321367 0.185439 -0.612309 0 0
0 0 855 1.19884 0.229328 0.510569 0.503109 0 0
0 0 856 1.02075 0.00537783 0.3659 0.022647 0 0
0 0 857 0.765377 -0.807547 0.491357 -0.0806482 0 0
0 0 858 0.625206 -0.726274 -0.530275 -0.248205 0 0
0 0 859 0.698225 0.829405 0.115776 -0.563622 0 0
0 0 860 0.682532 -0.40189 0.283361 0.286263 0 0
0 0 861 0.433226 0.380022 -0.686574 -0.352488 0 0
0 0 862 0.900329 0.0771633 -0.818113 0.398637 0 0
0 0 863 0.889196 -0.0894651 1.13241 0.266121 0 0
0 0 864 0.322285 0.356144 0.564982 1.31843 0 0
0 0 865 -0.069876 -0.707279 1.24071 0.0672993 0 0
0 0 866 -0.158784 -0.367555 0.209155 -0.798003 0 0
0 0 867 -0.15148 0.520926 1.59029 0.64489 0 0
0 0 868 0.0328695 -0.752577 -0.91063 0.447421 0 0
0 0 869 0.48308 0.580004 -0.150918 0.366071 0 0
0 0 870 0.780854 -0.0673255 0.456639 0.716364 0 0
0 0 871 -0.362105 -0.725473 -0.946423 0.0489256 0 0
0 0 872 -0.206861 0.326396 0.169519 -0.291188 0 0
0 0 873 0.0561378 0.150185 0.796344 0.414936 0 0
0 0 874 0.354227 0.232335 0.643977 0.66731 0 0
0 0 875 -0.216393 -0.271747 0.238249 -0.281142 0 0
0 0 876 -0.02545 -0.158678 0.231416 -0.706883 0 0
0 0 877 0.419118 -0.579552 0.306904 0.699605 0 0
0 0 878 -0.584094 -0.978208 -0.358712 -0.235882 0 0
0 0 879 0.737497 -1.73711 0.613035 0.43398 80.2809 7.63539
0 0 880 0.123718 -0.546342 0.593907 -0.135505 0 0
0 0 881 -0.250953 0.0561017 0.543699 0.588942 0 0
0 0 882 0.718094 0.0927385 -0.937566 -0.174538 0 0
0 0 883 0.903428 0.184349 -0.10994 0.550173 0 0
0 0 884 0.334534 -0.461662 0.426798 -0.750668 0 0
0 0 885 0.156907 -0.363136 -0.183279 -0.193921 0 0
0 0 886 1.01599 -1.07515 0.713334 -0.380774 0 0
0 0 887 0.541092 0.626484 0.0657001 0.119894 0 0
0 0 888 0.640819 0.0296242 0.0790058 -0.639285 0 0
0 0 889 1.24755 -0.0673541 -0.159462 0.774007 0 0
0 0 890 0.346673 -0.500853 0.0692677 -0.658401 0 0
0 0 891 0.334483 -0.0266663 -0.360321 0.421931 0 0
0 0 892 -0.178091 0.702611 -1.08289 0.138254 0 0
0 0 893 0.415192 0.411118 -0.214083 -0.0664004 0 0
0 0 894 0.095356 -0.408588 0.111931 0.130748 0 0
0 0 895 0.886558 0.572514 0.136963 -1.01654 0 0
0 0 896 0.160518 -0.426817 0.174207 -0.164663 0 0
0 0 897 -0.70179 -0.0453582 0.137225 -0.250307 0 0
0 0 898 -0.632647 -0.0717227 -0.602715 -0.397665 0 0
0 0 899 0.542736 0.0877655 0.682953 -1.09137 0 0
0 0 900 -0.910159 -0.454691 -0.699917 -0.347922 0 0
0 0 901 -0.590238 -0.092106 0.241777 -0.3993 0 0
0 0 902 -0.159811 0.361641 0.105449 -0.842062 0 0
0 0 903 0.269761 0.204251 0.668792 -0.686423 0 0
0 0 904 0.0913427 -0.17853 0.635492 -0.079175 0 0
0 0 905 1.10001 0.354051 0.220132 0.654293 0 0
0 0 906 -0.256645 -0.672225 -0.461039 -0.0075932 0 0
0 0 907 0.361206 0.162463 0.371742 0.636163 0 0
0 0 908 1.26026 -0.0589125 0.219622 -0.282827 0 0
0 0 909 -0.555823 0.715314 -0.524822 0.574496 0 0
0 0 910 0.202731 0.230731 -0.182989 -0.349556 0 0
0 0 911 0.497129 0.649411 0.213483 0.293089 0 0
0 0 912 0.331825 -0.295803 0.629678 0.858923 0 0
0 0 913 -0.315607 -0.530904 0.187851 0.0434688 0 0
0 0 914 0.182618 0.320228 0.389278 0.549589 0 0
0 0 915 -0.685133 -0.28781 -0.407094 -0.444018 0 0
0 0 916 -1.11778 0.97007 -0.203721 -0.18698 0 0
0 0 917 0.194295 -0.781622 -0.370797 0.0819194 0 0
0 0 918 0.602602 1.22591 0.309784 0.603059 0 0
0 0 919 -0.198089 -0.256721 -0.818584 0.819349 0 0
0 0 920 -0.691703 -0.321918 -0.426255 -0.571267 0 0
0 0 921 0.146497 0.383604 0.0018819 -0.704198 0 0
0 0 922 0.577721 -0.751254 0.904933 0.509548 0 0
0 0 923 0.522269 -0.468824 0.0304076 0.737158 0 0
0 0 924 -0.416859 0.280175 0.783305 -0.270498 0 0
0 0 925 -0.136506 1.22338 -0.611301 0.772354 0 0
0 0 926 -0.0874567 0.314306 0.392324 0.468386 0 0
0 0 927 0.586853 0.156043 -0.0509677 0.323443 0 0
0 0 928 -0.0536817 -0.312271 0.26905 -0.293334 0 0
0 0 929 -0.13882 0.377192 0.0669811 -0.541332 0 0
0 0 930 -0.93697 -0.0906933 0.0438782 0.747667 0 0
0 0 931 -0.441045 -0.568062 -0.595546 -0.243356 0 0
0 0 932 -0.456151 0.565362 -0.558717 0.214669 0 0
0 0 933 0.8487 0.183528 1.00712 0.403434 0 0
0 0 934 -0.164386 -0.954573 0.80857 -0.422536 0 0
0 0 935 -1.21128 -0.127662 -0.521841 -0.676281 0 0
0 0 936 0.126989 -0.247695 -0.479582 0.218363 0 0
0 0 937 0.28497 0.179477 0.209007 0.20364 0 0
0 0 938 0.115531 0.544701 -0.325749 -0.087018 0 0
0 0 939 0.400209 0.760519 -0.693969 -0.309594 0 0
0 0 940 -0.181262 -0.322305 -0.372651 -0.768718 0 0
0 0 941 0.7579 -0.24391 0.339363 -1.41072 0 0
0 0 942 -0.342555 0.907665 0.0190535 -0.249459 0 0
0 0 943 0.0814018 -0.459365 -0.125324 -0.899597 0 0
0 0 944 -0.357573 0.128643 0.697515 -0.290826 0 0
0 0 945 -0.216711 -0.618087 -0.00655314 0.0576625 0 0
0 0 946 0.498389 -0.100314 0.67245 0.810855 0 0
0 0 947 -0.323025 0.625552 -0.307713 -0.10244 0 0
0 0 948 0.136986 -0.174445 0.449988 -0.200874 0 0
0 0 949 0.0949619 -0.141802 -1.04989 0.348693 0 0
0 0 950 -0.586893 -0.375375 0.322638 -1.18866 0 0
0 0 951 -0.216237 -0.154986 0.642497 1.20506 0 0
0 0 952 -0.525298 -0.592063 0.712293 0.00639796 0 0
0 0 953 -0.361949 0.138478 0.316966 -0.0860854 0 0
0 0 954 0.396847 0.609743 -0.925988 1.42597 0 0
0 0 955 1.00317 -0.206454 -0.121286 0.839836 0 0
0 0 956 0.571927 0.457218 -0.249854 -0.28449 0 0
0 0 957 -0.335253 0.183132 -0.212878 -0.60881 0 0
0 0 958 -0.814427 0.873345 -0.221387 -0.14792 0 0
0 0 959 -0.39194 0.245135 0.599346 0.374747 0 0
0 0 960 0.0999637 -0.335683 -0.0106823 -0.223096 0 0
0 0 961 -0.146087 -0.51189 -0.31532 -0.0314615 0 0
0 0 962 0.0358718 0.191448 -0.223493 0.422397 0 0
0 0 963 -0.381788 0.523987 0.444112 -0.0361953 0 0
0 0 964 0.335185 0.0976867 -0.667043 0.0824017 0 0
0 0 965 -0.444455 -0.20936 0.282979 -0.42507 0 0
0 0 966 -0.603326 0.488665 -0.347766 -0.385117 0 0
0 0 967 -0.67088 -0.494685 0.020764 1.29925 0 0
0 0 968 0.355736 0.75488 0.365376 -0.0880174 0 0
0 0 969 -0.764543 0.0571573 1.04476 -0.312427 0 0
0 0 970 -0.896345 -0.485157 0.360976 0.281997 0 0
0 0 971 -0.767251 0.191541 0.273037 -0.330756 0 0
0 0 972 -0.674522 0.22612 -0.798142 0.63531 0 0
0 0 973 0.0714388 -0.0897581 0.170563 0.0192457 0 0
0 0 974 -0.100325 -1.21185 -0.738351 -0.55353 0 0
0 0 975 -0.101202 -0.1838 0.535464 0.998938 0 0
0 0 976 0.49536 -0.460399 -0.169359 0.321283 0 0
0 0 977 0.32438 0.56766 -0.27562 1.14421 0 0
0 0 978 0.862175 1.17077 -0.129152 -0.759993 0 0
0 0 979 -0.353226 0.291263 -0.140144 -0.132316 0 0
0 0 980 0.223714 -0.874846 0.551819 -0.369577 0 0
0 0 981 0.457608 -0.607486 -0.678906 -0.73862 0 0
0 0 982 0.198471 0.0375551 -0.516926 -0.0530811 0 0
0 0 983 -0.454774 0.204242 0.0791663 0.592044 0 0
0 0 984 -0.596243 0.328534 -0.154405 -0.396066 0 0
0 0 985 -0.111406 0.0679123 0.138751 1.2187 0 0
0 0 986 0.11941 -0.201844 0.514694 -0.179506 0 0
0 0 987 -0.462976 -0.127149 -0.266386 0.55767 0 0
0 0 988 -0.268715 -1.10874 0.0895644 -0.780709 0 0
0 0 989 0.417584 -0.101293 0.552307 0.40399 0 0
0 0 990 1.10372 0.630792 0.0511004 -0.497329 0 0
0 0 991 -0.77091 -0.586401 -0.256273 1.27985 0 0
0 0 992 0.23641 -0.00992487 0.579094 0.231707 0 0
0 0 993 0.084035 -0.0255475 0.0926238 -0.00193459 0 0
0 0 994 -0.0174572 1.86248 -0.0745673 0.518133 -1.14635 7.46344
0 0 995 1.00109 0.265909 -0.156497 0.0238019 0 0
0 0 996 -0.0378432 -0.0867563 -0.217645 -0.584172 0 0
0 0 997 0.602028 -0.706046 0.610649 -0.0149276 0 0
0 0 998 0.380501 -0.0307459 0.361976 -0.184931 0 0
0 0 999 -0.504131 -0.116424 0.262625 0.64254 0 0
0 0 1000 1.05413 -1.00381 -0.389373 0.788272 0 0
0 0 1001 0.761099 0.67002 -1.23841 -0.536884 0 0
0 0 1002 -0.528065 -0.461862 0.169379 0.397962 0 0
0 0 1003 0.827818 -0.561526 0.0285479 -0.00779315 0 0
0 0 1004 0.702196 0.0766901 -0.146815 -0.232112 0 0
0 0 1005 -0.331436 -0.999386 0.0661501 0.391371 0 0
0 0 1006 0.398771 -0.0797226 0.427477 0.0782074 0 0
0 0 1007 -0.856365 0.75444 0.038596 -0.947135 0 0
0 0 1008 0.332437 0.417424 -0.0783711 0.364255 0 0
0 0 1009 0.676108 0.234037 -0.0309431 -0.147919 0 0
0 0 1010 0.563986 0.306465 0.251949 -0.512988 0 0
0 0 1011 -0.760821 0.157613 0.315858 0.188221 0 0
0 0 1012 0.422135 -0.385446 0.304262 0.0191593 0 0
0 0 1013 -0.328535 0.714792 -0.0567437 -1.04222 0 0
0 0 1014 -0.0875406 -0.161865 -0.58309 -1.05251 0 0
0 0 1015 0.700975 -0.0732819 0.494042 -0.332567 0 0
0 0 1016 -0.660149 0.455232 -0.496537 -0.71977 0 0
0 0 1017 0.036794 0.514681 0.683773 -0.122996 0 0
0 0 1018 -0.949019 -0.269175 -0.18465 0.0160183 0 0
0 0 1019 -0.0631119 -0.218395 -0.631038 0.265891 0 0
0 0 1020 -0.257821 -0.946478 0.0100846 0.345429 0 0
0 0 1021 0.86529 0.403006 1.05192 0.366362 0 0
0 0 1022 0.422398 0.406918 -0.220185 -0.67607 0 0
0 0 1023 0.205825 0.149814 0.555078 0.822026 0 0
