# File: uwl_181104_065753_b4.rf.sbH2.RMC_aux Src: J1713+0747 Nsub: 1 Nch: 1 Npol: 4 Nbin: 1024 RMS: 3.11352
0 0 0 2.52585 -3.17088 -3.98319 2.75743 0 0
0 0 1 -2.10169 -0.519253 2.00706 -6.60797 0 0
0 0 2 2.63602 2.35749 1.48565 3.34217 0 0
0 0 3 -4.38811 9.11895 3.59808 -2.01608 0 0
0 0 4 5.59623 -7.60263 1.06481 3.10594 0 0
0 0 5 0.628124 -1.62532 -0.722848 3.50458 0 0
0 0 6 0.559109 -1.89766 1.55119 -0.0958454 0 0
0 0 7 4.46676 0.92851 3.81922 2.56871 0 0
0 0 8 -1.00167 -4.58721 -4.52044 -1.6688 0 0
0 0 9 2.27962 -0.214308 -2.63796 1.34582 0 0
0 0 10 -0.915085 5.18625 3.92511 3.27667 0 0
0 0 11 1.05317 -9.81522 -0.0134134 -3.8383 0 0
0 0 12 0.279351 2.69064 -3.04956 2.69782 0 0
0 0 13 0.160513 -3.48473 -1.28416 1.23711 0 0
0 0 14 1.41252 -3.87951 3.0048 -0.0280329 0 0
0 0 15 1.05924 -1.13628 -0.467497 1.76731 0 0
0 0 16 0.444086 2.28708 0.182072 1.05009 0 0
0 0 17 1.1108 -2.67085 0.619233 -1.05847 0 0
0 0 18 0.82273 -0.394936 1.29097 1.72133 0 0
0 0 19 3.63739 -2.5817 -0.931943 4.09476 0 0
0 0 20 -2.9642 2.40968 -5.36293 2.07553 0 0
0 0 21 5.26867 1.5776 2.58189 -3.45274 0 0
0 0 22 3.02128 0.927192 0.878296 -1.74487 0 0
0 0 23 -1.64815 0.0747503 2.44588 2.84586 0 0
0 0 24 -3.55286 3.69294 0.4072 -1.52009 0 0
0 0 25 6.16511 1.75613 6.11346 4.20594 0 0
0 0 26 -2.0443 -1.18704 -1.31237 0.549917 0 0
0 0 27 -0.218426 5.71157 -3.16234 -5.49574 0 0
0 0 28 1.09416 1.49198 -2.87472 0.159279 0 0
0 0 29 -0.339759 -3.30001 1.56925 1.33414 0 0
0 0 30 0.11102 -0.566356 -5.00621 1.65997 0 0
0 0 31 -2.6029 2.04523 -2.56283 -1.53551 0 0
0 0 32 1.51385 3.3277 -2.37107 -4.38053 0 0
0 0 33 2.33769 3.22576 -3.76195 1.01432 0 0
0 0 34 2.34376 0.388513 -5.39195 -10.2111 0 0
0 0 35 -1.54263 1.51939 -0.160427 3.33675 0 0
0 0 36 -1.93806 -5.99912 -1.60727 3.66657 0 0
0 0 37 2.09296 -7.21739 0.514805 1.04465 0 0
0 0 38 4.45428 7.03684 0.801607 -2.47847 0 0
0 0 39 -0.221412 -0.568953 2.22398 -1.91476 0 0
0 0 40 -3.1451 1.7776 3.13231 0.145805 0 0
0 0 41 -2.56372 1.12096 0.839085 1.62055 0 0
0 0 42 -3.7607 -1.52712 -4.13428 -2.71834 0 0
0 0 43 5.037 2.92038 4.34701 -1.41656 0 0
0 0 44 3.02073 4.695 -2.30432 6.51114 0 0
0 0 45 1.75416 1.58121 1.13768 -1.78909 0 0
0 0 46 -2.15274 -0.187568 -0.673669 2.44221 0 0
0 0 47 0.519783 -5.5994 -0.373807 -1.89288 0 0
0 0 48 -2.33524 3.80083 6.56886 -1.04951 0 0
0 0 49 -2.41884 -4.33347 4.27359 0.843107 0 0
0 0 50 -3.72223 1.09996 5.51837 -7.14212 0 0
0 0 51 -1.21575 -1.19959 -0.0830738 1.69581 0 0
0 0 52 0.35049 0.467892 3.6395 1.86411 0 0
0 0 53 1.70481 -1.41469 -0.421538 1.59977 0 0
0 0 54 0.0408287 -8.54009 -0.244745 -0.87921 0 0
0 0 55 3.07233 -2.50116 2.28896 2.55934 0 0
0 0 56 2.58915 0.739451 -5.42025 -0.112475 0 0
0 0 57 -1.24018 -0.372768 -4.66097 -2.34591 0 0
0 0 58 5.06156 1.41938 5.05891 3.68502 0 0
0 0 59 8.37733 1.40249 2.29548 -1.64798 0 0
0 0 60 0.919252 -4.44202 3.2149 4.35995 0 0
0 0 61 -2.14594 -0.333281 -1.27788 7.52289 0 0
0 0 62 -0.364452 -7.56396 -1.55039 1.43901 0 0
0 0 63 1.97523 0.604805 1.37979 -5.88419 0 0
0 0 64 1.43424 7.56177 3.38603 1.92313 0 0
0 0 65 -0.734328 -3.36287 -0.0661268 -1.6699 0 0
0 0 66 1.82552 -1.31366 2.17468 1.0527 0 0
0 0 67 0.028044 -0.0318714 0.374747 7.76361 0 0
0 0 68 -2.02046 2.33135 -1.29873 1.24586 0 0
0 0 69 5.05969 -0.902529 1.27716 3.45676 0 0
0 0 70 0.50158 -4.0234 -3.99751 3.14135 0 0
0 0 71 1.01858 0.757105 4.29048 -1.37629 0 0
0 0 72 5.52929 -2.75667 -4.28904 0.966652 0 0
0 0 73 1.88518 0.983584 3.22878 -0.71417 0 0
0 0 74 5.38968 -0.880061 3.08954 -2.99492 0 0
0 0 75 2.40589 4.19895 2.30912 -2.58761 0 0
0 0 76 0.879344 2.99274 -1.3023 0.164777 0 0
0 0 77 3.66449 -0.958217 -1.26375 -2.92203 0 0
0 0 78 2.52049 0.978571 -0.996562 4.93987 0 0
0 0 79 0.373884 -0.196813 4.73714 0.764578 0 0
0 0 80 -2.90909 0.514755 -2.03449 3.13325 0 0
0 0 81 0.652217 -1.69778 0.927931 -2.06152 0 0
0 0 82 -0.350735 1.47601 6.9124 -4.8023 0 0
0 0 83 3.56137 4.81573 0.789236 -0.387438 0 0
0 0 84 4.0569 2.11549 -3.67656 1.84759 0 0
0 0 85 -1.11962 -3.54936 -1.63892 -0.986423 0 0
0 0 86 -2.21921 0.0212551 0.414696 -2.06712 0 0
0 0 87 -1.1992 8.61485 2.30557 3.48005 0 0
0 0 88 8.08389 5.4645 -2.50311 0.524536 0 0
0 0 89 -3.80021 -2.587 8.57 -3.20774 0 0
0 0 90 1.72344 1.11735 2.00157 1.73473 0 0
0 0 91 -3.56083 -1.72603 -0.42511 -1.30669 0 0
0 0 92 1.88662 -6.66381 -1.78679 -0.38797 0 0
0 0 93 1.78164 3.89271 -5.90555 5.30201 0 0
0 0 94 1.88803 -2.23651 -3.62893 5.01031 0 0
0 0 95 0.776704 3.16332 -1.91855 3.10385 0 0
0 0 96 -2.03655 -1.11214 -1.05697 0.655799 0 0
0 0 97 0.219882 8.01339 -2.02512 -0.106373 0 0
0 0 98 -3.65833 1.18866 -3.96151 0.964649 0 0
0 0 99 3.11337 -2.09643 -0.100962 0.942114 0 0
0 0 100 -1.36954 -3.21405 -4.64989 -6.03607 0 0
0 0 101 6.71457 4.56919 -2.86738 2.36528 0 0
0 0 102 0.300439 -4.67063 -1.18901 -2.07954 0 0
0 0 103 -1.74209 7.74743 2.59985 -4.29616 0 0
0 0 104 -1.72023 -1.56833 -4.34645 0.408274 0 0
0 0 105 -2.08359 2.16746 0.214248 3.3607 0 0
0 0 106 0.240184 -0.156699 2.92301 -3.5258 0 0
0 0 107 4.7465 1.12947 -4.513 -0.105786 0 0
0 0 108 -6.82447 -3.74554 1.88829 -0.583093 0 0
0 0 109 -4.68197 -1.90735 2.30359 -0.0389745 0 0
0 0 110 1.78419 7.11523 0.385488 -4.69745 0 0
0 0 111 -1.556 -0.493495 -0.185345 -0.808369 0 0
0 0 112 -3.8454 3.40552 3.06325 2.08398 0 0
0 0 113 -1.41287 2.43992 -2.61236 2.48516 0 0
0 0 114 5.62471 -5.77592 -1.26488 4.82464 0 0
0 0 115 -0.301718 -1.1497 -2.17061 4.01869 0 0
0 0 116 0.5147 -5.55433 3.69203 -6.07557 0 0
0 0 117 4.10419 2.01784 -2.27254 2.02608 0 0
0 0 118 -2.54882 4.34566 0.430584 -0.0717987 0 0
0 0 119 0.988818 -2.37889 1.45027 -1.04509 0 0
0 0 120 5.78005 -2.3143 -1.87602 0.493481 0 0
0 0 121 4.84557 0.795514 -2.59558 -3.75195 0 0
0 0 122 2.60593 -4.63144 -2.40987 2.07499 0 0
0 0 123 2.45948 2.58687 1.55735 -0.293454 0 0
0 0 124 1.31959 6.40636 0.114205 -8.95514 0 0
0 0 125 -7.09363 -5.21806 -1.37548 8.66091 0 0
0 0 126 0.518719 1.03719 -0.0211436 -0.233691 0 0
0 0 127 4.47645 4.64401 -1.54226 -1.36223 0 0
0 0 128 -2.77261 -5.52759 2.66277 1.29302 0 0
0 0 129 -4.77624 -2.02 -0.116677 1.20287 0 0
0 0 130 -3.12022 0.64826 -2.47588 -2.76414 0 0
0 0 131 -5.61285 4.24824 -5.5586 2.71342 0 0
0 0 132 2.19298 -3.94046 3.08657 1.7434 0 0
0 0 133 -3.48968 -1.51404 1.06554 -9.68261 0 0
0 0 134 -2.46885 -8.61054 -1.01606 -3.06868 0 0
0 0 135 -0.113515 3.25198 -4.10893 0.642623 0 0
0 0 136 4.93404 0.351041 -0.138495 -3.31805 0 0
0 0 137 1.66646 -5.09608 2.43372 -3.715 0 0
0 0 138 -4.17609 -2.55926 -2.75432 3.63339 0 0
0 0 139 0.995839 0.694522 0.228158 0.413692 0 0
0 0 140 -3.1601 -2.29044 1.06241 -0.023153 0 0
0 0 141 -2.18129 -2.50039 -5.30082 0.978135 0 0
0 0 142 1.06651 -0.30999 -2.78032 3.83824 0 0
0 0 143 4.14623 -4.83442 -0.319446 0.919111 0 0
0 0 144 2.77814 1.07208 -0.946949 3.34222 0 0
0 0 145 6.16053 0.0314546 1.82537 0.715657 0 0
0 0 146 -0.567859 2.28822 0.939732 4.44666 0 0
0 0 147 -1.20574 -5.42937 -5.64428 -0.163143 0 0
0 0 148 4.41968 3.2729 3.62818 -1.02975 0 0
0 0 149 -5.29041 -2.47155 -0.542813 0.449834 0 0
0 0 150 1.41419 5.65608 0.350452 6.64824 0 0
0 0 151 4.41337 5.81401 1.4854 -3.96518 0 0
0 0 152 2.69332 2.07467 1.11216 -1.61271 0 0
0 0 153 5.05862 8.04295 -3.28468 -1.77742 0 0
0 0 154 1.61529 4.77165 -0.0718579 -2.75056 0 0
0 0 155 1.15283 2.53103 -1.20101 -0.499197 0 0
0 0 156 -2.63144 0.514608 2.13773 -1.65276 0 0
0 0 157 -0.348835 1.61535 -5.41575 -2.53494 0 0
0 0 158 0.462834 -1.42673 3.67267 7.22459 0 0
0 0 159 1.3064 -1.09605 2.68279 -0.328953 0 0
0 0 160 -0.376524 -6.17392 -1.73539 -0.726202 0 0
0 0 161 4.70728 -1.73036 3.61042 1.20469 0 0
0 0 162 -2.89586 1.33535 0.0159454 -1.9511 0 0
0 0 163 -1.29575 1.61526 0.397748 7.10837 0 0
0 0 164 0.738141 2.75245 1.38547 -1.86135 0 0
0 0 165 3.15052 -2.83459 -1.616 1.39564 0 0
0 0 166 3.24085 0.0639614 2.81006 0.870773 0 0
0 0 167 -4.12248 3.70831 -2.90172 -6.63429 0 0
0 0 168 -0.579756 -0.0835262 4.65324 -0.771855 0 0
0 0 169 1.52565 4.82656 -0.00943629 -1.55981 0 0
0 0 170 0.964735 5.51901 4.5007 3.3045 0 0
0 0 171 5.0651 1.28147 7.26392 1.52952 0 0
0 0 172 1.20323 2.50214 5.40587 2.86695 0 0
0 0 173 1.72258 1.39773 3.43408 1.6442 0 0
0 0 174 -1.66327 1.13271 -0.0115127 8.34417 0 0
0 0 175 1.20651 -1.60457 -0.170451 3.88434 0 0
0 0 176 -2.89004 -2.98729 -3.70958 -2.03742 0 0
0 0 177 -3.77885 -4.57378 0.944362 3.28248 0 0
0 0 178 3.51779 0.49423 -4.64278 5.14073 0 0
0 0 179 -4.28561 4.57901 2.25658 3.72882 0 0
0 0 180 2.80342 -0.514338 1.80317 -0.81247 0 0
0 0 181 3.63269 4.32265 -0.060082 1.73769 0 0
0 0 182 0.578087 0.933248 -3.0271 -3.32662 0 0
0 0 183 1.28303 3.27291 4.5893 -3.56038 0 0
0 0 184 8.52212 1.49647 10.5322 -4.95565 40.9566 8.43143
0 0 185 5.38019 -1.50377 -4.59241 0.97825 0 0
0 0 186 0.881171 1.19396 5.45195 -1.19396 0 0
0 0 187 0.937325 4.19022 4.45653 1.07573 0 0
0 0 188 -1.28175 1.27669 -0.908945 -0.964588 0 0
0 0 189 6.27542 -1.02609 1.64404 -2.0629 0 0
0 0 190 2.38891 -0.394522 -4.61849 3.70963 0 0
0 0 191 0.948216 0.458029 1.90804 1.63676 0 0
0 0 192 2.05814 -1.48677 -1.3946 -2.58127 0 0
0 0 193 2.33968 4.34892 0.124386 5.20755 0 0
0 0 194 4.05591 0.891306 -0.0372107 -0.242205 0 0
0 0 195 -2.36332 1.21967 1.75276 -3.18035 0 0
0 0 196 0.81444 -2.57877 0.421254 2.23264 0 0
0 0 197 2.79178 5.52934 -3.68916 2.22185 0 0
0 0 198 0.495381 -5.34331 -3.03375 0.671917 0 0
0 0 199 -2.01306 -4.17709 -1.5127 3.24943 0 0
0 0 200 -0.323182 -0.0433588 3.88023 -2.83478 0 0
0 0 201 -3.49455 2.34734 2.16332 -0.916167 0 0
0 0 202 5.3609 5.73959 -0.410084 3.71717 0 0
0 0 203 -1.76837 -2.89967 -0.613591 8.55423 0 0
0 0 204 -2.13579 1.33629 -6.06773 -2.25619 0 0
0 0 205 -0.832631 -1.39697 -2.12559 -2.9619 0 0
0 0 206 5.51859 -1.48256 -1.06785 2.21254 0 0
0 0 207 -2.59049 -2.96944 2.66164 3.83797 0 0
0 0 208 1.89201 -5.64026 0.62571 0.621368 0 0
0 0 209 3.98379 2.01501 -1.20146 1.67626 0 0
0 0 210 -1.53775 -0.342812 4.58928 1.93755 0 0
0 0 211 -2.42566 1.17797 1.40481 0.0943397 0 0
0 0 212 0.258391 2.26584 0.853496 4.62655 0 0
0 0 213 -1.79909 -0.146469 -2.05267 -2.74012 0 0
0 0 214 -0.576769 -1.99056 3.11584 -3.2753 0 0
0 0 215 2.67772 4.83673 1.6753 2.01109 0 0
0 0 216 -6.07671 -2.58093 -1.52362 -2.61436 0 0
0 0 217 2.3034 0.633679 -0.200228 1.09948 0 0
0 0 218 8.06775 -2.77479 -0.801018 3.08687 0 0
0 0 219 0.426783 -1.34051 0.299324 2.36684 0 0
0 0 220 1.19917 -4.38114 3.27661 -4.90124 0 0
0 0 221 -2.49025 -4.06848 1.964 -3.03523 0 0
0 0 222 9.03992 5.67084 1.35809 0.041033 0 0
0 0 223 -2.25424 -4.44617 -3.69745 -0.750462 0 0
0 0 224 -0.554348 2.18583 -1.51898 0.824811 0 0
0 0 225 7.0714 -2.84726 1.97355 -1.93173 0 0
0 0 226 4.80457 3.12758 3.67418 -4.29702 0 0
0 0 227 2.84289 0.514855 -1.4796 -6.13154 0 0
0 0 228 0.751594 -1.02176 -6.49256 0.751887 0 0
0 0 229 -1.60335 2.71203 -3.20545 6.47565 0 0
0 0 230 6.74672 6.00251 0.595971 6.85309 0 0
0 0 231 4.70341 -2.40255 3.24385 5.88635 0 0
0 0 232 -4.43602 3.49814 -0.0695809 4.46728 0 0
0 0 233 -2.50155 -0.488489 -4.113 1.21797 0 0
0 0 234 4.10297 2.29404 -2.14348 1.19179 0 0
0 0 235 -3.06857 -2.90446 2.04424 -7.97807 0 0
0 0 236 2.21937 5.96607 0.151203 1.83013 0 0
0 0 237 0.524267 0.453103 -2.35669 3.93516 0 0
0 0 238 1.35535 -3.30966 0.800001 0.20593 0 0
0 0 239 5.72643 2.91965 -3.69011 -1.95644 0 0
0 0 240 -2.74902 -1.37167 -4.07953 -0.880543 0 0
0 0 241 -2.30064 -0.14799 -1.49115 1.07673 0 0
0 0 242 0.444737 -1.61573 -2.55134 1.19074 0 0
0 0 243 7.3528 -0.885243 -0.662193 -0.169078 0 0
0 0 244 -0.498926 -2.07265 -5.16845 2.12 0 0
0 0 245 2.31101 6.73612 -0.0391102 -0.307561 0 0
0 0 246 -2.02451 0.372869 1.51107 0.672889 0 0
0 0 247 -0.806383 -3.02174 4.4107 -1.38452 0 0
0 0 248 3.65424 -4.38865 -2.57231 -3.6999 0 0
0 0 249 -2.62736 -0.143259 2.64113 1.81469 0 0
0 0 250 0.518651 0.381432 0.923292 -2.62596 0 0
0 0 251 1.43406 2.92744 -1.35016 0.985608 0 0
0 0 252 -1.31222 -1.57998 -2.83882 -2.20019 0 0
0 0 253 5.34017 -1.16619 -0.951832 -6.59287 0 0
0 0 254 1.19121 4.58043 3.07551 2.27462 0 0
0 0 255 -2.36465 -0.00822246 -1.63687 1.54434 0 0
0 0 256 -1.79203 -6.40487 -1.20351 4.85091 0 0
0 0 257 -5.18474 -2.09701 1.47289 2.37626 0 0
0 0 258 2.92091 -3.02988 -1.19694 0.536184 0 0
0 0 259 -1.33668 -3.0836 5.1361 0.671254 0 0
0 0 260 2.16289 -1.58779 2.20702 2.66858 0 0
0 0 261 -0.179401 1.93047 0.185307 5.54851 0 0
0 0 262 4.89088 -4.63853 -1.75088 4.73637 0 0
0 0 263 -1.3599 -3.81632 0.985976 -3.33275 0 0
0 0 264 0.363098 -1.18176 -0.504695 -1.65166 0 0
0 0 265 0.0119615 -3.09148 -5.32867 0.890839 0 0
0 0 266 9.30207 0.942714 0.992322 -0.936171 0 0
0 0 267 1.71206 2.33615 -0.87257 -3.64184 0 0
0 0 268 -2.72635 2.05534 -2.30486 2.60464 0 0
0 0 269 -1.54196 4.10985 -4.7797 6.16942 0 0
0 0 270 -5.98903 -4.05844 -2.04864 2.06746 0 0
0 0 271 2.46335 -3.1798 -2.54648 -0.572421 0 0
0 0 272 -1.91316 2.2323 -4.19128 2.03432 0 0
0 0 273 -1.86774 2.90606 1.09654 -1.48097 0 0
0 0 274 1.99507 7.59807 -1.04837 0.868903 0 0
0 0 275 4.80394 4.16497 5.45018 -3.99158 0 0
0 0 276 -0.101955 -3.48436 1.68805 1.3567 0 0
0 0 277 -3.74326 1.06348 0.499788 2.67801 0 0
0 0 278 2.31701 -1.58472 -1.39702 1.69207 0 0
0 0 279 -5.33779 -2.33213 -4.04197 -1.47624 0 0
0 0 280 3.84973 2.24624 3.80044 0.164504 0 0
0 0 281 -3.90569 -2.53701 -0.891767 -3.91343 0 0
0 0 282 4.4973 1.47047 4.37012 1.67078 0 0
0 0 283 3.84114 -0.939951 -4.63872 -0.847101 0 0
0 0 284 1.1516 -1.4354 -0.958288 -0.580017 0 0
0 0 285 1.56737 -1.86914 3.24085 2.75198 0 0
0 0 286 4.21169 5.33954 -4.04132 -4.00079 0 0
0 0 287 3.72493 -3.63151 3.49524 -3.84068 0 0
0 0 288 2.28637 3.95976 5.97582 -2.16275 0 0
0 0 289 0.244439 2.65229 2.46636 -1.02366 0 0
0 0 290 3.71606 -2.79443 -0.396894 0.808777 0 0
0 0 291 3.38069 1.82853 0.89824 -5.32527 0 0
0 0 292 -4.24823 -3.41161 -1.79732 0.612315 0 0
0 0 293 -3.81642 -5.6625 -2.06446 -1.2547 0 0
0 0 294 1.36291 1.43678 4.77712 3.3315 0 0
0 0 295 0.0348511 -4.01728 3.54869 1.90552 0 0
0 0 296 -4.80789 -1.30265 -5.38188 5.31683 0 0
0 0 297 -5.9008 -2.84348 -2.65809 -0.505391 0 0
0 0 298 -2.46495 0.958432 1.20933 -0.796762 0 0
0 0 299 3.28005 -5.62413 0.241519 5.0503 0 0
0 0 300 -2.52675 -0.705421 3.87853 -3.61507 0 0
0 0 301 -1.75244 0.613843 2.61481 0.474232 0 0
0 0 302 -2.03922 0.0106014 -0.672513 -4.25338 0 0
0 0 303 1.70767 -0.173223 0.0767424 3.89172 0 0
0 0 304 -8.37396 -2.85746 2.33117 -5.42021 0 0
0 0 305 -1.7622 0.526118 1.81488 -3.49326 0 0
0 0 306 -0.621716 -1.60757 -1.20711 6.32662 0 0
0 0 307 1.06788 -2.49092 -0.447977 1.72417 0 0
0 0 308 3.18028 -1.34036 3.66698 0.033709 0 0
0 0 309 6.83678 1.71149 1.65729 0.762612 0 0
0 0 310 -3.26567 -1.73035 -4.17542 -0.426527 0 0
0 0 311 5.17926 2.27047 -5.68231 -2.51231 0 0
0 0 312 1.98043 1.8576 -4.09221 2.7169 0 0
0 0 313 0.0176532 -5.07415 7.18445 4.52913 0 0
0 0 314 2.97559 0.389898 -1.39601 -2.29607 0 0
0 0 315 0.933798 7.22416 -2.50084 -1.27142 0 0
0 0 316 -0.80304 6.35616 3.52282 1.73813 0 0
0 0 317 -3.69344 0.0463426 -0.907029 -2.2571 0 0
0 0 318 3.20105 0.364308 3.7969 0.479409 0 0
0 0 319 -2.54035 -5.68658 -1.59871 -5.22469 0 0
0 0 320 -0.378786 5.32655 2.37895 1.54043 0 0
0 0 321 1.65785 5.73907 0.568738 0.988961 0 0
0 0 322 3.94861 -1.65119 4.9784 0.472738 0 0
0 0 323 -2.39399 -1.05855 3.59355 -0.497533 0 0
0 0 324 -2.92099 1.77081 0.60279 0.483986 0 0
0 0 325 -3.37307 -3.53267 -2.93554 -0.0205046 0 0
0 0 326 9.59347 -0.874221 2.24832 4.42383 0 0
0 0 327 0.801049 -0.523927 2.22155 0.850692 0 0
0 0 328 6.36736 -7.47855 0.385449 -1.71693 0 0
0 0 329 -2.70838 -3.35749 1.48767 -0.23152 0 0
0 0 330 2.62766 -1.26434 1.11697 -2.20593 0 0
0 0 331 4.07561 6.40307 1.68532 1.78267 0 0
0 0 332 7.11289 2.4271 1.98026 2.1655 0 0
0 0 333 0.0945576 1.42254 -7.40929 -0.576892 0 0
0 0 334 -0.869811 4.49011 -1.87349 3.19095 0 0
0 0 335 -2.16677 5.08043 -2.31582 -0.449608 0 0
0 0 336 -3.58676 -0.390044 -3.4168 -7.37016 0 0
0 0 337 2.36062 0.258568 -3.71199 -3.66809 0 0
0 0 338 3.54306 2.96865 -0.972645 1.5198 0 0
0 0 339 0.784537 2.49304 -4.9288 0.31174 0 0
0 0 340 -1.2702 -0.355383 -2.38769 -1.08682 0 0
0 0 341 -6.84264 -2.14176 -1.38593 2.08854 0 0
0 0 342 -2.48623 0.298904 -2.83591 -2.36803 0 0
0 0 343 -5.65226 1.19099 -2.84523 0.905603 0 0
0 0 344 1.248 2.97126 0.994315 0.407027 0 0
0 0 345 0.202225 4.01247 0.0649959 -2.06275 0 0
0 0 346 0.154604 2.99602 2.04235 -2.95938 0 0
0 0 347 3.47521 -0.345019 -1.09734 -1.49695 0 0
0 0 348 -0.346711 0.238228 1.30385 -0.820217 0 0
0 0 349 -2.44218 3.55018 1.58627 -1.96434 0 0
0 0 350 -0.165871 4.11666 -4.79153 -4.53335 0 0
0 0 351 -1.6403 2.3748 -3.91886 -0.63134 0 0
0 0 352 1.23179 0.680699 -5.44866 2.02911 0 0
0 0 353 2.20411 4.06903 0.658507 -1.97696 0 0
0 0 354 -0.224404 -3.04536 0.810749 7.40987 0 0
0 0 355 -0.468373 0.478384 -2.82278 0.47423 0 0
0 0 356 -3.54801 0.0197909 2.20494 -1.30143 0 0
0 0 357 -0.394136 3.89224 7.76133 3.1966 0 0
0 0 358 0.0343962 -3.78833 1.22537 0.720565 0 0
0 0 359 -3.41919 -0.662139 -4.81881 2.66225 0 0
0 0 360 -2.16751 3.19504 -1.14659 1.425 0 0
0 0 361 -2.3543 -0.637641 -2.61757 -0.281229 0 0
0 0 362 -2.8646 -4.64372 -5.09262 -3.24671 0 0
0 0 363 0.89632 -4.13021 0.639248 -2.10082 0 0
0 0 364 -2.57653 1.28111 0.773078 -0.506908 0 0
0 0 365 -1.58576 -2.76355 -6.94714 -1.55285 0 0
0 0 366 3.07203 2.54919 2.80462 0.73751 0 0
0 0 367 -0.0246842 3.50221 -1.32589 4.54743 0 0
0 0 368 -0.971676 -1.96804 1.39974 2.83969 0 0
0 0 369 -3.7902 -1.54611 7.52194 3.39002 0 0
0 0 370 -3.74558 1.27296 0.912079 -4.27247 0 0
0 0 371 1.16367 2.03249 -3.58161 -3.74167 0 0
0 0 372 3.74864 -1.49341 0.000638305 2.94959 0 0
0 0 373 -1.40691 -6.57578 1.93502 -4.38299 0 0
0 0 374 1.00544 -2.70066 3.98141 -0.0768184 0 0
0 0 375 -0.518583 0.818905 -1.83869 -1.00994 0 0
0 0 376 -4.56731 -1.96834 -4.13363 -1.49988 0 0
0 0 377 1.56345 7.42632 1.41708 4.0397 0 0
0 0 378 0.114791 6.61219 -0.25432 -0.642469 0 0
0 0 379 -1.62494 3.30027 0.467768 1.34799 0 0
0 0 380 1.65511 2.17565 3.58761 -0.153268 0 0
0 0 381 -3.48287 3.0392 -3.18196 3.33671 0 0
0 0 382 -1.3901 -1.67024 -0.673625 -5.40361 0 0
0 0 383 4.18738 1.34396 -1.78676 -0.898876 0 0
0 0 384 2.12441 -2.21237 -1.41356 -5.38407 0 0
0 0 385 3.9801 2.09555 5.04653 2.35649 0 0
0 0 386 -3.29958 -1.8008 -0.819454 -4.10211 0 0
0 0 387 -2.3331 -3.92583 -0.0111331 2.19293 0 0
0 0 388 0.99807 -4.20325 -1.95554 -5.67815 0 0
0 0 389 2.061 3.8311 2.00823 0.402294 0 0
0 0 390 2.17495 0.639444 4.99256 3.83729 0 0
0 0 391 -5.51956 -1.85524 -0.192797 -0.125235 0 0
0 0 392 1.94881 -0.584149 0.344205 1.2292 0 0
0 0 393 0.435612 -2.74287 3.87805 -4.41422 0 0
0 0 394 -3.13614 -2.46753 1.14977 -0.557545 0 0
0 0 395 -3.39051 -0.772792 -4.86084 0.0598818 0 0
0 0 396 0.358639 3.31901 3.04119 2.09547 0 0
0 0 397 -0.171183 -2.65475 3.47504 2.08575 0 0
0 0 398 0.446728 -3.06867 5.24143 0.276246 0 0
0 0 399 1.009 0.693031 -2.28798 1.37138 0 0
0 0 400 0.516977 3.95357 1.62717 -5.54381 0 0
0 0 401 1.74824 -3.25294 -1.48641 0.075103 0 0
0 0 402 0.0873065 -1.494 0.595017 -4.68168 0 0
0 0 403 2.52138 -4.27388 -0.166327 1.51202 0 0
0 0 404 -1.44165 2.11071 -2.36652 9.85811 0 0
0 0 405 1.07809 -5.24959 -1.77402 5.78641 0 0
0 0 406 0.842144 0.317427 1.85791 0.33565 0 0
0 0 407 -0.511509 2.62045 -0.0105675 4.07804 0 0
0 0 408 -2.47484 0.487726 3.0105 -2.45541 0 0
0 0 409 0.884064 -1.85907 -1.12537 -1.83232 0 0
0 0 410 -1.3638 -2.80601 0.432421 -3.05634 0 0
0 0 411 -6.2229 -2.8696 1.13688 0.92412 0 0
0 0 412 -2.16072 -0.415273 -1.58322 -1.75352 0 0
0 0 413 6.02273 4.13306 2.28537 -0.30536 0 0
0 0 414 -0.19496 1.97769 -0.0743256 -2.58447 0 0
0 0 415 2.27571 1.25671 1.81145 1.01054 0 0
0 0 416 4.99999 1.3891 -1.59815 -3.74765 0 0
0 0 417 -0.944907 -1.50168 1.06056 1.41656 0 0
0 0 418 5.70432 0.0784295 -0.447505 4.7419 0 0
0 0 419 3.4767 2.86395 2.85531 -1.1051 0 0
0 0 420 0.648803 1.81997 0.996401 5.89181 0 0
0 0 421 -3.17981 1.19225 -0.292299 -0.322112 0 0
0 0 422 0.942675 -1.82952 2.61899 1.15747 0 0
0 0 423 0.185315 -1.22473 0.400676 2.12892 0 0
0 0 424 3.44017 0.286348 0.296876 -2.82079 0 0
0 0 425 -3.25391 4.27747 -0.0864898 -2.10239 0 0
0 0 426 -0.388079 0.465783 -6.30479 3.89999 0 0
0 0 427 -0.213849 6.65693 -2.03587 -2.92504 0 0
0 0 428 2.68043 5.41881 -3.53086 3.69503 0 0
0 0 429 9.24944 -0.00586414 -1.71253 -0.510432 0 0
0 0 430 1.50558 2.19204 0.877136 1.03775 0 0
0 0 431 4.40489 -2.06916 7.94983 1.5927 0 0
0 0 432 4.00445 2.0506 6.19265 -4.7521 0 0
0 0 433 0.136567 -1.47359 -2.17835 9.07976 0 0
0 0 434 0.583608 7.68982 0.897099 0.125618 0 0
0 0 435 -1.96446 -0.927116 5.31846 4.91127 0 0
0 0 436 2.58424 -2.24629 -1.25917 9.91587 0 0
0 0 437 3.05426 2.19935 3.37483 -3.50884 0 0
0 0 438 0.929791 1.34944 1.68496 1.35565 0 0
0 0 439 1.78231 4.65563 2.96378 4.12064 0 0
0 0 440 2.23837 -0.94131 -3.631 -0.142572 0 0
0 0 441 -2.87725 -6.42782 -3.30579 0.965349 0 0
0 0 442 -0.977118 3.41189 3.59649 3.532 0 0
0 0 443 0.665452 1.65982 4.28695 6.26004 0 0
0 0 444 3.46545 0.993656 2.99754 -2.44983 0 0
0 0 445 1.65698 -3.22992 -0.935724 2.32644 0 0
0 0 446 4.41679 7.28064 -1.8434 -3.70601 0 0
0 0 447 5.13584 -1.01853 -0.853643 -1.37446 0 0
0 0 448 1.49013 0.990856 -8.28756 -1.8646 0 0
0 0 449 -3.0537 1.04685 -4.70177 -3.11639 0 0
0 0 450 -1.73638 4.04487 5.32326 -2.69105 0 0
0 0 451 0.791591 0.27984 -0.0490375 5.94016 0 0
0 0 452 -1.57624 1.72388 -6.38326 2.91922 0 0
0 0 453 2.83728 0.570262 -5.32559 -0.609224 0 0
0 0 454 -5.61594 2.72924 -3.06102 -3.5246 0 0
0 0 455 4.72885 -3.05681 -5.28719 2.72615 0 0
0 0 456 1.34763 2.75183 1.03064 -2.67351 0 0
0 0 457 4.86829 -1.50275 0.781292 -0.0577476 0 0
0 0 458 -1.52459 2.72955 -4.70295 -1.62342 0 0
0 0 459 1.38411 1.80721 0.823081 1.85705 0 0
0 0 460 -0.738851 -5.5276 -0.86445 -2.28143 0 0
0 0 461 -5.85352 -1.30689 -0.435319 -1.18263 0 0
0 0 462 6.14139 -3.47731 3.93953 3.05704 0 0
0 0 463 1.46992 6.06833 -4.50207 -0.305572 0 0
0 0 464 -3.29732 -0.0270222 -3.98081 3.81663 0 0
0 0 465 -1.50304 2.64946 -1.37293 -3.48366 0 0
0 0 466 1.02418 -0.796611 -3.17326 4.13385 0 0
0 0 467 -2.47965 2.09512 -1.24232 1.47812 0 0
0 0 468 -1.2616 -1.27397 -1.15266 3.04236 0 0
0 0 469 2.48842 2.84115 -1.03693 -1.86318 0 0
0 0 470 1.11363 4.79157 2.88936 -0.742679 0 0
0 0 471 -2.47564 0.603859 0.0424148 -1.24146 0 0
0 0 472 -1.95516 2.52021 3.70816 1.30842 0 0
0 0 473 0.42192 3.62038 -5.35113 0.136906 0 0
0 0 474 -4.75291 2.35569 3.37997 5.31845 0 0
0 0 475 0.622075 2.39185 0.0884259 5.07594 0 0
0 0 476 0.140964 0.191528 5.21572 2.54773 0 0
0 0 477 -3.44975 1.60053 0.749442 -1.43004 0 0
0 0 478 -1.24416 3.84063 -1.77489 -3.56156 0 0
0 0 479 -5.46591 -4.88711 -4.57279 -1.07657 0 0
0 0 480 -2.12019 1.14421 -0.526013 -1.73046 0 0
0 0 481 -4.23134 -0.213763 1.66769 7.61136 0 0
0 0 482 6.20702 3.22535 -0.0996174 -4.2746 0 0
0 0 483 -1.68222 -0.757867 -4.11717 3.67312 0 0
0 0 484 1.66142 1.9987 0.578808 -2.74998 0 0
0 0 485 2.94846 -3.42375 -2.03235 -0.621686 0 0
0 0 486 1.01916 0.653087 -1.74031 3.11697 0 0
0 0 487 1.73345 1.98782 -2.7751 2.62693 0 0
0 0 488 1.86296 0.68437 1.0198 3.8181 0 0
0 0 489 2.00833 0.9772 -0.518837 0.61157 0 0
0 0 490 3.30716 1.85768 -3.05638 -1.10607 0 0
0 0 491 -1.35812 -0.112213 -4.66396 0.941963 0 0
0 0 492 1.22259 4.37757 0.847243 5.7029 0 0
0 0 493 5.29043 1.33444 -2.43379 1.45215 0 0
0 0 494 3.8813 -0.831423 0.923629 -4.95492 0 0
0 0 495 4.69154 -1.63343 2.63809 1.39054 0 0
0 0 496 0.000363588 -2.73582 -2.52359 1.86752 0 0
0 0 497 -5.23185 0.377485 -0.903804 -2.58502 0 0
0 0 498 -0.242783 0.427288 -0.881517 0.515327 0 0
0 0 499 3.4878 -0.671061 -1.34174 6.39294 0 0
0 0 500 0.591565 6.07534 -0.0461876 -3.46253 0 0
0 0 501 2.23402 -2.72567 2.17707 -2.34778 0 0
0 0 502 -8.34937 -2.48624 0.673575 2.56287 0 0
0 0 503 -0.0478626 2.53302 -1.17933 -1.71911 0 0
0 0 504 1.94041 7.04076 0.141904 -0.773477 0 0
0 0 505 1.91323 -2.02968 5.43433 3.42481 0 0
0 0 506 -1.26853 -0.101157 1.87693 2.14328 0 0
0 0 507 4.91644 0.489337 3.82027 0.711217 0 0
0 0 508 -0.601757 -0.117539 2.81287 2.34755 0 0
0 0 509 -2.45062 3.58555 -0.711673 3.17628 0 0
0 0 510 -1.00572 0.422038 5.69427 -0.879997 0 0
0 0 511 -2.5961 -1.20569 0.173919 0.506673 0 0
0 0 512 -3.88801 0.180567 1.40588 -1.62105 0 0
0 0 513 4.51808 -1.23527 -4.87593 3.3888 0 0
0 0 514 -1.61786 -0.510349 -0.858382 4.18768 0 0
0 0 515 2.90747 -0.813491 3.2034 7.01721 0 0
0 0 516 0.155219 -5.05735 -2.07362 0.220793 0 0
0 0 517 1.44466 1.48126 -2.49869 5.05949 0 0
0 0 518 3.03087 0.657958 0.975683 -1.34492 0 0
0 0 519 8.37785 -3.14465 -2.33717 -0.20695 0 0
0 0 520 -3.38263 -5.96491 -2.65077 -3.9358 0 0
0 0 521 6.15251 0.95728 0.421848 -0.716652 0 0
0 0 522 1.55461 1.71851 2.17616 3.35929 0 0
0 0 523 2.03638 -1.51882 2.7199 1.50167 0 0
0 0 524 -0.478285 5.15975 -1.74638 -3.61362 0 0
0 0 525 -1.85029 3.96556 0.332386 -0.682745 0 0
0 0 526 -1.43337 3.12838 -2.23724 -2.00847 0 0
0 0 527 -2.34414 -6.32829 -3.10108 -5.95195 0 0
0 0 528 -0.318378 -0.143462 -2.53586 -5.18647 0 0
0 0 529 -0.428837 -6.10701 -7.52836 1.59379 0 0
0 0 530 -1.89711 -5.18246 -4.29119 3.102 0 0
0 0 531 6.8588 -0.691497 6.39252 -3.6673 0 0
0 0 532 4.29704 -1.42863 -1.30728 1.51228 0 0
0 0 533 7.6113 1.20626 1.8359 -3.15363 0 0
0 0 534 5.7189 3.44995 -5.26544 3.36335 0 0
0 0 535 5.92804 2.93273 3.37017 1.60999 0 0
0 0 536 0.215694 4.75353 -0.900741 -3.1276 0 0
0 0 537 -1.78445 1.24407 -3.4439 -0.463409 0 0
0 0 538 -1.51184 2.10804 1.20923 -2.89464 0 0
0 0 539 -0.541005 0.133329 -0.922494 -0.311346 0 0
0 0 540 -2.33277 -3.04665 0.675155 -0.206642 0 0
0 0 541 -5.88309 -0.314405 -1.76892 -0.47017 0 0
0 0 542 -0.442931 -0.779168 -0.249766 2.72332 0 0
0 0 543 -0.971739 5.86284 4.39413 1.18769 0 0
0 0 544 1.20736 -0.915586 -3.48874 2.14386 0 0
0 0 545 1.8061 1.30951 5.02284 -0.406973 0 0
0 0 546 6.60621 0.338816 -3.24237 -0.351754 0 0
0 0 547 4.24529 0.799041 1.52081 -0.0564232 0 0
0 0 548 1.37256 2.0921 -1.73228 -1.49996 0 0
0 0 549 -0.971267 -3.74357 -4.66873 -3.60786 0 0
0 0 550 -6.5834 -2.80552 2.59861 -0.394001 0 0
0 0 551 2.11185 7.56334 2.18102 -0.960922 0 0
0 0 552 -2.51438 -0.771071 -5.11252 4.04555 0 0
0 0 553 -5.70388 -1.27221 2.3891 -9.57322 0 0
0 0 554 -3.84042 -1.43395 0.868288 2.54976 0 0
0 0 555 -1.46233 -3.66619 5.27195 0.92309 0 0
0 0 556 -0.800605 1.93944 1.64206 0.674506 0 0
0 0 557 -1.28715 0.811731 0.78637 1.71687 0 0
0 0 558 -3.50528 2.40289 -3.76509 -4.42166 0 0
0 0 559 2.70232 1.04927 1.00866 3.60214 0 0
0 0 560 1.47557 -6.97312 -6.03297 0.429395 0 0
0 0 561 -3.07261 6.52823 1.18346 2.29804 0 0
0 0 562 2.40006 -0.225951 1.11448 1.93489 0 0
0 0 563 -6.38315 0.810636 1.1601 -2.9294 0 0
0 0 564 7.75064 -0.946306 0.173932 -2.11173 0 0
0 0 565 10.4223 10.0156 2.26045 -3.10068 6.35908 8.5019
0 0 566 6.27913 1.22683 -5.59809 -1.39683 0 0
0 0 567 -3.11443 2.63304 4.30248 -1.86987 0 0
0 0 568 -0.969527 -5.75866 0.534041 0.319418 0 0
0 0 569 -6.41409 -0.445214 2.62927 -3.54625 0 0
0 0 570 -3.13038 -1.54556 1.64934 -3.16814 0 0
0 0 571 -3.63628 1.14455 -1.74631 5.25107 0 0
0 0 572 -5.28385 -4.75886 1.78667 -0.312043 0 0
0 0 573 -3.3606 -3.45774 4.77377 7.85698 0 0
0 0 574 0.631122 5.9969 1.59447 4.71405 0 0
0 0 575 -4.92273 -4.38678 0.387097 -3.733 0 0
0 0 576 -3.27547 3.16428 -0.852678 -1.87779 0 0
0 0 577 5.6035 1.22414 -2.47904 -0.996609 0 0
0 0 578 5.91563 -1.89013 2.06139 -3.02672 0 0
0 0 579 -2.73321 -0.00219703 -1.02715 -1.47293 0 0
0 0 580 1.31413 -0.580635 5.07677 1.34021 0 0
0 0 581 0.767828 3.09662 -1.82689 4.54007 0 0
0 0 582 0.927982 -3.36466 0.296818 1.03014 0 0
0 0 583 -0.73055 -1.12913 2.81036 -0.0301307 0 0
0 0 584 2.61119 0.334873 -2.63235 -1.63652 0 0
0 0 585 3.06815 0.208158 -5.64211 6.92382 0 0
0 0 586 4.73019 -1.7016 -2.34223 1.71786 0 0
0 0 587 -7.94173 -0.868731 4.44349 6.48126 0 0
0 0 588 8.7178 0.178725 3.25964 -3.91807 0 0
0 0 589 -0.0340364 5.32654 5.09034 1.60482 0 0
0 0 590 0.908647 -2.87099 -0.614029 -2.20437 0 0
0 0 591 4.32385 -1.87551 -0.758567 -2.43129 0 0
0 0 592 1.91042 -0.876273 5.57622 4.65411 0 0
0 0 593 -2.27423 1.28266 2.02516 3.86334 0 0
0 0 594 1.73653 -2.11913 -3.87394 -0.2067 0 0
0 0 595 -2.10787 -1.03068 -2.598 2.64732 0 0
0 0 596 2.18616 1.29901 0.80999 -4.8797 0 0
0 0 597 -0.330438 1.77223 -1.97136 3.22946 0 0
0 0 598 -1.93335 -1.05998 -1.18666 3.80353 0 0
0 0 599 2.88607 -4.01975 -1.1924 0.637962 0 0
0 0 600 0.665751 -0.942373 -2.73531 -0.668775 0 0
0 0 601 -2.09202 -1.86141 4.40281 1.41741 0 0
0 0 602 0.847259 -2.11311 4.17863 -0.403794 0 0
0 0 603 -1.69898 0.208674 0.125121 3.92241 0 0
0 0 604 -3.01711 -0.14454 0.937694 -6.06069 0 0
0 0 605 -3.19708 -2.72245 -2.90722 5.32265 0 0
0 0 606 -0.847857 4.33622 0.0900667 5.45045 0 0
0 0 607 9.22873 2.79445 1.61893 1.84692 0 0
0 0 608 1.27208 -2.61368 1.32623 0.434644 0 0
0 0 609 6.22793 -0.0124907 -0.769687 -1.60864 0 0
0 0 610 -3.21392 1.90733 -2.44803 0.36133 0 0
0 0 611 -4.35748 -0.595157 1.31656 2.57463 0 0
0 0 612 2.50331 -0.760512 0.842327 1.33692 0 0
0 0 613 -0.594885 -4.96192 0.88998 -3.59721 0 0
0 0 614 2.1552 -2.19666 4.7892 -1.70182 0 0
0 0 615 7.21592 2.29553 0.0211055 1.21424 0 0
0 0 616 5.8419 3.84953 3.4036 1.0934 0 0
0 0 617 -3.73017 1.78298 0.947753 0.0990009 0 0
0 0 618 6.69913 3.23599 1.83598 5.73407 0 0
0 0 619 0.495176 4.93556 1.48894 -1.86893 0 0
0 0 620 0.436031 -0.0541362 6.57999 -1.84281 0 0
0 0 621 -2.55889 -2.479 -1.57712 8.62056 0 0
0 0 622 -4.90909 1.47199 -1.55747 -1.82228 0 0
0 0 623 -0.185386 2.96546 -1.06054 1.64216 0 0
0 0 624 1.99577 -4.08726 4.74328 -1.79531 0 0
0 0 625 2.70282 1.66523 -6.24468 5.73448 0 0
0 0 626 -0.981201 -2.63315 -0.810949 -6.61589 0 0
0 0 627 1.96483 -4.1702 0.631691 -4.08058 0 0
0 0 628 -7.75182 -4.80697 0.609903 1.38547 0 0
0 0 629 0.290466 -3.55347 2.55374 -3.32997 0 0
0 0 630 -1.84584 5.87056 2.25332 4.82196 0 0
0 0 631 -0.970711 -5.11452 -1.64279 0.279544 0 0
0 0 632 0.397346 -2.1633 4.87306 -3.35572 0 0
0 0 633 6.46146 2.06154 -4.21358 -3.80891 0 0
0 0 634 1.69011 -0.812109 -2.03474 4.89913 0 0
0 0 635 4.50847 0.70085 -0.551292 0.803919 0 0
0 0 636 -2.78226 2.93345 -4.15163 3.6356 0 0
0 0 637 -1.79646 1.27508 -2.20681 1.41319 0 0
0 0 638 -2.81249 0.741211 0.984471 0.325282 0 0
0 0 639 -0.0817206 3.92628 5.13211 -1.56286 0 0
0 0 640 -2.59115 0.194051 0.606008 -0.457403 0 0
0 0 641 6.25462 1.73491 -3.61394 -2.10403 0 0
0 0 642 -3.4079 3.85955 -4.22216 -0.130161 0 0
0 0 643 -3.44576 -0.730926 2.32286 -0.52426 0 0
0 0 644 7.29387 -1.85705 5.20926 -1.38002 0 0
0 0 645 -0.909628 0.280723 5.80145 0.381368 0 0
0 0 646 5.71542 -0.325012 -3.30326 -4.85157 0 0
0 0 647 -0.662723 -1.34822 5.44022 2.02824 0 0
0 0 648 -5.62029 0.575673 -0.763194 0.641279 0 0
0 0 649 1.35155 -1.74477 2.34835 2.10944 0 0
0 0 650 5.88071 1.95412 -0.400763 4.17619 0 0
0 0 651 3.74565 -4.17335 3.39535 6.74379 0 0
0 0 652 0.0842692 -2.63806 0.520859 -0.126058 0 0
0 0 653 6.53473 0.75336 -0.515581 0.996901 0 0
0 0 654 -1.70663 -2.48441 0.506071 1.94435 0 0
0 0 655 1.76809 4.40651 -6.21401 -6.46911 0 0
0 0 656 -2.93089 2.2854 0.675543 -1.4099 0 0
0 0 657 0.0807505 -0.104837 0.706242 -0.654078 0 0
0 0 658 -6.49371 0.268439 -0.396826 -1.65087 0 0
0 0 659 -4.52237 -5.43059 0.628491 1.46648 0 0
0 0 660 6.84707 5.57154 -0.419194 2.93138 0 0
0 0 661 4.39145 -1.76973 -1.47877 1.09382 0 0
0 0 662 0.10913 -3.13106 3.43444 -0.695481 0 0
0 0 663 -0.371887 -0.842342 -7.83051 1.95388 0 0
0 0 664 4.88777 2.65958 -1.16611 -0.247725 0 0
0 0 665 0.490057 0.521781 0.0864298 4.83603 0 0
0 0 666 1.71121 -0.411291 -1.85101 -2.73815 0 0
0 0 667 2.12543 -4.0587 3.13857 -2.95955 0 0
0 0 668 -1.68394 6.16628 -1.54353 1.12022 0 0
0 0 669 2.05109 4.05303 1.42108 -0.964611 0 0
0 0 670 3.61235 1.85382 5.07264 -4.2492 0 0
0 0 671 1.33704 6.73249 -4.11101 1.53859 0 0
0 0 672 3.55895 4.34851 2.11903 6.91889 0 0
0 0 673 0.708199 -3.78033 1.56161 0.123263 0 0
0 0 674 2.22316 2.29831 4.68993 -4.41412 0 0
0 0 675 0.777597 -1.92209 3.0863 2.40212 0 0
0 0 676 -0.963547 -3.13766 3.54381 -0.796752 0 0
0 0 677 -1.02562 1.06597 1.55737 2.32746 0 0
0 0 678 -2.69486 -6.85127 -2.2092 -0.658349 0 0
0 0 679 -0.674222 -2.50372 3.30822 2.23659 0 0
0 0 680 1.87146 2.29758 0.0220404 -2.48726 0 0
0 0 681 -3.40234 -5.04714 3.96554 2.17434 0 0
0 0 682 -1.53201 1.6082 5.20055 -5.49547 0 0
0 0 683 -1.93756 -0.497707 -2.28134 4.34797 0 0
0 0 684 3.38597 -0.893432 5.24362 -0.345106 0 0
0 0 685 4.23173 -2.58006 1.4606 5.21979 0 0
0 0 686 1.93146 -2.66755 4.51939 8.06247 0 0
0 0 687 -1.14704 -1.46218 4.19775 -0.0472963 0 0
0 0 688 -4.1763 -0.725652 -3.15265 2.06613 0 0
0 0 689 -1.84373 3.21506 -3.48496 4.6324 0 0
0 0 690 -1.72843 -2.19531 1.64969 1.05376 0 0
0 0 691 1.50031 -0.576933 5.73187 0.356991 0 0
0 0 692 0.258123 6.7705 2.31342 1.47377 0 0
0 0 693 1.47118 0.884545 0.406495 2.47278 0 0
0 0 694 -0.997174 -2.35638 0.766288 -0.949641 0 0
0 0 695 4.4641 -2.39886 2.16058 -2.40279 0 0
0 0 696 1.11723 1.34617 0.772543 -2.6959 0 0
0 0 697 4.05656 1.28754 2.24609 2.3409 0 0
0 0 698 0.340342 3.09142 -3.38976 0.400338 0 0
0 0 699 -1.6896 -2.39565 3.14294 3.74439 0 0
0 0 700 0.955036 5.49671 5.2472 2.4996 0 0
0 0 701 7.05895 -1.62431 0.5621 5.69537 0 0
0 0 702 0.678379 6.07682 0.0836501 1.92882 0 0
0 0 703 -2.68925 -2.94846 1.83061 2.36388 0 0
0 0 704 1.20728 0.692458 0.445213 4.37579 0 0
0 0 705 -2.13409 -0.110903 -6.07064 -3.74948 0 0
0 0 706 0.0404625 5.41205 0.864816 1.81985 0 0
0 0 707 2.66211 1.88232 -8.38107 0.888676 0 0
0 0 708 0.176767 -2.36473 1.1839 -0.577784 0 0
0 0 709 -0.778807 4.19406 -1.99328 1.84224 0 0
0 0 710 1.99491 0.370501 2.29335 0.880497 0 0
0 0 711 1.11179 -0.59818 -1.98313 1.67669 0 0
0 0 712 -0.0337076 4.80775 3.86383 -0.952615 0 0
0 0 713 10.6241 -5.62611 3.82738 0.649341 0 0
0 0 714 0.196849 0.67656 -2.30919 -1.13808 0 0
0 0 715 -3.34274 -0.260433 -1.73096 -0.622049 0 0
0 0 716 -1.43402 -0.284115 5.23503 -1.7015 0 0
0 0 717 -2.99638 -2.32455 -0.939372 0.931661 0 0
0 0 718 3.22778 1.31518 3.48679 1.3282 0 0
0 0 719 0.365776 -3.52999 3.01285 0.339328 0 0
0 0 720 8.06223 3.34331 2.31948 0.973404 0 0
0 0 721 2.28212 0.257703 5.21946 1.1531 0 0
0 0 722 1.16299 -3.69885 -2.91704 -1.92554 0 0
0 0 723 2.52813 0.0319982 -4.42098 4.70722 0 0
0 0 724 3.77136 2.28493 0.932598 4.1396 0 0
0 0 725 7.97353 1.62963 0.549045 -1.09359 0 0
0 0 726 4.45139 3.03239 0.0623156 2.2994 0 0
0 0 727 -1.21592 0.476661 -3.09412 3.62146 0 0
0 0 728 5.84075 2.64858 0.419945 2.2039 0 0
0 0 729 5.71324 0.582596 -2.35044 2.75274 0 0
0 0 730 1.27746 3.19751 2.00204 -0.550315 0 0
0 0 731 7.13555 3.02898 -6.63018 0.964484 0 0
0 0 732 10.3038 0.689549 -1.90059 1.03465 0 0
0 0 733 9.47717 -2.15607 -1.802 -1.44663 0 0
0 0 734 2.11107 -2.50292 -0.302139 5.54743 0 0
0 0 735 1.45574 -1.2448 -1.71354 -3.49655 0 0
0 0 736 9.24365 3.5791 2.04128 -2.07484 0 0
0 0 737 2.93762 2.04299 3.02632 2.13397 0 0
0 0 738 10.8514 0.134269 -0.701365 -4.26991 0 0
0 0 739 6.57156 -2.69147 4.46025 4.45217 0 0
0 0 740 5.98156 -0.975914 -2.03829 3.29492 0 0
0 0 741 6.79489 -1.85158 -1.65009 3.30079 0 0
0 0 742 8.09355 2.88411 2.07723 0.962838 0 0
0 0 743 7.15994 -1.32325 2.97542 4.18653 0 0
0 0 744 4.44018 -5.43017 -3.87073 2.77753 0 0
0 0 745 0.806727 -2.07367 -0.00621811 0.77119 0 0
0 0 746 8.88759 0.719574 -6.22909 1.86675 0 0
0 0 747 7.1763 -4.38576 -4.07372 3.76877 0 0
0 0 748 7.81128 -0.786201 2.03004 -2.68231 0 0
0 0 749 3.8016 -4.07908 -0.187926 2.79176 0 0
0 0 750 3.24221 5.93454 -2.14609 -5.93839 0 0
0 0 751 6.38095 -0.872513 -0.868999 -4.43191 0 0
0 0 752 1.70321 1.98966 3.48384 6.30785 0 0
0 0 753 6.26799 1.07859 -6.62506 2.47025 0 0
0 0 754 7.66629 -2.49412 -2.71453 -0.321807 0 0
0 0 755 5.077 0.192333 -1.42357 3.93436 0 0
0 0 756 1.04819 4.53068 -1.97189 0.714532 0 0
0 0 757 6.37287 0.487847 -3.56141 1.27175 0 0
0 0 758 13.1388 7.44293 0.917338 2.01937 0 0
0 0 759 -0.254218 -0.328973 -3.1321 0.173193 0 0
0 0 760 2.01749 0.884923 -1.83281 5.89538 0 0
0 0 761 4.73216 -2.04505 -3.68258 1.55931 0 0
0 0 762 10.3282 -4.17195 -6.60623 -2.17928 0 0
0 0 763 6.64698 1.73001 -7.04532 -1.11109 0 0
0 0 764 5.73138 -5.62572 -3.63256 4.83122 0 0
0 0 765 5.0837 -2.26714 -4.63027 -4.36305 0 0
0 0 766 3.86419 0.208362 -0.727451 5.52316 0 0
0 0 767 7.10351 -1.12127 -5.79313 -0.53998 0 0
0 0 768 8.2553 1.81518 2.91426 2.40575 0 0
0 0 769 -0.317018 -3.70384 -8.33904 -0.701249 0 0
0 0 770 1.34838 -1.35345 -5.00566 3.44752 0 0
0 0 771 7.54256 7.32311 -0.771373 2.23796 0 0
0 0 772 6.82048 -3.71442 -4.1516 1.45432 0 0
0 0 773 12.5087 0.350855 -7.97996 -2.44992 0 0
0 0 774 7.14279 1.60684 -5.74694 -0.417959 0 0
0 0 775 11.8461 -0.589372 -7.61789 2.4909 0 0
0 0 776 8.22489 2.73423 -8.47772 5.81125 0 0
0 0 777 8.28967 0.28752 -5.28624 5.57902 0 0
0 0 778 9.89796 2.71032 -7.29871 1.00713 0 0
0 0 779 10.2543 -7.44057 -5.74702 1.97493 0 0
0 0 780 9.83922 -3.25689 -4.24622 3.65825 0 0
0 0 781 13.2539 -3.3843 -6.23502 4.71072 0 0
0 0 782 7.12395 0.447995 -4.46034 -3.16273 0 0
0 0 783 10.3915 5.25801 -14.1319 0.800833 -34.7957 5.9313
0 0 784 14.6836 0.496618 -6.44889 5.06519 0 0
0 0 785 13.422 2.55672 -8.19613 2.66845 0 0
0 0 786 11.9732 2.81128 -8.93928 4.42706 0 0
0 0 787 13.0279 6.32623 -5.47975 2.22062 0 0
0 0 788 11.2882 -1.86441 -13.4241 1.68208 -48.9535 6.61813
0 0 789 9.77309 -1.56625 -9.99053 2.77737 0 0
0 0 790 12.0952 0.143872 -3.03772 -4.71925 0 0
0 0 791 12.9674 -2.67474 -5.42453 3.52614 0 0
0 0 792 4.11764 0.993043 -6.72938 -0.845997 0 0
0 0 793 14.1712 1.55309 -2.6236 0.335346 0 0
0 0 794 11.3077 1.79015 -3.27397 -1.69365 0 0
0 0 795 9.42446 2.90242 -0.858159 5.55102 0 0
0 0 796 11.8383 0.148959 -5.52087 2.78742 0 0
0 0 797 8.47792 1.71899 -5.19504 4.84337 0 0
0 0 798 16.3879 2.7308 -8.68376 3.94911 0 0
0 0 799 11.7962 2.0632 -6.29145 2.64296 0 0
0 0 800 16.6556 0.454522 -6.84446 0.204445 0 0
0 0 801 17.4933 3.40273 -2.64097 0.785307 0 0
0 0 802 18.4562 -3.33248 1.67645 -0.854966 0 0
0 0 803 25.9667 5.05826 7.04081 7.62306 0 0
0 0 804 29.2536 1.64512 -0.29325 -1.14193 0 0
0 0 805 31.0659 2.9445 3.98878 -3.49845 0 0
0 0 806 40.4186 -1.11012 8.4511 1.61935 0 0
0 0 807 38.6288 -1.51125 8.67067 -5.70797 0 0
0 0 808 52.1361 5.37582 13.2516 -5.84551 33.9594 6.25042
0 0 809 56.3214 1.43653 8.82705 -0.781209 0 0
0 0 810 64.1522 0.692537 20.1104 -6.6177 44.0138 4.45976
0 0 811 68.0741 6.63646 18.0903 1.16376 34.9272 4.6417
0 0 812 69.5431 1.85175 18.4619 0.691224 42.1362 4.83539
0 0 813 78.9733 -2.1411 24.2012 0.0763899 47.5279 3.69299
0 0 814 82.8924 2.18653 26.6538 -0.0632473 42.6551 3.35509
0 0 815 77.1365 1.52761 23.2519 -2.09482 43.1206 3.85085
0 0 816 76.8803 1.31849 26.167 3.59108 43.5577 3.42506
0 0 817 71.2649 3.85155 21.3504 4.88495 39.887 4.1329
0 0 818 69.8391 2.65769 23.5327 2.90092 41.7783 3.78813
0 0 819 67.6282 2.01451 20.4762 1.73845 42.1906 4.36059
0 0 820 62.7511 0.745909 17.9589 0.350766 43.8108 4.99261
0 0 821 55.8396 3.51315 15.4968 -3.62684 38.6134 5.63997
0 0 822 53.7784 4.4307 16.007 2.74831 37.264 5.39245
0 0 823 51.119 2.61802 19.5357 2.28864 41.1836 4.55085
0 0 824 54.1133 0.406727 11.7305 0.533359 44.0071 7.64559
0 0 825 52.5707 6.62951 5.41645 0.0154701 0 0
0 0 826 46.2806 0.064642 11.9256 1.06686 44.8447 7.52514
0 0 827 51.5217 3.46722 14.9978 2.76999 38.4915 5.82165
0 0 828 45.0322 8.63321 8.50433 -1.9779 22.2846 7.29841
0 0 829 30.5986 -0.814912 7.42174 0.42222 0 0
0 0 830 37.7374 -5.32448 7.90898 1.82543 0 0
0 0 831 44.4509 5.98151 2.73126 0.442352 0 0
0 0 832 38.5037 -0.18116 6.30072 -4.15729 0 0
0 0 833 37.0974 -0.955261 3.23104 -2.15249 0 0
0 0 834 30.7048 -0.69366 4.4354 3.44904 0 0
0 0 835 29.6227 -4.44739 6.45478 0.158349 0 0
0 0 836 30.4546 -0.181844 4.56234 7.72195 0 0
0 0 837 32.6739 3.22214 4.12861 2.13859 0 0
0 0 838 26.267 -2.49711 0.802897 -4.50594 0 0
0 0 839 24.8676 -0.677487 0.0334551 -2.31875 0 0
0 0 840 21.5078 0.467169 -2.68786 -7.90417 0 0
0 0 841 22.33 -2.09674 1.68124 3.32846 0 0
0 0 842 25.4792 4.1127 4.05968 -1.43111 0 0
0 0 843 26.2747 3.67628 1.15372 1.96497 0 0
0 0 844 20.0004 1.49127 -0.496252 0.528327 0 0
0 0 845 22.4552 8.59922 -2.89564 -0.214808 0 0
0 0 846 15.1359 -0.244818 -0.833406 -3.00737 0 0
0 0 847 10.678 -2.39642 -0.156383 -5.06961 0 0
0 0 848 15.4021 -3.27645 -2.74864 -2.65993 0 0
0 0 849 8.69792 -0.637767 5.46473 -2.7998 0 0
0 0 850 9.2775 2.62588 1.03946 2.52073 0 0
0 0 851 15.8051 1.92532 2.69512 3.95976 0 0
0 0 852 14.0458 -2.93913 -2.65442 -4.76201 0 0
0 0 853 17.5783 -6.30794 -6.59127 8.1674 0 0
0 0 854 10.0293 -2.43374 1.0503 -4.40685 0 0
0 0 855 10.2427 -1.5236 0.189788 -0.808416 0 0
0 0 856 5.43668 -6.80288 3.64148 0.43555 0 0
0 0 857 7.27701 1.88091 -2.37871 -1.25927 0 0
0 0 858 8.29839 -2.25023 -0.934834 -0.667156 0 0
0 0 859 7.36867 -7.97426 -3.66149 0.00724864 0 0
0 0 860 8.67423 -0.351956 -2.21099 -0.348653 0 0
0 0 861 8.98843 -1.5475 -0.81352 3.74261 0 0
0 0 862 -1.62322 1.91518 2.17724 4.38042 0 0
0 0 863 8.23636 1.47314 -2.0594 1.84835 0 0
0 0 864 2.83551 0.827493 5.65364 1.87931 0 0
0 0 865 7.58748 -0.913451 2.63306 -4.20698 0 0
0 0 866 -1.06964 -4.64936 2.72673 -1.37033 0 0
0 0 867 6.44936 -1.95957 -0.623933 6.94011 0 0
0 0 868 5.7556 -2.25187 1.67564 1.97436 0 0
0 0 869 9.65198 2.34089 0.810594 -0.377831 0 0
0 0 870 9.61684 -7.05973 2.7835 1.716 0 0
0 0 871 5.50931 1.41946 -3.82748 2.67853 0 0
0 0 872 0.248224 -7.11521 2.91588 3.2775 0 0
0 0 873 5.14326 4.44068 0.148721 2.80055 0 0
0 0 874 2.61405 3.3721 -3.32001 3.44755 0 0
0 0 875 0.307619 6.51995 0.213935 1.21903 0 0
0 0 876 3.07007 1.57893 -2.63294 -4.57694 0 0
0 0 877 8.30558 -4.64066 4.42738 -1.02377 0 0
0 0 878 2.35985 1.13721 -4.7909 8.02454 0 0
0 0 879 3.15549 5.46586 1.27105 -3.58599 0 0
0 0 880 5.82846 -4.27784 7.20857 5.44366 0 0
0 0 881 4.88736 6.54257 0.645833 0.331954 0 0
0 0 882 1.23053 2.67204 -1.81775 0.0773248 0 0
0 0 883 -1.88565 -6.95482 2.35303 -3.38354 0 0
0 0 884 3.56664 -9.72563 -3.47276 -4.73642 -80.1749 8.46922
0 0 885 0.546715 -2.25466 3.99653 2.93082 0 0
0 0 886 -0.481379 3.1362 4.6018 -4.44641 0 0
0 0 887 4.59442 -3.43653 1.30875 -2.47013 0 0
0 0 888 0.294329 -0.92289 5.28919 1.11334 0 0
0 0 889 -0.463888 -1.98078 -1.78015 -2.94195 0 0
0 0 890 -3.25864 -2.29832 1.95146 4.15304 0 0
0 0 891 0.515849 1.34854 -1.03182 5.68402 0 0
0 0 892 -1.26484 2.09465 -0.151238 3.92658 0 0
0 0 893 0.18508 -4.46181 0.632754 -1.30562 0 0
0 0 894 -3.40315 2.53135 -1.95251 -0.49757 0 0
0 0 895 7.29056 -1.81867 -1.50904 4.92988 0 0
0 0 896 5.73916 0.85922 -0.0100455 3.66186 0 0
0 0 897 0.0874704 -2.64142 -5.91246 -0.988133 0 0
0 0 898 9.61869 0.342679 -1.82548 0.656977 0 0
0 0 899 1.26468 2.48206 -3.19734 0.539666 0 0
0 0 900 -0.354454 -3.36475 -0.151204 3.06538 0 0
0 0 901 1.39989 1.72883 -5.00515 -3.36234 0 0
0 0 902 1.27974 2.98241 -2.56104 -0.729122 0 0
0 0 903 -3.45055 -2.45804 -3.5382 -2.05901 0 0
0 0 904 -2.08324 -2.88234 0.255441 -5.32749 0 0
0 0 905 0.682432 0.271814 0.929571 5.12294 0 0
0 0 906 1.87401 -0.618922 3.89454 8.35402 0 0
0 0 907 11.5571 6.02908 3.69824 -2.29006 0 0
0 0 908 1.43614 0.262995 -0.942703 -1.4894 0 0
0 0 909 3.53367 -3.62459 -2.02146 3.5375 0 0
0 0 910 0.00819534 -2.00204 -2.08183 7.66348 0 0
0 0 911 7.58522 1.88928 3.91007 -1.84846 0 0
0 0 912 3.07433 -4.65731 3.40187 -2.92471 0 0
0 0 913 0.543838 0.338864 -4.21862 -0.000763962 0 0
0 0 914 1.49565 2.22444 4.2036 5.3633 0 0
0 0 915 5.69964 8.62119 4.31106 -4.40993 0 0
0 0 916 2.06726 0.00873566 3.89856 0.692992 0 0
0 0 917 -1.52079 0.357154 -3.98628 -0.617552 0 0
0 0 918 -3.06029 0.0737683 -2.22458 -4.24239 0 0
0 0 919 1.50323 -2.80222 -4.91116 0.262988 0 0
0 0 920 2.31475 -2.42375 -4.45536 0.435492 0 0
0 0 921 4.3337 0.411213 -5.1087 -2.48112 0 0
0 0 922 -0.680225 0.214244 1.0538 -1.91074 0 0
0 0 923 -2.21945 5.91947 8.08172 1.1137 0 0
0 0 924 0.300886 2.99942 -6.82865 1.69689 0 0
0 0 925 1.25688 3.58861 1.94646 -0.739174 0 0
0 0 926 4.10149 -1.96723 -2.35309 2.2254 0 0
0 0 927 1.67722 1.0586 1.64679 2.10167 0 0
0 0 928 4.00292 1.34859 -2.8899 5.39095 0 0
0 0 929 1.0332 1.3987 6.28261 1.32964 0 0
0 0 930 0.0256279 0.272483 4.23064 4.66156 0 0
0 0 931 -1.14595 2.56403 1.70981 0.69836 0 0
0 0 932 6.0796 -0.622167 1.85766 -3.91591 0 0
0 0 933 4.81562 1.45048 2.33506 1.07782 0 0
0 0 934 -4.88379 -5.7146 -1.4807 0.220763 0 0
0 0 935 1.84479 2.4436 -0.994194 -0.664084 0 0
0 0 936 8.51977 2.61346 -3.13627 -1.47944 0 0
0 0 937 3.60509 3.39295 1.94803 -0.369301 0 0
0 0 938 -3.9964 2.20046 -3.1558 -4.98957 0 0
0 0 939 5.10258 -3.29392 -1.1638 -2.12206 0 0
0 0 940 1.84875 -1.78915 2.10837 4.19477 0 0
0 0 941 0.290116 -1.09395 3.53885 0.178859 0 0
0 0 942 -2.43843 2.06268 4.07804 -1.504 0 0
0 0 943 -4.19118 -7.05694 -2.00298 5.40082 0 0
0 0 944 1.5881 -2.92629 7.07856 2.38885 0 0
0 0 945 -1.81387 1.63196 1.03049 9.00217 0 0
0 0 946 5.12388 -1.4694 2.32379 -0.350116 0 0
0 0 947 -2.2371 2.83553 3.47965 1.21801 0 0
0 0 948 0.0420601 -4.81121 0.282492 3.60736 0 0
0 0 949 2.35165 5.00561 -5.23629 0.579079 0 0
0 0 950 1.33226 0.032934 0.789269 -1.20411 0 0
0 0 951 1.72446 1.14168 0.536901 1.57732 0 0
0 0 952 6.53303 2.1789 -0.611697 -3.19597 0 0
0 0 953 0.876625 1.21922 -2.13739 1.06723 0 0
0 0 954 -0.56117 -1.10744 -5.75678 3.51565 0 0
0 0 955 -1.16975 4.91843 1.81963 -1.7811 0 0
0 0 956 5.66392 -1.63454 1.97708 2.01316 0 0
0 0 957 -4.10594 3.63362 -0.506575 2.02662 0 0
0 0 958 2.86811 2.43747 3.88705 2.13315 0 0
0 0 959 -3.44087 -2.42144 1.28407 2.05854 0 0
0 0 960 -1.42582 -1.61933 3.97267 -1.85783 0 0
0 0 961 3.15915 0.663032 -1.14006 2.45784 0 0
0 0 962 -2.02376 -0.446076 8.82819 4.16915 0 0
0 0 963 -0.0336168 5.41954 1.25945 -3.59071 0 0
0 0 964 8.22622 0.803167 1.85557 -1.92215 0 0
0 0 965 -0.13305 -1.99091 4.34692 -2.00598 0 0
0 0 966 -5.26027 0.618426 -0.725253 1.45768 0 0
0 0 967 -0.400596 -1.09216 -1.48147 -0.783723 0 0
0 0 968 6.50726 4.00288 -0.0408386 2.89873 0 0
0 0 969 -2.75116 -3.35986 0.314055 -4.44762 0 0
0 0 970 -1.92181 -1.74738 0.506052 -2.11081 0 0
0 0 971 -0.685686 -6.04725 -1.29424 -2.2413 0 0
0 0 972 -3.86899 1.44638 7.77632 0.821629 0 0
0 0 973 -0.525302 3.77608 4.55916 3.26856 0 0
0 0 974 1.10601 1.31198 -2.89651 3.71303 0 0
0 0 975 1.19312 -3.8041 3.22701 4.84635 0 0
0 0 976 1.23499 2.29216 0.394474 -1.69598 0 0
0 0 977 3.08383 1.32458 -3.38057 3.04592 0 0
0 0 978 -1.29445 1.1447 -0.641399 -3.58854 0 0
0 0 979 -1.86896 -1.2738 -3.68154 -3.85534 0 0
0 0 980 1.66077 -1.31871 3.6225 1.95593 0 0
0 0 981 2.01113 0.541527 2.43164 -1.7079 0 0
0 0 982 1.9498 4.59275 3.13511 0.573533 0 0
0 0 983 -0.609974 -1.79003 0.0866236 -1.17935 0 0
0 0 984 6.62505 1.86906 2.32904 2.93532 0 0
0 0 985 1.66288 -2.5266 5.61455 -1.3259 0 0
0 0 986 -0.939613 1.07291 -6.11817 1.60723 0 0
0 0 987 0.799743 0.130307 3.02694 -0.764317 0 0
0 0 988 -1.46403 2.4314 0.285345 5.70748 0 0
0 0 989 -4.25318 6.04409 0.751411 4.18998 0 0
0 0 990 1.15596 5.06824 -0.199602 0.758273 0 0
0 0 991 -3.9516 1.11452 2.39372 -0.73085 0 0
0 0 992 -5.47952 -6.69963 4.14629 6.09036 0 0
0 0 993 -0.231633 -0.799666 -1.3829 -3.75713 0 0
0 0 994 0.614777 -2.50329 2.87943 2.04465 0 0
0 0 995 1.36343 -0.723475 -2.88952 -0.489653 0 0
0 0 996 -3.00401 4.8862 4.06378 0.391364 0 0
0 0 997 4.27542 -4.17895 5.34602 0.277271 0 0
0 0 998 0.594879 -3.11843 -1.67469 -2.24211 0 0
0 0 999 -2.01565 1.82987 0.687037 2.1283 0 0
0 0 1000 0.03294 -3.33678 7.33727 4.97848 0 0
0 0 1001 -0.199148 1.2525 5.97383 4.43374 0 0
0 0 1002 3.49619 6.03199 -2.1628 2.66428 0 0
0 0 1003 4.27975 4.85534 -1.14339 3.69906 0 0
0 0 1004 2.703 2.05328 -1.09412 -1.64386 0 0
0 0 1005 4.99743 3.46301 0.0751664 1.06339 0 0
0 0 1006 1.34134 3.47275 -6.85487 4.84243 0 0
0 0 1007 -3.64981 -2.17837 -2.29 -1.15199 0 0
0 0 1008 4.97194 3.94098 0.00570147 -5.22422 0 0
0 0 1009 -3.12951 1.3229 1.45179 2.11226 0 0
0 0 1010 -3.84266 4.57963 1.99846 -2.06934 0 0
0 0 1011 6.72605 -2.14818 2.50017 -2.92091 0 0
0 0 1012 2.12055 -1.0305 -4.77157 -2.2605 0 0
0 0 1013 4.40236 4.40734 -4.27103 1.21161 0 0
0 0 1014 2.66793 4.69525 -6.84922 -6.01899 0 0
0 0 1015 0.432861 3.49541 -4.97024 -4.89905 0 0
0 0 1016 -6.82259 1.93625 -1.46908 -0.511076 0 0
0 0 1017 -1.93417 0.379163 -1.70163 -0.0108838 0 0
0 0 1018 -6.63675 1.92091 0.608103 3.88766 0 0
0 0 1019 2.13444 2.29935 -3.06944 -5.45474 0 0
0 0 1020 1.52434 0.627494 0.948833 1.14571 0 0
0 0 1021 -0.0891254 2.43281 3.56038 -3.81142 0 0
0 0 1022 1.40987 3.47445 0.451892 -1.65988 0 0
0 0 1023 4.9155 1.19691 5.58471 4.96511 0 0
