# File: uwl_230131_234006_Combined.rf.sbH2.RMC_aux Src: J1713+0747 Nsub: 1 Nch: 1 Npol: 4 Nbin: 1024 RMS: 0.307728
0 0 0 0.598197 0.275169 -0.34826 -0.381179 0 0
0 0 1 0.72707 0.391946 -0.00765871 0.165865 0 0
0 0 2 0.644064 0.187201 0.360825 -0.0278571 0 0
0 0 3 0.938043 0.0364321 0.981833 -0.0777437 0 0
0 0 4 0.649245 -0.225429 0.460895 0.318185 0 0
0 0 5 0.219715 0.258876 0.266593 0.0192021 0 0
0 0 6 -0.00392389 0.183332 0.466509 -0.648968 0 0
0 0 7 0.499603 -0.0733477 0.562663 0.0702052 0 0
0 0 8 1.04119 -0.149516 0.226596 -0.266486 0 0
0 0 9 0.0968199 0.460777 -0.173597 0.175096 0 0
0 0 10 -0.029526 -0.119511 0.0916613 0.0759774 0 0
0 0 11 0.595011 -0.309923 -0.0823267 0.0906754 0 0
0 0 12 0.848216 -0.0490534 0.428289 -0.566345 0 0
0 0 13 -0.0806981 0.289866 -0.127154 0.667811 0 0
0 0 14 0.184176 0.456574 -0.082644 -0.402593 0 0
0 0 15 0.493419 -0.0583172 0.414842 0.103461 0 0
0 0 16 0.618171 0.299142 0.0505024 -0.227139 0 0
0 0 17 0.677523 0.490804 0.365715 -0.322991 0 0
0 0 18 0.644521 0.0103485 0.807054 -0.0599166 0 0
0 0 19 0.460346 -0.122643 0.0815371 -0.274955 0 0
0 0 20 0.690733 0.2228 0.639792 -0.0307898 0 0
0 0 21 0.513721 -0.00305134 0.277008 -0.192247 0 0
0 0 22 1.06622 -0.0781628 0.369043 0.0070074 0 0
0 0 23 0.830749 0.201881 0.464784 -0.316572 0 0
0 0 24 0.727583 -0.430531 0.710486 -0.033507 0 0
0 0 25 0.917569 0.144072 0.519571 -0.139865 0 0
0 0 26 0.592525 -0.437311 0.101716 -0.586523 0 0
0 0 27 1.21964 -0.35958 0.856467 -0.19519 0 0
0 0 28 1.01419 0.0842621 0.700969 -0.245358 0 0
0 0 29 0.763106 -0.0781904 0.420212 -0.195774 0 0
0 0 30 1.25551 -0.092311 0.59003 -0.285796 0 0
0 0 31 0.759085 0.0243128 0.705402 -0.579734 0 0
0 0 32 1.44027 -0.363822 0.468921 -0.272525 0 0
0 0 33 0.145453 -0.520407 0.332356 -0.246132 0 0
0 0 34 1.01755 -0.260583 1.11954 -0.0644886 51.5514 8.01823
0 0 35 1.01374 -0.448614 0.549446 -0.006728 0 0
0 0 36 1.07143 -0.0271329 0.106888 0.0068902 0 0
0 0 37 1.23433 0.102575 0.153187 -0.531184 0 0
0 0 38 0.759228 0.341311 0.324349 0.154933 0 0
0 0 39 1.19451 0.302161 0.434108 0.0762402 0 0
0 0 40 1.16096 0.338667 1.01802 -0.11286 0 0
0 0 41 0.905204 -0.496704 0.28289 -0.289625 0 0
0 0 42 0.97056 0.104427 0.859258 -0.264774 0 0
0 0 43 1.55765 0.108123 0.617873 -0.454455 0 0
0 0 44 0.963674 0.163434 0.495641 -0.144862 0 0
0 0 45 1.82299 -0.0231193 0.830196 -0.103204 0 0
0 0 46 1.44607 0.188672 0.718438 0.199316 0 0
0 0 47 1.405 -0.102567 0.897317 -0.350467 0 0
0 0 48 1.38254 -0.26909 0.87222 -0.283315 0 0
0 0 49 1.44246 -0.451892 1.32084 -0.394518 54.4436 6.62696
0 0 50 1.04465 0.39586 0.967831 -0.408931 0 0
0 0 51 0.685395 -0.680284 0.514436 -0.100189 0 0
0 0 52 0.960014 -0.570319 0.621009 -0.328508 0 0
0 0 53 1.09475 0.353813 0.9194 0.38183 0 0
0 0 54 0.526467 0.0847256 -0.530631 -0.0584149 0 0
0 0 55 0.556071 0.00396827 0.387069 -0.041052 0 0
0 0 56 0.287192 -0.0971271 0.0536638 -0.60431 0 0
0 0 57 0.125533 0.234383 0.259717 -0.952722 0 0
0 0 58 1.02337 0.285863 0.632337 0.121963 0 0
0 0 59 -0.0217953 0.0284227 0.134357 0.00520493 0 0
0 0 60 0.634183 0.537865 0.36495 -0.131653 0 0
0 0 61 0.493674 0.153447 0.42268 0.105632 0 0
0 0 62 0.395937 -0.584183 0.307212 -0.167568 0 0
0 0 63 0.465208 -0.0672934 0.0604693 -0.579595 0 0
0 0 64 0.419725 -0.782719 -0.376133 0.276857 0 0
0 0 65 0.4285 -0.454618 -0.0144609 0.279768 0 0
0 0 66 -0.0380219 0.474817 -0.0852264 -0.825325 0 0
0 0 67 0.310186 -0.101006 -0.188862 0.155011 0 0
0 0 68 0.0742972 -1.13997 -0.0712099 0.340217 -88.2128 8.58929
0 0 69 -0.0178969 0.356377 -0.550952 0.151325 0 0
0 0 70 -0.0906698 -0.0841841 -0.327244 -0.495368 0 0
0 0 71 0.348828 -0.362459 -0.118987 0.291829 0 0
0 0 72 0.458496 -0.532168 0.362847 0.157219 0 0
0 0 73 0.141364 0.409711 0.376338 -0.321965 0 0
0 0 74 0.161279 0.0788271 -0.329216 0.0295108 0 0
0 0 75 0.619927 -0.139344 -0.721552 -0.56561 0 0
0 0 76 -0.317241 -1.22004 -0.103246 -0.133769 -87.5814 8.01102
0 0 77 -0.490876 -0.17271 0.270575 0.301246 0 0
0 0 78 0.0272109 -0.332607 -0.615771 0.333472 0 0
0 0 79 0.547277 -0.101532 -0.15012 0.180929 0 0
0 0 80 -0.035021 -0.0159895 -0.450258 0.259019 0 0
0 0 81 0.124238 0.0479548 -0.580002 -0.0399873 0 0
0 0 82 0.107776 -0.716717 0.328176 -0.262919 0 0
0 0 83 0.359052 0.548094 -0.236905 -0.256272 0 0
0 0 84 0.376144 -0.0829746 -0.374401 0.358098 0 0
0 0 85 0.315345 -0.0671545 -0.624004 0.395074 0 0
0 0 86 -0.407678 -0.276169 0.0185942 0.361928 0 0
0 0 87 -0.19553 -0.767664 -0.00352092 0.184153 0 0
0 0 88 -0.619116 -0.121815 -0.227577 -0.0921782 0 0
0 0 89 0.159531 0.32334 0.614215 -0.297191 0 0
0 0 90 -0.0606579 0.163384 0.330818 -0.359774 0 0
0 0 91 -0.141759 -0.289081 0.0933095 0.00409183 0 0
0 0 92 -0.32928 -0.0947098 -0.10482 0.324337 0 0
0 0 93 0.302693 -0.303895 -0.100487 0.0522367 0 0
0 0 94 -0.0333966 -0.0570766 -0.290272 -0.295885 0 0
0 0 95 0.529086 0.360899 0.0794933 0.233564 0 0
0 0 96 0.424078 -0.476171 0.180606 -0.534284 0 0
0 0 97 0.0913599 0.216907 0.103874 -0.121671 0 0
0 0 98 -0.239576 0.24012 0.291613 0.782715 0 0
0 0 99 0.137291 -0.525358 -0.143655 -0.497451 0 0
0 0 100 -0.341254 0.359712 -0.71696 0.0277333 0 0
0 0 101 -0.182524 -0.024447 -0.113224 0.156635 0 0
0 0 102 0.18662 -0.366859 0.242924 0.813227 0 0
0 0 103 -0.0630692 0.293379 -0.125895 -0.0479418 0 0
0 0 104 -0.178773 -0.266414 0.433323 -0.412709 0 0
0 0 105 0.0876196 0.142977 -0.395232 0.196579 0 0
0 0 106 -0.305026 -0.00719582 -0.0621938 -0.043353 0 0
0 0 107 0.1625 0.417116 -0.079516 -0.376269 0 0
0 0 108 -0.0515144 -0.295771 0.229045 0.1604 0 0
0 0 109 0.241208 -0.193802 0.0968295 0.390082 0 0
0 0 110 -0.118498 -0.279882 -0.060473 -0.55397 0 0
0 0 111 -0.0055915 0.330713 0.249836 -0.166755 0 0
0 0 112 -0.152584 0.526079 -0.268652 -0.296884 0 0
0 0 113 0.863053 0.250048 -0.470941 -0.494378 0 0
0 0 114 -0.446968 0.540886 -0.0641808 0.319363 0 0
0 0 115 0.164673 0.238229 0.0187519 -0.200418 0 0
0 0 116 -0.103512 -0.302642 0.171651 -0.029142 0 0
0 0 117 0.173018 -0.103657 -0.742703 -0.410166 0 0
0 0 118 -0.00335233 0.301044 0.0972112 0.432141 0 0
0 0 119 0.141627 -0.196744 0.184038 -0.0343326 0 0
0 0 120 -0.324111 -0.31764 -0.0102796 -0.523416 0 0
0 0 121 0.245372 -0.251834 1.12508 -0.205174 51.3085 7.9921
0 0 122 0.0361294 -0.405643 -0.316252 0.266791 0 0
0 0 123 0.354265 -0.329374 -0.325982 -0.0838218 0 0
0 0 124 0.0123773 -0.145621 0.0503531 -0.390055 0 0
0 0 125 -0.509089 -0.42335 0.295125 -0.542473 0 0
0 0 126 0.467946 -0.260852 0.0742099 -0.484305 0 0
0 0 127 -0.0182926 -0.200254 -0.883866 0.104441 0 0
0 0 128 0.535883 0.0990327 0.289146 0.137981 0 0
0 0 129 0.0577803 0.0732395 -0.781131 -0.00813907 0 0
0 0 130 0.0242668 0.0795035 -0.358347 -0.0703006 0 0
0 0 131 0.164319 -0.208056 0.450475 0.454976 0 0
0 0 132 0.0266718 -0.339723 0.276465 0.0876127 0 0
0 0 133 -0.356193 -0.234384 -0.183258 0.241655 0 0
0 0 134 0.526424 0.382655 0.264583 -0.346539 0 0
0 0 135 -0.210953 0.196538 0.276607 0.0167351 0 0
0 0 136 0.283607 0.196616 0.274772 -0.129761 0 0
0 0 137 0.280108 0.0287441 0.152235 0.0655791 0 0
0 0 138 0.60597 0.706857 0.299351 0.0289743 0 0
0 0 139 0.810777 -0.480814 0.635218 -0.299123 0 0
0 0 140 0.29853 0.290382 -0.248675 0.479832 0 0
0 0 141 -0.335392 -0.117971 -0.0369318 -0.114192 0 0
0 0 142 -0.627169 0.205803 0.467642 0.174065 0 0
0 0 143 0.0492875 -0.233655 -0.468559 -0.109054 0 0
0 0 144 -0.256218 -0.130046 0.0113882 -0.444448 0 0
0 0 145 0.342755 0.0233523 -0.414659 -0.0269405 0 0
0 0 146 0.338481 0.0928898 0.119923 0.235646 0 0
0 0 147 -0.252876 -0.233574 -0.181808 0.10356 0 0
0 0 148 -0.000643253 -0.320234 -0.259881 0.251099 0 0
0 0 149 0.268554 0.214987 -0.135913 -0.183158 0 0
0 0 150 0.465766 -0.306212 -0.489327 -0.500354 0 0
0 0 151 0.212822 -0.246186 -0.0281945 -0.565956 0 0
0 0 152 0.303697 0.167062 0.301995 -0.539189 0 0
0 0 153 0.344087 -0.155624 -0.389227 0.0460748 0 0
0 0 154 -0.82746 -0.824795 0.173509 -0.331849 0 0
0 0 155 0.170806 -0.0355269 0.144618 -0.643059 0 0
0 0 156 -0.0781292 0.13707 -0.12757 0.014059 0 0
0 0 157 0.0817261 -0.0654658 -0.770706 -0.050558 0 0
0 0 158 0.160368 0.19782 0.273754 0.381137 0 0
0 0 159 -0.174631 -0.0261211 0.0887045 0.033781 0 0
0 0 160 0.380517 0.0669849 0.398047 0.135407 0 0
0 0 161 0.0310202 -0.261065 0.109749 0.443699 0 0
0 0 162 -0.0871538 -0.771944 0.378011 -0.210306 0 0
0 0 163 -0.306576 -0.407132 -0.0685219 -0.435093 0 0
0 0 164 0.121678 -0.361445 -0.130939 -0.022922 0 0
0 0 165 -0.372237 -0.00704572 -0.285919 0.16176 0 0
0 0 166 0.173101 -0.575304 -0.24863 -0.170784 0 0
0 0 167 0.077765 -0.111679 -0.135199 -0.24458 0 0
0 0 168 -0.482983 0.100189 -0.121395 -0.0267951 0 0
0 0 169 -0.00415585 0.0919943 -0.116013 -0.355108 0 0
0 0 170 0.0701772 -0.274279 -0.242759 0.243309 0 0
0 0 171 -0.640267 0.0541477 0.242401 -0.140426 0 0
0 0 172 -0.0536312 0.0693085 0.38472 0.0344809 0 0
0 0 173 -0.254905 0.318164 -0.118197 -0.231919 0 0
0 0 174 -0.43145 -0.335347 0.0528662 0.1758 0 0
0 0 175 0.238081 -0.889517 0.099449 -0.179166 0 0
0 0 176 -0.746461 -0.530971 -0.475288 0.137387 0 0
0 0 177 -0.135669 0.00238096 -0.00438734 0.24531 0 0
0 0 178 -0.133435 -0.0200357 -0.0687177 -0.264902 0 0
0 0 179 0.0416436 -0.217243 0.114131 0.125796 0 0
0 0 180 0.134127 -0.0550084 -0.165594 0.193377 0 0
0 0 181 -0.389644 0.156265 -0.10962 0.302489 0 0
0 0 182 0.119083 -0.104907 0.0924493 -0.291189 0 0
0 0 183 0.124316 0.244307 -0.0901697 0.258562 0 0
0 0 184 0.179249 0.571022 -0.428117 0.0581396 0 0
0 0 185 -0.223265 -0.223838 -0.0373777 -0.632895 0 0
0 0 186 0.450978 -0.285309 0.191454 0.00869149 0 0
0 0 187 -0.0916987 0.0791534 -0.330334 -0.00649168 0 0
0 0 188 -0.277707 -0.0166898 0.446256 -0.0115866 0 0
0 0 189 -0.105609 0.0256291 0.272236 -0.178448 0 0
0 0 190 -0.164014 -0.0748493 0.0226794 0.108536 0 0
0 0 191 0.260769 0.263346 0.165666 0.309677 0 0
0 0 192 0.665935 0.307381 0.0158422 -0.724598 0 0
0 0 193 0.270689 -0.314477 -0.130239 -0.237512 0 0
0 0 194 0.285329 0.538808 -0.167082 -0.468615 0 0
0 0 195 -0.331236 -0.104423 0.00308455 -0.00359774 0 0
0 0 196 0.81937 -0.24632 -0.284093 -0.327413 0 0
0 0 197 0.0715368 -0.276158 0.263519 0.402261 0 0
0 0 198 -0.577793 -0.301705 -0.358186 0.0552842 0 0
0 0 199 0.833886 -0.0790416 0.179424 0.437379 0 0
0 0 200 -0.109843 -0.638711 0.475639 0.452169 0 0
0 0 201 -0.177285 -0.194574 0.649144 -0.251868 0 0
0 0 202 -0.173257 0.242293 0.480633 -0.114533 0 0
0 0 203 0.316928 0.421473 0.115014 -0.104864 0 0
0 0 204 0.446548 -0.0105281 -0.205955 -0.131362 0 0
0 0 205 0.0598387 -0.147271 0.227952 0.0089408 0 0
0 0 206 -0.596976 -0.36486 0.309137 0.0532107 0 0
0 0 207 -0.438474 -0.428853 0.417036 -0.470458 0 0
0 0 208 -0.217133 -0.625319 -0.24535 -0.319934 0 0
0 0 209 0.370038 -0.758068 -0.13521 0.357056 0 0
0 0 210 0.300631 -0.435285 0.0845564 -0.0763958 0 0
0 0 211 0.208016 0.118431 -0.250528 -0.121633 0 0
0 0 212 0.0669522 0.0969402 0.294589 -0.0151598 0 0
0 0 213 0.0310017 0.125723 0.08313 0.549098 0 0
0 0 214 -0.0901746 0.124859 0.364317 -0.187937 0 0
0 0 215 -0.0354025 0.156516 0.474643 -0.223694 0 0
0 0 216 -0.0333561 0.308532 -0.440658 0.366494 0 0
0 0 217 0.0407694 -0.0755288 0.0564457 0.498235 0 0
0 0 218 0.118146 0.106291 0.0527745 0.348173 0 0
0 0 219 0.46323 -0.331708 0.154541 -0.567655 0 0
0 0 220 -0.262027 0.361681 0.0673104 -0.00337763 0 0
0 0 221 0.141699 0.119571 0.0179001 -0.300614 0 0
0 0 222 0.232031 0.0767483 0.0155785 0.348787 0 0
0 0 223 -0.228131 0.10469 0.160095 -0.346412 0 0
0 0 224 -0.201809 0.903819 0.045007 4.79855e-05 0 0
0 0 225 0.131819 -0.0521959 0.0616158 0.460577 0 0
0 0 226 -0.379136 0.137098 -0.186016 0.35219 0 0
0 0 227 0.132216 -0.282012 -0.981683 0.0402561 0 0
0 0 228 -0.0141415 0.380487 0.0513127 0.389724 0 0
0 0 229 0.0629558 -0.00189851 0.404922 -0.0804597 0 0
0 0 230 -0.0734086 -0.160681 -0.0378507 -0.105653 0 0
0 0 231 -0.0461005 0.472304 -0.339427 -0.0353421 0 0
0 0 232 0.493781 0.594298 0.0490939 0.160158 0 0
0 0 233 -0.108426 0.343696 0.257017 0.546742 0 0
0 0 234 -0.107271 -0.183993 -0.0290787 -0.53542 0 0
0 0 235 0.00978701 0.1784 0.531366 0.0478137 0 0
0 0 236 -0.756444 -0.590997 0.0168362 -0.0954276 0 0
0 0 237 -0.627744 0.116103 -0.556519 -0.376858 0 0
0 0 238 0.166974 -0.213705 -0.217487 -0.133621 0 0
0 0 239 0.42693 -0.200897 -0.413355 0.213361 0 0
0 0 240 0.363804 -0.0626257 0.547097 0.684575 0 0
0 0 241 -0.358042 -0.0599313 -0.377202 0.146791 0 0
0 0 242 0.021232 0.144821 -0.0746176 -0.231188 0 0
0 0 243 0.084267 -0.118402 -0.153053 -0.33565 0 0
0 0 244 -0.0916978 -0.388126 -0.112287 0.0359635 0 0
0 0 245 0.41688 0.590136 -0.0722217 0.618328 0 0
0 0 246 0.565488 -0.0200503 0.244805 -0.109749 0 0
0 0 247 -0.491302 0.411948 -0.292278 0.00415367 0 0
0 0 248 -0.273374 0.0723698 -0.174313 -0.219156 0 0
0 0 249 -0.570844 0.331548 -0.320569 0.0527066 0 0
0 0 250 0.0479188 0.0817489 -0.367395 0.0478502 0 0
0 0 251 0.190423 0.0524088 -0.084944 -0.231004 0 0
0 0 252 -0.0871461 0.33124 0.570612 0.198585 0 0
0 0 253 -0.0205902 -0.188538 0.239216 -0.189482 0 0
0 0 254 0.649894 0.0235074 -0.0335281 0.36346 0 0
0 0 255 0.375851 -0.232753 0.534542 0.18744 0 0
0 0 256 0.428543 0.0351254 0.273312 0.546552 0 0
0 0 257 -0.059882 0.00507149 0.142591 -0.368677 0 0
0 0 258 0.271408 -0.144372 0.333684 -0.112056 0 0
0 0 259 -0.832374 -0.146898 0.074617 -0.28799 0 0
0 0 260 0.17641 -0.312103 -0.264416 0.374743 0 0
0 0 261 0.524151 -0.241113 0.408469 0.0403743 0 0
0 0 262 0.333974 0.295926 0.209501 0.118116 0 0
0 0 263 -0.121598 -0.0272636 0.182209 -0.237777 0 0
0 0 264 -0.244301 0.0317044 0.0452432 0.0844645 0 0
0 0 265 -0.104899 0.384906 -0.31533 -0.175043 0 0
0 0 266 0.0516876 -0.130505 -0.199452 0.0276529 0 0
0 0 267 -0.0289125 -0.736848 0.182887 0.188046 0 0
0 0 268 0.528643 0.242776 0.0417703 -0.269598 0 0
0 0 269 -0.606489 0.0829057 -0.698136 0.147823 0 0
0 0 270 0.688244 0.622117 -0.0859289 -0.46798 0 0
0 0 271 0.159872 -0.0849049 0.62897 0.121373 0 0
0 0 272 0.663943 0.342479 0.187749 -0.224029 0 0
0 0 273 -0.0128054 -0.358353 -0.0397204 -0.369009 0 0
0 0 274 0.204807 -0.0632994 0.540075 -0.230655 0 0
0 0 275 0.327072 -0.139274 -0.11558 0.588792 0 0
0 0 276 -0.111571 0.498822 0.551781 0.263194 0 0
0 0 277 0.136116 0.280042 0.492209 0.469246 0 0
0 0 278 0.181153 0.244883 0.151738 0.338563 0 0
0 0 279 0.278302 -0.0177833 0.151443 0.0659573 0 0
0 0 280 -0.341516 0.106236 0.405679 -0.442733 0 0
0 0 281 -0.21156 -0.0752761 0.473219 0.108055 0 0
0 0 282 -0.221294 0.663531 -0.202934 0.0202329 0 0
0 0 283 0.110364 0.508451 -0.559054 -0.535444 0 0
0 0 284 0.308205 -0.159065 0.79992 0.180962 0 0
0 0 285 -0.0152982 0.0839298 0.193355 0.0984163 0 0
0 0 286 -0.255225 0.062584 -0.415218 0.552625 0 0
0 0 287 -0.778716 -0.0993703 -0.672933 -0.492734 0 0
0 0 288 -0.0531406 -0.170503 -0.0411215 0.510104 0 0
0 0 289 0.346031 0.0575376 -0.188068 0.364774 0 0
0 0 290 -0.112853 0.480318 0.165024 -0.0814001 0 0
0 0 291 -0.0986967 0.0365279 0.0667291 -0.142006 0 0
0 0 292 0.525478 0.257422 0.610011 -0.0838268 0 0
0 0 293 0.132405 0.474983 0.124239 0.16341 0 0
0 0 294 0.263283 0.576406 -0.68227 -0.0850468 0 0
0 0 295 0.0462715 -0.0111772 0.222254 0.0232817 0 0
0 0 296 -0.272082 0.0782008 0.1971 -0.377211 0 0
0 0 297 0.24754 -0.280662 0.114934 0.197395 0 0
0 0 298 -0.468595 -0.147164 0.0499621 0.165165 0 0
0 0 299 0.257207 -0.16862 -0.271746 -0.102554 0 0
0 0 300 0.130664 0.13067 0.443533 0.578065 0 0
0 0 301 0.0717099 -0.175606 -0.106747 -0.379745 0 0
0 0 302 0.0366425 -0.312697 -0.0491517 -0.203457 0 0
0 0 303 0.288814 -0.385154 -0.194998 -0.0184577 0 0
0 0 304 -0.0365888 0.53433 0.0150506 0.279085 0 0
0 0 305 0.131645 0.286924 -0.382498 -0.217347 0 0
0 0 306 -0.147761 -0.0995624 -0.0276267 -0.156508 0 0
0 0 307 0.63063 0.399979 -0.436835 -0.11349 0 0
0 0 308 -0.593992 0.48456 -0.0746944 -0.252668 0 0
0 0 309 -0.0361695 -0.157486 -0.252582 -0.146117 0 0
0 0 310 0.418522 0.566627 -0.117559 -0.62256 0 0
0 0 311 -0.22227 -0.309784 0.3294 -0.131489 0 0
0 0 312 0.302353 0.256674 0.137254 0.538474 0 0
0 0 313 0.467715 0.126963 -0.154717 -0.0597906 0 0
0 0 314 0.329482 0.262465 -0.138582 -0.0583814 0 0
0 0 315 -0.171153 -0.27671 0.306505 -0.380887 0 0
0 0 316 -0.439166 -0.475769 -0.247073 -0.216368 0 0
0 0 317 0.38514 0.309371 0.399479 -0.612817 0 0
0 0 318 0.232819 -0.105669 -0.0804344 0.140411 0 0
0 0 319 -0.373561 -0.36309 -0.112164 -0.191746 0 0
0 0 320 -0.214434 0.127416 -0.497839 0.337793 0 0
0 0 321 -0.258914 -0.149136 -0.0166682 -0.246904 0 0
0 0 322 -0.237729 -0.023439 0.140497 1.00038 0 0
0 0 323 0.31304 -0.137952 0.161806 -0.20794 0 0
0 0 324 0.407105 -0.551032 -0.250349 0.0601896 0 0
0 0 325 -0.215085 -0.00488391 -0.0104027 0.55899 0 0
0 0 326 0.285847 0.10458 -0.246049 -0.091661 0 0
0 0 327 0.454386 -0.273466 0.254007 0.0797155 0 0
0 0 328 0.274755 -0.309819 0.756955 0.191217 0 0
0 0 329 -0.363724 -0.0287585 -0.358147 0.17784 0 0
0 0 330 0.450003 0.248376 0.478387 -0.18574 0 0
0 0 331 0.918749 0.0945382 -0.0963055 0.0175927 0 0
0 0 332 -0.146009 -0.259431 -0.218026 0.373587 0 0
0 0 333 -0.695194 -0.512779 -0.249922 0.191808 0 0
0 0 334 -0.0877632 0.0553176 0.312721 -0.262097 0 0
0 0 335 0.240446 -0.0213277 -0.0255893 -0.471078 0 0
0 0 336 -0.221562 0.579202 -0.0485824 0.455288 0 0
0 0 337 0.294695 -0.518214 -0.191407 0.173482 0 0
0 0 338 -0.27499 0.423258 0.154954 0.121265 0 0
0 0 339 0.0393218 0.190712 -0.709421 0.472697 0 0
0 0 340 -0.110824 0.116645 0.204142 -0.241368 0 0
0 0 341 -0.111781 -0.364316 0.397071 -0.134011 0 0
0 0 342 -0.259667 0.403794 0.110108 6.19084e-05 0 0
0 0 343 0.258009 0.367452 0.347151 -0.194123 0 0
0 0 344 -0.110534 0.063936 -0.0547555 -0.461593 0 0
0 0 345 -0.155155 0.204901 -0.360839 -0.163436 0 0
0 0 346 -0.181497 0.0264999 -0.0299214 0.371404 0 0
0 0 347 -0.271413 0.0252392 -0.233959 -0.813322 0 0
0 0 348 0.411867 -0.524959 -0.0432615 -0.735535 0 0
0 0 349 -0.00543787 0.286384 0.107951 0.0675081 0 0
0 0 350 0.0214226 -0.215491 0.432846 0.252722 0 0
0 0 351 -0.526388 -0.472134 0.0389923 0.0562815 0 0
0 0 352 0.168366 0.0925383 -0.0467216 -0.13834 0 0
0 0 353 -0.283451 -0.00350966 0.12498 0.48196 0 0
0 0 354 -0.448057 -0.367055 -0.0511433 -0.389905 0 0
0 0 355 0.316725 -0.198741 0.313658 0.261322 0 0
0 0 356 -0.243419 0.247202 -0.641368 -0.260857 0 0
0 0 357 0.0910895 -0.301137 0.507023 -0.624355 0 0
0 0 358 0.379757 0.265556 0.0179205 0.28591 0 0
0 0 359 0.514482 -0.12258 -0.319435 0.0749533 0 0
0 0 360 0.553129 0.759264 -0.0208691 0.0670748 0 0
0 0 361 -0.198377 -0.135795 0.294869 -0.337299 0 0
0 0 362 -0.343314 -0.13455 -0.1363 -0.0974817 0 0
0 0 363 -0.102271 -0.0297501 -0.019801 -0.0747577 0 0
0 0 364 0.0362983 -0.166431 -0.123963 -0.215658 0 0
0 0 365 0.260152 0.118934 -0.118299 -0.14674 0 0
0 0 366 0.00515627 0.116199 0.288121 -0.0562284 0 0
0 0 367 0.111426 0.828246 -0.102324 0.0282977 0 0
0 0 368 -0.111435 0.212801 -0.0226287 -0.184264 0 0
0 0 369 -0.00148816 0.215015 -0.183519 -0.565549 0 0
0 0 370 -0.178946 -0.0894682 0.637313 -0.213156 0 0
0 0 371 0.22085 0.373899 -0.219315 0.217987 0 0
0 0 372 0.411359 0.340177 0.0541702 -0.308174 0 0
0 0 373 -0.383657 -0.069218 -0.0150504 0.243775 0 0
0 0 374 -0.250496 0.0615787 -0.179535 -0.298966 0 0
0 0 375 1.02093 0.191695 0.324209 0.0182331 0 0
0 0 376 -0.06775 0.5938 0.530722 -0.323716 0 0
0 0 377 0.149724 0.151855 0.235246 0.192256 0 0
0 0 378 0.275264 -0.225015 -0.0852307 0.0988922 0 0
0 0 379 -0.134419 0.152997 -0.20963 0.00750886 0 0
0 0 380 0.207276 0.563498 0.616336 0.296327 0 0
0 0 381 -0.310936 0.0808498 -0.087881 -0.0170051 0 0
0 0 382 -0.299352 0.31171 0.298679 -0.305406 0 0
0 0 383 -0.17045 -0.123846 0.0873279 0.0686045 0 0
0 0 384 -0.0878812 0.163626 0.160579 -0.45497 0 0
0 0 385 -0.110023 0.247343 -0.28345 -0.188629 0 0
0 0 386 -0.404855 -0.60633 -0.680021 -0.1996 0 0
0 0 387 -0.0463198 0.326647 -0.0191655 0.0717563 0 0
0 0 388 -0.101572 0.246197 0.21303 -0.437341 0 0
0 0 389 0.0452766 0.318126 -0.381686 -0.00583309 0 0
0 0 390 -0.0362282 0.153725 -0.157162 0.0115108 0 0
0 0 391 -0.63892 -0.380838 -0.0773369 0.169274 0 0
0 0 392 -0.161666 -0.351119 -0.102261 0.116257 0 0
0 0 393 -0.141762 -0.290205 -0.497882 -0.0364746 0 0
0 0 394 -0.0801142 -0.110192 -0.059899 0.348984 0 0
0 0 395 0.240499 -0.157883 0.618295 0.194236 0 0
0 0 396 -0.608684 -0.637977 0.158198 0.0468424 0 0
0 0 397 0.0351862 -0.178708 -0.178973 0.127 0 0
0 0 398 0.310994 0.138196 -0.613778 0.443084 0 0
0 0 399 -0.484138 -0.0440272 -0.314952 -0.415492 0 0
0 0 400 -0.15613 0.207446 -0.697937 0.24963 0 0
0 0 401 0.302768 -0.223379 0.457536 0.0946732 0 0
0 0 402 0.0414463 -0.514174 -0.0986095 0.152263 0 0
0 0 403 -0.285314 0.626813 0.0852264 0.147545 0 0
0 0 404 -0.118068 0.345413 -0.399076 -0.335748 0 0
0 0 405 0.0920036 0.233043 0.0601452 -0.358809 0 0
0 0 406 -0.504749 0.141037 -0.0833337 -0.289238 0 0
0 0 407 -0.00961746 -0.336298 -0.0989243 -0.138696 0 0
0 0 408 -0.473648 -0.029473 0.381565 -0.000597595 0 0
0 0 409 -0.257734 0.0992874 0.235149 -0.18205 0 0
0 0 410 -0.299906 0.461558 -0.82333 -0.0941416 0 0
0 0 411 0.129103 0.229975 -0.0171938 -0.544577 0 0
0 0 412 -0.267935 0.528208 0.390327 0.393641 0 0
0 0 413 -0.188752 0.160801 -0.460686 0.581969 0 0
0 0 414 -0.0715444 0.422604 -0.296003 -0.0580534 0 0
0 0 415 0.15878 -0.276717 0.7424 0.38088 0 0
0 0 416 -0.0855132 -0.202317 0.138637 -0.419122 0 0
0 0 417 0.414423 -0.456601 -0.168495 -0.193614 0 0
0 0 418 0.0870215 0.556285 0.355675 0.111461 0 0
0 0 419 0.65345 -0.387591 0.0841711 0.126662 0 0
0 0 420 0.249329 0.0665097 0.153753 0.526226 0 0
0 0 421 -0.147622 -0.1974 0.178927 -0.228263 0 0
0 0 422 0.183775 0.0430936 -0.0356528 -0.511918 0 0
0 0 423 0.271666 -0.23257 -0.265957 -0.108938 0 0
0 0 424 -0.0498158 -0.739812 -0.371974 0.233321 0 0
0 0 425 -0.0679742 -0.317547 0.513371 0.0924833 0 0
0 0 426 0.0139312 -0.313448 0.198927 -0.0661467 0 0
0 0 427 0.225582 -0.568933 0.202421 -0.162355 0 0
0 0 428 0.0268627 0.138969 -0.478935 0.0986905 0 0
0 0 429 0.926416 0.232539 0.485051 -0.375315 0 0
0 0 430 0.271186 -0.143996 0.487291 -0.166136 0 0
0 0 431 -0.191488 -0.0670707 -0.161728 -0.438049 0 0
0 0 432 -0.269356 0.373132 0.540921 -0.570648 0 0
0 0 433 0.63463 -0.0182217 0.339628 0.226076 0 0
0 0 434 -0.305219 -0.0795898 0.677509 0.399567 0 0
0 0 435 -0.0488208 -0.100012 0.411933 0.426998 0 0
0 0 436 0.0223081 0.0146963 -0.485798 0.4683 0 0
0 0 437 -0.123781 0.201183 -0.131957 0.578716 0 0
0 0 438 -0.245794 -0.280983 -0.484317 -0.228959 0 0
0 0 439 0.194758 -0.515644 -0.088818 0.00494414 0 0
0 0 440 -0.0208301 -0.119725 -0.33279 0.582767 0 0
0 0 441 -0.226139 0.0587695 -0.0264892 1.00833 0 0
0 0 442 0.00248148 -0.096913 0.322054 0.683423 0 0
0 0 443 0.0397188 -0.18877 0.0151695 -0.28159 0 0
0 0 444 -0.162872 0.45926 -0.274182 0.469047 0 0
0 0 445 0.0442024 -0.137485 -0.400499 0.288357 0 0
0 0 446 -0.0346037 0.426928 -0.804455 -0.545169 0 0
0 0 447 0.316707 -0.0516749 -0.550515 0.0696521 0 0
0 0 448 -0.0211233 0.144253 0.422063 -0.386638 0 0
0 0 449 0.475412 0.379202 -0.0402594 0.0415995 0 0
0 0 450 -0.463149 0.00928953 -0.507252 -0.0308276 0 0
0 0 451 -0.488957 -0.284545 0.00369168 0.460708 0 0
0 0 452 -0.292246 -0.128205 0.261744 1.09674 0 0
0 0 453 0.361731 0.0455947 0.534516 -0.213952 0 0
0 0 454 -0.505671 0.568402 0.208869 0.373227 0 0
0 0 455 0.32833 -0.534713 0.205396 -0.39788 0 0
0 0 456 -0.149571 -0.271223 -0.0879283 0.182998 0 0
0 0 457 -0.015566 0.626939 0.21422 0.109242 0 0
0 0 458 0.516705 -0.136525 -0.636285 0.704998 0 0
0 0 459 0.217512 -0.00234324 -0.103267 -0.00606117 0 0
0 0 460 0.0246077 -0.961225 0.567923 -0.440624 74.712 8.64695
0 0 461 0.0674286 -0.0885579 -0.118939 -0.0708532 0 0
0 0 462 -0.0423274 0.449861 -0.620407 -0.194675 0 0
0 0 463 0.216607 -0.0672869 -0.370812 -0.190397 0 0
0 0 464 0.052239 0.110495 -0.0768805 -0.701252 0 0
0 0 465 0.212332 -0.23318 0.0821998 0.479952 0 0
0 0 466 0.00732026 0.0935461 0.726307 0.0791348 0 0
0 0 467 -0.778844 -0.968705 0.477503 0.130991 0 0
0 0 468 0.497838 0.657589 0.273374 -0.187464 0 0
0 0 469 -0.429178 0.508333 -0.360644 -0.345946 0 0
0 0 470 0.0362077 0.297521 -0.0713803 0.0319401 0 0
0 0 471 0.0887506 0.00626244 -0.240333 -0.69017 0 0
0 0 472 0.205245 0.743095 0.292572 -0.541076 0 0
0 0 473 0.262367 -0.00704105 0.323685 -0.0142922 0 0
0 0 474 -0.496433 0.142909 0.14853 -0.0284059 0 0
0 0 475 -0.0560298 0.139648 0.0289573 -0.192629 0 0
0 0 476 0.0651943 0.0588168 0.273866 0.283888 0 0
0 0 477 -0.0439409 0.427461 -0.106915 -0.0309677 0 0
0 0 478 0.220046 -0.0277617 -0.0341445 -0.229532 0 0
0 0 479 -0.0919704 -0.343588 -0.558782 -0.0299458 0 0
0 0 480 0.233744 0.19521 0.618512 -0.135979 0 0
0 0 481 0.249704 -0.501468 0.26118 0.0126931 0 0
0 0 482 0.933887 0.631104 0.0843803 0.412212 0 0
0 0 483 0.751762 0.347968 0.44101 -0.00704409 0 0
0 0 484 0.331885 0.702712 0.611941 0.237249 0 0
0 0 485 -0.0064961 0.244521 0.258939 -0.131658 0 0
0 0 486 -0.374863 -0.415338 0.304884 -0.353107 0 0
0 0 487 -0.0604556 0.404128 0.046481 -0.203427 0 0
0 0 488 -0.182631 -0.279926 0.0658796 -0.142478 0 0
0 0 489 0.110515 -0.171903 -0.211541 -0.18664 0 0
0 0 490 -0.103334 -0.0899973 0.515155 -0.155413 0 0
0 0 491 0.0966408 0.110928 -0.0936117 -0.196242 0 0
0 0 492 0.0701752 0.408912 -0.57766 0.717723 0 0
0 0 493 -0.0987161 -0.327055 0.00442514 -0.0101397 0 0
0 0 494 -0.142934 0.0500159 -0.164849 0.503882 0 0
0 0 495 0.0396135 -0.228207 0.253151 -0.274312 0 0
0 0 496 0.197884 -0.0187029 -0.228371 -0.0515507 0 0
0 0 497 0.0281233 0.00395238 -0.6904 0.400927 0 0
0 0 498 0.669336 0.4126 -0.625647 0.0846964 0 0
0 0 499 0.335366 0.10485 -0.195997 -0.34368 0 0
0 0 500 0.443096 0.349162 0.0850131 0.390629 0 0
0 0 501 -0.114286 0.260263 -0.0819696 -0.198737 0 0
0 0 502 -0.355249 0.506313 0.591716 0.101297 0 0
0 0 503 0.409742 0.0891512 0.0990316 0.168931 0 0
0 0 504 0.484826 -0.45756 0.297207 0.174313 0 0
0 0 505 -0.594611 0.0369603 0.0673686 0.271327 0 0
0 0 506 -0.334905 -0.465183 0.484445 0.234653 0 0
0 0 507 -0.0164982 -0.34787 0.353229 -0.344393 0 0
0 0 508 0.0548705 0.00925063 -0.38175 0.429147 0 0
0 0 509 0.0610844 -0.131709 -0.183713 -0.666484 0 0
0 0 510 -0.235945 -0.0654055 -0.708513 -0.170399 0 0
0 0 511 0.300823 0.435073 0.347214 -0.140712 0 0
0 0 512 -0.152395 0.03684 0.413148 -0.0755341 0 0
0 0 513 0.621726 -0.112793 -0.659016 0.157952 0 0
0 0 514 -0.0520851 -0.354126 0.326179 -0.748439 0 0
0 0 515 -0.0408988 -0.162465 0.501881 0.256047 0 0
0 0 516 -0.108734 0.15846 0.0055849 0.412468 0 0
0 0 517 -0.192628 -0.187295 0.44425 -0.282729 0 0
0 0 518 0.0669096 0.324752 -0.365666 0.0715822 0 0
0 0 519 0.304216 -0.384825 0.154676 -0.55052 0 0
0 0 520 0.151219 -0.0924085 0.137071 -0.189224 0 0
0 0 521 0.454416 0.0195747 -0.356057 0.55326 0 0
0 0 522 -0.460746 0.367984 -0.157443 -0.442964 0 0
0 0 523 0.0566778 0.00383819 0.235374 0.0450002 0 0
0 0 524 0.0948408 0.247546 -0.181719 0.47123 0 0
0 0 525 -0.0684553 1.01986 -0.393211 0.44743 0 0
0 0 526 -0.448001 -0.208135 -0.358798 0.349224 0 0
0 0 527 -0.118892 0.243003 -0.406646 -0.282792 0 0
0 0 528 0.327028 -0.350251 -0.308314 -0.032873 0 0
0 0 529 0.35308 0.997892 0.138311 -0.0105654 0 0
0 0 530 -0.0693459 0.113402 -0.204938 0.0766815 0 0
0 0 531 0.0029846 -0.43574 0.499485 0.164698 0 0
0 0 532 -0.16672 -0.0500833 0.232855 0.412768 0 0
0 0 533 -0.331953 -0.0630623 -0.0739153 -0.26011 0 0
0 0 534 -0.210476 -0.113917 -0.165714 -0.123441 0 0
0 0 535 -0.0142846 -0.330423 0.214809 -0.00312998 0 0
0 0 536 -0.602942 -0.191689 0.565633 0.339378 0 0
0 0 537 0.232207 -0.253997 -0.469565 -0.171956 0 0
0 0 538 0.275337 -0.853901 -0.0177267 -0.0886398 0 0
0 0 539 0.00392631 -0.459145 0.390768 0.0592437 0 0
0 0 540 -0.0971486 0.133367 0.162526 -0.648656 0 0
0 0 541 0.721281 0.1935 0.562388 -0.211554 0 0
0 0 542 -0.373143 0.150459 -0.111812 -0.841104 0 0
0 0 543 -0.339133 0.112896 0.0267169 0.329679 0 0
0 0 544 -0.234218 -0.0742456 -0.283805 0.127492 0 0
0 0 545 0.258701 0.485884 -0.0037973 -0.238813 0 0
0 0 546 0.211012 -0.146583 0.186026 0.41049 0 0
0 0 547 0.464383 0.553553 -0.454026 -0.331493 0 0
0 0 548 -0.734579 -0.243179 -0.232084 -0.0887675 0 0
0 0 549 0.0982257 -0.401117 -0.395803 0.140543 0 0
0 0 550 0.629983 0.331053 -0.553365 -0.0511007 0 0
0 0 551 -0.442383 -0.133052 -0.411489 0.320594 0 0
0 0 552 0.0702865 -0.91119 0.0716928 -0.409936 0 0
0 0 553 0.403924 0.384976 0.0083568 0.443748 0 0
0 0 554 0.116902 -0.261487 -0.304633 0.59991 0 0
0 0 555 0.120386 0.0611301 -0.7786 0.116183 0 0
0 0 556 -0.600063 0.3945 -0.139995 0.508696 0 0
0 0 557 0.000355169 -0.0704401 -0.327008 -0.141432 0 0
0 0 558 -0.199342 0.0743666 0.0718935 0.10566 0 0
0 0 559 -0.297707 -0.234611 -0.312733 -0.381767 0 0
0 0 560 0.287846 0.244609 -0.35557 -0.157666 0 0
0 0 561 -0.1827 0.128156 -0.0438605 0.152768 0 0
0 0 562 -0.0955643 0.0358603 0.315126 -0.123068 0 0
0 0 563 0.336283 -0.260098 0.0620099 0.00446531 0 0
0 0 564 0.436753 0.0289495 0.0442511 -0.188917 0 0
0 0 565 0.275898 -0.369225 0.524899 0.0812333 0 0
0 0 566 -0.350926 -0.233468 -0.0337688 0.00158636 0 0
0 0 567 0.353127 -0.474772 -0.157936 0.0116404 0 0
0 0 568 0.242539 0.136646 0.363398 0.474866 0 0
0 0 569 0.864778 0.0576216 -0.11856 -0.0541153 0 0
0 0 570 -0.0736072 -0.517126 -0.399626 -0.390657 0 0
0 0 571 -0.0795022 0.215323 -0.0969975 -0.174676 0 0
0 0 572 -0.243313 -0.117104 -0.381085 -0.610066 0 0
0 0 573 -0.34467 0.0262349 0.233138 0.50562 0 0
0 0 574 -0.353447 -0.138006 0.0367246 0.187073 0 0
0 0 575 -0.0401891 0.100988 0.100406 0.227234 0 0
0 0 576 0.438389 0.816163 -0.0955123 -0.0526112 0 0
0 0 577 -0.142539 0.388534 0.160858 0.116207 0 0
0 0 578 0.957618 0.349036 0.489317 0.174731 0 0
0 0 579 0.189252 0.341579 -0.177313 0.187433 0 0
0 0 580 -0.226115 0.125536 0.234596 -0.11721 0 0
0 0 581 -0.259617 0.0828552 -0.408496 0.422074 0 0
0 0 582 -0.562485 -0.0317477 -0.325036 -0.442663 0 0
0 0 583 0.383756 0.461233 -0.47613 -0.272134 0 0
0 0 584 0.235577 0.0368662 0.407825 0.151135 0 0
0 0 585 -0.607033 0.4558 0.320748 -0.319242 0 0
0 0 586 0.119092 0.34642 0.310677 0.156817 0 0
0 0 587 0.30707 -0.0998883 0.12962 -0.128952 0 0
0 0 588 -0.0313674 -0.164291 -0.177187 0.566767 0 0
0 0 589 -0.775509 -0.309363 -0.0986056 0.351548 0 0
0 0 590 0.584824 0.693369 -0.0937332 0.174142 0 0
0 0 591 -0.36842 -0.377869 -0.0430077 0.116885 0 0
0 0 592 0.414703 -0.0507872 -0.113001 0.160088 0 0
0 0 593 -0.569728 0.151857 -0.29433 -0.00565917 0 0
0 0 594 -0.368051 -0.418067 -0.643515 0.290534 0 0
0 0 595 -0.651675 -0.433557 -0.245723 0.111459 0 0
0 0 596 0.0830763 0.184478 0.19525 0.948778 0 0
0 0 597 -0.0621532 0.259173 -0.291701 -0.338946 0 0
0 0 598 -0.502633 -0.16257 0.0568479 -0.00836786 0 0
0 0 599 0.356208 0.379078 -0.232179 -0.467346 0 0
0 0 600 0.234823 -0.0946291 -0.694937 -0.223743 0 0
0 0 601 0.297739 0.10274 -0.582231 -0.0779942 0 0
0 0 602 0.48588 -0.0163478 -0.0920936 -0.0598013 0 0
0 0 603 -0.503083 -0.270659 -0.0618685 -0.206737 0 0
0 0 604 0.552196 0.761421 -0.123434 0.00403388 0 0
0 0 605 0.460041 0.00317025 0.0313459 0.795242 0 0
0 0 606 0.386683 0.222642 0.102487 -0.374876 0 0
0 0 607 0.350296 -0.210674 0.227905 -0.108538 0 0
0 0 608 -0.0198961 0.635144 0.0318865 -0.0195262 0 0
0 0 609 -0.0205598 0.198636 0.139658 0.412007 0 0
0 0 610 -0.0906565 -0.08084 0.33854 -0.271398 0 0
0 0 611 0.551673 -0.460133 0.0571802 -0.145854 0 0
0 0 612 0.17029 -0.127966 -0.158164 0.0607274 0 0
0 0 613 0.296649 -0.478288 -0.247666 -0.669337 0 0
0 0 614 0.00729513 -0.0095583 -0.0178104 0.236262 0 0
0 0 615 0.488089 -0.00952311 -0.111858 -0.311336 0 0
0 0 616 0.714914 -0.00792274 -0.034995 0.324802 0 0
0 0 617 -0.638833 0.0738118 -0.17687 -0.0612045 0 0
0 0 618 -0.181565 0.467383 0.0993895 0.352041 0 0
0 0 619 -0.156011 -0.0884214 -0.52391 0.312003 0 0
0 0 620 0.0469271 0.406052 0.264967 0.000415714 0 0
0 0 621 0.407111 -0.493133 -0.363357 -0.152524 0 0
0 0 622 -0.282678 -0.626669 -0.0123633 0.370821 0 0
0 0 623 0.103168 -0.136982 0.598083 -0.198161 0 0
0 0 624 -0.0692725 -0.399527 0.0724923 -0.0223844 0 0
0 0 625 0.257818 -0.244748 -0.0042313 -0.1651 0 0
0 0 626 -0.0451153 -0.0273796 0.00458368 0.124012 0 0
0 0 627 0.0595419 -0.135296 -0.0511214 -0.478429 0 0
0 0 628 0.18909 -0.170683 0.0981131 -0.192586 0 0
0 0 629 0.0508817 -0.138134 0.302425 -0.422089 0 0
0 0 630 0.33745 0.187864 0.0230913 -0.0288394 0 0
0 0 631 0.257251 -0.232978 -0.426814 0.0543561 0 0
0 0 632 -0.753331 0.349913 -0.779475 -0.284455 0 0
0 0 633 -0.200859 -0.0982631 0.338975 -0.100363 0 0
0 0 634 0.468752 0.0582423 0.415244 0.336123 0 0
0 0 635 -0.196283 -0.323942 -0.0438805 0.020938 0 0
0 0 636 -0.211711 0.0464596 -0.210189 -0.352054 0 0
0 0 637 -0.123489 0.140294 -0.105404 0.199749 0 0
0 0 638 0.556962 -0.262718 -0.0761747 0.109331 0 0
0 0 639 -0.00671187 -0.278765 0.343801 -0.220146 0 0
0 0 640 -0.0893639 0.134006 0.135055 0.21144 0 0
0 0 641 0.466924 0.142932 0.199809 -0.283465 0 0
0 0 642 -0.334533 0.401146 -0.139576 0.375561 0 0
0 0 643 -0.436252 -0.262366 0.58286 -0.339619 0 0
0 0 644 0.0717604 -0.154196 -0.191003 0.269729 0 0
0 0 645 0.0535509 -0.00399891 -0.218231 -0.394631 0 0
0 0 646 -0.359267 -0.0325838 -0.227218 0.587621 0 0
0 0 647 -0.513824 0.154565 0.170602 0.136285 0 0
0 0 648 -0.138942 -0.00743105 0.982585 -0.160012 0 0
0 0 649 -0.335416 0.00140673 -0.117296 -0.161397 0 0
0 0 650 0.137942 -0.0943993 -0.160148 -0.390195 0 0
0 0 651 -0.416857 -0.226501 0.122021 -0.559494 0 0
0 0 652 -0.158197 -0.203499 0.220667 0.291707 0 0
0 0 653 0.290249 -0.318054 0.498316 -0.220779 0 0
0 0 654 -0.316855 0.109095 0.0559131 -0.206665 0 0
0 0 655 -0.0816888 -0.387719 -0.624861 0.306419 0 0
0 0 656 -0.100303 0.225715 -0.169412 0.657749 0 0
0 0 657 -0.852771 -0.15606 -0.262753 0.273099 0 0
0 0 658 0.411734 0.212804 0.0220085 0.128239 0 0
0 0 659 -0.209716 -0.0581456 -0.220882 0.0543762 0 0
0 0 660 0.739543 -0.204736 0.0101726 -0.625056 0 0
0 0 661 0.168209 0.249815 -0.482375 -0.21376 0 0
0 0 662 -0.116116 -0.530738 -0.274915 0.092665 0 0
0 0 663 0.329854 0.410118 0.360923 -0.621635 0 0
0 0 664 -0.184022 -0.000685573 0.126178 0.224253 0 0
0 0 665 0.721338 0.482257 -0.0614486 -0.39257 0 0
0 0 666 0.360782 -0.211721 0.175716 -0.376893 0 0
0 0 667 0.376096 -0.160747 -0.377234 -0.116842 0 0
0 0 668 0.290367 -0.155833 0.200458 -0.330665 0 0
0 0 669 -0.211271 0.173098 -0.0959534 -0.0784444 0 0
0 0 670 0.119563 -0.0517979 0.176379 0.0270018 0 0
0 0 671 -0.323192 -0.119739 -0.661195 -0.0752994 0 0
0 0 672 -0.111612 -0.0459418 0.194679 0.0323202 0 0
0 0 673 0.203576 -0.473959 -0.321051 0.311642 0 0
0 0 674 0.26109 -0.332302 -0.731327 -0.316922 0 0
0 0 675 0.0862622 0.550399 -0.259258 -0.407468 0 0
0 0 676 -0.182317 -0.52844 -0.514529 -0.267911 0 0
0 0 677 -0.0500537 -0.0854495 -0.280419 -0.110236 0 0
0 0 678 0.215023 0.526157 -0.402484 -0.402924 0 0
0 0 679 -0.135704 0.0418408 0.0707814 -0.0125022 0 0
0 0 680 0.750061 -0.214389 0.405387 -0.454258 0 0
0 0 681 -0.254023 -0.245884 -0.233974 -0.243138 0 0
0 0 682 -0.0431779 -0.429744 0.304055 0.335562 0 0
0 0 683 0.776182 0.0651486 0.388276 -0.08959 0 0
0 0 684 0.118267 -0.391505 0.0188108 -0.502836 0 0
0 0 685 -0.130255 0.0542885 -0.342792 -0.0782676 0 0
0 0 686 0.0190559 0.0348443 -0.0791872 0.0539037 0 0
0 0 687 -0.476965 0.329819 0.333539 0.167523 0 0
0 0 688 0.615452 0.32929 -0.11986 0.161791 0 0
0 0 689 0.553315 1.09421 0.25911 -0.472773 6.66114 8.69794
0 0 690 0.627924 -0.371298 0.408407 0.102335 0 0
0 0 691 0.308307 0.199561 -0.506302 0.365068 0 0
0 0 692 0.036669 -0.377652 0.178466 0.622515 0 0
0 0 693 -0.00991076 -0.75914 0.127133 0.210103 0 0
0 0 694 0.128728 0.0595363 0.27435 -0.0269212 0 0
0 0 695 0.00821258 0.183907 0.526608 0.479053 0 0
0 0 696 -0.511448 -0.670244 0.359791 -0.352197 0 0
0 0 697 -0.30781 -0.499447 -0.372751 -0.506268 0 0
0 0 698 0.335617 0.229916 -0.0675902 -0.545071 0 0
0 0 699 0.263185 -0.143313 0.0251971 -0.0745015 0 0
0 0 700 0.355759 0.153316 -0.0186099 -0.322092 0 0
0 0 701 0.300649 0.221649 0.0829132 -0.189304 0 0
0 0 702 0.180575 -0.390689 -0.300812 -0.0758217 0 0
0 0 703 0.489631 -0.337098 -0.151092 0.0729311 0 0
0 0 704 -0.263698 -0.576451 -0.068188 0.206928 0 0
0 0 705 -0.204601 0.373616 0.284351 -0.25427 0 0
0 0 706 0.495342 0.792674 -0.27984 -0.0462983 0 0
0 0 707 -0.0685251 -0.559532 -0.307017 -0.0760606 0 0
0 0 708 -0.329434 -0.245745 0.129677 -0.457439 0 0
0 0 709 -0.574382 0.0332519 -0.418304 -0.130541 0 0
0 0 710 0.327328 0.104901 -0.175861 0.297036 0 0
0 0 711 -0.18808 -0.155693 -0.028532 0.233057 0 0
0 0 712 -0.107753 0.833816 0.135022 -0.283128 0 0
0 0 713 -0.356316 -0.165684 -0.325445 -0.413136 0 0
0 0 714 0.291332 -0.204703 0.475163 -0.121185 0 0
0 0 715 -0.33875 0.328965 0.0791439 -0.223701 0 0
0 0 716 0.207969 -0.0634022 0.487257 0.188591 0 0
0 0 717 0.184371 1.04036 0.389974 0.347586 10.2741 8.76432
0 0 718 -0.223268 0.0146303 -0.161499 -0.376078 0 0
0 0 719 0.178989 0.18375 0.0638965 -0.293696 0 0
0 0 720 0.329052 0.23574 -0.1019 0.247229 0 0
0 0 721 -0.124911 0.220035 0.462079 -0.341623 0 0
0 0 722 0.247009 0.31773 -0.0709105 0.360755 0 0
0 0 723 -0.149752 -0.0237715 0.165923 -0.625842 0 0
0 0 724 0.360142 0.181944 -0.207126 0.0996307 0 0
0 0 725 0.458878 -0.262966 -0.0270491 0.560593 0 0
0 0 726 -0.0350003 0.120848 0.243213 -0.304749 0 0
0 0 727 -0.310564 0.142155 -0.0332699 0.100844 0 0
0 0 728 -0.0581032 -0.253764 0.229412 0.353213 0 0
0 0 729 -0.315645 -0.682973 0.0108343 0.32976 0 0
0 0 730 -0.233846 -0.062229 0.252849 -0.0238611 0 0
0 0 731 0.0361215 0.0862468 -0.185099 0.201123 0 0
0 0 732 -0.112917 0.0301295 -0.0249301 0.368134 0 0
0 0 733 -0.139527 0.396655 -0.409056 0.121051 0 0
0 0 734 0.745517 0.319402 0.121206 -0.255993 0 0
0 0 735 0.360467 -0.86985 -0.427947 -0.259925 0 0
0 0 736 0.913736 -0.12439 0.0136072 -0.162723 0 0
0 0 737 0.283496 0.160983 0.0580148 0.415976 0 0
0 0 738 -0.00082691 -0.36833 0.434787 0.0124737 0 0
0 0 739 -0.012844 0.0953176 -0.365699 -0.0829891 0 0
0 0 740 -0.0731625 0.104919 -0.503377 0.226902 0 0
0 0 741 0.113995 0.158512 -0.324296 0.246184 0 0
0 0 742 0.175023 0.0210637 0.31049 -0.441865 0 0
0 0 743 -0.218158 0.14587 0.24911 -0.193262 0 0
0 0 744 -0.0414334 0.260853 -0.49801 -0.0341972 0 0
0 0 745 -0.338773 -0.224577 1.13565 0.196764 50.593 7.95387
0 0 746 0.29533 0.37453 0.240482 -0.882726 0 0
0 0 747 0.115056 0.321246 -0.372361 -0.75175 0 0
0 0 748 -0.515934 -0.654144 -0.535556 0.368937 0 0
0 0 749 -0.446899 -0.0527833 0.307618 -0.666944 0 0
0 0 750 0.172444 0.355043 0.455313 0.0827876 0 0
0 0 751 -0.0132241 0.160626 0.165677 -0.253302 0 0
0 0 752 0.23706 0.137369 0.0679 0.204803 0 0
0 0 753 0.285901 -0.377393 -0.276154 0.375823 0 0
0 0 754 0.0141219 -0.496857 -0.246223 -0.00433853 0 0
0 0 755 0.557906 -0.144279 -0.21282 -0.0306372 0 0
0 0 756 0.283534 -0.310225 -0.174957 -0.251768 0 0
0 0 757 -0.168638 -0.128301 -0.283457 0.101957 0 0
0 0 758 -0.176316 0.503122 -0.0673634 -0.117876 0 0
0 0 759 0.230045 0.0929862 0.21645 0.00947882 0 0
0 0 760 -0.305442 -0.0301209 -0.123343 0.636078 0 0
0 0 761 -0.0582084 -0.0878655 -0.0318353 0.484061 0 0
0 0 762 -0.193046 0.0447574 0.205878 -0.219583 0 0
0 0 763 0.396951 -0.00865677 -0.445595 0.321253 0 0
0 0 764 0.113986 -0.0764112 -0.489033 -0.0747951 0 0
0 0 765 -0.0447331 -0.545269 -0.119758 -0.323581 0 0
0 0 766 -0.189715 0.0494222 -0.132242 -0.0628931 0 0
0 0 767 0.0955745 -0.231171 0.105758 0.12032 0 0
0 0 768 0.0529566 -0.308357 -0.274836 -0.270953 0 0
0 0 769 -0.10608 -0.0504462 -0.195284 -0.357392 0 0
0 0 770 0.504348 0.521872 0.407879 -0.33182 0 0
0 0 771 -0.136999 -0.14545 0.148768 -0.206968 0 0
0 0 772 0.437312 0.312167 0.144822 0.0997946 0 0
0 0 773 0.347259 0.494185 -0.0786081 0.366776 0 0
0 0 774 0.392993 -0.742899 0.27696 0.0959218 0 0
0 0 775 -0.24295 -0.46306 -0.0561923 -0.258886 0 0
0 0 776 0.701913 -0.231563 0.0721189 -0.271622 0 0
0 0 777 0.259314 0.095466 0.516643 0.168287 0 0
0 0 778 0.166733 0.191642 -0.229401 -0.7781 0 0
0 0 779 0.132164 -0.441751 -0.411026 -0.071386 0 0
0 0 780 -0.162397 -0.0347218 -0.493467 0.415959 0 0
0 0 781 0.446886 -0.30818 0.0256275 -0.629386 0 0
0 0 782 0.143821 -0.0326567 0.417446 -0.0777683 0 0
0 0 783 -0.409307 0.995137 0.0986898 0.319104 0 0
0 0 784 0.413785 -0.213151 -0.250144 0.208163 0 0
0 0 785 0.636211 0.0524082 -0.106695 -0.65174 0 0
0 0 786 0.180435 0.0348465 0.0186307 0.0269752 0 0
0 0 787 -0.0353741 -0.0677665 -0.017207 0.156968 0 0
0 0 788 0.863241 0.0388448 0.716308 -0.115771 0 0
0 0 789 0.0379337 0.474769 0.0874553 0.355309 0 0
0 0 790 0.51822 -0.0958472 0.140827 0.0489646 0 0
0 0 791 0.18197 0.35795 0.613934 0.13641 0 0
0 0 792 0.427612 0.193031 -0.164056 -0.282406 0 0
0 0 793 0.307305 -0.50066 0.136872 0.200143 0 0
0 0 794 0.482297 -0.574656 0.165264 -0.181028 0 0
0 0 795 0.428813 -0.0931375 -0.0684126 0.393752 0 0
0 0 796 0.218739 -0.470203 0.432248 -0.19961 0 0
0 0 797 -0.0185453 -0.22824 -0.851712 -0.116128 0 0
0 0 798 -0.410136 0.13216 -0.0512516 0.079985 0 0
0 0 799 0.178777 0.182127 0.185074 -0.0841162 0 0
0 0 800 0.259644 -0.741303 -0.0900907 0.020623 0 0
0 0 801 -0.182564 -0.0497061 -0.610852 -0.960656 0 0
0 0 802 0.384469 -0.236592 0.436256 0.161346 0 0
0 0 803 0.590173 0.303019 -0.366336 0.10608 0 0
0 0 804 0.408929 0.194237 -0.292446 -0.105366 0 0
0 0 805 0.318523 0.223578 0.148242 0.215742 0 0
0 0 806 0.495448 0.114291 -0.00940616 0.55634 0 0
0 0 807 0.448647 0.0958368 0.126539 0.0890677 0 0
0 0 808 -0.378609 -0.0551203 0.418968 0.231242 0 0
0 0 809 0.66526 0.0768183 -0.212671 -0.275938 0 0
0 0 810 0.458013 -0.138308 0.258434 -0.0670678 0 0
0 0 811 0.555349 -0.260072 -0.386584 -0.245021 0 0
0 0 812 0.439111 -0.251189 -0.0838453 -0.608611 0 0
0 0 813 -0.0125017 0.0173002 -0.302676 0.470142 0 0
0 0 814 -0.132197 0.195572 0.0877578 0.0429584 0 0
0 0 815 -0.271049 -0.396175 0.0318514 0.0336713 0 0
0 0 816 -0.134489 0.0207955 -0.0354474 0.0704933 0 0
0 0 817 0.0699995 -0.69612 0.155992 0.161895 0 0
0 0 818 0.310269 0.249298 0.344328 -0.0615385 0 0
0 0 819 0.326639 -0.0204424 0.156243 0.341185 0 0
0 0 820 0.926253 0.0906049 0.139639 -0.0850415 0 0
0 0 821 0.582654 0.0579013 -0.157679 0.102627 0 0
0 0 822 -0.144496 0.128387 -0.132168 -0.0107714 0 0
0 0 823 0.335186 0.0401167 0.128496 -0.256213 0 0
0 0 824 0.874676 0.116663 0.456484 -0.0353527 0 0
0 0 825 0.508606 0.374182 -0.475779 0.0661516 0 0
0 0 826 -0.054947 0.17877 -0.521178 -0.13426 0 0
0 0 827 0.112106 -0.428221 -0.410021 -0.0363633 0 0
0 0 828 0.383653 0.00921352 -0.182086 -0.13029 0 0
0 0 829 0.415081 -0.00276491 -0.228799 -0.0700262 0 0
0 0 830 0.713361 0.131 0.369635 0.266591 0 0
0 0 831 1.34717 0.509244 -0.436184 0.410295 0 0
0 0 832 0.518717 -0.349521 -0.261165 0.152665 0 0
0 0 833 0.329466 0.766097 -0.74088 -0.220478 0 0
0 0 834 1.55995 0.323358 -0.20154 0.0817554 0 0
0 0 835 1.2808 0.0228087 0.181501 0.149504 0 0
0 0 836 1.503 -0.38351 -0.631049 -0.0247238 0 0
0 0 837 2.04471 -0.567219 -0.0866356 -0.246824 0 0
0 0 838 2.00678 -0.17026 0.0390128 -0.540759 0 0
0 0 839 2.22952 -0.0322596 -0.408718 0.268917 0 0
0 0 840 2.63599 0.314195 -0.981641 0.232556 0 0
0 0 841 3.07425 0.00528848 -0.61685 0.390405 0 0
0 0 842 3.42706 0.502885 -0.732093 -0.190074 0 0
0 0 843 4.17941 0.415554 -0.830916 -0.157141 0 0
0 0 844 4.43927 0.932807 -1.41436 0.0682129 -28.297 5.5355
0 0 845 3.94302 0.474938 -1.18081 -0.031685 -34.0446 7.28624
0 0 846 4.29303 0.0134914 -1.71192 0.425054 -44.7742 5.36417
0 0 847 5.01058 0.72205 -1.43374 0.122319 -31.6348 5.80212
0 0 848 4.91826 0.317199 -1.73991 0.58863 -39.834 5.20427
0 0 849 4.46712 0.616904 -1.5298 0.421382 -34.0189 5.62225
0 0 850 5.22399 -0.0337698 -1.29688 0.142414 -45.7458 7.07896
0 0 851 5.27232 0.347192 -1.33903 0.0724551 -37.732 6.66822
0 0 852 4.87839 0.585483 -1.29747 -0.491684 -32.8563 6.52836
0 0 853 5.09871 0.0855455 -1.02572 0.778239 0 0
0 0 854 5.16758 0.759483 -0.771419 0.832957 0 0
0 0 855 4.80393 0.19973 -0.928721 0.308473 0 0
0 0 856 4.89323 -0.236598 -0.601704 -0.518974 0 0
0 0 857 4.38224 0.0352485 -0.921124 0.294494 0 0
0 0 858 4.56917 0.00757527 -0.255882 0.0965227 0 0
0 0 859 4.73238 0.686 -1.04782 0.361569 -28.3938 7.48689
0 0 860 4.35302 0.231166 -0.206922 0.237248 0 0
0 0 861 3.66365 0.142118 -0.440535 0.0420183 0 0
0 0 862 3.1917 -0.156829 -1.19143 0.109035 -48.7494 7.65103
0 0 863 3.7534 0.667401 -0.601912 -0.164814 0 0
0 0 864 3.48055 0.158149 -1.21162 0.361224 -41.2817 7.52446
0 0 865 3.4749 -0.245651 -1.1355 -0.598666 -51.1035 7.92958
0 0 866 3.47348 0.107479 -1.23932 -0.114888 -42.5217 7.38611
0 0 867 3.43053 0.0828335 -1.36921 0.46905 -43.269 6.69647
0 0 868 3.45732 0.492717 -1.12378 -0.0958206 -33.1626 7.56909
0 0 869 3.74666 0.525531 -1.73062 0.141573 -36.5541 5.10771
0 0 870 3.26371 0.521929 -1.98172 -0.242991 -37.6225 4.50173
0 0 871 3.09535 0.0650928 -1.25336 0.639826 -43.5135 7.31845
0 0 872 3.30022 0.658082 -1.91375 0.501882 -35.5117 4.57168
0 0 873 2.43556 0.258713 -1.36979 0.216885 -39.6522 6.60376
0 0 874 2.79054 0.323551 -1.62722 0.276622 -39.3771 5.55008
0 0 875 2.1883 0.309526 -2.31026 0.194191 -41.1845 3.94471
0 0 876 3.77601 0.0820222 -1.85504 0.153818 -43.7341 4.94628
0 0 877 3.35139 -0.0633724 -2.14488 0.0218796 -45.8462 4.27988
0 0 878 2.84088 0.362703 -2.03011 0.141698 -39.9352 4.46277
0 0 879 2.68474 -0.0198401 -2.50684 0.304971 -45.2267 3.66318
0 0 880 2.97636 0.744622 -1.7392 -0.264761 -33.4112 4.90702
0 0 881 3.6365 0.452443 -2.47578 0.514316 -39.8218 3.65716
0 0 882 3.67681 0.818895 -2.76543 0.545055 -36.7525 3.20222
0 0 883 3.65416 0.625376 -2.28483 0.479245 -37.3463 3.89575
0 0 884 3.92947 0.967487 -2.58227 0.430918 -34.7304 3.35916
0 0 885 3.49401 0.127299 -2.92577 0.214422 -43.7543 3.1362
0 0 886 4.22661 0.344324 -2.92312 0.66095 -41.6409 3.12305
0 0 887 4.67568 0.662084 -3.02287 0.531336 -38.8229 2.9772
0 0 888 5.06667 0.598545 -3.77626 0.829602 -40.4967 2.40602
0 0 889 4.53014 0.661924 -3.57442 0.760576 -39.7543 2.53214
0 0 890 5.14141 0.180267 -4.46186 0.737849 -43.8432 2.05673
0 0 891 5.55532 0.364812 -4.02331 0.894443 -42.4095 2.2745
0 0 892 6.10193 0.825987 -4.65458 0.825735 -39.9686 1.9468
0 0 893 6.0593 0.688907 -5.24942 0.207942 -41.2618 1.73659
0 0 894 6.20553 0.626522 -4.81323 1.15502 -41.2918 1.89419
0 0 895 6.35249 0.23893 -5.88739 1.38155 -43.838 1.55872
0 0 896 6.53681 0.68823 -5.51473 1.54518 -41.4432 1.6542
0 0 897 6.97593 0.308467 -6.01179 1.17759 -43.5314 1.52582
0 0 898 6.69129 0.304125 -6.14231 1.69602 -43.5827 1.49351
0 0 899 7.28589 0.11916 -5.72025 1.32017 -44.4033 1.60509
0 0 900 7.41211 0.210891 -5.68805 1.11428 -43.9383 1.61353
0 0 901 6.32119 0.273921 -5.43154 1.17192 -43.5565 1.68888
0 0 902 6.2551 0.441369 -4.8035 0.670032 -42.3751 1.90489
0 0 903 6.33918 -0.156414 -4.25489 0.85125 -46.0527 2.15703
0 0 904 6.66445 -0.328357 -4.09494 0.389881 -47.2923 2.23642
0 0 905 5.69026 0.465849 -3.90612 0.0131966 -41.5995 2.33677
0 0 906 5.43135 -0.355846 -4.06279 0.693712 -47.5028 2.25292
0 0 907 5.46911 0.323871 -3.28296 0.672259 -42.1829 2.78563
0 0 908 5.57447 -0.238732 -3.38171 -0.165228 -47.019 2.70977
0 0 909 6.13018 0.319556 -2.18701 -0.290782 -40.8435 4.16104
0 0 910 5.20714 0.0471818 -2.59863 0.0822953 -44.4799 3.53337
0 0 911 6.62804 0.0216751 -2.81379 -0.221556 -44.7793 3.26358
0 0 912 6.53251 0.0385044 -2.01419 -0.409037 -44.4524 4.55856
0 0 913 7.6998 0.458121 -1.86563 0.0421075 -38.1017 4.79957
0 0 914 8.06628 -0.738121 -1.6439 0.270755 -57.0902 5.15642
0 0 915 9.69497 0.960224 -0.99584 -0.496374 -23.0216 6.86139
0 0 916 10.3638 0.305078 -1.0593 -0.194307 -36.9668 8.37571
0 0 917 11.9812 0.726793 -0.714694 0.00353109 0 0
0 0 918 13.6915 0.731042 -0.0131611 -0.59715 0 0
0 0 919 15.6775 0.335456 1.57391 -0.769954 38.9841 5.72405
0 0 920 17.7037 1.22755 1.57878 -1.37919 26.067 4.71307
0 0 921 21.3757 0.657396 3.21429 -1.21683 39.2205 2.80703
0 0 922 24.7293 0.596781 4.11086 -1.74564 40.87 2.21396
0 0 923 28.3457 0.396008 5.18614 -1.93095 42.8167 1.76632
0 0 924 32.121 1.52004 6.55877 -2.45027 38.4758 1.36892
0 0 925 35.7549 1.10744 9.28035 -2.77694 41.5975 0.983543
0 0 926 38.9126 0.52413 11.0404 -2.90293 43.641 0.830981
0 0 927 42.1906 1.02489 12.6382 -3.42198 42.6819 0.724584
0 0 928 44.6844 0.989407 13.5076 -3.65046 42.9053 0.6783
0 0 929 46.1924 1.25825 14.1033 -2.5764 42.4509 0.648927
0 0 930 46.7247 0.885181 14.5946 -2.02157 43.2646 0.628232
0 0 931 46.3116 0.84519 15.0955 -1.49064 43.3977 0.607527
0 0 932 44.2033 0.816051 14.515 -1.55553 43.3911 0.631819
0 0 933 42.8634 0.566317 13.2658 -0.658609 43.7778 0.691708
0 0 934 40.6964 1.57445 12.3241 -0.621297 41.3598 0.739982
0 0 935 38.278 1.60176 10.5592 0.327184 40.6872 0.861222
0 0 936 36.4111 2.01676 9.85631 -0.149295 39.218 0.915398
0 0 937 33.6668 1.75912 9.01661 -0.278258 39.4802 1.00223
0 0 938 32.5134 2.07904 7.93484 -0.422814 37.6589 1.12463
0 0 939 30.6678 1.80801 7.44752 -0.155189 38.1772 1.20298
0 0 940 28.8329 1.10953 5.98338 0.415592 39.7474 1.51262
0 0 941 26.9338 0.950832 4.38888 0.77223 38.888 2.05144
0 0 942 26.093 1.4627 4.83268 0.548565 36.5803 1.82955
0 0 943 24.8966 1.19962 4.01651 0.492925 36.6853 2.20344
0 0 944 23.4645 1.90324 4.01884 0.594811 32.3294 2.09183
0 0 945 22.1442 1.31385 3.45176 0.679163 34.5808 2.50865
0 0 946 20.7339 1.17347 3.02543 0.693766 34.4002 2.85607
0 0 947 20.2971 1.38027 2.04698 0.112202 28.0042 3.8012
0 0 948 20.2047 0.971893 2.06125 0.14977 32.3779 4.08136
0 0 949 18.7222 0.757542 1.3549 0.224747 30.395 6.01501
0 0 950 17.8407 0.656214 2.20098 -0.236675 36.6991 4.0215
0 0 951 17.9865 1.16043 1.85695 -0.476415 28.9991 4.27654
0 0 952 17.2327 1.40536 0.964986 -0.479085 17.2377 5.64049
0 0 953 16.7061 0.969496 1.09789 0.134912 24.2769 6.4617
0 0 954 15.2668 1.00934 0.739817 -0.845417 18.1202 7.66929
0 0 955 14.6942 1.17681 0.168692 -0.255455 4.07878 8.24393
0 0 956 14.3997 0.814877 0.43557 -0.428826 0 0
0 0 957 14.1425 1.24399 0.660852 -0.444742 13.9894 6.87044
0 0 958 13.4955 0.578825 0.638815 -1.06143 0 0
0 0 959 12.4358 1.19334 0.485074 -0.776549 11.0605 7.55046
0 0 960 11.7503 0.41607 0.302525 -0.0254606 0 0
0 0 961 11.1821 0.38427 0.362214 -0.8639 0 0
0 0 962 10.7662 0.470979 0.0592245 -0.759509 0 0
0 0 963 10.4749 0.0320554 0.169246 -1.09067 0 0
0 0 964 9.14803 -0.0386968 -0.139911 -0.360507 0 0
0 0 965 8.4542 -0.186437 -0.345376 -1.07714 0 0
0 0 966 7.99702 -0.0878372 0.446513 -0.774054 0 0
0 0 967 8.88775 0.131076 0.180961 -0.595252 0 0
0 0 968 7.51396 -0.410192 0.559404 -1.51381 0 0
0 0 969 6.70206 0.174012 -0.491327 -0.446514 0 0
0 0 970 6.92006 -0.255161 -0.0520443 -1.4052 0 0
0 0 971 6.05578 -0.282067 0.0739999 -1.03213 0 0
0 0 972 5.9744 -0.502347 -0.446455 -0.77769 0 0
0 0 973 5.09202 -0.0627003 -0.89264 -0.484004 0 0
0 0 974 5.06574 0.17326 -0.0713965 -0.663997 0 0
0 0 975 4.0333 -0.782735 -0.103477 -0.679367 0 0
0 0 976 3.97353 -0.619234 -0.113159 -0.374581 0 0
0 0 977 4.63044 -0.439333 -0.0945114 -0.873404 0 0
0 0 978 3.4429 -0.271585 0.240011 -0.346729 0 0
0 0 979 3.0267 -0.720167 -0.223997 -0.453808 0 0
0 0 980 3.17557 -0.229081 -0.710932 -0.111876 0 0
0 0 981 3.01004 -0.465414 0.520231 -0.518698 0 0
0 0 982 2.74449 -0.735125 -0.203144 -0.498898 0 0
0 0 983 2.68199 -0.528038 -0.0323151 -0.607241 0 0
0 0 984 2.24172 -1.36733 0.189271 -0.534194 86.0595 7.10068
0 0 985 2.1104 -0.408876 -0.166998 -0.667711 0 0
0 0 986 2.29088 -0.632441 -0.43076 -0.226618 0 0
0 0 987 1.49016 -0.338075 -0.415219 0.0376348 0 0
0 0 988 2.1772 -0.809601 0.0950082 0.157279 0 0
0 0 989 2.08055 -0.234145 0.259765 -0.270055 0 0
0 0 990 2.28154 -0.49972 -0.323765 0.766952 0 0
0 0 991 1.62817 -0.622239 0.141042 0.223278 0 0
0 0 992 1.52721 -0.354022 -0.208019 -0.484353 0 0
0 0 993 1.89662 -0.625138 0.518607 -0.0948317 0 0
0 0 994 1.33759 -0.11255 0.0100827 -0.218425 0 0
0 0 995 1.15531 -0.686725 0.29033 -0.27599 0 0
0 0 996 0.781126 -0.495622 0.255508 0.229447 0 0
0 0 997 1.37532 -0.289588 -0.243008 -0.27555 0 0
0 0 998 1.03095 -0.881665 0.0195863 -0.718286 0 0
0 0 999 1.68436 -0.168561 -0.619887 0.322863 0 0
0 0 1000 1.13108 -0.232671 -0.0182032 -0.392701 0 0
0 0 1001 1.03324 0.107483 -0.572808 0.022105 0 0
0 0 1002 0.744921 0.0751207 -0.0133943 0.377958 0 0
0 0 1003 0.843206 0.156574 -0.0794522 -0.261888 0 0
0 0 1004 0.661569 0.156099 0.0719599 -0.319316 0 0
0 0 1005 0.845367 0.654991 0.161225 -0.77673 0 0
0 0 1006 1.08576 0.782792 0.0434397 -0.276517 0 0
0 0 1007 1.22634 0.494253 -0.170481 -0.480695 0 0
0 0 1008 0.351307 -0.341268 -0.780847 -0.243867 0 0
0 0 1009 0.338789 -0.6939 0.584499 -0.344741 0 0
0 0 1010 0.233438 -0.0222049 -0.211341 -0.00886574 0 0
0 0 1011 0.176591 -0.230759 -0.0475416 0.525886 0 0
0 0 1012 0.56687 0.286758 -0.301045 -0.0474658 0 0
0 0 1013 0.335689 0.35784 0.242557 0.618166 0 0
0 0 1014 0.385814 0.257607 0.429503 0.487074 0 0
0 0 1015 0.817812 -0.121 0.398596 0.00626949 0 0
0 0 1016 0.619802 0.213445 0.173033 -0.302498 0 0
0 0 1017 0.358046 -0.507979 -0.109232 -0.411481 0 0
0 0 1018 0.254781 0.505085 -0.215456 -0.554778 0 0
0 0 1019 0.455095 -0.333458 -0.300378 -0.042704 0 0
0 0 1020 0.529155 -0.643947 0.227349 0.251994 0 0
0 0 1021 0.2538 0.458123 -0.33785 0.415019 0 0
0 0 1022 0.412061 -0.461244 0.00885063 -0.215165 0 0
0 0 1023 0.346021 0.0959025 -0.0622934 0.137674 0 0
