# File: uwl_210108_235322_b4.rf.sbH2.RMC_aux Src: J1713+0747 Nsub: 1 Nch: 1 Npol: 4 Nbin: 1024 RMS: 0.586878
0 0 0 -0.732274 -0.338496 -0.487166 -0.295727 0 0
0 0 1 -0.123151 0.112633 -0.207206 0.687841 0 0
0 0 2 0.0607381 -0.710108 0.326191 0.412532 0 0
0 0 3 0.257487 0.297248 -0.0186816 -0.0313637 0 0
0 0 4 -0.413387 -0.164773 0.459758 0.913584 0 0
0 0 5 0.879009 -0.451655 -0.131466 -0.00500818 0 0
0 0 6 -0.434381 0.428863 -0.193085 0.0983618 0 0
0 0 7 0.574291 -0.0229106 0.909694 0.514697 0 0
0 0 8 0.164874 0.152575 0.440263 1.14209 0 0
0 0 9 -0.549192 0.185428 0.389886 -0.347276 0 0
0 0 10 0.133128 0.288067 0.524089 0.311041 0 0
0 0 11 -0.0449393 1.19598 0.490134 -0.613712 0 0
0 0 12 -0.0939585 1.38381 -0.372667 -0.0548131 0 0
0 0 13 0.697851 -1.54612 0.223765 0.176283 0 0
0 0 14 0.667363 0.192813 -0.460644 0.251983 0 0
0 0 15 -0.34623 -0.489631 -0.0019477 0.289068 0 0
0 0 16 -0.45748 -1.03721 0.429291 -0.241479 0 0
0 0 17 -1.03687 -0.142237 0.156451 0.946315 0 0
0 0 18 0.273417 0.981704 -0.257583 0.500625 0 0
0 0 19 0.450308 0.021927 -0.318236 -0.267412 0 0
0 0 20 -0.122301 0.0880964 0.703301 -0.0131363 0 0
0 0 21 0.472646 0.304959 0.268169 0.265562 0 0
0 0 22 -0.423353 0.282494 -0.0950806 -0.429429 0 0
0 0 23 -0.211555 0.0911272 -0.532225 -1.24237 0 0
0 0 24 -0.111513 -0.17731 0.0499528 -0.146939 0 0
0 0 25 0.273264 -0.3874 0.386642 -0.902763 0 0
0 0 26 -0.60268 -1.03846 -1.4683 -0.115757 0 0
0 0 27 0.700759 -0.0841589 0.0362044 -0.15918 0 0
0 0 28 -0.488558 0.662759 -0.218768 -0.935449 0 0
0 0 29 0.531104 0.844309 -1.38863 0.175478 0 0
0 0 30 0.268139 -0.237317 0.66669 -0.595153 0 0
0 0 31 0.0664789 -0.0665889 0.48615 0.190908 0 0
0 0 32 -0.506205 0.178587 -1.41147 0.44092 0 0
0 0 33 -0.962193 -0.161457 -0.226161 -0.497597 0 0
0 0 34 0.650546 0.176785 -0.680206 -0.175266 0 0
0 0 35 -0.304082 -0.431509 -0.761747 -0.607136 0 0
0 0 36 -0.106111 0.87945 -0.230943 0.00980033 0 0
0 0 37 0.369947 -0.193697 0.488182 -1.01792 0 0
0 0 38 0.993198 -0.165556 0.257756 0.577788 0 0
0 0 39 0.469084 0.0669411 0.389653 -0.303809 0 0
0 0 40 1.00091 -0.0174863 0.0923164 -0.700933 0 0
0 0 41 -0.158284 0.713473 1.20297 -0.135439 0 0
0 0 42 -0.147274 0.409105 -0.366515 -0.053054 0 0
0 0 43 0.0190508 0.0416267 0.792937 0.2502 0 0
0 0 44 0.191388 1.18337 -0.318619 0.399814 0 0
0 0 45 0.371635 -0.476278 -1.39622 0.278674 0 0
0 0 46 0.799717 0.366628 0.0376136 -1.08851 0 0
0 0 47 -0.565994 -1.01876 -1.08017 0.418172 0 0
0 0 48 0.94085 0.326514 0.0394537 -0.00411369 0 0
0 0 49 0.971796 0.24548 -0.605071 0.319296 0 0
0 0 50 0.366038 -0.0889697 0.496554 -0.924533 0 0
0 0 51 -0.0967566 -1.15984 -0.118362 -0.219422 0 0
0 0 52 1.31549 0.121313 0.116211 -0.209497 0 0
0 0 53 0.188046 0.00430604 0.242116 -0.944631 0 0
0 0 54 0.091939 -0.143341 0.108931 0.482191 0 0
0 0 55 0.149494 -0.00776577 0.97222 0.651936 0 0
0 0 56 -0.85091 -0.276372 -0.183801 0.0306094 0 0
0 0 57 0.911296 -0.626046 -0.209818 0.491109 0 0
0 0 58 1.06382 0.522164 0.912421 -0.294031 0 0
0 0 59 -0.22095 0.263793 0.450846 0.340675 0 0
0 0 60 0.279092 0.295467 -0.072637 0.802739 0 0
0 0 61 -1.30529 -0.487796 0.0190071 -0.676261 0 0
0 0 62 0.829052 0.145791 0.59701 -0.531095 0 0
0 0 63 0.715099 -0.215934 0.217678 -0.388118 0 0
0 0 64 0.590552 -0.519156 -0.24586 0.00545838 0 0
0 0 65 0.162948 -0.423094 -0.163211 -0.648657 0 0
0 0 66 -0.466557 -0.145569 0.872879 -0.448112 0 0
0 0 67 0.622863 -0.569708 -0.153466 -0.0987235 0 0
0 0 68 0.856959 0.0396389 0.985717 -0.52912 0 0
0 0 69 0.00166303 -1.20328 0.607215 0.825238 0 0
0 0 70 0.676532 -0.177408 -0.396118 0.221116 0 0
0 0 71 0.768044 -0.125756 0.706142 -0.173923 0 0
0 0 72 -0.749521 -0.0190652 -0.597631 0.0978218 0 0
0 0 73 0.459134 -0.241224 0.556173 -0.314252 0 0
0 0 74 -0.742254 0.663613 -0.390781 0.0125029 0 0
0 0 75 0.0598682 -0.724171 -0.754167 0.171957 0 0
0 0 76 0.361765 -0.836335 1.13239 1.04857 0 0
0 0 77 -0.284271 0.0739479 0.874411 0.261508 0 0
0 0 78 -0.00817871 1.04495 0.204042 0.992622 0 0
0 0 79 -0.594947 -1.02673 -0.708062 0.378616 0 0
0 0 80 1.01032 -0.190852 0.692399 -0.335844 0 0
0 0 81 0.677304 -0.998612 -0.684393 -0.110127 0 0
0 0 82 0.455298 0.388678 0.00724281 0.04626 0 0
0 0 83 -0.400719 -0.379966 -0.144761 -0.854762 0 0
0 0 84 -0.43032 0.401534 0.21821 0.153817 0 0
0 0 85 0.596036 0.259916 0.156233 -0.0909838 0 0
0 0 86 0.314811 0.754952 0.566278 0.0451529 0 0
0 0 87 0.538439 -0.459204 -0.0857692 -0.720282 0 0
0 0 88 -0.0897286 -0.167976 0.135357 0.447371 0 0
0 0 89 -1.01103 -1.0505 0.444367 0.554285 0 0
0 0 90 0.384527 0.30213 0.063031 -0.505089 0 0
0 0 91 0.358611 -0.28559 1.89441 0.393995 49.2865 7.82428
0 0 92 0.242741 -0.37774 -0.734056 0.297655 0 0
0 0 93 -0.411106 -0.462382 -0.608829 -0.669253 0 0
0 0 94 1.54207 0.00640273 0.299833 0.183672 0 0
0 0 95 0.379496 -0.190596 0.990969 -0.871223 0 0
0 0 96 0.734622 -0.464466 0.218191 -0.1981 0 0
0 0 97 -0.216887 0.24711 0.463924 -0.464978 0 0
0 0 98 -0.318086 -0.35622 0.431908 -0.326665 0 0
0 0 99 -0.415031 0.798202 1.47859 0.127208 0 0
0 0 100 0.602664 -1.49724 0.715995 -0.985502 0 0
0 0 101 -0.336113 -0.142977 0.204559 -0.76287 0 0
0 0 102 0.102426 -0.368938 -0.602724 -0.424343 0 0
0 0 103 0.694757 0.166303 0.359307 0.974862 0 0
0 0 104 -0.042098 -0.0817365 -0.363209 0.0128112 0 0
0 0 105 -0.158285 0.0276063 -0.798889 -0.957161 0 0
0 0 106 0.347353 -0.647037 0.333474 -0.283848 0 0
0 0 107 0.487789 -0.459944 -0.681464 0.156997 0 0
0 0 108 0.975811 -0.660852 -0.87653 0.391738 0 0
0 0 109 0.0834724 0.402354 -0.493543 0.11817 0 0
0 0 110 0.53509 0.393403 -0.378224 0.427175 0 0
0 0 111 -0.167734 0.213603 -0.54699 -0.97533 0 0
0 0 112 1.53502 0.490974 0.386037 0.523297 0 0
0 0 113 0.498387 -0.00956358 -0.253395 -0.672452 0 0
0 0 114 0.497456 0.0785201 0.140581 0.290389 0 0
0 0 115 -0.0374799 0.678723 -0.187586 0.391581 0 0
0 0 116 0.308711 -0.0485794 -0.654171 0.320755 0 0
0 0 117 -0.000960506 -0.245666 0.168325 -0.164194 0 0
0 0 118 -0.596634 -0.213297 0.379666 -0.288173 0 0
0 0 119 0.131895 -1.14509 0.61947 0.543323 0 0
0 0 120 0.712316 -0.0696692 0.214955 -0.227805 0 0
0 0 121 -0.140108 -0.40115 0.471996 -0.451352 0 0
0 0 122 0.133524 0.438699 -0.288328 0.199193 0 0
0 0 123 -0.346958 0.181164 0.0215925 0.897609 0 0
0 0 124 0.746249 0.84606 -0.526387 0.0491793 0 0
0 0 125 -0.65697 0.000403255 0.191564 -0.153264 0 0
0 0 126 -0.454473 0.414906 -0.160298 0.937605 0 0
0 0 127 -0.156707 -0.139415 0.0262511 -0.153773 0 0
0 0 128 0.877887 -0.0146351 0.420879 -0.0560386 0 0
0 0 129 -0.780076 -0.597818 -0.598563 -0.383257 0 0
0 0 130 0.703661 -0.71312 0.265277 0.0169987 0 0
0 0 131 0.278945 0.838462 -0.178746 0.376836 0 0
0 0 132 1.04323 1.02241 0.4731 -0.362963 0 0
0 0 133 0.346872 0.794074 0.808725 0.038775 0 0
0 0 134 -0.243221 -0.22339 0.96561 0.688223 0 0
0 0 135 0.214271 -0.547692 0.175607 0.692327 0 0
0 0 136 -0.117576 -0.314518 0.709525 -0.356104 0 0
0 0 137 0.250865 -0.455557 0.376816 0.125615 0 0
0 0 138 0.143495 0.384768 0.226091 -1.38445 0 0
0 0 139 0.499727 0.625924 -0.253344 0.579019 0 0
0 0 140 -0.655958 0.549708 -0.339857 -0.259178 0 0
0 0 141 -1.30862 0.318378 0.192345 -0.041885 0 0
0 0 142 0.784015 -0.522892 0.697256 0.425912 0 0
0 0 143 -0.857026 0.257195 -0.60321 0.383089 0 0
0 0 144 -0.120421 0.0163185 -0.415792 -0.486006 0 0
0 0 145 0.428374 -0.568137 0.100713 0.000599041 0 0
0 0 146 0.470642 0.00625572 -0.267679 0.471886 0 0
0 0 147 -0.360241 -0.186722 -0.544595 -0.289835 0 0
0 0 148 -0.347275 -0.978289 0.382057 -0.141737 0 0
0 0 149 0.128304 0.0903665 -0.446558 -0.293844 0 0
0 0 150 0.600583 0.661018 -0.54405 0.484352 0 0
0 0 151 0.175869 -0.754487 -0.615775 -0.30228 0 0
0 0 152 -0.946407 0.548713 -0.437764 0.381154 0 0
0 0 153 -0.243398 -0.0469614 0.918039 -0.00636273 0 0
0 0 154 0.565702 0.222211 0.141842 0.596488 0 0
0 0 155 -0.160634 -0.803246 -0.468414 0.77685 0 0
0 0 156 0.00429843 0.481991 -0.115983 -0.101641 0 0
0 0 157 -0.00761243 -0.145186 0.104349 0.46014 0 0
0 0 158 -0.842024 0.487354 -0.962565 0.530508 0 0
0 0 159 1.1903 -1.32048 -0.31231 0.958118 0 0
0 0 160 0.822855 0.0319302 0.722919 -0.251724 0 0
0 0 161 0.0189429 1.1081 -0.133907 0.138635 0 0
0 0 162 -0.809524 0.147535 0.443672 -0.280128 0 0
0 0 163 0.573067 0.810938 -0.3427 0.317413 0 0
0 0 164 -0.226388 0.22172 -0.321456 0.331986 0 0
0 0 165 -0.0629109 -1.67953 1.05472 0.505181 73.9359 8.15658
0 0 166 0.197817 -0.169537 1.06492 0.524376 0 0
0 0 167 0.442114 0.126792 -0.138713 -1.21921 0 0
0 0 168 -0.168546 0.387245 -0.913027 -0.841269 0 0
0 0 169 -0.507525 -0.481378 -0.891404 0.237498 0 0
0 0 170 -0.206773 -0.16938 -0.376682 0.198899 0 0
0 0 171 0.216265 0.374311 1.03401 0.5054 0 0
0 0 172 -0.0460536 0.417967 0.776233 -0.743174 0 0
0 0 173 -0.369642 -0.292486 -0.555178 -0.588132 0 0
0 0 174 0.187957 -0.71405 -0.975299 -1.33251 0 0
0 0 175 -0.841892 -0.337462 0.86868 -0.14878 0 0
0 0 176 0.768809 -0.53932 -0.348253 0.0975748 0 0
0 0 177 0.0514949 -0.544477 -0.138387 -0.384039 0 0
0 0 178 -0.523695 0.290741 -0.701618 0.137423 0 0
0 0 179 -0.164095 0.0722406 0.081104 0.507751 0 0
0 0 180 1.00099 0.063648 0.338937 0.78956 0 0
0 0 181 0.416449 -0.726315 0.365588 -0.936152 0 0
0 0 182 -0.408954 -0.810388 -0.574093 0.896043 0 0
0 0 183 0.469729 0.935841 -0.243668 -0.475377 0 0
0 0 184 -0.261139 -1.55985 0.102219 -0.418646 0 0
0 0 185 0.133954 0.111122 0.159138 0.226119 0 0
0 0 186 -0.220989 0.520969 -0.119987 0.275575 0 0
0 0 187 0.0930777 -0.259483 -0.596173 0.183712 0 0
0 0 188 -0.0356216 -1.1727 0.518422 0.646192 0 0
0 0 189 -0.0282421 0.492868 -0.177106 0.379329 0 0
0 0 190 -0.158325 0.614461 0.577679 0.196582 0 0
0 0 191 -0.0234629 -0.894126 -0.203757 0.499038 0 0
0 0 192 -0.462002 -0.338954 0.187525 0.51993 0 0
0 0 193 0.579444 -0.445632 -0.142327 0.161909 0 0
0 0 194 0.312313 -0.35713 -0.548463 -1.33408 0 0
0 0 195 0.283578 -0.455045 0.0751615 0.0174161 0 0
0 0 196 0.381683 -0.270919 0.397968 0.736103 0 0
0 0 197 0.532086 0.156892 1.08419 -0.53087 0 0
0 0 198 -0.48246 -0.0150581 -0.462344 -0.150612 0 0
0 0 199 -0.268498 1.3739 -0.958199 0.54028 0 0
0 0 200 0.610068 0.503994 0.0555615 0.862451 0 0
0 0 201 0.715819 -0.186021 -0.672417 -0.89028 0 0
0 0 202 0.0380834 0.398733 0.155751 0.988598 0 0
0 0 203 -1.24177 -0.522251 -0.0920508 0.0437281 0 0
0 0 204 0.350702 -0.389276 0.26882 -0.61538 0 0
0 0 205 -0.0803663 0.365328 0.210083 -0.0238703 0 0
0 0 206 0.932241 0.0534699 -0.349168 -0.36666 0 0
0 0 207 -0.426394 -0.734523 0.2982 -0.274393 0 0
0 0 208 -0.308319 -0.595815 -0.97795 -0.331805 0 0
0 0 209 -0.400391 -0.583452 -0.0886424 -0.362389 0 0
0 0 210 0.440202 0.0761798 0.626631 0.693162 0 0
0 0 211 0.224929 0.234652 -0.018226 0.413056 0 0
0 0 212 -0.847102 -0.149037 0.262621 -0.0114866 0 0
0 0 213 -0.70118 -0.335784 -0.397319 -0.835914 0 0
0 0 214 -0.333336 -0.124275 -0.0855411 0.983377 0 0
0 0 215 0.329509 0.197274 0.142362 -0.0376208 0 0
0 0 216 -0.0487195 -0.204196 1.59149 0.0928215 0 0
0 0 217 0.282848 -0.227631 0.258827 -0.435592 0 0
0 0 218 0.155782 -0.0182129 -0.386509 0.242993 0 0
0 0 219 0.187779 -0.481842 0.0274302 -0.407811 0 0
0 0 220 -0.120386 -0.378876 -0.457315 0.206506 0 0
0 0 221 -0.203761 -0.688138 0.264316 0.37461 0 0
0 0 222 -0.169046 0.200002 -0.667194 -0.548923 0 0
0 0 223 -0.0058047 0.347722 0.184491 -0.225035 0 0
0 0 224 0.0773584 0.00834929 0.632042 0.0672552 0 0
0 0 225 -0.283367 -0.533111 0.0925546 0.0235484 0 0
0 0 226 0.43004 0.0624268 -0.305625 0.686518 0 0
0 0 227 -0.687059 -0.155052 -0.318082 -0.039986 0 0
0 0 228 -0.182678 -0.158635 0.296945 -0.288519 0 0
0 0 229 -0.196465 -0.958932 0.542193 0.418888 0 0
0 0 230 -0.105092 -0.152461 0.362706 -0.721305 0 0
0 0 231 -0.317195 -0.788674 -0.0890427 0.0711384 0 0
0 0 232 -0.387844 0.145672 0.0328225 0.702488 0 0
0 0 233 -0.158873 -0.532778 -1.17372 0.760129 0 0
0 0 234 -0.623957 -0.129915 0.398916 -0.700631 0 0
0 0 235 0.477781 -0.0650409 0.635822 0.0070537 0 0
0 0 236 0.00556034 0.493803 -0.583257 0.8895 0 0
0 0 237 0.448739 -1.23342 -0.647467 -0.685006 0 0
0 0 238 1.04217 -0.245197 0.639454 -0.0856715 0 0
0 0 239 -0.571184 0.438864 -0.553433 0.15244 0 0
0 0 240 -0.36428 0.00667658 0.706747 0.363877 0 0
0 0 241 -0.753652 -0.359914 0.596812 -0.634737 0 0
0 0 242 -0.373992 0.162859 1.31087 0.510645 0 0
0 0 243 0.156395 -0.00447429 0.352185 0.41961 0 0
0 0 244 0.187331 -0.284342 -0.898045 0.673258 0 0
0 0 245 -0.436878 0.281237 -0.749193 -0.284889 0 0
0 0 246 -0.0375041 -0.735191 -0.45462 -0.585586 0 0
0 0 247 0.210745 0.213359 -0.983304 0.620302 0 0
0 0 248 0.597423 0.224031 0.817929 -0.27488 0 0
0 0 249 -0.133141 0.16424 0.0198307 -0.142062 0 0
0 0 250 1.3279 1.1782 0.712204 0.0832845 0 0
0 0 251 -0.13798 -0.135034 -0.397155 0.517258 0 0
0 0 252 1.1708 -0.264104 0.0794392 -0.685313 0 0
0 0 253 0.270207 -0.0867743 -0.0777422 0.4795 0 0
0 0 254 0.620554 0.957082 -0.0305721 -0.244745 0 0
0 0 255 1.11961 -0.220501 0.982751 0.247782 0 0
0 0 256 0.724949 0.348643 -0.629711 0.202392 0 0
0 0 257 0.842705 -0.114739 -0.260853 -0.0938667 0 0
0 0 258 0.255533 -0.200937 -0.886056 0.686866 0 0
0 0 259 -0.614085 0.0529832 -0.873671 -0.273471 0 0
0 0 260 0.16433 0.686007 -0.312951 -0.280433 0 0
0 0 261 -0.611393 0.667435 0.363186 0.601583 0 0
0 0 262 -0.403144 -0.949713 -0.0875181 0.449552 0 0
0 0 263 0.207305 0.140302 -0.389628 0.519681 0 0
0 0 264 -0.106557 -0.473927 -0.235854 -0.422996 0 0
0 0 265 0.0838508 -1.16572 -0.0921972 -0.8492 0 0
0 0 266 -0.316416 1.16741 -0.477798 -0.138317 0 0
0 0 267 0.742357 -0.451728 -0.0449202 0.194822 0 0
0 0 268 0.106855 0.832247 -0.43779 0.4336 0 0
0 0 269 0.478774 0.229907 0.0840873 0.355546 0 0
0 0 270 0.395677 -0.428323 -0.469164 -0.00611821 0 0
0 0 271 -0.385676 -0.24885 -0.394388 0.612415 0 0
0 0 272 0.239935 -0.23689 0.438 0.313057 0 0
0 0 273 0.42361 0.273289 -0.125393 0.224094 0 0
0 0 274 0.298623 -0.234635 0.491568 -0.667341 0 0
0 0 275 0.843969 -0.392643 0.464062 -0.0432481 0 0
0 0 276 0.518954 -0.564284 -0.0752856 -0.555498 0 0
0 0 277 0.464601 -1.06331 0.231102 0.649847 0 0
0 0 278 0.628143 0.0492426 0.0979018 0.494022 0 0
0 0 279 -0.151541 -0.456997 0.00296495 0.605001 0 0
0 0 280 0.0827011 -0.0947044 0.371962 0.582042 0 0
0 0 281 0.50027 0.483715 -0.0546178 -0.31116 0 0
0 0 282 0.266406 0.135409 0.609162 0.424706 0 0
0 0 283 0.152254 0.170404 -0.853278 -0.244725 0 0
0 0 284 0.121567 0.335761 -0.20633 0.531598 0 0
0 0 285 -0.0454418 0.31658 -0.316615 -0.419628 0 0
0 0 286 -0.536424 0.303875 0.494063 0.281148 0 0
0 0 287 -0.175255 0.1293 -0.35296 0.864898 0 0
0 0 288 0.67873 0.679225 0.518307 0.491176 0 0
0 0 289 -0.15845 -0.233302 -0.00064901 0.356318 0 0
0 0 290 1.01044 0.564689 -0.16046 -0.144079 0 0
0 0 291 -0.671659 -0.329277 0.083337 0.0366879 0 0
0 0 292 -0.481724 -0.484734 -0.48114 0.0362921 0 0
0 0 293 -0.180825 0.17086 0.0393986 -1.09662 0 0
0 0 294 0.119545 -1.44497 0.0155318 0.00390675 0 0
0 0 295 -0.147864 0.0578537 -0.532422 -0.296288 0 0
0 0 296 -1.32246 -0.591698 -0.44903 -0.693386 0 0
0 0 297 -0.447009 0.98767 -0.700998 0.137711 0 0
0 0 298 -0.218872 -0.734271 -0.239953 -0.138035 0 0
0 0 299 0.286361 0.912133 -0.471008 -0.993866 0 0
0 0 300 -0.0814361 -0.576762 -0.57072 0.0372491 0 0
0 0 301 0.363 -0.0423681 -0.732484 1.03488 0 0
0 0 302 0.938904 -0.500026 0.782508 -0.426326 0 0
0 0 303 0.13097 -0.205641 -0.173553 -1.21911 0 0
0 0 304 0.557227 0.0101092 0.993282 0.935942 0 0
0 0 305 -0.146373 -0.0546127 0.0135202 -0.779332 0 0
0 0 306 -0.142219 0.439921 -0.0756247 0.960118 0 0
0 0 307 0.302491 0.933475 -0.294764 0.364533 0 0
0 0 308 0.429515 0.421164 -0.0908879 0.0265256 0 0
0 0 309 -0.303974 0.314502 -0.385518 0.192411 0 0
0 0 310 0.651274 -0.0203041 0.515775 0.238816 0 0
0 0 311 0.564452 -0.200227 1.09285 -0.339202 0 0
0 0 312 -0.266156 0.211117 0.204796 -0.294495 0 0
0 0 313 -0.140963 0.112003 -0.679386 0.553038 0 0
0 0 314 -0.841319 0.0970617 -0.0381888 0.290724 0 0
0 0 315 -0.717671 0.0449052 0.532104 -0.422868 0 0
0 0 316 0.246838 0.888224 -0.237475 0.0692096 0 0
0 0 317 0.875526 0.0993944 0.783527 -0.364978 0 0
0 0 318 -0.0562849 -0.0253274 -0.0555152 -0.285537 0 0
0 0 319 0.902118 -0.380805 -0.120237 0.404843 0 0
0 0 320 0.797868 0.384034 0.235847 0.518251 0 0
0 0 321 1.1889 0.205761 0.198619 -0.132743 0 0
0 0 322 -1.34186 -0.436182 -0.474432 -0.237111 0 0
0 0 323 -0.0380675 -0.412443 -0.0668506 0.965662 0 0
0 0 324 -0.195611 0.381266 0.272764 1.29392 0 0
0 0 325 0.635677 0.330102 0.242543 0.51393 0 0
0 0 326 0.108174 -0.0894059 0.680173 -0.261895 0 0
0 0 327 -0.263684 0.042302 1.00415 -0.0230077 0 0
0 0 328 0.090598 -0.157469 0.24976 0.384234 0 0
0 0 329 0.664715 -0.328284 0.753101 1.35862 0 0
0 0 330 0.120254 0.0841557 -0.404882 -0.495884 0 0
0 0 331 -0.0240284 0.0825036 0.272881 0.542479 0 0
0 0 332 -0.752905 0.0584632 -0.246144 -0.486706 0 0
0 0 333 -1.18658 0.0472725 0.687821 -0.24025 0 0
0 0 334 0.457727 0.76587 0.968965 0.0830753 0 0
0 0 335 0.890632 -0.514234 0.402562 1.52338 0 0
0 0 336 1.23524 0.257773 0.584733 0.407378 0 0
0 0 337 -0.0300595 1.13034 0.150634 -0.332709 0 0
0 0 338 -0.830847 -0.281233 -0.509663 -0.333131 0 0
0 0 339 0.479181 -0.549049 -0.0675202 0.778004 0 0
0 0 340 1.02318 -0.193813 0.477322 0.222875 0 0
0 0 341 -0.598937 -0.319884 0.724031 -0.0415311 0 0
0 0 342 -0.365665 0.745196 -0.142179 -0.0293686 0 0
0 0 343 -0.0305647 0.774637 0.00453388 -0.231257 0 0
0 0 344 -0.459513 -0.479692 1.24291 0.117559 0 0
0 0 345 0.567103 -0.130698 -0.141461 0.83691 0 0
0 0 346 -0.59431 0.261852 -0.0796283 1.15565 0 0
0 0 347 -0.706258 -0.497569 -0.244416 0.334354 0 0
0 0 348 -0.303184 -0.176629 0.202077 -0.321012 0 0
0 0 349 -0.439027 -0.536388 -1.41532 0.184243 0 0
0 0 350 -0.37272 -0.00643076 -0.156802 0.375352 0 0
0 0 351 0.392132 0.359963 0.300565 1.40591 0 0
0 0 352 -0.322345 -0.527774 0.202007 -0.737072 0 0
0 0 353 -0.655279 0.0624526 0.674319 -0.0522914 0 0
0 0 354 -0.648952 -0.181415 -0.979914 1.59331 0 0
0 0 355 -0.0540828 -0.230366 0.0869034 0.747694 0 0
0 0 356 -1.07564 -0.237209 -0.51051 -0.294949 0 0
0 0 357 0.15864 0.88805 -0.0994798 -0.606717 0 0
0 0 358 0.204163 -0.818027 0.0503348 0.120314 0 0
0 0 359 -0.276263 -0.24274 0.298143 -0.857797 0 0
0 0 360 -0.679973 -0.557833 -0.349996 -0.347464 0 0
0 0 361 -0.0812165 -0.571997 0.258472 0.306039 0 0
0 0 362 0.0950191 -0.271029 0.612791 0.77571 0 0
0 0 363 -0.16008 0.670112 -0.135699 -0.447137 0 0
0 0 364 -1.25655 -0.0799849 0.54647 0.19154 0 0
0 0 365 0.282781 0.396754 -0.321463 -0.183856 0 0
0 0 366 0.163342 -1.11733 -0.250256 0.35144 0 0
0 0 367 -0.604168 0.717064 -0.743028 -0.761091 0 0
0 0 368 -0.264737 -0.107131 -0.804696 0.291322 0 0
0 0 369 -0.374243 -0.841612 -0.304748 0.861855 0 0
0 0 370 0.08274 0.361544 -0.406579 0.420062 0 0
0 0 371 0.712305 -0.469395 1.22006 0.0420924 0 0
0 0 372 -0.688421 -0.313358 -1.31427 -0.368313 0 0
0 0 373 -1.04815 1.28714 -0.43026 -0.388494 0 0
0 0 374 -0.280163 0.28976 -1.12722 -0.736467 0 0
0 0 375 0.0763412 -1.0215 0.38407 1.21386 0 0
0 0 376 0.237272 -0.00217742 0.149658 0.457302 0 0
0 0 377 -0.497213 -0.0536807 0.547217 -0.152798 0 0
0 0 378 -0.506285 0.294261 0.0281888 -0.709286 0 0
0 0 379 0.961124 -0.252093 0.413859 0.627672 0 0
0 0 380 1.37108 -0.0278677 -0.673697 0.216797 0 0
0 0 381 0.681802 0.41285 0.599842 0.600045 0 0
0 0 382 0.521406 0.659734 0.689066 -0.00697993 0 0
0 0 383 0.701919 -0.260201 0.338304 -0.888083 0 0
0 0 384 0.263802 0.11896 -0.230769 -1.20753 0 0
0 0 385 -0.481549 0.27229 0.224538 -0.419782 0 0
0 0 386 -0.0677823 0.425171 0.500429 -0.535717 0 0
0 0 387 0.296605 -0.858998 0.203238 -0.189508 0 0
0 0 388 0.520679 -0.236402 0.579189 -0.629837 0 0
0 0 389 -0.109563 0.386925 -0.555442 -0.628918 0 0
0 0 390 -0.386188 0.473386 -0.150018 -1.05287 0 0
0 0 391 0.220825 0.571606 -0.0674697 -0.870473 0 0
0 0 392 -0.19934 -0.371266 -0.775766 0.285472 0 0
0 0 393 -1.2586 -0.0816879 -0.195235 -1.08394 0 0
0 0 394 -0.702254 -0.74313 -0.410833 -0.130895 0 0
0 0 395 -0.323691 -0.0276924 -0.458114 0.150136 0 0
0 0 396 0.52523 -0.465357 -0.293871 -0.938187 0 0
0 0 397 -0.31512 0.233801 -0.0571898 0.103494 0 0
0 0 398 -0.445126 1.32037 0.124517 0.0970979 0 0
0 0 399 0.113424 0.238384 -0.829584 0.980121 0 0
0 0 400 -0.322141 -0.202619 -0.303972 0.305447 0 0
0 0 401 1.47225 -0.0478386 0.445001 -0.279408 0 0
0 0 402 0.05782 -0.272784 0.217256 -0.0621124 0 0
0 0 403 0.330574 0.801575 0.787665 0.293421 0 0
0 0 404 0.248536 -0.587778 -0.0675452 -0.323802 0 0
0 0 405 0.519662 0.0688527 0.367157 0.333624 0 0
0 0 406 -0.0777336 0.0109333 -1.34349 0.653003 0 0
0 0 407 0.517189 0.0145016 -0.878285 -0.65514 0 0
0 0 408 1.03127 0.211437 -0.828857 -0.64554 0 0
0 0 409 0.344004 -0.174986 -0.82731 0.124106 0 0
0 0 410 0.523395 0.109991 0.144411 0.813831 0 0
0 0 411 0.639753 0.279789 0.83714 -0.987963 0 0
0 0 412 0.136278 -0.553746 -0.043056 -0.884203 0 0
0 0 413 0.765441 -0.166068 0.756664 -0.945617 0 0
0 0 414 -0.12133 0.223905 -0.246902 0.0205585 0 0
0 0 415 0.151614 -0.638571 0.958541 -0.478373 0 0
0 0 416 -0.248331 1.09035 -1.36532 -0.729409 0 0
0 0 417 0.203974 -0.355496 -0.435615 -0.57377 0 0
0 0 418 -0.202048 0.16679 0.979976 0.410811 0 0
0 0 419 -0.473727 0.044064 -0.375437 -0.0176189 0 0
0 0 420 0.934707 -0.911218 -0.533448 -0.828411 0 0
0 0 421 -0.338665 0.380355 -0.496677 0.186939 0 0
0 0 422 0.478203 0.156014 0.502776 -0.698235 0 0
0 0 423 -0.161084 0.532532 0.270743 0.974695 0 0
0 0 424 0.152403 0.244321 -0.0510717 -0.246898 0 0
0 0 425 0.336394 0.527095 0.586744 0.585839 0 0
0 0 426 -0.31646 0.244109 -0.0350426 -1.06094 0 0
0 0 427 0.337454 0.537371 1.3851 0.803813 0 0
0 0 428 0.0587983 0.415933 0.167453 -0.390522 0 0
0 0 429 -0.582207 -0.599205 -1.98184 -0.258354 -53.4113 7.29249
0 0 430 -0.269592 0.851971 0.0753668 -0.0928585 0 0
0 0 431 -0.549655 0.171023 -0.533227 0.189824 0 0
0 0 432 -0.234446 -0.604174 0.690315 -0.0621111 0 0
0 0 433 0.978291 -1.64987 0.671414 -0.482465 0 0
0 0 434 -0.922778 -0.870577 -0.364751 0.400226 0 0
0 0 435 -0.555023 -0.123397 -0.388961 0.235997 0 0
0 0 436 0.502078 -0.491024 0.330682 -0.326705 0 0
0 0 437 -0.222665 0.243452 0.888463 -0.100096 0 0
0 0 438 1.21482 0.107356 0.165871 0.273354 0 0
0 0 439 0.156396 -0.264172 -0.269942 0.713314 0 0
0 0 440 -1.02198 -0.333912 -0.652174 1.11129 0 0
0 0 441 0.426259 -0.656648 0.0530393 0.0467792 0 0
0 0 442 -0.661508 1.1173 0.143435 -0.181725 0 0
0 0 443 -0.0152402 0.368628 -0.0852058 0.254465 0 0
0 0 444 0.364898 0.686265 -0.13636 -0.259846 0 0
0 0 445 0.667935 0.537344 0.576591 0.166075 0 0
0 0 446 -0.184912 -0.337239 -0.516477 0.905576 0 0
0 0 447 0.74443 0.249299 0.578682 0.155174 0 0
0 0 448 0.101745 -0.677285 -0.0710856 0.423627 0 0
0 0 449 -0.850893 -0.400267 -0.55401 0.946735 0 0
0 0 450 0.754081 0.111069 0.260019 -1.25869 0 0
0 0 451 -0.240934 0.554774 -0.772172 -0.466565 0 0
0 0 452 -0.0512225 0.126155 0.285298 0.814303 0 0
0 0 453 -0.229795 0.600574 0.401851 0.129941 0 0
0 0 454 -0.270541 -0.0583769 0.179264 -0.223797 0 0
0 0 455 -0.10378 -0.887524 -0.153269 -0.496189 0 0
0 0 456 1.5155 -0.0130865 0.417799 -0.107258 0 0
0 0 457 -0.333682 0.161919 0.0502709 -0.0141593 0 0
0 0 458 1.24564 -0.511133 0.697362 -0.352584 0 0
0 0 459 0.207319 0.902526 0.668357 -0.612495 0 0
0 0 460 0.618408 0.243972 0.260685 -0.440383 0 0
0 0 461 0.200583 -0.282431 0.314497 -0.0588273 0 0
0 0 462 -0.642106 0.967483 -1.10046 0.240025 0 0
0 0 463 0.0637866 -0.673365 0.668982 0.182651 0 0
0 0 464 0.150952 0.374406 -0.368756 0.677033 0 0
0 0 465 -0.444592 -0.124408 -0.0864861 0.543396 0 0
0 0 466 1.09832 -0.0781381 0.855553 -0.0330218 0 0
0 0 467 -0.644905 0.252625 -0.03915 -0.155168 0 0
0 0 468 0.682173 -0.0688776 -0.0271084 0.103373 0 0
0 0 469 0.821619 0.287531 0.355178 0.559253 0 0
0 0 470 0.553237 0.0181815 0.318906 0.537904 0 0
0 0 471 0.497413 -0.318517 0.332572 0.00492993 0 0
0 0 472 0.530072 -0.12332 1.31514 -0.802647 0 0
0 0 473 0.324076 0.863669 0.431767 0.655306 0 0
0 0 474 -0.30971 -1.42768 0.57284 -0.185537 0 0
0 0 475 -1.06796 -0.210519 -0.0690696 -0.00362308 0 0
0 0 476 -0.0482212 0.710159 1.28076 -0.175119 0 0
0 0 477 0.282294 0.425562 -0.395191 0.360833 0 0
0 0 478 -0.310944 0.274987 0.376863 -0.391936 0 0
0 0 479 0.299431 0.943784 -0.22052 0.176594 0 0
0 0 480 0.00751869 -0.229682 -0.185044 0.2743 0 0
0 0 481 -0.0837598 -0.451147 -0.665771 0.358185 0 0
0 0 482 1.20092 0.186434 0.229513 0.691917 0 0
0 0 483 0.000886872 0.195808 -0.249806 -0.340317 0 0
0 0 484 0.573344 0.230442 0.510044 0.103171 0 0
0 0 485 0.172786 -0.00403075 -0.606073 -0.178265 0 0
0 0 486 0.552318 0.270587 0.457635 -0.449855 0 0
0 0 487 0.196238 1.41295 -0.0237286 -0.239947 0 0
0 0 488 -0.420973 0.207109 -0.260727 0.185827 0 0
0 0 489 -0.333646 -0.238738 -0.402584 0.351987 0 0
0 0 490 0.540012 -0.599094 0.102117 -0.118551 0 0
0 0 491 -0.108398 -0.438638 0.67482 0.195481 0 0
0 0 492 0.54648 -0.0988704 0.852039 -0.297172 0 0
0 0 493 -0.287272 -0.681553 0.764495 -0.388558 0 0
0 0 494 0.807834 -0.100443 0.245992 0.0115886 0 0
0 0 495 -0.378413 -0.103064 -0.147247 -0.516643 0 0
0 0 496 0.367057 -0.213251 0.972345 -0.925656 0 0
0 0 497 0.0636379 0.782906 0.196263 0.059357 0 0
0 0 498 1.00556 -0.0714207 -0.166469 -0.164069 0 0
0 0 499 0.141964 -0.143573 -0.770432 -0.645946 0 0
0 0 500 0.00698014 0.130554 0.0244789 1.48363 0 0
0 0 501 -0.54951 0.460312 -0.378988 0.9304 0 0
0 0 502 -0.83477 -0.364171 -0.89498 -0.0106564 0 0
0 0 503 -0.24165 0.186919 0.0497185 0.939286 0 0
0 0 504 -0.0554276 -0.0927046 0.125892 0.0602137 0 0
0 0 505 0.851817 0.574132 1.33756 -0.398322 0 0
0 0 506 -0.41293 -1.27127 -0.215122 0.545164 0 0
0 0 507 -0.0207148 -1.48349 0.446278 -0.185468 0 0
0 0 508 -1.05466 -0.142667 -0.186631 -0.939047 0 0
0 0 509 -0.21643 -0.740929 -0.67677 -0.227573 0 0
0 0 510 0.963482 0.154199 0.740732 0.199828 0 0
0 0 511 0.151268 0.546164 -0.216583 0.669487 0 0
0 0 512 0.368456 0.2816 -0.332975 0.212715 0 0
0 0 513 0.0169517 0.46072 -0.620643 0.153197 0 0
0 0 514 -0.308804 -0.0836373 0.581312 0.197805 0 0
0 0 515 -0.112597 0.133452 -0.0839293 0.0551359 0 0
0 0 516 0.134558 -0.662456 0.120478 -0.202534 0 0
0 0 517 -0.617583 -0.370888 -0.0904311 0.961529 0 0
0 0 518 -0.220901 0.238142 -0.544828 -0.584403 0 0
0 0 519 -0.169942 -0.408972 0.193854 -0.457255 0 0
0 0 520 0.856242 0.607684 0.442884 0.906687 0 0
0 0 521 -0.045164 0.123416 -0.0274735 -0.0649149 0 0
0 0 522 -1.19108 -0.345745 0.0319013 0.465902 0 0
0 0 523 0.039163 0.666459 1.04774 0.0337219 0 0
0 0 524 0.193657 0.754222 -0.489504 -0.759125 0 0
0 0 525 -0.281545 0.444074 -0.584182 0.912313 0 0
0 0 526 -0.0314395 -0.618689 0.0257848 -0.033356 0 0
0 0 527 0.122706 0.872559 -0.212478 0.109164 0 0
0 0 528 0.0906834 -0.0349065 -1.21745 0.149985 0 0
0 0 529 0.772407 0.0467496 0.161332 -0.0316862 0 0
0 0 530 0.355534 -0.648975 0.609684 -0.0113363 0 0
0 0 531 0.0192748 0.86222 0.565364 0.120096 0 0
0 0 532 -0.2238 0.599424 -0.281874 0.343974 0 0
0 0 533 -0.305055 0.185302 0.408772 -0.552582 0 0
0 0 534 -0.528207 -0.0446701 -0.401184 0.16045 0 0
0 0 535 0.442194 0.153029 -0.508534 0.260163 0 0
0 0 536 0.0710348 -0.501514 -0.987813 -0.296959 0 0
0 0 537 0.53832 -0.326423 0.21565 -0.325276 0 0
0 0 538 0.253596 0.0755485 -0.0883689 1.38133 0 0
0 0 539 -0.264894 -0.271599 0.194337 -0.228882 0 0
0 0 540 1.20104 -0.76625 0.0713807 -0.237488 0 0
0 0 541 -0.571095 -0.117005 -0.770313 -0.0891231 0 0
0 0 542 -0.0302511 -1.32928 -0.00881279 0.262593 0 0
0 0 543 0.828917 -0.149192 0.266407 0.285513 0 0
0 0 544 -0.104637 -0.0948153 0.148188 -0.547566 0 0
0 0 545 0.732833 0.0362742 0.171391 0.192891 0 0
0 0 546 1.47746 -0.436103 0.0867887 0.2552 0 0
0 0 547 0.957379 -0.163847 0.872694 -1.209 0 0
0 0 548 0.522694 -0.105832 -0.0298891 0.362339 0 0
0 0 549 -0.728328 -0.918783 0.217547 0.106149 0 0
0 0 550 0.490174 0.102469 -0.395034 -0.405188 0 0
0 0 551 -0.209496 -0.120006 0.491155 -0.0866095 0 0
0 0 552 0.749718 -0.347889 0.380523 -0.442934 0 0
0 0 553 -0.143228 1.16473 0.639544 -0.916885 0 0
0 0 554 -0.243498 -1.21397 -0.0499549 0.0395633 0 0
0 0 555 1.09311 0.0241573 -0.170128 0.37345 0 0
0 0 556 -0.14866 0.145291 0.970261 0.428114 0 0
0 0 557 -0.276822 0.560258 -0.659852 0.190564 0 0
0 0 558 -0.260726 -0.107208 0.404797 -0.557474 0 0
0 0 559 1.02045 -0.599928 -0.142121 -0.352687 0 0
0 0 560 0.635162 0.592087 0.0927563 0.327102 0 0
0 0 561 0.0955422 0.1673 0.462035 -0.0263826 0 0
0 0 562 -0.860849 0.181969 0.591536 0.899003 0 0
0 0 563 0.00774744 -0.843158 -0.652575 0.539182 0 0
0 0 564 0.133702 -0.0313715 -0.8544 -0.459912 0 0
0 0 565 -0.421221 -0.323186 -0.442563 -0.583099 0 0
0 0 566 0.783943 0.0036571 0.165712 -0.124442 0 0
0 0 567 -0.514877 -0.534258 -0.618216 -0.0617839 0 0
0 0 568 -0.352203 0.397937 -1.25881 -0.687286 0 0
0 0 569 0.587565 0.0120801 0.57394 0.479814 0 0
0 0 570 0.759766 0.256706 -0.124824 0.226453 0 0
0 0 571 0.159236 0.133065 0.113145 0.213937 0 0
0 0 572 0.695228 -0.812258 0.716644 -0.195568 0 0
0 0 573 -0.349651 -0.210501 -0.797958 -0.183771 0 0
0 0 574 0.559262 -0.0940506 1.07275 0.17224 0 0
0 0 575 0.325376 0.294045 -0.217745 -0.551969 0 0
0 0 576 0.722016 0.0165096 -0.289013 -0.185491 0 0
0 0 577 0.964126 -0.642957 0.136433 0.343321 0 0
0 0 578 0.196881 -0.259136 0.902 -0.831497 0 0
0 0 579 0.580144 -0.22186 0.831271 -0.185383 0 0
0 0 580 -0.114297 -0.18288 0.959868 0.50354 0 0
0 0 581 -1.15568 0.208549 -0.244302 0.0199515 0 0
0 0 582 0.714423 0.0989135 0.00738325 -0.201477 0 0
0 0 583 -0.334281 -0.438039 0.133012 -0.202464 0 0
0 0 584 0.422377 0.0169212 0.134649 -1.11849 0 0
0 0 585 0.15957 0.0359292 0.862969 -0.447556 0 0
0 0 586 -1.40958 -0.574701 0.086989 -0.471534 0 0
0 0 587 0.477676 -0.842754 -0.268417 0.53762 0 0
0 0 588 -0.210058 -0.363487 0.0286608 0.210041 0 0
0 0 589 1.11845 0.255026 -0.290345 0.431465 0 0
0 0 590 -0.310876 -0.539977 0.356838 0.540092 0 0
0 0 591 0.060632 0.0678217 -0.241277 0.675921 0 0
0 0 592 0.538601 1.37835 0.235966 0.780381 0 0
0 0 593 0.353322 -0.01586 0.461135 -0.298402 0 0
0 0 594 -0.0149459 0.574766 0.531625 0.923816 0 0
0 0 595 0.315179 0.803308 0.0176511 0.29892 0 0
0 0 596 0.215809 1.22346 0.39138 -0.0998374 0 0
0 0 597 -0.69161 -0.68968 0.0256937 0.645276 0 0
0 0 598 -0.0893316 0.458901 -0.113503 -0.312392 0 0
0 0 599 0.128605 -0.304416 0.914422 0.36881 0 0
0 0 600 0.718938 -0.776564 0.494265 -0.0689796 0 0
0 0 601 0.854305 -0.621093 0.344869 0.419466 0 0
0 0 602 0.320119 1.0641 0.707432 0.294653 0 0
0 0 603 0.843328 0.0929998 -0.619837 0.170383 0 0
0 0 604 0.231369 0.464768 0.91516 -0.0232297 0 0
0 0 605 -0.214363 0.112215 -0.251468 -0.53284 0 0
0 0 606 -0.34832 0.293187 0.0963982 -0.138609 0 0
0 0 607 -0.0893191 1.05958 0.693715 -0.224442 0 0
0 0 608 0.878283 -0.00413138 0.030586 0.101448 0 0
0 0 609 0.484984 0.599786 0.0831428 -0.445462 0 0
0 0 610 0.00709188 -0.598698 0.0522556 0.124748 0 0
0 0 611 -0.567277 0.838171 -0.0966598 -0.4859 0 0
0 0 612 0.0127496 0.113095 -0.00102539 -0.204117 0 0
0 0 613 -0.135077 -0.0471089 1.06547 0.653044 0 0
0 0 614 0.023377 0.337509 -0.578884 0.360854 0 0
0 0 615 0.535587 0.77961 -0.659175 0.270041 0 0
0 0 616 0.953945 -0.361702 0.137237 -0.265616 0 0
0 0 617 -0.249942 0.223731 -0.634001 -0.168229 0 0
0 0 618 0.576013 0.898503 -0.308765 0.633927 0 0
0 0 619 -0.319241 0.308057 -0.436078 -0.301924 0 0
0 0 620 -0.239176 1.02981 -0.468794 0.501209 0 0
0 0 621 0.0834998 -0.0791381 0.0208772 0.186199 0 0
0 0 622 -0.46557 0.624879 0.0948619 0.0429432 0 0
0 0 623 0.557535 0.169807 -0.178024 0.925494 0 0
0 0 624 -0.0516997 0.251685 0.209027 0.762626 0 0
0 0 625 -0.182577 -0.609254 0.020794 -0.28833 0 0
0 0 626 -0.873791 -0.051057 0.0720934 -0.283758 0 0
0 0 627 0.369981 0.487616 -0.581591 -0.433158 0 0
0 0 628 -0.380426 0.503292 0.512431 0.259382 0 0
0 0 629 -0.574889 -0.826815 -0.159935 0.38303 0 0
0 0 630 0.0199344 -0.767057 0.457184 -0.156723 0 0
0 0 631 0.387893 -0.699225 0.718811 1.11267 0 0
0 0 632 -0.388575 0.383035 -0.31948 1.44273 0 0
0 0 633 -0.315017 -0.187564 -0.169855 0.614643 0 0
0 0 634 0.162975 0.607259 0.412902 -0.101838 0 0
0 0 635 -0.823581 0.782327 0.252781 -0.309331 0 0
0 0 636 0.419258 0.0629437 1.30144 0.231986 0 0
0 0 637 -0.745469 -0.951464 -1.18296 -0.74616 0 0
0 0 638 0.0615782 -0.191219 0.965489 -0.147981 0 0
0 0 639 0.88189 0.322054 0.0782266 -0.3618 0 0
0 0 640 -0.524026 0.0109571 -0.795469 -0.262992 0 0
0 0 641 -0.213354 1.5844 0.31983 -0.223343 0 0
0 0 642 -0.444465 0.253005 -0.13266 -0.242325 0 0
0 0 643 0.591464 0.986278 0.455312 0.11953 0 0
0 0 644 0.58361 0.266661 0.135518 0.048949 0 0
0 0 645 1.87769 -0.344369 -0.0115712 0.566084 0 0
0 0 646 0.946397 -0.570123 0.291441 -0.205146 0 0
0 0 647 0.30827 -0.369101 -0.360534 -0.248529 0 0
0 0 648 -0.0545585 0.18055 -0.172314 0.471259 0 0
0 0 649 0.678207 -0.0734719 0.00225679 0.662378 0 0
0 0 650 -0.336055 0.183198 0.153035 0.423576 0 0
0 0 651 0.391878 -0.413468 -0.0326535 0.00208167 0 0
0 0 652 -0.761181 -0.034922 0.0763248 0.326237 0 0
0 0 653 0.617629 -0.692877 0.162223 -0.00963038 0 0
0 0 654 0.982182 0.69379 0.411837 -0.768401 0 0
0 0 655 0.336096 0.519569 0.284106 -1.04473 0 0
0 0 656 1.18632 0.958143 -0.0499548 -0.578606 0 0
0 0 657 0.65454 0.508456 0.137315 -0.231707 0 0
0 0 658 0.941212 0.48052 0.0297276 0.443995 0 0
0 0 659 0.766306 0.602423 -0.0492904 -0.0293296 0 0
0 0 660 1.02188 0.017188 -0.512685 0.283248 0 0
0 0 661 0.561019 -0.524965 -0.324329 -0.792392 0 0
0 0 662 1.36687 -0.675703 0.298026 0.027925 0 0
0 0 663 1.07123 0.440776 -0.487711 0.253551 0 0
0 0 664 0.850144 -0.137792 -0.507182 -0.395396 0 0
0 0 665 1.66487 -0.310716 -0.0131702 -0.0516977 0 0
0 0 666 2.97749 0.0518849 0.387127 0.329257 0 0
0 0 667 1.62875 0.636593 0.061131 -0.522584 0 0
0 0 668 1.93888 -0.667398 0.228714 0.0915114 0 0
0 0 669 1.30778 -0.559397 0.146811 1.20861 0 0
0 0 670 2.59537 0.935648 -0.699466 0.908996 0 0
0 0 671 2.19981 0.522061 -0.068472 0.446626 0 0
0 0 672 2.1068 0.0334135 0.413096 -0.404328 0 0
0 0 673 2.47925 -0.000466704 1.14728 0.130436 0 0
0 0 674 1.86513 1.45877 -0.33055 0.233787 0 0
0 0 675 0.914958 0.364167 -0.0308303 -0.0790776 0 0
0 0 676 2.12305 -0.965982 0.764752 -0.0699747 0 0
0 0 677 1.73751 0.108722 0.552003 -0.62406 0 0
0 0 678 2.78453 0.477019 0.267654 -0.186121 0 0
0 0 679 1.3342 -0.523634 0.770156 -0.360203 0 0
0 0 680 1.98132 0.0972034 -0.375721 -0.204211 0 0
0 0 681 1.48259 -0.160006 -1.31865 0.444234 0 0
0 0 682 2.70931 0.581771 0.0579204 0.462383 0 0
0 0 683 1.87649 -0.561752 0.404581 0.429533 0 0
0 0 684 1.48858 0.209497 -0.679006 -0.108226 0 0
0 0 685 1.40816 0.00397742 -0.114455 0.0180707 0 0
0 0 686 1.22435 0.364529 0.0905821 -0.308963 0 0
0 0 687 0.590823 -0.170316 -0.127594 -0.768272 0 0
0 0 688 1.80684 -0.316516 0.366587 0.141848 0 0
0 0 689 1.11867 -0.704803 -0.929914 0.217628 0 0
0 0 690 1.66104 -0.016709 -0.144356 0.182081 0 0
0 0 691 0.170229 0.141412 0.635352 -0.0819609 0 0
0 0 692 1.93725 0.232717 -0.237553 0.833554 0 0
0 0 693 0.858916 0.219618 0.191895 0.00808751 0 0
0 0 694 1.83308 -0.303867 0.143683 1.42003 0 0
0 0 695 0.856414 0.316067 0.425715 -0.268945 0 0
0 0 696 1.18288 0.0707714 -1.15564 -0.0968043 0 0
0 0 697 0.674465 -0.755095 -0.349093 0.231541 0 0
0 0 698 0.537939 0.543069 -1.30204 -0.0157013 0 0
0 0 699 0.970208 -1.17384 -1.01128 0.773932 0 0
0 0 700 0.30379 -0.337175 -0.967227 1.01637 0 0
0 0 701 1.71965 0.180349 -0.277347 0.110177 0 0
0 0 702 1.55168 0.144569 -0.824589 -1.26715 0 0
0 0 703 1.7524 0.60432 -1.03697 0.871376 0 0
0 0 704 2.37853 1.25204 -0.482755 0.505615 0 0
0 0 705 2.01937 0.867251 -0.153751 0.183031 0 0
0 0 706 1.09494 0.765887 -0.813171 -0.204828 0 0
0 0 707 0.630368 0.0485021 -0.903418 0.244825 0 0
0 0 708 0.948121 -1.57456 -1.19384 -0.60262 -71.4151 8.11784
0 0 709 1.20681 -0.141971 -0.914547 -0.344865 0 0
0 0 710 1.1847 -0.361725 -0.535407 -0.0286243 0 0
0 0 711 2.08006 -0.190369 -1.4949 0.613027 0 0
0 0 712 1.60035 0.533263 -1.21047 -0.0440457 0 0
0 0 713 1.87554 -0.115426 -1.84845 -0.00221634 -46.7866 8.07607
0 0 714 3.09712 0.613225 -1.51946 -0.0469845 0 0
0 0 715 1.92694 1.1507 -1.85653 0.932141 -29.1045 7.06726
0 0 716 2.08899 0.303018 -1.83372 -0.472461 -40.3084 8.06933
0 0 717 1.11354 0.222623 -2.24295 0.772889 -42.1658 6.6406
0 0 718 1.5409 -0.0168279 -1.43182 -0.300009 0 0
0 0 719 2.36283 -1.32203 -2.57249 0.022177 -58.5995 5.296
0 0 720 3.19349 0.252269 -2.01469 0.881894 -41.4314 7.37669
0 0 721 2.15881 -0.0237687 -1.63185 -0.230917 0 0
0 0 722 1.68685 -1.28442 -1.79578 -0.107571 -62.787 7.03903
0 0 723 2.96657 0.568808 -1.37419 0.761659 0 0
0 0 724 2.91334 -0.0397521 -2.11683 -0.235402 -45.5379 7.06167
0 0 725 1.89084 0.311789 -1.11245 0.192234 0 0
0 0 726 3.0528 -1.00149 -0.571719 0.359234 0 0
0 0 727 2.08468 -0.593693 -0.815606 -0.206777 0 0
0 0 728 2.01031 -0.573984 -0.584839 0.0732995 0 0
0 0 729 1.54656 0.69929 -1.06972 0.472955 0 0
0 0 730 1.97623 -1.22127 -1.01071 0.093951 0 0
0 0 731 2.50529 -0.405981 -0.56091 0.49095 0 0
0 0 732 2.25397 0.0145257 -0.152212 -0.0353969 0 0
0 0 733 2.12967 -0.220243 -0.943577 0.140811 0 0
0 0 734 2.94776 -0.66479 -0.461235 -0.805675 0 0
0 0 735 2.23298 -0.100994 -0.209935 0.56136 0 0
0 0 736 3.65789 -0.884418 -0.00170184 -0.603554 0 0
0 0 737 3.988 -1.19037 1.29604 -0.200529 0 0
0 0 738 3.70399 0.497049 0.6251 0.332984 0 0
0 0 739 4.4321 -0.505785 0.649551 0.544032 0 0
0 0 740 4.78467 0.67244 0.532426 -0.682375 0 0
0 0 741 7.85219 0.471833 1.90377 -0.869013 38.0401 7.67473
0 0 742 7.9867 -0.298341 1.91007 -1.19636 49.4387 7.75524
0 0 743 9.20298 0.0519261 1.71924 0.291918 0 0
0 0 744 10.3804 -0.906732 2.6251 -1.70178 54.5277 5.45096
0 0 745 11.0818 0.0901084 3.17376 -0.957514 44.1869 4.70917
0 0 746 13.9838 0.849206 4.49365 -0.573063 39.6492 3.28253
0 0 747 15.021 0.695714 6.04752 -0.73541 41.7187 2.45977
0 0 748 14.9428 0.440687 4.77177 -0.258217 42.3618 3.12295
0 0 749 17.2816 -0.461238 6.53552 -0.0235077 47.0184 2.28322
0 0 750 16.4118 -0.562825 5.61899 -0.397229 47.86 2.65057
0 0 751 19.0835 0.145902 5.5427 -0.566431 44.2461 2.69659
0 0 752 18.3388 0.511758 6.22321 -0.521598 42.6495 2.39619
0 0 753 17.6889 0.0946674 6.50115 -0.0515512 44.5829 2.29946
0 0 754 17.5519 -0.313566 6.43529 0.356175 46.3948 2.32108
0 0 755 16.6985 0.590689 5.84931 0.192554 42.1168 2.54604
0 0 756 15.3824 0.381809 5.13635 -0.534808 42.8744 2.90459
0 0 757 15.4428 0.802444 4.88685 -0.866906 40.3375 3.0283
0 0 758 13.4364 0.497474 3.57401 0.952121 41.0379 4.1525
0 0 759 14.2948 0.173007 4.28664 -0.0780591 43.8444 3.4855
0 0 760 12.5539 1.39039 2.68492 0.131718 31.3112 5.06755
0 0 761 11.8393 -0.322928 3.36293 0.842386 47.7425 4.43009
0 0 762 11.637 -0.438476 3.78823 0.291287 48.3012 3.92652
0 0 763 11.1022 -0.28125 2.95263 0.111762 47.7206 5.04598
0 0 764 9.023 0.974169 3.2279 1.06963 36.6032 4.47792
0 0 765 9.7049 -0.412679 1.46149 1.28242 0 0
0 0 766 9.43547 -0.0478635 1.7786 0.628974 0 0
0 0 767 8.91588 1.35445 1.55778 0.466471 24.497 7.60457
0 0 768 8.70342 -0.0511951 2.46304 0.0330212 45.5954 6.06887
0 0 769 7.35083 -0.260392 0.677443 1.10623 0 0
0 0 770 7.79549 0.850723 1.3542 -0.161053 0 0
0 0 771 8.31572 0.822015 1.01957 0.484581 0 0
0 0 772 7.0088 0.359574 1.21123 0.113678 0 0
0 0 773 6.09514 -0.882408 1.23805 1.21273 0 0
0 0 774 7.66015 0.337672 0.363579 0.292307 0 0
0 0 775 7.06134 0.00183129 0.426183 0.111833 0 0
0 0 776 5.14485 -0.308352 1.11293 -0.286176 0 0
0 0 777 5.71518 1.0638 -0.421431 0.193261 0 0
0 0 778 5.4295 0.608922 0.381789 -0.571558 0 0
0 0 779 4.81046 -0.0125318 -0.605009 0.831792 0 0
0 0 780 5.36767 0.115223 0.793242 -0.249569 0 0
0 0 781 4.58477 -0.514683 0.151743 0.961514 0 0
0 0 782 4.18076 0.162795 0.315694 0.0790557 0 0
0 0 783 3.33567 -0.0882058 0.306633 0.958201 0 0
0 0 784 4.71374 -0.0284607 0.728607 0.427143 0 0
0 0 785 4.12008 -0.567708 -0.115648 -0.276289 0 0
0 0 786 2.90463 -0.032468 0.443238 -1.07229 0 0
0 0 787 4.27686 0.157538 1.10968 -0.182797 0 0
0 0 788 2.52716 -0.0672785 -0.828076 -0.20633 0 0
0 0 789 3.18498 0.75248 -0.0532679 0.210919 0 0
0 0 790 1.89251 -0.140075 -0.452299 -0.158802 0 0
0 0 791 3.16243 -0.29464 0.878839 0.0679067 0 0
0 0 792 3.15502 -0.105389 -0.341729 -0.121908 0 0
0 0 793 1.71199 -0.608565 -0.227105 -0.687801 0 0
0 0 794 1.45279 0.620622 -0.709503 0.277671 0 0
0 0 795 1.31778 -0.91375 0.0760117 -0.320397 0 0
0 0 796 2.84756 -1.14021 0.869543 -0.699599 0 0
0 0 797 1.0909 -0.0658662 0.413208 -0.634583 0 0
0 0 798 2.01523 -1.01853 0.0851386 0.118237 0 0
0 0 799 1.96318 -0.188237 0.962512 0.654739 0 0
0 0 800 1.98589 -1.51964 0.237775 -0.673014 0 0
0 0 801 0.750056 0.110899 -0.161145 0.62777 0 0
0 0 802 1.66123 -0.710445 -0.0739803 0.179952 0 0
0 0 803 0.992173 0.260084 0.59957 1.35107 0 0
0 0 804 0.540444 -0.27544 -0.435356 -0.657373 0 0
0 0 805 1.39245 -0.354873 -0.0106791 -0.30481 0 0
0 0 806 0.066716 -0.203632 -0.171735 -0.800104 0 0
0 0 807 1.20469 -1.11466 0.831529 -0.331628 0 0
0 0 808 1.24143 -0.154531 0.299601 0.148683 0 0
0 0 809 1.13073 -0.460935 -0.478232 -0.279047 0 0
0 0 810 1.10768 -0.407524 -0.656947 0.225294 0 0
0 0 811 0.899752 -0.196292 -0.170753 1.38652 0 0
0 0 812 1.68101 0.0281988 0.916736 -0.822362 0 0
0 0 813 -0.559261 -0.512418 0.288101 0.608834 0 0
0 0 814 -0.0687895 -0.289586 -0.553392 0.279472 0 0
0 0 815 0.948439 -0.40282 -0.656982 -0.144483 0 0
0 0 816 1.07158 0.620336 0.686081 0.336207 0 0
0 0 817 0.730659 -0.631202 -0.306744 -0.331242 0 0
0 0 818 1.18097 0.0920655 1.49163 1.37727 0 0
0 0 819 1.5708 -0.624152 0.903808 -0.0402275 0 0
0 0 820 0.503582 -0.274622 0.596252 -0.102237 0 0
0 0 821 0.547353 0.209968 0.655801 0.315357 0 0
0 0 822 1.49655 0.874294 0.483527 0.334663 0 0
0 0 823 0.806777 -0.221308 0.486498 -0.109766 0 0
0 0 824 1.085 0.329597 1.16331 0.614722 0 0
0 0 825 0.460931 0.420858 0.108216 0.423978 0 0
0 0 826 0.519219 -0.284522 0.302794 -0.748502 0 0
0 0 827 0.192506 -1.01885 0.279347 -0.175782 0 0
0 0 828 0.418895 -0.320324 -1.71099 0.401716 0 0
0 0 829 0.188088 1.40015 -0.174305 -0.0586463 0 0
0 0 830 0.307177 0.329017 -0.354691 1.39071 0 0
0 0 831 0.0219368 -0.669242 0.390563 -0.457376 0 0
0 0 832 0.334946 0.0709291 0.405477 -0.809213 0 0
0 0 833 0.0081214 -0.777896 0.558581 -0.0812536 0 0
0 0 834 0.655624 0.110873 0.116145 0.560598 0 0
0 0 835 -0.107037 0.272376 0.271257 0.0919413 0 0
0 0 836 -0.575457 -1.65981 -0.537085 0.0960033 0 0
0 0 837 -0.516527 -0.0398839 0.501165 -0.0627862 0 0
0 0 838 0.174364 -0.098973 0.0644715 -0.599498 0 0
0 0 839 0.534205 -0.10082 -0.906072 0.340357 0 0
0 0 840 0.134022 -2.24045 0.105375 0.0818578 88.6536 7.41514
0 0 841 0.72637 0.136863 -0.0826074 0.994306 0 0
0 0 842 0.267363 0.0094223 0.481489 0.147711 0 0
0 0 843 0.378175 -0.376236 -1.12237 -0.641382 0 0
0 0 844 -0.655642 0.0828151 0.585586 -0.939537 0 0
0 0 845 0.524209 0.815511 -0.868982 -0.13934 0 0
0 0 846 1.18455 0.293894 -0.916442 -0.706066 0 0
0 0 847 -0.519506 -0.544507 1.18175 0.104564 0 0
0 0 848 -0.10205 0.38294 -0.451791 -0.186181 0 0
0 0 849 0.201217 0.710821 1.11668 -0.985444 0 0
0 0 850 -0.22809 -0.24613 -0.0691373 -0.758211 0 0
0 0 851 0.79088 0.306488 0.53284 -0.362213 0 0
0 0 852 -0.494464 0.38409 0.137983 1.57331 0 0
0 0 853 0.385239 -0.652668 -0.547323 0.212209 0 0
0 0 854 -0.104477 -0.324712 0.123515 -0.138831 0 0
0 0 855 -0.0511448 -0.128714 0.464357 -0.0839793 0 0
0 0 856 -0.737322 -0.125913 0.869404 0.954641 0 0
0 0 857 0.423357 -0.553757 0.850895 0.276342 0 0
0 0 858 0.0355258 -0.425944 0.111525 -0.385392 0 0
0 0 859 -0.0220707 0.201033 -1.15973 -0.041387 0 0
0 0 860 0.533107 -0.698093 -0.157604 0.260869 0 0
0 0 861 0.381746 0.313526 0.887472 -0.904751 0 0
0 0 862 -0.0653821 -0.999864 -0.0365052 0.0384546 0 0
0 0 863 0.18733 -0.0806057 -0.465664 -0.224472 0 0
0 0 864 0.203157 0.159907 0.642792 -0.181716 0 0
0 0 865 0.465699 -0.633612 -0.0189139 -0.801438 0 0
0 0 866 0.530417 0.0760721 -0.314574 0.306114 0 0
0 0 867 0.0235353 0.435147 0.681541 0.604802 0 0
0 0 868 0.321081 0.701303 1.03026 -0.513844 0 0
0 0 869 0.364817 -0.561628 -0.125211 0.485884 0 0
0 0 870 0.662095 -0.062252 1.24658 -0.44299 0 0
0 0 871 0.247622 0.711013 1.01339 0.0134759 0 0
0 0 872 0.548255 -0.0452118 -0.0660283 -0.71647 0 0
0 0 873 0.301202 1.01053 -0.3556 0.15472 0 0
0 0 874 0.0998579 -0.804291 -0.00129064 -0.130285 0 0
0 0 875 0.742701 0.51906 0.742677 0.742929 0 0
0 0 876 -0.00252846 -0.875076 0.794528 0.184154 0 0
0 0 877 -0.311881 -1.62353 0.225866 -0.220028 0 0
0 0 878 0.739954 -0.908574 0.386007 0.295864 0 0
0 0 879 0.781558 -0.356484 0.486141 0.0279194 0 0
0 0 880 0.380437 0.35875 0.288629 0.339275 0 0
0 0 881 0.401657 0.462084 0.169402 0.0332693 0 0
0 0 882 1.01842 -0.455873 0.247178 0.0233839 0 0
0 0 883 0.537959 0.400173 -0.312383 -0.838036 0 0
0 0 884 0.174566 -0.261343 -0.0103195 0.313179 0 0
0 0 885 0.424377 0.607486 0.751108 -0.101633 0 0
0 0 886 0.49397 -0.4214 0.740158 -0.805722 0 0
0 0 887 0.861622 -0.109124 -0.615824 0.190041 0 0
0 0 888 0.992714 0.463644 0.564488 -0.0399945 0 0
0 0 889 0.442883 0.82673 0.836242 0.00837244 0 0
0 0 890 0.148993 0.969469 0.0888772 -0.900654 0 0
0 0 891 0.0282137 -0.360202 -0.963792 0.751779 0 0
0 0 892 0.318847 -0.328782 -0.395739 0.603058 0 0
0 0 893 0.0600682 0.051488 -0.171055 0.020913 0 0
0 0 894 0.416291 -0.106537 0.499231 0.492536 0 0
0 0 895 0.763218 0.180056 0.215079 0.346993 0 0
0 0 896 -0.159106 0.0404055 -0.72123 0.469297 0 0
0 0 897 1.22249 0.289727 -0.225122 0.568394 0 0
0 0 898 0.824334 0.877507 -0.109522 -0.534213 0 0
0 0 899 0.377375 -0.315111 -0.847515 -0.277614 0 0
0 0 900 -0.266143 0.756551 0.061448 0.772188 0 0
0 0 901 -0.153208 -0.751317 -0.141731 0.122772 0 0
0 0 902 1.10501 -0.534138 0.826967 0.389 0 0
0 0 903 1.25122 -0.263517 0.0567746 -0.49913 0 0
0 0 904 1.76707 -0.501276 0.648309 0.126734 0 0
0 0 905 0.380224 0.141625 -0.861851 -0.0787567 0 0
0 0 906 0.243705 0.42385 0.0982629 0.538821 0 0
0 0 907 0.743902 0.280384 0.830621 0.621232 0 0
0 0 908 1.37946 -0.790063 -0.20914 -0.26298 0 0
0 0 909 0.69343 -0.0388577 0.490728 -0.0681449 0 0
0 0 910 -0.0973413 0.424402 -0.205797 0.999985 0 0
0 0 911 -0.681255 -0.118163 -0.141242 0.0259148 0 0
0 0 912 0.633304 -0.990282 0.670644 -0.60281 0 0
0 0 913 -0.583192 0.376877 0.409046 -0.784992 0 0
0 0 914 -0.143936 0.413578 0.0951057 0.187847 0 0
0 0 915 -0.335081 -0.27023 0.546837 -0.853851 0 0
0 0 916 0.694862 0.260232 0.603943 -0.0314283 0 0
0 0 917 0.146021 -0.395627 0.84277 0.360512 0 0
0 0 918 0.271157 -0.0832347 0.0759166 1.70223 0 0
0 0 919 0.516904 0.39011 -0.467733 -0.725622 0 0
0 0 920 0.324616 -0.622527 -0.422896 1.11122 0 0
0 0 921 -0.36144 0.481652 -0.923557 0.222019 0 0
0 0 922 -0.0284815 -0.146798 -0.295194 0.532046 0 0
0 0 923 0.874659 -0.382668 0.488049 1.3254 0 0
0 0 924 0.243445 0.325724 0.570614 0.552532 0 0
0 0 925 -0.24424 -0.42939 -0.36369 0.308202 0 0
0 0 926 -0.576332 0.55177 0.729435 0.108035 0 0
0 0 927 -0.829167 -0.431977 -0.461967 0.149427 0 0
0 0 928 0.438673 -0.0230303 0.0331045 -0.442451 0 0
0 0 929 -0.0480223 -0.349967 -1.04059 -0.0452696 0 0
0 0 930 1.35777 -0.19204 -0.582768 -0.326441 0 0
0 0 931 1.18238 0.343203 -0.289678 0.456812 0 0
0 0 932 -0.0199173 -0.259238 0.164814 -0.425428 0 0
0 0 933 0.311292 -1.0695 0.320076 -0.519033 0 0
0 0 934 0.292887 0.00603467 0.656319 -0.0644924 0 0
0 0 935 -0.0718465 0.473009 0.0681915 0.873718 0 0
0 0 936 -0.0203633 -0.275403 0.287429 0.124166 0 0
0 0 937 -0.838808 -0.730661 -0.6241 -0.378724 0 0
0 0 938 0.755215 -1.31958 0.886005 0.291733 0 0
0 0 939 0.474102 -0.887766 0.349444 -0.835892 0 0
0 0 940 -0.0237807 0.206727 -0.0398132 0.422256 0 0
0 0 941 -0.0232763 -0.401873 0.696365 0.17737 0 0
0 0 942 0.696579 -0.467671 0.102376 0.190906 0 0
0 0 943 0.167228 0.0510223 -1.08961 1.13502 0 0
0 0 944 0.747561 0.99645 0.641545 -0.669504 0 0
0 0 945 0.715121 -0.293657 0.517853 -0.0214099 0 0
0 0 946 -0.286061 0.239344 -0.695352 -0.423463 0 0
0 0 947 -1.05756 -0.712636 -0.553811 0.195486 0 0
0 0 948 -0.789957 0.587212 -0.209869 0.621767 0 0
0 0 949 -0.503152 0.217464 -0.979451 -0.745429 0 0
0 0 950 0.484816 0.374573 -0.876893 0.0254858 0 0
0 0 951 0.396913 -0.378083 -0.00482745 -0.131998 0 0
0 0 952 -0.244349 -0.498283 -0.628597 0.0517593 0 0
0 0 953 0.804774 0.0879461 -0.609196 0.561065 0 0
0 0 954 0.795539 0.33765 0.213369 -0.234018 0 0
0 0 955 0.0293316 -0.146693 -0.462554 -0.0453626 0 0
0 0 956 0.0716529 -0.725839 0.395288 -0.127574 0 0
0 0 957 0.475623 -0.0589778 0.592869 0.475681 0 0
0 0 958 -0.936538 0.827683 -0.0485947 0.155741 0 0
0 0 959 0.293113 0.10702 -0.406627 0.0481914 0 0
0 0 960 0.92186 -0.721233 0.772581 0.657012 0 0
0 0 961 -0.71876 -0.098097 0.542154 0.0166213 0 0
0 0 962 0.578963 -0.804712 0.338414 0.237884 0 0
0 0 963 0.419674 -0.00329445 0.396925 0.824856 0 0
0 0 964 -0.494534 -0.404103 -0.328826 0.424878 0 0
0 0 965 -0.982585 -0.303308 -0.331501 0.229071 0 0
0 0 966 0.112909 0.25978 0.353799 0.119991 0 0
0 0 967 0.0950409 -0.75895 -0.274874 -0.773452 0 0
0 0 968 -0.407558 0.801444 -0.0180244 -0.196354 0 0
0 0 969 0.482886 0.151059 -0.329641 -0.988236 0 0
0 0 970 0.483054 -0.0250496 -1.43699 0.212568 0 0
0 0 971 0.814426 -0.226177 0.219543 -0.501679 0 0
0 0 972 -0.534102 -0.916952 0.0316328 -0.186258 0 0
0 0 973 -0.20395 -0.206155 -0.269899 0.147813 0 0
0 0 974 1.17773 0.0843926 0.87531 0.0370275 0 0
0 0 975 -0.832234 -0.00598079 0.0172138 -0.253205 0 0
0 0 976 -0.101694 0.63163 0.484287 -0.120279 0 0
0 0 977 0.862854 -0.296673 0.184797 0.786041 0 0
0 0 978 0.413013 -0.0104622 -0.424078 -0.087195 0 0
0 0 979 -0.106595 0.278677 0.309512 0.430198 0 0
0 0 980 0.653889 0.0282542 -1.52602 -0.281139 0 0
0 0 981 0.639291 -0.453972 -0.171013 -0.406967 0 0
0 0 982 1.28774 -0.0918202 0.155313 0.395467 0 0
0 0 983 0.690935 0.145993 0.817899 0.363133 0 0
0 0 984 -0.342651 -0.431463 -1.12253 -0.164039 0 0
0 0 985 0.113247 -0.319937 0.785281 -0.53754 0 0
0 0 986 0.57229 -0.290223 0.766276 -0.869061 0 0
0 0 987 0.0955516 0.517527 0.323785 1.12932 0 0
0 0 988 -0.371181 1.0903 -0.207172 0.193252 0 0
0 0 989 0.163915 -0.211249 -0.280318 -1.04859 0 0
0 0 990 -0.158863 -0.106236 0.88539 0.47416 0 0
0 0 991 0.454412 -0.471342 -0.182066 0.17234 0 0
0 0 992 0.177731 0.0267751 0.0972752 0.252859 0 0
0 0 993 0.214782 -0.641974 0.263379 -0.295319 0 0
0 0 994 -0.392623 0.821826 -0.690697 0.0479591 0 0
0 0 995 -0.206779 -0.329511 0.0388775 -0.885878 0 0
0 0 996 -0.0515444 0.396115 0.0765424 0.227588 0 0
0 0 997 -0.229483 0.510516 0.358803 -0.0805602 0 0
0 0 998 -0.939247 -0.230749 -0.790318 -0.394286 0 0
0 0 999 0.0742074 -0.79332 -1.02131 0.359331 0 0
0 0 1000 0.0939635 -0.412023 1.02637 -0.331479 0 0
0 0 1001 0.435124 0.046705 -0.457245 0.404259 0 0
0 0 1002 0.237539 0.240654 0.23439 -0.385664 0 0
0 0 1003 0.264885 -0.115879 0.111824 -0.267991 0 0
0 0 1004 -0.321223 -0.0245493 -0.554451 -0.800424 0 0
0 0 1005 -0.189407 0.0444476 0.402207 0.546538 0 0
0 0 1006 -0.566842 0.364216 -0.699928 0.185179 0 0
0 0 1007 0.497473 -0.202357 0.326699 0.184076 0 0
0 0 1008 0.382798 0.152546 0.487234 -0.951681 0 0
0 0 1009 -0.160347 -0.341217 -1.34086 -0.490771 0 0
0 0 1010 0.312957 -0.410228 -0.0361335 0.0223669 0 0
0 0 1011 -0.235798 0.467975 0.287109 -0.122283 0 0
0 0 1012 -0.962452 -0.399065 -0.00708656 -0.80919 0 0
0 0 1013 -0.358974 -1.38488 -0.0350461 0.21128 0 0
0 0 1014 0.564864 -0.678521 0.717104 0.17238 0 0
0 0 1015 -0.0549348 -0.832583 0.452938 0.0806141 0 0
0 0 1016 0.0452413 -0.53392 0.11386 -0.0104841 0 0
0 0 1017 0.0757355 0.0993553 0.58096 -0.759984 0 0
0 0 1018 0.231775 -0.188141 -0.381852 0.00453256 0 0
0 0 1019 0.507794 0.621409 -0.698592 -0.463834 0 0
0 0 1020 0.109418 0.136672 0.0684432 -0.157022 0 0
0 0 1021 -0.0559139 0.365358 -0.113655 -0.443658 0 0
0 0 1022 0.0988711 0.653243 0.476661 1.17496 0 0
0 0 1023 -0.361404 0.261341 -0.953633 0.692175 0 0
