# File: uwl_230415_191537_Combined.rf.sbH2.RMC_aux Src: J1713+0747 Nsub: 1 Nch: 1 Npol: 4 Nbin: 1024 RMS: 0.414137
0 0 0 0.0692326 0.171258 -0.351007 0.565472 0 0
0 0 1 0.764777 0.190226 0.633236 -0.537789 0 0
0 0 2 0.130932 0.630455 0.161083 -0.0241225 0 0
0 0 3 -0.144674 0.890943 0.68607 0.00849304 0 0
0 0 4 0.960106 -0.247044 0.440447 0.506087 0 0
0 0 5 0.455302 -0.23929 -0.271884 0.166582 0 0
0 0 6 1.07024 -1.03936 0.341371 -0.51982 0 0
0 0 7 0.713275 -0.322512 -0.0696133 -0.349227 0 0
0 0 8 0.109292 0.370049 -0.146721 0.56999 0 0
0 0 9 0.567162 -0.214082 0.388039 -0.669389 0 0
0 0 10 0.615916 -0.460087 0.318314 -0.4319 0 0
0 0 11 -0.355269 -0.665773 0.708453 -0.573643 0 0
0 0 12 0.298881 0.064483 1.01453 0.0699128 0 0
0 0 13 0.899264 -0.435264 0.376174 0.606215 0 0
0 0 14 0.277979 -0.00879367 0.536446 0.188472 0 0
0 0 15 1.02987 -0.249705 0.879671 -0.257394 0 0
0 0 16 0.215168 0.278757 0.427682 0.268355 0 0
0 0 17 0.921924 -0.752411 0.641644 0.544583 0 0
0 0 18 1.74313 -0.0740895 1.07494 -0.159867 0 0
0 0 19 0.929509 0.397983 0.897013 -0.0171159 0 0
0 0 20 0.683527 0.141077 0.684024 0.297808 0 0
0 0 21 1.38135 0.330227 0.65925 -0.133563 0 0
0 0 22 1.00097 -0.0131612 0.943567 -0.072871 0 0
0 0 23 1.2916 0.284607 0.885931 0.270012 0 0
0 0 24 1.06691 0.425459 0.591509 -0.00723524 0 0
0 0 25 1.30487 -0.35333 0.26784 -0.31575 0 0
0 0 26 2.03856 0.181325 0.452315 0.0221343 0 0
0 0 27 0.781202 -0.345897 1.0722 -0.315487 0 0
0 0 28 0.943845 -0.272649 0.605623 -0.207236 0 0
0 0 29 2.15417 0.499766 0.239118 0.172138 0 0
0 0 30 1.9033 -0.607516 1.33513 -0.0359844 57.2333 8.4339
0 0 31 1.26382 0.502419 0.216165 -0.925991 0 0
0 0 32 0.979687 0.342158 -0.509955 -0.600739 0 0
0 0 33 2.23511 0.150971 1.08237 0.260407 0 0
0 0 34 1.83951 0.518779 1.15056 -1.01225 0 0
0 0 35 2.2435 -0.140371 0.257755 -0.00295442 0 0
0 0 36 1.26843 -0.509418 0.978506 -0.877264 0 0
0 0 37 1.21543 -0.317802 0.700598 -0.30886 0 0
0 0 38 1.82902 -0.255718 1.40425 -0.243223 50.1603 8.86763
0 0 39 0.735631 -0.205219 0.907551 -0.57831 0 0
0 0 40 0.898896 -0.100718 -0.00301257 0.209583 0 0
0 0 41 1.22515 -0.413625 0.768633 -0.853888 0 0
0 0 42 1.24252 -0.245835 0.186992 -0.566352 0 0
0 0 43 1.22824 -0.494552 1.49211 0.0393209 54.1687 7.96526
0 0 44 1.97401 -0.708327 0.775205 -0.112937 0 0
0 0 45 1.4548 -0.0796505 0.863031 0.153187 0 0
0 0 46 1.87029 -0.413058 0.656974 0.373637 0 0
0 0 47 1.36456 0.209695 1.31192 0.171347 0 0
0 0 48 1.46988 -0.134328 0.340171 -0.716244 0 0
0 0 49 2.61426 0.608566 1.13948 -0.194074 0 0
0 0 50 2.05577 -0.0882888 0.495628 -0.0630269 0 0
0 0 51 2.01971 -0.1596 0.956889 0.44144 0 0
0 0 52 1.35422 -0.407428 1.00256 -0.693526 0 0
0 0 53 0.84811 0.522552 1.00702 -0.328542 0 0
0 0 54 0.973609 -0.0148358 0.729997 -0.461592 0 0
0 0 55 0.85738 -0.490189 1.84606 -0.225703 52.4354 6.59075
0 0 56 0.450307 0.0259212 0.79529 -0.643914 0 0
0 0 57 1.62964 0.127433 0.424983 0.0306128 0 0
0 0 58 0.562654 0.310778 0.710914 0.315759 0 0
0 0 59 1.26543 -0.0151526 0.202294 0.186722 0 0
0 0 60 0.430782 0.323999 0.333782 -0.370222 0 0
0 0 61 -0.503366 -0.161755 -0.0164068 0.298996 0 0
0 0 62 0.106932 -0.198924 0.556871 -0.183431 0 0
0 0 63 -0.382908 -0.326478 -0.325535 -0.3422 0 0
0 0 64 0.346156 0.260971 0.884509 -0.416201 0 0
0 0 65 0.494493 0.776652 -0.00995573 0.478645 0 0
0 0 66 -0.274225 -0.308391 0.210504 0.683757 0 0
0 0 67 0.217275 -0.174647 0.22425 0.0589638 0 0
0 0 68 0.835046 -0.272486 0.98488 -0.541212 0 0
0 0 69 0.112119 -0.240468 0.24211 0.483489 0 0
0 0 70 1.12168 -0.230443 0.922408 0.0111411 0 0
0 0 71 0.111558 -0.632803 -0.604032 0.534416 0 0
0 0 72 0.538656 -0.314524 0.133656 -0.185049 0 0
0 0 73 -0.103022 0.862919 0.484919 0.579221 0 0
0 0 74 0.0950505 0.521724 0.650606 0.511212 0 0
0 0 75 0.747458 -0.715107 0.0886667 0.0395089 0 0
0 0 76 0.571129 0.626055 0.411215 0.246839 0 0
0 0 77 0.338114 0.195682 0.115516 0.150805 0 0
0 0 78 0.482634 -0.123531 0.837555 -0.599953 0 0
0 0 79 0.211916 -0.218504 0.105087 0.252305 0 0
0 0 80 0.15334 -0.32107 0.386708 0.47251 0 0
0 0 81 -0.278737 -0.384338 1.02 -0.381295 0 0
0 0 82 -0.117065 -0.834501 -0.310789 -0.354749 0 0
0 0 83 -0.333074 -0.172891 0.0378845 -0.356887 0 0
0 0 84 0.578269 -0.292115 -0.0501965 0.0641085 0 0
0 0 85 0.603755 -0.0990169 -0.39808 -0.334919 0 0
0 0 86 -0.582415 -0.375591 -1.20873 0.475148 0 0
0 0 87 -0.252735 -0.376394 -0.232355 -0.0531721 0 0
0 0 88 0.176233 0.00589214 -0.178978 -0.468339 0 0
0 0 89 0.269123 0.244476 -0.175837 0.0322336 0 0
0 0 90 -0.285188 0.322398 0.316463 0.716622 0 0
0 0 91 0.39323 -0.373009 0.0986518 -0.143759 0 0
0 0 92 -0.198765 -1.25763 -0.193193 0.29495 0 0
0 0 93 -0.0923211 0.449933 -0.283363 -0.116666 0 0
0 0 94 -0.0446178 -0.522921 -0.417144 -0.798295 0 0
0 0 95 0.591255 0.347399 0.965249 -0.0768559 0 0
0 0 96 0.290417 -0.603648 0.397457 0.436907 0 0
0 0 97 0.384818 -0.238953 0.220925 0.0290181 0 0
0 0 98 0.287602 0.0420478 0.270307 0.461541 0 0
0 0 99 0.0739047 0.735582 0.377941 0.915276 0 0
0 0 100 0.518193 0.4885 0.345345 -0.257791 0 0
0 0 101 0.496966 0.24616 0.163589 0.252624 0 0
0 0 102 0.557751 -0.201724 -0.021188 -0.346919 0 0
0 0 103 0.516903 0.195788 0.514977 0.205428 0 0
0 0 104 0.155114 -0.857744 -1.12642 -0.317863 -63.6443 8.44665
0 0 105 0.417077 -0.0682074 -0.623135 -0.0333697 0 0
0 0 106 0.240844 -0.00875582 -0.24237 -0.657188 0 0
0 0 107 0.101876 -0.673017 0.0454224 0.287997 0 0
0 0 108 0.688651 0.0810042 -0.494899 -0.795017 0 0
0 0 109 -0.447677 -0.320771 0.224475 -0.48123 0 0
0 0 110 0.102882 0.132202 0.180541 -0.152128 0 0
0 0 111 -0.0463448 0.226446 -0.319645 0.222263 0 0
0 0 112 0.290958 -0.209204 -0.685211 0.807544 0 0
0 0 113 0.519985 0.767335 0.089121 -0.125354 0 0
0 0 114 -0.434957 -0.155018 0.418088 -0.170655 0 0
0 0 115 0.0200406 0.183619 -0.0724422 -0.29534 0 0
0 0 116 0.118158 -0.275492 -0.0743106 -0.520044 0 0
0 0 117 -0.301606 0.089485 0.397766 0.100886 0 0
0 0 118 0.220172 -0.463671 0.230928 0.298645 0 0
0 0 119 0.294877 -0.118651 0.0882333 0.398704 0 0
0 0 120 -0.740342 -0.66672 -0.685538 -0.26584 0 0
0 0 121 -0.92881 0.267532 0.240295 0.346171 0 0
0 0 122 -0.129491 0.169361 0.129396 -0.280968 0 0
0 0 123 -0.148494 -0.779324 0.0240105 -0.105115 0 0
0 0 124 -0.247237 -0.530925 -0.0618295 -0.373663 0 0
0 0 125 -0.337802 -0.101062 -0.239232 -0.0511448 0 0
0 0 126 0.512102 -0.267268 0.46442 -0.614267 0 0
0 0 127 -0.878217 -0.708958 0.44857 -0.465746 0 0
0 0 128 -0.510229 0.582902 0.330578 -0.0809526 0 0
0 0 129 0.160856 0.452734 0.213757 -0.642611 0 0
0 0 130 -0.576988 -0.736137 -0.272806 -0.0726059 0 0
0 0 131 -0.529982 -0.33111 -0.513847 0.230172 0 0
0 0 132 -0.00853354 1.14217 0.137509 0.266864 0 0
0 0 133 0.683363 0.04551 0.0722094 -0.328702 0 0
0 0 134 -0.0703235 -0.302599 -0.107361 0.190753 0 0
0 0 135 -0.0956849 0.713114 -0.0991569 0.0938768 0 0
0 0 136 -0.968402 0.12708 0.372959 0.547079 0 0
0 0 137 -0.0914349 -0.494502 -0.275511 -0.0393334 0 0
0 0 138 0.0371731 -0.0299668 -0.362059 0.516247 0 0
0 0 139 0.893782 -0.253426 -0.139408 0.806656 0 0
0 0 140 -0.230203 0.0231308 -0.115202 -0.550712 0 0
0 0 141 -0.0248557 0.361478 1.18426 -0.0969911 0 0
0 0 142 -0.222846 0.344371 0.00684772 0.837366 0 0
0 0 143 0.334092 0.522478 0.517343 0.0874679 0 0
0 0 144 0.303922 0.0654876 0.36439 0.677131 0 0
0 0 145 -0.673859 -0.219596 -0.218042 0.747952 0 0
0 0 146 -0.136341 0.306579 0.219569 -0.0850893 0 0
0 0 147 0.730761 -0.159054 0.317991 -0.597311 0 0
0 0 148 0.355951 0.722886 -0.0940153 0.153855 0 0
0 0 149 0.214517 -0.144472 0.00733401 0.092278 0 0
0 0 150 -0.0490351 -0.344698 -0.240113 0.136503 0 0
0 0 151 0.611963 0.0929823 -0.144392 -0.353435 0 0
0 0 152 -0.288149 0.248831 -0.125092 -0.302803 0 0
0 0 153 0.00769361 0.055868 0.0397881 -0.787337 0 0
0 0 154 -0.0233813 0.328583 0.353076 -0.173058 0 0
0 0 155 -0.245099 -1.23392 0.3115 -0.518095 0 0
0 0 156 -0.00907324 0.382019 0.027026 -0.0265198 0 0
0 0 157 0.16026 -0.255377 0.38546 -0.0930186 0 0
0 0 158 -0.137661 -0.481777 0.374568 -0.393974 0 0
0 0 159 -0.236828 -0.00827968 0.253416 -0.0640795 0 0
0 0 160 -0.081188 0.29664 0.366253 0.462706 0 0
0 0 161 -0.258539 -0.129446 -0.132517 -0.460298 0 0
0 0 162 0.162986 0.162742 0.0991753 -0.215939 0 0
0 0 163 0.116553 0.643219 -0.0143871 0.65497 0 0
0 0 164 0.0501645 0.13534 -0.379953 -0.298342 0 0
0 0 165 -0.27319 -0.041214 -0.445938 0.834976 0 0
0 0 166 -0.21001 -0.151911 -0.105524 -0.496921 0 0
0 0 167 -0.275893 0.380108 0.365169 0.0435727 0 0
0 0 168 -0.346639 -0.783512 -0.428366 -0.271095 0 0
0 0 169 -0.388485 -0.134147 0.179842 0.222129 0 0
0 0 170 -0.692291 -0.0695022 -0.052309 0.0284603 0 0
0 0 171 1.39511 -0.108328 -0.246255 0.404904 0 0
0 0 172 -0.888128 -0.0895181 0.0117716 -0.367776 0 0
0 0 173 0.077226 -0.0866119 -0.286683 0.00548255 0 0
0 0 174 -0.423304 0.0448744 -0.311874 0.182078 0 0
0 0 175 0.35794 -0.32086 -0.0320299 -0.023785 0 0
0 0 176 0.528004 0.0586038 0.102825 -0.54264 0 0
0 0 177 -0.0575755 -0.935042 -0.136451 0.409416 0 0
0 0 178 -0.431747 0.517151 0.617576 -0.140139 0 0
0 0 179 -0.0546412 -0.243574 0.561884 -0.645748 0 0
0 0 180 0.612631 -0.0345446 -0.0212392 1.00909 0 0
0 0 181 0.35168 -0.198191 0.196237 -0.0973437 0 0
0 0 182 0.058307 -0.168883 -0.263195 0.568473 0 0
0 0 183 0.505357 0.57329 0.725314 0.147564 0 0
0 0 184 0.330374 -0.286955 0.15632 0.0665906 0 0
0 0 185 0.25928 -0.0328402 0.939969 0.242998 0 0
0 0 186 -0.269908 0.354481 0.188315 0.389761 0 0
0 0 187 -0.0404343 -0.373663 0.841143 0.160347 0 0
0 0 188 -0.233323 -0.637204 0.042215 0.619071 0 0
0 0 189 -0.496179 0.307326 0.240671 0.445763 0 0
0 0 190 0.428077 -0.289732 -0.249728 0.849423 0 0
0 0 191 -0.0987985 0.538057 0.70518 -0.228012 0 0
0 0 192 -0.417559 -0.097703 0.258041 -0.283716 0 0
0 0 193 0.261468 -0.467123 -0.187981 0.0483702 0 0
0 0 194 0.589012 -0.192553 0.198965 -0.843352 0 0
0 0 195 0.103721 -0.626538 -0.383262 -0.0410916 0 0
0 0 196 0.246156 -0.497899 0.174803 -0.18105 0 0
0 0 197 0.177124 -0.0526008 -0.451682 -0.397734 0 0
0 0 198 0.483498 0.207835 0.01129 0.402012 0 0
0 0 199 0.712149 0.582845 0.837362 0.585382 0 0
0 0 200 -0.775084 -0.492967 -0.553944 -0.0297046 0 0
0 0 201 -0.328104 -0.605703 0.0601546 0.408372 0 0
0 0 202 -0.620143 -0.201222 -0.692049 0.18231 0 0
0 0 203 -0.743406 -0.00283384 -0.602609 0.320945 0 0
0 0 204 0.630602 -0.326803 -0.386815 -0.300736 0 0
0 0 205 0.270762 -0.12061 0.309687 0.272795 0 0
0 0 206 0.580334 1.02646 -0.242681 -0.793692 0 0
0 0 207 0.380158 0.112264 0.312235 -0.164029 0 0
0 0 208 0.619038 -0.0104665 0.156516 -0.554684 0 0
0 0 209 0.401439 -0.628093 -0.745301 0.101515 0 0
0 0 210 0.209202 0.435362 0.812171 -0.0765621 0 0
0 0 211 0.0150639 0.567991 0.549418 0.115436 0 0
0 0 212 0.488921 -0.234757 0.028104 -0.295617 0 0
0 0 213 -0.362976 0.00312144 0.434889 0.405057 0 0
0 0 214 -0.143228 -0.230595 0.389596 0.336107 0 0
0 0 215 0.399478 0.210229 -0.606248 0.576616 0 0
0 0 216 -0.212968 -0.0285414 0.0835322 0.497983 0 0
0 0 217 0.449577 0.427715 -0.077645 -0.376345 0 0
0 0 218 0.97669 0.346896 -0.229493 -0.180718 0 0
0 0 219 0.0981618 0.0812005 0.295753 -0.180438 0 0
0 0 220 0.691238 0.644588 -0.226766 -0.363898 0 0
0 0 221 -0.0167303 0.755018 0.42751 -0.0721548 0 0
0 0 222 -0.425373 -0.189989 0.499959 -0.750902 0 0
0 0 223 -0.475469 -0.25471 -0.453891 -0.465024 0 0
0 0 224 0.352194 -0.432576 0.592349 0.292176 0 0
0 0 225 -0.533532 -0.285531 -0.130745 0.71511 0 0
0 0 226 0.322948 0.717285 -0.582486 -0.282588 0 0
0 0 227 -0.030707 -0.0755701 -0.157115 -0.496277 0 0
0 0 228 -0.220428 -1.01267 -0.35745 -0.206725 0 0
0 0 229 0.331859 0.321694 -0.188746 0.481881 0 0
0 0 230 0.156109 -0.289875 0.521624 -0.207727 0 0
0 0 231 0.454665 0.200181 0.702495 0.0197934 0 0
0 0 232 -0.104411 0.11656 -0.746602 0.648208 0 0
0 0 233 0.524805 0.299038 -0.153847 -0.0787881 0 0
0 0 234 -0.235637 -0.099951 0.131399 0.358732 0 0
0 0 235 1.18079 0.272953 0.169118 0.540371 0 0
0 0 236 0.408914 0.0732506 -0.108405 -0.182056 0 0
0 0 237 -0.242815 -0.0677615 0.294964 -0.198102 0 0
0 0 238 0.0697508 -0.339906 -0.333928 -0.186539 0 0
0 0 239 0.717581 0.258301 -0.13708 -0.596853 0 0
0 0 240 -0.413951 -0.129848 -0.700526 0.141382 0 0
0 0 241 -0.229709 0.0689102 0.014323 -0.543835 0 0
0 0 242 0.211705 0.0827277 -0.883177 -1.50509 0 0
0 0 243 -0.181015 -0.958189 0.782202 0.179627 0 0
0 0 244 0.105578 -0.642757 1.02292 0.422097 0 0
0 0 245 0.117626 -0.245195 1.24898 0.245114 0 0
0 0 246 -0.248054 -0.408074 0.755036 0.0460357 0 0
0 0 247 -0.110218 -0.603057 0.37929 0.0580539 0 0
0 0 248 0.723609 -0.757151 0.0996391 0.301809 0 0
0 0 249 -0.334031 -0.616091 -0.0335469 -0.310225 0 0
0 0 250 0.312411 0.0978564 0.204108 0.627822 0 0
0 0 251 0.324513 0.370145 0.0336657 -0.707523 0 0
0 0 252 0.0896772 -0.351746 0.160459 0.0798063 0 0
0 0 253 0.684326 0.126682 -0.216423 -0.0180819 0 0
0 0 254 -0.0733772 -0.30414 0.251173 0.0706883 0 0
0 0 255 0.24596 0.176899 -0.752114 -0.67966 0 0
0 0 256 -0.39367 -0.356894 0.298452 0.321468 0 0
0 0 257 -0.11422 -0.254428 0.39906 -0.0129236 0 0
0 0 258 0.227059 -0.111073 0.265637 0.78272 0 0
0 0 259 -0.411497 -0.349145 0.460041 -0.02059 0 0
0 0 260 0.70834 -0.239624 0.166062 -0.0264304 0 0
0 0 261 0.106612 -0.416607 0.308721 0.321738 0 0
0 0 262 0.624505 -0.0130933 0.058644 -0.0817082 0 0
0 0 263 0.117191 -0.374316 -0.0954617 0.506877 0 0
0 0 264 0.478533 0.276849 0.161403 -0.258168 0 0
0 0 265 0.729753 0.0360709 -0.894076 -0.412491 0 0
0 0 266 -0.376799 -0.00708918 0.270274 0.564943 0 0
0 0 267 0.270531 -0.474263 0.210392 0.149346 0 0
0 0 268 -0.390642 0.448842 -0.351293 0.530417 0 0
0 0 269 0.155316 0.805327 -0.157727 -0.515141 0 0
0 0 270 0.261948 -0.383859 0.330865 -0.0745939 0 0
0 0 271 0.773349 -0.0512478 0.517501 0.133108 0 0
0 0 272 -0.0519856 0.711373 0.0988921 0.687857 0 0
0 0 273 0.28511 -0.168288 -0.032176 0.0113204 0 0
0 0 274 0.443952 0.19579 -0.454596 -0.467029 0 0
0 0 275 0.585553 0.593533 0.534062 -0.16277 0 0
0 0 276 -0.70787 -0.32953 0.81934 0.178164 0 0
0 0 277 -0.200634 0.785587 0.634059 0.328955 0 0
0 0 278 -0.174893 -0.0141254 0.0782791 -0.328966 0 0
0 0 279 0.527669 -0.445726 0.129343 -0.393535 0 0
0 0 280 0.401691 0.4614 0.90704 -1.32382 0 0
0 0 281 0.334692 0.214919 -0.292747 -0.055918 0 0
0 0 282 0.247793 0.459074 0.265112 0.913788 0 0
0 0 283 -0.0068554 -0.279242 -0.172556 0.305836 0 0
0 0 284 0.648379 -0.53557 0.438264 -0.40821 0 0
0 0 285 -0.0372337 0.802092 -0.0143765 -0.949833 0 0
0 0 286 0.0343072 0.834779 -0.120174 -0.195047 0 0
0 0 287 0.0069048 0.122108 0.738488 0.978986 0 0
0 0 288 -0.00880249 0.242384 -0.141002 0.425197 0 0
0 0 289 0.424494 -0.00900678 0.934715 -0.912049 0 0
0 0 290 0.37941 0.136803 0.0742274 -0.00267889 0 0
0 0 291 0.422611 -0.15132 0.355622 -0.324856 0 0
0 0 292 -0.0787432 0.224037 0.606924 0.174663 0 0
0 0 293 0.255089 -0.167891 -0.142816 -0.116076 0 0
0 0 294 0.135803 0.0413622 -0.121783 0.483185 0 0
0 0 295 -0.188126 0.894919 -0.0636537 -0.193895 0 0
0 0 296 0.491947 0.245875 0.0986279 -0.325529 0 0
0 0 297 1.11773 -0.165898 -0.233013 0.0848211 0 0
0 0 298 0.1224 -0.0671718 -0.424156 -0.328586 0 0
0 0 299 -0.161044 0.422483 -0.146461 0.357492 0 0
0 0 300 0.0253851 -0.451768 0.50549 -0.350821 0 0
0 0 301 -0.0820138 0.0992793 0.239895 -0.431431 0 0
0 0 302 0.889744 -0.000187188 1.00143 0.388523 0 0
0 0 303 0.848267 -0.61344 0.145734 -0.833422 0 0
0 0 304 -0.0277931 0.139724 0.25123 0.114803 0 0
0 0 305 -0.0674637 -0.078988 -0.246265 -0.448179 0 0
0 0 306 0.109853 -0.112653 0.242957 -0.0965904 0 0
0 0 307 0.78745 -0.336823 -0.0691739 0.839207 0 0
0 0 308 0.139334 -0.249453 0.440243 0.277723 0 0
0 0 309 0.143984 0.390144 0.0476408 0.13658 0 0
0 0 310 -0.0126073 0.0793942 -0.672913 0.0857086 0 0
0 0 311 -0.121231 0.420853 -0.736267 -0.614215 0 0
0 0 312 -0.322641 -0.46044 0.578015 0.455983 0 0
0 0 313 0.382522 0.0311621 -0.454871 -0.100292 0 0
0 0 314 0.712633 0.609156 -0.113391 -0.160848 0 0
0 0 315 0.0210873 0.248681 -0.139903 -0.240085 0 0
0 0 316 0.311729 -0.0772491 0.115213 -0.0246564 0 0
0 0 317 0.635521 0.0828543 0.179792 -0.0780356 0 0
0 0 318 0.328054 -0.044761 -0.68972 -0.000249525 0 0
0 0 319 -0.260295 -0.236721 0.488505 -0.606763 0 0
0 0 320 -0.466756 0.154228 -0.594557 -0.811531 0 0
0 0 321 -0.544412 0.249979 0.250056 -0.361452 0 0
0 0 322 0.0663434 -0.484961 -0.182053 -0.197308 0 0
0 0 323 0.164911 -0.19636 -0.525903 -0.394346 0 0
0 0 324 0.0244779 0.384006 -0.559081 -0.31937 0 0
0 0 325 0.437929 0.130298 0.745405 0.304547 0 0
0 0 326 0.328451 -0.299459 -0.289018 -0.0481227 0 0
0 0 327 -0.101589 0.184707 0.371911 -0.150153 0 0
0 0 328 -0.285333 -0.0555926 -0.258603 0.228572 0 0
0 0 329 0.235015 0.578852 0.865267 0.454019 0 0
0 0 330 -0.107148 0.0957427 0.0750312 0.698075 0 0
0 0 331 0.40552 0.580422 -0.228551 -0.0844938 0 0
0 0 332 0.139658 0.0547769 -0.0773026 0.233694 0 0
0 0 333 -0.370697 0.149197 -0.384165 0.279441 0 0
0 0 334 0.363076 -0.289043 -0.166217 0.79034 0 0
0 0 335 0.755757 0.136742 0.117708 -0.403742 0 0
0 0 336 0.00146562 -0.279042 -0.0463708 0.440441 0 0
0 0 337 -0.313772 0.1574 0.812556 -0.211183 0 0
0 0 338 0.0490649 -0.903419 -0.484651 0.0606652 0 0
0 0 339 0.480269 -0.924841 -0.253167 -0.437352 0 0
0 0 340 0.408561 0.26705 -0.122712 -0.611184 0 0
0 0 341 -1.06962 -0.249665 0.304834 -0.00178175 0 0
0 0 342 0.0191799 -0.377482 0.597559 0.827632 0 0
0 0 343 -0.465925 0.16831 -0.389331 -0.0350581 0 0
0 0 344 0.299093 0.0286927 0.558191 -0.308667 0 0
0 0 345 -0.496534 -0.269414 -0.0831906 -0.117796 0 0
0 0 346 -0.0424784 0.486886 0.263597 -0.415199 0 0
0 0 347 -0.162883 0.0739494 -0.298538 -0.87071 0 0
0 0 348 0.409302 -0.154646 0.42784 -0.0236447 0 0
0 0 349 0.231219 0.221417 -0.958069 -0.084873 0 0
0 0 350 -0.0454389 -0.602442 0.434215 -0.0861881 0 0
0 0 351 -0.326449 -0.303813 -0.292708 -0.392329 0 0
0 0 352 0.470989 -0.124038 -0.0090269 0.505915 0 0
0 0 353 -0.0929906 0.5962 -0.0680488 0.239073 0 0
0 0 354 -0.0871183 -0.975967 0.63176 -0.186276 0 0
0 0 355 -0.396018 -0.843265 0.364671 0.0836302 0 0
0 0 356 -0.152315 -0.108504 -0.109996 -0.574234 0 0
0 0 357 0.598359 0.372765 -0.250888 0.208722 0 0
0 0 358 -0.415275 0.297925 0.38482 0.092112 0 0
0 0 359 0.537271 0.303551 -0.0847597 0.29957 0 0
0 0 360 1.03464 0.444357 0.112338 0.0740528 0 0
0 0 361 1.24706 0.482011 0.353607 -0.741478 0 0
0 0 362 -0.187636 -0.0321695 0.285392 0.173974 0 0
0 0 363 -0.341411 0.162712 -0.242153 0.474137 0 0
0 0 364 -0.101161 -0.0139709 -0.68999 0.233223 0 0
0 0 365 0.196737 -0.435424 0.126765 -0.365035 0 0
0 0 366 0.136716 -0.646435 0.295301 -0.174991 0 0
0 0 367 0.0964878 -0.0930778 0.400448 -0.263496 0 0
0 0 368 0.112031 0.273354 0.256336 -0.0658654 0 0
0 0 369 -0.640342 -0.684323 -0.133752 0.398868 0 0
0 0 370 0.688128 0.316328 -0.270598 0.533701 0 0
0 0 371 0.256052 0.454831 -0.08671 -0.209102 0 0
0 0 372 -0.350766 -0.156183 0.151482 -0.605665 0 0
0 0 373 0.347851 -0.1088 0.271919 0.325166 0 0
0 0 374 0.146479 0.265954 1.04322 0.0748353 0 0
0 0 375 1.07003 -0.397512 0.765338 -0.386712 0 0
0 0 376 -0.160791 -0.488769 -0.254891 0.0985833 0 0
0 0 377 0.0464474 0.483097 -0.701666 -0.2477 0 0
0 0 378 0.197001 0.193628 0.557661 0.19763 0 0
0 0 379 0.481017 -0.178373 -0.00776915 0.474982 0 0
0 0 380 -0.300704 0.086999 0.318958 -0.115192 0 0
0 0 381 0.0569273 -0.643666 0.146939 -0.684891 0 0
0 0 382 -0.183385 -0.120042 -0.287308 0.70731 0 0
0 0 383 0.0850897 -0.191473 0.0316851 -0.567216 0 0
0 0 384 -0.15368 0.358501 0.329155 -0.814586 0 0
0 0 385 0.495578 1.50796 0.435119 -0.406361 8.0477 6.81714
0 0 386 -0.0882516 0.513103 0.188127 0.590911 0 0
0 0 387 -0.0581009 -0.133085 0.0700382 0.357981 0 0
0 0 388 0.200772 0.575576 -0.137617 0.7796 0 0
0 0 389 -0.237859 0.0456028 0.742305 -0.0196504 0 0
0 0 390 0.0737447 -0.182963 0.243522 0.0943369 0 0
0 0 391 0.391435 -0.651851 0.00665325 -0.942372 0 0
0 0 392 -0.362487 -0.0174982 -0.71056 0.420419 0 0
0 0 393 0.199419 -0.0593302 0.404579 -0.351823 0 0
0 0 394 0.183842 0.2493 0.321345 0.466108 0 0
0 0 395 -0.371293 0.357453 -0.521128 -0.00336957 0 0
0 0 396 -0.056601 -0.314838 0.158951 0.281823 0 0
0 0 397 0.0521718 -0.12485 -0.0310558 0.222469 0 0
0 0 398 -0.569384 -0.13824 -0.264353 -0.531844 0 0
0 0 399 -0.139811 0.731629 -0.308818 -0.166108 0 0
0 0 400 0.399847 1.12917 -0.763607 0.72592 -17.0344 8.25548
0 0 401 0.0743795 -0.0351243 0.13857 -0.69817 0 0
0 0 402 0.158797 -0.492269 0.196144 -0.233963 0 0
0 0 403 -0.253207 0.319819 -0.731286 0.254778 0 0
0 0 404 -0.295648 -0.0904877 -0.129504 -0.0756251 0 0
0 0 405 -0.524239 0.212953 -0.132646 0.427937 0 0
0 0 406 -0.137088 -0.463355 -0.686099 0.40802 0 0
0 0 407 0.145316 -0.360332 -0.359901 -0.323632 0 0
0 0 408 0.838119 0.154566 -0.2402 -0.204609 0 0
0 0 409 0.142525 0.0877514 -0.187172 0.154103 0 0
0 0 410 0.105568 0.15776 -0.175642 0.171145 0 0
0 0 411 0.360589 0.557992 0.39194 0.33265 0 0
0 0 412 0.164365 0.267025 0.35473 -0.057145 0 0
0 0 413 -0.0497685 0.177056 0.176551 -0.336085 0 0
0 0 414 -0.207127 -0.226548 -0.130967 -0.127051 0 0
0 0 415 0.00184333 -0.657054 -0.0326976 -0.37972 0 0
0 0 416 -0.270138 -0.787334 -0.152457 0.0129707 0 0
0 0 417 0.168372 0.669231 0.442698 -0.324108 0 0
0 0 418 0.0492905 -0.209692 0.432428 -0.238093 0 0
0 0 419 -0.795582 -0.237908 -0.0952324 -0.0342587 0 0
0 0 420 -0.135204 0.427296 0.0427213 -0.371615 0 0
0 0 421 0.253313 0.2727 0.00249566 0.24403 0 0
0 0 422 0.183737 0.479539 -0.432984 0.381171 0 0
0 0 423 0.466159 -0.158682 0.440159 0.0663921 0 0
0 0 424 0.127639 0.30735 0.158132 -0.0159488 0 0
0 0 425 0.642274 0.830899 0.0590134 -0.0957983 0 0
0 0 426 0.465104 0.266146 -0.160494 -0.190605 0 0
0 0 427 0.297663 -0.422354 -0.312427 -0.387715 0 0
0 0 428 0.1096 -0.448008 -0.0510129 0.391937 0 0
0 0 429 -0.488411 0.662458 -0.123251 0.473041 0 0
0 0 430 0.564661 -0.491272 -0.057998 0.153174 0 0
0 0 431 1.06314 0.423809 -0.104966 0.498476 0 0
0 0 432 -0.267022 -0.480881 -0.361352 0.222094 0 0
0 0 433 0.430878 0.220911 0.187993 -0.237823 0 0
0 0 434 -0.3745 -0.896348 -0.263402 -0.183281 0 0
0 0 435 -0.174514 -0.256297 0.183319 0.774355 0 0
0 0 436 0.283184 -0.332546 0.466758 0.569627 0 0
0 0 437 0.32676 0.349633 -0.0994806 0.0652231 0 0
0 0 438 0.146291 0.41914 0.616895 -0.0256986 0 0
0 0 439 -0.116677 -0.321814 0.230334 -0.304982 0 0
0 0 440 -0.592985 -0.43322 -0.15954 -0.478933 0 0
0 0 441 -0.506732 -0.139827 0.329404 -0.433506 0 0
0 0 442 -0.613785 -0.780464 -0.17953 -0.202624 0 0
0 0 443 -0.339063 -0.140811 0.297696 1.13466 0 0
0 0 444 -0.456464 0.590805 0.090358 0.485319 0 0
0 0 445 0.260416 -0.000119567 0.157476 -0.187674 0 0
0 0 446 0.25696 -0.529312 -0.123381 -0.668951 0 0
0 0 447 -0.792391 -0.40791 0.972149 -0.55185 0 0
0 0 448 0.191724 1.16703 0.314442 -0.0385876 0 0
0 0 449 0.365715 -0.0817488 -0.0956921 -0.868669 0 0
0 0 450 -0.0419572 -0.0288698 0.536079 -0.000957496 0 0
0 0 451 -0.282888 -0.0624756 0.350197 0.166191 0 0
0 0 452 -0.34894 -0.492694 -0.374426 0.291943 0 0
0 0 453 0.178434 -0.357776 0.673691 -0.337906 0 0
0 0 454 -0.691839 0.235241 -0.835629 0.631961 0 0
0 0 455 1.35164 0.161491 0.421747 1.27468 0 0
0 0 456 -0.264539 0.196258 -0.425816 -0.356228 0 0
0 0 457 0.0604396 0.0642052 -0.330933 0.241935 0 0
0 0 458 0.815174 0.244645 -0.518492 0.386733 0 0
0 0 459 -0.526955 -0.636944 -0.0514375 -0.0101247 0 0
0 0 460 0.386891 -0.236811 0.0032646 -0.438821 0 0
0 0 461 0.352852 -0.0960624 -0.837887 0.245211 0 0
0 0 462 -0.0617801 -0.102346 0.516682 -0.533702 0 0
0 0 463 0.0470065 0.115964 0.335677 0.329414 0 0
0 0 464 -0.0854399 0.163618 -0.241832 -0.266222 0 0
0 0 465 0.343952 -0.0142604 0.441939 -0.492632 0 0
0 0 466 0.618774 0.216404 0.246791 0.192259 0 0
0 0 467 -0.00357138 -0.39231 0.14956 -0.33644 0 0
0 0 468 0.792987 -0.284254 -0.105581 0.175875 0 0
0 0 469 0.582047 0.494864 0.039836 -0.549883 0 0
0 0 470 0.249612 0.05689 -0.506255 0.547679 0 0
0 0 471 -0.390126 -0.495649 0.112659 0.622562 0 0
0 0 472 -0.0703433 0.642057 -0.359807 -0.269039 0 0
0 0 473 0.142466 0.292125 -0.133375 0.117161 0 0
0 0 474 0.475034 0.298809 0.382757 0.288172 0 0
0 0 475 -0.429642 -0.193742 0.363393 -0.116556 0 0
0 0 476 0.487202 0.195276 0.701281 0.829235 0 0
0 0 477 0.509934 -0.136869 -0.503913 -0.199022 0 0
0 0 478 0.151791 0.128029 -0.169959 0.320328 0 0
0 0 479 -0.695119 0.761449 0.0415449 -0.139958 0 0
0 0 480 0.253118 -0.364703 0.312483 -0.109949 0 0
0 0 481 -0.27633 0.0717286 0.380417 0.0862368 0 0
0 0 482 -0.216036 -0.345547 -0.118331 0.0374544 0 0
0 0 483 0.204231 0.281663 -0.0555459 -0.135705 0 0
0 0 484 0.297106 -0.18481 -0.5457 -0.127407 0 0
0 0 485 -0.70204 -0.373902 -0.507841 -0.232298 0 0
0 0 486 0.214929 -0.98244 0.243209 -0.0894075 0 0
0 0 487 -0.00802897 -0.159979 -0.0448773 0.115566 0 0
0 0 488 -1.11556 -0.245073 -0.000181021 -0.0819098 0 0
0 0 489 -0.277744 -0.223006 0.0183436 -0.546726 0 0
0 0 490 0.510289 0.160631 -0.160059 -0.00298917 0 0
0 0 491 0.0163063 0.322028 -0.169005 0.214351 0 0
0 0 492 0.303948 1.02775 -0.133419 -0.516027 0 0
0 0 493 -0.0985604 -0.385973 -0.425981 -0.506613 0 0
0 0 494 0.473982 0.413697 0.0632063 -0.198451 0 0
0 0 495 0.492896 0.125052 -0.132061 -0.250729 0 0
0 0 496 -0.540893 -0.573733 0.8095 -0.172573 0 0
0 0 497 -0.589251 0.231295 -0.408508 0.179914 0 0
0 0 498 -0.160336 -0.0833799 0.40148 0.387488 0 0
0 0 499 -0.146771 -0.233733 0.20554 0.892669 0 0
0 0 500 -0.484441 0.13561 -0.197294 -0.36427 0 0
0 0 501 -0.56189 0.241845 -0.838218 -0.114293 0 0
0 0 502 0.50959 -0.228205 0.117471 0.170158 0 0
0 0 503 -0.071754 -0.814269 0.0813032 0.388159 0 0
0 0 504 -0.242778 -0.111738 0.289048 -1.0739 0 0
0 0 505 -0.428983 0.459945 0.402953 1.26411 0 0
0 0 506 0.238243 -0.669999 0.187676 0.602194 0 0
0 0 507 0.465623 0.167783 -0.148653 -0.089907 0 0
0 0 508 -0.244704 -1.3263 -1.06105 -0.292841 -70.67 6.72727
0 0 509 0.774555 -0.335814 0.555565 -0.298257 0 0
0 0 510 -0.0565939 0.475789 -0.514902 -0.287002 0 0
0 0 511 -0.206168 -0.169644 -0.554638 0.366035 0 0
0 0 512 -1.05449 0.18659 0.00529485 0.785055 0 0
0 0 513 -0.0987498 0.347483 0.584751 -0.946945 0 0
0 0 514 -0.0114907 0.690358 0.0937238 -0.349622 0 0
0 0 515 0.0976923 0.460639 -0.14369 0.427197 0 0
0 0 516 -0.515942 -0.865031 -0.199567 -0.275704 0 0
0 0 517 0.375759 -0.288411 0.103248 0.496372 0 0
0 0 518 -0.0575068 0.913217 -0.0443366 -0.285075 0 0
0 0 519 0.104262 0.558808 0.0181146 -0.149461 0 0
0 0 520 0.161066 -0.205314 0.193124 0.126761 0 0
0 0 521 -0.749998 -0.433507 0.096258 -0.0410127 0 0
0 0 522 -0.139686 0.486982 0.389483 0.333021 0 0
0 0 523 -0.413081 0.0651656 0.152671 0.242508 0 0
0 0 524 0.464368 0.0405393 -0.348737 -0.308384 0 0
0 0 525 -0.195592 0.277669 -0.148899 0.234599 0 0
0 0 526 -0.0988214 0.00444426 0.0840844 0.00843585 0 0
0 0 527 -0.49338 0.258012 -0.160768 -0.438801 0 0
0 0 528 0.078871 0.52147 0.502272 0.324226 0 0
0 0 529 0.428537 -0.31236 -0.33874 -0.261996 0 0
0 0 530 0.280123 0.193844 -0.323079 0.380496 0 0
0 0 531 0.194654 -0.184362 0.263077 0.317587 0 0
0 0 532 -0.194635 -0.584274 -0.0973272 -0.29335 0 0
0 0 533 -0.0799777 -0.175814 0.440309 -0.0334678 0 0
0 0 534 0.344819 -0.720853 0.683521 0.0746548 0 0
0 0 535 -0.579649 0.0943957 0.268274 -0.564853 0 0
0 0 536 0.0704314 -0.152746 -0.0938613 -0.342138 0 0
0 0 537 0.145231 0.584289 0.21391 -0.0479018 0 0
0 0 538 -0.851542 -0.442283 -0.0888841 -0.334383 0 0
0 0 539 0.180312 0.181559 0.6888 -0.0786898 0 0
0 0 540 -0.316778 0.481563 0.0641949 0.141706 0 0
0 0 541 -0.0136367 -0.216479 0.246991 0.363986 0 0
0 0 542 0.0617736 0.327559 -0.646275 -0.713751 0 0
0 0 543 -0.0829632 0.566922 0.173274 0.31639 0 0
0 0 544 -0.398996 -0.955525 0.325282 0.645052 0 0
0 0 545 0.389208 0.558605 -0.493695 -0.304791 0 0
0 0 546 0.110392 -0.26456 -0.524545 0.559481 0 0
0 0 547 -0.589758 0.164512 -0.548325 0.101636 0 0
0 0 548 0.210431 0.197903 0.0707486 0.592576 0 0
0 0 549 0.170074 0.367769 0.498693 -0.0439806 0 0
0 0 550 0.0488196 1.02109 -0.151224 0.15277 0 0
0 0 551 0.00164163 -0.596154 0.0932011 0.667319 0 0
0 0 552 0.269688 -0.397205 0.329294 0.572675 0 0
0 0 553 0.259388 0.422089 0.103382 -0.52054 0 0
0 0 554 -0.0460033 0.184958 -1.22134 0.282912 0 0
0 0 555 -0.492916 -0.199463 -0.122168 0.260124 0 0
0 0 556 -0.0122733 -1.08048 0.233189 0.468698 0 0
0 0 557 -0.0807738 0.0892705 -0.421768 0.103027 0 0
0 0 558 -0.184401 0.164796 0.0333881 -0.083016 0 0
0 0 559 0.444036 -0.03962 0.258 0.331988 0 0
0 0 560 0.0122294 -0.0528712 0.283262 -0.16146 0 0
0 0 561 0.0603719 -0.847892 -0.46772 -0.0886991 0 0
0 0 562 0.528567 0.215506 0.185197 0.235299 0 0
0 0 563 0.646238 -0.213248 0.143096 0.752073 0 0
0 0 564 -0.325776 0.0468564 0.295197 -1.07821 0 0
0 0 565 0.0722567 0.389784 0.0541225 -0.0646806 0 0
0 0 566 0.391427 -0.450928 0.0229461 0.0636224 0 0
0 0 567 0.208638 -0.686532 -0.459072 0.861888 0 0
0 0 568 0.579585 -0.00510517 0.896362 0.667245 0 0
0 0 569 0.68408 -0.0249333 0.253515 1.51559 0 0
0 0 570 -0.0947153 0.336581 0.00294468 -0.629066 0 0
0 0 571 0.00028564 0.363297 -0.0923816 0.327017 0 0
0 0 572 0.0368632 -0.29052 0.0780509 -0.322533 0 0
0 0 573 0.357672 0.329988 0.293195 -0.379189 0 0
0 0 574 0.646607 0.145563 -0.205703 -0.602577 0 0
0 0 575 0.19853 0.113298 -0.00392574 -0.167982 0 0
0 0 576 -0.13709 -0.29222 -0.0201129 -0.526921 0 0
0 0 577 0.161092 -0.367813 0.328664 0.521895 0 0
0 0 578 0.49963 -0.21045 0.610008 -0.240578 0 0
0 0 579 0.326318 -0.450943 0.417692 -0.0098624 0 0
0 0 580 -0.158744 -0.00487188 0.287581 0.121184 0 0
0 0 581 -0.33747 0.0778044 0.187798 -0.139058 0 0
0 0 582 0.235881 -0.170181 0.094736 -0.0618606 0 0
0 0 583 -0.206143 0.0546794 0.0924297 -0.123736 0 0
0 0 584 -0.458843 -0.16606 0.298709 -0.649738 0 0
0 0 585 -0.345179 -0.893404 0.0429782 -1.0849 0 0
0 0 586 0.110931 0.172492 -0.0130828 -0.0822819 0 0
0 0 587 0.555793 0.224949 0.066896 0.00539335 0 0
0 0 588 0.244991 -0.552288 0.863434 0.256454 0 0
0 0 589 -0.241986 -0.498652 0.113064 0.00298631 0 0
0 0 590 0.0200996 -0.0717245 0.0537617 -0.0424788 0 0
0 0 591 1.03327 0.292423 -0.1266 0.399542 0 0
0 0 592 0.189946 -0.223256 -0.516834 -0.440096 0 0
0 0 593 0.00396053 0.095014 -0.0256513 0.737337 0 0
0 0 594 -0.15293 0.55204 0.244431 -0.192849 0 0
0 0 595 0.0358285 0.155019 -0.278627 0.265112 0 0
0 0 596 -0.482047 -0.140655 -0.427667 -0.129112 0 0
0 0 597 -0.07659 -0.649576 -0.199552 0.243132 0 0
0 0 598 -0.531227 -0.43861 -0.39932 0.448835 0 0
0 0 599 -0.371685 -0.530948 0.452827 0.106913 0 0
0 0 600 0.548561 -0.123026 0.114682 -0.141543 0 0
0 0 601 0.0794575 -0.742545 -0.0949422 0.0528379 0 0
0 0 602 -0.53168 -0.276759 -0.482541 0.229841 0 0
0 0 603 0.262163 -0.164357 0.431372 -0.125721 0 0
0 0 604 0.0129573 -0.295335 0.0445314 0.709865 0 0
0 0 605 0.522705 -0.31103 -0.380784 0.497308 0 0
0 0 606 -0.121671 -0.0701684 -0.494562 -0.472247 0 0
0 0 607 -0.214441 0.233914 -0.183737 0.320575 0 0
0 0 608 0.274531 0.0142637 0.554977 0.202379 0 0
0 0 609 0.0675008 0.0669362 0.509475 0.739725 0 0
0 0 610 0.301256 -0.670143 0.712449 -0.446722 0 0
0 0 611 0.173697 -0.246827 -0.421496 -0.611661 0 0
0 0 612 -0.354532 -0.577526 0.187574 -0.58852 0 0
0 0 613 -0.285147 -1.0843 -0.912386 -0.674636 -69.9605 8.10158
0 0 614 0.811745 0.0984003 0.58381 -0.369654 0 0
0 0 615 -0.194677 0.052623 0.177881 -0.325076 0 0
0 0 616 0.178273 0.0155004 0.234699 -0.278194 0 0
0 0 617 0.0413175 0.112739 -0.0159318 -0.0358668 0 0
0 0 618 0.607391 -0.357517 -0.214957 0.392433 0 0
0 0 619 0.342936 -0.502002 0.29117 -0.688668 0 0
0 0 620 0.33879 0.209404 1.07536 0.000223338 0 0
0 0 621 -0.263694 -0.0128785 -0.796062 -0.652982 0 0
0 0 622 0.172473 -0.16718 -0.246637 0.0514951 0 0
0 0 623 -0.384436 -0.26413 -0.601726 0.772018 0 0
0 0 624 0.596997 0.4119 -0.377339 0.364605 0 0
0 0 625 -0.107699 -0.575176 0.368478 0.337429 0 0
0 0 626 -0.167754 -0.147387 0.611938 -0.253151 0 0
0 0 627 -0.136391 -0.17777 -0.174464 0.545814 0 0
0 0 628 0.622602 0.559853 0.054426 0.489265 0 0
0 0 629 -0.111728 0.253702 0.104402 0.24675 0 0
0 0 630 0.921854 -0.146316 -0.506703 -0.414176 0 0
0 0 631 0.109474 0.629779 0.902781 -0.522668 0 0
0 0 632 0.545359 0.628327 0.486185 0.380041 0 0
0 0 633 -0.0219292 0.336632 0.534401 -0.132963 0 0
0 0 634 -0.168086 0.234611 -0.155176 0.310396 0 0
0 0 635 -0.402852 0.00292794 -0.00256153 -0.243839 0 0
0 0 636 -0.0938554 -0.574872 -0.0266189 -0.136099 0 0
0 0 637 0.0929146 -0.455943 0.310499 -0.449865 0 0
0 0 638 0.168119 0.310457 0.423887 0.122574 0 0
0 0 639 0.536241 0.293897 0.692555 0.634346 0 0
0 0 640 0.30342 -0.514098 0.173093 0.426174 0 0
0 0 641 -0.273814 0.419087 -0.556895 -0.0168245 0 0
0 0 642 0.00442336 -0.10794 0.107903 -0.216483 0 0
0 0 643 -0.316863 0.0131782 -0.200315 0.26582 0 0
0 0 644 0.49576 -0.4922 -0.329272 0.337689 0 0
0 0 645 -0.108553 -0.492188 -0.214944 -0.0798019 0 0
0 0 646 -0.0191063 0.183855 0.136385 0.66952 0 0
0 0 647 -0.520516 -0.1423 0.0400732 0.0423569 0 0
0 0 648 0.218463 -0.402325 0.355501 -0.266569 0 0
0 0 649 -0.353176 -0.480921 0.190722 0.870223 0 0
0 0 650 0.514977 -0.00912714 0.0609868 -0.476253 0 0
0 0 651 -0.238984 -0.377619 -0.459248 0.132407 0 0
0 0 652 -0.558088 0.208921 -0.200504 0.291207 0 0
0 0 653 -1.07782 0.069119 -0.426334 -0.737668 0 0
0 0 654 0.0194742 0.27061 0.86045 -0.209285 0 0
0 0 655 0.00884858 0.705817 0.337678 0.747375 0 0
0 0 656 -0.428614 0.0341337 0.410497 0.335905 0 0
0 0 657 0.0473411 0.057738 0.123527 0.108214 0 0
0 0 658 0.110052 0.473837 -0.207639 0.102975 0 0
0 0 659 -0.0876827 -0.0876592 -0.607105 -0.212253 0 0
0 0 660 -0.430297 -0.334217 0.0703594 -0.208382 0 0
0 0 661 -0.264364 0.324808 -0.432529 -0.465125 0 0
0 0 662 0.293963 0.350095 0.720982 -0.275378 0 0
0 0 663 -0.0535905 -0.190038 -0.156863 0.273878 0 0
0 0 664 8.6993e-05 0.19989 0.239259 -0.322102 0 0
0 0 665 0.111028 0.329415 0.216115 0.248414 0 0
0 0 666 0.340422 0.062053 -0.332295 0.260132 0 0
0 0 667 0.00577453 0.0294403 0.753882 0.573527 0 0
0 0 668 1.09894 -0.0605112 0.134785 0.410667 0 0
0 0 669 -0.142218 0.361551 0.0850089 0.100787 0 0
0 0 670 0.23727 0.404152 0.461049 0.26222 0 0
0 0 671 -0.49655 -0.985834 -0.700792 0.441098 0 0
0 0 672 -0.12765 0.237733 -0.361338 0.119807 0 0
0 0 673 -0.260328 0.318729 0.638901 0.461821 0 0
0 0 674 0.0331937 -0.36279 0.499488 0.0304777 0 0
0 0 675 -0.12497 -0.411413 0.479979 -0.247184 0 0
0 0 676 0.235651 -0.749495 -0.250133 0.296066 0 0
0 0 677 0.252534 -0.299072 -0.257714 -0.314324 0 0
0 0 678 -0.363985 -0.611186 0.196776 -0.00267635 0 0
0 0 679 -0.099337 -0.0743946 0.504615 0.588155 0 0
0 0 680 -0.511795 -0.373977 0.467582 0.160051 0 0
0 0 681 -0.271682 0.035203 0.328746 0.283586 0 0
0 0 682 0.287379 0.0450673 -0.296301 0.422907 0 0
0 0 683 0.70593 -0.216652 0.0520277 -0.0660899 0 0
0 0 684 0.00127575 0.785728 -0.473084 -0.670154 0 0
0 0 685 0.273838 -0.177541 0.654295 0.176518 0 0
0 0 686 0.107643 0.241651 -0.208228 -0.177914 0 0
0 0 687 -0.108471 0.473059 -0.972615 -0.0115019 0 0
0 0 688 0.244329 0.193812 0.0443535 -0.448665 0 0
0 0 689 -0.261318 -0.311197 0.0738563 -0.213898 0 0
0 0 690 -0.280473 -0.248113 0.539939 0.344211 0 0
0 0 691 0.306928 0.194035 0.29733 0.802641 0 0
0 0 692 0.581025 -0.0012165 -0.32925 0.0787279 0 0
0 0 693 -0.355518 -0.31153 0.849063 0.141199 0 0
0 0 694 0.104929 0.00926967 0.228763 0.223612 0 0
0 0 695 -0.128632 -0.279331 0.707275 -0.187178 0 0
0 0 696 -0.267715 -0.295332 -0.518565 0.448115 0 0
0 0 697 -0.00908391 -0.445229 0.853677 -0.123947 0 0
0 0 698 -0.132166 0.54055 0.0727208 0.204702 0 0
0 0 699 0.119525 0.0326253 0.755482 0.087685 0 0
0 0 700 0.176689 0.129721 -0.705493 -0.151644 0 0
0 0 701 0.48734 -0.437307 0.274331 0.749677 0 0
0 0 702 -0.218035 -1.03455 0.517042 0.345016 0 0
0 0 703 0.178511 -0.524167 0.923642 0.394009 0 0
0 0 704 -0.389371 -0.522065 -0.436273 0.777115 0 0
0 0 705 -0.419318 0.314614 -0.293311 0.122972 0 0
0 0 706 0.654946 -0.758022 0.0853166 -0.7611 0 0
0 0 707 0.0444726 -0.0809341 0.530411 -0.0945405 0 0
0 0 708 -0.224656 0.410535 0.0209274 -0.63461 0 0
0 0 709 -0.0095308 0.389576 -0.0304081 -0.278459 0 0
0 0 710 0.412316 -0.491368 0.0405289 0.591577 0 0
0 0 711 -0.200104 0.545665 -0.389055 0.47279 0 0
0 0 712 0.360848 0.0570163 0.814326 -0.08658 0 0
0 0 713 -0.287897 -0.42169 0.182375 -0.299273 0 0
0 0 714 0.828032 0.26853 -0.362902 -0.818453 0 0
0 0 715 0.000951519 -0.0242381 0.0494611 -0.355659 0 0
0 0 716 -0.284378 -0.325609 0.0473977 0.298925 0 0
0 0 717 0.757434 -0.286123 0.608725 0.362095 0 0
0 0 718 0.410786 0.72691 -0.310131 0.313839 0 0
0 0 719 0.0888162 -0.145732 -0.0930321 -0.605638 0 0
0 0 720 -0.0364846 0.188036 0.319936 0.0630922 0 0
0 0 721 0.108934 -0.051244 0.565779 -0.2807 0 0
0 0 722 0.0141612 0.458254 -0.25883 -0.464666 0 0
0 0 723 0.57583 -0.207853 0.344609 -0.810167 0 0
0 0 724 0.46237 -0.0451052 -0.437984 -0.457405 0 0
0 0 725 -0.306835 -0.156986 -0.163292 0.185371 0 0
0 0 726 -0.0295103 0.491948 -0.37488 -0.281768 0 0
0 0 727 -0.897491 -0.455077 -0.266304 0.42468 0 0
0 0 728 0.129465 -0.989552 0.145089 -0.112625 0 0
0 0 729 -0.26996 -0.586506 0.119213 -0.341444 0 0
0 0 730 0.833841 -0.12124 0.802015 -0.121677 0 0
0 0 731 -0.162249 -1.1913 0.481212 0.554141 0 0
0 0 732 -0.015281 0.103926 0.237007 -0.742134 0 0
0 0 733 0.522619 -0.689411 0.140389 0.320706 0 0
0 0 734 0.0433709 0.03519 -0.0854015 -0.567696 0 0
0 0 735 0.413673 -0.750384 0.193562 -0.0782892 0 0
0 0 736 0.333151 0.0052959 -0.927374 -0.17686 0 0
0 0 737 0.755609 0.455124 0.334296 -0.205838 0 0
0 0 738 0.469674 0.0429712 -0.351986 0.273229 0 0
0 0 739 0.419573 0.388431 -0.0904922 0.430749 0 0
0 0 740 -0.246143 -0.349901 -0.0175357 0.577393 0 0
0 0 741 0.683875 -0.107186 0.201371 0.216156 0 0
0 0 742 0.0117534 0.32597 -0.0755701 0.108239 0 0
0 0 743 0.243129 -0.863596 0.21038 0.207623 0 0
0 0 744 -0.393087 -0.702223 0.44357 -1.11567 0 0
0 0 745 -0.0159158 0.0922327 0.624481 0.26199 0 0
0 0 746 0.0151061 0.00272427 0.441339 -0.0804199 0 0
0 0 747 0.277611 -0.227426 0.312546 -0.280916 0 0
0 0 748 -0.163247 -0.234784 -0.252249 -0.229215 0 0
0 0 749 0.0229654 0.19041 -0.100057 -0.0575128 0 0
0 0 750 0.0701337 0.129421 0.293641 0.0274078 0 0
0 0 751 -0.687422 -1.22151 0.866678 -0.271185 72.3219 7.54547
0 0 752 -0.21659 -0.202255 -0.0608214 -0.270322 0 0
0 0 753 0.766622 -0.319541 -0.291485 -0.170207 0 0
0 0 754 0.38728 -0.137053 -0.117722 -0.565437 0 0
0 0 755 -0.382612 -0.468295 -0.0385789 0.629617 0 0
0 0 756 0.252852 0.127541 -0.155579 0.984471 0 0
0 0 757 0.390005 0.252787 0.11533 0.436304 0 0
0 0 758 -0.000449479 0.592483 0.0167754 -0.0991987 0 0
0 0 759 -0.663823 -0.926242 -0.419269 0.214207 0 0
0 0 760 0.0525972 -0.412199 -0.0593964 0.148614 0 0
0 0 761 0.438576 0.0491935 -0.372141 -0.353644 0 0
0 0 762 0.639409 -0.29716 0.598012 -0.0218554 0 0
0 0 763 -0.0101755 -0.731547 0.228955 -0.049266 0 0
0 0 764 0.120681 0.184183 0.693878 -0.798764 0 0
0 0 765 -0.120885 -0.644159 -0.348817 -0.149991 0 0
0 0 766 0.57405 0.424399 -0.000791852 0.630735 0 0
0 0 767 -0.037884 -0.363215 -1.0873 0.061254 0 0
0 0 768 0.351798 0.123335 0.207487 0.0599007 0 0
0 0 769 -0.166198 -0.119899 -0.499576 -0.164231 0 0
0 0 770 0.311518 -0.512855 0.565781 0.218139 0 0
0 0 771 0.26471 0.509968 0.13165 0.0657341 0 0
0 0 772 -0.525363 -0.267461 0.542584 -0.46764 0 0
0 0 773 0.342236 0.200329 0.694561 -0.394933 0 0
0 0 774 -0.0137942 -0.279136 -0.0639417 -0.258328 0 0
0 0 775 0.633746 0.229004 -0.0742846 -0.177498 0 0
0 0 776 -0.399934 -0.628997 -0.489819 -0.537242 0 0
0 0 777 0.899819 -0.462208 0.355097 -0.171439 0 0
0 0 778 0.702206 0.0405294 -0.0992904 -0.746747 0 0
0 0 779 0.0741519 -0.538787 -0.579988 0.63912 0 0
0 0 780 0.142031 -0.321629 -0.0967724 0.151298 0 0
0 0 781 -0.177399 -0.750824 -0.0752473 -0.272231 0 0
0 0 782 0.333671 -0.448307 -0.0682393 0.457996 0 0
0 0 783 -0.147474 -0.533 -0.423928 0.0250168 0 0
0 0 784 -0.365635 -0.127876 -0.566877 0.142595 0 0
0 0 785 -0.00850421 0.868998 0.14828 -0.498243 0 0
0 0 786 0.419555 -0.288856 0.212913 -0.652124 0 0
0 0 787 0.373259 -0.0597625 0.486472 -0.3733 0 0
0 0 788 -0.101762 -0.223533 -0.169891 -0.362601 0 0
0 0 789 1.18345 0.444573 -0.261133 -0.259305 0 0
0 0 790 0.754947 -0.291858 0.693383 0.475619 0 0
0 0 791 -0.103113 -0.454981 0.584829 0.613085 0 0
0 0 792 -0.389478 -0.238951 0.224194 0.196554 0 0
0 0 793 0.249172 0.347997 0.138322 -0.288596 0 0
0 0 794 0.991657 -0.340429 -0.301781 0.747821 0 0
0 0 795 0.454463 -0.744629 -0.271073 0.569194 0 0
0 0 796 0.931112 -0.473373 0.208167 0.41939 0 0
0 0 797 0.794621 0.195284 -0.193903 -0.612831 0 0
0 0 798 0.379649 0.38874 -0.316835 0.00279076 0 0
0 0 799 -0.00218511 -1.19988 -0.549181 0.739873 0 0
0 0 800 0.188908 -0.0794616 -0.666452 0.19687 0 0
0 0 801 0.474342 0.0342411 -0.179716 -0.161346 0 0
0 0 802 -0.238483 -0.158947 -0.426593 -0.306415 0 0
0 0 803 0.687434 1.4489 0.674801 0.193049 12.4865 6.84452
0 0 804 0.560284 0.667469 0.652344 0.300259 0 0
0 0 805 0.461801 -0.128492 0.73337 -1.03347 0 0
0 0 806 0.296598 -0.301036 0.52776 0.357205 0 0
0 0 807 0.389898 -0.485172 0.466738 0.394637 0 0
0 0 808 0.290546 0.175106 0.597195 -0.27363 0 0
0 0 809 0.356362 0.537635 -0.0348899 0.347909 0 0
0 0 810 0.644454 -0.0100837 -0.241542 -0.851561 0 0
0 0 811 0.00375082 -0.0276333 0.102285 -0.478697 0 0
0 0 812 -0.244233 -0.334469 -0.248528 -0.188895 0 0
0 0 813 0.543658 0.0852636 -0.424794 -0.0715544 0 0
0 0 814 -0.0530417 0.443834 0.0180192 0.396403 0 0
0 0 815 0.586704 0.555117 0.430733 0.302451 0 0
0 0 816 0.422964 -0.263078 -0.14671 0.48319 0 0
0 0 817 0.353381 -0.487301 -0.157908 -0.113397 0 0
0 0 818 0.711922 0.0348702 0.263132 0.856387 0 0
0 0 819 0.577234 0.403727 0.21382 0.15313 0 0
0 0 820 0.354304 0.163691 0.287231 0.173437 0 0
0 0 821 0.523626 0.875732 -0.0912713 -1.12364 0 0
0 0 822 -0.267483 -0.291219 0.196824 0.385768 0 0
0 0 823 -0.294681 -0.179561 0.163458 -0.0300019 0 0
0 0 824 0.191686 0.349724 0.481347 -0.441008 0 0
0 0 825 0.304585 -0.00880457 0.629458 -0.105603 0 0
0 0 826 0.667931 -0.166047 0.408845 -0.0736204 0 0
0 0 827 1.14464 0.225218 -0.271808 0.487756 0 0
0 0 828 0.89618 0.265778 0.619917 -0.301852 0 0
0 0 829 0.965693 0.376637 0.150963 -0.364585 0 0
0 0 830 0.944728 -0.186709 0.535164 -0.902188 0 0
0 0 831 1.23449 0.398097 -0.00278192 -0.183632 0 0
0 0 832 1.51546 -0.518184 -0.305918 -0.793648 0 0
0 0 833 1.05786 0.28522 0.136923 0.11017 0 0
0 0 834 2.07199 0.236362 -0.387682 -0.375687 0 0
0 0 835 2.15263 0.185455 0.364504 0.187745 0 0
0 0 836 1.42788 0.974819 -0.109729 -0.201855 0 0
0 0 837 1.18971 -0.529826 -0.467558 -0.0381606 0 0
0 0 838 2.67039 1.05197 -0.942894 -0.443997 -20.9351 8.17562
0 0 839 2.47012 0.334478 -0.625846 0.233304 0 0
0 0 840 3.68344 -0.0400765 -0.687249 -0.34685 0 0
0 0 841 3.50171 1.10934 -1.30802 -0.262689 -24.8493 6.90824
0 0 842 4.30281 0.839781 -0.883173 0.264878 0 0
0 0 843 4.40201 0.535045 -1.71725 0.343739 -36.3472 6.97312
0 0 844 6.0357 0.448585 -1.78627 0.0796321 -37.9515 6.84237
0 0 845 5.14742 0.160744 -1.54653 0.033916 -42.033 8.16826
0 0 846 6.9114 0.662002 -2.63942 0.0889099 -37.9599 4.63115
0 0 847 6.05445 1.00802 -1.94825 0.755843 -31.3216 5.60217
0 0 848 6.84146 0.308316 -1.86673 0.0865631 -40.3107 6.69573
0 0 849 7.2483 0.244248 -1.97362 0.375586 -41.4726 6.38194
0 0 850 6.56516 1.36597 -2.43834 0.0140198 -30.3711 4.37614
0 0 851 7.04118 -0.00530982 -1.38455 -0.73742 -45.1099 9.18854
0 0 852 6.44533 0.50575 -0.976249 0.694083 0 0
0 0 853 6.76661 0.852304 -1.54704 -0.404467 -30.5743 6.93176
0 0 854 6.87367 0.0209715 -1.8392 -0.115405 -44.6734 6.91659
0 0 855 6.50325 -0.124698 -1.60519 0.659765 -47.221 7.89425
0 0 856 5.91931 -0.113414 -1.41557 -0.681808 -47.2903 8.94949
0 0 857 5.98467 0.629328 -0.892986 0.482268 0 0
0 0 858 5.42536 0.190727 -1.08094 0.375192 0 0
0 0 859 5.24416 -0.133442 -0.57457 0.066479 0 0
0 0 860 5.14152 0.0668454 -1.12332 -0.00791781 0 0
0 0 861 5.32705 0.58639 -1.31158 -0.196787 -32.9557 8.61804
0 0 862 4.62149 0.419106 -1.26725 -0.01323 0 0
0 0 863 5.35381 0.91301 -1.70448 0.781544 -30.912 6.34264
0 0 864 4.69237 -0.409132 -0.725831 0.0418642 0 0
0 0 865 4.82241 0.295275 -1.08539 0.286517 0 0
0 0 866 4.37267 0.56947 -0.858668 -0.0256123 0 0
0 0 867 3.24787 -0.447019 -2.12038 0.182166 -50.9524 5.83112
0 0 868 4.69088 0.522103 -1.49162 -0.446568 -35.3543 7.90964
0 0 869 4.14442 0.0768852 -1.9243 -0.456333 -43.856 6.60433
0 0 870 4.89745 0.00925303 -2.30279 0.674122 -44.8849 5.52458
0 0 871 4.79858 1.1592 -2.29132 -0.129157 -31.5823 4.79162
0 0 872 4.10344 0.57026 -2.56584 0.123301 -38.7348 4.8039
0 0 873 4.39059 1.36819 -3.26933 0.853747 -33.6455 3.50384
0 0 874 4.29103 0.777252 -2.41257 0.679253 -36.0714 4.94382
0 0 875 3.8335 0.30883 -2.68685 0.256564 -41.7216 4.69423
0 0 876 4.60261 0.683225 -2.47399 0.324582 -37.2809 4.9008
0 0 877 4.24664 0.728023 -2.61377 0.0189048 -37.2178 4.63503
0 0 878 4.71158 0.931995 -2.76413 0.866041 -35.6836 4.29016
0 0 879 3.89119 0.760141 -3.45945 0.0162745 -38.8037 3.56548
0 0 880 4.18923 1.05206 -2.95966 0.669417 -35.2157 3.97754
0 0 881 4.29122 0.969916 -3.12377 0.256841 -36.3753 3.8349
0 0 882 4.5982 0.165813 -2.74646 0.366841 -43.2725 4.62109
0 0 883 5.34859 1.35503 -3.74663 0.81484 -35.0583 3.13408
0 0 884 5.23377 0.714617 -3.46211 1.00648 -39.1687 3.57541
0 0 885 5.50784 1.24392 -4.11337 0.430454 -36.5871 2.92087
0 0 886 5.50655 0.0745976 -3.92369 0.148757 -44.4554 3.24161
0 0 887 5.64328 1.15181 -5.13574 0.852735 -38.6796 2.39871
0 0 888 5.72102 1.43078 -5.48481 0.88841 -37.6898 2.22162
0 0 889 7.08088 1.27978 -5.41448 1.01281 -38.3507 2.26737
0 0 890 7.61921 1.28322 -5.37016 0.733948 -38.2805 2.28435
0 0 891 8.05866 1.29807 -5.79055 1.36786 -38.6824 2.12751
0 0 892 8.62768 0.997421 -6.06139 2.25384 -40.3278 2.06235
0 0 893 8.84483 1.45015 -6.67955 1.53081 -38.8755 1.84794
0 0 894 8.90236 0.154984 -7.19226 1.7602 -44.3828 1.76832
0 0 895 9.66617 1.55127 -6.96922 0.69895 -38.7256 1.76847
0 0 896 9.84713 1.14172 -7.35166 1.52319 -40.5862 1.70361
0 0 897 9.10572 0.195023 -8.23663 1.96409 -44.3218 1.54401
0 0 898 9.6531 0.471875 -8.85623 1.57856 -43.475 1.43383
0 0 899 9.96356 0.868344 -7.40725 1.5788 -41.6569 1.70217
0 0 900 10.1379 0.613428 -7.86379 1.6679 -42.7698 1.61136
0 0 901 9.68169 0.0690799 -7.0215 1.30438 -44.7182 1.81176
0 0 902 9.09916 0.136652 -7.33893 1.63332 -44.4666 1.73311
0 0 903 10.0078 0.9683 -7.33272 1.30545 -41.2388 1.71536
0 0 904 9.08341 -0.120487 -6.06415 0.77827 -45.5691 2.09737
0 0 905 8.51561 0.28003 -5.80595 1.03135 -43.6193 2.18786
0 0 906 8.90057 -0.0933766 -5.13051 0.710933 -45.5213 2.47915
0 0 907 7.62191 0.174563 -3.93844 0.42164 -43.7311 3.22607
0 0 908 7.40389 0.0161119 -3.82668 0.826528 -44.8794 3.32454
0 0 909 8.3387 -0.100063 -4.06499 1.16756 -45.705 3.12843
0 0 910 8.42747 -0.345435 -3.20724 0.0883364 -48.0737 3.93669
0 0 911 9.25544 0.394731 -2.75404 0.282126 -40.9217 4.55808
0 0 912 9.93308 -0.22647 -2.53084 0.147698 -47.5567 5.00051
0 0 913 9.94394 0.222394 -1.90368 -0.218891 -41.6684 6.62358
0 0 914 10.1978 -0.155965 -1.86954 0.541878 -47.3844 6.77396
0 0 915 12.0392 0.469008 -1.89625 0.0891929 -38.0538 6.45302
0 0 916 13.1533 0.462508 -1.33867 -1.39504 -35.47 8.82937
0 0 917 16.0828 0.890469 -0.655679 -0.757521 0 0
0 0 918 18.5735 1.16203 -0.151528 -0.7837 0 0
0 0 919 20.7875 0.378624 0.898482 -1.34874 0 0
0 0 920 25.1803 1.4337 3.16819 -1.0952 32.826 3.55846
0 0 921 30.1828 1.84167 3.41619 -0.909661 30.8354 3.15886
0 0 922 34.2764 1.81814 5.38396 -1.52496 35.6702 2.20212
0 0 923 39.2284 1.43074 6.84137 -2.51552 39.094 1.80807
0 0 924 44.1003 0.685863 9.06736 -3.32177 42.8372 1.39781
0 0 925 49.8538 1.927 11.558 -4.13155 40.2672 1.08106
0 0 926 55.6185 1.59097 14.8031 -4.45811 41.9328 0.852951
0 0 927 60.1914 1.62633 17.4431 -5.22052 42.3367 0.725207
0 0 928 63.1813 1.61423 19.5811 -4.72501 42.6436 0.646824
0 0 929 65.8025 1.2824 20.9485 -5.30319 43.2485 0.605808
0 0 930 67.684 2.31583 21.799 -3.21642 41.9679 0.579315
0 0 931 67.666 1.80981 21.3268 -3.19597 42.5747 0.593721
0 0 932 65.0856 2.11164 20.9071 -2.00937 42.1163 0.604454
0 0 933 63.5373 2.0566 20.1271 -1.43868 42.0829 0.627784
0 0 934 60.1181 2.69506 18.1562 -0.831018 40.7784 0.690735
0 0 935 56.6658 1.40256 16.5732 -0.567971 42.5813 0.764034
0 0 936 53.1982 3.15962 15.08 -0.382804 39.0832 0.820186
0 0 937 50.5248 1.9031 12.504 0.223039 40.673 1.00224
0 0 938 47.3149 2.7589 12.267 0.365996 38.6624 1.00407
0 0 939 45.4848 1.90217 10.8093 0.691359 40.0098 1.15361
0 0 940 43.1825 2.85005 8.91172 0.702936 36.1326 1.33957
0 0 941 40.4998 2.64044 7.84235 0.191188 35.6961 1.51241
0 0 942 38.2317 2.80109 6.75265 0.664217 33.7353 1.69925
0 0 943 37.0049 2.63327 6.65201 0.437612 34.2017 1.73964
0 0 944 34.7055 2.75652 6.2105 0.908623 33.033 1.82283
0 0 945 33.526 1.46503 4.98211 -0.213421 36.8068 2.41872
0 0 946 31.1937 1.38636 3.93037 0.449099 35.2853 2.99851
0 0 947 30.0684 1.48826 3.70643 0.117555 34.0614 3.11435
0 0 948 27.8869 1.80837 3.01077 0.596066 29.5048 3.46676
0 0 949 27.9155 2.04633 3.06908 -0.460852 28.1531 3.27632
0 0 950 27.2219 1.83162 2.32776 0.418687 25.9011 4.02633
0 0 951 25.4592 2.29338 1.85587 -0.0364524 19.4904 3.87716
0 0 952 24.2151 1.60843 1.99884 -0.160928 25.5885 4.63942
0 0 953 23.5677 1.75376 0.964836 -0.671906 14.4087 5.52843
0 0 954 22.9432 1.51099 1.27584 -0.723476 20.0885 5.80728
0 0 955 21.3592 1.33445 0.775551 -0.373909 15.0821 7.19984
0 0 956 21.1543 0.593358 1.40748 -1.13086 33.5705 8.12732
0 0 957 20.0267 1.46217 0.274759 -1.00085 5.32122 7.12234
0 0 958 18.927 0.300797 0.567236 -1.43966 0 0
0 0 959 18.314 0.479226 0.100624 -1.06855 0 0
0 0 960 17.3804 -0.241367 -0.244159 -1.14357 0 0
0 0 961 16.8425 -0.0380039 0.403238 -1.4082 0 0
0 0 962 15.5992 0.647767 -0.547374 -0.881082 0 0
0 0 963 15.3612 0.105204 0.490435 -0.958779 0 0
0 0 964 14.6938 -0.874349 0.475542 -0.700601 0 0
0 0 965 13.1172 -0.909625 0.0394551 -1.0575 0 0
0 0 966 11.6095 -0.288217 -0.105019 -0.994119 0 0
0 0 967 11.5644 -0.39047 0.35252 -0.665049 0 0
0 0 968 11.0943 0.0377469 -0.254941 -0.471015 0 0
0 0 969 10.3843 0.195133 0.775504 -1.15874 0 0
0 0 970 9.02498 -0.092257 -0.23162 -1.26794 0 0
0 0 971 8.60729 -0.415351 0.428561 -0.952113 0 0
0 0 972 8.31742 -0.473215 0.416286 -0.516049 0 0
0 0 973 7.80337 -0.35815 -0.205684 -1.18824 0 0
0 0 974 7.67 -0.845481 -0.0248271 -0.765631 0 0
0 0 975 5.91233 -0.215666 0.108132 -1.19476 0 0
0 0 976 6.08663 -0.57731 0.292151 -0.632579 0 0
0 0 977 5.67223 -0.346229 0.0150236 -0.999883 0 0
0 0 978 5.07185 0.27895 0.157485 -0.26087 0 0
0 0 979 5.52739 -1.02216 -0.199793 -0.395768 0 0
0 0 980 4.98337 -0.906068 -0.361778 -0.46089 0 0
0 0 981 4.47559 -0.218816 0.0463734 -0.62155 0 0
0 0 982 3.67203 -1.17739 -0.172512 -0.806134 0 0
0 0 983 4.03476 -1.3367 -0.357132 -0.0264247 -82.5207 7.71533
0 0 984 2.96121 -0.805143 -0.556666 -0.0744644 0 0
0 0 985 3.27577 -0.688107 0.200897 -1.0981 0 0
0 0 986 2.56365 -1.29736 0.364503 -0.357413 0 0
0 0 987 3.27504 -0.43642 -0.177817 -0.477506 0 0
0 0 988 2.94569 -0.544517 0.284137 -0.654465 0 0
0 0 989 2.56073 -0.730011 -0.620571 0.264263 0 0
0 0 990 3.4708 -0.692642 0.429186 -0.875554 0 0
0 0 991 2.03684 -0.513275 -0.219838 -0.95212 0 0
0 0 992 3.1189 -0.0743856 0.230008 -0.575505 0 0
0 0 993 2.00612 -0.520255 0.0492059 -0.761896 0 0
0 0 994 2.50673 -0.356802 0.0893252 -0.117223 0 0
0 0 995 3.24932 -0.617787 0.0576163 0.432216 0 0
0 0 996 1.56382 -1.22354 -0.727275 -0.758108 -74.6363 7.82116
0 0 997 2.03368 -0.0719533 -0.212689 0.480769 0 0
0 0 998 0.825114 0.236563 0.170593 -0.374459 0 0
0 0 999 0.187977 0.182823 -0.253455 -0.921011 0 0
0 0 1000 1.18137 -0.464402 -0.0134226 -0.368977 0 0
0 0 1001 1.47895 -0.245985 -0.603668 -0.407291 0 0
0 0 1002 1.32855 -0.0688028 0.723234 0.198858 0 0
0 0 1003 1.4054 -0.350885 -1.0409 0.115689 0 0
0 0 1004 1.51891 -0.784234 0.248005 0.299406 0 0
0 0 1005 1.11521 -0.435586 0.593672 -0.127593 0 0
0 0 1006 0.722434 0.787763 -0.089398 -0.389594 0 0
0 0 1007 1.13093 0.0548555 -0.120834 0.785677 0 0
0 0 1008 0.996498 -0.481362 0.602845 0.172346 0 0
0 0 1009 1.52538 0.498313 -0.630114 0.254759 0 0
0 0 1010 0.879735 -0.179213 -0.121964 0.973172 0 0
0 0 1011 1.11783 -0.0630785 -1.03515 -0.223823 0 0
0 0 1012 1.1605 0.361597 -0.147679 -0.106286 0 0
0 0 1013 0.0419542 0.550705 0.403955 -0.365856 0 0
0 0 1014 1.53281 -0.168177 0.129682 0.196157 0 0
0 0 1015 1.03868 0.342389 0.1324 -0.4094 0 0
0 0 1016 0.244018 0.350469 0.45081 -0.299368 0 0
0 0 1017 0.606833 0.17934 -0.61754 0.259596 0 0
0 0 1018 1.16094 -0.148635 -0.415003 -0.00919999 0 0
0 0 1019 0.973329 0.034039 -0.204541 0.29016 0 0
0 0 1020 0.603345 0.573643 -0.350442 -0.187493 0 0
0 0 1021 -0.0579963 0.942431 -0.203019 -0.671177 0 0
0 0 1022 0.748241 -0.999858 0.334492 -0.0691688 0 0
0 0 1023 0.357245 -0.0417646 0.185472 0.177857 0 0
