# File: uwl_230505_174156.rf.sbH2.RMC_aux Src: J1713+0747 Nsub: 1 Nch: 1 Npol: 4 Nbin: 1024 RMS: 0.684194
0 0 0 -0.537866 -0.530803 -0.0475599 -1.16289 0 0
0 0 1 0.952735 -0.522848 0.270038 -0.189494 0 0
0 0 2 -0.325733 -0.596812 0.0959606 -0.268886 0 0
0 0 3 -0.453522 -0.481273 -0.21141 -0.609907 0 0
0 0 4 -0.315081 0.290647 -0.410182 -1.35438 0 0
0 0 5 0.906711 0.129243 0.117876 0.930249 0 0
0 0 6 0.550647 -0.993259 0.442285 -0.838084 0 0
0 0 7 -1.07158 -0.922691 -1.23518 0.297262 0 0
0 0 8 -0.80577 -0.216258 -0.341111 1.11538 0 0
0 0 9 0.158906 -0.323437 0.389087 -0.225303 0 0
0 0 10 0.325194 -0.298985 0.104826 0.868527 0 0
0 0 11 -0.439578 -0.0905412 -0.253195 -0.332709 0 0
0 0 12 1.17971 -0.322225 -1.02991 0.0605466 0 0
0 0 13 0.711158 1.6748 -0.265572 0.882662 0 0
0 0 14 0.417081 0.218191 0.976594 0.978068 0 0
0 0 15 -0.327527 -0.214301 -0.102619 -0.471195 0 0
0 0 16 -0.459784 -0.728185 0.498354 -0.311296 0 0
0 0 17 -0.569422 -0.209323 0.161817 0.137511 0 0
0 0 18 -0.767802 -0.209798 -0.346493 1.09172 0 0
0 0 19 0.0729075 0.167604 0.796334 -0.745251 0 0
0 0 20 -0.960512 1.73937 0.449367 -0.987781 0 0
0 0 21 -0.70162 0.263125 1.072 -0.29019 0 0
0 0 22 0.299271 0.879328 0.954368 -0.721258 0 0
0 0 23 -1.0644 0.162863 -0.0775239 -0.621474 0 0
0 0 24 0.334795 -0.667239 -0.0142802 -0.616656 0 0
0 0 25 -0.0023444 0.375345 0.144492 -1.47524 0 0
0 0 26 1.12193 -0.62672 0.0635197 -0.704218 0 0
0 0 27 0.334857 0.179868 1.43327 -0.963442 0 0
0 0 28 0.581901 -0.923559 0.210631 0.321736 0 0
0 0 29 0.277791 0.461396 -1.24018 0.794192 0 0
0 0 30 -0.74833 0.425241 0.0919388 1.2194 0 0
0 0 31 -0.237655 -0.479635 -1.22723 0.181974 0 0
0 0 32 0.691717 1.20086 0.495124 -0.060679 0 0
0 0 33 0.985314 -0.663772 -0.254738 -0.444499 0 0
0 0 34 0.986396 -0.355144 -0.472153 -0.598178 0 0
0 0 35 -0.513479 -0.231504 -0.482019 0.796725 0 0
0 0 36 0.438559 -0.234928 0.464671 -0.465776 0 0
0 0 37 0.0258487 1.23847 0.581978 -0.592599 0 0
0 0 38 -1.00893 -1.00237 -0.687366 -0.188456 0 0
0 0 39 0.635201 0.196991 -0.535026 -0.969366 0 0
0 0 40 0.900936 -0.566134 0.597912 0.138846 0 0
0 0 41 -0.309412 -0.285268 -0.31146 0.670742 0 0
0 0 42 -1.14232 0.347132 -0.366912 0.0890162 0 0
0 0 43 0.819109 -1.11275 0.799012 0.00707722 0 0
0 0 44 -0.0814331 -1.72904 0.38012 -0.70219 0 0
0 0 45 1.2468 0.82007 0.0335905 -0.349199 0 0
0 0 46 0.113453 -0.118056 0.537777 1.81423 0 0
0 0 47 0.353733 -0.771128 -0.639734 -0.225749 0 0
0 0 48 0.433417 -0.547189 -0.178966 -0.226976 0 0
0 0 49 -0.564712 -0.579756 0.214906 0.498828 0 0
0 0 50 -0.857306 0.601823 0.265329 -0.308811 0 0
0 0 51 -1.08044 -1.79706 0.0519983 0.524803 0 0
0 0 52 -0.410629 0.00856201 0.910733 -0.993168 0 0
0 0 53 -0.304239 -0.467917 -0.609773 -0.213055 0 0
0 0 54 0.188938 -1.00954 -0.966963 -1.22172 0 0
0 0 55 0.771653 0.613257 0.5501 0.553247 0 0
0 0 56 0.825407 0.00156716 -0.245281 -0.65174 0 0
0 0 57 0.108298 0.863649 -0.4617 0.0184179 0 0
0 0 58 0.483909 -0.934918 -0.618712 -0.227979 0 0
0 0 59 0.725158 -0.205278 0.052842 -0.283705 0 0
0 0 60 -0.672177 0.701195 -0.100357 0.892738 0 0
0 0 61 0.0207789 0.512764 -0.704825 0.145392 0 0
0 0 62 0.405524 -0.146823 0.505781 0.424693 0 0
0 0 63 -0.475194 -0.196738 -0.600468 1.17063 0 0
0 0 64 1.02787 -1.24714 0.663219 -0.98426 0 0
0 0 65 -0.547997 1.00309 -0.212682 -0.950605 0 0
0 0 66 0.619296 -0.447538 -0.0280747 0.278972 0 0
0 0 67 -0.494451 -0.593879 0.245999 -0.227908 0 0
0 0 68 0.425738 -0.430047 -0.256041 -0.191366 0 0
0 0 69 0.668579 1.11783 -1.19807 -0.915498 0 0
0 0 70 0.259066 -0.0226648 0.921654 1.05325 0 0
0 0 71 1.09157 0.693644 -0.144761 0.570927 0 0
0 0 72 0.281635 -0.0997809 -0.200581 1.20403 0 0
0 0 73 -0.377908 -0.281669 0.0136376 0.753195 0 0
0 0 74 0.467282 -0.239188 1.00208 0.181434 0 0
0 0 75 0.352462 -0.220645 0.383962 -0.805435 0 0
0 0 76 0.488586 0.51728 -0.0119515 0.758458 0 0
0 0 77 0.944849 -0.711095 -0.438194 -0.119534 0 0
0 0 78 -0.235389 -0.67544 0.77449 0.47761 0 0
0 0 79 -0.11998 -0.366377 -0.204178 0.320983 0 0
0 0 80 -0.369017 -0.751885 -0.425197 0.369097 0 0
0 0 81 -0.661242 -1.26543 -1.12305 0.694638 0 0
0 0 82 0.61602 0.615137 -0.0656252 -0.516881 0 0
0 0 83 0.0982167 0.382961 1.00914 -0.149747 0 0
0 0 84 -0.080871 -0.261392 -0.0992256 -0.000714814 0 0
0 0 85 -0.711369 0.98095 0.0320687 -0.239616 0 0
0 0 86 -0.283448 0.444753 -0.235434 -0.658161 0 0
0 0 87 0.58269 -0.297413 -0.642602 0.403388 0 0
0 0 88 0.269395 -0.526713 0.608857 -0.137946 0 0
0 0 89 0.0499295 -0.85307 -0.0377899 0.439843 0 0
0 0 90 0.161546 -0.59036 0.869304 0.173186 0 0
0 0 91 0.0909349 -0.657695 0.687276 0.0462059 0 0
0 0 92 1.06765 0.306597 -0.530935 -0.358748 0 0
0 0 93 -0.0551093 0.0458453 -0.105319 1.26106 0 0
0 0 94 0.312989 1.72244 -0.389463 0.240829 0 0
0 0 95 -0.0980843 -1.10621 -1.46159 0.446159 0 0
0 0 96 0.518606 -0.305869 0.0209531 -1.15843 0 0
0 0 97 -0.191747 -1.17861 -0.588991 0.0992837 0 0
0 0 98 1.11083 0.51891 -0.697433 0.462677 0 0
0 0 99 -0.413347 -0.205086 0.0147339 0.391135 0 0
0 0 100 0.41774 -0.219835 -1.08605 -0.595089 0 0
0 0 101 -0.113446 -0.116421 -0.40694 -0.489644 0 0
0 0 102 0.416839 -0.71068 0.0396558 -0.347475 0 0
0 0 103 -0.557338 0.194755 0.204235 -0.0305412 0 0
0 0 104 -0.2396 0.360207 0.769716 0.196396 0 0
0 0 105 -0.384276 -0.6628 -0.701341 0.350723 0 0
0 0 106 0.411563 -0.744207 0.542295 1.01042 0 0
0 0 107 0.76254 -0.254712 -0.0713513 -0.186322 0 0
0 0 108 -0.00770903 -0.50685 -0.86328 -1.15016 0 0
0 0 109 0.648369 0.99233 0.327095 0.238342 0 0
0 0 110 1.36019 0.27821 -0.0097261 0.57615 0 0
0 0 111 0.233235 0.392719 -0.520967 0.0597783 0 0
0 0 112 0.684377 -0.238446 -0.460573 0.339208 0 0
0 0 113 0.747216 0.984743 0.85675 -0.913369 0 0
0 0 114 -0.18883 0.121442 -0.605503 -0.834349 0 0
0 0 115 -0.151526 0.0692255 0.728161 0.139526 0 0
0 0 116 -0.00231189 0.278806 -0.324527 -0.521316 0 0
0 0 117 0.912245 -0.820703 0.961322 0.682372 0 0
0 0 118 0.234196 1.05433 -0.117186 0.133006 0 0
0 0 119 0.854949 0.527139 -0.760474 0.550207 0 0
0 0 120 -0.751715 -0.610199 0.286983 -0.166454 0 0
0 0 121 0.526835 0.313234 0.505146 0.107628 0 0
0 0 122 -0.0631756 0.00748801 -0.290765 0.183759 0 0
0 0 123 -0.117712 -0.199521 -0.775205 0.621839 0 0
0 0 124 -0.508357 0.480215 -0.190758 0.379238 0 0
0 0 125 1.20454 0.808917 0.684404 -0.670628 0 0
0 0 126 -1.03599 -0.785462 0.223187 -0.491905 0 0
0 0 127 0.792938 -0.279193 -0.489092 -0.396552 0 0
0 0 128 -0.116528 1.01085 0.530663 -0.359783 0 0
0 0 129 -0.361153 -0.29793 0.781638 1.36697 0 0
0 0 130 -0.385229 0.850596 -0.0931744 0.100336 0 0
0 0 131 0.15883 0.197543 1.01203 0.975972 0 0
0 0 132 0.53661 -0.350436 -0.105985 1.11586 0 0
0 0 133 0.464472 0.634755 0.0137905 0.482975 0 0
0 0 134 0.839487 -0.306845 0.579036 -0.629001 0 0
0 0 135 -0.725074 -0.604425 -0.528504 0.298996 0 0
0 0 136 -0.973677 -0.115904 -0.0677071 0.803316 0 0
0 0 137 0.746186 -0.961301 1.02901 -0.0209062 0 0
0 0 138 -0.271601 0.192116 0.299701 0.836352 0 0
0 0 139 0.00117816 -0.377071 -0.358642 -0.0403765 0 0
0 0 140 1.08602 0.603144 -0.464919 1.27189 0 0
0 0 141 0.0218123 1.60872 0.240377 -0.591759 0 0
0 0 142 1.07307 -0.569401 0.140629 0.535855 0 0
0 0 143 0.94926 -0.529026 0.136902 0.231476 0 0
0 0 144 -0.164752 0.28516 -0.343605 0.415493 0 0
0 0 145 -0.332694 -0.641759 0.399304 0.423404 0 0
0 0 146 -0.0561395 0.284908 -0.195964 0.214336 0 0
0 0 147 1.40826 0.460417 0.118953 0.315804 0 0
0 0 148 -1.4779 -1.06411 -0.811501 0.675993 0 0
0 0 149 -0.00396273 -0.288063 -0.202426 0.174605 0 0
0 0 150 -0.123876 0.518032 0.804495 -0.474607 0 0
0 0 151 0.401262 -0.205313 0.562177 0.0179969 0 0
0 0 152 -0.791607 0.301339 0.498956 -0.375134 0 0
0 0 153 -0.0748602 -1.30972 -0.0390026 -0.504261 0 0
0 0 154 -1.16389 0.002428 -1.98253 -1.20976 0 0
0 0 155 -0.785401 -0.225674 -0.0747197 -0.220244 0 0
0 0 156 -0.112561 -1.06491 0.0277227 0.0119026 0 0
0 0 157 0.567232 -1.18701 -0.779219 0.138323 0 0
0 0 158 -0.180061 -0.00207911 -0.0738916 0.0736861 0 0
0 0 159 -0.370594 0.221381 0.646058 -0.154096 0 0
0 0 160 0.619109 0.367286 0.635229 -0.364356 0 0
0 0 161 0.312574 0.268329 0.709248 0.363423 0 0
0 0 162 0.904156 0.779809 -0.481593 -0.325737 0 0
0 0 163 1.0483 -0.725413 -0.305591 0.303704 0 0
0 0 164 0.768691 0.588347 0.377518 0.618609 0 0
0 0 165 0.125315 -0.974945 0.223025 0.835651 0 0
0 0 166 -0.661764 -0.42652 1.03011 0.495007 0 0
0 0 167 1.00692 0.45291 -0.522209 -1.33937 0 0
0 0 168 0.718437 -0.99182 0.45903 0.183921 0 0
0 0 169 -0.660898 -0.0603471 -0.349581 1.53471 0 0
0 0 170 -0.209216 -0.447083 0.511393 -0.182328 0 0
0 0 171 0.498527 -0.0494685 -0.5399 0.671973 0 0
0 0 172 -0.0122292 -0.297091 -0.95206 -1.78357 0 0
0 0 173 -0.533953 -0.197019 -0.453556 0.511932 0 0
0 0 174 0.594344 -1.27261 -0.546281 -0.751438 0 0
0 0 175 -0.5326 0.206511 -0.55685 0.628353 0 0
0 0 176 0.033725 0.863093 -1.09454 -1.0318 0 0
0 0 177 -0.0421851 -0.668735 0.297219 -0.0692455 0 0
0 0 178 0.249619 -0.711418 -0.272835 0.870297 0 0
0 0 179 0.0563747 -1.27537 0.0879169 -0.383435 0 0
0 0 180 0.837467 -0.343743 -0.615462 0.515419 0 0
0 0 181 1.09251 0.257561 -0.797698 -1.15972 0 0
0 0 182 -0.636882 0.00395998 0.921966 -1.318 0 0
0 0 183 0.356621 -0.33711 -0.968767 1.06432 0 0
0 0 184 0.797346 -1.21639 0.858197 -0.118532 0 0
0 0 185 1.40431 0.502053 1.18313 0.172908 0 0
0 0 186 -0.0255855 0.100519 0.208521 0.746396 0 0
0 0 187 0.90055 -0.305936 -0.773533 -0.371454 0 0
0 0 188 0.310541 0.546623 0.246126 -0.295023 0 0
0 0 189 -0.465025 0.775256 -0.443677 0.921406 0 0
0 0 190 0.475396 -1.33768 0.722099 -0.508839 0 0
0 0 191 -0.247567 -0.800256 0.272923 0.698774 0 0
0 0 192 1.24456 -0.579246 -0.783188 -0.222154 0 0
0 0 193 0.624389 -0.537757 -0.127503 0.585459 0 0
0 0 194 -0.262447 -0.0553569 -0.783817 -0.1032 0 0
0 0 195 1.10234 0.161671 0.235556 -0.475092 0 0
0 0 196 0.381089 1.39526 -0.70541 -0.0933221 0 0
0 0 197 -0.380891 -0.512441 -0.860862 -0.122062 0 0
0 0 198 0.996276 -0.632257 -0.195255 0.5754 0 0
0 0 199 -0.217727 -0.0816906 -0.00359701 -0.406695 0 0
0 0 200 -0.253135 0.340536 0.112394 -0.149988 0 0
0 0 201 1.45793 0.359646 0.0191006 1.16741 0 0
0 0 202 0.779564 -0.431962 0.231102 0.553438 0 0
0 0 203 0.16862 -0.310785 1.17726 0.355587 0 0
0 0 204 -0.128433 -0.321032 0.0638727 0.374537 0 0
0 0 205 -0.658672 -0.550887 -0.460222 0.195991 0 0
0 0 206 0.674202 0.157067 1.06288 0.204253 0 0
0 0 207 -0.758907 -0.808709 0.00877848 -0.0723861 0 0
0 0 208 -0.0730077 -0.162258 -0.244206 -0.381085 0 0
0 0 209 0.300846 0.794854 -0.0843321 -1.01113 0 0
0 0 210 0.10526 -0.493241 0.0248953 1.49706 0 0
0 0 211 -0.0804004 -0.493057 -1.66679 0.0908877 0 0
0 0 212 -0.188787 -0.571133 -0.508718 0.332691 0 0
0 0 213 0.867707 -0.0787946 1.23111 -1.03959 0 0
0 0 214 -0.588602 -0.191997 0.384818 -0.594659 0 0
0 0 215 -0.285655 -1.40499 0.174445 -0.164124 0 0
0 0 216 1.22319 -0.054273 0.161162 0.00774587 0 0
0 0 217 -0.399334 0.509126 -0.370124 0.735617 0 0
0 0 218 0.192569 0.453573 -0.0234765 0.638823 0 0
0 0 219 0.954345 0.458467 1.04128 1.98024 0 0
0 0 220 0.538409 -0.650578 -0.195645 -0.206223 0 0
0 0 221 -0.281059 0.188984 0.994638 0.542883 0 0
0 0 222 0.490875 -0.147948 0.294916 -0.470697 0 0
0 0 223 0.394813 0.269428 -0.577047 -0.0135934 0 0
0 0 224 0.887265 0.267996 0.745077 0.0904333 0 0
0 0 225 0.778874 0.471579 0.947149 0.783414 0 0
0 0 226 0.480119 -0.176864 0.21759 1.07164 0 0
0 0 227 0.175418 -0.447821 -0.094439 -0.6765 0 0
0 0 228 1.02673 0.140804 0.52993 0.951711 0 0
0 0 229 0.741707 0.239595 1.202 1.13358 0 0
0 0 230 0.451865 0.31999 0.467258 0.144879 0 0
0 0 231 0.1921 0.0382449 -0.892951 -1.26453 0 0
0 0 232 0.584605 -1.31263 -0.612608 -1.06672 0 0
0 0 233 0.534466 0.134668 -0.490949 -0.424915 0 0
0 0 234 -0.156552 0.0517522 0.349822 0.5103 0 0
0 0 235 -0.190936 -0.0127249 -1.38003 -1.06784 0 0
0 0 236 0.210299 -0.656849 0.679575 -0.768723 0 0
0 0 237 0.0635629 0.239167 0.310934 -0.0797601 0 0
0 0 238 -1.17387 0.627252 1.00794 -0.0923772 0 0
0 0 239 0.0329841 0.550203 0.392191 0.543803 0 0
0 0 240 -0.462725 -0.701607 0.67587 0.340982 0 0
0 0 241 0.176709 0.78511 -0.094653 0.735937 0 0
0 0 242 1.1142 -1.73001 -0.059855 -0.270449 0 0
0 0 243 -0.859616 -0.594982 -0.787228 0.134628 0 0
0 0 244 0.23436 0.00217072 -0.153616 -0.286327 0 0
0 0 245 -0.0500008 -0.327752 0.0363773 0.356625 0 0
0 0 246 -0.310389 0.111045 -0.519538 -0.947086 0 0
0 0 247 0.194137 0.368484 0.99062 0.281227 0 0
0 0 248 1.19261 -0.159773 0.72912 0.199763 0 0
0 0 249 -0.718158 0.0669581 0.392092 -0.779091 0 0
0 0 250 -2.45047 -1.0112 -1.28261 0.935201 0 0
0 0 251 -0.232878 -0.415673 -1.20066 0.778925 0 0
0 0 252 -0.978582 1.12573 0.235054 0.0605815 0 0
0 0 253 -0.65155 -0.0778793 -1.047 -0.404087 0 0
0 0 254 -0.464134 -1.52667 -0.618414 -0.0381365 0 0
0 0 255 0.401311 0.493158 0.686604 -1.41707 0 0
0 0 256 -0.616918 0.603333 0.107645 -0.129449 0 0
0 0 257 -0.479844 -0.569163 0.867147 -1.08385 0 0
0 0 258 -0.484392 -0.204672 1.10427 0.682175 0 0
0 0 259 0.110872 0.983735 0.0301272 0.222744 0 0
0 0 260 -0.0696251 -0.54351 0.64054 -0.149578 0 0
0 0 261 -0.21206 -0.388976 0.547203 0.0233926 0 0
0 0 262 0.0779091 0.146022 -0.00628818 -0.375243 0 0
0 0 263 0.34749 -0.761567 -0.0705306 -0.308531 0 0
0 0 264 0.920578 -0.215515 -0.210744 0.36991 0 0
0 0 265 -0.097581 -0.817713 -0.284097 -0.476503 0 0
0 0 266 -0.490647 -0.106912 0.451426 0.412014 0 0
0 0 267 0.198766 -0.134764 0.627873 0.313309 0 0
0 0 268 -0.0640966 0.0968635 -1.18653 -0.71334 0 0
0 0 269 0.428258 -0.113945 0.54141 1.17294 0 0
0 0 270 -0.0828444 -1.73955 -0.421027 -1.44848 0 0
0 0 271 0.294228 0.611399 0.336446 0.583979 0 0
0 0 272 0.390258 0.0942731 -0.431207 0.233314 0 0
0 0 273 -0.472953 -0.364802 -0.421271 0.560858 0 0
0 0 274 -1.48725 -0.569151 0.288258 0.0640948 0 0
0 0 275 -0.21644 0.214451 -0.435588 0.283134 0 0
0 0 276 1.31659 0.221466 0.801794 -1.15401 0 0
0 0 277 0.232912 -0.38641 -0.643597 -0.254637 0 0
0 0 278 -0.928393 -0.594461 1.43978 0.204409 0 0
0 0 279 -0.326397 -0.880167 0.0472004 1.16667 0 0
0 0 280 0.0233337 -0.709914 0.517184 0.488881 0 0
0 0 281 -0.775438 0.0796226 -0.394608 0.303108 0 0
0 0 282 -1.07728 0.873035 -1.211 0.256787 0 0
0 0 283 -0.861906 0.240703 -0.538364 -0.105465 0 0
0 0 284 0.0950597 0.0110341 0.455256 -0.156806 0 0
0 0 285 0.141799 0.914003 -0.235398 0.0772651 0 0
0 0 286 -0.855714 0.107502 0.224237 -0.21268 0 0
0 0 287 0.97122 0.722443 0.384632 -0.0658266 0 0
0 0 288 1.09175 0.80642 -0.888155 -0.89041 0 0
0 0 289 -0.359486 -1.3171 0.924703 0.00642203 0 0
0 0 290 1.24582 1.02984 0.413868 0.458562 0 0
0 0 291 0.623191 -0.0517362 1.54014 0.0446483 0 0
0 0 292 -0.732209 -0.120375 0.588672 1.11043 0 0
0 0 293 0.446983 -0.516371 -0.178996 0.220546 0 0
0 0 294 0.764524 0.0824378 -0.209427 0.612273 0 0
0 0 295 0.711757 -1.12265 0.50001 -0.605818 0 0
0 0 296 -0.0476822 0.0898776 -0.310718 0.248951 0 0
0 0 297 0.698047 0.12384 -0.998275 0.592094 0 0
0 0 298 -0.383138 -0.410588 -0.793271 0.828972 0 0
0 0 299 0.784125 -0.537391 0.715415 0.970949 0 0
0 0 300 -0.564094 -1.02693 0.0303972 0.379919 0 0
0 0 301 -0.342 0.649777 0.878997 0.264593 0 0
0 0 302 -0.445464 0.507276 -0.486958 -0.410233 0 0
0 0 303 0.152757 -0.645799 -0.489496 0.462962 0 0
0 0 304 1.05509 -0.742106 0.907506 0.0903717 0 0
0 0 305 0.200908 1.24103 -0.127718 0.529581 0 0
0 0 306 0.325984 -0.714859 -0.302233 0.991001 0 0
0 0 307 0.0227249 0.555682 0.475032 1.1612 0 0
0 0 308 0.0874833 0.902887 0.67143 -0.646813 0 0
0 0 309 -0.230899 -0.392539 0.261246 0.373039 0 0
0 0 310 0.77286 -0.370918 -0.431764 0.188216 0 0
0 0 311 0.264933 0.762465 0.394182 -1.41378 0 0
0 0 312 0.179754 -0.979344 -0.36766 0.886313 0 0
0 0 313 0.943129 -0.169715 0.247623 -0.248555 0 0
0 0 314 0.80493 0.0128496 -0.773672 0.49597 0 0
0 0 315 0.980014 1.08295 -1.72161 0.8318 0 0
0 0 316 -0.392069 0.532589 -0.131871 -0.400446 0 0
0 0 317 -0.188328 -0.466999 -1.02245 -0.172085 0 0
0 0 318 0.14305 -0.449527 0.194595 0.0399062 0 0
0 0 319 0.730703 0.507666 -0.371278 0.175826 0 0
0 0 320 0.128799 -0.801736 0.951885 -0.587783 0 0
0 0 321 0.216451 -0.290897 -0.395083 0.611739 0 0
0 0 322 0.0927389 -0.685705 -0.936382 -0.352902 0 0
0 0 323 1.00319 -1.13054 0.284568 -0.640942 0 0
0 0 324 0.178575 0.862335 0.059053 -1.3262 0 0
0 0 325 -0.540037 0.193928 -2.79648 0.579775 -43.0165 5.87613
0 0 326 0.287841 -0.308446 0.0504279 -0.394803 0 0
0 0 327 0.228287 0.615376 -0.756011 -0.16757 0 0
0 0 328 0.296935 0.0764616 -0.228338 0.6126 0 0
0 0 329 0.116468 1.01039 -0.239163 -0.11454 0 0
0 0 330 0.281097 -1.14003 0.611565 1.03828 0 0
0 0 331 0.327394 0.255732 0.856391 0.055574 0 0
0 0 332 0.951068 0.400897 0.397566 0.703195 0 0
0 0 333 -0.686697 0.903006 -0.535246 0.277859 0 0
0 0 334 -0.196616 -0.810787 -0.0913778 -0.334549 0 0
0 0 335 0.85699 0.548996 0.978207 0.59326 0 0
0 0 336 -0.388679 -1.65822 -0.342352 -0.139107 0 0
0 0 337 -0.432578 -0.479922 0.391258 0.737849 0 0
0 0 338 -0.485555 0.126645 0.111142 0.204082 0 0
0 0 339 0.067771 -0.314255 -0.213878 0.274883 0 0
0 0 340 -0.728969 0.237549 -0.071217 -0.728702 0 0
0 0 341 -0.133737 0.442382 -0.585692 -0.0537794 0 0
0 0 342 0.502493 0.558787 -0.116299 -0.405553 0 0
0 0 343 -0.150164 1.60251 1.06079 -1.16363 0 0
0 0 344 -1.07923 0.0191658 0.0252755 -0.00574436 0 0
0 0 345 -0.508546 0.722712 0.0372302 -0.871026 0 0
0 0 346 0.169253 0.0808943 1.02794 0.416529 0 0
0 0 347 0.974145 0.965372 0.851664 -0.735513 0 0
0 0 348 0.702309 0.217315 0.213401 0.233049 0 0
0 0 349 0.239418 -0.340036 -0.118029 0.108447 0 0
0 0 350 0.27851 -0.648134 -0.203546 -0.41749 0 0
0 0 351 -0.238485 -1.37518 -0.559409 0.15924 0 0
0 0 352 0.494038 -1.04553 0.957801 0.832669 0 0
0 0 353 -0.906004 -1.59423 0.681553 0.768552 0 0
0 0 354 -1.42672 -0.522414 0.231273 -0.309531 0 0
0 0 355 0.618711 -0.05038 -1.85245 -0.400964 0 0
0 0 356 -0.339143 -0.308918 0.510077 0.32734 0 0
0 0 357 0.308266 -0.964108 -0.0382072 0.0931608 0 0
0 0 358 0.907739 -1.51219 -0.53998 -0.773754 0 0
0 0 359 1.19076 -0.189336 0.366369 0.0565042 0 0
0 0 360 0.423003 -0.936141 -0.127937 0.826971 0 0
0 0 361 -0.350235 -0.302676 -0.232589 0.415192 0 0
0 0 362 0.779311 -0.961307 -0.471069 0.0438332 0 0
0 0 363 -0.106303 -0.875255 -0.760739 0.298247 0 0
0 0 364 -0.548915 0.661561 -0.360247 -0.550615 0 0
0 0 365 -0.779747 -0.548871 -1.1111 -1.10453 0 0
0 0 366 -0.831705 -0.581956 0.916732 -0.254463 0 0
0 0 367 0.350212 0.0222615 -0.427354 -0.135034 0 0
0 0 368 0.210519 0.474116 0.162061 0.634214 0 0
0 0 369 0.536988 0.504687 -0.513514 -0.369141 0 0
0 0 370 0.383896 -0.921104 0.109319 -0.891713 0 0
0 0 371 0.460145 -0.906169 0.105786 0.56049 0 0
0 0 372 -0.623198 0.0822549 -0.0459593 0.185726 0 0
0 0 373 0.82252 -0.18252 1.37886 1.38108 0 0
0 0 374 1.54003 0.594692 -0.673922 -1.78877 0 0
0 0 375 -0.670332 0.522387 -0.678692 0.626259 0 0
0 0 376 -0.57427 0.10788 0.69658 -0.151754 0 0
0 0 377 0.0473742 1.62193 0.0578547 0.567812 0 0
0 0 378 0.426307 -0.121017 0.377872 0.3857 0 0
0 0 379 -0.459339 -0.0760371 0.426992 -0.159091 0 0
0 0 380 -0.412103 0.278133 0.798024 -0.260499 0 0
0 0 381 -0.600614 -0.621047 -0.0811526 -1.03201 0 0
0 0 382 1.64075 0.236088 -0.61121 -0.776482 0 0
0 0 383 0.572515 0.372421 0.0343443 -0.14913 0 0
0 0 384 -0.0205935 -0.145808 0.757138 0.390376 0 0
0 0 385 0.0451125 -0.66627 -0.725176 0.99067 0 0
0 0 386 1.18742 0.880389 -0.372612 0.798449 0 0
0 0 387 0.152168 -0.376876 0.545282 0.0821097 0 0
0 0 388 0.622408 -0.574037 -0.518158 -0.510003 0 0
0 0 389 -0.74928 0.197272 -0.162046 -0.337095 0 0
0 0 390 -0.392894 -1.03263 -0.693914 -0.39342 0 0
0 0 391 1.14113 1.1055 0.188978 0.59461 0 0
0 0 392 0.644018 0.823408 -0.308213 -0.537975 0 0
0 0 393 -0.321208 0.218118 -0.604391 0.286742 0 0
0 0 394 0.174687 -0.344277 1.54443 -1.0883 0 0
0 0 395 -0.126163 -0.272071 0.869463 -0.264571 0 0
0 0 396 0.440867 0.280609 0.466506 -0.701312 0 0
0 0 397 -0.0760067 0.28119 -0.675648 -0.36856 0 0
0 0 398 0.329822 0.851509 0.788465 -0.632266 0 0
0 0 399 -0.560794 0.51587 0.652381 -0.311302 0 0
0 0 400 0.0734881 1.00803 -0.519464 -0.70102 0 0
0 0 401 -0.0983846 -0.708134 0.132257 0.0640935 0 0
0 0 402 0.546446 -0.00857407 -0.291492 -0.594359 0 0
0 0 403 -0.190296 -0.461619 0.713377 -0.0775915 0 0
0 0 404 1.26514 0.657466 0.806924 0.82691 0 0
0 0 405 0.679202 -0.409395 -0.78802 -0.630919 0 0
0 0 406 -0.446823 -0.92868 0.280687 -0.182257 0 0
0 0 407 0.800647 -0.553472 -0.556292 -0.0535228 0 0
0 0 408 -0.136257 -0.977614 0.55844 0.889228 0 0
0 0 409 0.333237 0.786657 -0.198826 0.438276 0 0
0 0 410 0.0321815 -0.890593 -0.358991 -0.212548 0 0
0 0 411 -1.18568 -0.108113 0.664747 0.687398 0 0
0 0 412 0.674317 0.00534984 -1.37258 -1.10713 0 0
0 0 413 -0.154649 -0.252749 0.682778 -1.56396 0 0
0 0 414 -0.808852 0.0948034 0.0838623 -0.298695 0 0
0 0 415 -0.669351 0.561862 0.205855 0.245981 0 0
0 0 416 0.0108382 -1.48077 0.453109 0.610916 0 0
0 0 417 0.264411 0.508459 -0.629159 -0.235483 0 0
0 0 418 0.960355 0.420524 0.123788 -0.497459 0 0
0 0 419 -0.743369 0.00455394 -0.0851383 -1.50396 0 0
0 0 420 -0.923467 0.59557 0.468913 0.618481 0 0
0 0 421 -0.802782 -0.651393 -0.725776 0.241384 0 0
0 0 422 -0.0567707 0.318522 -0.740914 -1.23143 0 0
0 0 423 0.614412 1.31809 0.059315 -0.0376158 0 0
0 0 424 0.503461 0.834998 -0.35655 -0.424868 0 0
0 0 425 0.616146 -0.350366 0.29203 1.27176 0 0
0 0 426 0.902785 -0.1077 -1.67613 -0.462137 0 0
0 0 427 -1.01099 -1.62624 -0.0699038 0.877851 0 0
0 0 428 -0.123269 -0.0127137 -1.14052 -0.974299 0 0
0 0 429 0.216525 -0.542526 -0.239742 -0.910688 0 0
0 0 430 0.571663 0.480672 1.13601 -0.697847 0 0
0 0 431 1.35289 0.130025 0.527548 0.573595 0 0
0 0 432 -0.146917 0.761582 -0.113122 0.0714813 0 0
0 0 433 1.22666 -0.770207 -0.0569736 -0.268397 0 0
0 0 434 -0.458478 -0.252601 -1.34247 -0.692122 0 0
0 0 435 0.208852 -0.420623 -0.361059 0.318222 0 0
0 0 436 1.28029 0.139858 0.400712 -0.116787 0 0
0 0 437 -0.219491 -0.39517 -0.537732 1.02997 0 0
0 0 438 0.420158 -0.611181 -0.500279 0.479913 0 0
0 0 439 -1.52955 -0.327999 -0.719828 -0.0461693 0 0
0 0 440 0.936619 0.67741 -0.222117 0.663208 0 0
0 0 441 -1.04495 -0.128486 -0.265727 1.19824 0 0
0 0 442 0.0380649 0.262422 -0.207061 0.396936 0 0
0 0 443 0.206886 0.223945 0.603651 0.541093 0 0
0 0 444 -0.187724 0.00598127 -0.468732 0.1068 0 0
0 0 445 -1.17505 -0.62218 0.508753 0.692448 0 0
0 0 446 0.59791 0.837636 -0.0467414 -0.499654 0 0
0 0 447 0.109356 0.867566 -0.545068 0.342336 0 0
0 0 448 -0.0579772 -0.135565 -0.2225 1.01 0 0
0 0 449 -0.092889 0.358431 0.658286 -0.0888266 0 0
0 0 450 -0.506639 0.655577 0.301647 0.35249 0 0
0 0 451 -0.959597 0.882356 0.319993 -0.317274 0 0
0 0 452 0.177882 0.1049 0.179527 -0.577593 0 0
0 0 453 -1.58913 -0.517767 -0.0520409 -0.862324 0 0
0 0 454 1.11016 0.641691 -0.318798 -0.0699596 0 0
0 0 455 -1.16766 -0.107769 0.894633 0.687243 0 0
0 0 456 -0.917553 0.191929 -0.970228 0.388275 0 0
0 0 457 -0.785384 -0.163688 -0.604129 0.214003 0 0
0 0 458 -0.859568 -0.321166 0.0510153 -0.531704 0 0
0 0 459 -0.211263 0.683883 -0.208613 1.2606 0 0
0 0 460 0.428249 -0.720927 -0.402809 -0.887947 0 0
0 0 461 -0.527574 0.481539 1.22053 -0.673747 0 0
0 0 462 1.54595 0.268037 0.199345 0.548389 0 0
0 0 463 -0.395936 0.256459 1.41748 -0.488133 0 0
0 0 464 0.601606 0.0589056 -0.780779 -1.44491 0 0
0 0 465 0.717916 0.377115 -0.511347 -0.129739 0 0
0 0 466 0.543473 0.815689 1.36755 -0.488748 0 0
0 0 467 0.109134 -0.748968 -0.00577194 -0.97959 0 0
0 0 468 -0.98406 -0.321242 -0.369088 0.825534 0 0
0 0 469 0.0640509 0.315151 0.875923 1.03327 0 0
0 0 470 1.14894 -0.481087 -0.714391 0.235094 0 0
0 0 471 0.951055 0.455474 0.140379 0.963212 0 0
0 0 472 -0.404226 -0.0231337 -0.0534264 0.271309 0 0
0 0 473 0.354152 0.418011 -0.0789259 0.50073 0 0
0 0 474 -0.0100541 -0.360979 -0.532817 0.0782113 0 0
0 0 475 -0.918693 -1.26507 -0.730614 0.352826 0 0
0 0 476 -0.667665 0.368688 -1.16946 0.616768 0 0
0 0 477 -0.904174 0.186665 0.825696 0.11676 0 0
0 0 478 -0.359157 -0.455368 0.327868 -0.568161 0 0
0 0 479 0.13208 0.218297 0.399896 -0.502448 0 0
0 0 480 -1.12976 0.447089 -0.466051 -0.64589 0 0
0 0 481 0.504495 0.239357 -0.340378 0.629624 0 0
0 0 482 -0.349809 -0.689841 0.137474 1.81137 0 0
0 0 483 -0.273894 -0.40392 -0.650645 -0.558962 0 0
0 0 484 0.621338 0.410136 -0.510374 1.25437 0 0
0 0 485 -0.415739 -0.121654 -0.226411 0.097408 0 0
0 0 486 -0.55848 -0.462357 -0.349569 1.17868 0 0
0 0 487 0.555305 0.0600747 0.246824 0.242404 0 0
0 0 488 1.13556 0.59929 0.183432 -0.163519 0 0
0 0 489 -0.121072 -0.130378 -0.303314 -0.847384 0 0
0 0 490 -1.04111 0.0983573 0.781533 1.52963 0 0
0 0 491 -0.216007 -0.67109 0.739237 0.796191 0 0
0 0 492 0.0439005 0.380335 0.472734 0.0401558 0 0
0 0 493 -0.903441 0.165973 -0.0248271 0.883213 0 0
0 0 494 1.24093 0.104308 0.439956 -0.795928 0 0
0 0 495 -0.857074 0.919628 0.245449 0.597342 0 0
0 0 496 0.365901 1.13845 1.01976 0.34138 0 0
0 0 497 -0.431961 -1.04588 -0.138805 0.40355 0 0
0 0 498 -0.18051 0.479039 -1.18227 -1.07935 0 0
0 0 499 0.050016 -0.799206 -1.21151 -0.323712 0 0
0 0 500 -0.673673 0.0332265 0.366305 -0.581733 0 0
0 0 501 -0.972386 -0.411716 0.176239 0.083315 0 0
0 0 502 -0.116428 -0.397058 -0.60697 -0.289871 0 0
0 0 503 -0.00583889 0.392016 -0.388966 0.878146 0 0
0 0 504 1.57933 0.494264 2.40053 0.778007 39.1827 6.75856
0 0 505 0.411084 0.582933 -0.898328 -0.689393 0 0
0 0 506 1.18421 -0.370927 0.821571 -0.424566 0 0
0 0 507 -1.0351 0.146421 0.0217186 0.618703 0 0
0 0 508 -0.855614 -0.674761 -0.1465 -0.399248 0 0
0 0 509 0.32881 -0.191812 0.126627 -0.821762 0 0
0 0 510 -0.787233 0.383549 0.342724 -0.904555 0 0
0 0 511 -0.376006 -0.125837 0.769684 0.45481 0 0
0 0 512 0.266284 -0.166927 0.648041 0.327592 0 0
0 0 513 -0.174886 -0.813364 -0.802796 0.298847 0 0
0 0 514 0.468876 0.190105 -0.696448 0.841512 0 0
0 0 515 0.193024 -0.745089 0.393628 0.52187 0 0
0 0 516 0.364509 -1.07527 0.434931 -0.103252 0 0
0 0 517 0.609363 0.168076 -0.0347234 1.43053 0 0
0 0 518 -0.307818 0.166266 0.809308 0.190392 0 0
0 0 519 -0.47347 -0.192309 0.163563 -0.347408 0 0
0 0 520 0.155793 0.0960869 0.196177 -0.650057 0 0
0 0 521 0.152632 0.130272 1.04317 -0.806387 0 0
0 0 522 0.362203 -0.573984 0.476653 0.309489 0 0
0 0 523 0.104843 -0.0306931 -0.966471 0.307393 0 0
0 0 524 -0.233821 1.2616 0.901121 -0.0954288 0 0
0 0 525 0.364121 0.159902 0.250292 -0.740611 0 0
0 0 526 0.151818 0.456518 -0.992328 0.0564287 0 0
0 0 527 0.0607651 0.488319 -0.504939 0.734349 0 0
0 0 528 -0.572451 -1.29834 0.518266 -0.00519188 0 0
0 0 529 0.103914 -0.675897 -0.815725 -0.920726 0 0
0 0 530 -0.731581 0.183986 -1.09153 -1.34343 0 0
0 0 531 -0.4035 0.451911 0.178203 -0.0714725 0 0
0 0 532 0.213134 -0.0727527 0.00725824 -0.417496 0 0
0 0 533 -0.258845 -0.917353 -0.796657 0.662287 0 0
0 0 534 1.16889 0.439488 -0.450374 0.117042 0 0
0 0 535 0.312411 -0.00935426 0.516842 1.51994 0 0
0 0 536 0.4236 -0.198923 -1.61284 -0.705155 0 0
0 0 537 0.804421 -0.0944635 0.754714 -0.568814 0 0
0 0 538 0.423572 -0.981368 -0.561323 -0.527468 0 0
0 0 539 -0.588203 0.0348936 0.0516698 0.0355691 0 0
0 0 540 1.59398 0.0686914 0.240038 0.270695 0 0
0 0 541 0.628701 0.0566564 -0.0350384 -0.377016 0 0
0 0 542 1.29423 0.232854 0.0303448 -0.497627 0 0
0 0 543 1.49605 0.499586 0.637922 -0.162138 0 0
0 0 544 0.196938 0.523773 0.622334 0.351085 0 0
0 0 545 1.50455 -0.153142 0.712467 0.0587086 0 0
0 0 546 0.869853 -0.625984 0.284207 1.1589 0 0
0 0 547 0.151622 -0.96581 -0.416081 0.741987 0 0
0 0 548 -0.647593 -0.355116 -0.265442 0.406215 0 0
0 0 549 -0.778713 -0.771513 -1.52308 0.418123 0 0
0 0 550 0.775365 -0.713137 0.13706 0.233275 0 0
0 0 551 0.00270553 0.481495 0.295125 0.589294 0 0
0 0 552 1.1745 0.233309 0.248769 -0.968876 0 0
0 0 553 0.770517 1.33806 -0.779531 0.67781 0 0
0 0 554 -0.0111404 0.451591 -0.558931 0.383655 0 0
0 0 555 0.0715232 0.137987 1.1045 0.206093 0 0
0 0 556 1.1131 0.954429 0.601577 1.07877 0 0
0 0 557 -0.260249 -1.15783 0.688777 -0.0162099 0 0
0 0 558 0.359526 -0.341291 0.526214 1.16195 0 0
0 0 559 0.64435 0.461963 0.143439 1.28626 0 0
0 0 560 -0.1427 -0.313703 0.57074 0.268078 0 0
0 0 561 0.235284 -0.937515 0.236309 0.707904 0 0
0 0 562 -0.30518 0.322283 -0.0135096 -1.59538 0 0
0 0 563 0.557271 1.12496 -1.38953 -0.424897 0 0
0 0 564 -0.241758 -0.202547 0.471258 0.473587 0 0
0 0 565 -0.13287 0.470154 -0.330918 -0.294595 0 0
0 0 566 0.145966 0.0904319 0.0898977 -1.33751 0 0
0 0 567 -0.512609 -1.47519 -0.137746 0.432491 0 0
0 0 568 -0.224217 0.48518 0.978161 -0.651701 0 0
0 0 569 0.268451 -0.666805 1.38236 0.198375 0 0
0 0 570 -0.456474 -0.606809 -1.02031 0.736675 0 0
0 0 571 0.328497 -0.670014 -0.20134 -0.226783 0 0
0 0 572 -0.251301 0.439439 0.299736 -0.212758 0 0
0 0 573 0.375176 0.0259687 -0.466328 0.01028 0 0
0 0 574 0.519562 0.471269 1.51815 0.113087 0 0
0 0 575 -0.609062 -0.161842 0.33898 -0.294266 0 0
0 0 576 0.722674 0.384832 -0.378217 -0.0346639 0 0
0 0 577 -0.376496 0.124158 0.551935 -0.160782 0 0
0 0 578 0.625057 -0.0388559 0.0940233 1.10841 0 0
0 0 579 0.00602948 0.181402 1.80075 0.0474975 0 0
0 0 580 0.69806 0.529983 -0.0914762 0.290377 0 0
0 0 581 0.328207 -0.640153 0.158796 0.58861 0 0
0 0 582 0.356576 -0.0355621 -0.00497868 -1.385 0 0
0 0 583 0.315392 -0.185174 -0.471253 -0.609978 0 0
0 0 584 0.34675 -0.608738 0.353274 1.02838 0 0
0 0 585 0.37975 -0.398599 -0.188515 -0.593765 0 0
0 0 586 0.0894314 0.0179601 -0.0492803 0.218555 0 0
0 0 587 0.325897 -0.656116 -0.134727 0.28335 0 0
0 0 588 -0.0740882 -0.110834 -0.86106 -0.962642 0 0
0 0 589 1.01322 1.69655 0.997598 -0.0850081 0 0
0 0 590 -0.227136 -1.03323 -0.616403 -0.461627 0 0
0 0 591 0.553714 -0.430524 0.311589 -0.65076 0 0
0 0 592 0.684705 -0.157245 -0.0681812 -0.31607 0 0
0 0 593 0.691797 -0.0849203 -0.119683 0.270016 0 0
0 0 594 -0.586014 -0.617746 -0.462938 -0.532054 0 0
0 0 595 -0.511817 0.471605 0.406931 1.02726 0 0
0 0 596 0.41348 -0.341302 1.78856 -0.516805 0 0
0 0 597 0.219548 -0.0495399 0.388318 -0.34394 0 0
0 0 598 0.115162 0.438407 -0.0782779 0.330258 0 0
0 0 599 0.443139 -0.782972 0.388206 -0.872377 0 0
0 0 600 0.386144 -0.639079 -0.321142 -0.0505747 0 0
0 0 601 0.84432 1.08273 -2.03535 0.648652 -30.9943 7.38283
0 0 602 0.0352267 -0.51305 -0.390759 -1.36644 0 0
0 0 603 0.516019 1.03295 0.62728 -0.290294 0 0
0 0 604 -0.0867494 -0.960199 0.983933 0.653081 0 0
0 0 605 -0.155707 -1.13122 -0.727868 -0.245412 0 0
0 0 606 0.424986 -0.469689 1.29741 0.427707 0 0
0 0 607 -0.542988 -0.430367 1.84784 0.169875 0 0
0 0 608 0.965275 -0.0480836 0.794953 -0.803223 0 0
0 0 609 0.608173 -0.073483 0.310712 -0.354352 0 0
0 0 610 0.781268 -1.94081 1.18784 1.26403 74.266 8.01792
0 0 611 -0.246865 0.207971 -0.402663 -0.721599 0 0
0 0 612 0.853772 0.0961563 1.94352 0.928437 0 0
0 0 613 0.388797 1.21867 0.484433 -0.592091 0 0
0 0 614 -0.863744 -0.349474 -0.240013 1.16656 0 0
0 0 615 0.605239 -0.237144 -1.14142 -1.23221 0 0
0 0 616 -2.48442 -0.675212 0.434383 -0.119726 0 0
0 0 617 0.498638 0.305851 -1.11515 -0.620096 0 0
0 0 618 -0.218726 -0.720673 1.13751 -0.394054 0 0
0 0 619 -0.801686 -0.204567 -0.184924 0.0379038 0 0
0 0 620 0.0655351 0.0230811 -1.0194 -0.13558 0 0
0 0 621 -0.502044 -1.95097 -1.04643 -0.684617 -75.8962 8.29249
0 0 622 -0.346714 0.268429 -0.587814 0.725256 0 0
0 0 623 -0.311553 -0.285867 0.202118 0.2551 0 0
0 0 624 0.129803 -0.270689 0.371479 -1.38447 0 0
0 0 625 0.444433 -0.264747 1.2452 -0.228149 0 0
0 0 626 -0.493115 -0.362244 -0.650451 -0.482584 0 0
0 0 627 0.538276 -0.323085 1.13123 0.407558 0 0
0 0 628 0.36388 -0.570606 0.208941 -0.52627 0 0
0 0 629 0.936428 -0.346808 0.271367 0.139394 0 0
0 0 630 0.121427 0.329301 -0.125028 0.313991 0 0
0 0 631 0.561089 -0.69364 -0.492088 0.376564 0 0
0 0 632 1.43564 0.0117681 -0.206612 0.471642 0 0
0 0 633 0.173993 0.0718988 0.103967 -0.296931 0 0
0 0 634 1.66139 0.623834 0.230324 0.637129 0 0
0 0 635 1.46963 0.131591 -0.539568 0.194098 0 0
0 0 636 1.30955 0.237442 -0.114266 1.01088 0 0
0 0 637 1.84476 0.386853 0.595329 -0.766537 0 0
0 0 638 0.409702 -0.407373 0.33703 0.206714 0 0
0 0 639 1.06112 0.710462 -0.437553 -0.248369 0 0
0 0 640 1.24751 -0.498625 -0.513258 0.93487 0 0
0 0 641 2.10823 0.615796 0.198551 0.336164 0 0
0 0 642 2.18265 0.240128 -1.40989 -0.303729 0 0
0 0 643 1.95132 -0.591357 -0.521551 -0.930995 0 0
0 0 644 1.90593 0.15917 0.135354 0.953581 0 0
0 0 645 2.33973 -0.212566 -0.558549 -0.877246 0 0
0 0 646 2.06855 0.213457 -0.0842403 0.246042 0 0
0 0 647 4.00289 1.1177 0.492731 -0.167956 0 0
0 0 648 2.72515 -0.28428 -1.16622 0.343929 0 0
0 0 649 3.64305 -0.209078 -0.974894 -0.157392 0 0
0 0 650 4.39691 1.17091 -0.233768 -0.193646 0 0
0 0 651 5.60121 -0.246103 -2.05388 -0.366678 0 0
0 0 652 5.94488 0.887046 -1.67974 -0.120277 0 0
0 0 653 4.80315 0.551476 -1.25667 -0.303592 0 0
0 0 654 5.95415 0.115088 -2.04369 0.733615 0 0
0 0 655 6.63271 0.580741 -0.68675 0.393815 0 0
0 0 656 6.45925 1.36818 -1.19517 0.425089 0 0
0 0 657 7.45203 0.0733109 -1.30112 -0.577256 0 0
0 0 658 8.26303 1.02834 -1.2479 1.07195 0 0
0 0 659 6.21887 0.501726 -0.906427 0.210447 0 0
0 0 660 7.36313 0.0528038 -1.35062 0.460316 0 0
0 0 661 5.96233 1.74151 -1.05294 0.939615 0 0
0 0 662 6.50471 0.0595684 -0.648833 0.567086 0 0
0 0 663 7.06893 -0.10694 -0.617053 0.06145 0 0
0 0 664 4.9882 -0.254069 -0.717987 0.441459 0 0
0 0 665 6.27071 0.813388 -0.663915 0.469429 0 0
0 0 666 4.52952 -0.173052 -0.992723 0.193753 0 0
0 0 667 5.05434 -0.137515 -1.70888 -0.386615 0 0
0 0 668 4.38217 -0.209396 -0.725242 0.110018 0 0
0 0 669 6.52985 0.996488 -0.339478 -0.348905 0 0
0 0 670 4.61957 -0.814068 -1.25482 0.48975 0 0
0 0 671 4.42112 -0.942829 -0.502606 1.41756 0 0
0 0 672 4.98304 0.272926 -1.53693 0.66979 0 0
0 0 673 4.53755 -0.136655 -1.18024 0.854604 0 0
0 0 674 4.88522 -0.481936 -1.73506 0.758724 0 0
0 0 675 4.58167 0.19322 -1.39124 0.937739 0 0
0 0 676 4.33742 -0.795461 -2.05338 1.29002 -55.588 7.62631
0 0 677 5.70317 -0.584167 -1.426 -0.0802615 0 0
0 0 678 3.45482 0.252085 -0.894999 0.256749 0 0
0 0 679 4.52475 -1.06011 -2.14379 -0.392796 -58.1563 7.09163
0 0 680 3.57804 0.420243 -2.94671 0.430265 -40.9418 5.54708
0 0 681 3.80655 0.732794 -1.32629 -0.31178 0 0
0 0 682 3.84014 0.805865 -2.84888 -0.443963 -37.1027 5.62378
0 0 683 4.62622 0.631175 -1.73827 -0.464302 0 0
0 0 684 4.30023 -0.416205 -1.03614 1.18663 0 0
0 0 685 2.6956 -0.757694 -2.1061 0.819607 -54.8934 7.48504
0 0 686 5.21271 1.18555 -1.31936 0.459184 0 0
0 0 687 4.21921 0.416595 -1.55234 0.802191 0 0
0 0 688 5.03248 0.1745 -2.42322 0.518541 -42.9406 6.7804
0 0 689 4.45092 -1.08795 -2.69327 1.40745 -55.9982 5.79009
0 0 690 3.9011 0.666586 -2.48226 0.156564 -37.4842 6.47132
0 0 691 5.46917 -0.0549927 -3.6497 0.153662 -45.4316 4.50949
0 0 692 4.38056 0.14815 -4.07941 0.145723 -43.9601 4.03297
0 0 693 5.67163 0.500868 -3.52795 0.362306 -40.9598 4.63348
0 0 694 5.11096 0.755971 -5.30554 1.11213 -40.9453 3.08091
0 0 695 6.62839 1.5246 -4.00916 0.264538 -34.5896 3.91283
0 0 696 6.59038 1.50394 -3.56288 1.76046 -33.5573 4.35607
0 0 697 5.82129 0.669132 -4.9132 1.16564 -41.1223 3.32892
0 0 698 6.33121 0.361436 -6.13474 1.24655 -43.3141 2.67982
0 0 699 7.91145 -0.108361 -5.08346 0.415439 -45.6106 3.23737
0 0 700 6.55286 -0.487553 -5.73494 1.06975 -47.4296 2.86296
0 0 701 9.01991 0.110794 -5.91146 0.71492 -44.4631 2.78401
0 0 702 8.8287 0.384663 -6.85528 2.28095 -43.3942 2.39842
0 0 703 7.92262 -0.434869 -5.66916 1.76444 -47.1932 2.89751
0 0 704 8.49522 0.745026 -6.17641 2.13554 -41.561 2.65169
0 0 705 8.50453 1.54026 -6.91325 2.17912 -38.7199 2.3411
0 0 706 9.42665 2.13242 -7.25723 1.81376 -36.8127 2.20304
0 0 707 8.00675 1.13144 -6.78717 2.32007 -40.2678 2.40223
0 0 708 8.48113 -0.304227 -7.10513 0.687842 -46.2259 2.31512
0 0 709 8.4223 0.0352149 -6.68695 1.70687 -44.8491 2.46143
0 0 710 7.28125 1.05094 -5.7192 1.90002 -39.7939 2.84505
0 0 711 8.28356 0.0953884 -5.56356 1.34152 -44.5089 2.95816
0 0 712 7.43505 0.826705 -3.33482 2.09885 -38.0385 4.83406
0 0 713 8.33835 0.161157 -5.58363 0.605778 -44.1734 2.94698
0 0 714 7.76 -1.02971 -5.52802 -0.379696 -50.2758 2.94252
0 0 715 6.57705 -1.27097 -2.69067 0.181591 -57.6421 5.6876
0 0 716 8.55735 -0.642344 -2.86111 0.343292 -51.3268 5.65531
0 0 717 8.33704 -0.248854 -2.88703 0.366864 -47.4633 5.68673
0 0 718 7.21191 -0.65685 -1.15832 0.68986 0 0
0 0 719 9.82709 -0.378582 -2.24498 -0.599068 -49.786 7.26099
0 0 720 7.93244 0.235573 -2.06943 -0.706512 -41.7529 7.91852
0 0 721 10.3825 0.771308 -1.54944 -0.00399737 0 0
0 0 722 10.5689 0.536705 -1.01393 -0.733513 0 0
0 0 723 12.1194 1.19883 -1.30911 -0.584978 0 0
0 0 724 12.7715 0.807188 -0.332824 -0.0926698 0 0
0 0 725 15.8124 1.35596 -0.212082 -0.68094 0 0
0 0 726 17.7728 0.262259 0.618931 0.663388 0 0
0 0 727 20.9923 1.35379 1.70016 -1.38899 25.7354 8.02202
0 0 728 25.3858 0.951849 3.17152 -1.48804 36.6471 5.0349
0 0 729 28.5376 0.492214 3.94081 -1.91737 41.4403 4.15449
0 0 730 33.0439 2.51184 6.40166 -1.87004 34.2882 2.44315
0 0 731 37.9538 1.64892 8.50805 -2.26751 39.5158 1.91002
0 0 732 42.1009 0.879372 10.3662 -2.96079 42.5756 1.5839
0 0 733 47.0951 1.26031 13.0528 -5.03138 42.2424 1.25698
0 0 734 51.0926 3.04303 14.7531 -4.18152 39.1727 1.09965
0 0 735 54.874 1.86351 16.1258 -3.88542 41.7041 1.01605
0 0 736 58.1188 0.727999 19.6032 -3.33748 43.9366 0.839241
0 0 737 59.7997 1.7301 20.1487 -2.08176 42.5461 0.814845
0 0 738 59.2135 1.2824 18.7326 -3.33752 43.0419 0.877252
0 0 739 59.1624 0.832569 19.913 -2.33832 43.8029 0.82608
0 0 740 57.6672 1.67345 18.5674 -2.05609 42.425 0.884018
0 0 741 55.2195 3.3233 17.5088 -1.32735 39.6263 0.928619
0 0 742 51.6332 2.16533 17.2295 -1.01248 41.4184 0.95017
0 0 743 49.1397 2.73918 15.6553 -0.609457 40.0378 1.04047
0 0 744 45.4779 2.32509 13.1836 0.443271 39.999 1.23533
0 0 745 43.5964 2.37194 11.5053 -0.291156 39.1755 1.41009
0 0 746 41.679 2.06714 10.738 0.716228 39.5517 1.51363
0 0 747 38.6661 2.37683 10.4694 0.670058 38.6046 1.54491
0 0 748 37.2816 1.4712 7.17322 1.09708 39.2048 2.26201
0 0 749 35.0393 2.63499 6.99393 0.112223 34.6779 2.2449
0 0 750 34.9497 1.97499 6.28812 -0.137831 36.2817 2.53228
0 0 751 32.8476 2.02466 6.38161 0.83118 36.1988 2.49354
0 0 752 29.8745 2.77711 5.37525 0.559544 31.3385 2.8091
0 0 753 28.7393 2.04402 4.83616 0.483575 33.5442 3.20873
0 0 754 28.4785 1.89406 3.9445 0.317325 32.1754 3.87078
0 0 755 26.0306 1.52801 3.91234 0.927598 34.3331 3.99949
0 0 756 26.1562 2.70554 3.39448 1.70327 25.7219 4.01666
0 0 757 24.1112 1.68379 2.28253 0.223343 26.7922 6.11594
0 0 758 24.631 1.34762 2.18472 -0.309884 29.166 6.68416
0 0 759 22.1807 2.46636 1.69601 -0.317474 17.2573 6.0573
0 0 760 22.2636 1.60576 0.866561 0.585034 0 0
0 0 761 21.7668 0.991063 2.20355 -1.07025 32.8919 6.99006
0 0 762 20.5478 1.2941 2.27428 -0.255677 30.1797 6.52754
0 0 763 19.1386 1.26673 0.897214 -0.39072 0 0
0 0 764 18.1328 1.28904 1.01841 0.193067 0 0
0 0 765 17.4471 0.537792 0.235138 -0.795295 0 0
0 0 766 17.2272 1.17949 1.70979 -1.44386 0 0
0 0 767 15.5307 0.372518 1.37331 -0.472684 0 0
0 0 768 15.0335 0.0783634 0.846533 -1.33379 0 0
0 0 769 14.5364 -0.482911 0.720726 -0.585121 0 0
0 0 770 13.2851 0.688933 0.874203 -0.89754 0 0
0 0 771 13.1888 -0.0386281 0.632818 -1.92961 0 0
0 0 772 12.1947 -0.101154 1.00737 -2.12978 0 0
0 0 773 12.0028 -0.127941 0.129919 -0.952864 0 0
0 0 774 10.7683 -0.382081 0.0259479 0.901834 0 0
0 0 775 9.42914 0.477526 0.632232 -1.85054 0 0
0 0 776 7.95948 -0.582787 -0.981165 -2.02194 0 0
0 0 777 8.95936 -0.139257 0.039893 -2.06086 0 0
0 0 778 7.3031 0.286565 -0.0329136 -0.856863 0 0
0 0 779 6.93077 -0.287259 1.09812 0.0201627 0 0
0 0 780 6.00766 0.281123 -0.50851 -0.683814 0 0
0 0 781 5.46382 -0.701315 -0.131803 0.202733 0 0
0 0 782 5.98058 -1.26911 -0.2068 -0.120877 0 0
0 0 783 5.83264 -0.529172 0.638338 -1.87155 0 0
0 0 784 4.08511 -1.3752 -0.535736 -0.576297 0 0
0 0 785 5.07637 -0.307341 2.08415 0.0917484 49.1944 7.8391
0 0 786 4.22583 -0.349624 0.701623 -1.00851 0 0
0 0 787 3.95023 -1.95818 -0.0169753 -1.83599 0 0
0 0 788 4.76778 0.0543108 -1.5435 -0.591143 0 0
0 0 789 3.87554 -1.35479 1.2509 -1.25579 0 0
0 0 790 3.28977 -0.811167 -0.0606054 -0.448344 0 0
0 0 791 3.00984 -1.50361 -1.20283 -1.11098 0 0
0 0 792 2.50558 -0.254994 -1.11149 0.188196 0 0
0 0 793 3.82537 0.20079 -0.634098 -0.336665 0 0
0 0 794 2.96602 -1.134 0.615452 -1.11443 0 0
0 0 795 1.89417 -0.445546 0.360189 -1.25914 0 0
0 0 796 3.15223 0.806082 -0.157287 -0.404609 0 0
0 0 797 2.18755 -0.595009 0.893025 -0.731879 0 0
0 0 798 1.50659 0.010269 -0.312591 -1.12443 0 0
0 0 799 2.72387 -0.40096 -0.979569 -0.859491 0 0
0 0 800 1.47975 -0.233006 -0.912769 -0.153708 0 0
0 0 801 2.18476 -1.26354 -1.01883 -0.508038 0 0
0 0 802 2.6186 -0.748008 0.186453 -0.152638 0 0
0 0 803 1.40932 0.823265 1.32513 1.22382 0 0
0 0 804 2.44659 0.331755 0.0105367 -0.588546 0 0
0 0 805 0.95944 -1.67719 -0.184852 0.64425 0 0
0 0 806 2.18601 -0.368516 -0.211634 -0.742633 0 0
0 0 807 1.05401 -0.330325 -0.41801 -0.0273433 0 0
0 0 808 2.21262 -0.310538 0.782555 -0.0395203 0 0
0 0 809 0.0534204 -0.614407 -0.322779 -0.15134 0 0
0 0 810 0.154522 -0.31763 0.0834605 -0.289778 0 0
0 0 811 0.608253 -0.805718 -0.899972 0.108925 0 0
0 0 812 1.57235 -0.795189 0.715958 0.359194 0 0
0 0 813 0.455247 -0.215331 0.480075 -0.544774 0 0
0 0 814 1.85897 0.632608 1.25782 -0.31742 0 0
0 0 815 1.38832 1.51618 -0.202529 0.328104 0 0
0 0 816 0.926794 0.335005 -0.322103 0.867172 0 0
0 0 817 1.7306 1.12855 -0.201045 -0.28492 0 0
0 0 818 -1.0161 -1.07917 0.0612516 -0.639038 0 0
0 0 819 0.603669 0.683988 0.567548 0.0127484 0 0
0 0 820 0.645679 -0.0800296 -0.439706 -0.086932 0 0
0 0 821 0.139352 0.522467 -0.315867 -0.932487 0 0
0 0 822 0.210042 -0.942985 0.829679 -1.23956 0 0
0 0 823 -0.376936 -0.448759 0.291346 -1.24593 0 0
0 0 824 -0.359243 -0.647956 -0.395963 0.0470757 0 0
0 0 825 0.364403 0.202158 0.712782 -0.449406 0 0
0 0 826 0.309076 0.193796 0.65564 0.374973 0 0
0 0 827 0.0129401 -0.76034 0.41057 0.321762 0 0
0 0 828 1.44987 -0.124017 0.842236 0.562412 0 0
0 0 829 1.18749 -1.02125 -0.338248 -0.441004 0 0
0 0 830 -0.123265 -0.569121 0.673348 0.598943 0 0
0 0 831 0.543119 -0.0282192 -0.122741 0.695427 0 0
0 0 832 1.18579 0.143327 0.0848599 -0.241085 0 0
0 0 833 0.158613 -0.823514 0.591493 -0.906803 0 0
0 0 834 -0.661001 -0.337182 0.548332 -0.206906 0 0
0 0 835 0.158245 -0.0768717 0.642589 0.64261 0 0
0 0 836 0.770038 0.390801 0.0701217 -0.0418755 0 0
0 0 837 0.582741 0.124025 0.460017 -0.662541 0 0
0 0 838 -0.00745672 -0.313725 0.0799427 -0.379988 0 0
0 0 839 0.803225 -0.0660523 0.42842 0.765984 0 0
0 0 840 0.579576 0.566492 -0.320986 -0.889263 0 0
0 0 841 0.222535 -0.444516 -0.610107 0.535261 0 0
0 0 842 0.744225 -0.530478 -1.02161 0.254406 0 0
0 0 843 0.84225 0.871135 0.717703 -0.00516928 0 0
0 0 844 -0.0537326 -0.404414 -1.51225 0.825368 0 0
0 0 845 0.646101 0.188379 0.864767 -0.148355 0 0
0 0 846 0.377333 0.321413 0.0963827 0.475742 0 0
0 0 847 0.0129996 -0.117745 0.383367 -0.806932 0 0
0 0 848 0.160665 -0.465344 0.277034 -0.162794 0 0
0 0 849 0.448643 -0.264584 -0.242072 -0.506897 0 0
0 0 850 0.250443 -0.816562 1.66956 -1.36695 0 0
0 0 851 1.70763 -0.206665 0.751236 0.0963656 0 0
0 0 852 0.721374 -1.31778 1.63469 0.163047 64.4367 8.31005
0 0 853 0.853123 0.375037 0.294168 -1.05399 0 0
0 0 854 0.950212 -0.328563 1.66291 0.183411 0 0
0 0 855 1.23799 0.276515 1.5305 -0.278622 0 0
0 0 856 0.583417 -0.128406 0.941804 1.03178 0 0
0 0 857 1.10701 0.372889 0.761482 -0.252867 0 0
0 0 858 1.6152 0.178975 -0.223516 0.402671 0 0
0 0 859 1.82004 0.0644041 1.16279 -1.3768 0 0
0 0 860 0.913356 -0.255653 -0.20288 -0.39631 0 0
0 0 861 1.93192 -0.256158 0.445934 -1.19298 0 0
0 0 862 0.57517 -0.252946 0.85329 -0.97207 0 0
0 0 863 1.18236 -1.47713 0.30599 0.0410054 0 0
0 0 864 0.119976 -1.69538 1.0411 -0.0307081 0 0
0 0 865 3.0154 1.02519 0.744544 0.285261 0 0
0 0 866 2.70017 0.20964 2.03632 -0.207052 0 0
0 0 867 0.667665 -0.368941 -0.0730762 -0.581784 0 0
0 0 868 1.04434 -0.250636 0.756529 -0.764262 0 0
0 0 869 1.20318 -1.19004 0.54225 1.00567 0 0
0 0 870 1.86755 0.526651 0.623942 0.940568 0 0
0 0 871 1.70122 0.552995 -0.139279 -1.04811 0 0
0 0 872 1.0459 0.113326 1.29827 0.0499989 0 0
0 0 873 1.94497 -0.83384 0.236414 0.613174 0 0
0 0 874 1.09111 -1.46889 -0.380204 -0.394909 0 0
0 0 875 1.44727 0.749856 -0.320206 -1.03542 0 0
0 0 876 0.870866 -0.950731 -0.0555751 0.741423 0 0
0 0 877 1.71651 1.49956 0.155578 -0.273652 0 0
0 0 878 1.22457 -0.197696 0.563543 -1.3649 0 0
0 0 879 0.810199 -1.37382 0.293157 -0.931192 0 0
0 0 880 1.90111 -0.235663 -0.264822 -0.716661 0 0
0 0 881 1.66778 0.00681084 0.175399 -0.40167 0 0
0 0 882 1.72131 0.50169 0.845082 0.699201 0 0
0 0 883 1.82269 -0.389011 -0.784127 0.923995 0 0
0 0 884 0.740401 -0.186325 0.481786 -0.86548 0 0
0 0 885 0.128663 -0.288846 0.666618 -0.327936 0 0
0 0 886 1.4736 0.267108 1.16397 -0.310946 0 0
0 0 887 1.04424 -0.744884 0.474189 0.0484068 0 0
0 0 888 0.40047 -0.528477 0.531441 0.999465 0 0
0 0 889 0.811289 0.0155004 1.08015 -1.37363 0 0
0 0 890 2.04089 1.10924 0.473148 1.2759 0 0
0 0 891 -0.367918 -0.436844 -0.675708 -0.758202 0 0
0 0 892 1.00889 -0.575499 0.66096 -0.295012 0 0
0 0 893 -0.274273 -0.549639 0.218744 -0.231209 0 0
0 0 894 0.76948 -0.296247 0.269541 -1.16902 0 0
0 0 895 0.721727 0.693209 -0.295498 0.231927 0 0
0 0 896 0.649016 0.422662 -0.130427 0.915551 0 0
0 0 897 1.9514 0.524152 0.566502 -0.372909 0 0
0 0 898 1.09954 0.361608 -0.60846 -0.592354 0 0
0 0 899 0.681136 -0.515018 0.05269 -0.196445 0 0
0 0 900 0.822741 0.375674 0.138732 0.240854 0 0
0 0 901 -0.0371934 0.42447 0.569988 0.605152 0 0
0 0 902 1.0171 0.504003 1.15891 0.613631 0 0
0 0 903 0.658031 0.0259601 0.45462 -1.22235 0 0
0 0 904 0.277426 0.67185 -0.78485 0.808025 0 0
0 0 905 -0.176552 -0.060145 -0.824699 -0.122034 0 0
0 0 906 -0.26434 0.0480009 0.252598 -0.0230404 0 0
0 0 907 -0.435078 -1.0366 -0.587331 0.661364 0 0
0 0 908 -0.523682 -0.26799 0.750805 -0.161184 0 0
0 0 909 0.373176 1.89025 -1.02958 -0.124129 -14.2881 8.52337
0 0 910 0.247822 -0.963418 -0.331672 -0.457596 0 0
0 0 911 -0.874078 -1.73152 0.114466 0.559983 0 0
0 0 912 -0.545184 -0.70745 -0.138861 -0.271512 0 0
0 0 913 0.128403 0.397907 -0.188035 0.899288 0 0
0 0 914 -0.791667 -1.05688 0.249222 -0.211658 0 0
0 0 915 1.12932 0.0127338 0.439587 0.0287365 0 0
0 0 916 0.318856 0.340107 -0.0150853 -0.282275 0 0
0 0 917 -0.283524 -0.3139 0.16634 0.301581 0 0
0 0 918 -0.440127 -0.291625 0.115565 -0.0804901 0 0
0 0 919 0.283034 -0.886078 -0.615522 -0.977477 0 0
0 0 920 0.186741 0.158794 0.0283639 -0.602631 0 0
0 0 921 0.369184 0.478648 0.888876 -0.178604 0 0
0 0 922 0.459266 -0.619448 0.670927 0.76298 0 0
0 0 923 0.924444 -0.259273 1.01188 -1.03173 0 0
0 0 924 -0.550804 0.304632 -0.177441 0.739191 0 0
0 0 925 -0.223944 -0.488051 -0.382974 0.757147 0 0
0 0 926 0.167377 -0.131341 -0.144506 -0.209214 0 0
0 0 927 -1.46898 -1.22029 0.119949 0.48354 0 0
0 0 928 0.261928 -0.326043 0.0912491 0.450826 0 0
0 0 929 0.321613 0.849609 -0.18257 0.16828 0 0
0 0 930 0.0508496 -0.317885 -0.830047 -0.867927 0 0
0 0 931 0.0699483 0.530532 0.0287239 0.629227 0 0
0 0 932 -0.562342 0.132016 0.759894 -0.600014 0 0
0 0 933 0.355158 0.0531364 0.647031 -0.0845793 0 0
0 0 934 -0.0531891 -0.974598 0.88387 0.582092 0 0
0 0 935 1.35201 -0.607346 -0.452174 0.463112 0 0
0 0 936 -0.504638 -0.640713 0.960097 0.788906 0 0
0 0 937 0.095713 0.122926 1.14963 -0.208915 0 0
0 0 938 -0.337417 0.0647757 0.798213 0.212028 0 0
0 0 939 -1.48448 -1.6749 -0.122895 -0.383545 0 0
0 0 940 0.712932 -0.0958813 0.678256 0.710978 0 0
0 0 941 0.110881 0.932418 -0.444208 -0.812505 0 0
0 0 942 -0.192921 -1.9859 0.36384 -0.253713 0 0
0 0 943 1.42793 0.54715 0.697771 -0.560126 0 0
0 0 944 0.276033 0.660715 -0.660138 -1.55865 0 0
0 0 945 0.386363 -0.179909 -1.32373 0.28254 0 0
0 0 946 -0.787954 -0.421603 0.183225 0.825294 0 0
0 0 947 1.72122 -0.45749 -0.400152 0.302929 0 0
0 0 948 0.538709 -0.43715 -1.47492 -0.451667 0 0
0 0 949 0.145744 -0.61433 0.305154 0.428365 0 0
0 0 950 0.188405 0.600991 0.586369 -0.177534 0 0
0 0 951 -0.695262 0.0103183 -0.664198 -0.296405 0 0
0 0 952 0.720713 0.354596 -0.101768 -0.960011 0 0
0 0 953 -0.58731 -0.484483 -0.526962 -1.2365 0 0
0 0 954 1.42492 0.174964 0.647386 -1.23611 0 0
0 0 955 1.82379 -0.661751 -0.987974 -0.80009 0 0
0 0 956 -0.545846 -0.875832 0.38746 -0.396321 0 0
0 0 957 0.0100936 -0.454192 1.08001 0.901105 0 0
0 0 958 1.35213 1.25994 0.314355 -0.119672 0 0
0 0 959 -0.0849536 -0.247936 0.467545 0.207067 0 0
0 0 960 -0.0250272 -0.310783 0.255751 -0.386485 0 0
0 0 961 0.00358221 -0.786358 -0.0486602 0.304159 0 0
0 0 962 -0.790324 -0.27955 -0.029274 1.0095 0 0
0 0 963 0.0946644 -0.528047 -0.133628 -0.597886 0 0
0 0 964 -0.0268725 0.607659 0.982883 0.780052 0 0
0 0 965 0.851874 0.823079 -0.757209 -0.0202199 0 0
0 0 966 1.00209 -0.32168 0.707611 0.461654 0 0
0 0 967 0.460846 -0.959237 0.92816 -0.259577 0 0
0 0 968 0.222244 0.444081 0.129859 -1.20893 0 0
0 0 969 -0.324674 0.0847942 0.12188 -0.51461 0 0
0 0 970 1.36654 -0.335302 0.782371 -0.30626 0 0
0 0 971 0.138163 -0.151322 -0.795161 -1.02814 0 0
0 0 972 0.103392 -0.126246 0.0356106 -1.77796 0 0
0 0 973 -0.857641 -0.87285 -0.373772 0.153931 0 0
0 0 974 -0.669603 0.484123 -0.0531188 -0.618645 0 0
0 0 975 -0.4016 0.391315 0.308425 -0.54026 0 0
0 0 976 -0.45907 0.663106 1.01989 -0.831201 0 0
0 0 977 -0.0956512 -0.320375 0.446212 -0.310963 0 0
0 0 978 -0.351059 0.684457 -0.65274 -1.72761 0 0
0 0 979 -0.316067 -0.877426 0.262665 1.06673 0 0
0 0 980 0.947729 -0.232646 0.0621407 -0.597113 0 0
0 0 981 -0.551473 0.303846 0.363358 0.304563 0 0
0 0 982 0.0560388 -0.432081 -0.289474 -0.812294 0 0
0 0 983 1.24538 -0.133369 -0.751265 -0.0969394 0 0
0 0 984 -0.563135 0.0420251 1.90558 -0.41112 0 0
0 0 985 1.01026 0.44599 0.441471 -0.0247916 0 0
0 0 986 0.0940132 0.567363 -0.969683 -0.19102 0 0
0 0 987 -0.374716 -0.116672 1.56735 0.679861 0 0
0 0 988 -0.261006 0.335286 -1.10312 -0.846189 0 0
0 0 989 -0.274215 -0.0268477 0.593515 -0.0690133 0 0
0 0 990 -0.675617 -0.325932 -1.59253 0.37653 0 0
0 0 991 -0.43135 -1.55723 0.564671 0.551919 0 0
0 0 992 -0.504687 0.26001 0.814852 0.250582 0 0
0 0 993 0.358389 0.113736 0.0517964 -0.679101 0 0
0 0 994 -0.881142 -0.129384 0.302301 -0.700761 0 0
0 0 995 0.400793 -0.683223 0.488618 0.829914 0 0
0 0 996 -1.06623 -0.425702 -0.124377 0.218074 0 0
0 0 997 0.280432 -0.834053 0.306652 0.268364 0 0
0 0 998 0.0510008 -0.536224 -0.459848 1.23408 0 0
0 0 999 -0.382304 0.836962 0.154788 -0.13144 0 0
0 0 1000 0.126724 0.320173 0.66411 0.219484 0 0
0 0 1001 -0.154407 -0.269955 -0.0523866 1.1834 0 0
0 0 1002 -0.30097 0.327151 0.22459 0.554101 0 0
0 0 1003 0.485976 -0.872707 -0.555743 0.171949 0 0
0 0 1004 -0.00655578 0.00632244 0.607028 0.514757 0 0
0 0 1005 1.30758 -0.478799 0.205918 -0.466645 0 0
0 0 1006 0.085671 0.162893 -0.339278 0.796046 0 0
0 0 1007 -0.59021 0.444736 -0.465599 -0.203627 0 0
0 0 1008 0.271352 -0.678926 0.94077 1.33859 0 0
0 0 1009 -0.535137 0.588986 0.355934 -0.625897 0 0
0 0 1010 -0.997258 -1.31276 1.1193 0.54066 0 0
0 0 1011 0.717248 -0.273602 0.00799625 -0.877748 0 0
0 0 1012 0.561606 0.142224 -0.103585 -0.369379 0 0
0 0 1013 0.512915 -0.456133 0.527739 0.84741 0 0
0 0 1014 0.487059 0.992573 0.379144 0.031552 0 0
0 0 1015 -0.217022 0.495287 0.834015 0.0792361 0 0
0 0 1016 0.169662 -0.141012 0.195943 -0.166145 0 0
0 0 1017 -0.471827 -1.34984 -0.167514 0.373414 0 0
0 0 1018 -1.0182 -0.601346 0.258788 0.254216 0 0
0 0 1019 -0.975497 0.37418 0.228868 -0.325772 0 0
0 0 1020 0.0929073 0.573152 0.596152 -0.106068 0 0
0 0 1021 -0.682381 -0.304946 -0.227351 -0.237484 0 0
0 0 1022 -0.188297 -0.80121 -0.521271 0.111521 0 0
0 0 1023 0.78046 -0.975579 0.210842 0.960345 0 0
