# File: uwl_240301_213815_Combined.rf.sbH2.RMC_aux Src: J1713+0747 Nsub: 1 Nch: 1 Npol: 4 Nbin: 1024 RMS: 0.686181
0 0 0 1.52752 -0.483872 0.36291 -0.790825 0 0
0 0 1 1.28488 0.779661 -0.751255 1.11964 0 0
0 0 2 0.881648 0.368655 0.620566 -0.374685 0 0
0 0 3 1.03486 0.517884 0.699229 -1.1092 0 0
0 0 4 -0.389926 -0.893344 -0.804902 -0.10148 0 0
0 0 5 0.232818 -0.737272 0.034902 0.312265 0 0
0 0 6 1.15631 0.0812902 0.636226 -0.0798569 0 0
0 0 7 0.89732 0.425456 0.0466476 -0.327921 0 0
0 0 8 0.77561 -0.859262 -1.19448 0.147556 0 0
0 0 9 1.12458 0.0777963 0.0803164 -0.580093 0 0
0 0 10 0.871966 0.388913 -0.612123 -0.343813 0 0
0 0 11 0.977773 0.328751 0.663907 0.267222 0 0
0 0 12 0.129046 0.335923 -0.223634 -0.819433 0 0
0 0 13 0.697257 0.914596 0.340255 -0.561015 0 0
0 0 14 1.293 0.325947 -0.820579 0.563536 0 0
0 0 15 0.869904 -0.0252527 0.653449 -0.87634 0 0
0 0 16 0.737279 1.57393 1.55401 -1.15682 0 0
0 0 17 -0.0774016 0.324706 0.337337 0.658096 0 0
0 0 18 0.702604 0.853784 0.75396 0.220247 0 0
0 0 19 2.19655 0.303148 0.421498 0.59125 0 0
0 0 20 0.398199 0.225694 -0.165671 -0.607483 0 0
0 0 21 1.13516 0.40398 0.139203 0.263741 0 0
0 0 22 0.282076 0.186223 0.567374 -1.09487 0 0
0 0 23 1.1847 0.586864 -0.598384 -0.306814 0 0
0 0 24 0.893161 -1.00922 1.37393 -0.263822 0 0
0 0 25 0.717629 1.01256 0.780494 0.133083 0 0
0 0 26 -0.31161 0.0993995 0.14947 -0.0439417 0 0
0 0 27 1.06386 0.292601 -0.58648 0.1935 0 0
0 0 28 2.44381 0.915898 0.458933 -1.15002 0 0
0 0 29 0.444899 1.73397 1.21414 0.15014 0 0
0 0 30 -0.0580398 0.326632 0.856423 -0.525769 0 0
0 0 31 0.939939 0.0765533 0.981088 -0.875691 0 0
0 0 32 0.0379335 0.465232 0.936742 0.103845 0 0
0 0 33 1.71716 0.106288 0.0652582 0.170533 0 0
0 0 34 1.75316 0.177588 0.0895664 -0.596052 0 0
0 0 35 1.09147 -1.0534 0.82643 -0.373334 0 0
0 0 36 0.460625 0.0621011 0.437238 0.679346 0 0
0 0 37 0.567465 0.573596 0.580737 0.572562 0 0
0 0 38 0.195509 -0.19055 -0.00127975 -0.975977 0 0
0 0 39 0.52386 0.42499 0.202682 0.485074 0 0
0 0 40 1.16137 1.06043 1.01769 -0.160437 0 0
0 0 41 2.18297 0.353698 0.891199 0.633075 0 0
0 0 42 1.40466 -0.848696 -0.259665 0.447827 0 0
0 0 43 1.38992 0.432739 0.573778 -0.109799 0 0
0 0 44 1.60951 0.151904 0.51726 -0.286845 0 0
0 0 45 1.21158 -0.161032 0.872005 0.0972087 0 0
0 0 46 1.73904 0.264783 1.17455 -1.38214 0 0
0 0 47 1.51266 -0.698384 0.332228 -0.112342 0 0
0 0 48 1.35339 0.238552 0.941369 0.512402 0 0
0 0 49 1.26585 0.0177154 1.19674 0.33607 0 0
0 0 50 2.91119 1.47596 0.29941 -0.640061 0 0
0 0 51 1.65484 0.0722828 -0.38188 -0.66292 0 0
0 0 52 0.970447 -1.22332 0.33806 -0.804804 0 0
0 0 53 0.605965 -0.189903 1.63662 -0.451674 0 0
0 0 54 1.84677 0.0336822 0.96808 -0.309001 0 0
0 0 55 1.70026 -1.10846 1.63441 0.462143 0 0
0 0 56 1.07584 1.1569 -0.637247 -1.03755 0 0
0 0 57 1.98343 -0.172001 1.17529 -0.0518975 0 0
0 0 58 2.30754 0.238913 0.101883 -1.40236 0 0
0 0 59 1.59489 -1.13973 0.531386 0.336147 0 0
0 0 60 1.71089 0.146736 1.28044 0.0357093 0 0
0 0 61 2.05496 0.443897 0.665147 0.0502004 0 0
0 0 62 2.13211 0.208641 2.01598 -0.749772 0 0
0 0 63 0.636895 0.906391 -0.00305802 -1.07432 0 0
0 0 64 -1.01729 0.588557 0.110619 -0.81985 0 0
0 0 65 1.54999 0.728146 -0.123779 0.625559 0 0
0 0 66 1.61708 -0.672344 -0.553606 -0.0651442 0 0
0 0 67 -0.280861 -0.174678 0.578547 -0.00720208 0 0
0 0 68 1.6172 0.549359 0.617428 -0.919236 0 0
0 0 69 0.791027 -0.0383717 0.947365 0.190382 0 0
0 0 70 0.294871 -0.589373 0.108054 -0.622569 0 0
0 0 71 0.271059 -0.141918 1.01964 -0.520168 0 0
0 0 72 0.138314 -0.409248 0.14652 -0.176767 0 0
0 0 73 0.383664 -0.488206 0.707047 -0.223617 0 0
0 0 74 1.51339 1.0138 -0.201281 -0.0681978 0 0
0 0 75 1.47486 0.674648 -1.1113 -1.36811 0 0
0 0 76 0.762772 -0.118797 -0.274392 0.579804 0 0
0 0 77 -0.891568 -0.0253792 0.600043 -0.07709 0 0
0 0 78 0.219539 -0.0103274 0.505295 0.727985 0 0
0 0 79 0.379871 0.197048 -0.358048 0.0622588 0 0
0 0 80 1.22632 1.10425 -0.755736 0.411507 0 0
0 0 81 -0.602861 1.59571 -0.0904588 0.34991 0 0
0 0 82 0.798273 -0.0294505 -0.0598164 -0.369 0 0
0 0 83 1.12553 1.05768 -0.110668 0.744569 0 0
0 0 84 1.8036 1.54564 0.309982 -0.181978 0 0
0 0 85 1.11463 -0.185349 1.72407 0.0924542 0 0
0 0 86 0.120336 -0.176416 0.456672 -0.37032 0 0
0 0 87 0.339671 -0.111815 -0.530896 0.146656 0 0
0 0 88 0.559381 0.18202 0.369932 -0.292602 0 0
0 0 89 1.25645 -0.339126 0.177659 0.497254 0 0
0 0 90 -0.121653 0.224365 -1.57504 -0.951538 0 0
0 0 91 0.373998 0.274894 -0.238612 0.234127 0 0
0 0 92 0.182017 0.819761 0.440816 -0.978706 0 0
0 0 93 0.249999 0.896106 -0.097883 -0.407804 0 0
0 0 94 0.673561 1.45486 0.3742 0.555966 0 0
0 0 95 1.02451 0.563619 0.904942 0.0479543 0 0
0 0 96 -0.264872 -0.297189 -0.729203 -0.462534 0 0
0 0 97 -0.234017 -0.593569 -0.345055 -0.434108 0 0
0 0 98 0.199145 0.543971 0.0916552 -0.0178654 0 0
0 0 99 -0.171512 1.27921 0.460746 -0.388444 0 0
0 0 100 0.0870963 1.50047 0.304864 -0.426821 0 0
0 0 101 -0.0393979 -0.167692 -0.674111 -0.948872 0 0
0 0 102 0.374032 0.354009 0.617831 1.1897 0 0
0 0 103 -0.374678 1.1161 -0.198335 0.863326 0 0
0 0 104 0.364296 -0.165736 1.30656 0.265074 0 0
0 0 105 0.840644 0.390896 -0.870133 -0.539067 0 0
0 0 106 1.19578 -0.11967 -0.907425 0.92736 0 0
0 0 107 0.839039 1.19303 -0.335623 0.567717 0 0
0 0 108 0.482191 -0.229623 -2.02617 -0.728222 0 0
0 0 109 0.347348 0.123953 -0.49192 -0.709155 0 0
0 0 110 0.172414 0.350517 -0.74252 0.0284251 0 0
0 0 111 1.15454 0.815953 0.036883 -0.264871 0 0
0 0 112 -0.0889658 -0.174567 0.909462 0.71555 0 0
0 0 113 0.421386 0.0908274 -0.665806 0.240846 0 0
0 0 114 -0.321877 0.0980755 -0.823214 0.240633 0 0
0 0 115 -0.223496 0.214535 0.0948017 0.23999 0 0
0 0 116 -1.24711 -0.155744 0.866663 0.973148 0 0
0 0 117 0.192042 -0.241211 -0.22796 -0.0603554 0 0
0 0 118 -5.73993e-05 0.742893 -0.560244 0.854874 0 0
0 0 119 0.00767064 0.0524642 1.75242 -0.068764 0 0
0 0 120 0.180447 0.0839709 -0.950227 0.169854 0 0
0 0 121 0.990035 0.198851 -0.974232 -0.387181 0 0
0 0 122 -1.0865 0.452053 0.46496 -0.48482 0 0
0 0 123 -1.0314 0.299117 -1.22754 -0.0556476 0 0
0 0 124 -0.0375759 0.221333 -0.42915 0.268614 0 0
0 0 125 0.641948 -0.315378 0.36906 -0.418132 0 0
0 0 126 0.086648 -0.0696843 -0.845227 0.948141 0 0
0 0 127 1.43413 -0.0237151 -0.00734827 -0.063956 0 0
0 0 128 -0.498274 -0.407686 -0.109011 0.414579 0 0
0 0 129 -0.362129 -0.86755 -0.226842 0.648038 0 0
0 0 130 -0.46808 -0.121617 1.20965 -0.263948 0 0
0 0 131 0.625808 -0.888275 -0.751802 -0.148398 0 0
0 0 132 -0.645028 -0.867063 -0.311371 0.402092 0 0
0 0 133 -1.35118 -0.233649 -0.457838 0.374829 0 0
0 0 134 0.244946 -0.431864 -0.966429 -0.857803 0 0
0 0 135 -0.665149 0.332448 0.456283 0.423065 0 0
0 0 136 0.811325 0.225357 0.819417 -0.426332 0 0
0 0 137 0.464246 0.296225 -0.0408657 0.588004 0 0
0 0 138 0.303082 -0.0587012 -0.650962 -1.29422 0 0
0 0 139 -0.734923 0.117538 -0.221244 -0.162533 0 0
0 0 140 1.63649 0.793116 -0.171605 0.242528 0 0
0 0 141 1.62824 -0.870496 1.12071 -0.641139 0 0
0 0 142 -1.103 -0.440538 -0.992218 0.713126 0 0
0 0 143 0.329072 -0.718101 0.773153 0.566926 0 0
0 0 144 -0.443429 0.622327 -0.35167 -0.215993 0 0
0 0 145 -0.0347881 -0.329529 -0.378233 -0.333001 0 0
0 0 146 -0.380098 -0.507733 0.0875543 -0.868147 0 0
0 0 147 0.217519 -0.610423 0.458491 0.776601 0 0
0 0 148 0.689207 0.375947 -0.331675 -0.51332 0 0
0 0 149 0.0259995 -0.98474 -0.414306 0.0856478 0 0
0 0 150 -0.35396 -1.22499 0.567123 -0.39442 0 0
0 0 151 0.122201 -0.69205 -0.0738346 -0.451348 0 0
0 0 152 0.533328 0.071431 0.902642 0.907065 0 0
0 0 153 0.953215 0.71005 0.402912 -0.301872 0 0
0 0 154 0.0058883 0.269026 -0.0525989 0.203064 0 0
0 0 155 0.178708 0.229828 0.0453743 0.020844 0 0
0 0 156 0.371315 0.0205898 0.288962 -0.699529 0 0
0 0 157 -0.022843 -1.01327 0.112211 -0.945002 0 0
0 0 158 0.826879 0.461354 0.108001 0.853523 0 0
0 0 159 0.246194 -0.0179251 0.510119 -0.359716 0 0
0 0 160 0.253517 -0.230765 0.18947 -0.259837 0 0
0 0 161 0.472149 -1.61656 0.299503 -0.968263 0 0
0 0 162 -0.776155 -0.153585 -0.281412 0.976272 0 0
0 0 163 0.560395 1.00111 -0.866521 0.290206 0 0
0 0 164 0.52762 1.13163 -0.707724 0.358865 0 0
0 0 165 0.59117 1.36068 0.391499 2.21602 0 0
0 0 166 0.311166 0.0535491 -0.25054 0.443054 0 0
0 0 167 -0.468394 -0.0948917 -0.72446 -0.702742 0 0
0 0 168 1.2191 0.799876 -0.406393 0.912725 0 0
0 0 169 -0.390263 0.698479 -1.66529 -0.504401 0 0
0 0 170 -0.0970753 -0.392482 0.196007 0.349182 0 0
0 0 171 -0.329895 1.22651 -0.908441 0.739893 0 0
0 0 172 0.239581 -0.264916 0.427626 0.524653 0 0
0 0 173 -0.931654 0.0838389 -0.573388 -1.03475 0 0
0 0 174 -0.216193 0.41293 -0.956064 -0.224562 0 0
0 0 175 1.24395 0.399351 -0.0717714 -0.975547 0 0
0 0 176 0.32059 0.316607 0.466809 -0.00255921 0 0
0 0 177 -0.291809 0.734511 0.188632 -0.654532 0 0
0 0 178 -0.653261 0.312689 0.845578 0.146801 0 0
0 0 179 0.702499 -0.0751443 -0.107455 -0.203857 0 0
0 0 180 -0.0978681 0.9835 0.59694 -1.68742 0 0
0 0 181 -0.260903 -0.00398314 0.695581 -0.534677 0 0
0 0 182 -1.27484 0.246078 -0.268756 -0.363337 0 0
0 0 183 -0.119891 0.516352 -0.415683 -0.209594 0 0
0 0 184 0.821856 -0.735583 0.55382 0.752142 0 0
0 0 185 -0.372959 0.760256 -0.156546 -1.17297 0 0
0 0 186 0.0990041 0.342402 0.639913 0.060549 0 0
0 0 187 -0.747463 -0.132489 -1.66176 1.73943 0 0
0 0 188 1.52565 0.348881 -0.2693 -0.888463 0 0
0 0 189 -0.51351 0.55569 -0.552651 -0.787502 0 0
0 0 190 -0.757147 0.492505 -0.281243 -0.49788 0 0
0 0 191 0.816415 -0.757402 0.284071 -0.209193 0 0
0 0 192 0.623129 0.733397 0.393438 -0.129339 0 0
0 0 193 1.0879 0.00420362 0.821367 -0.472826 0 0
0 0 194 0.360624 1.12386 -0.945492 0.665023 0 0
0 0 195 -0.0364395 -0.551624 0.54708 0.67754 0 0
0 0 196 -0.665609 -1.42023 -0.661379 0.621827 0 0
0 0 197 0.624569 -0.0404404 0.583845 0.10285 0 0
0 0 198 -0.0563208 0.0328822 0.283499 -0.826955 0 0
0 0 199 -0.438139 0.0496863 0.00663284 0.965044 0 0
0 0 200 -0.923018 0.0444041 -0.945567 0.131341 0 0
0 0 201 0.979353 0.62356 0.971306 0.218198 0 0
0 0 202 0.0432078 0.504084 0.0485026 -0.147451 0 0
0 0 203 -0.175319 -0.14468 -0.182152 0.949258 0 0
0 0 204 0.0831629 -0.249508 -0.735417 0.366342 0 0
0 0 205 -0.413981 -0.0443377 -0.0320335 0.162415 0 0
0 0 206 -0.179537 0.194452 0.327171 0.353807 0 0
0 0 207 0.777236 -0.306363 -0.916561 -0.52697 0 0
0 0 208 0.467548 -0.369511 -0.0977251 -0.870231 0 0
0 0 209 -0.0159411 0.309904 0.642643 -0.271738 0 0
0 0 210 0.0260942 0.95305 0.378703 0.520671 0 0
0 0 211 -0.0103651 0.132856 0.162454 0.320561 0 0
0 0 212 -0.35656 0.743686 -0.399325 -0.39973 0 0
0 0 213 0.0348167 -0.439189 0.252794 -0.183527 0 0
0 0 214 0.531684 -0.374075 0.334058 -0.451356 0 0
0 0 215 0.295206 0.437247 -0.0265572 0.430165 0 0
0 0 216 0.482331 -0.207406 0.153612 0.394773 0 0
0 0 217 0.443567 0.411147 1.0659 -0.0630371 0 0
0 0 218 0.649047 0.18554 -1.0071 0.231279 0 0
0 0 219 -0.0826661 1.26661 0.395421 -0.924362 0 0
0 0 220 0.427909 -0.509546 -0.416849 1.49512 0 0
0 0 221 -0.327792 1.16639 0.75276 0.139447 0 0
0 0 222 -1.29537 -0.310069 -0.628861 0.545429 0 0
0 0 223 0.00549737 -0.32829 0.693903 0.547532 0 0
0 0 224 1.03838 1.41102 -0.223852 0.39136 0 0
0 0 225 -0.0535564 0.200835 0.0979009 0.935304 0 0
0 0 226 0.920954 0.562176 0.461121 -0.542923 0 0
0 0 227 0.552887 -0.246293 0.340083 -0.338722 0 0
0 0 228 0.221014 -0.0530463 0.0228072 0.246313 0 0
0 0 229 0.408695 -0.0460563 -1.73693 -0.97016 0 0
0 0 230 0.498426 -0.249399 -0.173871 -1.28323 0 0
0 0 231 0.245372 -0.275939 -0.288385 -0.837065 0 0
0 0 232 0.691086 -0.420637 -0.573295 -0.0308548 0 0
0 0 233 0.619944 0.439237 -1.23971 -0.112622 0 0
0 0 234 0.427993 -0.250235 0.477337 -0.0592556 0 0
0 0 235 0.00106034 0.862857 0.703924 0.934999 0 0
0 0 236 -0.42174 -0.492675 0.829651 0.92221 0 0
0 0 237 0.408539 1.12625 -0.231678 -0.635151 0 0
0 0 238 -0.530075 -0.386124 -0.745602 0.415218 0 0
0 0 239 1.57944 -0.378866 0.106382 -1.73226 0 0
0 0 240 -0.381846 -0.509365 -0.45455 -0.495389 0 0
0 0 241 0.00526397 -0.0903854 0.0992043 -0.452425 0 0
0 0 242 0.139989 0.933413 -0.21254 1.0714 0 0
0 0 243 -1.21451 0.992893 0.39226 -0.734992 0 0
0 0 244 0.082771 0.325686 0.147428 -0.388049 0 0
0 0 245 -0.395649 -0.539265 0.526864 1.27629 0 0
0 0 246 -1.13328 -1.08251 0.412562 -0.0840036 0 0
0 0 247 -0.127503 0.209876 -0.529292 -0.566507 0 0
0 0 248 -0.455527 0.546261 -0.933804 -0.316302 0 0
0 0 249 0.190991 0.637072 0.0181718 -0.40431 0 0
0 0 250 0.610668 0.521736 -0.937446 -1.1374 0 0
0 0 251 0.233562 0.611171 -0.0370072 -1.51828 0 0
0 0 252 -0.354216 0.245773 -0.159425 -0.542987 0 0
0 0 253 0.647322 0.159608 -0.737862 0.371934 0 0
0 0 254 0.117333 0.514643 0.325643 0.00903797 0 0
0 0 255 0.388549 0.467086 -0.0258461 -0.274628 0 0
0 0 256 0.165289 -1.41179 0.712944 0.448422 0 0
0 0 257 -0.033664 0.678914 -0.560913 -1.123 0 0
0 0 258 -0.415263 -1.2298 0.645193 -0.552719 0 0
0 0 259 0.149662 -0.329225 0.529659 0.539881 0 0
0 0 260 0.0759264 0.443929 -0.478872 -0.21428 0 0
0 0 261 0.11981 -0.199712 0.316316 -0.11321 0 0
0 0 262 0.334486 -0.868047 0.597958 0.312396 0 0
0 0 263 0.55364 1.10251 -1.21561 -0.957894 0 0
0 0 264 -0.255482 0.654333 -1.40761 -0.441584 0 0
0 0 265 0.490504 -0.33698 -1.74336 0.414649 0 0
0 0 266 0.184671 -0.406047 0.289207 -1.25427 0 0
0 0 267 0.0259104 0.121715 0.0573097 -0.247749 0 0
0 0 268 0.0786186 0.622346 -0.701135 0.543485 0 0
0 0 269 1.09784 -0.0187888 0.527107 0.376476 0 0
0 0 270 0.689641 0.364825 0.266246 1.01137 0 0
0 0 271 -0.137199 0.376406 -0.586849 1.15381 0 0
0 0 272 -0.0567134 -0.337962 -0.0861026 0.0346908 0 0
0 0 273 0.998951 -0.693746 -0.0985713 0.311907 0 0
0 0 274 -0.0729946 -0.283794 -0.350312 0.684979 0 0
0 0 275 -0.47921 0.0465041 0.342937 0.595778 0 0
0 0 276 -0.0343299 1.34333 -1.11942 0.852858 0 0
0 0 277 0.681677 -0.895873 0.291702 -0.32299 0 0
0 0 278 -0.0428147 0.91738 0.271876 0.352608 0 0
0 0 279 -0.620965 0.689064 -0.763012 -0.290994 0 0
0 0 280 0.456106 -0.0400201 0.449752 0.420798 0 0
0 0 281 -0.425087 -0.200144 -0.586236 -0.87828 0 0
0 0 282 -1.092 0.150518 -1.04032 -0.329623 0 0
0 0 283 0.601558 -0.630281 0.850788 0.0959892 0 0
0 0 284 -0.682631 -0.837988 0.280098 -1.14276 0 0
0 0 285 0.268882 0.184137 0.274149 -0.350994 0 0
0 0 286 0.735803 0.835122 -0.722284 0.592612 0 0
0 0 287 0.684721 -0.341732 -0.626943 -1.17329 0 0
0 0 288 0.682297 0.424013 0.867004 -2.02457 0 0
0 0 289 -0.383783 -0.179865 -0.121103 -0.836281 0 0
0 0 290 0.125676 -0.978913 0.147806 0.696445 0 0
0 0 291 0.231319 -0.181158 0.165012 -0.432925 0 0
0 0 292 -0.360371 0.0801767 -0.633174 -0.00435593 0 0
0 0 293 -0.751992 -0.107945 -0.534574 -0.472399 0 0
0 0 294 0.620308 0.485906 0.953875 -0.442788 0 0
0 0 295 0.264681 -0.124833 0.60197 1.10353 0 0
0 0 296 -0.950408 -0.27273 0.745913 -0.716278 0 0
0 0 297 0.297605 0.523795 0.579872 -1.62208 0 0
0 0 298 -0.106645 -0.152106 -0.318147 0.266291 0 0
0 0 299 0.0199003 -1.55683 -0.144893 0.545086 0 0
0 0 300 0.769242 -1.02662 -0.0775733 -0.434633 0 0
0 0 301 1.27161 -0.47424 0.792527 -1.04623 0 0
0 0 302 -0.117644 -1.00179 -0.258293 -0.268553 0 0
0 0 303 0.980105 1.34764 -0.233691 -0.820815 0 0
0 0 304 -0.336655 0.172306 -0.152329 -0.427739 0 0
0 0 305 0.662234 0.234583 0.461654 -0.652004 0 0
0 0 306 -1.72854 0.355372 0.701832 -0.0134912 0 0
0 0 307 0.306666 0.497504 0.234979 -0.106255 0 0
0 0 308 0.56296 -1.79563 0.116719 -0.55477 0 0
0 0 309 0.563573 0.349937 -0.572786 0.305906 0 0
0 0 310 0.0343021 -0.674291 1.55254 0.682138 0 0
0 0 311 0.346941 1.17301 -0.021168 0.466184 0 0
0 0 312 0.0447285 0.502909 -0.255152 -0.581812 0 0
0 0 313 -0.430349 -1.16062 -0.643144 0.0588166 0 0
0 0 314 0.0693796 0.374849 1.06212 0.495829 0 0
0 0 315 0.0110969 1.21994 -0.778496 -0.44404 0 0
0 0 316 -1.43527 -0.625964 -0.567029 0.301139 0 0
0 0 317 1.17353 -0.520027 0.95633 0.494307 0 0
0 0 318 -0.275716 0.744779 0.408678 -0.768822 0 0
0 0 319 -1.32894 0.769838 -0.119521 0.174755 0 0
0 0 320 0.322626 -1.11825 -0.596957 -0.309039 0 0
0 0 321 -1.04921 -0.771212 1.12112 0.123585 0 0
0 0 322 -0.439976 0.182815 0.196549 0.206873 0 0
0 0 323 -0.443097 0.669818 -1.02651 0.987032 0 0
0 0 324 0.727523 0.607231 -0.678544 0.0391624 0 0
0 0 325 0.405865 0.582216 0.220603 0.814602 0 0
0 0 326 -0.787584 -1.12791 0.292458 -0.249648 0 0
0 0 327 0.605225 0.0356801 0.291711 -0.356695 0 0
0 0 328 -0.470444 0.318263 0.99307 -0.76803 0 0
0 0 329 1.5196 -0.837352 0.231096 0.75802 0 0
0 0 330 -1.0548 -0.0870028 -0.182703 -0.574251 0 0
0 0 331 0.300526 -0.388416 0.842416 -0.256913 0 0
0 0 332 1.05823 1.6583 -1.22352 -0.675156 0 0
0 0 333 -0.161917 -1.32618 0.405232 -0.230145 0 0
0 0 334 0.146231 -0.355801 -0.478739 -0.562842 0 0
0 0 335 -0.576594 0.441841 0.140573 -0.157526 0 0
0 0 336 0.186126 -0.479295 -0.178852 -0.998501 0 0
0 0 337 -0.356054 -0.20481 -0.166849 -1.04232 0 0
0 0 338 -0.712708 0.656303 0.393211 -0.865555 0 0
0 0 339 0.43514 0.181615 -0.637701 0.2608 0 0
0 0 340 0.647016 0.218815 -1.19715 0.411483 0 0
0 0 341 0.442095 -0.496237 -0.625222 0.000885218 0 0
0 0 342 -0.6938 -0.58321 0.309478 0.61754 0 0
0 0 343 -0.210602 -0.117648 1.22892 0.653409 0 0
0 0 344 1.12941 0.612905 0.316305 0.0193478 0 0
0 0 345 1.07126 0.531935 0.323288 0.256189 0 0
0 0 346 -0.919863 0.21802 -1.10149 0.0664879 0 0
0 0 347 -0.594643 -0.421255 -0.198545 -0.652412 0 0
0 0 348 1.1311 -1.02479 -0.799916 0.791468 0 0
0 0 349 0.151925 -0.0585886 0.789429 0.572677 0 0
0 0 350 -0.541267 -0.502143 -0.683903 0.625639 0 0
0 0 351 -0.563224 0.181633 -0.751007 1.5517 0 0
0 0 352 -0.964066 -0.708633 0.426004 0.497083 0 0
0 0 353 0.000969972 -0.061036 0.573899 0.259817 0 0
0 0 354 -0.433324 -0.198757 0.813183 1.00971 0 0
0 0 355 -0.391992 -0.00017722 0.767743 0.699751 0 0
0 0 356 0.50909 -0.20298 -0.27209 0.116726 0 0
0 0 357 -0.0602582 0.143357 -0.993112 0.0353683 0 0
0 0 358 0.870652 -0.138283 -0.514918 -0.588663 0 0
0 0 359 -1.70137 -0.143037 -1.18567 1.06139 0 0
0 0 360 -0.257023 -0.208449 -1.12002 -0.841449 0 0
0 0 361 0.944666 1.30221 -0.626972 -0.00735655 0 0
0 0 362 0.296377 -0.539795 0.0973621 -0.506726 0 0
0 0 363 0.0912832 0.957007 0.212692 -0.559776 0 0
0 0 364 0.260702 0.840892 -0.145523 0.12096 0 0
0 0 365 -0.59296 -0.687617 -0.119441 -0.164291 0 0
0 0 366 0.141218 0.358615 -0.961627 0.578314 0 0
0 0 367 0.378134 0.129688 -1.11301 0.502285 0 0
0 0 368 -0.192295 -1.37903 0.0150387 0.280825 0 0
0 0 369 1.07776 1.00152 1.03473 -0.20746 0 0
0 0 370 0.530784 0.446758 -0.557718 -0.213471 0 0
0 0 371 -0.462626 -0.135023 0.164044 1.23768 0 0
0 0 372 0.357179 -1.63056 0.384745 0.151542 0 0
0 0 373 1.01253 0.406422 -0.861111 0.336644 0 0
0 0 374 0.287118 -1.07943 0.560012 -0.41566 0 0
0 0 375 0.52442 0.475482 0.859457 -0.217096 0 0
0 0 376 -0.51716 -0.499027 -0.894397 -0.59278 0 0
0 0 377 -0.0639771 0.373149 0.654304 0.104975 0 0
0 0 378 -0.296843 0.314359 -0.127092 -0.240901 0 0
0 0 379 0.609317 0.130028 -0.852271 -1.62155 0 0
0 0 380 -0.348375 -0.179898 -1.43799 0.125441 0 0
0 0 381 -1.78224 -0.352377 0.234149 0.661791 0 0
0 0 382 0.945427 0.123635 0.423179 0.689071 0 0
0 0 383 -0.392002 -0.498024 -0.621303 0.0544478 0 0
0 0 384 -0.393945 0.353538 -0.20634 0.31808 0 0
0 0 385 -0.0354092 -0.466935 -0.289867 0.367039 0 0
0 0 386 -0.347809 0.612796 -0.175006 1.62439 0 0
0 0 387 0.595949 0.27319 0.409933 -0.0659986 0 0
0 0 388 -0.029307 0.686006 -0.318012 -0.291545 0 0
0 0 389 0.0400016 0.29328 1.65327 0.324623 0 0
0 0 390 -1.48746 -1.27408 0.356585 -0.307345 0 0
0 0 391 -0.911533 0.0913579 -0.0174628 0.195996 0 0
0 0 392 1.03624 0.0708374 0.314243 -0.728717 0 0
0 0 393 -0.377093 1.64641 -0.947419 -0.576579 0 0
0 0 394 -0.431186 -0.804406 0.165935 0.497834 0 0
0 0 395 -0.349337 -0.401729 0.5981 1.44048 0 0
0 0 396 -0.405342 -1.40414 0.460453 -0.411232 0 0
0 0 397 -0.146585 0.33337 0.258376 -0.781223 0 0
0 0 398 -0.857804 0.503549 -1.22997 -0.247296 0 0
0 0 399 -0.581489 0.920125 -1.08023 0.338068 0 0
0 0 400 -0.0250881 1.01458 0.187417 0.205086 0 0
0 0 401 0.779952 -0.422915 1.94469 0.174398 0 0
0 0 402 0.179061 1.20615 -0.814014 -0.173883 0 0
0 0 403 -0.846293 -0.154234 0.274016 0.39064 0 0
0 0 404 0.833803 -0.642423 0.458889 0.254019 0 0
0 0 405 -0.126226 0.56892 -0.488628 0.00247714 0 0
0 0 406 0.558357 -0.795985 0.142881 0.164328 0 0
0 0 407 0.167333 -0.0265334 0.45448 -0.349336 0 0
0 0 408 -0.0152541 0.283083 0.587155 -0.0858963 0 0
0 0 409 0.853041 0.976875 0.0596434 0.366232 0 0
0 0 410 -0.371233 0.0358104 0.693001 0.0777399 0 0
0 0 411 -1.14454 0.895692 -0.593899 0.258287 0 0
0 0 412 0.302623 0.049623 -0.666438 -0.146788 0 0
0 0 413 0.12734 -1.0304 1.05507 0.30367 0 0
0 0 414 -0.148616 0.533182 -0.923092 -0.0174621 0 0
0 0 415 0.692429 0.76323 -0.485401 0.112312 0 0
0 0 416 -0.218803 0.458824 0.276938 0.296559 0 0
0 0 417 0.976894 1.37472 0.813455 0.0823746 0 0
0 0 418 -0.623852 0.479048 -0.236334 0.170196 0 0
0 0 419 1.46738 0.0201608 1.12487 0.115942 0 0
0 0 420 1.47803 0.39016 1.61342 0.292472 0 0
0 0 421 0.406095 -0.88784 -0.862194 0.713131 0 0
0 0 422 -0.247567 -0.359697 -0.0611193 0.372792 0 0
0 0 423 -0.0340419 0.0395941 -1.06416 -0.276704 0 0
0 0 424 -0.876707 -0.746764 -0.188238 0.639569 0 0
0 0 425 -0.685199 -0.556083 -0.0788417 -0.694595 0 0
0 0 426 0.223769 0.79875 -0.734152 -0.391098 0 0
0 0 427 -0.477301 -0.159822 0.816292 -0.848365 0 0
0 0 428 -1.08745 -0.863155 -0.662223 0.675289 0 0
0 0 429 0.208412 0.0242195 0.936753 0.855239 0 0
0 0 430 0.555113 0.592742 0.777417 1.14463 0 0
0 0 431 -1.06302 -0.837463 -0.818367 -0.238482 0 0
0 0 432 0.860548 0.327445 -1.04855 -0.587468 0 0
0 0 433 1.13513 0.48418 -0.221193 0.134923 0 0
0 0 434 0.829121 -0.251807 0.352689 0.0101216 0 0
0 0 435 0.458292 -0.26524 -0.747117 1.66079 0 0
0 0 436 0.102047 -0.237966 -0.584673 -0.0853209 0 0
0 0 437 -0.798246 0.00301814 1.16333 -0.0527273 0 0
0 0 438 0.656717 1.71723 0.38536 0.0463509 0 0
0 0 439 0.966398 0.522737 0.580002 -0.364605 0 0
0 0 440 -0.362937 -0.236679 -0.139463 -0.612644 0 0
0 0 441 0.383751 0.570365 0.791896 0.429344 0 0
0 0 442 -0.935989 -1.28736 -0.648983 0.704852 0 0
0 0 443 0.952814 1.41496 1.3261 -0.575517 0 0
0 0 444 0.106435 0.0389704 0.177379 1.00453 0 0
0 0 445 -0.724505 0.356879 0.49278 0.394732 0 0
0 0 446 -0.73608 -0.53416 -0.982117 -0.590772 0 0
0 0 447 -0.0483205 0.453185 -0.58467 -0.278937 0 0
0 0 448 0.259047 -0.142317 -0.266194 -0.0335975 0 0
0 0 449 1.11803 0.892453 0.790129 -0.72019 0 0
0 0 450 0.362047 0.0830701 0.765763 0.805395 0 0
0 0 451 0.888147 0.666055 -0.782042 -0.386881 0 0
0 0 452 -0.136809 -0.155695 -0.0874511 0.66055 0 0
0 0 453 0.714541 -0.0209467 -0.0218786 -0.0266362 0 0
0 0 454 -0.0188263 0.285025 -0.365391 0.0398805 0 0
0 0 455 1.04398 -0.0923468 1.17137 -0.141047 0 0
0 0 456 0.0320541 0.175766 1.1606 -0.142804 0 0
0 0 457 -0.279833 0.0321526 -1.07923 -0.985078 0 0
0 0 458 0.684792 1.29238 -0.111899 -0.267714 0 0
0 0 459 -0.76316 -0.127922 -0.730912 0.508342 0 0
0 0 460 -0.0440572 -0.583931 1.28773 -0.468323 0 0
0 0 461 0.645377 -0.370425 -0.279824 -0.79678 0 0
0 0 462 -0.670892 -1.54971 0.474712 0.124507 0 0
0 0 463 -1.37452 0.14497 -0.685649 -0.657011 0 0
0 0 464 0.215212 0.461292 0.493857 0.373917 0 0
0 0 465 0.337227 1.08286 -1.06753 0.103028 0 0
0 0 466 0.999777 0.51695 -1.05873 -0.276556 0 0
0 0 467 0.0195587 0.305333 -0.294717 0.63215 0 0
0 0 468 0.146149 -0.392688 0.104864 0.590564 0 0
0 0 469 0.366882 -0.295741 0.313862 -0.664861 0 0
0 0 470 -0.185132 0.269003 -0.3088 -1.26432 0 0
0 0 471 -1.09056 0.422021 -0.138864 -0.264834 0 0
0 0 472 0.880401 0.829168 -1.7357 0.887824 0 0
0 0 473 1.50687 0.550398 0.434238 -0.968899 0 0
0 0 474 -0.776872 -0.943148 -0.494618 -0.381396 0 0
0 0 475 1.33594 -0.395516 0.223953 -0.314446 0 0
0 0 476 -0.115242 -0.245427 0.475472 0.676273 0 0
0 0 477 -0.740914 -0.48413 -0.445495 0.315865 0 0
0 0 478 0.820324 -0.328268 -0.395595 0.248265 0 0
0 0 479 1.46285 0.221514 0.0274185 0.165806 0 0
0 0 480 0.429841 -0.400061 -0.691989 0.817593 0 0
0 0 481 -0.654357 -0.851287 -0.503492 0.237734 0 0
0 0 482 -0.0199422 1.44531 0.0681154 1.47734 0 0
0 0 483 -0.165631 0.604027 0.251377 0.0678667 0 0
0 0 484 -0.262389 -0.777389 0.342315 0.235786 0 0
0 0 485 -0.38883 -1.6364 0.820233 0.221767 0 0
0 0 486 0.364774 0.248886 -1.40965 -0.638028 0 0
0 0 487 0.555858 0.175826 -0.475046 -0.21365 0 0
0 0 488 -0.0984642 0.399323 0.250139 0.560502 0 0
0 0 489 0.332951 0.718941 0.603982 -1.05654 0 0
0 0 490 0.308097 0.860459 1.23559 -0.637593 0 0
0 0 491 1.47248 1.50628 -0.740845 0.357081 0 0
0 0 492 -0.46231 -1.40211 -0.130372 0.87534 0 0
0 0 493 -1.29902 0.926446 -0.627507 0.021287 0 0
0 0 494 0.721118 -0.424781 -0.054736 -0.380702 0 0
0 0 495 -0.703215 -0.425164 -0.447093 -0.583534 0 0
0 0 496 0.175951 0.651923 0.449791 0.173045 0 0
0 0 497 -0.664946 -0.661843 -0.088334 -0.54944 0 0
0 0 498 -0.0802034 -0.460605 -0.817533 0.603135 0 0
0 0 499 -0.139977 0.73448 -0.477427 0.196439 0 0
0 0 500 -0.441349 0.0645736 0.922178 0.333993 0 0
0 0 501 0.295539 1.28826 0.796681 0.274587 0 0
0 0 502 0.206799 0.350012 0.778659 0.55208 0 0
0 0 503 -0.762009 1.67663 -0.51211 -0.0805345 0 0
0 0 504 0.269561 -0.144437 0.112304 -0.0896081 0 0
0 0 505 0.56715 1.30917 0.171122 -0.254635 0 0
0 0 506 -0.0982627 0.539356 -0.48675 -0.0537717 0 0
0 0 507 0.301795 -0.375739 -0.358769 -0.141677 0 0
0 0 508 -0.624697 -0.77266 -0.91142 -0.0754447 0 0
0 0 509 0.0125742 0.22317 1.01913 -0.227131 0 0
0 0 510 1.36011 0.990195 0.626268 -0.266595 0 0
0 0 511 -0.34962 0.574168 -0.368999 0.766919 0 0
0 0 512 -0.162907 -1.08136 -0.232473 -0.172107 0 0
0 0 513 -0.716861 -0.470528 -0.752178 0.9235 0 0
0 0 514 0.789525 0.375628 1.0648 0.00244811 0 0
0 0 515 1.05775 0.219584 0.600942 -0.147132 0 0
0 0 516 0.377072 -0.217749 0.311134 -0.18112 0 0
0 0 517 0.137191 -1.25014 0.523345 -0.162227 0 0
0 0 518 -0.867065 -0.362167 -0.421664 -0.48475 0 0
0 0 519 0.664518 0.662981 -0.405073 0.0142057 0 0
0 0 520 0.168092 -1.32574 0.160443 -0.611139 0 0
0 0 521 0.0117282 0.989159 -0.356727 -0.356043 0 0
0 0 522 -0.91647 1.30813 -0.293156 -0.713106 0 0
0 0 523 -0.357064 -0.258757 -0.0918612 -0.192288 0 0
0 0 524 0.086961 -0.244219 0.981176 0.179825 0 0
0 0 525 -0.960502 0.0770262 0.700353 -0.182371 0 0
0 0 526 0.399214 -0.280142 -0.134927 0.259836 0 0
0 0 527 1.13608 0.333441 -0.181215 0.513649 0 0
0 0 528 0.0125164 1.05174 -0.660172 -1.03441 0 0
0 0 529 -0.0239446 0.0159619 -0.389548 -0.268785 0 0
0 0 530 0.642446 0.60885 -0.0953109 -0.275645 0 0
0 0 531 0.423786 0.24729 -0.541578 0.389385 0 0
0 0 532 0.388226 -0.34331 0.292398 -0.945247 0 0
0 0 533 0.808091 -0.221304 0.378239 -0.327143 0 0
0 0 534 1.06574 0.0222275 -0.567479 1.39097 0 0
0 0 535 -0.560774 0.613957 -0.0773719 0.60196 0 0
0 0 536 0.823911 -0.25189 -0.155267 0.264963 0 0
0 0 537 -0.018631 0.969593 -0.28423 0.724946 0 0
0 0 538 0.03811 0.125707 -0.818205 -0.790418 0 0
0 0 539 0.295877 -1.69946 0.00372488 0.430894 0 0
0 0 540 -0.293256 0.551202 -0.143465 -0.215405 0 0
0 0 541 -0.394311 -0.0658541 -1.02726 -0.0321195 0 0
0 0 542 -0.302188 -0.488152 -1.03455 0.315761 0 0
0 0 543 0.125619 0.473881 0.422858 -0.135018 0 0
0 0 544 0.730543 -0.18787 -0.610498 -1.01405 0 0
0 0 545 0.075558 0.144194 0.40917 -0.442784 0 0
0 0 546 -1.06529 0.0523121 -1.30784 -0.49806 0 0
0 0 547 -0.418381 -0.706014 -0.378904 -1.03581 0 0
0 0 548 0.20444 0.483226 -0.812025 -0.290002 0 0
0 0 549 -0.6092 -0.526033 -1.08169 -0.271911 0 0
0 0 550 0.481211 1.01154 -0.165727 -0.662215 0 0
0 0 551 0.636002 -0.132916 -0.0771983 0.075295 0 0
0 0 552 0.139787 0.0273374 0.375819 0.263945 0 0
0 0 553 0.504569 0.913059 0.704501 -0.515971 0 0
0 0 554 -0.322699 -0.305055 -0.223962 -0.350488 0 0
0 0 555 -0.802636 0.361904 -0.287838 0.144795 0 0
0 0 556 1.00642 -0.413931 -0.121833 0.373204 0 0
0 0 557 -0.0852994 -0.0256572 -0.458019 0.3935 0 0
0 0 558 0.0461162 -0.552115 0.0219992 -1.32485 0 0
0 0 559 0.332302 1.45367 0.513459 -0.65349 0 0
0 0 560 0.322675 0.0308079 0.178472 0.204029 0 0
0 0 561 0.39994 -0.0185803 0.411572 0.755608 0 0
0 0 562 0.260365 0.544059 -0.387348 0.811512 0 0
0 0 563 -0.749473 -1.24411 1.07507 -0.208043 0 0
0 0 564 -0.397821 -0.271191 -0.35403 -0.637726 0 0
0 0 565 0.398064 0.260052 -0.487687 -0.465259 0 0
0 0 566 0.702862 0.454592 -0.752651 1.01686 0 0
0 0 567 0.240198 -0.996725 -0.0976007 0.984524 0 0
0 0 568 0.536075 -0.0788862 -0.951548 -1.04033 0 0
0 0 569 0.278389 -1.39665 -0.477703 -0.471847 0 0
0 0 570 -0.432212 0.259855 0.309567 -0.654222 0 0
0 0 571 -0.70036 -0.349258 -1.32356 0.686602 0 0
0 0 572 1.32801 -0.127373 -0.795642 -0.260439 0 0
0 0 573 0.114692 0.0901574 -0.0454267 0.0119545 0 0
0 0 574 1.61267 0.98673 -0.194843 1.11626 0 0
0 0 575 -0.232763 0.11503 -0.742393 -0.101979 0 0
0 0 576 0.754599 1.8652 0.316103 0.198339 0 0
0 0 577 0.34432 -0.151206 -0.284559 -1.26052 0 0
0 0 578 1.25458 1.07294 -1.06717 -0.361404 0 0
0 0 579 0.650128 -0.546032 -0.294943 -0.134906 0 0
0 0 580 0.181025 -0.396813 0.573978 -0.661298 0 0
0 0 581 0.720381 -0.319568 -0.811664 -0.583803 0 0
0 0 582 -0.308861 0.630462 -0.0335257 0.523376 0 0
0 0 583 0.644767 0.334616 -0.117205 0.400743 0 0
0 0 584 0.0679881 -0.576746 1.07288 0.20423 0 0
0 0 585 0.484657 1.43399 0.542007 0.581159 0 0
0 0 586 -0.0583989 0.816031 -0.569181 0.992379 0 0
0 0 587 0.759613 0.193718 -1.12578 0.157689 0 0
0 0 588 -2.03121 -0.347664 1.37014 0.0277945 0 0
0 0 589 0.688252 0.634626 0.985244 -0.0306019 0 0
0 0 590 -0.155476 0.546838 -0.715675 0.474293 0 0
0 0 591 0.357769 0.380731 -0.237815 1.28252 0 0
0 0 592 0.756988 0.474768 0.145488 -0.37151 0 0
0 0 593 -0.193363 -0.691161 -0.710592 -0.307168 0 0
0 0 594 -0.191921 0.115053 -0.848082 -0.41694 0 0
0 0 595 0.418341 0.482709 0.20629 0.0241854 0 0
0 0 596 0.724197 -1.88153 1.24466 -0.0542919 0 0
0 0 597 0.36803 0.84876 0.543912 -0.360629 0 0
0 0 598 0.127435 -0.100709 0.209125 -0.845127 0 0
0 0 599 0.120109 -0.883323 -0.671523 0.0753654 0 0
0 0 600 -0.227117 0.114547 -0.0346088 -0.455942 0 0
0 0 601 0.2069 -0.0927264 -1.05184 -1.06525 0 0
0 0 602 -0.407302 -0.279789 0.150679 0.56378 0 0
0 0 603 -0.126656 -0.325616 0.196162 -0.168086 0 0
0 0 604 -0.396649 -1.05617 -0.612706 0.891942 0 0
0 0 605 -0.0835785 0.797081 0.715081 -0.659316 0 0
0 0 606 1.12679 0.287075 -0.380146 -1.1655 0 0
0 0 607 0.541045 0.283922 -0.0925388 -0.841737 0 0
0 0 608 -0.728435 0.781621 -0.786636 -0.531408 0 0
0 0 609 -0.181197 0.479835 -0.228266 0.949201 0 0
0 0 610 0.401269 0.511104 0.482886 -0.132769 0 0
0 0 611 0.134853 1.92024 -0.312356 -0.839598 0 0
0 0 612 0.679822 -0.0789108 -0.203245 -0.811191 0 0
0 0 613 1.79587 0.561355 0.108751 0.102895 0 0
0 0 614 -1.73336 0.643037 0.405006 0.332806 0 0
0 0 615 1.16767 1.42533 0.911944 0.00689124 0 0
0 0 616 -0.514218 -0.352974 -1.15741 0.254282 0 0
0 0 617 0.871193 0.68911 0.00535858 1.64086 0 0
0 0 618 -0.576232 -0.547355 -0.459626 0.281411 0 0
0 0 619 1.02253 -0.796917 0.925897 -0.401279 0 0
0 0 620 -0.217984 1.27271 0.138121 -0.153059 0 0
0 0 621 -0.0666045 0.488843 0.625643 -0.194578 0 0
0 0 622 0.375117 0.589491 -0.0335446 -0.235243 0 0
0 0 623 -0.291091 0.42553 -0.492515 1.0012 0 0
0 0 624 0.706553 0.163072 0.913738 0.0908495 0 0
0 0 625 -0.0678839 0.796451 0.30707 0.56166 0 0
0 0 626 0.662483 0.450271 0.0637781 -0.424756 0 0
0 0 627 -0.746777 0.258768 -0.040638 1.41983 0 0
0 0 628 0.296462 0.255531 2.07609 -0.0897409 0 0
0 0 629 0.186699 0.83402 0.307387 1.14788 0 0
0 0 630 -1.23715 0.429701 -0.311194 0.145909 0 0
0 0 631 -0.088839 0.0353972 -1.37892 0.648136 0 0
0 0 632 -0.735754 0.84864 0.0198861 0.561284 0 0
0 0 633 0.350563 0.483588 0.917177 -0.310083 0 0
0 0 634 -0.236668 0.286566 -1.08506 -0.0886209 0 0
0 0 635 0.00947598 -0.611036 -1.28112 -0.332837 0 0
0 0 636 -0.72907 0.159157 -0.653224 0.872518 0 0
0 0 637 -0.250522 0.0181076 -0.59842 0.262333 0 0
0 0 638 -0.073412 -0.332358 -0.63467 0.593716 0 0
0 0 639 0.740264 -0.712308 1.07582 -0.685889 0 0
0 0 640 0.0755949 0.468263 0.304317 0.220744 0 0
0 0 641 -0.506701 1.56422 0.48981 -0.175954 0 0
0 0 642 0.095118 1.68481 -0.391814 -1.38318 0 0
0 0 643 -0.758936 -0.351107 0.246163 -0.418099 0 0
0 0 644 1.31303 -0.110721 -0.885442 0.948873 0 0
0 0 645 0.537679 -0.0484571 0.303497 -0.218402 0 0
0 0 646 0.165909 -0.149501 0.531827 0.144854 0 0
0 0 647 0.0392802 0.428743 1.19565 -0.942758 0 0
0 0 648 1.11358 0.75351 -1.07408 0.384784 0 0
0 0 649 -0.152256 -0.169584 -0.326179 -0.0458068 0 0
0 0 650 -0.0803967 0.850492 -0.244762 -0.236269 0 0
0 0 651 0.757572 -0.393275 0.56471 1.40561 0 0
0 0 652 0.799464 -0.34698 -0.826666 0.119919 0 0
0 0 653 0.0979449 0.400007 -0.642082 0.281726 0 0
0 0 654 -1.32355 0.100405 -0.176615 -0.62928 0 0
0 0 655 0.210303 -0.0158028 -0.491773 -0.380021 0 0
0 0 656 1.05124 0.369573 0.354182 -0.0440185 0 0
0 0 657 -0.024343 -0.339253 0.454219 -0.269233 0 0
0 0 658 1.19864 -0.837748 -0.111079 0.404424 0 0
0 0 659 0.594786 0.372524 -0.224621 -0.418286 0 0
0 0 660 -0.170669 -0.121809 1.15853 0.345794 0 0
0 0 661 0.357587 -0.766175 0.18181 0.0519742 0 0
0 0 662 -0.972509 0.0355093 0.767607 -0.395587 0 0
0 0 663 1.23247 -0.393891 0.740909 -0.0152944 0 0
0 0 664 0.396731 -0.445415 0.655707 0.277874 0 0
0 0 665 -0.189758 -0.730084 -0.021709 0.0313319 0 0
0 0 666 -0.115439 0.318573 0.793126 0.576857 0 0
0 0 667 -0.0744161 -0.85885 -0.6137 -0.296132 0 0
0 0 668 -0.715996 -0.700239 -0.160554 0.850979 0 0
0 0 669 -0.383966 0.607275 -0.429253 0.112234 0 0
0 0 670 0.314 -0.273851 -0.0467928 0.943964 0 0
0 0 671 1.30854 -0.905273 -0.595493 0.789797 0 0
0 0 672 0.27686 0.578802 0.472794 0.14214 0 0
0 0 673 0.486173 -0.410737 -1.29051 -0.394619 0 0
0 0 674 1.05123 1.27552 -0.526715 1.00882 0 0
0 0 675 -0.712222 -0.327548 0.453255 0.521302 0 0
0 0 676 -0.503518 0.0482843 -0.870233 0.335995 0 0
0 0 677 0.177379 0.0671669 0.0947678 -0.858007 0 0
0 0 678 0.12288 0.287677 -0.396971 -0.163711 0 0
0 0 679 0.0790552 0.0330759 1.3299 0.538817 0 0
0 0 680 1.41018 0.00433344 0.0631656 0.265832 0 0
0 0 681 0.261571 1.23007 -0.611803 0.478659 0 0
0 0 682 0.0123016 -0.827634 -0.118789 -0.543503 0 0
0 0 683 0.193277 0.584835 0.224691 -0.438914 0 0
0 0 684 1.21471 -0.0890234 0.961713 -0.204182 0 0
0 0 685 0.203971 1.60115 -0.0583249 0.409961 0 0
0 0 686 0.0329756 0.50259 0.227135 0.538586 0 0
0 0 687 0.208988 0.644475 -0.300304 -0.0607373 0 0
0 0 688 1.06326 -0.180691 -0.726383 0.235771 0 0
0 0 689 0.357204 0.439069 0.449539 0.957834 0 0
0 0 690 0.597575 -1.42176 1.07779 -0.959092 0 0
0 0 691 1.16444 -0.8888 0.242122 -0.295623 0 0
0 0 692 0.295103 -0.0445234 -1.02028 -0.307398 0 0
0 0 693 0.119372 -0.00621379 -0.200997 -0.438601 0 0
0 0 694 0.38261 -0.750475 -0.599539 -0.468889 0 0
0 0 695 -1.5662 0.0740598 0.19275 0.24027 0 0
0 0 696 -0.312815 0.713042 -0.359446 0.713502 0 0
0 0 697 0.0835233 -0.218741 0.359564 1.10084 0 0
0 0 698 -1.08406 -1.01892 0.862075 0.232585 0 0
0 0 699 0.297746 0.432795 -0.553632 0.334656 0 0
0 0 700 0.67286 -0.41312 -0.980917 -0.56832 0 0
0 0 701 0.541308 0.172118 -0.0137348 -0.177618 0 0
0 0 702 -0.427338 0.542453 -0.160364 0.378354 0 0
0 0 703 0.0889696 0.890746 -0.56648 1.1552 0 0
0 0 704 0.175341 1.82646 -0.373872 0.280479 0 0
0 0 705 -0.537522 -1.14519 -0.00931215 -1.30674 0 0
0 0 706 0.647773 -0.205175 -0.419726 -0.600852 0 0
0 0 707 -0.123386 -0.514715 -0.541209 -0.238411 0 0
0 0 708 -0.295138 0.0478774 -0.761645 0.189386 0 0
0 0 709 -0.638335 -0.0519216 -0.799571 -1.1715 0 0
0 0 710 -0.578289 -0.59688 -0.636161 0.0350339 0 0
0 0 711 0.419391 -0.461672 0.118125 -0.290574 0 0
0 0 712 0.846411 -0.214699 -0.235869 0.72416 0 0
0 0 713 -0.412679 0.134498 0.424991 0.0455635 0 0
0 0 714 -0.549136 -0.275799 -0.648958 0.0898676 0 0
0 0 715 0.101283 0.207171 -0.290736 0.249013 0 0
0 0 716 0.498177 -0.084828 0.440321 0.989287 0 0
0 0 717 0.456643 -1.07924 0.0732703 -0.314971 0 0
0 0 718 -0.225086 0.116903 -0.660896 0.0764671 0 0
0 0 719 0.610749 0.438525 0.163232 0.605852 0 0
0 0 720 0.423028 1.34147 0.501303 -0.323776 0 0
0 0 721 -0.863846 0.769781 1.3113 0.426017 0 0
0 0 722 -0.684142 -0.116234 -0.983483 1.01465 0 0
0 0 723 0.0500222 1.15736 0.93031 -0.326202 0 0
0 0 724 1.30602 0.58529 -0.297902 -0.912893 0 0
0 0 725 0.499226 0.0835611 -1.38865 -0.024676 0 0
0 0 726 0.277932 -0.0511465 -0.0969081 0.473829 0 0
0 0 727 -1.30684 0.0289147 -0.298774 0.187021 0 0
0 0 728 0.131438 0.173663 0.32948 -0.0291557 0 0
0 0 729 0.552331 0.0237502 0.502972 0.961116 0 0
0 0 730 -0.681675 -0.0412515 -0.911011 0.559089 0 0
0 0 731 0.800116 -0.11248 0.27334 1.00506 0 0
0 0 732 -0.706801 0.340971 -0.711261 1.27148 0 0
0 0 733 -0.531043 -1.01145 -0.21721 0.470083 0 0
0 0 734 0.341313 -0.131572 0.0393903 -0.615105 0 0
0 0 735 1.14976 -0.200868 0.0900861 -0.309634 0 0
0 0 736 -0.0431689 0.405619 0.694458 0.403576 0 0
0 0 737 -0.392498 -0.885747 -0.393245 -0.34097 0 0
0 0 738 0.192012 0.720655 0.153112 -0.67301 0 0
0 0 739 0.867537 0.274903 -0.609407 0.49094 0 0
0 0 740 -0.0758369 0.104918 -0.391487 -0.0539305 0 0
0 0 741 -0.207913 0.152466 0.177307 0.355516 0 0
0 0 742 -0.269955 -0.154499 0.00337994 -0.000453758 0 0
0 0 743 -0.43443 -0.153222 0.67195 0.216733 0 0
0 0 744 0.624141 0.806309 1.31364 -0.650025 0 0
0 0 745 0.393444 0.207785 0.525237 -0.652683 0 0
0 0 746 -0.728289 -0.692132 0.198566 -0.98262 0 0
0 0 747 -0.428435 -0.023144 1.16112 -0.465034 0 0
0 0 748 -1.2567 -0.58257 0.845241 0.579383 0 0
0 0 749 0.136271 0.363726 0.128613 -0.231703 0 0
0 0 750 0.142017 -0.181616 -0.0879332 0.520219 0 0
0 0 751 0.0848659 -0.152515 0.195389 0.594474 0 0
0 0 752 -1.06178 -0.786598 0.30449 0.224871 0 0
0 0 753 0.38571 0.257978 0.141769 -0.520526 0 0
0 0 754 0.102191 1.14276 -0.170424 -0.356387 0 0
0 0 755 0.0621859 -0.111808 0.343078 0.880238 0 0
0 0 756 -0.0972754 -0.452783 0.140927 -0.610574 0 0
0 0 757 1.12782 0.938501 -0.376971 -0.791633 0 0
0 0 758 -0.8472 0.91646 -0.0478057 -0.195425 0 0
0 0 759 0.266595 -0.639933 0.966433 -0.300212 0 0
0 0 760 -0.276659 0.1449 0.387146 -0.158152 0 0
0 0 761 0.584689 0.460969 0.0684451 -0.0406204 0 0
0 0 762 0.196512 -0.776644 0.730828 -0.806775 0 0
0 0 763 1.14175 0.0432122 0.154354 0.269285 0 0
0 0 764 -0.233345 0.0670922 -0.325469 0.41627 0 0
0 0 765 0.274858 -0.58071 -0.196959 0.260857 0 0
0 0 766 -0.248275 -0.509105 -0.0740072 0.379439 0 0
0 0 767 0.156783 1.55132 0.832264 -0.705686 0 0
0 0 768 0.680475 0.242518 -0.325338 -0.622449 0 0
0 0 769 -0.102056 1.07608 0.838429 -0.308589 0 0
0 0 770 -0.0051754 -0.0441598 0.923119 -0.330887 0 0
0 0 771 -0.162764 0.0596039 0.735026 0.149715 0 0
0 0 772 0.302913 -0.761777 -0.0298215 -0.186389 0 0
0 0 773 -0.0896596 -0.00949909 -0.0074895 -0.0299926 0 0
0 0 774 -1.00721 1.46785 0.380128 1.29677 0 0
0 0 775 0.912043 0.0188666 -0.0983501 -0.684453 0 0
0 0 776 -0.252806 0.178679 0.224541 -0.689074 0 0
0 0 777 0.438103 -0.0430105 -0.922709 0.775224 0 0
0 0 778 0.397772 -0.553179 0.241417 0.430207 0 0
0 0 779 -0.841742 0.940567 -0.210326 1.93785 0 0
0 0 780 0.683735 0.107698 -0.129384 -0.435583 0 0
0 0 781 -0.10546 -0.0736084 -0.250202 0.164441 0 0
0 0 782 -0.256406 -0.626758 -0.793406 0.381195 0 0
0 0 783 0.796998 0.992457 1.62812 0.228862 0 0
0 0 784 -0.106859 -0.00229007 0.311611 -0.695403 0 0
0 0 785 0.834691 1.00873 -0.376878 0.205646 0 0
0 0 786 0.83617 -0.215655 0.945244 0.509266 0 0
0 0 787 0.227071 0.71555 -0.133092 0.822626 0 0
0 0 788 -0.299538 -0.343793 0.104921 -0.600145 0 0
0 0 789 0.654209 0.898542 -1.23239 -0.0744756 0 0
0 0 790 -0.0459553 0.0783794 0.290551 0.801122 0 0
0 0 791 0.167799 1.04109 0.450275 0.13612 0 0
0 0 792 0.261849 0.295434 -0.991824 0.0306691 0 0
0 0 793 0.100069 -0.38382 0.767913 -0.85329 0 0
0 0 794 0.0486612 0.0190831 -0.522723 -1.19205 0 0
0 0 795 -0.389462 0.38759 0.426683 0.00207438 0 0
0 0 796 -0.288645 0.811933 0.0656737 -0.487997 0 0
0 0 797 -0.770218 0.237837 0.18337 -0.941752 0 0
0 0 798 -0.191686 0.153293 -0.0480983 0.200932 0 0
0 0 799 2.29358 -0.230937 -0.298656 0.518834 0 0
0 0 800 -0.0591805 0.0934285 -0.198088 0.376245 0 0
0 0 801 -0.193409 -0.308475 0.339867 -0.202923 0 0
0 0 802 0.311549 -0.34655 0.0889286 -0.88917 0 0
0 0 803 -0.0800421 0.00108607 0.208175 1.16121 0 0
0 0 804 -0.336336 -0.239715 -0.716837 -0.0560883 0 0
0 0 805 0.218497 -0.951533 -0.127857 -0.11138 0 0
0 0 806 0.177998 0.144718 1.50469 0.215847 0 0
0 0 807 -0.391013 0.291358 0.237198 -0.404534 0 0
0 0 808 0.953095 -0.03571 0.347988 -0.257791 0 0
0 0 809 0.293226 0.217932 1.31004 0.499894 0 0
0 0 810 0.458811 1.6595 -0.553724 1.52725 0 0
0 0 811 0.347873 1.51774 -0.563712 0.0832616 0 0
0 0 812 -0.428777 -0.583739 0.651718 1.38304 0 0
0 0 813 0.723931 1.08404 -0.254469 0.0512363 0 0
0 0 814 0.982578 -0.268604 -0.705815 0.489509 0 0
0 0 815 0.75782 -0.627594 0.0417046 -0.396553 0 0
0 0 816 0.0832145 -0.978929 0.586553 -0.46581 0 0
0 0 817 0.91548 0.210013 0.255692 -1.45469 0 0
0 0 818 0.171908 0.125682 0.263991 0.710373 0 0
0 0 819 0.0917713 -1.03323 0.578095 -0.296513 0 0
0 0 820 0.665679 -0.00530225 -0.286365 0.431915 0 0
0 0 821 -0.0382061 -0.412656 1.3213 -0.689645 0 0
0 0 822 -1.15413 0.133804 0.134406 -0.676891 0 0
0 0 823 -0.056001 -0.310933 -0.55496 0.0251433 0 0
0 0 824 0.194253 0.480783 -0.262851 0.562025 0 0
0 0 825 0.368308 -0.0780783 -0.769699 -0.990569 0 0
0 0 826 -0.242987 0.756997 -1.58838 0.243927 0 0
0 0 827 -0.17289 0.162375 0.377282 -0.685011 0 0
0 0 828 0.364101 0.358292 -1.0416 -0.411677 0 0
0 0 829 1.32978 -0.525373 0.229542 0.292244 0 0
0 0 830 -0.26463 -1.08609 -1.05784 -0.584886 0 0
0 0 831 0.390696 -1.60631 0.0444889 0.355315 0 0
0 0 832 -0.369747 -0.435198 -0.896328 0.127659 0 0
0 0 833 1.41635 -1.29767 0.073857 -0.858635 0 0
0 0 834 2.0433 0.00579047 0.517717 -1.53758 0 0
0 0 835 0.951602 -0.162954 0.926501 -0.524079 0 0
0 0 836 0.984051 0.0252694 0.308511 1.1214 0 0
0 0 837 1.74127 0.762176 -0.0645788 0.374872 0 0
0 0 838 1.08492 -0.0088824 0.304766 -1.11599 0 0
0 0 839 1.78691 0.499729 0.36981 -0.0208133 0 0
0 0 840 1.96852 0.329648 -0.529699 -0.229731 0 0
0 0 841 1.00148 0.288962 -0.263857 1.27688 0 0
0 0 842 -0.367519 -0.341229 -0.919135 -1.13047 0 0
0 0 843 0.628991 0.969146 -0.798638 -0.119939 0 0
0 0 844 1.143 -0.325284 -0.772785 0.0984095 0 0
0 0 845 1.08587 -0.141591 -0.968061 0.792167 0 0
0 0 846 1.8118 -0.613225 -0.400901 0.776352 0 0
0 0 847 3.62159 0.320049 -1.01602 0.275272 0 0
0 0 848 3.20974 -0.324701 0.0075553 0.637197 0 0
0 0 849 2.16431 0.794858 -0.656528 1.3434 0 0
0 0 850 3.153 -0.399547 0.0198456 0.136008 0 0
0 0 851 2.44351 0.813406 -0.979368 -0.762986 0 0
0 0 852 4.47779 0.0371449 -1.92778 -0.0351564 0 0
0 0 853 4.95998 1.86057 -0.490963 0.456888 0 0
0 0 854 4.95792 0.0343537 -0.354294 0.336218 0 0
0 0 855 4.29347 0.578616 -2.44227 -0.353191 -38.3357 7.90114
0 0 856 5.46329 0.171717 -0.888331 0.102314 0 0
0 0 857 5.5725 0.606542 -0.865911 0.216851 0 0
0 0 858 5.1032 0.858034 -1.25916 -0.457609 0 0
0 0 859 6.70215 -0.23815 -0.328013 0.0194013 0 0
0 0 860 5.75331 -0.0959458 -2.93379 -0.720053 -45.9366 6.75423
0 0 861 5.69075 -0.481497 -0.841046 -0.00581153 0 0
0 0 862 5.82319 -0.154099 -1.46306 -0.152997 0 0
0 0 863 6.13503 1.66485 -0.712962 0.072046 0 0
0 0 864 6.67183 0.738524 -1.99553 0.45702 0 0
0 0 865 5.59226 0.0844131 -0.473737 1.48334 0 0
0 0 866 5.26458 0.638867 -0.466167 -0.512382 0 0
0 0 867 6.43951 1.60214 -1.7833 -0.417334 -24.0316 8.28707
0 0 868 5.30707 -0.05247 0.298937 0.27962 0 0
0 0 869 5.88706 0.359395 -0.688139 1.03478 0 0
0 0 870 4.39153 0.140653 -0.761616 -0.0527911 0 0
0 0 871 5.43543 -0.331244 -0.194557 -0.419558 0 0
0 0 872 4.42916 0.440456 -1.17095 0.361985 0 0
0 0 873 4.69618 0.0824199 -0.925895 0.143369 0 0
0 0 874 4.09746 0.379029 -1.43226 1.21654 0 0
0 0 875 4.96364 0.537619 -1.4465 -0.574679 0 0
0 0 876 4.36794 1.5272 -2.30513 -0.529157 -28.2373 7.18003
0 0 877 5.02756 1.07036 -1.50953 0.452937 0 0
0 0 878 4.81687 0.260318 -1.69 0.103201 0 0
0 0 879 5.25198 1.17824 -1.69274 -0.321558 0 0
0 0 880 4.05276 0.43592 -1.65082 -0.189511 0 0
0 0 881 3.76476 -0.298389 -3.53668 1.9004 -47.4113 5.58616
0 0 882 4.00031 0.0976969 -2.04831 -0.640885 0 0
0 0 883 2.88804 1.0766 -3.03999 -0.894971 -35.2493 6.15074
0 0 884 4.08707 1.73835 -2.37367 0.0893321 -26.8915 6.74941
0 0 885 4.62555 1.35754 -2.83705 1.2866 -32.2143 6.30912
0 0 886 4.36359 -0.267073 -2.34791 1.00998 -48.2447 8.39051
0 0 887 3.9393 0.546962 -2.18672 0.676047 0 0
0 0 888 3.7304 1.12379 -2.12245 0.231002 -31.0499 8.26361
0 0 889 4.47123 -0.0137222 -2.75518 -0.78378 -45.1427 7.19581
0 0 890 2.66531 0.183351 -2.76955 0.577242 -43.1062 7.14309
0 0 891 3.02441 -0.653561 -3.4767 0.886849 -50.3232 5.60524
0 0 892 3.87266 0.806503 -3.35538 0.195126 -38.2424 5.74653
0 0 893 5.63922 -0.624316 -3.18836 -0.23114 -50.5395 6.10339
0 0 894 4.48798 0.971742 -3.56793 0.865596 -37.3824 5.36313
0 0 895 5.68401 0.125064 -2.30035 1.17696 -43.444 8.6061
0 0 896 5.10711 1.10112 -3.28167 0.99898 -35.7258 5.73028
0 0 897 4.23198 0.229291 -4.40094 -0.286936 -43.5088 4.4989
0 0 898 5.79398 0.053251 -4.33905 -1.00448 -44.6484 4.56887
0 0 899 5.01677 0.424238 -3.55398 0.788758 -41.5964 5.53957
0 0 900 6.05897 0.594182 -3.79447 0.503776 -40.5501 5.16264
0 0 901 5.71212 0.0948539 -6.51304 1.0862 -44.5828 3.04373
0 0 902 7.06941 1.46798 -5.48124 0.624083 -37.5035 3.495
0 0 903 5.91954 0.320392 -5.67831 1.50826 -43.3853 3.48604
0 0 904 7.55012 0.35172 -7.12222 2.04699 -43.5864 2.78033
0 0 905 7.69253 0.22879 -5.96256 2.07913 -43.9013 3.32266
0 0 906 7.58043 -0.588367 -7.17418 0.555788 -47.3442 2.75436
0 0 907 7.5981 0.306417 -5.1455 0.699442 -43.296 3.84633
0 0 908 9.04922 0.519332 -5.26736 1.03837 -42.1846 3.74594
0 0 909 7.57567 -0.64357 -7.01294 0.636278 -47.6216 2.81534
0 0 910 9.36556 1.15214 -7.08805 0.958158 -40.3838 2.76119
0 0 911 7.61494 0.951204 -6.73992 0.407481 -40.9835 2.91298
0 0 912 8.70157 0.441541 -7.3957 1.44405 -43.2917 2.67603
0 0 913 7.53812 -0.101115 -6.34557 0.620012 -45.4565 3.12399
0 0 914 8.89352 -0.339721 -6.98718 0.593278 -46.3918 2.83417
0 0 915 8.2234 0.186368 -5.00847 -0.25008 -43.9345 3.95579
0 0 916 8.37309 -0.857004 -5.07829 1.17111 -49.7894 3.85013
0 0 917 7.1719 -1.24806 -3.77264 0.11993 -54.1526 4.99154
0 0 918 7.99695 0.307251 -4.09368 0.339389 -42.8539 4.82962
0 0 919 6.74449 0.814486 -4.95368 -0.382116 -40.3315 3.94973
0 0 920 7.88525 -0.00893927 -1.85971 0.702178 0 0
0 0 921 8.28005 0.588299 -2.73618 0.643318 -38.9329 7.08542
0 0 922 8.71748 -0.43503 -2.41219 -0.145058 -50.1116 8.08977
0 0 923 9.39507 0.741606 -2.62252 1.49547 -37.105 7.2771
0 0 924 8.82609 -0.0607133 -1.97432 -0.237395 0 0
0 0 925 10.4883 1.04087 -1.85032 -0.256509 0 0
0 0 926 12.4996 0.55829 -2.19213 -0.831433 0 0
0 0 927 13.6819 1.28106 -0.936306 1.1204 0 0
0 0 928 15.345 0.0869555 -0.367089 -0.31505 0 0
0 0 929 17.619 -0.592172 0.209787 -0.259428 0 0
0 0 930 19.9854 1.02788 1.04554 -1.13575 0 0
0 0 931 24.4034 1.06737 2.58524 -1.47694 33.7829 7.09326
0 0 932 27.8938 1.03544 2.87943 -3.34666 35.1107 6.48261
0 0 933 31.559 -0.068078 5.65303 -1.6107 45.345 3.5069
0 0 934 35.1357 0.713333 6.76213 -2.9907 41.9891 2.91589
0 0 935 42.1209 1.1007 8.18265 -2.11245 41.1694 2.4015
0 0 936 45.5849 0.465412 11.4109 -3.29016 43.8322 1.73603
0 0 937 51.7398 0.409145 13.3173 -4.40392 44.1201 1.48804
0 0 938 54.7648 0.672876 16.5753 -4.37732 43.8377 1.19514
0 0 939 57.6916 0.849241 17.2145 -4.42588 43.5879 1.15032
0 0 940 61.484 1.8241 19.5396 -4.20357 42.3333 1.01031
0 0 941 61.2671 1.16049 21.1605 -2.6609 43.4305 0.935541
0 0 942 60.6937 0.923302 19.4661 -2.24877 43.6422 1.01735
0 0 943 60.4269 2.46856 19.3169 -2.22972 41.3587 1.01815
0 0 944 58.9999 1.81752 18.6426 -1.94957 42.2158 1.0585
0 0 945 54.6164 2.74017 17.4722 -0.0398231 40.5435 1.12114
0 0 946 51.7246 2.5799 16.454 -1.66196 40.5444 1.19052
0 0 947 49.857 1.43291 14.0299 0.491338 42.0842 1.40588
0 0 948 46.207 3.24014 12.1515 0.445329 37.5349 1.57697
0 0 949 43.4268 2.48742 11.186 1.40016 38.7316 1.73051
0 0 950 41.9251 1.92516 9.88595 1.30654 39.4901 1.96883
0 0 951 39.2725 1.93235 9.44194 0.412888 39.2169 2.05752
0 0 952 37.1761 2.23872 7.82406 1.76493 37.0162 2.43706
0 0 953 35.8564 1.44634 5.98247 -0.222663 38.2044 3.22203
0 0 954 34.0203 2.59073 6.13584 1.22789 33.5545 2.97878
0 0 955 33.2235 2.24661 4.61103 1.10306 32.0117 3.86871
0 0 956 30.3467 2.63703 4.39915 1.03286 29.5299 3.87017
0 0 957 29.7996 2.54406 2.68728 0.363797 23.2841 5.36925
0 0 958 28.2238 1.3146 3.21073 1.01489 33.8669 5.71824
0 0 959 26.2645 1.69852 3.40402 -0.297823 31.741 5.2163
0 0 960 25.0214 2.10885 2.75486 0.572588 26.2829 5.72426
0 0 961 23.5393 1.49985 2.11075 0.434456 27.3017 7.66848
0 0 962 22.8787 1.51998 2.9326 0.0489023 31.301 6.00805
0 0 963 21.8051 0.357679 0.88675 -1.02829 0 0
0 0 964 22.3755 1.11389 0.711374 0.173301 0 0
0 0 965 20.6525 0.872555 0.715935 0.447493 0 0
0 0 966 20.6306 1.26525 0.742627 -1.21614 0 0
0 0 967 21.1287 1.97269 1.60885 -0.555889 19.5996 7.80985
0 0 968 18.2315 1.13614 -0.0378681 -0.474176 0 0
0 0 969 17.3311 1.79577 1.29936 -0.635349 0 0
0 0 970 16.3562 2.4874 1.41868 -1.19605 14.849 6.94753
0 0 971 15.4593 0.268055 0.735716 -0.0838174 0 0
0 0 972 14.8551 0.490846 1.03515 -0.236746 0 0
0 0 973 14.7882 0.484502 1.39962 -1.33859 0 0
0 0 974 14.0324 -0.482431 -0.0180467 -1.03499 0 0
0 0 975 14.477 0.64005 0.287121 -0.978815 0 0
0 0 976 12.0861 0.993134 0.439349 -1.67839 0 0
0 0 977 10.3812 -0.0779929 -0.205314 -1.18341 0 0
0 0 978 11.2135 0.94692 1.17896 -0.578491 0 0
0 0 979 9.91909 -0.454189 -0.192835 -0.910394 0 0
0 0 980 9.89366 -0.022192 0.411368 -1.44701 0 0
0 0 981 8.11509 -0.447244 0.20662 -1.10026 0 0
0 0 982 8.03199 -0.346405 -0.333991 -1.37758 0 0
0 0 983 7.39587 -0.219278 0.0844407 -0.178288 0 0
0 0 984 6.75433 -1.21267 -1.60009 -1.3039 0 0
0 0 985 6.45472 -0.529018 0.00531249 -1.54849 0 0
0 0 986 7.48597 0.418362 1.0711 -1.32407 0 0
0 0 987 6.57997 0.0588167 -0.021094 -0.752975 0 0
0 0 988 5.10333 0.133613 0.237585 -0.269936 0 0
0 0 989 5.08761 -0.365583 -0.578494 -0.490974 0 0
0 0 990 5.16676 -1.21094 -0.170882 -0.182878 0 0
0 0 991 3.74438 0.158599 0.00526511 -0.738602 0 0
0 0 992 4.67099 -0.649338 -0.395182 -0.152402 0 0
0 0 993 2.21517 -0.684191 -1.32492 -0.208307 0 0
0 0 994 3.33142 -1.41537 0.169185 0.242674 0 0
0 0 995 3.15492 -0.145787 0.0909212 -2.53308 0 0
0 0 996 2.93844 -0.724169 0.689066 -0.808628 0 0
0 0 997 2.85752 -0.298059 1.26882 -1.45465 0 0
0 0 998 2.41 1.71497 0.205906 -1.07667 0 0
0 0 999 3.29409 -0.1962 -0.332809 0.595159 0 0
0 0 1000 2.50727 -0.37162 -0.593965 -1.19087 0 0
0 0 1001 2.31289 0.000434041 -0.812973 -0.262683 0 0
0 0 1002 2.27617 -1.12405 0.43771 -0.49814 0 0
0 0 1003 2.43824 0.593868 -1.1361 -0.577498 0 0
0 0 1004 1.13758 -0.134624 0.0668468 -1.63078 0 0
0 0 1005 1.30169 -0.760829 -0.567649 1.29362 0 0
0 0 1006 1.41285 0.411225 0.118598 0.358703 0 0
0 0 1007 2.31415 0.223969 -0.821307 0.968281 0 0
0 0 1008 1.98932 0.0215684 -0.657879 -0.385186 0 0
0 0 1009 1.28855 -0.200915 -0.745709 -0.0646635 0 0
0 0 1010 0.254866 -0.464812 0.441695 -1.03742 0 0
0 0 1011 0.178932 0.243623 -0.0201282 0.215386 0 0
0 0 1012 0.75799 0.331365 0.196628 0.99522 0 0
0 0 1013 1.43523 -0.650772 -1.38646 0.349432 0 0
0 0 1014 1.77534 0.464845 -0.00977585 -1.15053 0 0
0 0 1015 0.254401 -0.442839 -0.932079 -0.379877 0 0
0 0 1016 0.376043 0.111001 -0.456936 -0.536271 0 0
0 0 1017 1.06156 -0.196179 -0.666212 0.344939 0 0
0 0 1018 0.736297 0.922766 0.417624 -0.477806 0 0
0 0 1019 0.627419 0.0918495 0.461511 -1.27404 0 0
0 0 1020 1.8831 -0.253666 -0.195822 0.32634 0 0
0 0 1021 0.75543 -0.0219401 0.0520057 -0.793605 0 0
0 0 1022 1.50675 0.064755 0.193877 0.266578 0 0
0 0 1023 -0.371413 -0.0743944 -0.102192 0.622458 0 0
