# File: uwl_230117_011439_Combined.rf.sbH2.RMC_aux Src: J1713+0747 Nsub: 1 Nch: 1 Npol: 4 Nbin: 1024 RMS: 0.46446
0 0 0 0.433948 0.0863162 0.16511 -0.789929 0 0
0 0 1 0.959009 -0.0235886 -0.331547 0.181662 0 0
0 0 2 -0.0917158 0.506228 0.971263 0.117628 0 0
0 0 3 -0.301169 0.424037 0.671504 -0.150906 0 0
0 0 4 1.12991 -0.176853 0.195019 0.169238 0 0
0 0 5 1.39983 -0.202585 0.260321 -0.320813 0 0
0 0 6 -0.148276 0.407353 0.305376 -0.989948 0 0
0 0 7 -0.286443 -0.0907581 0.0353436 0.0761452 0 0
0 0 8 0.803805 0.51517 -0.0388362 -0.169003 0 0
0 0 9 -0.0796354 0.116144 -0.342273 0.0959272 0 0
0 0 10 0.144105 0.113716 0.0277142 -0.542984 0 0
0 0 11 0.700127 0.657246 -0.175783 0.0857582 0 0
0 0 12 0.0263159 -0.417182 -0.18142 0.742097 0 0
0 0 13 -0.480557 0.0108064 0.0812545 0.0164849 0 0
0 0 14 0.117151 0.0691371 0.628648 0.333329 0 0
0 0 15 -0.259496 0.236534 0.301628 0.245633 0 0
0 0 16 0.786392 0.284187 0.209887 0.257486 0 0
0 0 17 0.382933 -0.0295877 -0.286766 -0.109378 0 0
0 0 18 -0.125802 -0.621108 -0.439507 0.539341 0 0
0 0 19 -0.312998 -0.29484 0.491194 -0.104442 0 0
0 0 20 1.21723 -0.0962983 -0.245286 -0.350051 0 0
0 0 21 0.163112 -0.0557796 0.356348 -0.33232 0 0
0 0 22 0.908249 0.274271 0.318471 -0.0788799 0 0
0 0 23 -0.00527123 -0.682993 0.256491 -0.36701 0 0
0 0 24 0.263396 0.0472566 0.0562277 -0.00143627 0 0
0 0 25 0.554421 0.0582823 -0.0997629 -0.0890321 0 0
0 0 26 0.77063 -0.243067 0.10689 -0.335088 0 0
0 0 27 0.988795 0.491416 0.17984 -0.107218 0 0
0 0 28 0.905733 -0.220476 0.39803 -0.0770298 0 0
0 0 29 1.01025 -0.288547 0.194513 -0.474905 0 0
0 0 30 0.221072 0.464455 0.108979 0.0271616 0 0
0 0 31 0.445988 0.340396 -0.113619 -0.0240116 0 0
0 0 32 0.931614 0.511957 0.515869 0.182168 0 0
0 0 33 1.17224 -0.126991 0.564707 -0.0179911 0 0
0 0 34 0.609079 0.20521 0.0357207 0.0881473 0 0
0 0 35 0.92821 0.346788 0.758642 -0.148091 0 0
0 0 36 1.08012 0.25374 0.138241 -0.310013 0 0
0 0 37 0.774602 0.309171 0.469079 0.166565 0 0
0 0 38 0.863321 -0.171922 0.0221082 -0.390187 0 0
0 0 39 1.51038 -0.0456431 0.339736 0.215045 0 0
0 0 40 0.753885 0.594517 0.489907 -0.231281 0 0
0 0 41 0.697215 -0.163345 0.842293 0.226465 0 0
0 0 42 0.0784077 0.283124 0.312929 0.43633 0 0
0 0 43 0.891661 0.170024 1.0326 -0.341818 0 0
0 0 44 1.45916 -0.265972 0.644441 -0.522197 0 0
0 0 45 0.0455448 0.193127 0.664074 0.0930694 0 0
0 0 46 0.981635 -0.926306 -0.0552954 -0.355854 0 0
0 0 47 0.0443157 -0.172811 0.436594 0.0558512 0 0
0 0 48 0.413851 0.114976 0.528941 -0.165698 0 0
0 0 49 1.29894 -0.0729789 -0.176626 -0.242439 0 0
0 0 50 0.484691 0.447418 0.50122 -0.564594 0 0
0 0 51 0.556307 0.851097 0.166152 -0.375212 0 0
0 0 52 0.694798 -0.526403 0.583126 -0.637393 0 0
0 0 53 1.03041 0.531155 0.633606 0.421815 0 0
0 0 54 0.80381 -0.511958 0.508972 0.819038 0 0
0 0 55 0.790806 0.182362 0.467179 -0.546648 0 0
0 0 56 -0.266395 -0.188054 0.429954 0.675007 0 0
0 0 57 0.0480757 0.168661 0.321376 -0.685666 0 0
0 0 58 0.367832 0.243856 -0.156178 -0.12279 0 0
0 0 59 0.676068 -0.315816 -0.0227302 -0.0807381 0 0
0 0 60 1.19626 0.574141 0.470596 -0.159091 0 0
0 0 61 0.94435 0.117104 -0.104933 0.0786446 0 0
0 0 62 0.427586 0.425795 -0.56097 -0.109076 0 0
0 0 63 0.193592 0.575999 0.132552 0.465577 0 0
0 0 64 0.544327 -0.449533 0.570565 -0.765623 0 0
0 0 65 0.170606 -0.351528 0.0040424 0.104205 0 0
0 0 66 0.0461427 0.784034 0.639467 0.726342 0 0
0 0 67 0.593934 -0.34138 -0.221613 -0.136665 0 0
0 0 68 -0.521185 0.152344 -0.357979 0.411458 0 0
0 0 69 0.401019 0.0850545 -0.435567 0.462016 0 0
0 0 70 0.697729 0.00914791 -0.568781 -0.73067 0 0
0 0 71 0.278616 -0.209727 0.211 0.180938 0 0
0 0 72 -0.168219 0.50084 0.261366 0.518732 0 0
0 0 73 0.218907 -0.181077 0.379528 0.0905046 0 0
0 0 74 1.00127 -0.656052 0.377214 0.6106 0 0
0 0 75 0.144178 0.234719 -0.146584 -0.361919 0 0
0 0 76 -0.317137 0.122132 0.00995502 -0.476343 0 0
0 0 77 0.0108711 0.116487 0.406104 0.506393 0 0
0 0 78 0.872145 0.648342 -0.846502 0.120296 0 0
0 0 79 0.657428 -0.188962 0.159834 0.0796533 0 0
0 0 80 0.611255 0.647752 -0.313754 0.42286 0 0
0 0 81 0.172984 -0.195051 -0.894289 0.317614 0 0
0 0 82 0.0889866 -0.392757 0.327181 0.330611 0 0
0 0 83 0.572035 0.083149 0.260545 -0.14958 0 0
0 0 84 0.192102 0.23271 -0.198729 -0.0461559 0 0
0 0 85 0.177309 -0.424488 -0.395879 -0.992501 0 0
0 0 86 -0.20087 -0.61316 1.11415 0.811393 0 0
0 0 87 -0.37648 0.491617 -0.65086 -0.731558 0 0
0 0 88 -0.159061 0.139884 0.345168 -0.35156 0 0
0 0 89 -0.150109 0.30629 -0.414569 0.213422 0 0
0 0 90 0.568805 -0.232907 -0.216615 -0.0132987 0 0
0 0 91 0.451415 -0.130215 0.706546 0.177615 0 0
0 0 92 0.363871 0.893927 0.184798 0.406227 0 0
0 0 93 0.0221959 -0.18126 -0.513137 -0.138574 0 0
0 0 94 0.120957 -0.66482 0.321981 -0.314616 0 0
0 0 95 -0.487061 0.292634 0.192574 -0.445074 0 0
0 0 96 -0.604735 0.815947 -0.192743 -0.121509 0 0
0 0 97 0.130733 -0.224202 1.09741 -0.383035 0 0
0 0 98 -0.208595 -0.06362 0.648369 -0.0270699 0 0
0 0 99 -0.0446223 0.0570183 -0.179782 -0.561841 0 0
0 0 100 -0.134261 -0.377098 -0.280472 0.20634 0 0
0 0 101 0.533043 0.195692 -0.126965 -0.203929 0 0
0 0 102 -0.0151794 0.00311893 1.11541 0.110596 0 0
0 0 103 -0.168417 0.4447 -1.0195 -0.245498 0 0
0 0 104 -0.257214 0.36386 -0.0273499 -0.139724 0 0
0 0 105 -0.00547081 0.702839 -0.0706631 0.204194 0 0
0 0 106 -0.123382 -0.386739 0.24581 -0.440023 0 0
0 0 107 0.338842 0.353844 -0.520521 -0.66236 0 0
0 0 108 -0.38236 0.193437 -0.707667 0.805313 0 0
0 0 109 -0.151915 0.729042 0.228776 0.0175647 0 0
0 0 110 0.728001 0.293195 0.255441 1.00989 0 0
0 0 111 0.400212 0.141654 0.0930717 -0.279924 0 0
0 0 112 -0.617621 0.450508 -0.121814 0.20894 0 0
0 0 113 0.163616 -0.0466588 0.562643 0.430195 0 0
0 0 114 -0.147246 0.5018 0.143639 -0.523535 0 0
0 0 115 0.12669 -0.880082 0.491624 0.230622 0 0
0 0 116 0.525554 -0.0217005 0.20856 0.277724 0 0
0 0 117 -0.162432 -0.122561 0.567113 -0.304047 0 0
0 0 118 -0.411378 -0.141706 -0.128512 -0.401079 0 0
0 0 119 0.825003 0.0784589 -0.916959 0.142771 0 0
0 0 120 -0.146844 0.21749 0.580855 0.458832 0 0
0 0 121 0.310646 -0.12806 0.342985 -0.409797 0 0
0 0 122 0.355364 -0.30935 0.528915 -0.0481929 0 0
0 0 123 1.11776 -0.185272 0.227592 -0.0468164 0 0
0 0 124 0.14732 0.111167 -0.372628 -0.191927 0 0
0 0 125 -0.39135 -0.989819 0.256426 -0.221266 0 0
0 0 126 -0.597525 0.568207 -0.664925 -0.025719 0 0
0 0 127 -0.261955 0.59123 0.739152 -0.406433 0 0
0 0 128 0.304756 0.314991 -0.478348 -0.166078 0 0
0 0 129 1.21725 -0.757827 0.446668 -0.855732 0 0
0 0 130 0.838158 0.294533 -0.271955 0.25069 0 0
0 0 131 -0.0977603 0.892883 -0.152458 0.046228 0 0
0 0 132 0.727826 -0.0446513 -0.568233 0.416907 0 0
0 0 133 0.0691031 -0.379438 0.331508 0.732304 0 0
0 0 134 -0.041819 -0.0893692 -0.588054 -0.0510246 0 0
0 0 135 -0.588015 0.0662228 -0.568683 0.238844 0 0
0 0 136 -0.543973 0.959603 -0.596743 0.106206 0 0
0 0 137 -0.402472 -0.0159065 -0.161215 -0.345039 0 0
0 0 138 0.345146 -0.54984 0.073397 -0.297225 0 0
0 0 139 0.374364 0.517239 0.834899 0.162161 0 0
0 0 140 -0.0408298 0.0283154 -0.4597 -0.343613 0 0
0 0 141 -0.34667 -0.991604 -0.588324 0.235887 0 0
0 0 142 0.434233 0.64727 -0.0153544 0.980964 0 0
0 0 143 -0.398886 -0.252747 -0.0566098 -0.545661 0 0
0 0 144 0.0169535 -0.386422 -0.344928 0.0331714 0 0
0 0 145 -0.224946 0.974538 -0.532941 0.0773446 0 0
0 0 146 -0.907698 -0.10067 -0.255326 -0.147323 0 0
0 0 147 0.48666 -0.222581 -0.382453 -0.141461 0 0
0 0 148 0.190133 0.286167 0.0870396 0.638135 0 0
0 0 149 0.0372294 -0.354747 -0.0181228 0.105591 0 0
0 0 150 0.471599 0.310961 -0.0920066 -0.378659 0 0
0 0 151 0.425204 -0.0647692 -0.0841823 -0.631694 0 0
0 0 152 0.161607 0.0740118 0.891596 -0.340151 0 0
0 0 153 0.953543 -0.275279 0.0136252 -0.691033 0 0
0 0 154 0.114643 0.658347 0.845218 -0.0155473 0 0
0 0 155 -0.0945332 0.403377 -0.124169 -0.767524 0 0
0 0 156 0.535553 0.257076 -0.661818 0.300409 0 0
0 0 157 -0.475883 -0.606428 0.100855 -0.21726 0 0
0 0 158 0.157189 -0.518282 -0.157702 0.469592 0 0
0 0 159 -0.0630277 -0.303806 0.251513 0.691803 0 0
0 0 160 -0.107607 0.331056 0.0441771 0.178376 0 0
0 0 161 0.0543792 0.323723 -0.0326232 0.581319 0 0
0 0 162 0.545726 0.192646 0.618591 0.161752 0 0
0 0 163 0.255718 -0.84011 0.8062 0.281064 0 0
0 0 164 -0.112527 -0.156138 -0.0541874 0.256064 0 0
0 0 165 0.278376 0.0693926 -1.03898 0.234739 0 0
0 0 166 -0.0727596 -0.0539978 0.0433002 0.590329 0 0
0 0 167 0.408127 -0.15793 0.126794 0.565571 0 0
0 0 168 0.701419 0.491425 -0.825918 0.729513 0 0
0 0 169 -0.187245 -0.0909363 -0.24367 -0.111711 0 0
0 0 170 0.0372504 -0.580033 -0.0155357 0.0708755 0 0
0 0 171 -0.0384851 -0.661481 0.318242 0.178027 0 0
0 0 172 0.159923 0.602774 -0.238786 -0.986426 0 0
0 0 173 0.282534 -0.226831 -0.22767 -0.208514 0 0
0 0 174 0.570663 -0.343999 0.197744 0.655575 0 0
0 0 175 0.214201 0.680075 -0.267329 -0.275894 0 0
0 0 176 0.652087 0.357818 0.707113 -0.405005 0 0
0 0 177 0.748106 0.539703 0.0356225 -0.155872 0 0
0 0 178 -0.126996 -0.133965 -0.340682 0.374572 0 0
0 0 179 0.220202 -0.264192 0.314367 -0.441419 0 0
0 0 180 0.337783 -1.46912 -0.0571526 -0.00501296 -88.8861 8.77644
0 0 181 -0.421889 -0.1601 0.494453 -0.204403 0 0
0 0 182 0.64304 0.373742 0.0358825 0.0193812 0 0
0 0 183 1.02335 -0.152049 0.412219 -0.0392758 0 0
0 0 184 0.69574 0.421718 -1.05899 0.300017 0 0
0 0 185 -0.757226 -0.449947 0.756683 0.353139 0 0
0 0 186 -0.0357559 0.107002 -0.157596 0.221621 0 0
0 0 187 -0.199804 -0.157028 0.491368 -0.278165 0 0
0 0 188 -0.422553 -0.238782 0.305141 -0.0691592 0 0
0 0 189 -0.167161 0.529427 -0.290218 -0.878642 0 0
0 0 190 -0.256481 -0.320857 -1.04236 -0.245327 0 0
0 0 191 -0.104654 0.501933 -0.867068 -0.0939918 0 0
0 0 192 -0.230655 -0.184166 -0.788461 0.0993139 0 0
0 0 193 0.341577 0.318664 0.0810313 -0.447064 0 0
0 0 194 -0.480463 0.14361 -0.126312 0.324262 0 0
0 0 195 -0.507141 -0.934694 -0.577282 0.77485 0 0
0 0 196 -0.252875 0.171736 0.631104 0.467205 0 0
0 0 197 -0.166168 0.564115 -0.32817 -0.344274 0 0
0 0 198 0.178595 -0.263639 0.855416 0.560594 0 0
0 0 199 -0.146748 0.197606 0.0313613 0.53955 0 0
0 0 200 0.175686 -0.535387 0.562881 -0.648658 0 0
0 0 201 -0.722718 -0.054901 -0.390413 -0.095555 0 0
0 0 202 0.746355 0.289416 -0.193816 -0.679864 0 0
0 0 203 0.0728696 0.113915 0.272167 0.717266 0 0
0 0 204 0.268091 -0.643036 -0.431962 -0.337103 0 0
0 0 205 -0.0887299 0.196828 -0.119197 -0.519562 0 0
0 0 206 0.137331 0.395807 0.242624 -0.721264 0 0
0 0 207 -0.423238 -0.0817481 -0.216733 -0.555922 0 0
0 0 208 0.00842333 -0.78588 -0.256181 0.270181 0 0
0 0 209 -0.169328 -0.372002 0.0805159 -0.6276 0 0
0 0 210 -0.071257 0.385684 0.240414 -0.26521 0 0
0 0 211 0.195747 -0.257001 0.455119 0.101872 0 0
0 0 212 0.371821 -0.405332 0.0180895 0.756753 0 0
0 0 213 -0.261984 0.0194246 0.125177 0.392919 0 0
0 0 214 0.216001 0.351606 0.317132 0.729907 0 0
0 0 215 -0.104054 -0.266542 -0.20594 -0.0739454 0 0
0 0 216 -0.549362 -0.237188 0.355563 0.06545 0 0
0 0 217 0.0557635 0.29767 -0.0890947 0.927036 0 0
0 0 218 0.0985049 -0.190892 -0.107728 0.611629 0 0
0 0 219 0.988335 0.981245 -0.146074 -0.0186302 0 0
0 0 220 0.375791 0.490754 -0.569109 0.513951 0 0
0 0 221 0.222156 0.260038 0.327465 -0.288097 0 0
0 0 222 0.155101 0.248487 0.0933275 -0.368998 0 0
0 0 223 -0.252523 -0.649239 0.144428 0.424087 0 0
0 0 224 -0.0480503 0.00495141 -0.12511 0.280939 0 0
0 0 225 -0.16466 0.139154 -0.0272238 -0.269493 0 0
0 0 226 0.13097 0.266275 0.00802515 -0.417269 0 0
0 0 227 0.322618 0.98415 0.506768 -0.305286 0 0
0 0 228 0.51569 0.068714 -0.0439749 -0.656618 0 0
0 0 229 0.669967 0.414938 -0.238706 0.407668 0 0
0 0 230 0.200583 -0.158422 0.94857 0.104452 0 0
0 0 231 0.243506 -1.27323 -0.421835 -0.392034 0 0
0 0 232 0.270761 0.500537 0.980547 0.28308 0 0
0 0 233 -0.04728 -0.52817 -0.278306 0.163426 0 0
0 0 234 0.0490705 -0.544849 0.0950945 0.174648 0 0
0 0 235 -0.370069 0.521083 -0.637559 -0.23311 0 0
0 0 236 -0.228849 -0.400986 0.150832 -0.529457 0 0
0 0 237 0.367018 -0.283117 -0.000480935 -0.905537 0 0
0 0 238 -0.00538187 -0.465353 -0.122543 -0.225124 0 0
0 0 239 0.0691333 0.266401 0.765426 -0.190208 0 0
0 0 240 0.203399 -0.122978 -0.186012 0.313888 0 0
0 0 241 0.0759334 0.628549 0.259553 -1.10774 0 0
0 0 242 0.588368 -0.0441643 -0.339428 -0.104729 0 0
0 0 243 -0.229944 0.175243 0.456264 1.08646 0 0
0 0 244 0.0063076 0.818071 0.655812 0.391712 0 0
0 0 245 0.711071 0.710667 0.123816 0.0793801 0 0
0 0 246 0.55367 -0.560137 0.306408 0.55699 0 0
0 0 247 0.540487 0.913065 -0.399508 -0.115314 0 0
0 0 248 -0.0380855 0.177242 0.339216 -0.149301 0 0
0 0 249 -0.0407905 0.442521 0.449052 0.213566 0 0
0 0 250 0.908484 0.564833 0.566992 0.288592 0 0
0 0 251 0.24804 -1.04014 0.141855 -0.857966 0 0
0 0 252 0.0824643 -0.198947 0.19549 -0.324859 0 0
0 0 253 0.309542 0.351831 0.374469 -0.4968 0 0
0 0 254 0.165721 -0.825439 0.173928 0.554409 0 0
0 0 255 0.00908788 -0.290217 0.216134 0.739204 0 0
0 0 256 0.0688172 -0.416571 -0.603562 0.406225 0 0
0 0 257 0.0219642 -0.064265 -0.469389 0.139326 0 0
0 0 258 -0.353815 0.0209968 -0.287838 -1.11473 0 0
0 0 259 -0.325604 -0.0661437 0.406814 -0.510745 0 0
0 0 260 -0.0115099 0.777303 -0.582479 -0.723451 0 0
0 0 261 -0.0516451 -0.652524 -0.575412 -0.377338 0 0
0 0 262 -0.193304 0.181195 0.722152 0.306408 0 0
0 0 263 0.0904336 0.420308 0.3339 0.122499 0 0
0 0 264 0.277747 0.541348 -0.27489 -0.238027 0 0
0 0 265 0.148638 -0.327021 -0.660695 0.246813 0 0
0 0 266 0.240232 -0.247782 -0.850891 -0.7412 0 0
0 0 267 -0.0565182 -0.81991 -0.0811325 -0.0545156 0 0
0 0 268 0.556758 -0.365051 -0.304131 -0.510048 0 0
0 0 269 -0.94177 -0.198997 -0.395609 0.240857 0 0
0 0 270 0.94465 -0.493537 -0.382642 0.192427 0 0
0 0 271 -0.289832 0.276995 0.452479 -0.537276 0 0
0 0 272 -0.602164 0.50064 0.0065377 -0.781391 0 0
0 0 273 0.311214 -1.02011 0.146523 -0.509149 0 0
0 0 274 -0.0020352 0.457248 -0.289007 -0.600426 0 0
0 0 275 0.431387 0.00367722 0.490169 1.1976 0 0
0 0 276 0.348219 0.0544837 0.0366572 -0.324308 0 0
0 0 277 -0.00555876 0.0201905 0.367349 0.340643 0 0
0 0 278 -0.101096 -0.532789 0.00626769 -0.341282 0 0
0 0 279 0.221044 0.127792 1.04454 0.14976 0 0
0 0 280 0.334979 0.535727 -0.573225 -0.429252 0 0
0 0 281 0.511715 -0.137237 0.617682 -0.571521 0 0
0 0 282 0.490617 0.698832 0.412624 0.502328 0 0
0 0 283 0.492584 0.0363151 -0.141234 0.966834 0 0
0 0 284 0.59428 1.21778 0.350214 -0.518418 0 0
0 0 285 0.646724 0.0477664 -0.31258 0.317447 0 0
0 0 286 -0.153312 -0.136462 0.0344565 0.486346 0 0
0 0 287 -0.187932 -0.0783647 -0.314247 0.372373 0 0
0 0 288 -0.00391904 0.298129 -0.588593 0.212417 0 0
0 0 289 -0.728699 -0.0283257 0.363706 0.464939 0 0
0 0 290 0.371623 -0.647184 0.302965 0.0389231 0 0
0 0 291 -0.0966543 -0.542518 -0.208478 -0.300903 0 0
0 0 292 -0.171711 -0.0615249 0.171531 0.119982 0 0
0 0 293 -0.238092 0.147423 -0.360948 -0.299191 0 0
0 0 294 -0.272875 -0.109065 0.762064 -0.0231068 0 0
0 0 295 0.0313442 0.485067 -0.160488 0.22094 0 0
0 0 296 -0.401288 -0.262021 0.0950067 -0.203996 0 0
0 0 297 -0.224054 -0.543291 0.639919 -0.695497 0 0
0 0 298 -0.547621 -0.283997 0.270567 -0.451643 0 0
0 0 299 0.854781 -0.107479 0.618005 0.346243 0 0
0 0 300 1.00506 -0.277917 -0.224953 -0.129449 0 0
0 0 301 0.587166 -0.374235 -0.443994 0.147601 0 0
0 0 302 0.0599499 0.236521 -0.511555 -0.0907562 0 0
0 0 303 1.38392 0.156797 -0.129574 -0.322638 0 0
0 0 304 0.0845029 0.338182 0.86673 -0.296795 0 0
0 0 305 -0.923151 1.11818 0.516228 0.733706 0 0
0 0 306 0.529705 -0.0157061 0.243543 0.28782 0 0
0 0 307 -0.584406 -0.0680947 0.692105 0.23324 0 0
0 0 308 0.503976 -0.126795 0.00226346 0.665335 0 0
0 0 309 -0.092904 -0.500801 -0.0585107 -0.374307 0 0
0 0 310 -0.209561 0.336345 0.231886 0.398057 0 0
0 0 311 -0.325766 0.333117 0.665976 -0.13938 0 0
0 0 312 -0.222894 0.13777 -0.689545 -0.16257 0 0
0 0 313 1.61598 0.619194 -0.0177724 -0.192486 0 0
0 0 314 0.52188 0.493631 0.923803 0.979723 0 0
0 0 315 0.601388 -0.841701 0.149516 0.977449 0 0
0 0 316 0.0386816 0.423928 -0.569918 -0.441529 0 0
0 0 317 0.157352 0.227884 -0.188337 -1.05914 0 0
0 0 318 0.378558 0.207629 0.53896 -0.383672 0 0
0 0 319 -0.149247 0.314261 1.14114 0.573398 0 0
0 0 320 0.0786394 0.0024063 -0.544231 -0.286297 0 0
0 0 321 -0.517589 0.0813251 0.400988 0.222208 0 0
0 0 322 -0.322649 0.0957314 0.199269 0.468924 0 0
0 0 323 -0.335428 -0.306942 0.241791 0.120733 0 0
0 0 324 -0.94676 0.0745885 -0.0266471 -0.200287 0 0
0 0 325 0.729904 0.298303 -0.18377 0.111984 0 0
0 0 326 -0.0782078 -0.598027 0.218286 0.267603 0 0
0 0 327 0.0379407 -0.0122186 0.212647 0.601393 0 0
0 0 328 0.737147 0.377993 0.392199 -0.420096 0 0
0 0 329 0.33694 -0.544793 0.453449 -0.0387377 0 0
0 0 330 -0.320387 0.0462255 -0.527094 -0.413065 0 0
0 0 331 -0.755829 -0.168528 -0.0720142 -0.542049 0 0
0 0 332 -0.44366 -0.345534 -0.802344 -0.338886 0 0
0 0 333 0.00730443 0.916697 -0.492204 -0.501787 0 0
0 0 334 0.268351 0.236267 0.354487 -0.335262 0 0
0 0 335 -0.195083 -0.402426 -0.216609 -0.190608 0 0
0 0 336 -0.102033 0.315363 0.20264 0.523127 0 0
0 0 337 0.23941 0.227046 -0.585225 0.0929533 0 0
0 0 338 -0.330504 -0.463763 -0.492569 -0.33438 0 0
0 0 339 -0.668847 0.772538 -0.45611 -0.272102 0 0
0 0 340 -0.0100194 -0.568144 0.140629 -0.482817 0 0
0 0 341 -0.46785 -0.391153 0.475187 -0.23673 0 0
0 0 342 -0.246953 -0.480653 -0.204628 -0.809717 0 0
0 0 343 -1.05052 -0.450926 -0.986536 -0.208539 0 0
0 0 344 -0.173517 -0.718283 -0.0193856 0.1766 0 0
0 0 345 -0.346039 -0.123956 0.0225413 0.139185 0 0
0 0 346 -0.283369 -0.260228 0.156114 -0.511694 0 0
0 0 347 -0.108154 0.250421 1.00246 -0.537032 0 0
0 0 348 0.543289 0.145514 -0.318644 0.441128 0 0
0 0 349 -0.606735 -0.432304 -0.461509 0.775076 0 0
0 0 350 0.197369 0.28788 0.306324 0.583169 0 0
0 0 351 0.339886 -0.040777 -0.338392 0.27523 0 0
0 0 352 -0.439902 -0.470006 -0.299502 0.0549517 0 0
0 0 353 0.0876709 -0.19806 0.179387 -0.509569 0 0
0 0 354 -0.194989 -0.47725 0.169701 -0.199358 0 0
0 0 355 0.42628 0.514558 0.429814 -0.00145505 0 0
0 0 356 0.0437 0.24127 -0.589348 0.24578 0 0
0 0 357 0.306902 0.730595 -0.333716 0.162093 0 0
0 0 358 -0.392097 -0.206694 -1.08401 -0.348325 0 0
0 0 359 0.395563 -0.54992 0.0131531 0.108566 0 0
0 0 360 -0.174213 0.163668 0.320926 0.619905 0 0
0 0 361 -0.399799 -0.654114 -0.176428 -0.64326 0 0
0 0 362 -0.635114 0.2741 -1.07821 0.300292 0 0
0 0 363 0.189625 -0.463972 -0.341307 0.880744 0 0
0 0 364 0.0627405 -0.660624 0.361173 -0.0301356 0 0
0 0 365 -0.32864 0.0427351 0.31884 0.285949 0 0
0 0 366 0.991944 -0.296796 0.0788735 0.0696407 0 0
0 0 367 -0.14481 0.300552 0.201905 -0.94474 0 0
0 0 368 0.101838 -0.348046 0.10071 0.13917 0 0
0 0 369 -0.270418 0.064603 -0.0162448 0.00450366 0 0
0 0 370 0.564457 1.39647 0.127375 -0.210638 0 0
0 0 371 -0.383268 0.0648376 0.199495 0.00734979 0 0
0 0 372 -0.0554768 0.829789 -0.631468 0.310696 0 0
0 0 373 0.965652 0.318947 0.165478 0.643773 0 0
0 0 374 0.451998 0.717041 -0.646849 -0.253063 0 0
0 0 375 -0.364995 -0.196207 0.00674043 0.0617879 0 0
0 0 376 0.33168 0.957386 -0.0153575 -0.307676 0 0
0 0 377 -0.29986 0.397923 0.212055 0.552725 0 0
0 0 378 0.0179026 -0.535236 0.21274 0.486032 0 0
0 0 379 -0.0860996 -0.32824 0.401497 0.187135 0 0
0 0 380 -0.162834 0.196333 -0.226905 0.0760153 0 0
0 0 381 0.441543 -0.619584 0.409719 -1.06632 0 0
0 0 382 0.549752 0.425159 -0.543657 -0.187974 0 0
0 0 383 -0.493153 0.0660396 -1.03053 -0.604079 0 0
0 0 384 -0.11575 0.819694 0.324435 0.252203 0 0
0 0 385 -0.16599 -0.469534 -0.402944 -0.270094 0 0
0 0 386 0.395983 0.0681867 0.00675688 -1.35211 0 0
0 0 387 -0.2927 0.252956 0.43504 0.223656 0 0
0 0 388 -0.00424531 0.429703 0.0247914 0.868317 0 0
0 0 389 -1.03971 -0.0837952 -0.0821925 -0.164939 0 0
0 0 390 0.837451 0.593596 0.238972 0.0758964 0 0
0 0 391 0.377038 0.365135 0.613638 0.933013 0 0
0 0 392 -0.015298 -0.212682 0.477189 0.182486 0 0
0 0 393 -0.375223 0.206513 0.0170417 0.150615 0 0
0 0 394 0.421337 0.121877 0.662091 -0.653047 0 0
0 0 395 0.102089 -0.00665341 -0.261487 0.179629 0 0
0 0 396 0.127598 0.0763271 0.635844 -0.048589 0 0
0 0 397 -0.750435 -0.403103 0.0958246 0.0504346 0 0
0 0 398 -0.428941 -0.753091 0.34653 -0.117827 0 0
0 0 399 0.582408 0.212194 -0.0712392 -0.0198879 0 0
0 0 400 -0.165064 0.0231556 0.110888 -0.325248 0 0
0 0 401 0.169813 0.342467 -1.11361 -0.463603 0 0
0 0 402 -0.331552 -0.050064 -0.300295 0.117672 0 0
0 0 403 -0.638977 0.963097 -0.695291 0.776422 0 0
0 0 404 -0.0475058 -0.11427 0.552498 0.0770626 0 0
0 0 405 0.190508 -0.411347 0.171732 -0.231145 0 0
0 0 406 -0.499798 -0.202984 0.0343354 0.89655 0 0
0 0 407 -0.0510919 -0.62095 -0.0424482 -0.0331622 0 0
0 0 408 -0.451372 -0.297626 -0.178321 0.0599564 0 0
0 0 409 0.156356 -0.639116 0.279657 0.178822 0 0
0 0 410 -0.450445 -0.314439 0.162521 -0.0275296 0 0
0 0 411 0.169874 0.0640318 -0.0876405 0.502823 0 0
0 0 412 0.335379 -0.136332 0.192173 0.306003 0 0
0 0 413 0.458394 -0.339346 -0.576898 -0.524306 0 0
0 0 414 -0.291551 -0.254344 -0.689569 -0.362786 0 0
0 0 415 -0.180773 0.503939 -0.390024 -0.423303 0 0
0 0 416 0.695941 -0.441646 -0.131793 -0.107597 0 0
0 0 417 0.119237 0.499938 -0.521165 0.848608 0 0
0 0 418 0.017203 0.132943 0.437945 0.104656 0 0
0 0 419 -0.14305 -0.312617 -0.542578 -0.41977 0 0
0 0 420 0.600228 0.273197 0.541525 -0.278498 0 0
0 0 421 0.128356 0.00881455 -0.11645 -0.278621 0 0
0 0 422 -0.108925 -0.153613 0.237239 0.415615 0 0
0 0 423 0.607811 -1.04594 -0.735609 -0.0214581 0 0
0 0 424 1.33296 0.550178 -0.115177 0.13795 0 0
0 0 425 0.0442906 0.409414 0.210169 -0.368149 0 0
0 0 426 -0.381434 0.0258226 0.565034 0.174479 0 0
0 0 427 -0.272916 -0.210234 0.0149386 -0.0517726 0 0
0 0 428 0.37987 0.210414 0.794156 -0.18527 0 0
0 0 429 0.0260609 -0.422021 -0.000470684 -0.761901 0 0
0 0 430 0.157878 -0.791198 -0.334857 -0.0217077 0 0
0 0 431 0.313189 0.0271076 -0.551573 -0.379503 0 0
0 0 432 -0.52206 -0.133368 0.41487 -0.00468815 0 0
0 0 433 -0.18725 0.0758314 -0.493049 0.308615 0 0
0 0 434 -0.168263 0.0571677 -0.489969 -0.45936 0 0
0 0 435 -0.575846 0.415857 -0.0031533 -0.235444 0 0
0 0 436 0.326032 -0.240483 0.588715 0.425768 0 0
0 0 437 0.199038 0.0434174 -0.108562 0.335361 0 0
0 0 438 0.096585 0.431615 -0.0479725 0.235675 0 0
0 0 439 -0.367471 0.334263 0.221632 0.538202 0 0
0 0 440 -0.379025 0.0828947 0.793807 0.138596 0 0
0 0 441 -0.12503 -0.177145 0.317034 -0.731532 0 0
0 0 442 0.244518 -0.328139 -0.0298159 -0.134696 0 0
0 0 443 0.295961 -0.177016 0.443801 -0.648059 0 0
0 0 444 0.285132 -0.17208 -0.466134 -0.290678 0 0
0 0 445 0.275472 0.353929 -0.334069 -0.925973 0 0
0 0 446 0.252203 0.69405 -0.616366 0.58611 0 0
0 0 447 -0.0688003 0.026621 0.0283967 0.138163 0 0
0 0 448 0.253318 -0.017236 0.210457 0.375998 0 0
0 0 449 0.496431 -0.190043 -0.164287 0.230844 0 0
0 0 450 0.74622 0.777612 0.675634 -0.204231 0 0
0 0 451 -0.314947 0.0802908 0.143751 -0.177181 0 0
0 0 452 -0.185411 0.679738 0.0417986 -0.250134 0 0
0 0 453 0.247418 -1.07738 -0.0715269 -0.0278425 0 0
0 0 454 0.249289 0.481857 0.171552 -0.154867 0 0
0 0 455 0.429253 -0.399092 0.0383606 -0.28755 0 0
0 0 456 -0.275961 0.0307724 0.119891 -0.496612 0 0
0 0 457 0.516304 0.106339 -0.0999694 0.438921 0 0
0 0 458 -0.336225 0.796929 -0.25604 0.568815 0 0
0 0 459 0.00894862 0.639591 -0.111593 -0.776975 0 0
0 0 460 0.276335 0.0285708 -0.09277 0.406572 0 0
0 0 461 -0.303266 -0.182314 -0.0385467 0.378544 0 0
0 0 462 0.588261 -0.184452 -0.493459 0.559504 0 0
0 0 463 -0.37108 -0.137522 0.369014 0.0350505 0 0
0 0 464 0.0741984 0.847587 0.219304 -0.164944 0 0
0 0 465 0.089165 -0.294046 0.598328 0.111646 0 0
0 0 466 -0.00743809 0.834458 -0.686023 -0.39677 0 0
0 0 467 0.330744 -0.399099 -0.863108 0.145137 0 0
0 0 468 0.346122 0.685781 0.303257 -0.300367 0 0
0 0 469 0.13123 -0.419118 -0.18675 -0.178491 0 0
0 0 470 0.358803 0.395538 0.0268172 -0.323125 0 0
0 0 471 -0.122146 0.144816 0.658508 -0.427282 0 0
0 0 472 0.626603 0.351135 0.621483 0.37902 0 0
0 0 473 0.370813 0.578189 -0.34666 0.377464 0 0
0 0 474 -0.879054 0.163852 -0.496093 0.414031 0 0
0 0 475 0.0274173 -0.61096 0.151995 0.61315 0 0
0 0 476 0.900146 1.03578 -1.25173 0.897125 -25.1965 7.71597
0 0 477 -0.262344 -0.0448779 -0.366693 0.628144 0 0
0 0 478 0.9797 0.237205 0.319283 -1.01438 0 0
0 0 479 -0.350719 -0.877631 0.137345 0.418067 0 0
0 0 480 0.45608 -0.364182 -0.227033 0.229946 0 0
0 0 481 -0.0138094 0.425474 -0.125752 0.0524771 0 0
0 0 482 -0.0572486 -0.394916 -0.437369 0.262384 0 0
0 0 483 0.589554 -0.0926122 0.494899 -0.371139 0 0
0 0 484 -0.127787 0.527372 0.342762 -0.447917 0 0
0 0 485 0.0124648 0.803316 -0.574451 0.252524 0 0
0 0 486 -0.179907 0.947799 0.0539192 0.260837 0 0
0 0 487 -0.215389 0.0532914 0.403528 0.480424 0 0
0 0 488 -0.55317 -0.465928 -0.636288 -0.0583912 0 0
0 0 489 -0.0690767 0.47642 -0.342645 -0.55589 0 0
0 0 490 -0.442865 0.117421 -0.372517 -0.678834 0 0
0 0 491 0.115221 -0.199803 0.396469 -0.0336929 0 0
0 0 492 0.176161 -0.0709017 0.235253 -0.290984 0 0
0 0 493 -0.159621 0.0257127 0.885559 -0.129907 0 0
0 0 494 -0.346496 -0.0616155 0.142613 0.555709 0 0
0 0 495 0.0690254 0.256028 -0.125419 -0.334639 0 0
0 0 496 0.383463 0.161589 0.0797193 0.497326 0 0
0 0 497 0.32343 -0.28423 -0.0838437 -0.122466 0 0
0 0 498 0.206504 -0.583031 0.201903 0.572428 0 0
0 0 499 0.183641 0.0590435 0.993152 -0.248539 0 0
0 0 500 -0.0773095 -0.156906 0.453724 0.274706 0 0
0 0 501 -0.593447 -0.1977 0.353248 0.499208 0 0
0 0 502 -0.665429 -0.183706 0.208915 -0.83462 0 0
0 0 503 -0.276746 1.47228 -0.249133 -0.738899 -4.80219 8.63062
0 0 504 -0.603208 0.195628 -0.36668 -0.375569 0 0
0 0 505 -0.00331968 1.10682 -0.214651 -0.410539 0 0
0 0 506 0.0366204 1.18364 -0.179789 0.369467 0 0
0 0 507 0.354936 0.264374 0.211961 -0.0177973 0 0
0 0 508 0.605928 0.0626429 0.262174 0.947722 0 0
0 0 509 -0.050469 0.0259 0.265754 0.214314 0 0
0 0 510 0.271929 0.0492804 0.0945536 0.427735 0 0
0 0 511 -0.106728 -0.314867 0.0737476 -0.224702 0 0
0 0 512 -0.609691 -0.487322 -0.342746 0.422077 0 0
0 0 513 1.17397 0.217511 -0.0427578 -0.405153 0 0
0 0 514 0.0119755 0.0991019 -0.318856 0.251282 0 0
0 0 515 -0.465181 -0.570032 0.268078 0.563197 0 0
0 0 516 -0.128506 0.394823 0.0429065 0.238964 0 0
0 0 517 -0.118974 0.160542 0.858972 0.124024 0 0
0 0 518 0.428104 -0.482125 0.0745063 -0.352428 0 0
0 0 519 -0.576611 0.559113 -0.199378 -0.636174 0 0
0 0 520 0.729765 -0.659287 0.45125 -0.188759 0 0
0 0 521 -0.198172 0.383388 -0.550004 0.165076 0 0
0 0 522 0.947322 -0.416522 -0.0165323 -0.218041 0 0
0 0 523 0.242697 -0.625591 -0.65908 -0.31878 0 0
0 0 524 -0.562767 0.379224 -0.125533 -0.0410869 0 0
0 0 525 -0.620797 0.206732 0.164973 -0.032504 0 0
0 0 526 0.658273 0.128789 0.0994727 0.436843 0 0
0 0 527 0.711469 0.205692 -0.473859 0.108107 0 0
0 0 528 0.241327 -0.180941 -0.0510725 0.440703 0 0
0 0 529 0.982533 0.00164178 -0.663385 0.405273 0 0
0 0 530 -0.283428 -0.12345 0.262367 -0.001006 0 0
0 0 531 0.549033 -0.313571 0.537797 -0.376314 0 0
0 0 532 -0.087891 0.316678 -0.033827 -0.0131984 0 0
0 0 533 0.262634 0.411052 0.304598 -0.27332 0 0
0 0 534 -0.171291 -0.110493 -0.525796 -0.402039 0 0
0 0 535 -0.217751 0.14787 -0.471816 -0.13062 0 0
0 0 536 0.195951 0.522677 0.333837 -0.54983 0 0
0 0 537 -0.0796884 0.389751 -0.00916973 -0.944308 0 0
0 0 538 0.779196 -0.339268 -0.288024 -0.225339 0 0
0 0 539 0.171533 -0.0663099 -0.978689 -0.0979292 0 0
0 0 540 0.730216 0.444326 0.42997 0.0574692 0 0
0 0 541 0.698845 0.822068 -0.216441 -0.299149 0 0
0 0 542 0.0182869 0.180937 0.0703395 0.6621 0 0
0 0 543 -0.10514 -0.354441 0.0740461 0.353114 0 0
0 0 544 0.469396 -0.860444 0.0426778 -0.547967 0 0
0 0 545 -0.287891 -0.536838 0.319982 -0.872486 0 0
0 0 546 -0.0624184 -0.151174 0.251045 -0.258647 0 0
0 0 547 0.0485196 -0.129359 -0.547534 -0.346876 0 0
0 0 548 0.244212 -0.397411 0.849359 0.214651 0 0
0 0 549 0.507341 0.927295 -0.414191 -0.763965 0 0
0 0 550 -0.0819268 -1.00815 -0.186678 0.712838 0 0
0 0 551 0.535048 -0.450182 0.172932 -0.632545 0 0
0 0 552 -0.238065 0.11278 -0.32652 0.410819 0 0
0 0 553 -0.456588 -0.16452 -0.180665 0.111133 0 0
0 0 554 0.36713 0.487563 0.0494712 -0.0120559 0 0
0 0 555 -0.0754795 0.342741 1.04866 -0.25952 0 0
0 0 556 -0.432187 0.187908 0.289246 0.0297946 0 0
0 0 557 0.501539 -0.612284 0.0152564 -0.172597 0 0
0 0 558 0.591259 0.891401 0.610461 -0.0711468 0 0
0 0 559 -0.189126 0.0347147 -0.356759 -0.42546 0 0
0 0 560 -0.454632 0.495711 0.0368103 -0.100259 0 0
0 0 561 0.264116 -0.0471939 -0.354773 -1.44531 0 0
0 0 562 0.020305 0.508219 0.706941 -0.571419 0 0
0 0 563 0.259525 -0.203116 -0.119674 -0.0442156 0 0
0 0 564 -0.183501 0.131091 0.397389 0.20237 0 0
0 0 565 0.643508 -0.17429 -0.663376 0.352451 0 0
0 0 566 0.146666 0.22391 -0.80065 -0.0662163 0 0
0 0 567 0.0561916 0.691228 -0.0727954 -0.723671 0 0
0 0 568 -0.0511276 -0.836646 -0.440641 -0.0840651 0 0
0 0 569 0.0951214 -1.13428 -0.20443 0.633031 0 0
0 0 570 0.118617 0.365178 -0.0629235 0.269406 0 0
0 0 571 -0.279152 0.121111 0.140522 0.282341 0 0
0 0 572 -0.831297 -0.150831 0.26913 -0.304051 0 0
0 0 573 0.0954803 0.575671 0.591355 -0.502354 0 0
0 0 574 0.235656 0.159308 -0.849997 -0.203323 0 0
0 0 575 0.280785 0.323825 -0.0642646 -0.224122 0 0
0 0 576 -0.0412407 -0.0368346 0.150168 -0.11702 0 0
0 0 577 0.381507 0.272132 -0.12741 -0.286693 0 0
0 0 578 0.033409 1.06857 0.444764 0.0314579 0 0
0 0 579 0.00564205 -0.0248847 0.121182 0.340638 0 0
0 0 580 0.248141 -0.571358 -0.260408 0.340736 0 0
0 0 581 0.841466 0.56867 0.346353 0.323146 0 0
0 0 582 0.58037 0.412368 -0.140379 -0.0633181 0 0
0 0 583 0.0277051 0.92132 0.257775 0.579223 0 0
0 0 584 0.955182 0.111323 0.585647 0.992352 0 0
0 0 585 0.262783 0.277727 0.565343 0.131625 0 0
0 0 586 -0.100051 -0.156614 -0.0436454 -0.331065 0 0
0 0 587 0.0311481 -0.0290457 0.527438 0.167421 0 0
0 0 588 -0.602306 -0.0885997 -0.853854 -0.41889 0 0
0 0 589 0.0436581 0.0932368 0.0493024 -0.0261379 0 0
0 0 590 0.198507 0.164295 0.54514 -0.630367 0 0
0 0 591 0.562586 -0.375466 -0.349269 0.219692 0 0
0 0 592 0.0516784 0.393416 0.292147 -0.72647 0 0
0 0 593 -0.396071 -0.0546625 0.0236665 0.199033 0 0
0 0 594 0.0175857 -0.0349916 0.326423 0.544727 0 0
0 0 595 0.798552 0.127719 -0.528304 0.27494 0 0
0 0 596 -0.483575 0.3366 0.619956 0.106923 0 0
0 0 597 0.0184864 -0.0651609 0.360736 -0.269325 0 0
0 0 598 -0.201216 0.235744 -0.878323 -0.23429 0 0
0 0 599 -0.0835155 -0.475918 0.00058883 -0.144559 0 0
0 0 600 0.383791 0.133062 0.156327 0.107634 0 0
0 0 601 0.230586 0.160982 -0.0134368 0.567631 0 0
0 0 602 -0.0929796 0.63033 0.356534 -0.480419 0 0
0 0 603 -0.183143 -0.087744 -0.157993 0.13588 0 0
0 0 604 -0.0935173 -0.0748966 0.445031 -0.147928 0 0
0 0 605 0.0976603 -0.1707 0.207297 -0.116259 0 0
0 0 606 0.637164 0.183325 -0.623182 -0.287031 0 0
0 0 607 0.155727 0.187103 -0.175512 -0.517087 0 0
0 0 608 -0.604355 0.0233371 -0.633922 0.174606 0 0
0 0 609 -0.297563 -0.00170143 0.282686 0.663794 0 0
0 0 610 0.180304 0.138017 -0.232714 -0.984048 0 0
0 0 611 0.104569 0.770328 0.717612 -0.0390553 0 0
0 0 612 -0.207667 -0.410368 0.464342 -0.615601 0 0
0 0 613 -0.130991 0.0300462 -0.541059 -0.110714 0 0
0 0 614 1.07139 -0.237207 -0.739952 -0.167528 0 0
0 0 615 0.0403053 0.0894165 0.173863 0.363033 0 0
0 0 616 0.362587 -0.883036 0.280083 0.400835 0 0
0 0 617 0.688443 0.200863 0.484824 -0.0942483 0 0
0 0 618 0.515728 0.332017 -0.00170554 -0.627153 0 0
0 0 619 0.353582 0.0355117 -0.113771 0.332983 0 0
0 0 620 0.0995633 0.568733 -0.0147193 0.23916 0 0
0 0 621 -0.38625 0.140571 -0.0935939 -0.378407 0 0
0 0 622 -0.524485 0.357706 0.212773 -0.24138 0 0
0 0 623 0.0119836 0.360898 0.0579482 -0.0624026 0 0
0 0 624 0.288905 0.44208 0.535114 -0.1269 0 0
0 0 625 0.387162 0.577067 -0.0402315 1.11753 0 0
0 0 626 0.941344 0.652757 0.201128 -0.0683571 0 0
0 0 627 -0.75576 -0.117039 -0.123198 -0.384524 0 0
0 0 628 0.322195 0.831484 -0.335446 0.373666 0 0
0 0 629 -0.550206 0.245546 -0.395583 0.390312 0 0
0 0 630 0.525333 0.729922 0.0812887 0.776589 0 0
0 0 631 0.415705 0.415094 0.141102 0.526545 0 0
0 0 632 0.510052 0.296427 0.0984956 0.607107 0 0
0 0 633 0.359161 0.307189 -0.625542 0.298565 0 0
0 0 634 0.0445498 0.745309 0.0220876 0.224008 0 0
0 0 635 -0.0880944 -0.392343 0.402089 -0.123238 0 0
0 0 636 -0.253296 0.535388 0.167369 -0.154186 0 0
0 0 637 -0.777933 -0.202404 0.0229882 -0.517547 0 0
0 0 638 0.381088 0.323953 0.0206834 -0.146251 0 0
0 0 639 -0.160087 0.0726395 -0.0594058 -0.315239 0 0
0 0 640 -0.258608 0.495919 -0.452807 0.638081 0 0
0 0 641 0.269291 0.365866 0.15333 -1.38017 0 0
0 0 642 0.029716 -0.0284314 0.582176 0.604088 0 0
0 0 643 0.229661 -0.329937 0.283352 0.324838 0 0
0 0 644 0.470767 -0.0137696 0.441972 -0.229171 0 0
0 0 645 0.240061 0.41527 -0.301912 0.269809 0 0
0 0 646 -0.184457 0.0986195 -0.179626 -0.328672 0 0
0 0 647 0.122329 0.137585 0.155457 -0.325201 0 0
0 0 648 -0.306973 -0.308685 0.576654 -0.0473165 0 0
0 0 649 0.0331078 0.103562 0.0231445 0.00902244 0 0
0 0 650 -0.124608 0.0783444 0.825742 0.156084 0 0
0 0 651 0.0281787 0.928016 -0.649783 0.0369576 0 0
0 0 652 0.609708 0.0910459 0.498911 -0.437752 0 0
0 0 653 0.367491 -0.407147 0.238085 -0.843476 0 0
0 0 654 -0.302876 -0.213338 -0.231212 -0.0727549 0 0
0 0 655 0.531786 0.977311 0.522784 0.480398 0 0
0 0 656 -0.0570076 -0.468589 -0.163144 0.25898 0 0
0 0 657 0.0195944 0.608101 -0.0794192 -0.00610799 0 0
0 0 658 -0.664182 -0.55884 0.114339 0.654536 0 0
0 0 659 -0.21232 0.301566 -0.0797299 -0.162273 0 0
0 0 660 0.171917 0.450115 0.138044 0.419944 0 0
0 0 661 0.263886 0.309765 -0.36366 -0.197042 0 0
0 0 662 -0.378545 0.108059 -0.954006 0.31255 0 0
0 0 663 0.293871 0.315933 -0.217808 -0.0479701 0 0
0 0 664 0.228477 -0.364032 0.510279 -0.586637 0 0
0 0 665 -0.674631 0.302645 -0.0742465 -0.418237 0 0
0 0 666 0.0631109 0.389316 -0.426419 -0.182407 0 0
0 0 667 0.358167 -0.193264 0.65899 0.0995439 0 0
0 0 668 -0.219694 0.434014 0.272156 0.220106 0 0
0 0 669 0.56205 -0.250216 -0.158273 0.245835 0 0
0 0 670 0.255887 -0.900124 0.586745 -0.333213 0 0
0 0 671 0.071784 0.0825832 -0.147438 -0.365145 0 0
0 0 672 -0.258474 -0.340068 0.511154 -0.0655261 0 0
0 0 673 -0.00275552 0.153408 -0.08359 -0.419592 0 0
0 0 674 0.97108 0.684607 0.72417 0.338134 0 0
0 0 675 -0.455983 -0.509397 -0.0339134 -0.133798 0 0
0 0 676 -0.364733 0.379899 -0.224223 -0.591038 0 0
0 0 677 0.0384608 0.681461 -0.509673 0.178835 0 0
0 0 678 -0.556348 0.113665 0.453249 -0.3214 0 0
0 0 679 0.149688 0.891689 0.118127 -0.106838 0 0
0 0 680 0.399187 0.393206 0.814385 -1.21036 0 0
0 0 681 -0.148654 0.60968 0.298572 -0.212423 0 0
0 0 682 -0.116166 -0.0916503 0.308401 0.121801 0 0
0 0 683 -0.529414 0.412364 -0.214949 0.180111 0 0
0 0 684 0.251743 -0.177824 0.483336 -0.667116 0 0
0 0 685 0.0524728 0.00199939 0.0692259 -0.35246 0 0
0 0 686 0.00331724 0.523158 -0.300458 0.00973133 0 0
0 0 687 0.268395 0.25978 -0.462376 0.070305 0 0
0 0 688 0.283205 0.348871 -0.623562 -0.823986 0 0
0 0 689 0.447581 0.138277 -0.0542915 -0.0155731 0 0
0 0 690 0.519093 0.679655 0.684611 0.383258 0 0
0 0 691 0.201108 0.269273 -0.0863971 -0.480078 0 0
0 0 692 -0.441329 0.239349 0.38576 -0.0627692 0 0
0 0 693 -0.00756311 0.265186 0.424907 -0.674359 0 0
0 0 694 0.566285 0.457662 0.116278 -0.101846 0 0
0 0 695 0.0275573 -0.111792 0.583212 0.0600953 0 0
0 0 696 0.873957 0.680331 0.257977 -0.128315 0 0
0 0 697 0.182134 0.452181 -0.113737 -0.273519 0 0
0 0 698 -0.157863 0.845531 -0.154925 0.0260071 0 0
0 0 699 0.0094078 -0.149142 -0.678942 -0.320866 0 0
0 0 700 0.333009 0.0457183 -0.0083914 0.854722 0 0
0 0 701 0.228253 0.658773 -0.142105 0.490697 0 0
0 0 702 -0.247406 -0.547048 -0.321342 -0.0420428 0 0
0 0 703 0.156678 -0.0042341 0.434266 0.403475 0 0
0 0 704 0.309762 0.318658 0.398395 0.0661465 0 0
0 0 705 0.361982 0.300079 0.725993 0.471424 0 0
0 0 706 -0.0750235 0.215869 -0.0588218 -0.412586 0 0
0 0 707 1.00952 0.282049 1.29004 -0.460383 0 0
0 0 708 0.67812 0.691969 0.289004 0.343992 0 0
0 0 709 0.447413 0.562149 1.13678 0.216434 0 0
0 0 710 0.800824 0.174342 1.05365 0.0454084 0 0
0 0 711 0.0912764 -0.334715 0.545461 -1.03321 0 0
0 0 712 -0.274522 0.18994 0.432666 -1.29046 0 0
0 0 713 -0.558164 0.206886 0.850898 -0.0376723 0 0
0 0 714 0.0853027 -0.0117413 0.276955 0.175233 0 0
0 0 715 0.113425 -0.737262 -0.353403 -0.194913 0 0
0 0 716 1.05978 0.845506 0.57814 -0.300226 0 0
0 0 717 0.197417 0.367927 -0.366056 0.534968 0 0
0 0 718 -0.180799 0.423649 0.385433 0.342187 0 0
0 0 719 0.282657 0.963219 -0.400681 -0.913401 0 0
0 0 720 -0.432155 0.282943 0.288791 0.779606 0 0
0 0 721 -0.191378 0.386946 -0.738479 0.12149 0 0
0 0 722 0.128042 0.338152 0.0293508 -0.608833 0 0
0 0 723 0.748433 0.968789 -0.563768 0.0843053 0 0
0 0 724 0.682424 -0.564799 0.126033 0.974274 0 0
0 0 725 -0.1824 0.569031 0.402484 0.275185 0 0
0 0 726 0.0894295 0.692137 0.114383 -0.575353 0 0
0 0 727 -0.821132 -0.487857 -0.251773 -0.0651419 0 0
0 0 728 -0.0375233 0.462138 -0.614052 -0.410129 0 0
0 0 729 0.0616389 0.438172 -0.00814865 -0.290013 0 0
0 0 730 -0.00531271 -0.794932 0.424396 0.226398 0 0
0 0 731 -0.00173175 -0.096992 0.217574 0.316074 0 0
0 0 732 -0.380393 0.690864 0.437509 0.445294 0 0
0 0 733 -0.0417418 -0.31248 0.0829979 0.303163 0 0
0 0 734 -0.671796 0.457436 0.0415104 0.0435305 0 0
0 0 735 -0.84397 0.171134 -0.70787 -0.353523 0 0
0 0 736 0.692455 0.588434 0.290026 0.189811 0 0
0 0 737 -0.12989 -0.27358 -0.409663 -0.808327 0 0
0 0 738 0.0710812 -0.398403 -0.654446 -0.177001 0 0
0 0 739 -0.527273 -0.0519252 0.742272 -0.171306 0 0
0 0 740 -0.161622 -0.76325 -0.496745 -0.164322 0 0
0 0 741 -0.102243 -0.407045 0.165899 0.538497 0 0
0 0 742 -0.451163 0.0650808 -0.72476 -0.151138 0 0
0 0 743 0.279813 -0.0532754 -0.26377 0.0409935 0 0
0 0 744 0.363731 -0.883973 0.285903 0.297341 0 0
0 0 745 0.125554 -0.127114 -0.54376 0.585218 0 0
0 0 746 0.438021 -0.154394 0.598127 0.05335 0 0
0 0 747 0.246611 0.176103 0.647639 -0.0348431 0 0
0 0 748 0.283353 0.339216 0.104511 -0.417458 0 0
0 0 749 -0.14244 0.906244 -0.2645 -0.384326 0 0
0 0 750 -0.759463 0.0424092 0.157296 -0.606817 0 0
0 0 751 -0.172489 -0.270159 -0.804343 0.104091 0 0
0 0 752 -0.493103 0.563202 -0.244394 0.63942 0 0
0 0 753 0.295593 -0.369017 -0.0946385 0.187926 0 0
0 0 754 -0.709294 0.0951918 0.0458564 -0.0715783 0 0
0 0 755 0.0602463 -0.339567 0.303337 0.0228342 0 0
0 0 756 -0.0645329 0.324823 0.482388 0.148267 0 0
0 0 757 -0.435581 -0.408138 0.393197 -0.131333 0 0
0 0 758 0.0527479 0.11008 0.0608158 -0.138054 0 0
0 0 759 0.460971 -0.287404 -0.2185 -0.262647 0 0
0 0 760 0.593665 0.281526 0.422792 -0.262474 0 0
0 0 761 0.0648741 0.265186 0.414548 0.172715 0 0
0 0 762 0.526316 0.028158 0.803304 -0.0885962 0 0
0 0 763 0.484687 0.0720007 -0.519779 0.0770794 0 0
0 0 764 0.247932 0.423786 0.677064 0.317019 0 0
0 0 765 -0.22195 0.219841 0.335433 0.00620884 0 0
0 0 766 0.513354 -0.156403 -0.122263 -0.108595 0 0
0 0 767 0.209901 0.166682 0.571272 -0.000744601 0 0
0 0 768 0.418992 0.1654 -0.162693 -0.858001 0 0
0 0 769 0.38403 0.107929 -0.561449 0.72947 0 0
0 0 770 0.108486 0.31874 -0.0762093 0.189825 0 0
0 0 771 -0.119471 -0.281573 0.403497 -0.0268562 0 0
0 0 772 0.78098 0.768546 0.244859 0.139131 0 0
0 0 773 0.838445 0.474785 -0.260604 0.459184 0 0
0 0 774 0.355605 0.530576 0.583175 -0.261424 0 0
0 0 775 0.505388 0.559035 -0.442798 0.32503 0 0
0 0 776 -0.00310436 -0.267398 -0.257385 -0.139486 0 0
0 0 777 0.442956 0.551679 -0.143395 0.92084 0 0
0 0 778 -0.0724394 -0.47507 0.150026 -1.14813 0 0
0 0 779 -0.102129 -0.161891 -0.400968 0.30601 0 0
0 0 780 -0.5729 -0.0202048 0.0523259 -0.267371 0 0
0 0 781 0.341632 0.00818726 0.149307 -0.0412866 0 0
0 0 782 -0.127587 0.0169014 0.670803 -0.311569 0 0
0 0 783 0.654299 -0.243325 -0.46989 0.159305 0 0
0 0 784 -0.208606 0.085932 0.651269 0.916833 0 0
0 0 785 -0.49148 -0.173394 0.0102638 0.735988 0 0
0 0 786 0.507619 1.26314 -0.573253 0.437879 0 0
0 0 787 0.429359 0.551524 -0.653994 0.31935 0 0
0 0 788 -0.176483 -0.0925271 -0.24524 -0.223674 0 0
0 0 789 -0.59906 0.211244 -0.842742 -0.404406 0 0
0 0 790 0.154606 0.0483485 -0.339108 0.0361951 0 0
0 0 791 0.00854392 -0.494031 0.413964 0.534343 0 0
0 0 792 -0.149006 -0.0854536 0.671334 0.0202019 0 0
0 0 793 1.29083 -0.0334675 0.143883 -0.484516 0 0
0 0 794 0.203451 0.433429 -0.777957 -0.030342 0 0
0 0 795 0.322196 -0.156113 0.137983 -0.580868 0 0
0 0 796 0.307036 -0.623944 -0.705167 0.504383 0 0
0 0 797 0.329016 0.208647 -0.348702 0.0775654 0 0
0 0 798 -0.1966 0.235022 -0.294342 -0.0565178 0 0
0 0 799 -0.281132 -0.716657 -0.537484 -0.0172806 0 0
0 0 800 0.121956 -0.0538851 -0.257147 -0.199811 0 0
0 0 801 0.425163 -0.267194 0.372498 0.647866 0 0
0 0 802 0.317089 0.31371 0.0942191 0.716461 0 0
0 0 803 -0.382868 -0.195495 -0.947183 -0.255793 0 0
0 0 804 0.0124573 -0.364917 0.123338 0.686294 0 0
0 0 805 0.520864 1.13984 -0.118243 0.0947138 0 0
0 0 806 0.204415 0.549419 0.127496 0.583828 0 0
0 0 807 -0.112821 0.107215 0.241626 -0.47589 0 0
0 0 808 -0.383123 -0.181924 0.067802 -0.0437479 0 0
0 0 809 -0.328431 -0.297548 -0.633414 -1.18923 0 0
0 0 810 -0.3394 -0.0792794 -0.161234 0.396923 0 0
0 0 811 0.136446 0.304225 1.08193 -0.117793 0 0
0 0 812 0.0725602 0.104764 0.052008 0.889912 0 0
0 0 813 0.0427471 -0.291304 0.440953 0.536705 0 0
0 0 814 0.721936 -0.0609794 -0.307747 -0.36874 0 0
0 0 815 0.248405 -0.158423 0.354155 -0.482298 0 0
0 0 816 -0.211778 0.199216 0.563757 -0.104731 0 0
0 0 817 -0.149037 -0.283278 -0.227943 0.339083 0 0
0 0 818 0.812093 0.283967 0.246107 -0.527392 0 0
0 0 819 0.357235 -0.111284 0.541076 0.00439392 0 0
0 0 820 0.0324014 -0.291562 0.473276 -0.172311 0 0
0 0 821 -0.340591 -0.183361 0.701786 0.549081 0 0
0 0 822 0.456119 0.221354 -0.130443 -0.488718 0 0
0 0 823 0.563503 0.790225 -0.451062 -0.332715 0 0
0 0 824 -0.215425 -0.464741 -0.23197 -0.253188 0 0
0 0 825 0.226756 -0.194784 -0.407316 -0.0698287 0 0
0 0 826 0.245384 -0.124653 -0.000819059 0.271699 0 0
0 0 827 -0.320892 -0.172135 -0.214881 0.376118 0 0
0 0 828 0.690978 -0.474866 0.0584439 -0.295612 0 0
0 0 829 -0.317289 0.0430674 -0.11642 0.344782 0 0
0 0 830 1.16194 0.0432862 0.471762 0.228784 0 0
0 0 831 0.295547 -0.518375 -0.0484239 0.516089 0 0
0 0 832 0.28889 0.368452 -0.589246 0.156265 0 0
0 0 833 0.429301 -0.293213 0.178533 0.0590034 0 0
0 0 834 0.549326 0.463687 0.085907 0.183576 0 0
0 0 835 0.43544 0.295405 0.107524 0.391588 0 0
0 0 836 1.20847 0.227267 -0.224661 0.728898 0 0
0 0 837 1.31321 0.322333 -0.666915 0.190119 0 0
0 0 838 1.15613 -0.135966 0.166806 -0.571239 0 0
0 0 839 1.54917 -0.132499 -0.409647 -0.486649 0 0
0 0 840 1.927 0.0716273 0.453031 0.129008 0 0
0 0 841 1.27735 0.655783 -0.722035 0.391958 0 0
0 0 842 2.99432 1.24122 -0.769447 0.160939 0 0
0 0 843 2.33916 0.432952 -0.363257 0.461013 0 0
0 0 844 2.28805 0.136159 -0.344211 -0.263118 0 0
0 0 845 2.44468 0.932653 -0.177881 0.479398 0 0
0 0 846 2.40449 0.367411 -0.199912 0.52536 0 0
0 0 847 2.51666 1.2202 -0.549244 0.107331 0 0
0 0 848 3.34664 0.529498 -0.493597 -0.376111 0 0
0 0 849 2.28948 0.412706 -0.353457 -0.0412529 0 0
0 0 850 3.51953 0.117055 -0.390621 0.0912914 0 0
0 0 851 3.54139 -0.333108 -0.428991 0.602749 0 0
0 0 852 2.84659 0.499814 -0.852737 -0.49327 0 0
0 0 853 2.42858 0.159958 -0.0805835 -0.346766 0 0
0 0 854 2.7919 -0.0940082 0.608995 0.253265 0 0
0 0 855 3.00518 0.415831 -0.135416 0.210692 0 0
0 0 856 2.74556 0.927958 -0.111961 0.609639 0 0
0 0 857 2.34525 0.228881 -0.149251 0.318323 0 0
0 0 858 2.36248 0.382333 -0.100959 0.00843251 0 0
0 0 859 2.42425 0.366478 -0.0206716 0.142526 0 0
0 0 860 1.7366 -0.317512 -0.479914 0.32366 0 0
0 0 861 2.87156 0.169541 -0.248568 0.647624 0 0
0 0 862 2.55224 0.309433 -0.0437821 -0.719317 0 0
0 0 863 2.02481 0.425197 -0.865234 -0.275354 0 0
0 0 864 1.9191 0.582093 -1.37921 0.316512 -33.5589 8.26609
0 0 865 2.00414 0.461471 -0.324735 -0.100249 0 0
0 0 866 2.43757 -0.33741 -0.619192 -0.419978 0 0
0 0 867 1.8024 0.405569 -0.811209 -0.106397 0 0
0 0 868 2.6801 -0.33602 -0.513545 -0.720582 0 0
0 0 869 1.68344 0.0580865 -0.738057 0.14401 0 0
0 0 870 1.9292 0.0567544 -1.59424 0.810804 -43.9806 7.69689
0 0 871 1.61874 0.601296 -1.18561 0.601833 0 0
0 0 872 1.69427 1.14978 -1.12481 0.343273 -22.1855 7.83462
0 0 873 2.45079 0.975449 -1.01428 0.516643 0 0
0 0 874 1.46279 0.636337 -0.668836 0.0369968 0 0
0 0 875 1.48875 -0.0991408 -0.916148 0.662483 0 0
0 0 876 2.04982 0.606005 -1.94076 0.136007 -36.3295 6.06668
0 0 877 1.65128 0.848927 -0.794843 0.287329 0 0
0 0 878 1.62949 0.524293 -1.25339 0.978557 0 0
0 0 879 2.81994 0.468726 -0.301991 0.421717 0 0
0 0 880 1.77693 0.759103 -1.28732 -0.430455 -29.7366 8.3256
0 0 881 2.51333 0.544342 -1.04137 -0.125335 0 0
0 0 882 3.30446 0.862406 -1.01539 -0.662803 0 0
0 0 883 1.81087 0.176647 -1.02147 -0.124713 0 0
0 0 884 2.45646 0.434746 -2.10316 0.532615 -39.1604 5.7291
0 0 885 3.02174 0.512008 -1.56681 0.64024 -35.9517 7.48598
0 0 886 2.59311 0.466243 -1.53308 1.02549 -36.5422 7.69588
0 0 887 2.8294 1.04528 -2.07153 0.686985 -31.6123 5.3473
0 0 888 3.50923 0.409775 -2.24414 1.3186 -39.826 5.39107
0 0 889 2.24026 0.391534 -2.14041 0.517753 -39.8169 5.65206
0 0 890 3.06367 0.258456 -2.50615 0.026981 -42.056 4.87584
0 0 891 3.49538 0.192972 -2.06937 0.618283 -42.3362 5.91007
0 0 892 3.17464 -0.419357 -2.57428 1.00409 -49.6262 4.71367
0 0 893 3.46367 0.376287 -2.24573 1.60443 -40.244 5.39965
0 0 894 4.00354 0.206023 -3.37244 0.84402 -43.2521 3.63452
0 0 895 3.80638 0.990705 -2.64755 0.507866 -34.7422 4.37107
0 0 896 3.73663 0.824443 -2.32637 1.02851 -35.2431 5.00344
0 0 897 4.08212 0.409815 -3.29795 0.657696 -41.4583 3.69734
0 0 898 3.48291 1.02965 -3.27294 0.279577 -36.2683 3.59519
0 0 899 3.57099 0.345805 -3.02268 0.901172 -41.7368 4.03825
0 0 900 4.09826 0.651335 -2.88541 0.323158 -38.6398 4.16116
0 0 901 3.59799 0.635982 -2.19005 0.758079 -36.9034 5.40558
0 0 902 3.47319 0.615801 -2.75884 0.969914 -38.7086 4.35418
0 0 903 2.83766 0.227691 -2.54448 -0.517896 -42.4433 4.80801
0 0 904 3.73665 0.43745 -2.01513 0.617113 -38.876 5.96808
0 0 905 2.63663 -0.0264676 -1.14876 0.441539 0 0
0 0 906 3.29215 0.0305119 -2.30804 -0.000610554 -44.6213 5.31909
0 0 907 2.97193 0.0324314 -2.04556 0.187128 -44.5458 6.00142
0 0 908 3.56843 0.504994 -1.84762 0.142878 -37.3566 6.43329
0 0 909 4.07137 0.948462 -1.24527 0.124065 -26.3526 7.99276
0 0 910 2.47643 -0.301904 -1.06628 -0.0643936 0 0
0 0 911 3.28942 0.207336 -0.78003 0.248152 0 0
0 0 912 4.12577 0.479459 -0.614454 -0.176111 0 0
0 0 913 4.4578 -0.0756259 -0.930946 -0.224988 0 0
0 0 914 3.89665 0.799869 -0.263728 0.311896 0 0
0 0 915 5.0911 0.559381 0.542926 -0.107319 0 0
0 0 916 5.61098 0.0178506 -0.429416 -0.751787 0 0
0 0 917 5.8284 0.832451 0.795498 0.170139 0 0
0 0 918 8.08998 0.89871 0.674757 -0.991293 0 0
0 0 919 8.6133 0.521751 0.852266 -0.89654 0 0
0 0 920 9.87713 -0.00365782 2.04034 -0.9151 45.0514 6.01743
0 0 921 12.817 1.35961 2.2807 -1.07773 29.5996 4.68703
0 0 922 14.5827 0.790349 2.33017 -1.07476 35.632 5.01667
0 0 923 15.9269 1.07536 3.44765 -1.78227 36.3383 3.41537
0 0 924 17.9285 1.17854 4.40191 -1.79953 37.5057 2.70369
0 0 925 20.8413 1.46227 4.88425 -1.66271 36.6666 2.41846
0 0 926 21.8392 1.35721 5.41422 -1.54666 37.9637 2.20641
0 0 927 23.6677 0.856813 7.13944 -2.3413 41.5783 1.70871
0 0 928 24.6351 1.5858 7.78039 -1.80321 39.2399 1.54946
0 0 929 25.2477 1.53118 7.39728 -1.55771 39.1527 1.62879
0 0 930 24.728 1.65112 6.90424 -0.489422 38.2753 1.7344
0 0 931 24.9697 1.8348 8.09951 -0.811639 38.618 1.48216
0 0 932 24.0073 1.78986 7.77352 -1.75659 38.5168 1.5432
0 0 933 22.9333 1.13092 7.35033 0.114023 40.6265 1.65292
0 0 934 21.2261 1.17611 6.92716 -0.222814 40.182 1.74995
0 0 935 19.9961 1.14013 5.14742 -0.984325 38.7554 2.33446
0 0 936 18.7177 1.03431 5.42915 -0.528634 39.6069 2.22554
0 0 937 17.3875 0.719535 4.68175 -1.27253 40.6313 2.59514
0 0 938 16.8163 1.53036 4.51328 -0.486685 35.6346 2.59013
0 0 939 16.0808 1.15398 3.54461 0.192687 35.9835 3.31008
0 0 940 15.5976 0.902667 3.83022 0.810695 38.3695 3.12858
0 0 941 14.1216 0.75499 3.08755 0.326778 38.1296 3.87409
0 0 942 13.3699 2.09383 2.25341 -0.180109 23.5512 4.08706
0 0 943 12.4053 0.775707 1.12707 -0.416367 0 0
0 0 944 12.131 1.38363 1.95116 -0.224465 27.3292 5.22201
0 0 945 11.7234 1.69067 1.76355 0.0607938 23.1044 5.15
0 0 946 11.2042 1.82077 1.35566 -0.685126 18.3348 5.58776
0 0 947 10.7228 1.83505 1.81204 -0.83397 22.3192 4.88529
0 0 948 10.1797 0.610061 1.64459 0.768582 34.8238 7.04361
0 0 949 10.3136 1.41357 1.87811 -0.186327 26.5165 5.32108
0 0 950 9.95708 1.28665 0.81518 -0.167981 16.1785 8.35636
0 0 951 9.46018 0.632101 0.985066 0.932098 0 0
0 0 952 9.66871 0.934734 -0.250628 -0.253884 0 0
0 0 953 8.75334 0.163932 0.203517 0.224635 0 0
0 0 954 9.21848 1.03438 0.460627 -0.426674 0 0
0 0 955 8.02686 0.703812 0.63013 -0.372528 0 0
0 0 956 8.2315 1.71369 0.0986383 0.384666 1.64713 7.51654
0 0 957 6.8928 0.822752 0.804536 0.317759 0 0
0 0 958 6.72874 0.447667 0.140797 -0.84369 0 0
0 0 959 6.33572 -0.0970664 0.724226 -0.0348552 0 0
0 0 960 6.53694 0.94881 0.282523 -0.295817 0 0
0 0 961 5.56445 0.81979 0.0124279 0.110226 0 0
0 0 962 6.38146 0.703567 0.356103 -0.770422 0 0
0 0 963 5.43222 -0.14938 0.162389 -0.642098 0 0
0 0 964 4.10847 0.519272 -0.00578042 0.172901 0 0
0 0 965 4.23797 0.520537 -0.235384 -0.407841 0 0
0 0 966 3.83272 0.234139 -0.352721 -0.415804 0 0
0 0 967 4.69663 0.716305 0.205653 -0.899304 0 0
0 0 968 3.29786 -0.222681 0.128803 -0.208588 0 0
0 0 969 3.59205 0.939992 -0.152871 -0.893336 0 0
0 0 970 2.7562 -0.0225202 -0.236651 -0.733373 0 0
0 0 971 2.65649 -0.641222 0.416982 -0.20549 0 0
0 0 972 3.3631 -0.341047 0.157927 -0.485717 0 0
0 0 973 2.24764 0.213923 -0.694852 -0.150417 0 0
0 0 974 2.40426 0.449642 -0.427819 -0.0253856 0 0
0 0 975 2.0373 0.281958 -0.0491092 -0.0991052 0 0
0 0 976 2.45319 0.885506 -0.0876971 0.089586 0 0
0 0 977 2.23982 0.129345 -0.37551 -0.657236 0 0
0 0 978 1.91877 -0.0871326 0.332396 0.233994 0 0
0 0 979 1.64265 -0.140573 0.585188 -0.42453 0 0
0 0 980 1.9057 -0.306112 0.0423722 -0.0825111 0 0
0 0 981 1.65327 -1.15147 0.55637 -0.613935 0 0
0 0 982 2.15381 -0.599488 1.17544 -1.01755 0 0
0 0 983 1.30386 -0.768246 -0.792669 0.396256 0 0
0 0 984 1.22606 0.615565 -1.23104 -0.58125 0 0
0 0 985 1.41514 0.837403 -0.256682 0.543129 0 0
0 0 986 1.90727 0.00468022 0.226334 -0.158583 0 0
0 0 987 0.876409 -0.411867 0.0681508 0.036041 0 0
0 0 988 0.380389 -0.403872 -0.141686 -0.381564 0 0
0 0 989 0.801523 -0.800353 -0.211955 -0.821489 0 0
0 0 990 0.817475 0.105479 -0.143903 -0.0381238 0 0
0 0 991 0.709288 -0.710447 0.0182128 -0.239695 0 0
0 0 992 0.0704559 -0.319846 0.310414 0.200255 0 0
0 0 993 0.923472 -0.57581 0.105502 -0.204842 0 0
0 0 994 0.89372 0.0400898 -0.277739 -0.101124 0 0
0 0 995 0.230457 0.258607 0.198173 -0.417786 0 0
0 0 996 0.54495 0.0779308 -0.207995 -0.510526 0 0
0 0 997 0.783446 0.0745566 -0.0992018 -0.118766 0 0
0 0 998 -0.136893 -0.194781 -0.267165 0.0680687 0 0
0 0 999 0.722223 0.519553 -0.0636139 0.0720947 0 0
0 0 1000 0.658595 0.124534 -0.599377 0.610273 0 0
0 0 1001 0.558708 -0.220131 -0.247562 -0.0675354 0 0
0 0 1002 0.912122 -0.206736 0.194345 0.149052 0 0
0 0 1003 0.521396 -0.546982 -0.118935 -0.0482837 0 0
0 0 1004 0.764315 0.11436 0.372234 -0.684126 0 0
0 0 1005 0.39021 0.448211 0.758496 -0.487286 0 0
0 0 1006 0.412722 0.679777 0.0565859 -0.166745 0 0
0 0 1007 0.75177 0.735519 -0.430184 0.708138 0 0
0 0 1008 0.615144 0.683893 0.550784 0.0990281 0 0
0 0 1009 -0.0523778 0.284469 -1.12842 -0.186392 0 0
0 0 1010 -0.239728 -0.0812977 0.401255 0.17416 0 0
0 0 1011 -0.0976493 -0.021601 0.854874 0.87337 0 0
0 0 1012 0.498109 1.25932 0.329501 0.69308 0 0
0 0 1013 0.281029 0.567398 0.287325 -0.32622 0 0
0 0 1014 -0.0157657 0.0363342 0.541908 0.572338 0 0
0 0 1015 -0.0706002 -0.0456747 -0.244418 -0.422098 0 0
0 0 1016 -0.0186446 0.489157 0.306281 0.0856913 0 0
0 0 1017 0.280057 0.383575 -0.580561 0.256368 0 0
0 0 1018 0.754413 0.451328 -0.0191999 -0.486951 0 0
0 0 1019 0.519346 0.761889 0.0204713 0.130987 0 0
0 0 1020 0.326801 -0.10481 0.369086 -0.521381 0 0
0 0 1021 0.749163 0.396791 0.462124 0.879164 0 0
0 0 1022 0.0551969 0.599846 -0.201923 0.327662 0 0
0 0 1023 1.06166 0.276571 0.263987 -0.437152 0 0
