# File: uwl_231231_015514_Combined.rf.sbH2.RMC_aux Src: J1713+0747 Nsub: 1 Nch: 1 Npol: 4 Nbin: 1024 RMS: 2.11177
0 0 0 0.696593 4.21561 -2.85059 0.307955 0 0
0 0 1 0.129879 1.03394 -0.961531 0.743254 0 0
0 0 2 2.00173 -0.63145 -0.398584 -1.853 0 0
0 0 3 2.48776 2.38137 -2.36471 1.05401 0 0
0 0 4 1.93545 -1.24162 1.50385 -3.51287 0 0
0 0 5 2.18647 -2.16312 -3.68574 2.37452 0 0
0 0 6 6.17609 -4.34824 0.761976 0.587234 0 0
0 0 7 0.699014 2.4013 -2.85349 -2.25574 0 0
0 0 8 3.7016 0.725001 2.9332 -2.00376 0 0
0 0 9 1.10349 -1.34489 -0.146273 -0.235501 0 0
0 0 10 2.30776 -2.57749 3.08024 1.41555 0 0
0 0 11 3.40847 0.201838 -1.0079 -1.61891 0 0
0 0 12 1.39239 2.11575 1.21757 -0.0900344 0 0
0 0 13 6.60509 1.50661 0.173245 -0.372782 0 0
0 0 14 2.99114 2.93685 -1.0456 -0.866158 0 0
0 0 15 2.18517 -0.214173 1.84481 -0.0181646 0 0
0 0 16 3.775 -2.13956 -1.04895 -0.319837 0 0
0 0 17 1.4708 0.531556 2.70191 0.0587191 0 0
0 0 18 7.5484 0.583899 0.755906 -0.111914 0 0
0 0 19 3.99901 0.888032 3.6272 -1.637 0 0
0 0 20 3.70895 1.93943 0.0608329 1.61827 0 0
0 0 21 2.3439 -1.70887 1.51261 -0.444318 0 0
0 0 22 4.40831 1.01325 -1.56766 3.3575 0 0
0 0 23 2.8708 0.749578 3.05823 2.79413 0 0
0 0 24 4.3938 2.11994 -0.823101 0.514358 0 0
0 0 25 2.16729 -1.05482 0.860337 0.874497 0 0
0 0 26 3.10664 2.25939 2.61504 0.585401 0 0
0 0 27 6.32223 -0.724751 0.701155 0.538405 0 0
0 0 28 5.29639 -0.274085 3.60471 -0.997204 0 0
0 0 29 3.12624 -0.736595 5.60852 1.25709 0 0
0 0 30 2.73826 -1.59615 3.85153 -5.46441 0 0
0 0 31 5.92287 -0.303015 -0.101177 -0.645519 0 0
0 0 32 0.765192 -0.267392 0.905274 1.673 0 0
0 0 33 3.92595 1.34596 -0.60458 -0.834451 0 0
0 0 34 3.87619 2.43512 1.7021 -2.06386 0 0
0 0 35 6.33175 -3.6664 -0.0620784 -1.38336 0 0
0 0 36 9.20996 3.58862 5.15028 1.49728 0 0
0 0 37 2.41879 -1.47581 5.15114 0.172072 0 0
0 0 38 1.38146 2.7021 1.11292 -2.27415 0 0
0 0 39 7.3512 0.497425 1.39831 -0.534722 0 0
0 0 40 3.24178 -1.72567 1.87383 1.55382 0 0
0 0 41 2.5791 -3.06218 1.05744 0.410426 0 0
0 0 42 3.32438 2.46606 3.34387 -2.95707 0 0
0 0 43 -0.591521 -2.41148 1.84539 1.14867 0 0
0 0 44 5.64207 0.286066 3.32364 -2.45857 0 0
0 0 45 3.37451 0.77683 3.38017 2.8753 0 0
0 0 46 4.86949 -1.76002 1.88842 -1.71816 0 0
0 0 47 4.57762 2.13015 3.67475 0.266335 0 0
0 0 48 7.86692 -2.65672 2.97759 -0.839838 0 0
0 0 49 6.95389 -2.37832 1.66182 -1.01298 0 0
0 0 50 5.27793 1.03465 4.94129 -0.480364 0 0
0 0 51 0.498279 -2.32929 3.23664 -0.154006 0 0
0 0 52 1.77865 2.64651 -0.896352 0.442862 0 0
0 0 53 6.72829 -0.749443 -0.64308 -2.02563 0 0
0 0 54 3.44527 -0.0793756 2.59447 0.922817 0 0
0 0 55 4.06721 -3.38303 -2.16275 -1.48405 0 0
0 0 56 2.85249 1.22795 1.41291 -1.20384 0 0
0 0 57 2.10983 -1.88774 3.21971 -0.870555 0 0
0 0 58 2.90856 -3.53436 -0.617123 1.87626 0 0
0 0 59 6.86497 0.172978 5.02178 -0.0312167 0 0
0 0 60 2.43839 2.55439 0.948027 2.78909 0 0
0 0 61 4.3153 -0.337507 2.1537 -0.923016 0 0
0 0 62 1.82592 -0.294828 -0.571996 2.18168 0 0
0 0 63 0.00959134 -4.55582 -1.29387 0.943946 0 0
0 0 64 3.8727 1.26001 -0.0862417 -0.0691672 0 0
0 0 65 -1.34078 0.63456 2.84087 -0.61715 0 0
0 0 66 -1.80316 1.08686 4.27214 -0.761096 0 0
0 0 67 2.26197 0.871836 -2.6461 -1.40643 0 0
0 0 68 2.37608 -1.81747 0.830938 -1.98892 0 0
0 0 69 -0.490596 -0.585352 1.89479 -2.36721 0 0
0 0 70 -4.92969 0.162109 2.03015 -0.714636 0 0
0 0 71 0.357041 -0.848678 2.68795 -0.377452 0 0
0 0 72 -0.460376 -1.04672 -2.12528 -0.0091159 0 0
0 0 73 3.19886 -1.50052 0.386566 2.92272 0 0
0 0 74 0.785676 -0.124995 -3.07523 -1.98805 0 0
0 0 75 0.236284 1.79989 0.0712542 0.580757 0 0
0 0 76 -0.231268 -4.65024 -1.11229 1.33262 0 0
0 0 77 3.98545 1.76838 2.70404 1.51081 0 0
0 0 78 3.92777 -1.38472 -2.38967 0.283882 0 0
0 0 79 0.487464 -1.51707 1.48673 -0.542975 0 0
0 0 80 0.139554 -1.35437 0.677591 2.40526 0 0
0 0 81 -3.71617 -0.573463 -0.99423 -2.2437 0 0
0 0 82 -2.69624 1.18302 0.532383 -1.23548 0 0
0 0 83 -1.74704 -0.515207 -0.00945132 -3.04446 0 0
0 0 84 4.94209 2.06684 3.65332 -2.87715 0 0
0 0 85 0.626194 2.37261 0.606991 -1.10656 0 0
0 0 86 1.16776 -2.32541 1.64589 1.05018 0 0
0 0 87 1.06455 -0.22099 -3.08009 -1.84675 0 0
0 0 88 0.112688 1.80256 2.44239 -1.01875 0 0
0 0 89 -3.13359 0.181339 -2.0643 2.17822 0 0
0 0 90 3.9635 0.505427 -2.25657 1.76024 0 0
0 0 91 3.18428 -3.17754 2.16606 1.13393 0 0
0 0 92 0.0301882 -0.522948 2.30143 -0.0485815 0 0
0 0 93 -0.700365 2.20514 -0.178125 0.0838554 0 0
0 0 94 0.103434 2.49842 -1.71251 -1.79303 0 0
0 0 95 0.902432 -1.85104 0.786236 -0.2488 0 0
0 0 96 5.70444 2.98992 0.198599 1.34748 0 0
0 0 97 2.70943 3.80024 -0.72241 0.197287 0 0
0 0 98 1.60979 -0.265864 -1.289 2.54088 0 0
0 0 99 4.21079 -1.46852 -1.19746 -0.294505 0 0
0 0 100 -0.799958 -4.67979 -0.450442 -1.63663 0 0
0 0 101 0.956749 -0.978026 -0.753939 0.231849 0 0
0 0 102 -0.188879 4.33326 0.400408 -2.74623 0 0
0 0 103 1.43206 -0.458803 1.92578 -2.73209 0 0
0 0 104 2.02928 -0.139112 -1.97447 1.12497 0 0
0 0 105 -0.183414 -0.236366 -0.52782 1.74976 0 0
0 0 106 3.74105 2.84654 0.0088479 -0.343779 0 0
0 0 107 1.21018 0.0454832 0.563497 -1.47019 0 0
0 0 108 -0.788343 -0.524002 0.0319455 -4.41326 0 0
0 0 109 0.170143 -2.59079 1.04182 0.337164 0 0
0 0 110 0.153156 1.69806 3.20932 -0.749348 0 0
0 0 111 -1.79458 -2.23473 -0.0713017 0.380468 0 0
0 0 112 -0.573871 -1.55559 -0.429563 1.29632 0 0
0 0 113 2.26925 0.809371 0.725485 2.15869 0 0
0 0 114 0.915968 2.21861 3.29185 0.859764 0 0
0 0 115 6.03802 -1.48462 1.75914 -1.13572 0 0
0 0 116 -0.198706 -1.16219 0.300537 -1.54447 0 0
0 0 117 0.0779226 0.587801 2.43334 3.17404 0 0
0 0 118 2.62183 -0.345193 0.787627 -1.51317 0 0
0 0 119 0.689911 1.76139 0.269306 3.31107 0 0
0 0 120 2.48753 -0.918622 1.79163 -0.370297 0 0
0 0 121 -1.67037 -0.0392826 3.38415 2.81864 0 0
0 0 122 -0.38669 -0.435097 -1.13166 -2.57733 0 0
0 0 123 2.39242 -1.34577 -0.301453 -0.179458 0 0
0 0 124 -0.685926 0.341327 -1.29257 1.65199 0 0
0 0 125 -0.641007 0.263632 1.20775 -1.86363 0 0
0 0 126 -0.10389 -0.108404 0.900692 -1.12132 0 0
0 0 127 -2.12332 2.02822 -1.81779 -0.257973 0 0
0 0 128 -0.801554 -0.775936 0.695342 -0.972179 0 0
0 0 129 -2.77284 -3.98917 -1.32063 2.67173 0 0
0 0 130 5.27457 1.97482 0.286591 3.3832 0 0
0 0 131 0.055671 -3.21392 4.24114 2.10868 0 0
0 0 132 1.03787 1.28516 -1.17047 -1.76487 0 0
0 0 133 -0.11922 2.3949 -1.07401 0.317756 0 0
0 0 134 1.63561 2.97846 1.39516 0.018506 0 0
0 0 135 -2.56016 -1.80088 -1.20948 1.75491 0 0
0 0 136 -3.09807 3.07127 -1.91539 -0.575761 0 0
0 0 137 3.54713 0.388437 2.45318 0.713227 0 0
0 0 138 5.20759 1.02251 0.809379 -1.13605 0 0
0 0 139 -2.09256 3.30367 -3.84548 0.299331 0 0
0 0 140 1.45524 0.0387944 1.50486 1.44976 0 0
0 0 141 1.73951 -2.46136 1.8276 2.12104 0 0
0 0 142 2.71739 -1.55346 1.58982 4.19614 0 0
0 0 143 0.0426797 1.49162 0.584193 1.07365 0 0
0 0 144 1.27114 0.74813 -1.37895 1.17863 0 0
0 0 145 0.569504 0.0321581 -1.54352 -0.684811 0 0
0 0 146 1.34462 -3.33835 0.408069 -2.11773 0 0
0 0 147 0.449631 -0.163556 -1.23649 -1.33978 0 0
0 0 148 1.77489 0.23003 -2.14172 -1.14933 0 0
0 0 149 1.32574 0.25199 2.63563 -0.346803 0 0
0 0 150 1.95156 -4.20844 0.206247 -2.30108 0 0
0 0 151 1.76254 1.10969 0.829055 0.821632 0 0
0 0 152 -0.192588 -0.0770874 2.4001 -2.58655 0 0
0 0 153 -0.788743 4.35386 1.42 3.84094 0 0
0 0 154 -1.40315 1.33546 0.573308 -0.247628 0 0
0 0 155 -1.12442 0.133187 -4.85227 -0.562174 0 0
0 0 156 1.53881 -1.04695 0.0781311 -0.214931 0 0
0 0 157 0.527024 -0.186536 -1.01948 2.67475 0 0
0 0 158 -0.0923154 -4.96433 -0.474301 0.66579 0 0
0 0 159 3.02414 0.170207 2.71682 -5.32768 0 0
0 0 160 2.0242 1.65381 -1.41669 -1.27788 0 0
0 0 161 3.49014 -0.203463 1.38355 4.16662 0 0
0 0 162 3.32679 1.4694 0.664392 -0.142461 0 0
0 0 163 -3.33528 -0.945226 -2.71496 -1.69404 0 0
0 0 164 0.258656 -0.0827416 -2.12596 0.769655 0 0
0 0 165 2.50116 -0.3386 0.330832 1.15752 0 0
0 0 166 -2.96255 -2.18854 1.697 -1.98009 0 0
0 0 167 -0.505648 -0.714673 0.535792 -0.61662 0 0
0 0 168 1.21829 -1.41233 -1.15891 -2.24885 0 0
0 0 169 1.08753 -1.32855 -3.41793 2.47685 0 0
0 0 170 2.01015 2.33164 3.29863 0.29189 0 0
0 0 171 -0.242421 0.516226 -2.33394 -0.70791 0 0
0 0 172 -0.724031 -0.0169227 1.34775 -1.18816 0 0
0 0 173 0.0706584 -3.24345 -0.353596 1.78032 0 0
0 0 174 0.822948 1.9167 -1.5714 -0.965334 0 0
0 0 175 -0.910954 -0.677347 -1.47176 3.37186 0 0
0 0 176 -0.238908 1.68321 1.21182 4.26065 0 0
0 0 177 -0.870101 -2.01454 -1.6001 -0.827408 0 0
0 0 178 -0.684118 0.704699 0.575444 -1.93758 0 0
0 0 179 -0.636237 -1.30643 2.22505 1.17059 0 0
0 0 180 -2.98136 0.0430681 -1.7167 0.410303 0 0
0 0 181 -0.339096 -1.76549 -0.38811 -0.694656 0 0
0 0 182 -1.46333 2.73287 -0.733223 -2.75911 0 0
0 0 183 0.719856 -1.79303 -1.23983 -2.23978 0 0
0 0 184 -2.7732 2.64824 -1.09234 -1.99639 0 0
0 0 185 -0.8825 -0.0388806 -0.990085 4.59682 0 0
0 0 186 2.31428 -0.232157 -1.48016 -2.07963 0 0
0 0 187 3.60336 -0.537802 0.249124 -1.92324 0 0
0 0 188 -0.51917 -1.2104 0.298266 1.31699 0 0
0 0 189 0.303415 -2.91371 2.65249 -1.51917 0 0
0 0 190 0.814292 1.20826 -2.13745 2.58294 0 0
0 0 191 1.03156 -2.64255 -1.59901 1.28221 0 0
0 0 192 -0.139573 0.620262 0.280414 2.354 0 0
0 0 193 1.72615 4.28431 -0.981895 1.41244 0 0
0 0 194 2.04521 1.43266 -1.76902 -3.32178 0 0
0 0 195 2.16849 2.15572 0.791089 1.26777 0 0
0 0 196 0.459587 -6.17224 0.646727 -1.30763 0 0
0 0 197 0.86701 -1.94383 -0.813901 -0.80315 0 0
0 0 198 0.927915 -2.15562 0.233463 -1.68685 0 0
0 0 199 3.76664 -0.54008 -0.624959 -0.95365 0 0
0 0 200 3.25668 -1.21285 -2.32056 -3.58187 0 0
0 0 201 4.44753 0.125154 -0.154287 2.2194 0 0
0 0 202 -1.0524 0.550195 -0.408988 0.928282 0 0
0 0 203 3.76165 1.39605 0.864631 1.32813 0 0
0 0 204 0.907931 0.243952 -2.07597 -2.69919 0 0
0 0 205 0.508736 3.57085 1.08785 1.54962 0 0
0 0 206 2.4898 -0.789479 -0.211286 1.52591 0 0
0 0 207 -0.390838 -1.30676 -0.787959 1.2249 0 0
0 0 208 2.22978 0.538584 -1.05385 3.93115 0 0
0 0 209 -2.70874 2.77147 0.593262 -1.47505 0 0
0 0 210 0.682674 1.5561 1.52702 -2.20018 0 0
0 0 211 -0.22543 -0.493259 -2.43101 1.0333 0 0
0 0 212 1.08757 2.3343 2.59188 -2.83103 0 0
0 0 213 2.52612 -1.30233 4.57826 -1.88761 0 0
0 0 214 1.2099 0.0970413 4.52534 -1.48331 0 0
0 0 215 1.03639 -2.25395 -0.905758 -2.29821 0 0
0 0 216 1.8839 -0.987087 3.81573 1.47152 0 0
0 0 217 0.193949 1.33935 -3.02089 0.758793 0 0
0 0 218 2.04336 3.77194 0.775561 0.0218853 0 0
0 0 219 3.45233 2.6211 2.96257 -2.10329 0 0
0 0 220 0.657642 -1.382 -0.424395 -0.743487 0 0
0 0 221 -3.4193 -3.66985 -3.83222 0.524483 0 0
0 0 222 -2.57383 1.27887 0.616968 -1.48526 0 0
0 0 223 2.57378 2.34202 -0.17872 1.96351 0 0
0 0 224 -3.75304 -2.80918 -2.41757 1.88908 0 0
0 0 225 4.50777 -1.60367 -0.981338 2.07376 0 0
0 0 226 1.26005 1.98415 -0.645623 -5.05608 0 0
0 0 227 0.585633 1.27487 -2.20109 -1.76463 0 0
0 0 228 0.264903 -1.51211 -3.63825 2.28663 0 0
0 0 229 -0.830333 1.95743 0.679296 1.58706 0 0
0 0 230 2.61697 2.8725 -0.10952 -4.21335 0 0
0 0 231 3.15705 1.92612 -0.132359 0.967394 0 0
0 0 232 4.24392 -0.172017 -2.09884 -1.58893 0 0
0 0 233 -0.375533 -1.59957 1.28232 3.37679 0 0
0 0 234 2.67913 1.43784 3.63512 3.27908 0 0
0 0 235 -0.844279 -2.98543 0.571361 -0.0115637 0 0
0 0 236 2.79224 0.976113 0.428762 2.52478 0 0
0 0 237 1.25464 2.96049 0.0646656 0.276383 0 0
0 0 238 0.892783 2.03185 0.542225 -0.666688 0 0
0 0 239 1.07176 -0.483422 -0.144158 1.00255 0 0
0 0 240 1.45583 0.312769 -2.04833 -1.22758 0 0
0 0 241 2.64734 -0.0339885 2.7184 0.0839569 0 0
0 0 242 2.07789 -2.98771 -2.60554 -0.584547 0 0
0 0 243 2.70586 -1.00598 0.395314 0.756744 0 0
0 0 244 -0.922661 1.18014 1.11351 1.70608 0 0
0 0 245 -0.889035 1.16802 0.76251 -1.41765 0 0
0 0 246 -3.38208 2.69316 -2.54461 -0.634837 0 0
0 0 247 0.576382 -0.428789 3.08879 -0.514203 0 0
0 0 248 -1.27575 2.85733 0.885196 -4.15811 0 0
0 0 249 -0.818339 -1.1777 -2.50979 -5.38624 0 0
0 0 250 2.09868 -1.27744 -0.706397 -2.72233 0 0
0 0 251 2.98743 -2.09369 2.41005 0.139677 0 0
0 0 252 1.73827 2.53077 2.08336 -0.0869962 0 0
0 0 253 2.67417 2.07926 1.3679 2.05528 0 0
0 0 254 2.00135 -0.430056 -0.4259 -2.10925 0 0
0 0 255 1.96776 -2.50292 -0.981401 3.39523 0 0
0 0 256 -0.260642 2.55621 3.18815 1.66424 0 0
0 0 257 0.586195 0.481853 -1.60403 -1.13153 0 0
0 0 258 0.0414673 0.0868868 -0.241511 -1.62756 0 0
0 0 259 -1.09073 2.75801 2.36701 2.87594 0 0
0 0 260 2.25892 1.62063 -0.963174 -2.56669 0 0
0 0 261 1.65011 -3.06264 1.17281 -1.49748 0 0
0 0 262 0.960973 1.06336 -3.37722 1.19364 0 0
0 0 263 3.01677 3.49779 -1.56495 -0.124932 0 0
0 0 264 0.799022 -1.11352 0.755057 -1.74544 0 0
0 0 265 3.57516 -2.34461 3.58643 -2.67823 0 0
0 0 266 -0.842127 3.06369 -1.68582 2.8269 0 0
0 0 267 2.16236 2.39971 -2.86516 -0.116437 0 0
0 0 268 -2.09317 0.884141 -2.50104 3.1631 0 0
0 0 269 -0.617463 -0.814434 2.83301 -1.77196 0 0
0 0 270 0.691941 2.50722 0.598024 -4.18587 0 0
0 0 271 2.06902 -0.486188 0.134103 -0.042637 0 0
0 0 272 0.889235 -3.10563 -1.97316 1.80732 0 0
0 0 273 -0.814288 2.53496 4.94816 -4.38541 0 0
0 0 274 0.614431 -0.985777 -0.200457 -0.142789 0 0
0 0 275 -0.415953 2.81833 0.0248742 2.17933 0 0
0 0 276 2.77892 0.22685 2.46749 -1.77275 0 0
0 0 277 3.83609 -2.54306 0.613133 -2.27302 0 0
0 0 278 -0.419313 0.420875 1.16676 2.1336 0 0
0 0 279 -3.20953 0.0569021 -2.10701 0.00394295 0 0
0 0 280 0.441579 -1.91968 -2.08565 2.71295 0 0
0 0 281 2.83462 1.30001 2.27913 -0.981542 0 0
0 0 282 1.90525 0.657452 -1.30884 -3.34534 0 0
0 0 283 2.07858 2.62927 -1.60284 -0.386012 0 0
0 0 284 3.81859 2.73463 -2.3235 -0.303317 0 0
0 0 285 -1.55085 0.886875 -2.98257 -0.185285 0 0
0 0 286 -0.117783 1.78227 -1.01791 3.11725 0 0
0 0 287 -2.68329 -0.324437 4.52797 -2.97222 0 0
0 0 288 -2.40181 -0.0565666 -1.78128 2.17471 0 0
0 0 289 -2.17148 -0.568173 0.273619 -1.05885 0 0
0 0 290 -2.25449 -0.242336 -0.142376 2.09114 0 0
0 0 291 0.597223 2.16913 0.972143 -0.0285495 0 0
0 0 292 2.52568 -0.0319679 -0.075809 -0.879192 0 0
0 0 293 1.37432 -0.663018 2.75123 -1.89138 0 0
0 0 294 2.20119 2.00242 -5.43288 -2.11901 0 0
0 0 295 0.832457 3.36663 -0.443707 -0.587313 0 0
0 0 296 -0.588474 2.51164 0.22858 -5.4962 0 0
0 0 297 4.17533 4.47299 1.64392 1.91402 0 0
0 0 298 -1.16482 -0.428918 4.17395 1.53124 0 0
0 0 299 -1.63644 -1.39365 1.48824 -2.51704 0 0
0 0 300 0.025649 0.827699 0.772381 0.0445203 0 0
0 0 301 2.52856 -1.84563 0.882242 1.4881 0 0
0 0 302 2.49076 0.204102 -2.45422 -0.386611 0 0
0 0 303 0.209081 2.13697 0.51316 -0.633262 0 0
0 0 304 0.430975 1.57077 0.53113 -3.50218 0 0
0 0 305 3.00525 0.270021 -0.38339 1.08337 0 0
0 0 306 -1.75917 -4.66133 -0.402887 1.53269 0 0
0 0 307 1.56578 1.98795 1.56874 -1.9517 0 0
0 0 308 1.81501 2.4136 -0.918858 -1.08096 0 0
0 0 309 -1.09437 0.100971 -1.688 0.0380127 0 0
0 0 310 1.43425 -0.685352 1.00504 -0.409175 0 0
0 0 311 -0.203561 1.49204 -4.21723 -0.615806 0 0
0 0 312 0.568182 -5.81699 0.235456 -1.10243 0 0
0 0 313 0.854025 1.23509 -3.0566 1.96308 0 0
0 0 314 0.601187 -0.452054 2.87974 0.0535429 0 0
0 0 315 2.38576 2.67072 1.27858 -1.43286 0 0
0 0 316 -1.43525 -1.30749 0.748889 -0.817695 0 0
0 0 317 1.53281 -2.58771 1.52538 2.97577 0 0
0 0 318 0.813788 -2.06428 -1.3698 0.0552072 0 0
0 0 319 2.20113 3.17233 -0.766637 -1.63241 0 0
0 0 320 1.0512 -1.65496 -1.06317 0.149699 0 0
0 0 321 0.802222 2.89661 -0.780697 -1.8941 0 0
0 0 322 0.864422 -1.70405 -1.92444 0.400789 0 0
0 0 323 4.61868 3.55842 0.856439 0.119568 0 0
0 0 324 -0.655551 -0.61116 0.938026 -0.279421 0 0
0 0 325 -0.0950159 0.520004 -1.8759 -0.059333 0 0
0 0 326 -0.243787 -0.460944 1.73973 0.949964 0 0
0 0 327 1.34337 -2.57698 0.40519 1.40306 0 0
0 0 328 0.545096 -1.1847 0.424284 0.724383 0 0
0 0 329 1.21279 1.32481 -1.07347 0.824959 0 0
0 0 330 0.169754 1.42809 0.215304 0.104757 0 0
0 0 331 -1.59816 -1.46503 -0.0975823 -3.10358 0 0
0 0 332 -3.33525 -5.43064 -0.262943 -0.567791 0 0
0 0 333 4.60693 1.86311 -0.446513 -3.74614 0 0
0 0 334 -0.107379 2.80141 -1.98135 2.16306 0 0
0 0 335 -0.530133 -0.896785 -1.11752 -1.15608 0 0
0 0 336 -3.76837 0.582403 1.97211 0.93629 0 0
0 0 337 -2.74775 -2.14708 -3.22385 -2.88665 0 0
0 0 338 4.72876 3.46004 -2.92346 -3.28733 0 0
0 0 339 2.81546 -2.29826 2.50767 -3.84852 0 0
0 0 340 -3.30084 0.0850054 -0.0808658 2.62432 0 0
0 0 341 -1.69019 0.988936 -2.41509 -0.390586 0 0
0 0 342 0.969027 -2.30878 1.24772 0.444644 0 0
0 0 343 -0.993463 -0.870187 3.38896 1.91107 0 0
0 0 344 -1.33837 -1.18788 2.19937 -0.49026 0 0
0 0 345 -1.33214 -1.7453 1.74011 2.3748 0 0
0 0 346 -0.914261 2.72254 0.419906 2.23182 0 0
0 0 347 -1.7011 -5.7387 -1.94351 -1.97169 0 0
0 0 348 -1.59133 -1.65276 -2.38876 -0.227058 0 0
0 0 349 4.043 -2.66038 1.62405 0.569768 0 0
0 0 350 -0.315592 -2.62938 1.22207 0.834063 0 0
0 0 351 -3.32538 2.53558 -1.22076 -0.17293 0 0
0 0 352 2.21022 -1.29398 -1.12738 -1.05616 0 0
0 0 353 -1.91275 -0.388303 3.66728 -0.158951 0 0
0 0 354 0.673376 0.255433 2.09552 -1.15444 0 0
0 0 355 3.97785 1.1216 2.6064 -0.590344 0 0
0 0 356 1.05098 1.02184 0.15108 0.0479711 0 0
0 0 357 2.87776 -2.69915 1.00062 0.993384 0 0
0 0 358 -4.04342 -0.973542 -3.67404 -2.32932 0 0
0 0 359 -0.31529 -1.37463 -0.254452 -2.10013 0 0
0 0 360 -0.496256 0.17636 0.301775 -0.768202 0 0
0 0 361 0.521108 3.32157 -0.0213417 -2.51761 0 0
0 0 362 -1.49927 0.995319 3.26282 0.46626 0 0
0 0 363 -1.28781 2.30878 -0.543063 1.18384 0 0
0 0 364 1.57972 0.0866665 -0.823356 -5.17458 0 0
0 0 365 -3.02787 1.91764 0.0140298 2.56449 0 0
0 0 366 -3.18495 -0.373943 -0.615115 1.61831 0 0
0 0 367 2.3109 -0.155747 -0.649697 1.84304 0 0
0 0 368 -0.445775 -2.1858 0.106599 0.72412 0 0
0 0 369 1.86979 -4.31575 -2.61441 0.899362 0 0
0 0 370 -2.76064 -0.28883 -2.09253 -0.183233 0 0
0 0 371 1.31021 0.110414 1.80208 -1.0196 0 0
0 0 372 -2.71509 4.65982 0.946856 3.75744 0 0
0 0 373 0.946272 -2.469 -1.82021 0.943806 0 0
0 0 374 0.272731 3.13698 1.67914 0.882415 0 0
0 0 375 -1.56089 -0.26551 -0.129543 0.334127 0 0
0 0 376 1.66648 -0.228555 -1.55778 -1.55185 0 0
0 0 377 0.456747 -2.63723 0.469876 -0.262228 0 0
0 0 378 2.63395 0.127411 -1.23999 3.0346 0 0
0 0 379 0.421459 0.478569 1.50515 -0.829207 0 0
0 0 380 -4.62859 -1.96039 0.657955 0.774665 0 0
0 0 381 2.99953 0.629822 -2.13993 -0.546557 0 0
0 0 382 -1.3322 -1.79344 -2.55295 -1.0923 0 0
0 0 383 0.00505185 2.93343 0.4353 -0.434447 0 0
0 0 384 3.39507 3.22307 -2.30938 0.715728 0 0
0 0 385 3.24201 0.0514719 0.0672903 -2.72361 0 0
0 0 386 1.4637 -0.553942 1.00357 -3.36153 0 0
0 0 387 2.52502 -0.445759 0.0170299 -0.765977 0 0
0 0 388 -1.14575 -2.37553 1.7973 -1.86044 0 0
0 0 389 -3.3033 0.606563 -2.74989 1.63672 0 0
0 0 390 0.338735 1.78109 3.26667 -1.42839 0 0
0 0 391 -0.752023 -0.723978 0.434394 1.90817 0 0
0 0 392 1.54198 3.32977 -2.62386 0.493513 0 0
0 0 393 -1.26591 3.91143 -4.90708 -2.3907 0 0
0 0 394 0.82611 0.35257 -0.161813 1.02918 0 0
0 0 395 2.93008 4.74078 -0.545917 0.266411 0 0
0 0 396 1.85272 0.0239441 1.81566 -1.0753 0 0
0 0 397 -3.8718 1.77859 -0.843118 -3.25697 0 0
0 0 398 -2.22876 1.94205 0.737448 0.952386 0 0
0 0 399 -1.70148 1.05672 0.128052 1.9043 0 0
0 0 400 0.566428 1.95351 2.40203 1.24576 0 0
0 0 401 -1.33165 1.24524 1.71724 2.26278 0 0
0 0 402 -1.31012 -4.38426 4.75282 -0.35344 0 0
0 0 403 0.575293 -4.87341 -3.02215 1.03209 0 0
0 0 404 -0.677494 -1.62364 0.361718 -0.394566 0 0
0 0 405 -1.01194 -2.66925 2.42207 1.31388 0 0
0 0 406 -2.12462 -2.23065 1.39434 -2.019 0 0
0 0 407 1.1904 -0.108678 -1.03168 -0.534744 0 0
0 0 408 1.09503 1.75427 -0.713719 1.87336 0 0
0 0 409 -1.9421 -1.50957 1.9531 1.46206 0 0
0 0 410 -3.15129 -1.7666 -0.393415 1.41598 0 0
0 0 411 -1.85563 -1.27786 0.403045 -3.55298 0 0
0 0 412 3.55898 -0.544759 -2.70657 2.35481 0 0
0 0 413 -2.33415 -1.25903 -1.67897 -0.0735634 0 0
0 0 414 -1.09199 -1.5675 0.966165 1.36297 0 0
0 0 415 -1.36752 -0.46499 -1.88838 -0.948175 0 0
0 0 416 -1.90521 2.11471 0.996552 1.188 0 0
0 0 417 -0.313724 0.487506 1.13037 0.389576 0 0
0 0 418 1.69491 2.11314 0.967472 0.943689 0 0
0 0 419 -0.834497 0.000747263 5.30962 3.91322 0 0
0 0 420 -1.86692 1.62495 2.00139 0.648 0 0
0 0 421 -3.69643 1.72613 -0.0838822 0.256276 0 0
0 0 422 4.17603 0.269504 2.88005 1.99766 0 0
0 0 423 -0.720578 1.22375 -1.25316 -1.24253 0 0
0 0 424 0.520843 2.7592 -1.10962 0.479266 0 0
0 0 425 -2.96869 -3.34471 0.272945 -0.208547 0 0
0 0 426 -0.233905 -0.956272 -1.25231 3.16675 0 0
0 0 427 1.24951 0.117803 0.321792 -0.206739 0 0
0 0 428 1.27031 -1.11271 -0.257316 1.66045 0 0
0 0 429 0.161091 -2.64972 1.91105 1.82291 0 0
0 0 430 -3.07057 1.2558 -2.90354 -0.737107 0 0
0 0 431 -3.97908 -2.82892 -2.39315 2.89514 0 0
0 0 432 -1.40159 0.188372 -1.60245 2.17135 0 0
0 0 433 2.71204 -1.64856 -3.74404 -0.250856 0 0
0 0 434 3.2963 1.63385 -1.21661 -0.402209 0 0
0 0 435 -0.216183 -2.01808 -2.02231 -0.0840247 0 0
0 0 436 3.25237 1.55262 -0.55171 1.18724 0 0
0 0 437 -0.415155 2.00063 1.01977 1.29387 0 0
0 0 438 -2.5318 0.112152 1.95881 -0.374556 0 0
0 0 439 -0.348338 1.11042 -0.238173 2.18768 0 0
0 0 440 -3.01828 -0.228073 1.3793 -0.6373 0 0
0 0 441 -1.02882 0.0970564 0.0525083 -0.304632 0 0
0 0 442 0.477053 0.870174 3.93657 -1.27204 0 0
0 0 443 4.28185 -2.1004 2.0645 -2.42934 0 0
0 0 444 0.826863 -2.52244 1.14185 2.98015 0 0
0 0 445 2.80914 0.888668 -2.69417 2.15092 0 0
0 0 446 -2.72401 -0.467372 2.40416 -0.907217 0 0
0 0 447 1.36507 -2.14738 -1.66369 -0.620441 0 0
0 0 448 1.52947 -1.89534 -1.13052 -0.665802 0 0
0 0 449 0.0603766 -3.50797 -3.76624 0.515847 0 0
0 0 450 0.425403 1.1837 0.516211 1.10704 0 0
0 0 451 3.88361 1.01488 0.283088 0.804159 0 0
0 0 452 0.25521 -0.703161 0.592708 1.38145 0 0
0 0 453 -0.594794 3.69714 2.04522 5.17624 0 0
0 0 454 1.27827 -0.212254 -1.41208 2.50639 0 0
0 0 455 0.0597814 -0.439608 0.0551166 1.38228 0 0
0 0 456 0.455819 -0.458017 0.450587 1.86514 0 0
0 0 457 5.73854 -3.46826 1.8187 2.37616 0 0
0 0 458 0.883852 3.41127 -0.89186 -0.261792 0 0
0 0 459 5.2731 0.700938 -1.51583 2.29198 0 0
0 0 460 2.55031 -2.17047 1.06177 -1.75422 0 0
0 0 461 -1.30217 -0.231201 1.92841 -1.50463 0 0
0 0 462 -2.29862 3.72179 1.22399 0.972317 0 0
0 0 463 1.67346 2.90226 -2.98801 -2.5086 0 0
0 0 464 0.220866 -2.76437 2.64483 -0.752195 0 0
0 0 465 -2.77366 3.3366 -3.03859 0.0383388 0 0
0 0 466 -0.313064 -3.21995 1.3378 0.176109 0 0
0 0 467 2.62462 1.91678 0.89498 1.05035 0 0
0 0 468 -2.95741 -0.107899 -1.67309 0.135762 0 0
0 0 469 0.550304 0.134325 -0.305066 0.217739 0 0
0 0 470 3.44492 2.95218 -1.88053 1.52227 0 0
0 0 471 -0.405333 -1.12199 0.72196 2.16159 0 0
0 0 472 0.605813 -0.736646 2.74664 -0.504647 0 0
0 0 473 4.32706 2.76173 -0.0481695 -1.19551 0 0
0 0 474 3.72844 1.80291 1.90446 -1.71749 0 0
0 0 475 -0.953008 1.0995 1.48701 0.465831 0 0
0 0 476 4.29156 4.18391 1.37234 -0.0237948 0 0
0 0 477 -1.60601 -2.92556 -1.2398 -2.06188 0 0
0 0 478 0.297126 -1.66002 0.0463335 -0.274018 0 0
0 0 479 2.31735 1.26179 -0.143828 -3.02661 0 0
0 0 480 3.18522 -2.46872 -1.41735 0.451414 0 0
0 0 481 1.53776 0.611364 1.60203 -3.38982 0 0
0 0 482 1.44004 -1.80391 -0.493812 -0.345099 0 0
0 0 483 2.91914 -0.6466 1.60854 -1.06878 0 0
0 0 484 0.79302 -2.33886 3.09014 -1.04727 0 0
0 0 485 1.06514 2.5243 3.10135 1.76719 0 0
0 0 486 3.40726 -0.365996 1.63465 -0.598214 0 0
0 0 487 -1.64168 -1.1429 -0.0738529 2.47662 0 0
0 0 488 3.18061 0.728167 -0.394876 -1.03686 0 0
0 0 489 2.90937 -0.27987 -1.59626 -1.93361 0 0
0 0 490 -0.111634 0.863751 2.00056 0.0700602 0 0
0 0 491 0.0452291 -0.864996 1.06428 1.89474 0 0
0 0 492 0.981596 1.17019 -3.9893 2.14012 0 0
0 0 493 -2.13869 -1.57146 -5.11097 -1.97929 0 0
0 0 494 0.803399 -1.961 -1.5981 -2.07678 0 0
0 0 495 -2.33054 1.79653 2.41506 0.515615 0 0
0 0 496 1.76059 -1.27783 -2.3829 1.69087 0 0
0 0 497 1.33487 4.16622 4.9333 1.7461 0 0
0 0 498 1.47967 -1.57649 0.201923 -0.797407 0 0
0 0 499 1.91565 1.43175 0.499718 0.28213 0 0
0 0 500 3.9446 -0.272306 -0.516617 1.16137 0 0
0 0 501 -1.6715 1.62982 -1.84409 -1.25794 0 0
0 0 502 1.3464 -0.909548 2.18215 -1.48647 0 0
0 0 503 -1.00768 -3.06722 -0.867421 -0.34577 0 0
0 0 504 1.55643 1.14218 0.115449 1.21438 0 0
0 0 505 -1.07258 2.10629 0.704782 0.112875 0 0
0 0 506 -2.1531 -1.87908 0.189818 -1.36807 0 0
0 0 507 5.64224 -1.71024 -0.457313 -0.118253 0 0
0 0 508 -1.93724 -0.822104 -1.09254 1.5926 0 0
0 0 509 -1.49625 3.98104 1.48248 1.24991 0 0
0 0 510 2.24132 2.98077 -0.517711 0.860907 0 0
0 0 511 -0.137283 3.04629 -6.38884 -3.43449 -32.2538 8.44904
0 0 512 -3.79658 1.10553 -3.53898 -0.741811 0 0
0 0 513 2.59122 -2.54902 -3.26267 0.959219 0 0
0 0 514 -2.88167 0.987982 -1.44773 0.561793 0 0
0 0 515 -0.250904 -0.0226701 1.45377 -1.96015 0 0
0 0 516 1.4626 -0.783467 -2.03509 0.893395 0 0
0 0 517 0.595901 0.951192 0.140324 -1.20262 0 0
0 0 518 -0.824055 -1.36294 0.137938 -1.0627 0 0
0 0 519 0.398955 -1.93606 -1.15378 1.00701 0 0
0 0 520 1.36542 2.14167 -0.881559 -0.752346 0 0
0 0 521 4.41019 -3.4819 0.752419 3.83187 0 0
0 0 522 -0.126879 -1.08968 1.33545 1.69866 0 0
0 0 523 3.57716 -1.30219 -1.54735 -0.749577 0 0
0 0 524 2.37763 -2.95277 -1.93757 0.425587 0 0
0 0 525 -1.08759 -1.69672 0.102588 -1.83342 0 0
0 0 526 -1.55548 -1.9166 -0.86121 2.04005 0 0
0 0 527 0.239169 -0.748443 0.463521 -0.576205 0 0
0 0 528 2.5771 1.51842 -1.27778 -0.404877 0 0
0 0 529 -1.43925 2.83111 -3.05523 0.783092 0 0
0 0 530 0.948976 3.92873 1.25231 0.0735571 0 0
0 0 531 2.47946 3.76424 0.290123 2.43485 0 0
0 0 532 -0.357741 -0.212245 1.60725 0.206858 0 0
0 0 533 -1.78696 1.72034 -1.55783 1.98568 0 0
0 0 534 -3.09529 -2.89803 1.40988 0.472971 0 0
0 0 535 0.0278054 2.23528 -1.98228 1.03256 0 0
0 0 536 -3.66234 4.61789 1.08364 1.89823 0 0
0 0 537 0.469549 2.02925 1.81279 -0.852034 0 0
0 0 538 3.67722 3.03786 1.37303 -0.876617 0 0
0 0 539 0.446578 4.41156 0.978577 -0.723684 0 0
0 0 540 -1.16428 -0.0816784 -1.93024 1.88055 0 0
0 0 541 1.78759 0.435208 -0.659397 -2.85476 0 0
0 0 542 0.0412074 -3.19908 -0.901818 3.58575 0 0
0 0 543 1.03953 -1.97351 0.0962987 0.871248 0 0
0 0 544 2.18709 2.99455 -3.39693 -2.89993 0 0
0 0 545 1.79202 2.10197 -1.21062 2.14368 0 0
0 0 546 -1.61519 1.88579 -7.62652 0.447695 -38.0556 7.70999
0 0 547 0.446125 2.87186 -0.00584955 -1.18419 0 0
0 0 548 1.9801 -0.721495 -2.13267 0.371353 0 0
0 0 549 2.81252 -2.23804 0.323392 -3.22558 0 0
0 0 550 3.0516 -1.25135 -0.610758 -0.519084 0 0
0 0 551 2.01389 -2.83783 -3.89731 -1.57051 0 0
0 0 552 2.04775 2.89439 3.44356 -0.413998 0 0
0 0 553 -1.18668 -1.39455 -4.99335 2.49085 0 0
0 0 554 -0.362595 0.254682 1.10914 -2.3458 0 0
0 0 555 -0.0465667 -1.9763 2.98395 1.72304 0 0
0 0 556 -0.1318 3.32415 -0.276683 -1.81609 0 0
0 0 557 -0.594887 3.28544 1.66624 -0.644405 0 0
0 0 558 1.96861 1.29795 0.466084 1.00137 0 0
0 0 559 -1.45888 0.0527989 1.22819 -0.0869634 0 0
0 0 560 2.52061 2.30066 0.378766 1.73483 0 0
0 0 561 1.50119 1.82197 0.388367 -1.0541 0 0
0 0 562 -0.562458 -1.05891 0.584308 -1.0359 0 0
0 0 563 -0.549649 4.5412 -0.843736 1.11211 0 0
0 0 564 -2.30739 1.43874 -2.7529 -1.48833 0 0
0 0 565 0.737795 -1.02632 -0.782767 0.769066 0 0
0 0 566 -0.570051 -3.02543 -0.309595 2.01723 0 0
0 0 567 -1.83437 1.02742 1.61183 1.18694 0 0
0 0 568 0.506849 1.72303 -1.7545 -0.979696 0 0
0 0 569 -1.17185 2.65513 -1.2756 -0.339159 0 0
0 0 570 2.63768 -0.588877 1.58355 1.08114 0 0
0 0 571 1.21139 0.219632 2.65122 1.7243 0 0
0 0 572 -0.627574 -1.54238 2.40034 1.31497 0 0
0 0 573 -0.861791 -1.51129 1.05653 -1.88775 0 0
0 0 574 -1.39125 0.544263 1.30707 0.204722 0 0
0 0 575 3.70958 1.81024 1.18104 3.07561 0 0
0 0 576 1.84379 -0.870159 -0.799919 0.06295 0 0
0 0 577 1.33028 -0.748877 1.16805 1.07461 0 0
0 0 578 -0.660943 -1.95215 0.523998 -1.16567 0 0
0 0 579 0.656221 -1.41059 2.41036 -2.45903 0 0
0 0 580 0.00222468 -2.2344 -0.33851 -0.847753 0 0
0 0 581 0.184466 3.42248 -1.54885 0.333343 0 0
0 0 582 2.2147 2.27996 -0.202884 0.896754 0 0
0 0 583 -2.01156 4.12318 -1.8809 0.35405 0 0
0 0 584 1.46932 -3.16352 -3.10052 -1.49995 0 0
0 0 585 1.26726 0.289094 1.36766 0.187288 0 0
0 0 586 0.912077 0.232215 0.197165 1.30909 0 0
0 0 587 -0.638795 1.39926 -0.579148 -0.672096 0 0
0 0 588 1.37764 -2.63263 1.51664 -1.68211 0 0
0 0 589 3.21792 1.76847 0.109655 -0.0886606 0 0
0 0 590 -1.82723 0.437368 -0.604245 -0.634859 0 0
0 0 591 1.98553 2.2401 0.318292 3.98857 0 0
0 0 592 -0.181005 -0.518986 0.178811 0.561602 0 0
0 0 593 0.457204 1.01417 -3.65099 -2.02975 0 0
0 0 594 3.17523 0.657443 2.03738 -1.70796 0 0
0 0 595 1.67261 2.87141 1.71358 0.708731 0 0
0 0 596 4.6209 -3.3969 -0.255185 2.58533 0 0
0 0 597 2.18175 0.277453 1.9064 3.04469 0 0
0 0 598 0.896618 -0.676541 -1.17075 -0.214682 0 0
0 0 599 1.70756 -1.58634 -1.57274 -2.47957 0 0
0 0 600 0.275942 -1.7183 -1.40711 -1.41934 0 0
0 0 601 2.31978 2.97407 0.408445 -0.270443 0 0
0 0 602 -0.79805 -1.86072 0.0197248 2.26796 0 0
0 0 603 -1.71259 -2.6994 1.07402 -0.893191 0 0
0 0 604 0.93988 1.54844 0.0215582 -3.96995 0 0
0 0 605 2.08315 2.98844 2.53532 1.78113 0 0
0 0 606 -3.39447 1.99187 1.20908 -1.4852 0 0
0 0 607 -1.38437 -0.392018 -0.893065 3.71703 0 0
0 0 608 0.618164 2.81475 3.27408 -0.131803 0 0
0 0 609 0.142246 0.352101 -2.68825 1.27769 0 0
0 0 610 -0.229117 0.797612 3.86685 -0.490005 0 0
0 0 611 1.03523 4.22478 -3.33703 -0.0484864 0 0
0 0 612 -1.60081 -0.747926 1.60846 -2.57207 0 0
0 0 613 0.119399 -0.661175 1.38866 -2.10396 0 0
0 0 614 0.951917 -2.07334 1.55117 0.354415 0 0
0 0 615 2.6225 -3.59102 0.818124 0.252206 0 0
0 0 616 0.289062 1.59818 -1.42982 0.00778478 0 0
0 0 617 -1.27034 -3.2119 -3.13776 0.514402 0 0
0 0 618 2.36499 1.64558 2.507 -1.6076 0 0
0 0 619 1.84874 0.0759807 2.45404 2.91667 0 0
0 0 620 1.06042 -2.37781 1.94441 0.168603 0 0
0 0 621 -0.635893 -4.54875 2.01562 -3.99406 0 0
0 0 622 2.06147 -0.59496 -0.456643 2.03251 0 0
0 0 623 -2.30238 1.34506 0.986578 -0.0248157 0 0
0 0 624 -3.26832 -2.34124 1.46814 -1.46375 0 0
0 0 625 3.26442 -1.68783 -2.72822 1.47417 0 0
0 0 626 0.935885 5.35637 2.57611 -0.0868405 0 0
0 0 627 -0.228155 -3.77284 -1.66091 4.60367 0 0
0 0 628 0.0713159 0.709963 0.954195 -0.0244751 0 0
0 0 629 0.268847 1.36065 2.24724 1.15521 0 0
0 0 630 2.82323 -3.34316 0.982294 0.130129 0 0
0 0 631 1.50498 2.54148 -0.789286 -0.149072 0 0
0 0 632 -0.10135 1.50823 0.361746 0.998437 0 0
0 0 633 2.68064 -1.03361 -0.860917 1.50371 0 0
0 0 634 0.123045 0.177659 0.693055 -0.391811 0 0
0 0 635 0.333617 2.62591 -0.190537 -0.981038 0 0
0 0 636 1.89369 1.84187 -2.42882 -1.35996 0 0
0 0 637 0.497537 1.94049 -1.33854 -1.3719 0 0
0 0 638 -0.818219 -0.762971 2.03959 0.286578 0 0
0 0 639 1.99901 0.979147 -0.809641 0.335554 0 0
0 0 640 -1.23829 -1.82881 -4.13885 -3.89788 0 0
0 0 641 1.40981 -1.9879 0.218128 1.01963 0 0
0 0 642 1.38332 0.434559 1.37087 -2.77601 0 0
0 0 643 4.41607 5.64341 -3.61073 1.81988 0 0
0 0 644 -1.21545 1.42079 3.18057 -0.77749 0 0
0 0 645 3.79591 -3.27675 0.743609 0.076032 0 0
0 0 646 -3.78256 3.66886 -1.60875 1.24101 0 0
0 0 647 0.758929 -1.59363 -1.82905 2.10339 0 0
0 0 648 0.615251 0.357535 0.28094 -2.00722 0 0
0 0 649 -1.58444 2.64477 1.05024 -1.34635 0 0
0 0 650 3.83142 -1.18391 1.55716 0.755192 0 0
0 0 651 0.880285 -1.05859 -6.03057 -0.111582 0 0
0 0 652 -0.177891 0.0110577 1.00443 3.2022 0 0
0 0 653 0.148693 3.1001 0.655981 0.759283 0 0
0 0 654 -0.99605 -2.95522 -2.53883 -0.329053 0 0
0 0 655 0.431295 -4.1396 0.460582 -1.98727 0 0
0 0 656 -0.187767 0.157067 0.924558 -2.6127 0 0
0 0 657 0.826082 -2.78954 0.701072 2.12971 0 0
0 0 658 0.0181786 1.79895 1.755 -0.759868 0 0
0 0 659 -0.634789 1.37259 -0.856469 0.754919 0 0
0 0 660 2.26178 -0.676611 0.409103 -1.67271 0 0
0 0 661 -3.135 1.87599 2.34151 2.26461 0 0
0 0 662 -0.654329 0.840168 -1.1551 -1.749 0 0
0 0 663 2.04937 2.10801 -0.603458 3.31991 0 0
0 0 664 1.37654 -0.0723155 -0.903511 1.20007 0 0
0 0 665 -1.84342 -0.874184 -0.498195 -1.24539 0 0
0 0 666 2.32763 0.817608 3.69455 -2.04995 0 0
0 0 667 0.520124 0.447643 -1.89085 0.513318 0 0
0 0 668 -0.301252 3.58174 -0.48797 -0.989954 0 0
0 0 669 0.769162 2.25516 1.01241 0.431041 0 0
0 0 670 -3.3513 2.30894 -0.201694 -0.679632 0 0
0 0 671 -2.69663 3.07007 -0.441303 0.0223825 0 0
0 0 672 1.61169 0.70371 1.26624 -0.352614 0 0
0 0 673 -0.239119 -1.35493 1.90687 1.1309 0 0
0 0 674 2.52566 -0.775582 4.14462 -3.83543 0 0
0 0 675 -2.35178 -1.82533 -0.582183 0.389066 0 0
0 0 676 -0.0285743 -0.974074 -0.793572 -1.12936 0 0
0 0 677 -1.06203 -0.383277 -4.15983 0.0634041 0 0
0 0 678 0.895117 -1.08606 -1.88302 -0.797734 0 0
0 0 679 -2.95506 0.834759 2.35755 1.18318 0 0
0 0 680 -2.98712 -1.78808 -2.15966 -0.0663665 0 0
0 0 681 -0.216858 1.18578 -0.796351 -0.892642 0 0
0 0 682 1.1401 -4.43204 1.14942 2.01424 0 0
0 0 683 0.168952 -0.579592 -1.38227 0.0879911 0 0
0 0 684 -2.53855 1.15121 -0.256266 -1.6418 0 0
0 0 685 4.30058 1.26505 -3.48632 -2.96776 0 0
0 0 686 3.57366 -1.75835 3.7995 0.749088 0 0
0 0 687 -0.0252455 3.01364 0.952565 0.351687 0 0
0 0 688 1.17961 -1.55594 -0.726222 -1.45039 0 0
0 0 689 0.0616049 2.43997 0.877396 1.68729 0 0
0 0 690 0.013375 -1.55673 1.21308 -0.124674 0 0
0 0 691 -1.98381 -1.33621 1.70163 0.237058 0 0
0 0 692 3.15715 4.8394 0.00579338 -1.65359 0 0
0 0 693 -0.332187 -1.99622 -1.98356 0.309719 0 0
0 0 694 -0.246405 0.766121 1.9598 2.23147 0 0
0 0 695 3.9878 0.47833 2.67669 2.24835 0 0
0 0 696 2.88906 -1.41727 -0.268317 -0.335421 0 0
0 0 697 -0.691859 -2.82415 -0.834412 -0.179935 0 0
0 0 698 0.506577 -1.4161 -0.0617901 0.644257 0 0
0 0 699 1.36435 -0.13047 1.471 2.82481 0 0
0 0 700 -1.70758 2.68746 -0.278853 -0.511398 0 0
0 0 701 2.60986 2.19528 4.18075 -0.432451 0 0
0 0 702 -1.03695 0.849392 0.521245 -2.42389 0 0
0 0 703 -1.45288 -2.01587 0.0268361 -1.03278 0 0
0 0 704 2.07731 -1.39927 1.22805 1.63858 0 0
0 0 705 -2.46798 -0.577929 2.23961 0.19204 0 0
0 0 706 0.472048 -0.552114 3.0749 1.21647 0 0
0 0 707 2.27869 -1.60728 -4.93984 3.43577 0 0
0 0 708 1.25431 3.4126 0.573897 0.592823 0 0
0 0 709 -4.28187 -0.259418 -2.21693 0.195562 0 0
0 0 710 -1.4991 1.18612 0.913655 -0.59722 0 0
0 0 711 -1.90208 0.911931 1.63063 -0.269593 0 0
0 0 712 -0.95144 3.2617 3.19172 1.4468 0 0
0 0 713 0.989705 0.249207 3.46735 -1.96107 0 0
0 0 714 0.901069 2.78723 0.763652 -3.09172 0 0
0 0 715 1.13384 -1.7679 -0.451979 4.73515 0 0
0 0 716 -5.3784 -1.9452 5.37204 -3.68827 0 0
0 0 717 1.4775 -0.359001 -0.68444 -0.678301 0 0
0 0 718 1.5063 -3.23177 1.52946 -3.27534 0 0
0 0 719 1.5431 -1.17158 -2.30291 -0.064201 0 0
0 0 720 -4.47861 0.999072 -2.80684 -0.172661 0 0
0 0 721 4.51642 0.025207 3.07308 2.31473 0 0
0 0 722 2.25177 -2.48135 -1.39192 1.87574 0 0
0 0 723 -0.636144 5.32627 -2.68749 1.5532 0 0
0 0 724 -0.565729 -1.74057 2.3872 0.220419 0 0
0 0 725 -0.122233 2.00926 -0.828398 0.131815 0 0
0 0 726 0.239158 2.15514 -1.04079 -2.18634 0 0
0 0 727 -0.792232 -1.61146 -1.28106 -1.49333 0 0
0 0 728 -0.777695 1.06559 1.06056 -0.215303 0 0
0 0 729 -0.700472 -1.85722 3.27102 0.476038 0 0
0 0 730 2.10824 1.29302 -0.792046 -0.787255 0 0
0 0 731 1.85164 0.909857 2.30257 -3.23725 0 0
0 0 732 0.860658 2.6096 -0.663701 -1.66477 0 0
0 0 733 -0.00991356 -1.70212 2.55833 0.401633 0 0
0 0 734 2.29966 -2.53645 2.63534 0.127529 0 0
0 0 735 -0.759934 2.60798 3.22088 -1.29844 0 0
0 0 736 0.485065 0.258446 -1.48719 -0.357569 0 0
0 0 737 2.15207 -0.960229 -4.16096 4.28131 0 0
0 0 738 -0.780968 -2.76872 -2.54962 0.966241 0 0
0 0 739 -3.63066 -1.85347 -2.7064 1.04666 0 0
0 0 740 0.715425 3.85173 -0.326689 0.563599 0 0
0 0 741 1.68456 -3.29065 1.85244 0.320385 0 0
0 0 742 -1.40889 -0.0635502 -0.731034 1.12515 0 0
0 0 743 -1.68821 -0.132882 1.4291 -1.08307 0 0
0 0 744 -1.68892 2.2784 3.45256 0.0638151 0 0
0 0 745 3.8085 -1.02846 -0.829604 0.635635 0 0
0 0 746 1.4616 -1.19874 2.79187 -1.83882 0 0
0 0 747 -1.20291 -2.781 1.25733 -3.18545 0 0
0 0 748 0.110998 -1.78879 -4.24552 -1.20102 0 0
0 0 749 -2.03314 -1.56383 1.86398 0.800241 0 0
0 0 750 1.92728 -1.35707 -3.05343 -0.128565 0 0
0 0 751 1.66266 2.3288 -1.50183 0.953181 0 0
0 0 752 -1.71017 -3.28255 -0.648987 -1.08993 0 0
0 0 753 -1.60956 -1.10861 -1.07656 2.94345 0 0
0 0 754 2.80423 -1.42455 1.49894 -0.453997 0 0
0 0 755 4.5399 0.734212 -1.93038 1.55185 0 0
0 0 756 2.03839 0.569541 2.87666 -3.22443 0 0
0 0 757 0.305969 -2.12055 -0.937635 2.75136 0 0
0 0 758 -0.566342 3.37648 -2.83688 1.42077 0 0
0 0 759 2.98877 2.60348 4.37007 1.36012 0 0
0 0 760 -1.51217 -0.234103 2.94427 -0.165489 0 0
0 0 761 0.15287 0.230697 -1.25794 -1.88293 0 0
0 0 762 1.58458 1.10979 1.5995 0.375194 0 0
0 0 763 2.73923 -0.833642 -0.40116 2.61438 0 0
0 0 764 0.600196 -0.302979 -1.58991 -3.02811 0 0
0 0 765 3.18406 -1.2778 -1.44155 0.334962 0 0
0 0 766 -0.227298 0.539277 0.861843 1.46005 0 0
0 0 767 3.81657 -0.453968 1.38767 -1.84402 0 0
0 0 768 -1.0014 0.974238 3.65007 -0.184771 0 0
0 0 769 -1.47981 -1.61802 1.78191 0.425688 0 0
0 0 770 -3.46301 -0.959478 0.460968 1.60766 0 0
0 0 771 0.865795 -1.96548 -0.534611 -4.28226 0 0
0 0 772 3.12594 1.08059 -2.02529 1.94586 0 0
0 0 773 2.8113 4.23171 1.13925 0.586658 0 0
0 0 774 -1.73004 0.991968 0.819552 2.49701 0 0
0 0 775 0.731721 2.0777 0.02201 0.269114 0 0
0 0 776 1.48415 1.86792 -0.431937 0.947927 0 0
0 0 777 2.85148 0.192003 0.534673 -0.57551 0 0
0 0 778 1.50665 0.397438 0.46301 0.0856996 0 0
0 0 779 4.78035 1.95081 -1.47544 -1.50324 0 0
0 0 780 -0.110343 -0.931684 -0.894888 -0.120923 0 0
0 0 781 2.27852 -0.577355 1.85157 -3.91139 0 0
0 0 782 0.611513 -0.786527 3.26899 0.158709 0 0
0 0 783 -1.20973 0.200956 -1.51163 2.18447 0 0
0 0 784 3.27738 -0.32415 1.98908 -0.655348 0 0
0 0 785 1.4513 -2.31836 2.24138 -1.93255 0 0
0 0 786 -1.69665 -0.38571 0.735096 0.902735 0 0
0 0 787 1.12714 0.947726 -1.35929 4.0205 0 0
0 0 788 4.06469 -3.43691 -1.56944 -0.145801 0 0
0 0 789 -0.478724 -2.94625 -1.19073 -2.71174 0 0
0 0 790 -2.3344 2.24691 0.370483 0.776724 0 0
0 0 791 1.68087 -0.0930754 0.552164 -1.50721 0 0
0 0 792 2.97658 -5.19504 1.99997 2.62764 0 0
0 0 793 0.318525 -1.8395 1.67757 0.0756063 0 0
0 0 794 2.09141 1.04781 0.852748 0.47583 0 0
0 0 795 3.98345 -3.20316 -1.51632 -1.78616 0 0
0 0 796 2.19415 -2.01284 3.40549 -1.27096 0 0
0 0 797 -2.14696 2.92164 -1.0616 -0.550416 0 0
0 0 798 2.00637 0.955059 -1.96179 -6.08578 0 0
0 0 799 1.73992 -1.03439 0.579033 -0.396681 0 0
0 0 800 -1.25575 -1.82988 -0.466887 2.42841 0 0
0 0 801 0.626501 0.199776 -0.595823 -3.25787 0 0
0 0 802 0.876419 1.27093 -0.272067 0.415309 0 0
0 0 803 -0.69957 0.570824 -2.26977 -0.00951164 0 0
0 0 804 1.87799 0.980411 3.8982 3.44675 0 0
0 0 805 2.59089 -1.07822 -1.17992 2.10261 0 0
0 0 806 0.62104 -3.32037 1.07839 1.64147 0 0
0 0 807 -3.02867 1.05718 -0.757285 1.1297 0 0
0 0 808 3.58305 1.02757 3.03425 0.313758 0 0
0 0 809 2.64047 1.64454 1.14585 2.84691 0 0
0 0 810 2.34386 3.15841 2.23242 -1.14603 0 0
0 0 811 1.09209 -2.97264 1.1973 0.136009 0 0
0 0 812 0.521012 2.94167 -1.88618 -0.898226 0 0
0 0 813 2.563 1.73769 1.84799 -1.13069 0 0
0 0 814 5.33778 -0.143901 -1.58887 1.18654 0 0
0 0 815 0.241437 4.18874 3.41295 -0.191367 0 0
0 0 816 -0.219597 1.58167 3.71389 2.17732 0 0
0 0 817 0.846681 -0.420106 4.47935 -2.46326 0 0
0 0 818 5.29506 1.57228 -1.80622 1.82382 0 0
0 0 819 3.34481 -1.42236 -1.84815 -1.44791 0 0
0 0 820 0.977411 -1.36882 0.758562 -2.44557 0 0
0 0 821 -0.980032 0.632354 -1.79419 -0.239954 0 0
0 0 822 -1.76603 1.77625 -2.4478 -0.441736 0 0
0 0 823 2.22797 2.16161 0.37571 -2.19116 0 0
0 0 824 5.20559 1.73376 0.104105 3.86223 0 0
0 0 825 -2.13108 1.64997 -2.76628 0.360461 0 0
0 0 826 2.19951 -1.2701 -3.00103 0.779157 0 0
0 0 827 2.81262 -3.97768 2.26182 3.41809 0 0
0 0 828 3.06831 -1.21692 1.4855 -0.480716 0 0
0 0 829 1.40505 0.411872 -2.98586 1.7579 0 0
0 0 830 6.43837 0.332289 1.566 -0.528284 0 0
0 0 831 2.35386 -0.720564 -2.92556 -1.45546 0 0
0 0 832 1.11318 0.640995 1.55006 -2.0449 0 0
0 0 833 3.38758 3.82484 2.50786 -0.673529 0 0
0 0 834 0.492583 3.07367 -3.65918 -1.0256 0 0
0 0 835 7.35353 -2.46511 2.88042 -2.638 0 0
0 0 836 4.76502 2.13106 1.03346 -3.28084 0 0
0 0 837 6.63295 1.15142 1.15091 -0.472611 0 0
0 0 838 7.89103 2.48055 -1.72276 -4.3748 0 0
0 0 839 8.85824 -1.1995 -1.56758 -0.431076 0 0
0 0 840 5.47921 -1.90118 -0.772375 -2.11311 0 0
0 0 841 6.24956 -0.0283945 -3.45959 2.54809 0 0
0 0 842 11.8081 3.45155 -3.6196 3.2135 0 0
0 0 843 9.86543 1.55693 0.1612 -0.162204 0 0
0 0 844 9.90328 2.08235 -2.67817 -0.156224 0 0
0 0 845 13.1004 0.290247 -2.63968 0.94538 0 0
0 0 846 14.1215 4.74917 -4.25627 0.485119 0 0
0 0 847 17.6326 3.40437 -0.520412 -2.33998 0 0
0 0 848 20.7311 -2.68611 -2.87267 -2.56114 0 0
0 0 849 17.2057 1.46895 -5.39846 0.394373 0 0
0 0 850 17.4816 -0.783512 -4.74372 -1.21112 0 0
0 0 851 18.065 -0.392542 -2.68194 5.02258 0 0
0 0 852 15.4096 -1.03632 -5.99837 -2.55993 0 0
0 0 853 22.5709 0.701451 -5.4815 -0.416957 0 0
0 0 854 18.4114 -0.866981 -2.09676 1.28096 0 0
0 0 855 21.4733 0.679136 -5.32108 6.08118 0 0
0 0 856 16.708 1.22907 -3.43032 0.155327 0 0
0 0 857 17.3026 0.880344 -6.4092 -1.73552 0 0
0 0 858 17.2815 1.00451 -1.91336 -1.05286 0 0
0 0 859 15.0674 -0.184589 -3.55725 -0.0863014 0 0
0 0 860 16.3366 2.24057 -3.45828 1.34433 0 0
0 0 861 12.1178 2.61133 -5.89671 0.538099 0 0
0 0 862 16.5879 1.76987 2.49755 -2.24392 0 0
0 0 863 15.3102 -1.34809 -1.69273 2.61578 0 0
0 0 864 13.9821 -0.780962 -4.28818 -1.98181 0 0
0 0 865 13.5238 -0.465226 -3.27095 0.67611 0 0
0 0 866 13.663 -2.64845 -4.42516 -1.05431 0 0
0 0 867 17.0305 -1.70079 -4.16147 0.185541 0 0
0 0 868 11.2903 0.0828824 -2.5353 -1.55451 0 0
0 0 869 11.9795 -2.56773 -5.06806 -2.11791 0 0
0 0 870 12.12 -1.42646 0.341718 -1.6824 0 0
0 0 871 15.7616 0.817157 -4.70733 0.1977 0 0
0 0 872 12.0626 2.07739 -11.1578 2.32493 -39.7266 5.34961
0 0 873 11.0194 -1.10534 -10.574 1.09845 -47.9838 5.72358
0 0 874 12.7985 0.895637 -7.83097 -3.52826 -41.7377 7.71866
0 0 875 8.95655 2.75093 -7.96161 4.61772 -35.4694 7.15582
0 0 876 12.1515 -1.84317 -6.99475 3.42444 -52.3811 8.36765
0 0 877 12.733 3.21446 -7.99757 1.08356 -34.0517 6.97048
0 0 878 14.3197 -0.754239 -9.93612 3.16329 -47.1705 6.10971
0 0 879 10.9125 2.02615 -9.17932 2.26517 -38.7763 6.45068
0 0 880 10.2726 -2.5905 -6.54248 -1.15022 -55.8006 8.54136
0 0 881 6.98647 -1.73429 -7.36241 0.492912 -51.6275 8.01193
0 0 882 13.7596 -0.24465 -6.89977 1.07605 -46.0154 8.82201
0 0 883 10.3722 0.26748 -5.01042 1.87668 0 0
0 0 884 11.2554 0.146077 -9.6511 3.80806 -44.5664 6.31092
0 0 885 9.85586 4.35396 -9.82423 1.41972 -33.0489 5.57702
0 0 886 13.7657 3.27564 -10.0927 3.47144 -36.0094 5.68706
0 0 887 12.0162 2.86528 -7.79108 2.44042 -34.9042 7.25211
0 0 888 13.7557 4.48317 -10.4092 4.86444 -33.3494 5.29188
0 0 889 18.5872 0.792701 -9.6069 3.24273 -42.6415 6.31516
0 0 890 18.9947 -0.868045 -10.443 -0.224192 -47.3758 5.80922
0 0 891 19.5243 1.02825 -14.4636 2.46829 -42.9668 4.19899
0 0 892 20.7762 2.57928 -15.4839 2.5443 -40.2713 3.8704
0 0 893 21.9823 1.89071 -17.4071 3.3647 -41.9005 3.47503
0 0 894 21.0207 -0.663039 -15.9824 1.87235 -46.1878 3.80751
0 0 895 26.6872 -0.930822 -14.3852 1.31322 -46.8511 4.22404
0 0 896 25.599 -0.445064 -20.7907 1.53944 -45.6132 2.92914
0 0 897 26.0782 0.803342 -19.8092 3.00527 -43.8389 3.0721
0 0 898 26.5849 0.664164 -18.2131 3.45676 -43.9558 3.34195
0 0 899 23.7149 1.02616 -22.0579 1.46784 -43.6682 2.75806
0 0 900 26.19 -3.2361 -18.464 4.28799 -49.9705 3.24013
0 0 901 27.2559 -0.474611 -22.9887 0.862814 -45.5914 2.64913
0 0 902 25.6112 -1.41764 -15.4234 2.30767 -47.6258 3.92974
0 0 903 24.2162 1.16791 -16.4852 1.59111 -42.9738 3.68412
0 0 904 22.6611 -0.796227 -18.2797 0.14821 -46.2471 3.32864
0 0 905 24.9526 -2.56712 -20.1194 1.76386 -48.6357 2.99865
0 0 906 22.0834 -2.53204 -16.6591 0.151379 -49.3212 3.60709
0 0 907 27.2 -0.325858 -14.9248 0.494295 -45.6254 4.08033
0 0 908 21.6251 -1.98664 -9.62483 2.24441 -50.8312 6.17352
0 0 909 24.2916 -4.09798 -9.57274 2.20234 -56.5876 5.76065
0 0 910 20.448 0.201655 -11.8535 -1.77727 -44.5127 5.13813
0 0 911 24.9747 -0.753877 -7.0726 -1.17396 -48.0421 8.55496
0 0 912 21.164 -2.84697 -9.79897 -0.0344411 -53.1003 5.92405
0 0 913 25.9044 -0.227105 -5.14288 -2.40162 0 0
0 0 914 28.097 -0.908852 -8.46319 -1.48648 -48.0647 7.14858
0 0 915 32.0533 1.25699 -4.86898 -0.317854 0 0
0 0 916 31.5731 0.501135 -7.92665 -2.2305 -43.1912 7.66661
0 0 917 36.8762 -1.96485 -1.92153 -2.79211 0 0
0 0 918 44.8161 0.109381 -2.01793 -0.522255 0 0
0 0 919 47.4088 0.0891361 1.79586 -3.18352 0 0
0 0 920 55.9914 -4.96149 3.40407 -2.341 0 0
0 0 921 66.1222 -0.187572 8.08095 -3.12008 45.6648 7.53575
0 0 922 77.2064 1.07116 6.27108 -1.64899 0 0
0 0 923 89.1545 1.13362 11.317 -5.3988 42.1399 5.35067
0 0 924 100.236 3.60343 17.7262 -7.00497 39.2547 3.3545
0 0 925 114.291 -1.79026 20.8689 -8.25816 47.4516 2.9062
0 0 926 131.506 -0.393921 27.2334 -8.96235 45.4144 2.23652
0 0 927 145.01 -0.34301 34.3741 -8.17955 45.2859 1.77203
0 0 928 157.758 -1.51856 37.884 -8.87498 46.1477 1.60641
0 0 929 163.074 0.104027 47.3034 -9.91955 44.937 1.28776
0 0 930 172.532 -2.7468 49.3346 -9.97142 46.5934 1.23246
0 0 931 176.371 -2.30702 51.5289 -6.26346 46.2817 1.18075
0 0 932 173.134 -4.60025 50.8918 -6.17652 47.5825 1.19116
0 0 933 171.001 -5.11433 49.8958 -6.05126 47.9262 1.21326
0 0 934 163.337 -1.05461 48.2339 -3.09034 45.6263 1.26256
0 0 935 157.231 1.76418 44.8581 -1.1672 43.8739 1.35671
0 0 936 149.392 1.29249 39.5889 2.95048 44.065 1.53772
0 0 937 142.386 1.17165 35.5595 1.5861 44.0564 1.71195
0 0 938 137.062 4.57924 31.3331 4.48772 40.8426 1.91975
0 0 939 124.884 1.40847 28.6296 2.56518 43.5918 2.12464
0 0 940 116.868 5.8042 28.3988 2.31903 39.2244 2.0933
0 0 941 113.867 5.32925 20.8724 4.88442 37.8385 2.81078
0 0 942 110.007 3.28301 21.2139 5.51308 40.6014 2.83121
0 0 943 102.786 5.56237 17.2779 -0.56512 36.0774 3.32504
0 0 944 96.7728 1.50497 16.2106 2.13977 42.348 3.73854
0 0 945 94.9428 3.59961 10.5136 2.95761 35.55 5.42507
0 0 946 88.6997 -1.11644 11.5043 5.03423 47.7714 5.26544
0 0 947 86.2933 2.46297 13.506 -2.61515 39.8325 4.42311
0 0 948 80.8809 5.13029 10.2114 1.74921 31.6623 5.2244
0 0 949 76.4529 -4.03523 4.6067 -0.962804 0 0
0 0 950 76.011 1.9588 8.28676 3.41778 38.3504 7.11669
0 0 951 71.9167 3.34291 4.16313 1.12943 0 0
0 0 952 70.4324 1.11493 3.73886 0.590748 0 0
0 0 953 67.5968 1.72231 4.19303 2.3214 0 0
0 0 954 61.2506 2.69135 1.89082 -3.66322 0 0
0 0 955 62.3208 0.757895 1.008 -5.86902 0 0
0 0 956 58.1752 4.45341 3.7444 -1.33816 0 0
0 0 957 56.2129 -1.71279 4.59496 -1.83943 0 0
0 0 958 51.7164 -0.31407 2.71415 -1.60398 0 0
0 0 959 47.9759 1.79168 0.845653 -3.06347 0 0
0 0 960 51.5331 1.12686 1.72012 -1.01911 0 0
0 0 961 46.1597 -0.329517 -1.27874 -5.33434 0 0
0 0 962 44.827 -2.42617 1.06916 -6.06398 0 0
0 0 963 39.3856 1.59163 2.14042 0.0642069 0 0
0 0 964 35.3286 -2.44077 -1.59387 -2.47259 0 0
0 0 965 34.6251 -0.636917 -3.67772 -0.440235 0 0
0 0 966 34.8496 2.85582 1.58331 -5.86559 0 0
0 0 967 31.2257 -3.62798 2.23391 -2.75785 0 0
0 0 968 29.4966 -1.22808 1.60967 -3.11374 0 0
0 0 969 28.2082 -3.12754 1.58473 -6.28609 0 0
0 0 970 25.9548 -0.927256 -1.05842 -6.71042 0 0
0 0 971 23.0399 0.558497 1.03975 -2.23455 0 0
0 0 972 18.9402 -0.871531 1.88232 -0.00308904 0 0
0 0 973 22.8666 -3.84438 -1.5915 -2.60512 0 0
0 0 974 20.8189 -3.11901 0.151155 -0.148521 0 0
0 0 975 18.5965 -1.43248 3.68448 -5.84079 0 0
0 0 976 16.2677 -2.33307 -2.09398 -0.380317 0 0
0 0 977 16.724 -7.3583 -0.223715 -3.69111 -89.1293 7.42221
0 0 978 14.2737 -2.58804 -3.11144 -1.33935 0 0
0 0 979 14.2688 -2.74725 -0.316795 1.32878 0 0
0 0 980 12.7861 -4.60265 -0.429321 -1.48432 0 0
0 0 981 12.1938 -0.901818 -3.71032 -2.56164 0 0
0 0 982 10.4635 -2.05879 1.16015 -1.14841 0 0
0 0 983 13.4536 -0.96697 -3.19939 -2.61494 0 0
0 0 984 11.2265 -1.15258 -4.11121 -0.619686 0 0
0 0 985 6.7849 -5.39184 -0.443047 -3.36192 0 0
0 0 986 9.03257 -3.65665 1.93977 0.600212 0 0
0 0 987 5.5567 -6.55037 0.796422 -2.46229 0 0
0 0 988 4.62619 -1.04277 -0.33361 -0.0622935 0 0
0 0 989 8.13869 -0.921004 -2.33682 -0.435287 0 0
0 0 990 5.15065 1.21738 -0.20494 -0.127384 0 0
0 0 991 8.1164 -4.66736 2.11425 1.35591 0 0
0 0 992 8.0796 -5.0007 0.873178 -1.61639 0 0
0 0 993 4.51882 -0.172823 -1.47378 -5.13739 0 0
0 0 994 8.85176 -1.4966 -1.00853 0.640033 0 0
0 0 995 5.70932 3.09892 -2.51505 -0.352973 0 0
0 0 996 5.63773 -2.79655 -1.25945 3.14295 0 0
0 0 997 4.69981 -1.71783 -4.64216 2.43293 0 0
0 0 998 6.97114 -1.9519 0.320632 1.53359 0 0
0 0 999 2.48085 -5.8982 -1.2937 -3.47846 0 0
0 0 1000 3.76032 -0.241436 -1.16069 1.00309 0 0
0 0 1001 8.13079 -2.74698 1.16619 -0.752947 0 0
0 0 1002 2.17195 2.46542 -4.33321 -0.205139 0 0
0 0 1003 0.917584 -0.656253 -1.29506 0.349015 0 0
0 0 1004 2.87599 -2.21524 -2.36383 0.169777 0 0
0 0 1005 4.70479 -0.691344 1.51565 1.51528 0 0
0 0 1006 3.64883 -3.92778 -2.92935 -0.748784 0 0
0 0 1007 4.02344 -0.429086 -1.24321 -0.126063 0 0
0 0 1008 4.89546 -0.555387 -1.71893 -0.685065 0 0
0 0 1009 4.22545 0.705437 0.550092 -0.927726 0 0
0 0 1010 1.95411 -2.3974 -0.433964 0.280901 0 0
0 0 1011 4.7907 -1.08465 0.783933 0.110721 0 0
0 0 1012 3.51481 -1.13901 -1.95336 2.90299 0 0
0 0 1013 3.01077 -0.503149 -1.34238 0.307807 0 0
0 0 1014 3.04758 2.14405 2.13663 0.424574 0 0
0 0 1015 2.60683 0.122473 -1.90742 -0.737403 0 0
0 0 1016 2.75443 1.84561 0.484422 -0.933417 0 0
0 0 1017 -0.294297 0.393572 3.45201 1.25691 0 0
0 0 1018 3.63126 4.25143 0.0407259 1.68284 0 0
0 0 1019 3.18604 0.134241 -2.53425 2.06714 0 0
0 0 1020 1.19574 -4.09318 -0.765155 2.86426 0 0
0 0 1021 3.08075 2.51745 -0.207562 0.924025 0 0
0 0 1022 2.27622 0.510085 2.8108 0.271929 0 0
0 0 1023 4.59346 -0.995465 -2.05013 3.16134 0 0
