# File: uwl_221120_030903_Combined.rf.sbH2.RMC_aux Src: J1713+0747 Nsub: 1 Nch: 1 Npol: 4 Nbin: 1024 RMS: 0.322109
0 0 0 0.243918 -0.274777 -0.0976646 0.30394 0 0
0 0 1 0.294684 -0.351058 0.17405 0.382949 0 0
0 0 2 0.787199 -0.311693 0.0982414 -0.00188863 0 0
0 0 3 0.57832 0.379894 0.464106 0.220128 0 0
0 0 4 0.686594 0.074202 -0.210285 0.341347 0 0
0 0 5 0.951407 -0.179423 0.492778 0.349335 0 0
0 0 6 1.23327 0.043529 -0.00984664 -0.494875 0 0
0 0 7 0.901684 0.19775 -0.0125803 -0.424262 0 0
0 0 8 0.616852 0.383025 0.542381 -0.036597 0 0
0 0 9 0.350295 -0.421626 -0.432713 -0.52893 0 0
0 0 10 0.289525 0.0938904 0.447192 0.396051 0 0
0 0 11 0.552171 0.229829 0.458659 0.0231922 0 0
0 0 12 0.835777 -0.215901 0.528811 -0.364568 0 0
0 0 13 0.376823 0.37611 0.055735 -0.0534855 0 0
0 0 14 1.07336 0.0650898 0.547389 -0.551702 0 0
0 0 15 1.16953 -0.0165339 0.809012 -0.603713 0 0
0 0 16 1.16554 -0.321249 0.225385 -0.0198969 0 0
0 0 17 0.629858 -0.0261628 0.0752449 -0.0905604 0 0
0 0 18 1.19902 0.35047 0.673756 -0.612876 0 0
0 0 19 1.0655 -0.555837 0.900936 0.0085171 60.8364 8.07018
0 0 20 0.466926 0.251468 0.563111 0.140365 0 0
0 0 21 1.43847 0.105048 1.03158 0.34448 42.0928 8.2631
0 0 22 1.29128 0.0757839 0.510268 0.302086 0 0
0 0 23 1.06724 -0.418986 1.01189 -0.328232 56.2464 7.81166
0 0 24 1.49709 0.617639 0.411912 -0.526205 0 0
0 0 25 1.75366 -0.374818 0.990144 0.0320572 55.3671 8.08274
0 0 26 1.59927 -0.344805 0.619999 -0.0612391 0 0
0 0 27 1.42135 0.696875 0.369504 -0.116271 0 0
0 0 28 1.73275 0.0846898 0.924665 0.469723 0 0
0 0 29 1.26683 -0.651551 1.11724 0.214056 60.1249 6.60703
0 0 30 1.55585 0.204809 0.973953 -0.412737 39.0623 8.60597
0 0 31 1.3171 0.308077 0.301712 -0.435093 0 0
0 0 32 1.2087 0.215448 0.923748 0.117672 0 0
0 0 33 1.05392 -0.32965 1.07201 -0.0848539 53.5465 7.63314
0 0 34 2.7049 -0.449031 1.23928 -0.196616 54.9586 6.49272
0 0 35 2.00078 0.236916 0.881232 -0.270574 0 0
0 0 36 1.78803 -0.367513 0.556081 -0.178916 0 0
0 0 37 1.71552 -0.0103121 1.10994 -0.0364049 45.2662 7.72001
0 0 38 2.07272 -0.520799 1.07538 -0.902646 57.9203 7.15671
0 0 39 2.06933 0.121137 1.07782 -0.159541 41.7937 7.89959
0 0 40 2.24808 -0.0955504 1.34281 -0.127504 47.0351 6.36506
0 0 41 1.9061 -0.547465 0.933921 -0.562799 60.1894 7.89337
0 0 42 1.58605 -0.557088 0.756069 0.0939997 0 0
0 0 43 2.2312 0.287333 1.17595 -0.660356 38.1346 7.07436
0 0 44 1.55465 -0.426346 1.10221 -0.432687 55.5735 7.24058
0 0 45 1.64035 -0.214691 1.58747 -0.280227 48.851 5.34823
0 0 46 1.64825 -0.502421 0.756134 -0.442081 0 0
0 0 47 1.87895 -0.408882 1.46922 -0.344179 52.7759 5.61446
0 0 48 1.9865 -0.0944703 1.16758 -0.789729 47.3129 7.31481
0 0 49 1.77222 -0.0250918 0.666072 -0.220936 0 0
0 0 50 1.05419 -0.729339 0.714813 -0.11961 67.7882 8.34389
0 0 51 1.22344 -0.000301838 0.875263 -0.475096 0 0
0 0 52 1.28103 -0.513166 0.794907 -0.276879 0 0
0 0 53 1.47831 -0.240946 0.704014 -0.565927 0 0
0 0 54 0.940627 -0.00149825 0.684121 -0.0996906 0 0
0 0 55 1.11653 -0.246423 0.0241026 -0.0870878 0 0
0 0 56 1.89901 -0.192536 0.32509 0.395075 0 0
0 0 57 1.47772 0.274083 0.797639 -0.30214 0 0
0 0 58 0.867669 -0.534416 0.890232 -0.372205 60.4884 8.22879
0 0 59 1.18716 -0.293894 1.2643 -0.0812919 51.5432 6.59802
0 0 60 0.724549 -0.0160433 0.0438594 -0.275054 0 0
0 0 61 0.601775 -0.631313 0.168535 -0.236094 0 0
0 0 62 0.438235 -0.639704 0.0397231 -0.0699144 0 0
0 0 63 0.521163 0.11696 0.33624 -0.0589301 0 0
0 0 64 0.527469 -0.0456316 0.0290774 0.0127886 0 0
0 0 65 0.82456 -0.259969 0.193812 0.0656206 0 0
0 0 66 0.354756 -0.202297 -0.00631741 -0.214613 0 0
0 0 67 0.207906 0.160921 0.0814104 0.038983 0 0
0 0 68 0.306066 -0.385134 0.257684 -0.0177845 0 0
0 0 69 0.371682 -0.607311 -0.0236978 -0.458683 0 0
0 0 70 0.36367 -0.165306 -0.441429 -0.442519 0 0
0 0 71 -0.174558 -0.119147 -0.370922 0.073299 0 0
0 0 72 0.32298 -0.00557344 -0.172435 0.0443703 0 0
0 0 73 -0.279457 -0.116752 -0.364286 0.0473221 0 0
0 0 74 0.382092 -0.478063 0.0840358 0.0244725 0 0
0 0 75 0.0110419 -0.153851 0.593801 -0.114706 0 0
0 0 76 0.487742 -0.131885 0.322435 -0.241757 0 0
0 0 77 0.180389 0.388418 -0.272002 -0.0320017 0 0
0 0 78 0.580405 0.218652 -0.149562 0.137119 0 0
0 0 79 0.207738 -0.386452 0.277136 -0.31933 0 0
0 0 80 0.149533 -0.315571 0.25171 -0.441009 0 0
0 0 81 -0.161944 -0.432142 0.379019 -0.134929 0 0
0 0 82 0.127413 0.519455 0.977204 -0.201024 31.003 7.72426
0 0 83 0.25511 0.110961 -0.0177319 0.092171 0 0
0 0 84 0.0886927 0.067407 0.254884 0.247526 0 0
0 0 85 0.6474 -0.1081 0.316484 0.287632 0 0
0 0 86 0.396928 0.197957 0.0577561 0.157516 0 0
0 0 87 0.0572304 0.276073 -0.182581 -0.207662 0 0
0 0 88 0.0832914 -0.131218 0.0473467 0.0925229 0 0
0 0 89 -0.0339159 0.00493684 0.606703 0.139919 0 0
0 0 90 -0.0522368 -0.246318 -0.0463857 -0.291864 0 0
0 0 91 0.131146 0.234873 -0.0133005 0.177956 0 0
0 0 92 -0.417419 -0.368487 0.00877473 0.13572 0 0
0 0 93 -0.104347 0.0427173 0.0721385 0.277904 0 0
0 0 94 -0.359774 0.0682195 -0.260268 0.390697 0 0
0 0 95 -0.715153 -0.288781 -0.457685 0.307992 0 0
0 0 96 -0.00254638 -0.213479 -0.216002 0.169891 0 0
0 0 97 -0.0093894 -0.170067 0.0336652 0.100798 0 0
0 0 98 0.0278136 -0.169861 -0.0717823 -0.328347 0 0
0 0 99 0.0597405 -0.235408 -0.127316 -0.0454722 0 0
0 0 100 0.255383 -0.441903 -0.471386 0.399884 0 0
0 0 101 -0.424174 -0.268824 -0.229669 -0.185831 0 0
0 0 102 0.107364 0.106676 0.208145 -0.206683 0 0
0 0 103 -0.169109 -0.198883 0.149908 -0.297798 0 0
0 0 104 -0.536274 -0.181334 0.291337 -0.0426044 0 0
0 0 105 -0.175992 -0.134589 -0.131397 -0.0505298 0 0
0 0 106 -0.0987283 0.290157 -0.0653816 -0.150323 0 0
0 0 107 -0.216426 -0.335796 0.272913 -0.24801 0 0
0 0 108 -0.222736 0.509294 0.219732 -0.0963895 0 0
0 0 109 0.225812 -0.0855365 0.321653 0.536854 0 0
0 0 110 0.164785 -0.123877 0.235863 0.0729857 0 0
0 0 111 -0.0422804 0.505024 -0.0437847 0.353392 0 0
0 0 112 0.176184 -0.140215 -0.241349 -0.0351604 0 0
0 0 113 -0.0838577 0.0893598 -0.043158 -0.489857 0 0
0 0 114 -0.52873 0.767428 -0.260327 0.21285 0 0
0 0 115 0.308802 0.132773 -0.717614 0.117222 0 0
0 0 116 -0.226802 -0.185351 0.50098 0.0486485 0 0
0 0 117 -0.0374239 -0.278031 -0.197675 0.156503 0 0
0 0 118 -0.142858 -0.30356 -0.1854 0.0234411 0 0
0 0 119 0.292823 0.0518924 -0.399486 0.0159344 0 0
0 0 120 0.147825 -0.0487368 -0.140962 0.180077 0 0
0 0 121 -0.215082 -0.402779 -0.0233149 0.539451 0 0
0 0 122 -0.0787064 -0.114595 0.130419 -0.3617 0 0
0 0 123 0.280974 0.28677 0.214052 -0.571632 0 0
0 0 124 0.275881 0.348531 0.408178 0.534226 0 0
0 0 125 -0.120977 -0.0914599 0.438261 0.0412002 0 0
0 0 126 0.214128 0.451298 0.115343 -0.110352 0 0
0 0 127 0.090902 -0.405243 0.0587408 -0.0834034 0 0
0 0 128 -0.376345 0.716235 0.141929 -0.265465 0 0
0 0 129 0.518997 0.290044 -0.232785 -0.0365546 0 0
0 0 130 5.1111e-06 0.188394 -0.211155 0.275513 0 0
0 0 131 -0.177172 -0.151077 0.25952 0.603275 0 0
0 0 132 -0.278047 0.331503 0.23516 0.197729 0 0
0 0 133 0.5503 -0.138865 0.270945 0.322898 0 0
0 0 134 0.153974 0.100312 -0.0691505 0.25075 0 0
0 0 135 0.432782 0.0268693 0.207804 -0.0884329 0 0
0 0 136 -0.340608 0.335783 0.325108 0.57347 0 0
0 0 137 -0.410228 -0.0216125 0.247547 -0.0232693 0 0
0 0 138 0.0210327 -0.0560935 0.240146 -0.401131 0 0
0 0 139 -0.488146 -0.568566 -0.151616 0.427465 0 0
0 0 140 0.501433 0.222058 0.553154 -0.0259033 0 0
0 0 141 -0.38505 1.00974 -0.211854 -0.145144 -5.92467 8.21774
0 0 142 -0.330647 0.686066 0.0359462 -0.06648 0 0
0 0 143 -0.00372188 0.401116 -0.857409 -0.0772342 0 0
0 0 144 0.0901124 -0.286445 -0.672257 -0.0994762 0 0
0 0 145 0.585595 -0.0556124 0.189248 0.122974 0 0
0 0 146 0.464702 0.0665475 0.143795 0.288682 0 0
0 0 147 -0.165822 0.21749 0.169548 -0.383902 0 0
0 0 148 -0.12016 0.369466 0.615472 0.486868 0 0
0 0 149 0.275837 0.0424739 0.456708 0.168041 0 0
0 0 150 0.386961 0.463987 0.265791 -0.0671427 0 0
0 0 151 0.0128536 -0.266384 0.118119 -0.139845 0 0
0 0 152 -0.00556818 0.551608 0.385304 0.412982 0 0
0 0 153 -0.156937 -0.688392 -0.577633 0.0976863 0 0
0 0 154 -0.366738 0.242516 -0.141532 -0.374344 0 0
0 0 155 0.532717 0.331646 -0.331248 0.425174 0 0
0 0 156 0.221903 -0.325978 0.185404 0.681306 0 0
0 0 157 -0.0626554 -0.0312106 0.195437 -0.0170956 0 0
0 0 158 -0.147375 0.537275 -0.318801 0.129994 0 0
0 0 159 0.570959 -0.382232 0.327023 -0.316363 0 0
0 0 160 -0.154999 -0.0994797 -0.284828 -0.255002 0 0
0 0 161 0.265264 -0.537582 -0.594939 0.422012 0 0
0 0 162 -0.0298838 -0.0717202 -0.379119 -0.0861114 0 0
0 0 163 -0.359527 -0.356219 0.439845 0.201822 0 0
0 0 164 0.273903 -0.0227212 0.0252958 -0.420303 0 0
0 0 165 -0.369815 0.509933 0.291055 0.291939 0 0
0 0 166 -0.270098 -0.224333 -0.114853 0.674777 0 0
0 0 167 -0.351187 0.32518 -0.100697 -0.442114 0 0
0 0 168 0.168212 0.298278 -0.0972623 0.438996 0 0
0 0 169 0.680938 -0.0303088 0.0179715 -0.1365 0 0
0 0 170 0.659936 0.0734943 0.180658 -0.167215 0 0
0 0 171 -0.30628 0.185451 -0.187386 0.088185 0 0
0 0 172 0.334296 0.0350222 -0.648043 0.503441 0 0
0 0 173 -0.0655621 -0.0541485 0.217878 0.567725 0 0
0 0 174 -0.0284297 0.410601 -0.280455 -0.610539 0 0
0 0 175 -0.0255106 0.418604 0.0440681 -0.135611 0 0
0 0 176 0.33071 0.473887 -0.281292 -0.163899 0 0
0 0 177 -0.132713 0.146315 0.121256 0.487247 0 0
0 0 178 -0.259179 -0.0241863 -0.067527 0.174843 0 0
0 0 179 0.368214 0.128543 0.336374 -0.465733 0 0
0 0 180 0.274537 -0.258601 0.593477 0.106082 0 0
0 0 181 -0.156676 0.322365 -0.0966378 0.196134 0 0
0 0 182 0.286336 0.314864 -0.514953 -0.255506 0 0
0 0 183 -0.132195 0.123658 -0.0152095 0.0452038 0 0
0 0 184 0.421044 -0.0639975 0.172432 -0.166649 0 0
0 0 185 -0.0524334 0.409822 -0.391428 0.286952 0 0
0 0 186 -0.343807 -0.260076 0.011361 -0.278416 0 0
0 0 187 -0.00189239 0.284854 0.200929 0.357408 0 0
0 0 188 -0.425458 -0.220274 0.139179 -0.108261 0 0
0 0 189 0.440491 -0.201299 -0.228848 -0.0651861 0 0
0 0 190 0.0849245 -0.0206175 0.687463 0.261275 0 0
0 0 191 -0.286927 -0.329577 -0.0409402 0.527065 0 0
0 0 192 0.207349 -0.00265718 0.406533 0.00222162 0 0
0 0 193 0.0186277 -0.307102 -0.0587213 0.0962276 0 0
0 0 194 0.101066 -0.66132 -0.109536 0.49478 0 0
0 0 195 -0.377642 0.279516 0.0657163 -0.0837189 0 0
0 0 196 0.450282 -0.124337 -0.127169 0.282888 0 0
0 0 197 0.0543469 -0.171776 0.00276585 0.19181 0 0
0 0 198 0.0784052 -0.408778 -0.194217 -0.190281 0 0
0 0 199 0.28275 0.122855 0.201387 -0.0880295 0 0
0 0 200 0.0327164 0.117835 -0.0508271 -0.268417 0 0
0 0 201 -0.186676 -0.0604696 0.265046 0.0226441 0 0
0 0 202 0.200376 -0.602405 0.0327387 0.261342 0 0
0 0 203 -0.601489 -0.20301 -0.0180335 -0.251932 0 0
0 0 204 0.334733 0.176625 -0.18366 -0.243007 0 0
0 0 205 -0.280402 0.241113 -0.262074 0.136925 0 0
0 0 206 -0.0218339 -0.205537 0.107594 -0.027215 0 0
0 0 207 0.162358 0.032274 -0.264657 0.0957585 0 0
0 0 208 0.111076 0.0655849 -0.34084 0.321343 0 0
0 0 209 -0.624962 -0.0973063 0.105599 -0.479376 0 0
0 0 210 0.165328 0.123873 0.06307 -0.0109433 0 0
0 0 211 0.0643557 0.190218 -0.199344 0.0443064 0 0
0 0 212 0.262972 0.24323 -0.32911 0.0374081 0 0
0 0 213 0.434354 -0.042322 0.0808965 -0.264684 0 0
0 0 214 0.176887 -0.0446132 -0.196745 0.50789 0 0
0 0 215 -0.0789518 -0.423817 -0.243288 0.424857 0 0
0 0 216 0.391409 0.585579 -0.218736 -0.0824659 0 0
0 0 217 -0.128587 -0.1407 0.0161053 -0.553253 0 0
0 0 218 0.0229629 -0.114172 0.311852 0.313276 0 0
0 0 219 0.0503628 0.303314 -0.551849 -0.519983 0 0
0 0 220 0.278829 -0.100383 0.148995 -0.008728 0 0
0 0 221 -0.440782 -0.689972 0.247217 0.239128 0 0
0 0 222 0.295803 0.188508 0.21198 0.686331 0 0
0 0 223 0.182881 -0.242568 0.691649 -0.411039 0 0
0 0 224 -0.137728 -0.7035 -0.401663 0.0544106 0 0
0 0 225 -0.1206 -0.527564 0.646329 0.0799819 0 0
0 0 226 0.188676 0.214674 -0.232879 -0.142095 0 0
0 0 227 0.450849 -0.0048188 0.0694991 0.334694 0 0
0 0 228 -0.077766 -0.469571 0.0413836 -0.21223 0 0
0 0 229 -0.0496818 0.0781553 -0.231803 0.426175 0 0
0 0 230 0.0811841 -0.0511787 0.212136 -0.200861 0 0
0 0 231 -0.0274537 0.769152 -0.182655 0.180344 0 0
0 0 232 -0.276571 0.535225 -0.00120712 -0.396741 0 0
0 0 233 -0.184258 -0.209513 0.184195 0.111398 0 0
0 0 234 -0.198186 -0.287765 0.0175374 0.234036 0 0
0 0 235 0.151616 0.11079 -0.0390992 -0.421595 0 0
0 0 236 0.558346 -0.0371167 -0.408797 -0.684943 0 0
0 0 237 -0.207175 0.514347 0.437276 0.232401 0 0
0 0 238 0.347144 -0.239163 0.609282 0.258968 0 0
0 0 239 0.482294 -0.349135 -0.184914 0.0997425 0 0
0 0 240 -0.342119 -0.0185185 0.300195 -0.0365699 0 0
0 0 241 0.393694 -0.0574916 -0.181917 0.201515 0 0
0 0 242 -0.0556313 0.305604 -0.292049 0.196037 0 0
0 0 243 0.0166437 -0.157454 -0.0240796 0.516154 0 0
0 0 244 -0.0727649 -0.015973 -0.610887 0.256444 0 0
0 0 245 0.638493 -0.190871 0.221458 -0.169031 0 0
0 0 246 -0.155562 0.78703 -0.106224 0.638107 0 0
0 0 247 0.226676 0.0990462 0.131989 0.136918 0 0
0 0 248 0.656835 -0.229013 0.110746 -0.681356 0 0
0 0 249 -0.27964 0.0938778 0.191287 -0.0342653 0 0
0 0 250 -0.35838 -0.751986 0.155135 0.0416968 0 0
0 0 251 0.430925 -0.00272898 -0.0444948 0.354256 0 0
0 0 252 0.0996819 0.42715 -0.616237 0.189199 0 0
0 0 253 0.349691 -0.0774262 0.448096 -0.195282 0 0
0 0 254 -0.139002 0.256615 0.195412 0.118449 0 0
0 0 255 -0.0446655 -0.194837 -0.11315 0.0588208 0 0
0 0 256 0.0795656 0.205261 -0.473362 0.0909039 0 0
0 0 257 0.195073 0.319372 0.280541 -0.206075 0 0
0 0 258 0.354489 -0.419173 -0.334276 -0.149073 0 0
0 0 259 -0.0443143 -0.435288 -0.11105 -0.0681089 0 0
0 0 260 0.611151 -0.0380434 -0.121888 -0.161463 0 0
0 0 261 -0.0665967 0.407526 -0.203812 -0.495428 0 0
0 0 262 0.00816128 0.022125 -0.1016 -0.246108 0 0
0 0 263 0.577882 0.222788 0.1597 0.00186436 0 0
0 0 264 0.386818 0.139559 -0.19064 0.17499 0 0
0 0 265 0.00640678 -0.188289 0.245337 -0.139421 0 0
0 0 266 -0.0803568 -0.150218 -0.203439 -0.132221 0 0
0 0 267 0.0240702 0.189193 -0.223529 -0.0816225 0 0
0 0 268 -0.233553 0.412589 -0.336647 -0.235005 0 0
0 0 269 0.166523 -0.377761 0.0400324 0.00219878 0 0
0 0 270 0.248842 0.148934 -0.0870672 -0.182189 0 0
0 0 271 0.177068 -0.321931 0.0171434 -0.143808 0 0
0 0 272 0.506364 0.538402 0.683333 -0.023165 0 0
0 0 273 0.249682 -0.271989 -0.0430092 -0.639617 0 0
0 0 274 0.969711 -0.357893 0.403695 -0.130771 0 0
0 0 275 0.902577 -0.174064 0.184751 -0.00906515 0 0
0 0 276 -0.0465506 -0.244744 0.0822936 -0.199411 0 0
0 0 277 0.597592 0.199701 0.0350322 0.171094 0 0
0 0 278 0.410769 0.239534 -0.342821 0.0508693 0 0
0 0 279 -0.108745 -0.50852 0.0367197 -0.150954 0 0
0 0 280 0.135673 0.0574735 -0.0969735 -0.0715326 0 0
0 0 281 -0.019807 -0.176899 0.0306546 -0.519233 0 0
0 0 282 -0.213759 0.142247 -0.230503 -0.132107 0 0
0 0 283 0.0216855 -0.699831 -0.205391 0.678403 0 0
0 0 284 0.288599 -0.0589492 0.10826 0.077414 0 0
0 0 285 0.0937176 -0.286216 0.524791 -0.514591 0 0
0 0 286 -0.327843 0.185727 -0.268775 0.0810165 0 0
0 0 287 0.383484 -0.209455 -0.0833975 0.611553 0 0
0 0 288 0.375318 -0.186063 -0.400567 -0.113715 0 0
0 0 289 -0.149132 0.0283671 -0.561233 0.189119 0 0
0 0 290 0.476542 -0.0320386 0.0186241 -0.202085 0 0
0 0 291 -0.302067 -0.47509 -0.0420027 -0.74783 0 0
0 0 292 0.489411 0.0040978 0.531423 0.213965 0 0
0 0 293 0.276901 -0.387847 -0.278888 0.0509757 0 0
0 0 294 0.0817181 -0.135338 -0.316375 -0.140108 0 0
0 0 295 -0.591901 -0.19446 -0.259595 0.374868 0 0
0 0 296 -0.160545 0.0648266 -0.0130034 -0.22172 0 0
0 0 297 -0.25987 -0.165604 -0.487341 0.0346178 0 0
0 0 298 0.160975 -0.15644 -0.206918 0.285929 0 0
0 0 299 -0.426998 -0.46317 -0.277499 -0.304618 0 0
0 0 300 0.551189 -0.122194 0.209131 0.0361779 0 0
0 0 301 0.0441011 0.086767 -0.416413 -0.158047 0 0
0 0 302 0.728116 -0.0199274 0.0953579 0.286264 0 0
0 0 303 0.0466658 -0.976206 0.330029 -0.044701 80.6605 8.23322
0 0 304 0.57179 0.230595 0.41625 0.244668 0 0
0 0 305 -0.0268567 -0.195819 -0.0102969 0.0380737 0 0
0 0 306 0.19749 0.100808 -0.421722 0.260654 0 0
0 0 307 0.129231 -0.267185 0.125227 0.168452 0 0
0 0 308 -0.223589 -0.347055 -0.00852309 -0.313883 0 0
0 0 309 0.220819 -0.0697203 0.299628 0.133263 0 0
0 0 310 -0.739809 0.326834 -0.17187 0.124554 0 0
0 0 311 -0.655721 -0.566065 -0.127708 0.269383 0 0
0 0 312 0.35542 -0.34107 -0.806034 -0.305772 0 0
0 0 313 0.25565 0.138127 0.145645 -0.216111 0 0
0 0 314 0.703007 -0.0371959 0.0752433 -0.901647 0 0
0 0 315 0.60637 0.158649 0.427523 -0.502802 0 0
0 0 316 0.309494 -0.00556366 0.550885 0.0782442 0 0
0 0 317 0.025399 0.313228 0.0800146 -0.55675 0 0
0 0 318 -0.129547 -0.1249 -0.187905 -0.222974 0 0
0 0 319 -0.138205 0.10581 -0.18007 -0.23025 0 0
0 0 320 0.272219 0.022289 0.0887284 -0.304877 0 0
0 0 321 0.304435 0.207604 0.120217 -0.210383 0 0
0 0 322 0.112998 0.226654 -0.0633825 -0.632929 0 0
0 0 323 0.0608105 0.251381 -0.414506 0.031836 0 0
0 0 324 -0.0234503 -0.169619 -0.38898 -0.22959 0 0
0 0 325 -0.452181 0.50163 -0.224136 -0.225603 0 0
0 0 326 -0.017902 0.507242 -0.255266 0.0793372 0 0
0 0 327 -0.0336916 -0.024887 0.311311 0.30347 0 0
0 0 328 -0.374446 0.26849 0.167722 -0.364075 0 0
0 0 329 -0.155979 0.109512 0.145898 0.266984 0 0
0 0 330 -0.580135 -0.306755 -0.113134 -0.0316436 0 0
0 0 331 -0.141984 -0.297295 0.169957 -0.0385815 0 0
0 0 332 -0.258346 -0.0373392 -0.364767 0.0341351 0 0
0 0 333 -0.230437 0.162415 -0.0613095 -0.272244 0 0
0 0 334 -0.0503973 0.49267 -0.218658 0.362219 0 0
0 0 335 -0.155157 0.0945093 -0.0511652 -0.666534 0 0
0 0 336 0.255821 -0.457517 0.0703033 -0.505229 0 0
0 0 337 0.113902 -0.100347 0.499795 -0.391228 0 0
0 0 338 0.06529 0.452176 -0.30684 0.222938 0 0
0 0 339 -0.0567771 -0.26098 -0.147953 -0.291284 0 0
0 0 340 -0.565019 -0.147698 -0.114419 0.0471388 0 0
0 0 341 -0.154556 -0.0656169 0.229163 -0.364511 0 0
0 0 342 0.471261 0.643497 -0.00806234 0.446745 0 0
0 0 343 -0.494246 -0.160728 0.214966 -0.0265562 0 0
0 0 344 0.0161965 -0.138577 0.143263 0.0647634 0 0
0 0 345 0.242506 0.371715 0.671872 0.316005 0 0
0 0 346 0.313893 -0.583904 0.430482 0.0173002 0 0
0 0 347 -0.146238 0.678054 -0.235036 0.378821 0 0
0 0 348 -0.347883 0.201139 0.294482 -0.0798633 0 0
0 0 349 -0.328482 0.192222 0.113608 0.177035 0 0
0 0 350 0.405649 0.0533235 -0.238974 0.317999 0 0
0 0 351 -0.0345349 -0.0538065 0.156149 0.250548 0 0
0 0 352 0.616067 -0.322011 0.225813 -0.163676 0 0
0 0 353 0.298342 -0.0714831 0.0832012 -0.13325 0 0
0 0 354 -0.159684 -0.0884315 -0.489299 -0.0288851 0 0
0 0 355 0.194843 0.220903 -0.276216 0.582354 0 0
0 0 356 -0.163358 -0.0939217 0.238313 -0.38456 0 0
0 0 357 0.112255 0.587881 0.0390027 0.299632 0 0
0 0 358 0.281209 -0.120388 -0.0843567 0.360226 0 0
0 0 359 -0.790443 0.141024 -0.220757 -0.0848223 0 0
0 0 360 0.109898 -0.349938 0.104774 -0.124146 0 0
0 0 361 0.426999 0.153195 0.462288 0.125048 0 0
0 0 362 0.41713 0.443595 0.0710409 -0.314414 0 0
0 0 363 0.123044 -0.444032 0.122515 -0.248461 0 0
0 0 364 -0.634164 0.0994995 -0.258051 -0.104167 0 0
0 0 365 -0.00736266 0.0659766 -0.260296 -0.314383 0 0
0 0 366 -0.180053 -0.0493539 -0.301218 0.28548 0 0
0 0 367 -0.425543 0.174612 -0.305603 -0.445119 0 0
0 0 368 0.445789 -0.544882 0.285816 0.0305535 0 0
0 0 369 -0.39458 -0.332016 -0.398275 0.32722 0 0
0 0 370 0.320882 0.365186 0.399406 -0.0260469 0 0
0 0 371 0.242788 0.433994 0.0422498 -0.433319 0 0
0 0 372 -0.175967 0.0296768 -0.188269 -0.077369 0 0
0 0 373 -0.0947025 0.0881154 -0.456228 0.0543649 0 0
0 0 374 0.240783 -0.703048 -0.363566 -0.153567 0 0
0 0 375 -0.128613 -0.309938 0.171238 -0.442047 0 0
0 0 376 -0.224085 0.111785 0.0394503 0.345536 0 0
0 0 377 -0.119788 -0.102266 -0.126512 0.572758 0 0
0 0 378 0.200574 0.0260007 0.252844 -0.0457775 0 0
0 0 379 -0.231052 -0.347369 -0.193646 -0.161426 0 0
0 0 380 -0.300586 0.290933 -0.731519 -0.00591914 0 0
0 0 381 0.0256337 0.187661 0.0878019 -0.234405 0 0
0 0 382 -0.611924 0.404627 0.115868 -0.164961 0 0
0 0 383 -0.359525 -0.191262 -0.00681061 -0.562641 0 0
0 0 384 -0.088384 0.0712634 -0.18998 0.41996 0 0
0 0 385 -0.554348 0.45412 0.0513108 0.391706 0 0
0 0 386 0.0365808 -0.323821 -0.424452 -0.258923 0 0
0 0 387 -0.26432 0.00982887 -0.297073 0.297198 0 0
0 0 388 -0.261175 -0.0838554 0.0445634 0.304162 0 0
0 0 389 -0.0749652 -0.587745 -0.222128 -0.22243 0 0
0 0 390 -0.00432944 0.486738 0.0783402 0.502907 0 0
0 0 391 0.511558 -0.161068 0.190706 -0.0542865 0 0
0 0 392 0.0420256 0.651058 -0.373448 0.294396 0 0
0 0 393 -0.181058 -0.112686 -0.51668 0.189356 0 0
0 0 394 0.0757186 0.346341 0.244464 -0.177767 0 0
0 0 395 0.138127 -0.183396 -0.0880034 0.407497 0 0
0 0 396 -0.0531839 0.368899 0.321865 0.0361706 0 0
0 0 397 0.392869 -0.0343276 0.178494 0.121362 0 0
0 0 398 -0.105128 0.0390123 -0.135859 -0.521355 0 0
0 0 399 0.505685 0.589982 -0.123277 -0.0877051 0 0
0 0 400 -0.662644 -0.0134729 -0.309397 -0.187107 0 0
0 0 401 0.043544 0.0980572 -0.512057 0.123961 0 0
0 0 402 0.376354 -0.189558 -0.133149 -0.403434 0 0
0 0 403 0.612457 -0.290404 -0.174511 -0.431227 0 0
0 0 404 0.0863594 -0.407741 0.493268 0.0203399 0 0
0 0 405 -0.424072 -0.448087 0.102461 0.169051 0 0
0 0 406 0.509029 -0.173776 0.639703 -0.239903 0 0
0 0 407 0.14261 -0.413742 -0.211516 -0.0949514 0 0
0 0 408 -0.188934 0.39593 -0.0842971 0.58386 0 0
0 0 409 0.214138 0.0567773 -0.6588 0.32932 0 0
0 0 410 0.224888 0.00512028 0.204808 -0.350582 0 0
0 0 411 0.26715 -0.185071 -0.0799801 0.355923 0 0
0 0 412 0.163037 -0.254381 -0.242849 -0.223638 0 0
0 0 413 -0.244035 0.0621181 -0.124428 0.124586 0 0
0 0 414 -0.338146 0.530227 0.342191 -0.593365 0 0
0 0 415 0.0553391 -0.0101182 0.0800816 0.18308 0 0
0 0 416 -0.0499522 -0.00278169 0.0178333 0.223956 0 0
0 0 417 -0.140725 0.573215 0.251844 0.0268796 0 0
0 0 418 -0.0998685 0.270967 -0.211664 -0.0338879 0 0
0 0 419 0.386329 -0.343822 -0.288855 -0.28742 0 0
0 0 420 -0.231699 0.200376 0.0755778 0.239029 0 0
0 0 421 0.3402 0.207612 -0.0150949 0.0403393 0 0
0 0 422 -0.313094 0.124457 0.0992334 0.355984 0 0
0 0 423 0.582608 0.130712 -0.306634 -0.587017 0 0
0 0 424 0.278883 0.282588 -0.251999 -0.127945 0 0
0 0 425 0.362304 0.405412 -0.441509 0.0900415 0 0
0 0 426 0.147654 -0.073192 0.121225 -0.50983 0 0
0 0 427 0.0063593 -0.0472271 -0.435049 0.55241 0 0
0 0 428 0.305037 -0.60313 0.438252 -0.0410215 0 0
0 0 429 0.524811 0.268238 0.0371784 -0.311482 0 0
0 0 430 0.283231 0.0167147 0.162808 0.325367 0 0
0 0 431 0.235891 -0.141748 -0.132436 -0.468027 0 0
0 0 432 -0.372736 -0.112052 -0.00844677 -0.67029 0 0
0 0 433 0.185835 -0.312675 0.210821 0.28595 0 0
0 0 434 0.0824067 0.00740907 0.0236459 0.435222 0 0
0 0 435 -0.279164 0.200369 -0.121766 -0.392862 0 0
0 0 436 -0.0212165 0.364747 0.153181 0.201475 0 0
0 0 437 -0.132887 -0.248664 -0.0713425 -0.071689 0 0
0 0 438 -0.359936 0.014885 -0.396935 0.124837 0 0
0 0 439 -0.19239 -0.0174061 -0.582901 -0.0626584 0 0
0 0 440 0.139718 0.144672 -0.0725008 -0.2136 0 0
0 0 441 -0.0698083 0.410026 0.00656098 0.0924582 0 0
0 0 442 -0.132079 -0.3061 -0.255159 0.483221 0 0
0 0 443 0.0281396 0.133055 0.359333 0.0497657 0 0
0 0 444 0.291056 0.0728506 0.258846 -0.259581 0 0
0 0 445 0.0557456 -0.401387 -0.0289757 0.720017 0 0
0 0 446 -0.0947645 -0.259718 0.355994 0.0262207 0 0
0 0 447 0.0310436 0.209291 0.17866 0.169042 0 0
0 0 448 0.295965 -0.0843345 0.0824772 -0.155145 0 0
0 0 449 -0.182027 0.0982173 -0.0585783 -0.14893 0 0
0 0 450 0.0751874 0.172019 0.104417 -0.620917 0 0
0 0 451 -0.286593 -0.46925 0.0073084 -0.395551 0 0
0 0 452 0.304058 0.383791 0.490431 -0.0506158 0 0
0 0 453 0.36728 0.374495 0.137243 0.260856 0 0
0 0 454 0.5366 0.123409 0.00173757 -0.0566449 0 0
0 0 455 0.10241 -0.0645596 0.45645 0.124651 0 0
0 0 456 -0.135482 0.0629046 0.0312691 -0.443575 0 0
0 0 457 0.442684 -0.386812 0.266092 0.0819382 0 0
0 0 458 -0.117551 -0.012526 -0.0711481 -0.506621 0 0
0 0 459 0.275019 0.670975 -0.00610579 0.55735 0 0
0 0 460 0.153965 0.270564 0.00336978 -0.374658 0 0
0 0 461 0.0503583 -0.332472 0.251707 0.25819 0 0
0 0 462 -0.293814 0.222444 -0.529193 -0.0718275 0 0
0 0 463 -0.627473 0.320991 -0.227402 0.0119651 0 0
0 0 464 -0.0897179 -0.0985086 -0.112978 -0.0133277 0 0
0 0 465 0.331362 -0.00393905 -0.270776 -0.396788 0 0
0 0 466 0.122762 -0.529118 -0.276739 0.433073 0 0
0 0 467 0.545067 -0.158892 -0.0886454 -0.0560298 0 0
0 0 468 0.220587 -0.713454 -0.0724326 -0.209608 0 0
0 0 469 -0.0669145 0.290907 -0.111289 0.282278 0 0
0 0 470 0.708531 -0.128514 0.508632 -0.00821323 0 0
0 0 471 0.43034 0.0755251 -0.0118735 -1.0198 0 0
0 0 472 0.228228 0.171665 -0.255589 0.100577 0 0
0 0 473 -0.101546 -0.0273375 0.0483241 0.204839 0 0
0 0 474 -0.0755615 -0.218315 -0.140811 0.516727 0 0
0 0 475 -0.0699875 -0.326363 0.313882 -0.269801 0 0
0 0 476 -0.306144 -0.119471 0.553232 0.195447 0 0
0 0 477 -0.0274518 -0.106015 -0.380191 -0.34337 0 0
0 0 478 -0.15225 0.313622 -0.523588 -0.192345 0 0
0 0 479 -0.117555 -0.0108921 -0.268915 -0.22349 0 0
0 0 480 0.532171 0.22533 0.170412 0.233228 0 0
0 0 481 0.435413 -0.0751656 0.350803 -0.070575 0 0
0 0 482 0.668531 0.00812328 0.150337 0.196752 0 0
0 0 483 -0.313062 -0.250494 -0.181585 -0.739703 0 0
0 0 484 0.159657 -0.0024069 0.120588 -0.137412 0 0
0 0 485 0.614075 -0.370772 0.357988 0.286177 0 0
0 0 486 0.00448798 0.0965055 0.270539 -0.303222 0 0
0 0 487 -0.303242 -0.0912252 0.556533 -0.250783 0 0
0 0 488 0.125886 -0.159702 -0.359574 -0.0660118 0 0
0 0 489 -0.033617 -0.0978307 -0.237765 -0.218312 0 0
0 0 490 -0.168798 -0.469203 0.0320305 -0.40055 0 0
0 0 491 -0.0036505 -0.264448 -0.0227569 -0.136695 0 0
0 0 492 -0.297339 -0.126606 -0.14458 -0.032929 0 0
0 0 493 0.0923016 -0.353979 0.0288824 0.28536 0 0
0 0 494 0.877277 0.0911692 0.66903 0.59657 0 0
0 0 495 -0.250841 0.0539649 -0.593727 0.340215 0 0
0 0 496 -0.458828 -0.10551 0.0595228 -0.494405 0 0
0 0 497 0.110427 0.715693 0.544387 0.0503989 0 0
0 0 498 -0.0810205 -0.256338 -0.149267 -0.387737 0 0
0 0 499 -0.364841 -0.0267829 0.0127953 -0.0616918 0 0
0 0 500 -0.245868 -0.11561 0.541213 -0.338598 0 0
0 0 501 -0.0897766 0.185092 0.352427 0.274151 0 0
0 0 502 -0.114718 -0.276982 -0.121709 -0.352996 0 0
0 0 503 -0.586031 0.0018954 -0.335607 -0.25593 0 0
0 0 504 0.243268 0.34692 -0.242693 -0.0203916 0 0
0 0 505 0.314244 0.218833 -0.3457 -0.274437 0 0
0 0 506 0.141114 0.500063 -0.182635 0.228744 0 0
0 0 507 -0.816822 -0.198619 -0.255771 0.16634 0 0
0 0 508 -0.477356 0.0556021 -0.135285 -0.114807 0 0
0 0 509 -0.503842 0.138499 -0.055117 -0.0109184 0 0
0 0 510 -0.207178 -0.266848 0.573256 -0.0581546 0 0
0 0 511 -0.0216054 0.171149 0.0909966 0.148985 0 0
0 0 512 -0.058571 0.363493 -0.208413 0.654021 0 0
0 0 513 0.34907 0.0575353 0.04652 0.0505455 0 0
0 0 514 0.0804886 -0.19901 -0.069485 -0.494866 0 0
0 0 515 -0.415021 -0.0689734 -0.243435 0.0748339 0 0
0 0 516 0.323364 0.165272 -0.0514111 0.000471192 0 0
0 0 517 -0.40134 -0.409143 0.167728 0.475163 0 0
0 0 518 -0.329171 0.369763 -0.261067 0.553822 0 0
0 0 519 0.228628 -0.555489 -0.0880464 -0.101485 0 0
0 0 520 0.0447256 0.180877 -0.269129 0.345046 0 0
0 0 521 0.343277 0.40161 -0.301926 -0.285671 0 0
0 0 522 0.00128069 -0.0873182 0.119598 -0.639903 0 0
0 0 523 -0.028967 -0.20429 -0.295671 0.422614 0 0
0 0 524 0.3128 0.280862 0.217874 0.0738229 0 0
0 0 525 -0.120211 -0.148761 -0.2108 -0.503844 0 0
0 0 526 0.0537374 0.426663 0.795934 0.0891848 0 0
0 0 527 0.0812327 0.20591 -0.491881 -0.459128 0 0
0 0 528 0.474101 -0.243457 0.346993 0.468618 0 0
0 0 529 -0.0549372 0.420345 0.136124 0.207015 0 0
0 0 530 0.343907 -0.471445 0.0575271 0.370945 0 0
0 0 531 -0.379062 0.6136 0.29853 -0.207494 0 0
0 0 532 0.147362 0.343584 -0.373304 -0.136226 0 0
0 0 533 -0.239326 -0.133173 -0.105955 0.185734 0 0
0 0 534 0.17823 0.622434 0.0463225 -0.176589 0 0
0 0 535 -0.163478 0.207199 -0.384387 -0.185675 0 0
0 0 536 -0.13012 0.224188 -0.148639 -0.16451 0 0
0 0 537 0.336937 0.088641 0.422229 -0.131941 0 0
0 0 538 -0.00443709 -0.614819 0.0828705 0.00228836 0 0
0 0 539 -0.0197196 0.380243 -0.0149386 -0.225303 0 0
0 0 540 -0.402331 -0.435329 -0.158354 -0.0173903 0 0
0 0 541 -0.169073 0.126981 0.20264 0.0309888 0 0
0 0 542 -0.183234 -0.334211 0.241041 -0.278795 0 0
0 0 543 0.0290702 0.437125 0.120718 0.250619 0 0
0 0 544 -0.264541 0.285275 -0.305059 0.106792 0 0
0 0 545 0.0934602 -0.585998 0.343874 -0.126684 0 0
0 0 546 -0.0408519 -0.0830034 -0.663992 0.0646743 0 0
0 0 547 -0.0186829 -0.0715816 0.138636 -0.104339 0 0
0 0 548 -0.254176 -0.0930349 -0.153677 0.137761 0 0
0 0 549 0.0880265 0.0328892 0.104789 0.0222499 0 0
0 0 550 0.814019 0.364858 0.0738476 0.0353875 0 0
0 0 551 0.210185 -0.0330419 0.113241 -0.437446 0 0
0 0 552 0.143283 0.204578 -0.000780822 0.136515 0 0
0 0 553 -0.486831 0.141203 -0.242799 0.0574867 0 0
0 0 554 0.303159 0.24048 -0.080399 0.0239173 0 0
0 0 555 0.158351 0.132949 -0.455734 -0.401501 0 0
0 0 556 -0.4984 0.666009 0.332895 -0.217287 0 0
0 0 557 -0.302044 -0.12855 0.00434754 -0.337051 0 0
0 0 558 0.639935 -0.275622 0.00158595 0.359167 0 0
0 0 559 0.30861 0.151883 0.149618 0.17543 0 0
0 0 560 -0.0940684 0.277925 0.250701 -0.187608 0 0
0 0 561 -0.290809 0.431851 -0.426764 0.019163 0 0
0 0 562 0.281712 -0.46527 -0.454587 0.535038 0 0
0 0 563 0.43363 0.0240044 0.414459 0.272917 0 0
0 0 564 0.346999 -0.419293 0.173064 0.183131 0 0
0 0 565 0.133459 0.0339151 -0.404944 0.124463 0 0
0 0 566 -0.273889 -0.0729004 -0.00401128 0.219653 0 0
0 0 567 -0.394719 0.284513 -0.433884 0.214803 0 0
0 0 568 0.24472 -0.46746 -0.187923 -0.0719008 0 0
0 0 569 -0.359067 -0.0793519 -0.456311 -0.0456506 0 0
0 0 570 -0.113053 0.00654361 0.0176696 -0.193774 0 0
0 0 571 0.222776 -0.029274 -0.0674049 -0.347674 0 0
0 0 572 0.288051 0.324867 0.0506864 0.114649 0 0
0 0 573 -0.0507631 -0.0404315 0.552821 0.36085 0 0
0 0 574 0.00958701 0.116067 0.0841507 0.164872 0 0
0 0 575 -0.179995 -0.282115 0.0181919 0.226384 0 0
0 0 576 -0.410457 -0.311212 0.174625 0.149646 0 0
0 0 577 0.243453 -0.0930568 0.406769 0.205387 0 0
0 0 578 0.105603 -0.208561 -0.0305631 0.416999 0 0
0 0 579 0.335971 0.443132 0.446203 0.636781 0 0
0 0 580 -0.240578 -0.336545 -0.0766282 -0.17427 0 0
0 0 581 -0.836496 -0.0501077 -0.0706186 -0.0669448 0 0
0 0 582 0.319415 0.169589 0.499881 -0.0925745 0 0
0 0 583 -0.326672 -0.369537 -0.259436 -0.10287 0 0
0 0 584 0.0016906 -0.675571 -0.411081 0.182365 0 0
0 0 585 0.360046 0.0798077 -0.0472095 -0.297744 0 0
0 0 586 -0.10367 0.00727559 0.0925163 -0.151728 0 0
0 0 587 0.273425 -0.237056 -0.137491 0.44517 0 0
0 0 588 -0.470299 -0.319948 0.0115714 0.199399 0 0
0 0 589 0.364092 0.069554 0.365613 0.0346335 0 0
0 0 590 -0.61989 0.168268 0.14 -0.389147 0 0
0 0 591 -0.454949 0.234902 -0.0609075 0.291525 0 0
0 0 592 -0.158714 -0.0505338 0.294094 0.20209 0 0
0 0 593 -0.113022 -0.114437 -0.217672 0.0352215 0 0
0 0 594 -0.0489739 -0.00311183 -0.0110311 -0.0830749 0 0
0 0 595 -0.107003 -0.0822655 0.336841 -0.0226403 0 0
0 0 596 0.292574 0.261676 0.548387 -0.0381544 0 0
0 0 597 -0.0945261 0.39228 -0.324076 0.332677 0 0
0 0 598 -0.547341 0.135904 0.269561 0.214975 0 0
0 0 599 0.274828 -0.585722 0.425657 -0.213375 0 0
0 0 600 -0.262613 -0.252881 -0.37584 0.136791 0 0
0 0 601 0.345578 0.887041 -0.397961 -0.112805 0 0
0 0 602 -0.045667 0.0482054 -0.320002 -0.148645 0 0
0 0 603 -0.517451 -0.386735 0.277196 -0.0139845 0 0
0 0 604 0.199696 -0.17328 -0.571794 0.0159101 0 0
0 0 605 0.0562957 -0.0599576 0.351397 -0.0196746 0 0
0 0 606 -0.088514 0.222969 -0.0450984 0.435154 0 0
0 0 607 -0.00296648 0.202795 0.333237 0.291301 0 0
0 0 608 0.143072 0.296553 -0.117019 0.14266 0 0
0 0 609 0.366451 0.543561 0.118584 0.372786 0 0
0 0 610 0.0765857 -0.00782137 -0.175565 -0.170248 0 0
0 0 611 0.0140153 0.120959 0.0511403 -0.0619999 0 0
0 0 612 0.208554 -0.113836 -0.472802 -0.399418 0 0
0 0 613 0.315499 -0.400838 0.143006 0.0799851 0 0
0 0 614 0.096995 0.0345274 -0.278233 0.182549 0 0
0 0 615 0.710224 0.196518 0.349159 0.572717 0 0
0 0 616 -0.00405386 0.378572 0.0804361 -0.210831 0 0
0 0 617 0.257629 -0.457932 -0.168558 -0.255431 0 0
0 0 618 -0.204892 0.130343 -0.039747 0.0495245 0 0
0 0 619 -0.101451 -0.204185 -0.614982 0.516191 0 0
0 0 620 0.0491765 0.10856 -0.117613 -0.347262 0 0
0 0 621 0.0505178 -0.397618 0.278147 -0.0155923 0 0
0 0 622 0.40233 -0.728166 0.447778 0.145711 0 0
0 0 623 0.304859 -0.0223188 -0.547219 -0.0391287 0 0
0 0 624 0.0909728 0.0293886 0.503391 -0.229488 0 0
0 0 625 0.0994862 0.595498 0.172904 -0.287459 0 0
0 0 626 0.225697 0.107058 -0.111219 -0.428016 0 0
0 0 627 -0.150552 0.648678 0.190955 -0.197771 0 0
0 0 628 -0.224123 -0.116957 0.0322307 0.113588 0 0
0 0 629 0.458454 0.291139 0.0536806 0.201425 0 0
0 0 630 0.16229 0.261799 0.414945 -0.385825 0 0
0 0 631 0.511568 0.162865 0.0937911 0.551013 0 0
0 0 632 0.167546 -0.268654 0.0277988 0.137753 0 0
0 0 633 0.42455 -0.191482 -0.389077 -0.0182502 0 0
0 0 634 0.422153 0.265393 0.497427 -0.294077 0 0
0 0 635 -0.201712 0.26101 -0.338893 -0.374893 0 0
0 0 636 0.309413 -0.354365 -0.183458 0.530791 0 0
0 0 637 -0.037114 -0.636512 -0.146486 -0.103293 0 0
0 0 638 -0.484225 0.45294 0.0291072 -0.269065 0 0
0 0 639 -0.0341798 -0.409659 -0.0771544 0.625475 0 0
0 0 640 -0.310269 -0.0393254 -0.350355 0.130488 0 0
0 0 641 0.162666 -0.00164815 0.13076 -0.0531456 0 0
0 0 642 0.054989 -0.35197 -0.276982 -0.482106 0 0
0 0 643 0.549694 0.211984 0.388986 0.0517007 0 0
0 0 644 -0.254821 -0.0712745 0.0430305 0.0652917 0 0
0 0 645 0.111836 -0.30464 -0.181628 0.458388 0 0
0 0 646 -0.0210191 -0.20288 0.107081 -0.277045 0 0
0 0 647 0.655431 0.306329 0.009009 0.216546 0 0
0 0 648 0.252909 -0.0831514 0.159048 0.107173 0 0
0 0 649 -0.301371 0.382364 -0.24002 0.20948 0 0
0 0 650 -0.465091 0.0250386 -0.132927 0.542378 0 0
0 0 651 -0.225118 -0.298629 0.0952057 0.421538 0 0
0 0 652 0.0428479 -0.066391 0.0813707 0.0455705 0 0
0 0 653 0.251144 0.378606 0.24166 0.537013 0 0
0 0 654 -0.0906358 -0.403038 0.330041 0.431582 0 0
0 0 655 0.0112636 -0.285718 -0.479335 -0.402732 0 0
0 0 656 0.156201 -0.026734 0.107307 0.227978 0 0
0 0 657 0.632114 -0.183937 0.217404 -0.0243581 0 0
0 0 658 -0.0528755 -0.26055 -0.255825 0.389381 0 0
0 0 659 0.323759 0.371374 -0.225974 -0.112903 0 0
0 0 660 -0.0719747 -0.495025 -0.168032 -0.039715 0 0
0 0 661 -0.479534 -0.158665 -0.0893241 0.195086 0 0
0 0 662 -0.921611 -0.249703 -0.211001 0.177889 0 0
0 0 663 -0.196572 -0.0197226 0.130519 -0.0144637 0 0
0 0 664 0.474738 0.251109 0.0882543 -0.0347496 0 0
0 0 665 0.55769 0.422492 0.344038 -0.128059 0 0
0 0 666 -0.047279 0.26001 0.244043 0.299561 0 0
0 0 667 0.294463 -0.220963 -0.0283287 0.0694814 0 0
0 0 668 -0.0239455 0.284574 -0.227555 0.433988 0 0
0 0 669 0.320015 -0.21428 0.0276808 -0.434871 0 0
0 0 670 -0.231065 0.25936 0.070199 -0.512771 0 0
0 0 671 -0.0649144 -0.154783 0.103909 -0.209618 0 0
0 0 672 -0.0427897 -0.301166 0.0679865 -0.368179 0 0
0 0 673 0.104307 0.204206 -0.178089 -0.0824873 0 0
0 0 674 -0.161212 -0.496287 -0.0439368 -0.577106 0 0
0 0 675 0.0599581 -0.276369 0.00464955 -0.112043 0 0
0 0 676 -0.0101244 0.195552 -0.00924058 0.425324 0 0
0 0 677 -0.247145 0.343065 -0.298222 0.694012 0 0
0 0 678 -0.253231 0.106227 0.113894 0.138709 0 0
0 0 679 -0.0783804 0.147347 0.12765 0.269333 0 0
0 0 680 0.15982 0.108406 0.368001 -0.0809319 0 0
0 0 681 -0.0704869 0.0264708 -0.190335 0.415775 0 0
0 0 682 0.34622 -0.223841 0.0981125 0.176786 0 0
0 0 683 0.0117907 0.368125 -0.000987059 0.25402 0 0
0 0 684 -0.126313 0.0175122 0.259672 0.258799 0 0
0 0 685 -0.0402823 0.259561 -0.253947 0.115253 0 0
0 0 686 0.22055 0.463181 0.0256658 0.0394768 0 0
0 0 687 -0.230519 -0.273297 -0.308228 0.34997 0 0
0 0 688 -0.23197 0.0453992 0.642241 0.0782854 0 0
0 0 689 -0.625498 -0.218896 -0.352284 0.633954 0 0
0 0 690 -0.0871679 1.10793 0.617616 -0.170017 14.5687 6.69871
0 0 691 -0.200197 0.178764 0.162151 0.0695154 0 0
0 0 692 -0.168913 0.138325 0.577499 -0.256514 0 0
0 0 693 0.639246 0.317263 0.402601 -0.112936 0 0
0 0 694 -0.197804 -0.0649906 0.222052 -0.258166 0 0
0 0 695 0.0281174 0.178949 0.512641 -0.169081 0 0
0 0 696 -0.14661 0.00382107 0.221819 0.0192187 0 0
0 0 697 -0.399234 0.536457 -0.30061 -0.160592 0 0
0 0 698 0.328788 0.210578 0.11761 -0.563135 0 0
0 0 699 0.100851 0.589029 0.273725 0.166717 0 0
0 0 700 -0.248619 -0.214956 0.119579 0.257718 0 0
0 0 701 0.212291 0.206354 -0.0601863 -0.0374715 0 0
0 0 702 0.152626 -0.245141 -0.165547 0.0864353 0 0
0 0 703 -0.367148 -0.326485 -0.175568 0.157693 0 0
0 0 704 -0.245763 0.0291877 0.133318 0.182984 0 0
0 0 705 0.203581 -0.117373 -0.246138 0.003503 0 0
0 0 706 0.287393 0.210258 0.161039 -0.202236 0 0
0 0 707 0.325309 -0.318325 0.368606 0.399976 0 0
0 0 708 0.190416 0.58152 0.389135 -0.0948189 0 0
0 0 709 0.528622 0.216795 -0.0376816 -0.0485324 0 0
0 0 710 0.00902127 0.0294126 0.21776 0.145346 0 0
0 0 711 -0.357707 -0.0838906 -0.389125 0.319422 0 0
0 0 712 0.375436 0.249362 0.390141 0.543536 0 0
0 0 713 0.60709 -0.0430981 0.456774 0.182153 0 0
0 0 714 0.107422 0.161688 -0.707207 -0.467411 0 0
0 0 715 -0.236823 -0.175223 -0.370609 0.673668 0 0
0 0 716 0.0213864 -0.0365227 0.230242 0.236046 0 0
0 0 717 0.670741 0.225849 -0.0162534 -0.546872 0 0
0 0 718 0.197392 -0.0855783 0.707782 0.0606511 0 0
0 0 719 -0.00806627 0.202917 -0.0214966 0.0935452 0 0
0 0 720 -0.283698 -0.253245 -0.871635 0.164641 0 0
0 0 721 0.482927 -0.229294 -0.175675 0.529753 0 0
0 0 722 0.138876 0.114831 0.142369 0.268567 0 0
0 0 723 -0.631707 0.0956704 0.20313 0.399546 0 0
0 0 724 0.102818 -0.0812205 0.14996 0.0172011 0 0
0 0 725 0.860516 0.269496 0.524905 0.198292 0 0
0 0 726 0.235794 -0.143137 0.56423 -0.0954332 0 0
0 0 727 -0.395224 -0.120848 -0.2151 0.152092 0 0
0 0 728 -0.190832 -0.262107 -0.226185 -0.377541 0 0
0 0 729 0.14171 -0.216188 -0.0971556 -0.349677 0 0
0 0 730 0.261445 -0.158453 -0.263303 -0.039261 0 0
0 0 731 0.346353 0.197457 0.0426436 0.296499 0 0
0 0 732 -0.440422 0.306678 0.0635379 -0.16827 0 0
0 0 733 0.104565 -0.0259625 0.254364 0.240399 0 0
0 0 734 -0.23193 0.510179 -0.000197852 -0.151825 0 0
0 0 735 -0.353741 0.0715744 0.0398875 0.178523 0 0
0 0 736 -0.077363 -0.202494 -0.0346525 -0.0307315 0 0
0 0 737 -0.233779 -0.953814 0.0528382 0.47319 0 0
0 0 738 -0.00716536 -0.244697 -0.473674 0.346968 0 0
0 0 739 0.041289 0.0589523 -0.208766 0.303233 0 0
0 0 740 -0.0490047 0.445216 0.0789495 0.054185 0 0
0 0 741 0.212891 -0.190863 0.272586 -0.622104 0 0
0 0 742 -0.821812 -0.326036 -0.28316 0.249428 0 0
0 0 743 0.196433 0.12713 -0.667893 0.328901 0 0
0 0 744 0.791365 -0.336165 -0.411187 -0.375021 0 0
0 0 745 -0.262651 -0.177501 0.470882 -0.134851 0 0
0 0 746 0.294446 0.0607135 0.53009 0.14683 0 0
0 0 747 0.155014 0.00825831 0.158384 -0.232802 0 0
0 0 748 0.163174 0.0761192 0.192621 0.297798 0 0
0 0 749 -0.0540296 0.11731 0.350119 0.219929 0 0
0 0 750 0.470376 -0.0868291 -0.0129425 0.0784776 0 0
0 0 751 -0.0665594 0.18292 -0.466894 -0.0673112 0 0
0 0 752 -0.494631 0.00601727 0.0894046 0.0227961 0 0
0 0 753 -0.543989 -0.496109 0.0602611 0.278103 0 0
0 0 754 0.71651 -0.0783754 0.36014 -0.19827 0 0
0 0 755 -0.127472 0.55106 0.360011 -0.327943 0 0
0 0 756 0.0213255 0.353215 0.46864 0.489183 0 0
0 0 757 0.105787 0.217902 0.153294 0.0556202 0 0
0 0 758 0.611898 0.241711 -0.694565 0.378381 0 0
0 0 759 0.153409 -0.148277 -0.461794 -0.368009 0 0
0 0 760 0.199574 0.611866 -0.0669474 -0.0226699 0 0
0 0 761 -0.292265 -0.157548 -0.110954 0.181818 0 0
0 0 762 -0.0209952 0.299281 0.279952 -0.227993 0 0
0 0 763 -0.0272589 -0.0199013 -0.18722 0.322873 0 0
0 0 764 0.415014 0.010768 -0.147416 -0.0575151 0 0
0 0 765 -0.277547 0.161909 0.0557769 -0.187657 0 0
0 0 766 -0.405677 0.429088 0.445922 0.0503539 0 0
0 0 767 -0.252925 0.192305 0.125304 -0.1845 0 0
0 0 768 -0.0711219 -0.181827 -0.028703 0.321647 0 0
0 0 769 -0.129109 -0.155896 -0.269165 -0.0592769 0 0
0 0 770 -0.100503 0.238382 -0.157629 0.260883 0 0
0 0 771 1.1153 -0.206408 -0.029533 -0.222263 0 0
0 0 772 0.039904 -0.022909 0.348794 -0.172174 0 0
0 0 773 0.239709 -0.36909 -0.0635522 0.482521 0 0
0 0 774 0.343339 -0.400744 0.249 0.0893721 0 0
0 0 775 0.242929 -0.0696261 -0.347542 -0.177036 0 0
0 0 776 0.255662 -0.0673499 -0.235727 0.193515 0 0
0 0 777 0.220833 -0.192668 0.713006 -0.0942571 0 0
0 0 778 0.0684963 -0.482412 -0.0702486 0.342602 0 0
0 0 779 0.298586 0.445968 -0.0447182 -0.698573 0 0
0 0 780 -0.0778524 -0.518908 0.0836055 -0.22507 0 0
0 0 781 0.504424 -0.137518 -0.0761746 -0.264296 0 0
0 0 782 0.392052 0.285269 0.412355 -0.185057 0 0
0 0 783 0.176754 -0.530171 0.218941 0.599042 0 0
0 0 784 0.433126 -0.215033 -0.413876 -0.494422 0 0
0 0 785 0.241008 0.446036 0.0986975 0.234041 0 0
0 0 786 0.0686718 -0.0324121 0.00278304 -0.0971004 0 0
0 0 787 0.0853983 -0.499902 -0.411733 -0.104762 0 0
0 0 788 0.443864 0.0822244 -0.0815223 -0.5326 0 0
0 0 789 0.140942 0.0998501 -0.417224 0.213979 0 0
0 0 790 0.343374 -0.072972 -0.199781 -0.0995826 0 0
0 0 791 -0.0847472 -0.0684127 -0.667263 0.191966 0 0
0 0 792 0.513515 0.0146157 -0.207499 -0.022887 0 0
0 0 793 0.578763 -0.381728 0.107249 0.211836 0 0
0 0 794 0.246912 0.538349 -0.04775 0.0660485 0 0
0 0 795 0.508345 -0.202109 0.0343298 -0.204902 0 0
0 0 796 0.0683457 0.53777 -0.255812 0.165095 0 0
0 0 797 0.373721 -0.320817 0.38782 0.089899 0 0
0 0 798 0.218903 0.127492 -0.268256 -0.107498 0 0
0 0 799 0.0855137 -0.283577 -0.160668 0.526655 0 0
0 0 800 0.0909173 0.19584 -0.565472 0.0158764 0 0
0 0 801 0.140623 0.645297 -0.312298 0.338999 0 0
0 0 802 -0.0274829 -0.316764 0.177181 -0.0224313 0 0
0 0 803 -0.328935 0.251317 -0.091228 -0.117716 0 0
0 0 804 0.231096 -0.145813 0.0633994 0.176612 0 0
0 0 805 0.177216 -0.384767 0.823455 -0.110244 0 0
0 0 806 0.0485157 0.226049 0.181941 0.359378 0 0
0 0 807 0.226779 -0.17781 -0.0423948 0.120842 0 0
0 0 808 0.630497 0.0801901 0.269283 0.496297 0 0
0 0 809 -0.427435 -0.157573 0.221322 0.0306806 0 0
0 0 810 0.411872 -0.106822 0.600142 0.344738 0 0
0 0 811 0.338121 0.28136 -0.479205 -0.0705824 0 0
0 0 812 0.0215757 0.00474777 0.62869 -0.104738 0 0
0 0 813 0.131171 -0.132345 -0.229521 -0.274579 0 0
0 0 814 0.00654903 0.114806 -0.0198111 0.0335272 0 0
0 0 815 -0.11995 -0.278735 0.169503 0.282056 0 0
0 0 816 0.580057 0.0864045 0.119441 -0.0022643 0 0
0 0 817 0.441351 0.11406 -0.27835 -0.461015 0 0
0 0 818 0.379394 -0.373019 0.0692453 0.151121 0 0
0 0 819 0.689144 -0.214653 -0.0880815 0.0965832 0 0
0 0 820 1.09748 -0.4138 0.55097 -0.130853 0 0
0 0 821 0.555617 -0.288574 0.489661 0.415631 0 0
0 0 822 0.0673151 -0.383739 -0.134651 -0.173032 0 0
0 0 823 0.909526 -0.0357649 0.488324 0.545724 0 0
0 0 824 0.687235 0.59119 0.56338 0.397161 0 0
0 0 825 0.808113 -0.100364 0.389836 0.334886 0 0
0 0 826 1.10847 0.0883845 -0.405668 -0.231025 0 0
0 0 827 1.07849 -0.327267 0.32388 0.453123 0 0
0 0 828 1.36329 -0.114912 -0.835116 -0.127736 0 0
0 0 829 1.28512 -0.182947 0.28184 0.106972 0 0
0 0 830 1.34998 0.101041 -0.35565 -0.0268037 0 0
0 0 831 0.791913 0.1013 -0.0568263 -0.110564 0 0
0 0 832 1.61658 0.220007 -0.118238 0.295039 0 0
0 0 833 2.13886 0.610039 0.160173 0.236005 0 0
0 0 834 1.93787 0.294401 -0.420349 -0.105651 0 0
0 0 835 2.05366 0.0878694 -0.0345558 -0.239579 0 0
0 0 836 3.61781 -0.515781 -0.32147 -0.0224262 0 0
0 0 837 2.67488 0.22565 -0.427632 0.0962846 0 0
0 0 838 3.3171 0.497717 -0.077415 -0.42818 0 0
0 0 839 4.14713 0.474787 -0.649802 0.260521 0 0
0 0 840 4.45208 0.53353 -1.25497 0.797745 -33.484 6.27328
0 0 841 5.15348 0.239395 -1.28896 0.105468 -39.7393 6.53392
0 0 842 5.7246 0.613078 -1.60219 0.710434 -34.5304 4.98814
0 0 843 5.63907 0.748107 -1.80962 0.0942053 -33.7698 4.36908
0 0 844 6.88871 0.661064 -1.57354 0.121069 -33.606 5.01242
0 0 845 7.22657 0.422709 -1.83128 -0.322944 -38.5011 4.55688
0 0 846 7.40649 0.67958 -2.37867 0.0166869 -37.0277 3.46102
0 0 847 8.32555 0.797979 -2.35015 0.844331 -35.6227 3.44868
0 0 848 8.35497 0.556337 -1.74452 0.420991 -36.1561 4.67507
0 0 849 8.73797 0.668622 -1.69702 -0.0319224 -34.2479 4.69106
0 0 850 8.03122 0.92386 -1.86441 0.266001 -31.8202 4.10934
0 0 851 8.11891 0.477743 -1.56755 -0.315709 -36.5252 5.22422
0 0 852 7.49609 0.0665057 -1.72893 -0.0212114 -43.8986 4.95256
0 0 853 7.13727 0.293341 -1.34436 -0.167015 -38.8455 6.22448
0 0 854 7.46386 0.562085 -1.31737 0.0988516 -33.4467 5.97275
0 0 855 7.37995 -0.143308 -0.868143 -0.45915 0 0
0 0 856 7.3619 0.291845 -0.413566 0.332506 0 0
0 0 857 7.11413 0.468795 -0.474391 0.00725519 0 0
0 0 858 5.9803 0.0992661 -0.920493 0.360455 0 0
0 0 859 6.67439 0.439124 -1.37565 0.275247 -36.1481 5.92811
0 0 860 6.16025 -0.270155 -0.831068 0.27898 0 0
0 0 861 6.26986 0.182642 -0.830127 0.00814028 0 0
0 0 862 6.23694 0.0762358 -1.3785 0.141401 -43.4173 6.20659
0 0 863 5.82238 0.525214 -1.40133 0.0412455 -34.7271 5.71827
0 0 864 5.40071 0.233666 -1.90441 0.145828 -41.5025 4.46541
0 0 865 5.42629 0.396495 -1.64708 -0.377674 -38.2325 5.05508
0 0 866 6.15829 0.472898 -1.33469 -0.0604926 -35.245 6.04428
0 0 867 4.54695 0.134475 -1.98512 0.112278 -43.0623 4.3066
0 0 868 4.81307 0.599641 -2.17419 0.272107 -37.2906 3.79649
0 0 869 5.11331 0.580397 -2.33487 0.0105607 -38.0202 3.55939
0 0 870 5.7238 0.632804 -2.53616 -0.372033 -37.995 3.27616
0 0 871 5.14545 0.388556 -3.08333 0.251977 -41.4088 2.75689
0 0 872 5.37994 0.678355 -2.73763 -0.230688 -38.0415 3.03631
0 0 873 5.14789 0.480663 -2.35258 -0.0690722 -39.2263 3.56713
0 0 874 4.89549 0.610865 -3.29602 0.179621 -39.7501 2.55538
0 0 875 5.00153 0.0373032 -2.66622 0.200761 -44.5992 3.21364
0 0 876 5.09841 0.441681 -3.17797 0.258615 -41.0438 2.67019
0 0 877 4.87396 0.648922 -3.33769 0.271322 -39.4988 2.51918
0 0 878 5.18674 0.774511 -3.18556 0.49482 -38.1674 2.61223
0 0 879 5.5576 0.214559 -3.77377 0.306238 -43.373 2.26696
0 0 880 5.12722 0.457299 -3.54823 0.758036 -41.3281 2.3948
0 0 881 5.491 0.214622 -3.64402 0.568028 -43.3147 2.3474
0 0 882 5.24943 0.592135 -3.42972 0.288899 -40.1023 2.46128
0 0 883 6.39613 0.783926 -4.44166 0.429996 -39.9954 1.89926
0 0 884 5.93928 1.07467 -4.84754 0.623087 -38.75 1.72493
0 0 885 5.73392 0.275922 -5.36127 0.18998 -43.5269 1.59618
0 0 886 6.10626 -0.0132017 -4.88826 0.251392 -45.0774 1.75299
0 0 887 7.25898 0.685413 -5.23847 0.293902 -41.2728 1.62168
0 0 888 7.41672 1.09556 -6.10554 0.408654 -39.9136 1.38096
0 0 889 7.68233 0.850331 -5.60236 1.09358 -40.6847 1.51186
0 0 890 8.57891 0.606743 -6.71307 0.48413 -42.4178 1.27119
0 0 891 8.68131 0.0806112 -7.5449 0.73973 -44.6939 1.13568
0 0 892 9.36273 0.126213 -7.83771 0.540514 -44.5387 1.09317
0 0 893 9.31996 0.67961 -7.82541 0.196167 -42.5183 1.09084
0 0 894 9.96398 0.567592 -8.58778 1.00361 -43.1093 0.995608
0 0 895 10.3596 0.428968 -8.33729 0.86172 -43.5273 1.02642
0 0 896 10.9256 0.475375 -9.32561 0.729844 -43.5409 0.917662
0 0 897 10.9389 0.911346 -9.44854 1.24498 -42.2453 0.902644
0 0 898 11.2697 0.277425 -9.14697 0.744639 -44.1314 0.936386
0 0 899 10.8985 0.308264 -9.52491 0.972105 -44.0732 0.899172
0 0 900 10.8764 0.339921 -9.53659 1.10728 -43.9793 0.897969
0 0 901 10.3393 0.186584 -7.92803 0.462621 -44.3259 1.08056
0 0 902 10.151 -0.327136 -8.665 0.597845 -46.081 0.988215
0 0 903 9.89007 0.357501 -7.49454 0.493708 -43.6345 1.14205
0 0 904 9.60021 -0.180466 -7.0909 0.522285 -45.7289 1.20807
0 0 905 9.14134 -0.277998 -6.04485 -0.732789 -46.3166 1.41606
0 0 906 8.89307 -0.425138 -5.53066 0.109938 -47.1978 1.54473
0 0 907 9.04218 -0.241655 -4.46556 0.100142 -46.5488 1.91607
0 0 908 8.94486 -0.297425 -4.72994 -0.317445 -46.7991 1.80803
0 0 909 8.48576 -0.766872 -3.90852 -0.0704307 -50.5504 2.15052
0 0 910 9.67716 -0.17095 -3.34432 -0.372688 -46.4631 2.55888
0 0 911 10.8838 0.328779 -3.25566 -0.223512 -42.1167 2.61846
0 0 912 11.5072 0.141582 -2.98963 0.119528 -43.6443 2.86301
0 0 913 12.7745 0.855836 -2.06762 -0.734973 -33.7571 3.82319
0 0 914 13.4723 0.356856 -1.84347 -0.577221 -39.5221 4.56184
0 0 915 15.3481 -0.0742497 -1.40783 -0.821844 -46.5095 6.07812
0 0 916 16.5361 -0.498028 -0.474293 -0.797947 0 0
0 0 917 19.6144 0.86867 0.0541466 -0.444335 0 0
0 0 918 23.1475 0.526484 1.3765 -1.01727 34.5346 5.80634
0 0 919 26.6921 0.871572 3.02678 -0.935198 36.968 2.71826
0 0 920 31.8248 1.23607 4.44464 -1.66072 37.2293 1.85601
0 0 921 36.1365 1.11015 6.63783 -1.18579 40.2527 1.27289
0 0 922 42.2337 0.997007 8.927 -2.03545 41.8137 0.95385
0 0 923 48.8459 0.660769 12.0954 -2.01168 43.4365 0.707384
0 0 924 54.8418 0.782629 14.9961 -2.95905 43.5063 0.570628
0 0 925 60.3232 0.533566 17.6764 -3.18412 44.1355 0.484552
0 0 926 66.4187 0.39632 20.8553 -3.01814 44.4557 0.410808
0 0 927 70.2883 0.134518 23.5227 -3.10483 44.8362 0.364285
0 0 928 74.0747 -0.098793 25.724 -2.63744 45.11 0.333115
0 0 929 75.8097 -0.0417938 26.7939 -1.97054 45.0447 0.319815
0 0 930 75.8207 -0.0225334 26.0487 -0.56758 45.0248 0.328966
0 0 931 74.1148 0.385937 25.6952 0.416196 44.5697 0.333453
0 0 932 70.9107 -0.0366173 24.3706 0.868245 45.043 0.351616
0 0 933 68.0045 0.747879 22.5758 1.45267 44.0513 0.379358
0 0 934 63.7681 0.93384 20.324 1.34686 43.6846 0.421172
0 0 935 60.469 0.672091 18.635 1.51847 43.9672 0.459535
0 0 936 56.4931 0.959238 16.2231 1.61193 43.3081 0.527264
0 0 937 53.0904 0.748533 14.7709 1.10983 43.5495 0.579376
0 0 938 50.3273 1.03252 12.897 1.71838 42.7114 0.662262
0 0 939 48.0425 1.18774 11.8922 1.62099 42.1482 0.716918
0 0 940 44.7569 1.05562 10.2749 1.5742 42.0671 0.829527
0 0 941 43.2625 1.32587 9.33208 1.4075 40.9569 0.908916
0 0 942 40.4593 1.96079 8.3325 1.84888 38.3791 1.00048
0 0 943 38.7947 1.09364 7.22356 1.5113 40.6954 1.17262
0 0 944 36.4903 1.36522 6.1886 0.784396 38.7798 1.35146
0 0 945 35.0205 1.42046 6.0722 1.05602 38.4168 1.37333
0 0 946 33.9736 0.98831 4.68516 1.01252 39.0442 1.78877
0 0 947 32.4221 1.46849 4.438 0.811094 35.8456 1.83112
0 0 948 30.7065 1.12459 4.70457 0.488884 38.2781 1.77048
0 0 949 29.7704 1.0958 3.12538 0.661108 35.3393 2.58425
0 0 950 29.0526 1.00694 3.50641 0.548347 36.9887 2.34694
0 0 951 26.8153 0.737035 3.08025 0.156273 38.2717 2.70397
0 0 952 26.593 0.763344 2.45649 0.225861 36.3688 3.328
0 0 953 25.833 1.07145 1.98026 -0.345487 30.7919 3.79641
0 0 954 24.5541 0.983157 2.39256 -0.125825 33.8306 3.30752
0 0 955 23.7353 0.34014 1.82479 -0.429311 39.7206 4.61473
0 0 956 22.2878 0.860747 1.89963 -0.748679 32.812 4.10113
0 0 957 22.1884 0.222027 1.60177 -1.37908 41.0542 5.29801
0 0 958 20.7035 0.147473 1.30048 -1.04724 41.7652 6.54635
0 0 959 19.486 0.413222 1.17207 -0.797182 35.2898 6.88672
0 0 960 18.7883 0.108204 0.999039 -1.50277 41.9093 8.5264
0 0 961 18.2048 0.108482 1.38683 -0.844072 42.7636 6.15971
0 0 962 16.8206 -0.329739 1.02078 -1.01227 53.9509 7.97992
0 0 963 15.8435 -0.313328 0.434677 -1.09184 0 0
0 0 964 15.0896 0.000392914 1.29324 -1.23533 44.9913 6.62607
0 0 965 13.7753 -0.205378 0.286563 -1.91158 0 0
0 0 966 12.9607 -0.575084 0.767135 -1.77715 0 0
0 0 967 12.5831 -0.392983 0.509345 -1.41389 0 0
0 0 968 11.8919 -1.13601 0.872916 -1.98523 71.2306 5.93982
0 0 969 10.5633 -0.613274 1.03268 -1.39425 60.3523 7.11417
0 0 970 10.2137 -0.364723 0.654305 -0.851061 0 0
0 0 971 9.28845 -0.581634 -0.0348361 -1.47152 0 0
0 0 972 8.45014 -0.676432 0.0383818 -1.13189 0 0
0 0 973 8.3392 -0.367074 0.0884835 -1.13569 0 0
0 0 974 7.87742 -0.521028 0.508799 -0.932923 0 0
0 0 975 7.11224 -0.660648 -0.164096 -1.3219 0 0
0 0 976 6.72687 -0.853406 0.0278862 -1.517 0 0
0 0 977 6.46641 -0.678542 0.61902 -1.3565 0 0
0 0 978 5.80043 -1.13866 -0.207519 -1.38834 -84.8357 7.32451
0 0 979 5.96962 -1.3842 0.741144 -1.00445 75.917 5.41079
0 0 980 5.20196 -0.684607 0.0222169 -1.20955 0 0
0 0 981 4.42908 -1.31944 -0.000545483 -0.545227 -89.9882 6.42276
0 0 982 5.18331 -0.819364 0.318695 -0.768071 0 0
0 0 983 4.42168 -0.376447 0.247955 -0.555576 0 0
0 0 984 3.74486 -0.714398 0.458444 -0.656521 0 0
0 0 985 4.127 -0.184474 0.439991 -0.59205 0 0
0 0 986 3.77883 -0.546079 -0.0689706 -0.838612 0 0
0 0 987 3.8055 -0.90206 -0.00154038 -1.22861 0 0
0 0 988 3.40951 -0.620941 -0.102266 -0.304694 0 0
0 0 989 3.15173 -0.471491 0.342814 -0.187854 0 0
0 0 990 2.43679 -0.385408 -0.0843036 -0.49027 0 0
0 0 991 3.44482 -0.486571 0.380014 -0.149745 0 0
0 0 992 2.37783 -0.55553 -0.11328 -0.654708 0 0
0 0 993 1.88175 -0.754192 -0.0927243 -0.542088 0 0
0 0 994 2.53987 -0.630912 -0.0836001 -0.204638 0 0
0 0 995 2.30073 -0.389949 0.400723 -0.143651 0 0
0 0 996 2.56676 -0.71572 -0.506871 -0.169978 0 0
0 0 997 1.4444 -0.855109 -0.277523 -0.375152 0 0
0 0 998 1.64538 -0.542222 0.387882 -0.285975 0 0
0 0 999 1.86233 -0.570467 0.0444463 -0.450426 0 0
0 0 1000 1.45791 -0.340855 -0.327849 -0.206034 0 0
0 0 1001 1.54463 -0.274648 -0.10965 -0.80443 0 0
0 0 1002 1.183 -0.51683 -0.576573 -0.267293 0 0
0 0 1003 1.39638 -0.381132 0.403384 -0.190877 0 0
0 0 1004 1.29713 0.0891232 0.197604 0.162393 0 0
0 0 1005 1.62867 -0.457635 -0.00212452 0.0561048 0 0
0 0 1006 0.870438 -0.1585 0.413796 0.0285062 0 0
0 0 1007 0.983271 -0.0329449 -0.3093 0.185868 0 0
0 0 1008 0.982316 -1.01913 -0.37452 -0.443526 -79.9111 7.81545
0 0 1009 0.564018 -0.0260517 -0.218866 -0.20234 0 0
0 0 1010 0.715935 0.116025 0.373994 0.418826 0 0
0 0 1011 0.675174 -0.424002 0.172184 -0.233472 0 0
0 0 1012 0.547439 0.115605 0.439056 0.0350461 0 0
0 0 1013 1.14355 0.429195 -0.313064 -0.00701387 0 0
0 0 1014 0.762309 0.530826 0.247622 -0.40592 0 0
0 0 1015 0.677327 -0.0612311 0.289225 0.169466 0 0
0 0 1016 0.755826 0.0480314 -0.0167622 -0.516655 0 0
0 0 1017 0.687744 0.543075 0.267774 -0.0792077 0 0
0 0 1018 -0.00155372 -0.0616964 0.0955374 -0.245553 0 0
0 0 1019 0.782392 -0.177394 0.123008 0.178565 0 0
0 0 1020 0.449669 0.467725 0.167265 -0.473345 0 0
0 0 1021 0.672004 0.0061745 0.306607 0.117314 0 0
0 0 1022 0.759434 0.208567 -0.00687361 -0.356115 0 0
0 0 1023 0.804455 -0.075821 0.0387955 0.289863 0 0
