# File: uwl_230307_214205_Combined.rf.sbC2.RMC_aux Src: J1713+0747 Nsub: 1 Nch: 1 Npol: 4 Nbin: 1024 RMS: 4.69616
0 0 0 15.9762 -8.13316 3.41911 0.82062 0 0
0 0 1 14.2517 0.481321 -7.98488 1.30301 0 0
0 0 2 9.49478 -9.48423 -11.7904 3.52702 0 0
0 0 3 3.45901 -6.57213 -1.03064 -9.12707 0 0
0 0 4 9.67145 4.17038 1.1421 -3.08728 0 0
0 0 5 17.0762 -2.1938 -4.25991 -0.204835 0 0
0 0 6 7.8923 5.63808 -4.46489 -6.51784 0 0
0 0 7 14.1649 0.465802 0.600683 -0.230295 0 0
0 0 8 18.4717 -6.95979 -9.39216 0.889442 0 0
0 0 9 12.7279 1.29654 -11.8559 -12.3 0 0
0 0 10 8.77324 -2.23965 -6.15573 -0.13721 0 0
0 0 11 14.5047 1.4686 0.81007 2.63248 0 0
0 0 12 8.2242 -0.259035 10.1444 -6.15809 0 0
0 0 13 6.39367 -2.4973 -2.36688 -6.58648 0 0
0 0 14 3.13854 -0.370493 3.55491 -6.202 0 0
0 0 15 -1.63565 -0.126867 3.36431 4.09322 0 0
0 0 16 9.7283 -0.030612 -3.39225 -4.78043 0 0
0 0 17 -1.36856 -2.11373 -0.646766 3.03043 0 0
0 0 18 0.429663 -4.49615 -2.25675 6.06475 0 0
0 0 19 -1.48562 0.588228 2.79222 5.68999 0 0
0 0 20 5.46428 -5.90976 5.49908 3.36222 0 0
0 0 21 17.9132 -4.85048 -2.79671 -2.41773 0 0
0 0 22 6.50486 3.22561 3.2641 -3.22383 0 0
0 0 23 6.39156 0.88399 2.76671 -2.91376 0 0
0 0 24 11.0819 0.89613 5.08685 10.0155 0 0
0 0 25 5.97424 2.14561 0.0772882 -3.91094 0 0
0 0 26 11.1488 -1.18134 -4.6524 0.239643 0 0
0 0 27 3.96286 -5.01235 5.1362 0.408713 0 0
0 0 28 -2.19635 -3.73181 1.04699 8.26543 0 0
0 0 29 5.60999 -3.30711 7.4478 0.981362 0 0
0 0 30 8.98529 -2.53935 -2.48822 -7.35959 0 0
0 0 31 15.3668 7.82299 -1.15617 3.14049 0 0
0 0 32 6.55076 0.760326 2.91329 -3.98345 0 0
0 0 33 5.38387 -2.05056 7.55822 -4.22418 0 0
0 0 34 6.13838 2.15542 11.7742 -2.43129 0 0
0 0 35 9.23069 -4.41146 6.59418 -14.0567 0 0
0 0 36 -0.0180171 3.22248 3.64918 -3.3601 0 0
0 0 37 6.65242 -1.83914 -4.30898 -4.09235 0 0
0 0 38 12.7631 -0.929109 -1.81007 0.544953 0 0
0 0 39 4.23748 -14.1612 20.0235 -1.77686 62.6345 5.86556
0 0 40 1.23295 -10.6622 -7.89361 -6.39507 0 0
0 0 41 1.51012 -0.242129 -6.73959 5.20716 0 0
0 0 42 14.1172 -11.7367 10.5576 -3.63635 0 0
0 0 43 8.86535 1.9694 7.10687 -0.261572 0 0
0 0 44 12.9681 2.31129 13.9281 0.0945858 0 0
0 0 45 8.43916 -1.8579 2.09023 -10.8227 0 0
0 0 46 6.98603 -2.69612 9.49175 -0.77764 0 0
0 0 47 10.0339 -3.96964 -1.50471 -0.701957 0 0
0 0 48 4.56124 -4.68495 4.16384 0.289065 0 0
0 0 49 7.2369 -10.9371 2.08713 1.06608 0 0
0 0 50 14.261 -5.43777 7.34199 -2.84763 0 0
0 0 51 13.0064 -2.83587 -5.33331 0.118334 0 0
0 0 52 11.4322 -6.11503 10.5843 -0.00315164 0 0
0 0 53 7.06613 1.52913 10.1193 6.71513 0 0
0 0 54 13.6512 3.84862 0.581196 -6.11659 0 0
0 0 55 8.1815 2.0246 4.1968 -2.57651 0 0
0 0 56 9.22347 -8.12846 7.0292 -2.667 0 0
0 0 57 6.97562 5.93092 2.02007 -1.10929 0 0
0 0 58 4.50123 -8.21044 -1.18539 -6.52776 0 0
0 0 59 6.52239 1.95992 2.75749 3.40283 0 0
0 0 60 4.13856 -13.246 11.7298 -8.17377 69.237 8.19736
0 0 61 11.78 -4.62928 -4.79188 -2.68555 0 0
0 0 62 3.41716 -0.794863 -1.99524 7.73551 0 0
0 0 63 10.4996 2.14292 11.4199 -1.943 0 0
0 0 64 -3.32655 -1.45292 2.83763 -1.60916 0 0
0 0 65 4.65626 -7.80152 1.63793 3.15218 0 0
0 0 66 4.52173 -0.475051 0.967823 4.20705 0 0
0 0 67 3.79779 -0.835562 -1.2929 -0.0896912 0 0
0 0 68 8.21428 -10.2898 2.22667 -2.92203 0 0
0 0 69 16.2679 -2.08553 9.76149 -8.19244 0 0
0 0 70 4.62351 -13.4121 6.9994 -1.91831 0 0
0 0 71 13.9117 -0.324229 -2.61022 -5.30216 0 0
0 0 72 2.65181 -7.7174 1.1068 -6.23938 0 0
0 0 73 1.06939 -6.09532 1.20844 -3.62451 0 0
0 0 74 2.69231 -1.56985 4.636 -2.23184 0 0
0 0 75 4.97257 -1.37922 -0.790062 -0.518166 0 0
0 0 76 4.14922 3.24834 11.2411 -5.87969 0 0
0 0 77 -4.5841 -5.80846 -2.37603 -0.609761 0 0
0 0 78 8.63613 -3.93244 -1.54239 -3.73605 0 0
0 0 79 -3.30833 2.70639 -0.00587712 0.720079 0 0
0 0 80 -0.0436904 -5.58822 6.46988 2.57336 0 0
0 0 81 3.35251 -1.769 -5.12378 -2.61719 0 0
0 0 82 6.32979 -1.0807 6.15486 -0.621096 0 0
0 0 83 6.0613 -9.07727 -2.57456 -8.51751 0 0
0 0 84 1.10423 -0.10148 -6.49603 -6.26606 0 0
0 0 85 5.22786 1.47851 0.0782103 -9.01388 0 0
0 0 86 -4.15117 2.23691 4.18842 1.39737 0 0
0 0 87 -7.17073 -9.28796 1.74941 -10.9512 0 0
0 0 88 12.3357 1.15175 -4.00854 -10.6701 0 0
0 0 89 8.43972 1.43008 9.97255 -5.79372 0 0
0 0 90 6.53386 -3.71376 -6.87986 -5.49873 0 0
0 0 91 7.08375 1.96115 5.18315 -3.79186 0 0
0 0 92 4.96322 8.13569 -15.286 -0.756042 -30.9884 8.27334
0 0 93 -1.93143 -4.51938 0.129065 1.61044 0 0
0 0 94 4.03691 0.934378 -0.511672 -0.206938 0 0
0 0 95 0.452657 -0.572391 -2.37722 1.04204 0 0
0 0 96 6.30673 9.28878 -4.24752 -3.44022 0 0
0 0 97 7.46459 1.25657 -1.44518 -3.28638 0 0
0 0 98 5.16424 -2.86003 6.01903 3.81392 0 0
0 0 99 -2.65323 1.39306 1.74115 -9.0833 0 0
0 0 100 -2.44901 -2.13752 -8.00319 -6.0184 0 0
0 0 101 -6.34199 0.578135 5.59986 6.92373 0 0
0 0 102 4.98243 -6.86227 8.878 3.06321 0 0
0 0 103 6.89611 8.93485 2.80552 -4.61004 0 0
0 0 104 -4.13505 5.15154 1.2228 -6.78296 0 0
0 0 105 -1.22463 -0.752349 -5.46811 4.34344 0 0
0 0 106 -3.306 6.7529 7.38716 -4.15682 0 0
0 0 107 4.981 -3.10685 1.88963 4.20692 0 0
0 0 108 5.48034 -6.32495 -3.22265 2.97003 0 0
0 0 109 1.18615 -2.23174 10.6854 -1.58646 0 0
0 0 110 3.7168 -3.25477 3.98028 -1.90439 0 0
0 0 111 1.51372 2.05458 0.786155 1.92117 0 0
0 0 112 1.12206 -7.98519 7.74975 -7.40025 0 0
0 0 113 0.744933 -4.39808 4.20635 3.41338 0 0
0 0 114 2.32959 -2.20641 -1.98418 1.47113 0 0
0 0 115 2.86728 4.39295 0.331063 -10.3257 0 0
0 0 116 -4.9262 -5.0117 1.84237 -1.37334 0 0
0 0 117 0.973572 -3.78785 0.826617 1.395 0 0
0 0 118 4.68571 4.54026 2.41577 -1.27798 0 0
0 0 119 -4.96308 2.03429 3.68683 -0.00829505 0 0
0 0 120 2.61784 -1.90198 2.62937 -1.16017 0 0
0 0 121 -1.54423 3.90732 -4.32608 -9.95847 0 0
0 0 122 -2.84395 -0.588003 4.79853 -0.920782 0 0
0 0 123 4.40313 1.55033 7.28992 3.34876 0 0
0 0 124 -7.4143 8.5622 9.61854 -3.17233 0 0
0 0 125 -1.09724 -1.28811 3.45218 5.50453 0 0
0 0 126 2.1958 0.606726 -2.74459 -7.89319 0 0
0 0 127 0.167563 -1.88043 -4.35257 -3.74976 0 0
0 0 128 -1.25263 5.06268 -3.51259 2.28158 0 0
0 0 129 -4.91971 1.262 3.75116 2.58341 0 0
0 0 130 3.52971 -1.05557 0.376192 -1.29008 0 0
0 0 131 2.24411 -4.03924 1.21905 -1.79912 0 0
0 0 132 -2.02362 3.63183 -0.136194 -0.753925 0 0
0 0 133 -4.52425 3.37433 -5.40391 -7.56502 0 0
0 0 134 -8.30574 0.686795 -0.884183 -7.54685 0 0
0 0 135 9.08731 -4.3151 -2.06527 8.26123 0 0
0 0 136 -0.783294 -9.83911 1.8596 1.13714 0 0
0 0 137 -1.64216 -5.00964 0.244751 -8.60184 0 0
0 0 138 3.59428 -6.4197 0.959871 6.18995 0 0
0 0 139 3.31623 -6.88312 0.0946629 6.78574 0 0
0 0 140 -1.19492 1.2623 -2.19381 -1.811 0 0
0 0 141 -2.07005 -4.33438 3.78215 5.39211 0 0
0 0 142 4.1837 -1.10005 -0.0615665 6.06361 0 0
0 0 143 10.7876 -5.76994 3.92499 -9.79572 0 0
0 0 144 6.53031 1.04008 -1.51859 5.49089 0 0
0 0 145 -1.7937 -1.7578 1.80979 -1.80758 0 0
0 0 146 -5.74852 2.72732 -2.42034 -1.93759 0 0
0 0 147 4.37389 5.92648 5.03076 -7.81835 0 0
0 0 148 10.7776 3.11487 0.379388 0.0616523 0 0
0 0 149 2.84756 -2.59168 -4.64338 -7.28444 0 0
0 0 150 7.6088 -3.74623 6.30787 -2.83117 0 0
0 0 151 0.605018 1.15921 4.01445 -0.134605 0 0
0 0 152 -1.75064 -5.83633 -0.0475636 6.43256 0 0
0 0 153 -5.20877 9.23786 -0.191496 -5.0363 0 0
0 0 154 4.1783 2.35104 -5.38434 -1.29797 0 0
0 0 155 1.82867 -8.98587 0.0497067 -1.55224 0 0
0 0 156 -1.3051 0.169037 -0.579917 1.93689 0 0
0 0 157 7.14587 -2.05324 3.71659 2.93993 0 0
0 0 158 -2.45763 -1.83975 -6.51648 2.18086 0 0
0 0 159 -0.535894 -12.4338 3.1832 -2.67611 0 0
0 0 160 -1.75804 1.93929 -1.39505 3.35733 0 0
0 0 161 0.982303 -5.02554 0.848882 8.20585 0 0
0 0 162 2.98487 3.90995 -1.99174 0.56304 0 0
0 0 163 3.70037 1.31881 -0.745154 -9.76859 0 0
0 0 164 -1.13933 -3.35918 -0.706485 -1.42572 0 0
0 0 165 6.23212 -3.65421 10.7269 -5.08435 0 0
0 0 166 -6.45092 -2.07995 5.30228 1.32324 0 0
0 0 167 -2.27945 -0.180809 3.35161 2.92888 0 0
0 0 168 -0.890783 4.19329 3.0132 3.39047 0 0
0 0 169 -10.5754 -1.3943 2.52881 -3.77718 0 0
0 0 170 4.7779 -4.52364 0.359967 -10.0216 0 0
0 0 171 -0.102512 0.868989 -0.42532 4.12672 0 0
0 0 172 2.97784 3.31968 -1.24309 1.41364 0 0
0 0 173 1.34084 -3.82751 5.61018 -3.78818 0 0
0 0 174 7.15256 -2.03105 2.48679 9.81504 0 0
0 0 175 -7.82379 -7.0788 -2.85112 8.03652 0 0
0 0 176 -0.426408 -3.71761 8.09628 2.75754 0 0
0 0 177 0.41449 2.69797 -2.13248 -6.88788 0 0
0 0 178 -6.04748 -4.28295 0.0631574 -8.63074 0 0
0 0 179 -0.234359 3.76388 -4.61788 10.572 0 0
0 0 180 6.2529 -3.61809 1.88731 -3.47514 0 0
0 0 181 -0.875974 -0.5346 2.81992 4.40438 0 0
0 0 182 -6.03881 -0.0445814 3.79961 9.94435 0 0
0 0 183 0.104357 0.741198 6.80962 -8.99714 0 0
0 0 184 0.468187 -6.57467 7.57131 4.19614 0 0
0 0 185 2.62695 4.694 0.357945 5.68465 0 0
0 0 186 1.28692 6.63161 -3.03435 0.894377 0 0
0 0 187 0.170481 2.02414 10.2969 5.96853 0 0
0 0 188 2.29918 7.84686 -0.0143307 2.5026 0 0
0 0 189 5.75886 4.10951 4.56495 -0.974846 0 0
0 0 190 2.77662 -7.205 0.364279 0.468233 0 0
0 0 191 -3.15393 0.603078 4.67888 -3.22325 0 0
0 0 192 0.331359 -5.30272 -4.05187 1.05711 0 0
0 0 193 3.03963 8.70735 5.49662 -10.0149 0 0
0 0 194 -2.94782 -2.90954 -5.93401 -3.88917 0 0
0 0 195 2.17235 -0.585923 3.05768 -2.149 0 0
0 0 196 5.65135 -7.14819 2.32795 5.53823 0 0
0 0 197 4.40231 -3.18449 0.693569 -4.7543 0 0
0 0 198 -5.47251 1.43297 6.02079 5.74328 0 0
0 0 199 -1.03613 3.94404 -2.8779 -13.8421 0 0
0 0 200 4.80186 0.0981081 -4.79356 -1.60554 0 0
0 0 201 -8.86057 -2.42191 1.81658 -1.30133 0 0
0 0 202 14.1176 2.57178 -9.30611 -11.1541 0 0
0 0 203 2.38267 -3.89156 0.456202 -1.48077 0 0
0 0 204 6.5765 -3.03015 -3.7334 -1.60306 0 0
0 0 205 -7.47324 -2.76889 5.93403 -4.54251 0 0
0 0 206 -2.52422 -4.74993 -9.40099 4.47232 0 0
0 0 207 2.92841 -1.90053 4.97784 0.68213 0 0
0 0 208 3.20898 4.48265 1.87576 -0.480735 0 0
0 0 209 -1.31097 0.113872 -0.228042 -2.88793 0 0
0 0 210 -0.925359 -13.6033 -0.547811 5.56633 0 0
0 0 211 0.911197 0.440158 0.93304 -4.0665 0 0
0 0 212 -4.2362 3.30443 5.99047 0.126278 0 0
0 0 213 6.78994 1.9455 -0.735015 -0.275321 0 0
0 0 214 -0.693004 -8.6725 4.1055 1.00133 0 0
0 0 215 -0.063328 -6.51739 7.26508 1.3688 0 0
0 0 216 10.5239 7.14525 0.919753 -4.66282 0 0
0 0 217 -1.57966 -5.37724 7.75222 -2.39123 0 0
0 0 218 -9.79937 5.15164 1.10188 1.14731 0 0
0 0 219 3.44847 -0.298578 -0.225907 0.0105726 0 0
0 0 220 5.8102 -3.30124 -4.66551 6.39988 0 0
0 0 221 -4.91598 3.01757 2.34669 7.88004 0 0
0 0 222 -1.27777 0.528814 -1.65695 2.22608 0 0
0 0 223 6.17437 -4.55714 2.97043 0.463236 0 0
0 0 224 7.1923 1.1772 0.976464 -2.48104 0 0
0 0 225 2.11425 4.62052 -13.8504 -2.98575 0 0
0 0 226 -4.26922 3.60982 -2.1676 1.27919 0 0
0 0 227 -6.52302 8.52344 -8.1452 0.790887 0 0
0 0 228 0.120103 11.4932 3.01996 -3.69589 0 0
0 0 229 2.2179 4.04129 1.34118 -6.52999 0 0
0 0 230 1.03685 6.50495 5.2661 0.187068 0 0
0 0 231 -3.67132 -4.21954 10.2761 -9.98401 0 0
0 0 232 0.0383303 -4.45161 0.742942 -3.70801 0 0
0 0 233 0.477673 3.83546 -0.418525 -4.37487 0 0
0 0 234 -7.57107 -0.53942 1.8257 -2.22468 0 0
0 0 235 -1.444 0.38843 -0.398939 -4.43571 0 0
0 0 236 0.416933 -1.7833 4.85488 2.00041 0 0
0 0 237 -1.03186 10.1661 0.134525 0.575911 0 0
0 0 238 6.67033 -0.723352 14.8111 -5.27191 0 0
0 0 239 1.5824 -8.37082 6.11728 -8.52604 0 0
0 0 240 -5.23062 -7.26878 8.83321 -4.33654 0 0
0 0 241 -0.84616 5.04389 0.488749 2.05718 0 0
0 0 242 -1.37843 -8.58407 3.28463 -5.05353 0 0
0 0 243 1.83513 -4.8066 8.37126 -0.00821934 0 0
0 0 244 2.07819 -2.31223 4.96552 -8.12506 0 0
0 0 245 0.789535 6.02486 -1.65222 -0.36288 0 0
0 0 246 -3.89041 -6.81629 2.21256 2.60418 0 0
0 0 247 5.93553 0.145769 -4.31734 5.38703 0 0
0 0 248 4.32908 -5.37338 -13.361 1.78593 0 0
0 0 249 6.76873 -4.79951 -0.49495 -9.89329 0 0
0 0 250 4.05159 0.610158 3.51913 -4.00916 0 0
0 0 251 -5.58246 1.68987 1.13103 4.47969 0 0
0 0 252 -8.51864 5.59133 0.566857 -2.12426 0 0
0 0 253 2.63984 14.3199 6.26691 -4.72301 0 0
0 0 254 5.14291 1.78007 8.61401 -5.13403 0 0
0 0 255 -6.55549 -0.350807 7.02751 -4.83239 0 0
0 0 256 -9.56728 -3.51024 -1.58849 3.91156 0 0
0 0 257 -3.46401 5.72083 3.9025 -2.29207 0 0
0 0 258 13.1817 0.202035 2.01293 8.14473 0 0
0 0 259 1.31942 -2.2968 -8.00214 4.74279 0 0
0 0 260 5.55995 -3.48291 3.51131 -2.8738 0 0
0 0 261 4.33797 -4.17049 -5.19924 -5.33625 0 0
0 0 262 3.80704 0.560799 -11.7711 -1.71839 0 0
0 0 263 0.607245 4.58166 -0.732046 -1.02283 0 0
0 0 264 -4.39082 8.34146 -7.78229 -1.25752 0 0
0 0 265 0.36623 -5.65147 -1.67301 0.00899852 0 0
0 0 266 -0.181933 7.58749 -1.53985 -2.78619 0 0
0 0 267 0.493105 -2.11455 -0.831042 -5.8869 0 0
0 0 268 1.77502 0.858671 -1.45285 12.5973 0 0
0 0 269 -1.41824 -10.1634 3.46446 2.55076 0 0
0 0 270 -7.02695 4.85705 -0.671627 -3.11944 0 0
0 0 271 0.249957 9.02699 11.3805 2.52811 0 0
0 0 272 5.10773 -6.28047 -10.6068 -5.52821 0 0
0 0 273 6.76406 -8.83589 -9.64442 9.44493 0 0
0 0 274 -0.150202 -4.54955 4.58862 -1.60483 0 0
0 0 275 3.6833 2.83454 0.166618 1.92762 0 0
0 0 276 -2.55352 -0.186925 4.63136 5.87053 0 0
0 0 277 3.9999 7.65708 2.27635 7.04908 0 0
0 0 278 6.55457 5.70442 3.97591 0.31184 0 0
0 0 279 0.13534 6.58423 8.57181 4.42432 0 0
0 0 280 -0.373057 2.63351 4.80516 3.52649 0 0
0 0 281 -1.33078 -2.00416 -0.187213 2.05325 0 0
0 0 282 -1.50171 11.7702 -7.49291 -6.19664 0 0
0 0 283 -4.82116 -4.01907 -5.5593 0.290915 0 0
0 0 284 -6.09306 0.271049 6.85492 -0.333323 0 0
0 0 285 -7.97604 0.11542 -7.42903 7.15897 0 0
0 0 286 -1.23051 0.597778 0.628767 -3.26638 0 0
0 0 287 -1.75922 2.10572 -6.12843 -2.23202 0 0
0 0 288 -1.96518 -0.701702 -2.55081 -1.00116 0 0
0 0 289 -5.28898 4.21488 -2.47715 5.19426 0 0
0 0 290 -6.29896 0.671996 -4.45419 -0.903279 0 0
0 0 291 -0.891275 -3.11685 1.31615 10.2724 0 0
0 0 292 3.17875 -0.981829 -4.29155 -2.33656 0 0
0 0 293 -4.50826 -4.67789 -11.7483 0.0475732 0 0
0 0 294 3.2312 -1.31742 3.24589 2.69076 0 0
0 0 295 -3.06426 5.28638 -10.0138 4.94539 0 0
0 0 296 8.93437 2.02834 -6.31184 -8.22336 0 0
0 0 297 -2.39369 -3.87054 3.31094 3.69773 0 0
0 0 298 8.5796 8.34287 -4.66339 -4.54211 0 0
0 0 299 -3.49925 -4.86431 -6.9696 -1.86021 0 0
0 0 300 -2.52309 -5.09287 1.44051 2.28809 0 0
0 0 301 -2.14756 -9.41233 3.01168 -1.19596 0 0
0 0 302 -5.42226 1.97182 -0.972594 -4.21829 0 0
0 0 303 -1.93917 2.08066 -0.639574 -4.65566 0 0
0 0 304 -10.2095 0.498818 -0.0331674 -2.33236 0 0
0 0 305 2.7573 -3.64045 -5.06023 -3.88199 0 0
0 0 306 -3.38283 4.91187 5.08633 1.36703 0 0
0 0 307 3.76437 -1.77458 1.56404 -6.16459 0 0
0 0 308 2.56747 -6.61738 3.00317 -2.17007 0 0
0 0 309 14.1723 6.87407 1.56136 5.27444 0 0
0 0 310 -0.861259 -8.07505 1.21005 4.61684 0 0
0 0 311 -1.28428 4.92813 7.77791 0.814957 0 0
0 0 312 -0.513367 2.09002 4.01547 -0.00709761 0 0
0 0 313 6.72681 5.74123 -3.32695 2.00362 0 0
0 0 314 -7.18698 4.35185 3.07146 1.52631 0 0
0 0 315 4.07309 -0.453494 1.29673 -7.78601 0 0
0 0 316 -2.98278 -8.02627 0.268373 2.14866 0 0
0 0 317 10.9248 1.43243 -4.34368 -6.1873 0 0
0 0 318 -5.4712 2.72863 11.3578 2.50292 0 0
0 0 319 1.5319 -0.664338 0.818804 -9.82662 0 0
0 0 320 -2.47839 -5.89828 5.74318 8.77638 0 0
0 0 321 -5.5203 5.7992 -6.03663 -0.442651 0 0
0 0 322 6.4636 -3.91255 2.41047 -1.0483 0 0
0 0 323 0.651537 -0.337244 -3.72988 -1.06856 0 0
0 0 324 6.48682 -2.7256 2.50979 0.0627257 0 0
0 0 325 -0.315425 8.46542 1.44448 -5.54871 0 0
0 0 326 5.45031 0.792756 5.6177 -6.2485 0 0
0 0 327 -1.56012 -4.87827 5.89019 -7.50033 0 0
0 0 328 0.291019 0.445848 6.90033 8.67171 0 0
0 0 329 1.02134 4.58407 5.33893 -6.25815 0 0
0 0 330 2.2229 -2.35126 -6.95861 -1.98366 0 0
0 0 331 3.94902 -0.376838 -0.373312 -0.0775515 0 0
0 0 332 -6.24072 -5.28068 2.86398 -4.30416 0 0
0 0 333 4.58394 -2.51824 4.14998 3.82936 0 0
0 0 334 1.64765 4.67906 6.75217 -5.80901 0 0
0 0 335 -1.75136 -1.0213 2.6681 -1.80073 0 0
0 0 336 -0.0217763 -0.2537 3.19882 1.66689 0 0
0 0 337 -0.617309 -5.85517 10.6123 7.02652 0 0
0 0 338 8.26817 1.54242 -3.94523 7.65459 0 0
0 0 339 2.84666 -3.50429 0.837214 6.89281 0 0
0 0 340 -0.215014 -2.44026 -1.41894 -4.04852 0 0
0 0 341 2.01527 9.97118 10.2292 -5.75453 0 0
0 0 342 0.518165 -11.2357 -3.95112 -9.16464 0 0
0 0 343 -5.91334 -7.58047 2.24049 1.07297 0 0
0 0 344 -0.6027 3.9071 -8.05426 -4.13661 0 0
0 0 345 -2.36735 -2.11809 -3.78017 0.0622353 0 0
0 0 346 -9.31326 4.61162 2.46203 5.13424 0 0
0 0 347 2.66745 0.322602 -13.17 6.01242 0 0
0 0 348 -7.78678 3.18697 2.69412 0.913276 0 0
0 0 349 0.0828393 0.486583 -4.09797 -1.22523 0 0
0 0 350 7.19953 -5.41577 -5.08526 3.61632 0 0
0 0 351 -2.68154 8.54367 -2.48425 1.66231 0 0
0 0 352 -1.12654 -6.7425 -1.89995 -9.67764 0 0
0 0 353 -4.6928 -0.449464 0.340656 -2.23765 0 0
0 0 354 6.94778 10.6741 -4.21072 -2.28036 0 0
0 0 355 -2.10924 -0.202632 6.97753 8.54937 0 0
0 0 356 -2.08566 -3.95309 -5.08091 -1.99498 0 0
0 0 357 2.49184 6.33312 6.82848 -3.88948 0 0
0 0 358 -1.95377 6.06388 0.904777 -5.14508 0 0
0 0 359 -3.96128 -3.03223 -0.774869 2.59168 0 0
0 0 360 -8.16214 -0.767113 4.54115 2.55164 0 0
0 0 361 -3.21967 0.276602 -1.73427 2.94059 0 0
0 0 362 2.98536 -3.56815 1.75085 4.37776 0 0
0 0 363 -0.579243 -0.558022 -0.0483097 7.39715 0 0
0 0 364 7.59756 4.66112 -3.13426 3.63645 0 0
0 0 365 3.86172 0.234881 -8.28348 5.35402 0 0
0 0 366 2.17758 -0.087181 -0.343094 -0.820261 0 0
0 0 367 -2.43366 -1.5986 -3.92115 2.20358 0 0
0 0 368 -9.16211 0.330412 -0.399465 10.3855 0 0
0 0 369 8.15902 4.99557 -7.52913 -5.78525 0 0
0 0 370 -2.383 -3.28804 6.24494 2.5999 0 0
0 0 371 3.34659 2.01701 1.97421 4.42643 0 0
0 0 372 7.01753 -2.71057 2.34224 -0.965449 0 0
0 0 373 -3.00196 -5.07898 -2.37406 0.37961 0 0
0 0 374 2.67708 9.19092 0.810681 9.96216 0 0
0 0 375 3.83053 -1.03401 5.98441 -2.79055 0 0
0 0 376 -4.96226 -9.32287 -0.327994 0.968762 0 0
0 0 377 3.21583 -0.735204 -1.29402 -5.82239 0 0
0 0 378 -1.95183 -0.153623 -0.0189436 -14.793 0 0
0 0 379 -1.68948 -8.27965 0.387594 2.85374 0 0
0 0 380 -2.55745 1.25701 -4.82138 2.84933 0 0
0 0 381 -0.690197 3.10382 0.751177 0.665531 0 0
0 0 382 1.53597 -8.97704 -5.18166 -6.89443 0 0
0 0 383 -5.89955 -5.91092 -1.1335 2.99101 0 0
0 0 384 -0.237849 -8.43006 7.91233 -1.43251 0 0
0 0 385 0.0799845 0.295248 -5.13513 -6.70473 0 0
0 0 386 -2.90224 -0.192416 2.09441 -1.69442 0 0
0 0 387 -0.609463 -5.69991 7.55637 -1.04904 0 0
0 0 388 -1.66729 1.92401 4.81716 -0.994339 0 0
0 0 389 1.10814 -8.89816 -1.86554 3.39413 0 0
0 0 390 -1.018 -0.977265 5.27715 5.94423 0 0
0 0 391 -0.792086 -2.24299 -5.81246 -8.07921 0 0
0 0 392 6.79125 -3.97919 -3.88716 -1.38419 0 0
0 0 393 -6.13438 -0.23959 2.29327 0.561595 0 0
0 0 394 7.49916 -4.64251 12.0415 2.90043 0 0
0 0 395 1.86713 6.36271 -0.796291 5.54057 0 0
0 0 396 -0.449248 -4.59463 -5.20001 -6.9041 0 0
0 0 397 8.51603 4.98892 -1.44609 0.0223777 0 0
0 0 398 -5.11344 0.173707 0.528489 -1.65632 0 0
0 0 399 -1.63558 3.95458 0.789062 -2.2621 0 0
0 0 400 4.20727 -2.91839 -8.23017 1.68769 0 0
0 0 401 0.0516996 7.33716 4.5311 -1.14108 0 0
0 0 402 -5.65411 2.20319 -9.37826 5.18582 0 0
0 0 403 -1.93463 -2.67528 -3.48407 -3.26744 0 0
0 0 404 7.00684 -3.14862 3.26631 -0.422294 0 0
0 0 405 -1.87555 -1.42147 3.02726 0.542967 0 0
0 0 406 17.1523 -6.39075 2.81577 -4.73324 0 0
0 0 407 1.21611 1.84594 -3.34146 -0.30414 0 0
0 0 408 3.75326 -6.65251 -5.39178 -8.08307 0 0
0 0 409 1.03424 -13.379 4.28144 -2.34334 0 0
0 0 410 -6.82053 5.81885 -11.5583 0.482862 0 0
0 0 411 -4.05695 -3.23988 -0.520519 -6.61461 0 0
0 0 412 -2.3759 5.09205 -3.09912 0.978102 0 0
0 0 413 3.16026 0.0952879 3.80458 -2.97519 0 0
0 0 414 1.60091 1.28126 -3.65214 9.03259 0 0
0 0 415 5.18474 -2.65708 2.56389 7.03077 0 0
0 0 416 -5.63102 -0.279363 1.6886 -0.992973 0 0
0 0 417 -2.33121 -3.44125 -3.17977 -9.33478 0 0
0 0 418 5.09548 6.6916 -1.73627 5.3555 0 0
0 0 419 0.990656 -3.28322 -3.0807 0.603473 0 0
0 0 420 2.7256 -1.72193 -1.78738 -6.31851 0 0
0 0 421 -0.184554 -1.90376 3.00409 -4.93849 0 0
0 0 422 4.78956 1.3493 -10.6694 1.86458 0 0
0 0 423 -5.99922 -7.76219 4.81064 -4.90823 0 0
0 0 424 3.98013 1.28498 -2.68026 -0.881592 0 0
0 0 425 2.29424 -3.84484 1.17144 -1.24268 0 0
0 0 426 10.2653 -3.9679 2.85214 -9.08842 0 0
0 0 427 -1.14263 3.77271 4.26229 -0.796573 0 0
0 0 428 2.75948 -3.91886 -0.217217 -4.36894 0 0
0 0 429 2.72883 -2.00657 -2.43499 -0.272433 0 0
0 0 430 -3.92371 -0.37005 -2.70386 1.5571 0 0
0 0 431 8.16395 -1.64583 -3.00404 -5.14367 0 0
0 0 432 3.86579 -2.6699 9.31132 -7.39869 0 0
0 0 433 2.09293 0.327375 -4.99344 3.90135 0 0
0 0 434 7.69849 8.77598 -5.55149 -4.82962 0 0
0 0 435 -3.01127 -11.9511 -2.15523 -1.93972 0 0
0 0 436 -0.378986 4.01014 5.93773 -4.91126 0 0
0 0 437 0.297119 3.97031 -0.852069 -0.184015 0 0
0 0 438 6.74717 5.81793 -1.60466 -3.43779 0 0
0 0 439 3.20323 -1.56257 -0.605139 -8.30788 0 0
0 0 440 7.97817 3.60115 -0.669118 8.32757 0 0
0 0 441 3.80001 2.50666 12.7041 1.09725 0 0
0 0 442 5.87173 2.40766 -8.71354 -2.53472 0 0
0 0 443 4.2627 7.0064 -1.68596 3.92183 0 0
0 0 444 0.654305 2.9436 4.41646 -0.797767 0 0
0 0 445 1.13721 0.0716994 7.51705 1.32858 0 0
0 0 446 3.34158 -5.57412 -13.8539 -1.42418 0 0
0 0 447 -0.416749 3.1627 2.13435 4.36471 0 0
0 0 448 6.45147 -5.00728 -7.28408 -5.50794 0 0
0 0 449 1.26853 2.46362 -6.68282 -0.539413 0 0
0 0 450 4.47159 -3.96743 1.46354 -6.44784 0 0
0 0 451 1.06689 -5.25702 11.0213 -1.4449 0 0
0 0 452 0.924428 2.84581 -7.86728 -1.34754 0 0
0 0 453 4.59736 2.41725 -2.76497 -10.6702 0 0
0 0 454 1.19445 -1.63652 1.76468 -2.89874 0 0
0 0 455 3.74772 -2.99513 3.54304 2.60863 0 0
0 0 456 -2.43559 2.4718 -2.86539 -4.12271 0 0
0 0 457 5.53926 -1.82177 -2.21472 7.41989 0 0
0 0 458 -3.38565 1.77421 -4.08577 -5.33795 0 0
0 0 459 1.26167 1.71776 -1.36212 -3.96278 0 0
0 0 460 4.98354 5.96356 5.6136 -6.48409 0 0
0 0 461 -1.105 -3.36457 -7.33483 -0.394265 0 0
0 0 462 -2.5427 -5.72277 -3.12845 -0.586101 0 0
0 0 463 4.0073 -2.58421 -2.16317 -2.02565 0 0
0 0 464 7.17016 1.28746 -1.87955 -3.19254 0 0
0 0 465 -5.56844 4.72936 -3.54678 -2.41577 0 0
0 0 466 0.256278 0.00631409 -1.17479 3.21372 0 0
0 0 467 0.927542 -7.35954 5.32222 -4.98808 0 0
0 0 468 7.16648 6.22131 8.20504 4.57635 0 0
0 0 469 2.24202 0.700534 2.4848 -6.18723 0 0
0 0 470 5.62471 -0.853015 7.55367 -5.7539 0 0
0 0 471 1.17581 6.66816 -0.847833 -1.44961 0 0
0 0 472 -1.54587 -2.33613 5.66074 2.55632 0 0
0 0 473 5.83734 -2.47034 -5.27533 -5.14684 0 0
0 0 474 0.0708761 -2.35373 11.1949 7.66936 0 0
0 0 475 -1.40465 -9.67655 -7.79831 2.68424 0 0
0 0 476 -1.84546 -6.00921 -1.96578 6.72445 0 0
0 0 477 7.27139 1.1637 -4.71066 -10.1349 0 0
0 0 478 1.06112 2.18588 1.33336 -4.02912 0 0
0 0 479 -3.90019 -4.19238 4.18876 2.08942 0 0
0 0 480 -1.67051 -3.01121 -3.49156 -0.858594 0 0
0 0 481 3.03493 7.3976 -7.98709 5.00168 0 0
0 0 482 -3.35111 -1.81268 -7.99371 -5.45418 0 0
0 0 483 5.68427 6.3169 -0.0960318 -0.0165678 0 0
0 0 484 -2.47447 0.155801 -3.77116 -6.54064 0 0
0 0 485 1.44008 3.6387 -3.22297 -7.77864 0 0
0 0 486 1.83893 -3.04473 -7.31696 -8.05833 0 0
0 0 487 -3.52904 1.67528 -2.81686 1.65458 0 0
0 0 488 -0.14675 -2.80813 10.6745 -3.84424 0 0
0 0 489 0.137312 -4.56236 -5.40482 -7.32464 0 0
0 0 490 -1.78806 -0.0567981 2.25783 -11.4427 0 0
0 0 491 -0.00604105 -10.593 1.86047 -1.86608 0 0
0 0 492 1.89217 -5.48363 -5.65709 -4.48755 0 0
0 0 493 -4.24096 -3.89116 5.10447 -3.80913 0 0
0 0 494 -5.64063 4.6748 0.293153 -8.42276 0 0
0 0 495 -4.85463 -0.24061 -0.720331 -5.59693 0 0
0 0 496 5.63519 -2.42019 5.43754 -3.02287 0 0
0 0 497 -4.06986 -3.02885 -2.15385 3.52614 0 0
0 0 498 7.0725 -4.85945 -6.47209 -6.52448 0 0
0 0 499 3.29457 5.08125 -0.20564 -3.52541 0 0
0 0 500 8.36792 5.11746 7.47524 -5.62892 0 0
0 0 501 5.21006 7.91692 -3.86204 1.30154 0 0
0 0 502 10.1981 6.79311 -5.09216 1.55625 0 0
0 0 503 -5.41057 0.0746622 0.229008 -3.96839 0 0
0 0 504 2.58012 1.13964 -5.56761 1.01603 0 0
0 0 505 4.00268 -0.590718 -14.294 1.01232 0 0
0 0 506 -5.2462 -5.00212 9.46815 1.79992 0 0
0 0 507 4.62919 -1.29612 3.03734 3.59734 0 0
0 0 508 0.632423 2.07746 5.94789 0.98383 0 0
0 0 509 8.38526 -3.86791 -5.10655 -3.92663 0 0
0 0 510 7.84447 2.10084 3.40192 -4.62803 0 0
0 0 511 -9.5414 -2.59072 0.99121 -7.00231 0 0
0 0 512 5.54518 -3.02202 3.21666 4.54146 0 0
0 0 513 -1.87424 7.4464 0.458663 -6.68711 0 0
0 0 514 6.06954 -3.43524 0.729654 -0.66599 0 0
0 0 515 9.96361 -7.18906 1.26688 3.50051 0 0
0 0 516 2.5156 -0.345208 1.07545 -11.7135 0 0
0 0 517 1.67209 7.80935 0.268143 -5.35531 0 0
0 0 518 -0.966435 -1.70364 -4.9125 -0.445855 0 0
0 0 519 -12.2251 -13.2653 0.878192 0.0691098 0 0
0 0 520 3.94113 3.57694 -0.590831 -3.48172 0 0
0 0 521 2.33828 1.62818 4.66386 -3.83043 0 0
0 0 522 2.42497 6.11855 1.8637 6.47665 0 0
0 0 523 -2.78084 3.70385 -10.5106 -1.96208 0 0
0 0 524 7.57571 7.14072 -6.48715 3.47776 0 0
0 0 525 1.55165 4.17278 5.83273 -5.37238 0 0
0 0 526 -4.03152 10.7638 -5.65007 1.26064 0 0
0 0 527 -0.537547 5.80866 1.5877 -8.69417 0 0
0 0 528 -6.93462 -5.53207 -3.3654 1.0607 0 0
0 0 529 -2.27735 7.91155 2.96058 -9.32692 0 0
0 0 530 1.44529 -8.39963 2.36143 1.04951 0 0
0 0 531 -0.974161 -1.28165 -9.08861 -1.04164 0 0
0 0 532 1.20996 3.01509 -3.32664 5.20162 0 0
0 0 533 -7.86708 -4.11046 2.5969 -1.63321 0 0
0 0 534 -3.97787 -4.36003 10.032 2.0025 0 0
0 0 535 1.55209 2.16147 -1.82957 -5.56805 0 0
0 0 536 -2.11715 6.81976 -9.36939 -6.4257 0 0
0 0 537 -2.67222 -6.86001 12.6335 -2.5118 0 0
0 0 538 -1.55249 -4.8088 -9.97156 0.820147 0 0
0 0 539 -7.04845 -3.11672 -2.97109 0.106611 0 0
0 0 540 2.82868 12.0336 4.58335 -3.67924 0 0
0 0 541 11.2658 -8.55654 -1.95364 -6.22721 0 0
0 0 542 1.32512 -0.832551 1.04891 1.40084 0 0
0 0 543 -0.455766 7.15051 -11.0735 -1.2019 0 0
0 0 544 12.5443 -1.97061 -7.81691 -2.35669 0 0
0 0 545 2.87218 1.36921 -0.765067 0.775496 0 0
0 0 546 -0.850074 5.18832 1.76071 0.0118764 0 0
0 0 547 -5.90873 -6.03889 -4.05557 -4.70736 0 0
0 0 548 8.33716 6.02035 -1.16945 -15.4899 0 0
0 0 549 -3.61025 -1.61232 -1.7783 2.78737 0 0
0 0 550 -4.53582 -3.90187 -3.65342 2.37318 0 0
0 0 551 -5.25938 -2.08072 5.95324 -0.144003 0 0
0 0 552 0.240847 -4.21004 -0.862208 -4.91823 0 0
0 0 553 0.94806 2.52157 -2.13975 2.2492 0 0
0 0 554 1.4943 1.19423 7.09027 -2.23957 0 0
0 0 555 3.04792 -1.714 -0.684052 2.17865 0 0
0 0 556 -0.405571 -5.01556 -4.85311 2.34288 0 0
0 0 557 9.13343 -10.1956 -0.541528 -3.79773 0 0
0 0 558 -5.40934 -2.62125 -4.83853 -4.16407 0 0
0 0 559 -0.602226 -3.58231 -7.16913 4.93088 0 0
0 0 560 5.03606 4.54418 -0.201082 -4.83036 0 0
0 0 561 4.5763 -13.063 -3.44605 3.7999 0 0
0 0 562 -4.81321 7.386 4.10426 -0.926936 0 0
0 0 563 -1.36905 -6.22689 11.3023 3.64763 0 0
0 0 564 0.072726 -4.97834 4.03355 0.761037 0 0
0 0 565 0.96516 -0.283192 7.58264 2.81649 0 0
0 0 566 2.4385 -9.71115 3.91069 0.219903 0 0
0 0 567 9.97536 2.13752 -1.25264 -6.3782 0 0
0 0 568 -0.51288 -5.68955 3.35446 -0.961753 0 0
0 0 569 -1.19197 6.32363 4.50117 -7.79085 0 0
0 0 570 1.12276 -0.500443 4.42137 -2.09545 0 0
0 0 571 5.62387 -4.74163 1.40036 3.65747 0 0
0 0 572 2.95066 -6.00712 -1.63972 2.40201 0 0
0 0 573 -3.92949 -8.83744 0.707214 10.2758 0 0
0 0 574 -5.25765 1.91784 1.97229 -5.39997 0 0
0 0 575 7.00268 8.97033 -5.51287 -4.46983 0 0
0 0 576 2.26852 -7.75309 -4.49411 -1.3486 0 0
0 0 577 2.34145 -7.0337 1.35535 -1.09902 0 0
0 0 578 -6.48661 -4.22442 0.216254 1.36235 0 0
0 0 579 -0.267026 -4.11802 -3.63795 -1.8637 0 0
0 0 580 8.07941 1.60258 -1.2481 -9.11193 0 0
0 0 581 -12.4186 -5.4138 -0.32065 -7.56966 0 0
0 0 582 1.70897 0.186057 6.93962 -1.6499 0 0
0 0 583 1.64464 0.510846 8.3731 -10.5829 0 0
0 0 584 -3.0036 -5.77697 0.509035 -5.37168 0 0
0 0 585 2.59441 0.728606 -0.488963 -8.20648 0 0
0 0 586 7.71392 6.33732 4.83973 1.99899 0 0
0 0 587 1.20614 2.32937 -1.48173 -4.12722 0 0
0 0 588 10.7675 4.37048 2.61238 1.78976 0 0
0 0 589 -0.85269 5.67732 -5.42772 -2.59245 0 0
0 0 590 -0.610029 5.04163 2.55022 -0.914981 0 0
0 0 591 3.37208 7.4856 2.03825 -3.01233 0 0
0 0 592 6.1533 1.05844 0.827218 3.47642 0 0
0 0 593 1.45879 2.46166 -0.926669 0.2642 0 0
0 0 594 8.8099 -13.1507 -2.39473 4.17744 0 0
0 0 595 5.42739 6.6355 -0.0410557 4.76302 0 0
0 0 596 -7.53422 1.57596 5.88045 -1.62907 0 0
0 0 597 -0.230753 -6.53153 -0.845193 0.285813 0 0
0 0 598 0.308563 4.68985 1.22848 0.99697 0 0
0 0 599 0.696852 0.514741 0.148417 -7.31637 0 0
0 0 600 -3.20793 1.13962 -1.66747 4.09784 0 0
0 0 601 -0.960312 9.19314 -0.163715 -9.52941 0 0
0 0 602 4.24944 -1.27398 -4.08762 1.71119 0 0
0 0 603 -1.49493 -5.93669 -0.224605 3.00967 0 0
0 0 604 2.27399 2.44542 -1.68683 -0.745407 0 0
0 0 605 -3.15963 -1.89999 8.53309 -4.10025 0 0
0 0 606 1.89208 5.46819 0.421709 -0.1503 0 0
0 0 607 -5.86217 -5.34066 4.51887 -3.62794 0 0
0 0 608 1.81279 -3.13982 -3.08589 -13.9418 0 0
0 0 609 0.814227 1.41603 -2.75144 -9.6012 0 0
0 0 610 5.18017 -8.49562 0.562177 6.69903 0 0
0 0 611 -6.67291 -2.03119 -12.2266 3.14288 0 0
0 0 612 -2.03939 4.2263 3.03065 9.62156 0 0
0 0 613 -4.0501 -6.26187 -0.209394 -3.71716 0 0
0 0 614 -8.71735 8.11663 -0.0362068 -1.17165 0 0
0 0 615 -7.58675 -11.6871 7.10848 3.85762 0 0
0 0 616 -2.01173 7.97003 -3.83371 1.68753 0 0
0 0 617 -4.13739 -0.661278 -3.62232 -0.124815 0 0
0 0 618 7.74045 -7.33321 -0.118599 -4.92201 0 0
0 0 619 6.42038 2.06224 -11.5726 -2.40199 0 0
0 0 620 5.84048 -3.67025 -8.08436 2.82615 0 0
0 0 621 -1.53662 -10.1868 -2.75241 -3.88959 0 0
0 0 622 -2.85484 -3.08577 4.00155 -2.09733 0 0
0 0 623 -6.71756 -0.540708 -8.05121 4.66999 0 0
0 0 624 4.63999 -3.97659 3.47256 2.99054 0 0
0 0 625 6.07265 -2.34465 -9.43639 -1.54899 0 0
0 0 626 -7.35848 0.971727 -0.276026 -6.62891 0 0
0 0 627 -8.21101 8.01972 -2.43193 1.10082 0 0
0 0 628 -1.10469 2.48119 -6.69568 -4.77156 0 0
0 0 629 -1.94589 -2.29084 2.17691 0.527974 0 0
0 0 630 14.1539 -0.5798 6.09285 -6.36825 0 0
0 0 631 -0.4273 3.452 5.46443 -6.46664 0 0
0 0 632 3.29157 -5.91207 4.10803 1.32603 0 0
0 0 633 -8.58664 -4.89834 -6.12179 0.950086 0 0
0 0 634 -2.06483 -0.984147 -8.89364 -1.08077 0 0
0 0 635 6.2905 0.809756 -7.20786 -1.6258 0 0
0 0 636 0.412325 1.18292 4.52972 3.56114 0 0
0 0 637 0.710742 3.79375 10.7327 0.848217 0 0
0 0 638 2.2302 -4.03639 -1.33635 2.96568 0 0
0 0 639 -0.40273 8.58646 -5.28609 5.8718 0 0
0 0 640 -1.76206 3.85634 1.41816 3.24205 0 0
0 0 641 -1.35229 2.89867 2.76448 -0.607979 0 0
0 0 642 5.1487 -5.33342 3.02731 -8.48501 0 0
0 0 643 -1.19103 14.8437 1.49465 3.44656 0 0
0 0 644 5.07222 -4.35009 5.28592 3.2769 0 0
0 0 645 -3.10118 2.5138 5.36937 -0.703593 0 0
0 0 646 -10.7796 0.452404 -0.067105 -7.24658 0 0
0 0 647 -2.6657 -8.88669 5.51001 7.38122 0 0
0 0 648 -2.48134 12.5819 5.9804 -0.543516 0 0
0 0 649 6.14752 2.77917 -2.69001 -10.3027 0 0
0 0 650 -3.02308 -2.12561 7.86138 7.81026 0 0
0 0 651 3.03216 -6.13134 -5.23067 1.81005 0 0
0 0 652 5.75203 8.00188 0.743639 -8.59194 0 0
0 0 653 6.13692 -5.53048 -4.58013 0.231733 0 0
0 0 654 0.266818 0.119471 4.81291 -0.945885 0 0
0 0 655 -7.98314 -5.08912 -1.84218 -4.39464 0 0
0 0 656 1.70446 -3.56798 0.16078 -3.17141 0 0
0 0 657 4.92519 1.08042 -0.798087 3.83784 0 0
0 0 658 11.5618 4.69115 -8.26407 -2.51447 0 0
0 0 659 5.97353 -0.795321 5.00323 0.00442266 0 0
0 0 660 1.67708 -6.25064 -1.23298 -5.91945 0 0
0 0 661 -3.69988 -7.03818 2.35631 -1.92811 0 0
0 0 662 8.7667 -2.02466 12.0838 5.32321 0 0
0 0 663 0.0269939 -0.526504 10.6732 -7.3622 0 0
0 0 664 1.64825 3.28829 0.268961 -6.67227 0 0
0 0 665 -1.8874 -0.319558 0.828015 0.512972 0 0
0 0 666 -0.84818 -6.63964 4.09096 -2.85109 0 0
0 0 667 -5.9554 -7.73611 -10.9573 -4.35996 0 0
0 0 668 6.2624 -6.4493 -4.97804 -9.30446 0 0
0 0 669 -1.72725 -5.33215 1.6154 -1.43752 0 0
0 0 670 -0.537691 2.84894 9.90579 -5.02164 0 0
0 0 671 4.39253 -7.46503 -5.48777 -6.65596 0 0
0 0 672 -2.67091 -0.638453 -2.33689 -3.87394 0 0
0 0 673 4.38214 0.423405 -4.06254 2.06047 0 0
0 0 674 1.2784 3.46252 -2.62946 4.46594 0 0
0 0 675 7.91198 1.54245 -2.21124 -1.23817 0 0
0 0 676 -2.24875 3.32764 -1.17261 -7.84167 0 0
0 0 677 -0.292485 -2.32894 -0.0677559 2.1905 0 0
0 0 678 4.25316 -0.274432 2.47231 -13.2116 0 0
0 0 679 -0.309938 9.52668 8.05737 2.2907 0 0
0 0 680 -0.340458 2.62466 0.268906 -0.973216 0 0
0 0 681 -1.6181 -2.06162 3.69599 -0.763203 0 0
0 0 682 -4.77099 -2.75766 -10.4932 3.15529 0 0
0 0 683 9.54884 2.88544 5.92425 1.5945 0 0
0 0 684 -4.53101 -0.90292 2.82137 0.994933 0 0
0 0 685 -3.32709 2.81997 1.24516 -3.13099 0 0
0 0 686 -1.82997 2.8412 -2.29169 -5.68684 0 0
0 0 687 12.3797 -6.05054 -2.71525 -1.95415 0 0
0 0 688 -0.990679 -7.95743 8.23363 5.47509 0 0
0 0 689 0.0855646 9.86462 -4.22831 4.30757 0 0
0 0 690 -5.26612 0.402724 -0.59543 -2.70428 0 0
0 0 691 -1.34598 -3.06024 -2.51143 -2.43526 0 0
0 0 692 -2.55462 6.09239 -4.3557 3.8281 0 0
0 0 693 -3.14479 -10.0283 2.83955 -5.58335 0 0
0 0 694 -2.67605 -13.8514 0.0135988 0.797258 0 0
0 0 695 -3.21574 4.00323 -6.88641 6.31487 0 0
0 0 696 7.55184 -2.03867 0.938731 2.79325 0 0
0 0 697 -5.13307 6.02284 9.62771 4.08255 0 0
0 0 698 3.51101 0.0908848 -4.42788 2.04919 0 0
0 0 699 0.0412984 0.917549 -3.41626 -6.95744 0 0
0 0 700 -4.28238 4.88604 -4.00194 5.32324 0 0
0 0 701 1.32207 -3.13764 5.16912 -5.92271 0 0
0 0 702 -1.36315 -3.44515 5.35887 3.50797 0 0
0 0 703 3.71765 7.81389 6.14167 -0.295074 0 0
0 0 704 1.03765 0.051638 -4.86196 -6.68077 0 0
0 0 705 2.13882 3.15372 3.12515 -4.68731 0 0
0 0 706 10.9284 -5.33004 -1.77636 5.69254 0 0
0 0 707 -2.53917 4.64958 -8.77829 -2.69613 0 0
0 0 708 3.03592 4.14593 -6.34932 -0.121785 0 0
0 0 709 3.48501 -2.67846 -2.61005 0.338551 0 0
0 0 710 -1.02346 -15.4317 1.27701 -5.36546 0 0
0 0 711 -0.562374 2.65151 0.283255 4.9166 0 0
0 0 712 -11.7579 -5.44631 3.36794 0.720319 0 0
0 0 713 -0.120682 -0.153002 6.23004 -0.0101839 0 0
0 0 714 -4.43214 -4.79526 -0.95229 -4.03093 0 0
0 0 715 0.84032 5.72057 11.4815 -1.46357 0 0
0 0 716 3.78444 -1.60385 9.0064 -9.60931 0 0
0 0 717 -6.51824 7.63536 -5.43575 -3.56375 0 0
0 0 718 -0.483335 2.2951 4.17846 -4.39839 0 0
0 0 719 2.48575 1.85255 -13.2086 -0.103718 0 0
0 0 720 4.33088 -2.86379 -2.09838 0.617756 0 0
0 0 721 2.64262 -2.93043 5.93384 -3.54181 0 0
0 0 722 -6.81195 -2.11146 11.3119 -1.44413 0 0
0 0 723 -6.21294 -5.22823 -5.60817 -1.28096 0 0
0 0 724 7.61653 -0.598298 -0.458989 4.40972 0 0
0 0 725 -12.7752 7.95875 1.942 1.79489 0 0
0 0 726 -3.07317 1.21572 6.38121 3.17314 0 0
0 0 727 3.3453 -2.31558 -4.32445 -4.17082 0 0
0 0 728 -4.46202 0.0414705 -6.38922 -6.20375 0 0
0 0 729 -5.04998 2.90912 -1.69728 4.17078 0 0
0 0 730 -3.85142 -2.27886 -3.77448 0.00755497 0 0
0 0 731 3.64432 -8.36428 4.65777 -5.31182 0 0
0 0 732 2.48864 5.67736 -3.43948 -7.21423 0 0
0 0 733 8.16645 -5.45823 2.80535 -2.40245 0 0
0 0 734 1.5774 1.45424 -1.16747 -6.71513 0 0
0 0 735 1.13832 1.34191 1.14652 -3.7088 0 0
0 0 736 -2.96523 1.74971 1.95644 4.70591 0 0
0 0 737 -0.723814 3.23234 2.48742 4.068 0 0
0 0 738 -0.165377 2.6544 7.43475 2.02366 0 0
0 0 739 2.1715 0.679096 4.80473 1.54224 0 0
0 0 740 2.76158 -2.19418 7.73677 1.82682 0 0
0 0 741 2.71763 -3.2718 -6.51553 3.40329 0 0
0 0 742 7.87521 -4.88805 7.87164 4.01139 0 0
0 0 743 -1.91322 11.965 -0.641883 -0.704908 0 0
0 0 744 -1.35469 -0.580778 1.8772 -5.05385 0 0
0 0 745 7.05184 -6.22509 0.556796 4.45226 0 0
0 0 746 2.68726 0.170257 -0.826432 6.98323 0 0
0 0 747 -1.32631 -5.02562 7.10613 -3.90016 0 0
0 0 748 -3.79488 13.9369 -4.67578 -1.46739 0 0
0 0 749 3.27008 -3.36232 5.00881 9.45508 0 0
0 0 750 4.87963 -1.80753 -1.6295 4.18615 0 0
0 0 751 -5.56625 3.71784 9.80178 4.87953 0 0
0 0 752 10.0042 -6.11481 -6.31049 -3.17709 0 0
0 0 753 1.82 -4.81345 -3.79375 0.111183 0 0
0 0 754 4.2687 5.40314 -0.440963 -0.68143 0 0
0 0 755 1.57152 -10.9704 3.98824 -3.13865 0 0
0 0 756 5.64672 2.18541 3.44724 -10.6982 0 0
0 0 757 -5.68916 -3.03946 3.78468 -4.3679 0 0
0 0 758 0.622264 5.53152 2.43647 1.60088 0 0
0 0 759 1.59882 -4.54154 5.91134 -0.0557663 0 0
0 0 760 -0.175315 -7.37106 7.6708 -0.470628 0 0
0 0 761 7.90416 0.0902786 6.53014 -4.25576 0 0
0 0 762 -3.08132 -1.45844 3.44122 -5.16826 0 0
0 0 763 8.83999 -0.62274 -5.31132 -7.68168 0 0
0 0 764 4.76022 0.629477 4.25843 3.81064 0 0
0 0 765 -1.42204 -4.82879 -2.6417 -1.82034 0 0
0 0 766 4.44966 -2.9854 0.437732 -4.67834 0 0
0 0 767 2.46628 -1.48997 -6.56674 -11.0794 0 0
0 0 768 5.77543 0.519152 4.20183 -3.6084 0 0
0 0 769 6.32346 -0.657753 -1.26305 0.259864 0 0
0 0 770 -1.54695 1.32333 -0.295719 -1.36971 0 0
0 0 771 6.79988 -1.01094 1.66538 -2.36613 0 0
0 0 772 10.0937 5.12239 -5.23139 -5.5964 0 0
0 0 773 5.5305 2.98103 -0.522784 -4.24925 0 0
0 0 774 1.12092 -1.11891 -7.42771 -1.0651 0 0
0 0 775 4.95 3.49723 10.6121 5.59436 0 0
0 0 776 0.261794 -6.57105 -8.22508 -0.595114 0 0
0 0 777 -0.524455 -11.5275 4.95432 4.33611 0 0
0 0 778 -0.774808 1.9898 -2.80776 -4.94456 0 0
0 0 779 6.43954 0.940517 0.162296 4.34942 0 0
0 0 780 -1.57662 -6.10996 -5.31168 7.61725 0 0
0 0 781 -8.13677 8.20652 1.24826 -1.56881 0 0
0 0 782 -1.36869 1.52904 -2.62755 3.78989 0 0
0 0 783 -4.79966 2.56517 3.36314 -0.97336 0 0
0 0 784 -0.399125 -1.14236 3.45522 2.61714 0 0
0 0 785 4.08075 0.644911 -6.93641 -11.4463 0 0
0 0 786 15.6035 3.86847 5.22393 -3.93777 0 0
0 0 787 7.70075 -4.92045 5.23712 -10.8921 0 0
0 0 788 8.05413 0.43912 4.9871 -0.769496 0 0
0 0 789 1.87275 -7.80867 -3.20696 -2.45533 0 0
0 0 790 -8.3692 0.213534 5.90252 -6.45406 0 0
0 0 791 -5.96109 -12.1201 0.413289 1.93526 0 0
0 0 792 -2.55054 -0.544871 4.61071 -7.40346 0 0
0 0 793 -1.64081 0.8019 8.64909 0.0153728 0 0
0 0 794 4.97675 0.789836 8.54134 2.11021 0 0
0 0 795 -3.80339 5.00396 -0.753833 0.507475 0 0
0 0 796 1.05225 1.33834 0.982334 -9.97233 0 0
0 0 797 -1.05179 -1.77465 1.68219 7.8114 0 0
0 0 798 -3.99352 -5.86229 3.49955 -0.454635 0 0
0 0 799 12.1357 4.44342 -4.81387 -1.85041 0 0
0 0 800 -0.66539 -3.49891 -0.888292 -6.28347 0 0
0 0 801 3.33429 5.96909 7.92593 7.23156 0 0
0 0 802 4.12091 -7.8926 2.60591 -9.55023 0 0
0 0 803 -2.50261 8.08222 -8.32098 -2.29438 0 0
0 0 804 -9.24986 -9.89894 -3.34582 1.66821 0 0
0 0 805 3.16442 4.37646 0.107374 -0.798804 0 0
0 0 806 3.62756 2.889 5.50253 2.95332 0 0
0 0 807 1.23986 6.41254 -0.793893 9.83423 0 0
0 0 808 -6.34722 0.00228143 4.08857 1.5851 0 0
0 0 809 0.638422 -4.82892 4.99412 -2.38622 0 0
0 0 810 -7.70175 4.26067 -2.22674 0.788442 0 0
0 0 811 -4.83255 7.5416 9.45938 -2.84259 0 0
0 0 812 5.95171 4.05994 -3.01361 -9.59778 0 0
0 0 813 -1.66361 -3.19049 4.18916 0.822376 0 0
0 0 814 2.94301 3.70563 -2.9294 1.84213 0 0
0 0 815 7.16853 -0.341532 -10.4594 -2.0534 0 0
0 0 816 0.94602 -3.93801 3.54592 2.47071 0 0
0 0 817 -3.08115 -1.46465 -2.17867 1.06641 0 0
0 0 818 12.1265 -2.8735 1.77192 5.2022 0 0
0 0 819 7.4548 -5.59376 -8.11649 5.39931 0 0
0 0 820 -1.61442 0.502578 6.59419 -1.91686 0 0
0 0 821 -5.3293 -1.42688 3.38927 3.88445 0 0
0 0 822 3.54962 -1.90811 -13.7401 -4.07632 0 0
0 0 823 -0.429957 -2.14375 7.33675 -4.52178 0 0
0 0 824 -7.46983 -11.5556 2.21746 6.99496 0 0
0 0 825 2.59042 8.2363 0.939703 -3.76128 0 0
0 0 826 0.814561 -0.550104 3.13725 -6.85093 0 0
0 0 827 2.5105 -2.66389 2.59036 2.73128 0 0
0 0 828 -0.0220674 2.26096 -0.769337 -0.00384285 0 0
0 0 829 1.85144 -6.00145 0.635125 5.50415 0 0
0 0 830 -0.085907 -1.23062 0.201747 -0.0226578 0 0
0 0 831 -2.00452 4.47407 8.45053 -2.27894 0 0
0 0 832 9.69005 3.4535 2.06035 1.56801 0 0
0 0 833 2.17837 4.26267 -0.863497 0.0296469 0 0
0 0 834 -8.93774 5.27746 -3.33528 -3.37424 0 0
0 0 835 3.02297 -1.99426 -5.10076 -8.43527 0 0
0 0 836 3.79809 3.48148 -7.42038 4.06649 0 0
0 0 837 7.9214 4.10127 -5.38274 6.77544 0 0
0 0 838 0.504011 3.48861 -4.70006 -3.95276 0 0
0 0 839 4.09504 5.47262 6.32903 -3.75169 0 0
0 0 840 -2.71124 -3.88842 -3.23686 7.91885 0 0
0 0 841 -0.0691879 0.292063 2.26217 1.16669 0 0
0 0 842 9.96839 6.50225 -1.28148 -9.1205 0 0
0 0 843 2.07189 0.664475 -3.64686 1.62307 0 0
0 0 844 2.42327 -1.99593 3.86486 -5.09417 0 0
0 0 845 8.14432 -3.40754 -3.05424 3.54516 0 0
0 0 846 -6.57538 4.56187 -5.25119 -9.70036 0 0
0 0 847 4.79163 6.75321 3.95575 -6.60007 0 0
0 0 848 9.80387 0.686075 -0.309415 -2.23636 0 0
0 0 849 -7.10305 0.379764 -6.70769 -1.53451 0 0
0 0 850 -1.73622 -0.637155 -6.47 4.34757 0 0
0 0 851 7.49469 15.0283 1.05878 5.92301 0 0
0 0 852 3.32108 -0.415029 -0.408984 -1.16576 0 0
0 0 853 13.325 -5.75153 -10.7295 -4.66257 0 0
0 0 854 3.79458 1.13942 1.4033 1.45638 0 0
0 0 855 8.8334 -0.240724 -11.4445 -1.56101 0 0
0 0 856 15.1935 1.8578 -9.65549 -7.45216 0 0
0 0 857 16.3029 1.21051 -4.54024 1.54282 0 0
0 0 858 12.7816 2.35055 -6.82254 1.74795 0 0
0 0 859 11.7655 0.929709 -4.96961 -1.26302 0 0
0 0 860 14.9847 -10.3974 -17.0145 7.18352 -60.7144 7.19822
0 0 861 9.42229 0.815228 -12.1427 -0.855403 0 0
0 0 862 9.70722 4.00666 -11.1751 5.20176 0 0
0 0 863 9.83029 -0.498675 -5.14455 10.0597 0 0
0 0 864 16.3072 7.58781 3.35111 5.03548 0 0
0 0 865 13.7161 7.08926 -12.8671 -3.5903 0 0
0 0 866 8.9094 2.67298 -7.12973 1.18173 0 0
0 0 867 20.3667 2.48028 -14.9949 -4.82372 0 0
0 0 868 0.532372 5.9583 2.80597 2.52334 0 0
0 0 869 16.4519 9.7782 -6.97152 -5.93869 0 0
0 0 870 8.67557 6.13175 -4.40355 0.76328 0 0
0 0 871 21.283 3.96951 -3.27996 -2.29329 0 0
0 0 872 14.4257 1.55604 -6.85792 1.21005 0 0
0 0 873 12.766 -8.20889 -12.613 -4.51313 0 0
0 0 874 13.8721 -0.960896 -13.7966 -3.89832 0 0
0 0 875 9.00221 5.9219 -4.15464 2.52302 0 0
0 0 876 23.1219 12.8835 -6.34733 -0.69106 0 0
0 0 877 16.3379 2.11823 -4.20432 -9.42426 0 0
0 0 878 15.7287 4.45702 -20.6184 5.95397 -38.9011 6.74747
0 0 879 9.85662 14.0253 -3.08415 2.45726 0 0
0 0 880 11.2318 -2.66831 -15.5987 -11.6486 0 0
0 0 881 16.2415 3.03694 -8.25947 -2.39744 0 0
0 0 882 6.01254 -3.81089 -9.60866 -5.5723 0 0
0 0 883 6.92749 1.45562 -8.12215 1.71182 0 0
0 0 884 11.1895 6.13262 -15.869 0.120122 -34.4354 8.39284
0 0 885 12.9168 11.8034 -6.42373 6.829 0 0
0 0 886 10.0939 4.70125 -13.4952 -0.0711385 0 0
0 0 887 7.87054 -3.85998 -1.15584 -6.14899 0 0
0 0 888 13.688 -0.722066 -5.82502 -4.33253 0 0
0 0 889 15.5829 9.40479 -10.8481 -3.03451 0 0
0 0 890 6.42227 6.96527 1.46175 -1.20991 0 0
0 0 891 12.677 -3.87207 -15.661 2.38034 0 0
0 0 892 15.3322 -5.39398 -14.3067 -1.92408 0 0
0 0 893 20.4412 -2.62006 -14.4528 -0.707015 0 0
0 0 894 11.1413 6.25589 -12.9859 -0.98567 0 0
0 0 895 14.5355 5.31992 -3.28128 -2.80974 0 0
0 0 896 18.8437 -11.0945 -21.9867 4.28534 -58.3878 5.81345
0 0 897 13.4947 5.68957 -13.9299 3.38705 0 0
0 0 898 12.5644 0.462592 -16.8295 -17.6222 -44.2128 8.44046
0 0 899 20.2632 0.839692 -12.3426 -2.92336 0 0
0 0 900 20.66 5.45073 -25.3811 -3.34674 -38.9398 5.48279
0 0 901 14.511 11.7493 -11.4917 -4.92679 0 0
0 0 902 23.2775 6.59665 -24.794 5.59651 -37.5506 5.55213
0 0 903 27.7071 1.98208 -15.167 -10.2312 0 0
0 0 904 30.5971 -10.0381 -21.4133 -8.40657 -57.5581 6.04879
0 0 905 20.4735 -0.0813951 -16.2663 1.3913 0 0
0 0 906 20.8228 8.2739 -29.3299 -6.48876 -37.1232 4.67565
0 0 907 22.4673 0.886307 -27.2164 -6.41593 -44.0674 5.21851
0 0 908 27.5021 -0.918077 -28.081 0.29794 -45.9363 5.05783
0 0 909 39.1027 2.56558 -24.0114 -0.741697 -41.9506 5.88696
0 0 910 31.2677 1.33115 -34.9257 -1.90446 -43.9087 4.06587
0 0 911 34.0396 4.6408 -31.2348 3.16609 -40.7745 4.5036
0 0 912 27.1528 1.03258 -23.597 0.564905 -43.7472 6.01656
0 0 913 36.5605 -5.14681 -39.4006 -2.56456 -48.7211 3.57837
0 0 914 35.0115 5.05397 -23.4745 -10.324 -38.925 5.92749
0 0 915 40.9122 5.3084 -27.6609 -3.31303 -39.5682 5.05179
0 0 916 38.4489 4.03307 -29.1176 1.57623 -41.0571 4.83741
0 0 917 45.6302 9.99031 -31.9094 -7.47397 -36.3078 4.26389
0 0 918 49.2726 4.3365 -31.3732 -9.70195 -41.0651 4.48979
0 0 919 43.8764 12.0166 -34.1922 -6.87212 -35.3182 3.93683
0 0 920 53.691 3.31883 -39.5259 -2.37697 -42.6002 3.58341
0 0 921 44.8235 -0.743694 -38.0046 -2.73071 -45.5605 3.73832
0 0 922 53.1152 -5.76068 -31.1059 -5.04489 -50.246 4.49739
0 0 923 54.8369 -2.46664 -39.7222 -8.84013 -46.7767 3.57095
0 0 924 51.1768 1.30246 -35.4898 10.6304 -43.9491 4.00144
0 0 925 53.7734 6.7648 -41.0229 -9.67073 -40.318 3.4211
0 0 926 63.0542 -11.9407 -36.4104 0.286928 -54.0784 3.72176
0 0 927 61.6247 1.31228 -36.1998 0.212051 -43.9619 3.92302
0 0 928 74.6467 -12.0163 -42.5445 3.28579 -52.8859 3.22309
0 0 929 66.8544 4.47242 -42.6463 -6.37395 -42.0066 3.3152
0 0 930 81.1827 1.28854 -32.6471 3.93231 -43.8699 4.34943
0 0 931 88.4811 -6.68698 -34.6656 6.69161 -50.4591 4.03031
0 0 932 99.1694 4.35648 -36.6234 -7.70052 -41.6082 3.85484
0 0 933 104.881 -3.21952 -32.1211 -3.00443 -47.8618 4.40342
0 0 934 119.141 2.98229 -23.6101 -3.05323 -41.4004 5.97462
0 0 935 129.059 -1.29436 -22.8187 -9.42851 -46.6233 6.21804
0 0 936 126.552 -1.13169 -4.31192 -9.14935 0 0
0 0 937 134.043 -0.369354 3.88592 -1.00924 0 0
0 0 938 147.231 10.7091 6.31453 5.20721 0 0
0 0 939 150.291 -4.3416 14.9727 -0.989059 0 0
0 0 940 163.848 0.66114 26.6819 2.4741 44.2903 5.32414
0 0 941 175.978 10.7029 36.7498 0.914774 36.8812 3.72322
0 0 942 182.129 4.41997 44.7629 8.8212 42.1804 3.16025
0 0 943 199.747 20.6012 44.752 1.97228 32.6407 2.90304
0 0 944 196.065 24.9836 69.4017 3.11618 35.101 1.93468
0 0 945 215.16 14.1748 76.8165 -3.55376 39.7725 1.82137
0 0 946 219.319 17.9443 75.2496 0.353236 38.2937 1.84054
0 0 947 231.181 26.1159 78.0111 8.39954 35.7455 1.73378
0 0 948 231.319 27.8116 81.5351 13.5989 35.5828 1.65587
0 0 949 230.639 18.1664 76.3863 7.16605 38.3111 1.8134
0 0 950 224.71 22.9689 81.861 -7.90265 37.1634 1.67585
0 0 951 231.966 22.1893 74.6362 10.9948 36.7214 1.83046
0 0 952 216.96 23.7912 69.4184 6.07764 35.5411 1.94399
0 0 953 212.251 12.9089 56.1507 -2.94922 38.5264 2.47094
0 0 954 214.173 31.3 49.3923 1.71164 28.8187 2.4559
0 0 955 191.038 25.2581 48.5664 6.3127 31.2611 2.61631
0 0 956 185.443 18.2019 30.1111 1.10045 29.4237 4.07869
0 0 957 163.515 14.3762 22.3966 6.01693 28.652 5.39708
0 0 958 171.441 1.61526 37.239 0.109752 43.7582 3.81255
0 0 959 153.269 2.65903 19.833 8.89487 41.1819 7.10591
0 0 960 147.994 6.88528 16.764 5.15219 33.8356 7.88291
0 0 961 134.866 8.57693 9.76648 3.40857 0 0
0 0 962 127.271 -4.62069 -0.578048 -1.13219 0 0
0 0 963 129.072 3.85951 9.48057 4.40886 0 0
0 0 964 132.37 -2.06766 6.83963 -5.99733 0 0
0 0 965 114.535 5.36683 6.85806 -4.36099 0 0
0 0 966 114.871 4.57551 -3.45939 2.78712 0 0
0 0 967 106.488 -1.29362 0.355966 4.42322 0 0
0 0 968 105.195 -1.79408 -6.94193 6.23224 0 0
0 0 969 104.674 -8.59688 -12.2828 -7.28275 0 0
0 0 970 106.452 -3.40208 -5.16915 -8.22905 0 0
0 0 971 95.3466 -0.389812 -21.3218 1.42727 -45.5237 6.66345
0 0 972 93.7458 -7.18386 -9.85149 -1.25068 0 0
0 0 973 88.1647 -4.06085 -13.6818 -0.102164 0 0
0 0 974 90.613 -7.03437 -5.45411 -12.5842 0 0
0 0 975 82.519 -1.64787 -12.3361 -14.3676 0 0
0 0 976 81.5434 -11.3204 -10.2203 -3.08649 0 0
0 0 977 87.3286 -9.72356 -18.0539 -4.69116 -59.1531 6.98749
0 0 978 84.1589 -1.28036 -15.9322 -4.00106 0 0
0 0 979 78.6844 -5.02133 -8.15407 0.433074 0 0
0 0 980 85.5176 1.06533 -27.709 -1.91994 -43.8991 5.12476
0 0 981 74.2141 -16.7232 -7.35796 -6.76657 -78.1256 8.01672
0 0 982 75.9385 -11.413 -13.5738 -8.04394 -65.0287 8.13537
0 0 983 64.0938 -8.92006 -13.6874 -6.24192 0 0
0 0 984 67.8561 -15.4193 -4.90626 -15.1148 0 0
0 0 985 67.4124 -18.976 -10.956 -2.2447 -74.9998 6.66387
0 0 986 65.8384 -4.27557 -7.71216 -7.08677 0 0
0 0 987 59.6258 -5.13271 -6.07173 -10.0128 0 0
0 0 988 62.7482 -2.40158 -13.8305 -6.56901 0 0
0 0 989 56.4639 -5.65319 -3.91747 -3.55379 0 0
0 0 990 51.8381 -13.1294 -6.32064 -9.34791 0 0
0 0 991 53.0306 -8.6779 -13.692 -5.7383 0 0
0 0 992 55.5887 -13.2635 -4.48714 -7.31232 0 0
0 0 993 34.5001 -11.588 0.31861 -10.0219 0 0
0 0 994 47.8064 -9.50389 -6.03329 -7.80067 0 0
0 0 995 40.2788 -8.43196 -8.16349 -10.0944 0 0
0 0 996 46.9752 -8.49741 -2.85022 -9.32666 0 0
0 0 997 34.5215 -17.9299 -11.0376 -3.30442 -74.1919 6.92895
0 0 998 42.6272 -1.17416 -6.50101 -5.16714 0 0
0 0 999 36.0458 -9.84451 1.92369 -6.37091 0 0
0 0 1000 38.8474 -7.57446 0.189523 -10.1517 0 0
0 0 1001 34.7908 -6.28543 -5.86119 -2.45115 0 0
0 0 1002 30.0132 -17.516 -10.1727 -10.4575 -74.9267 7.20811
0 0 1003 25.3588 -8.79324 2.0112 1.03825 0 0
0 0 1004 25.2349 -12.0638 -0.792899 -5.61941 0 0
0 0 1005 31.0706 -7.00967 -0.427545 -7.29177 0 0
0 0 1006 29.8435 -6.46845 -4.94093 -3.92416 0 0
0 0 1007 17.1735 -17.6574 -2.10611 -2.47998 -86.599 8.27934
0 0 1008 31.2867 -12.5849 -4.5675 -4.44338 0 0
0 0 1009 28.8538 -7.6563 -11.6325 -3.23283 0 0
0 0 1010 27.7618 -11.99 -0.585403 -2.9904 0 0
0 0 1011 25.5752 -13.1967 2.28114 -7.03101 0 0
0 0 1012 24.6006 -10.9032 -8.56145 -3.21818 0 0
0 0 1013 23.8383 -10.0527 -7.00012 -9.80765 0 0
0 0 1014 23.9034 -12.7772 -6.22993 3.0689 0 0
0 0 1015 18.0819 -2.07066 7.55288 -3.53921 0 0
0 0 1016 23.6345 -9.91838 6.71332 5.46192 0 0
0 0 1017 18.0234 1.17927 -3.74099 -2.15622 0 0
0 0 1018 16.3987 -0.372118 0.289013 8.73842 0 0
0 0 1019 4.41863 -8.09403 -5.68991 2.6871 0 0
0 0 1020 21.7346 -11.8076 -3.5566 -8.94625 0 0
0 0 1021 20.784 -0.0776348 -4.06513 -6.27367 0 0
0 0 1022 17.7859 -0.898247 -6.89635 -4.84501 0 0
0 0 1023 11.5346 -2.80169 -7.86948 -3.68515 0 0
