# File: uwl_200926_090321_b4.rf.sbC2.RMC_aux Src: J1713+0747 Nsub: 1 Nch: 1 Npol: 4 Nbin: 1024 RMS: 2.54555
0 0 0 1.99869 -0.618434 1.02119 -4.05111 0 0
0 0 1 5.23903 2.00464 -0.394835 -0.970662 0 0
0 0 2 -0.303112 -2.47452 -0.182364 -5.80902 0 0
0 0 3 0.585271 0.650695 -2.37456 -6.80315 0 0
0 0 4 -1.5686 -0.00754124 -5.15072 1.50547 0 0
0 0 5 2.86313 1.3062 1.58108 1.87203 0 0
0 0 6 -2.06775 -0.490439 5.31697 0.237138 0 0
0 0 7 3.02958 -2.29292 1.21711 -1.06856 0 0
0 0 8 5.23373 -1.09741 1.98302 -1.15979 0 0
0 0 9 2.40758 3.62432 -1.70265 0.198889 0 0
0 0 10 2.10632 -1.32163 -0.958065 0.748615 0 0
0 0 11 -0.803254 -3.94987 -5.59206 0.433379 0 0
0 0 12 -2.03875 -0.805803 -0.715743 -0.523844 0 0
0 0 13 -1.31353 -1.5254 -2.14035 0.109778 0 0
0 0 14 -3.05492 0.616579 -4.15303 -11.9388 0 0
0 0 15 -3.80452 -1.66719 3.48313 0.423767 0 0
0 0 16 -1.67683 -2.6878 0.992495 0.300897 0 0
0 0 17 0.838797 -3.78464 0.834629 -0.213774 0 0
0 0 18 2.66385 0.955131 1.87818 2.7883 0 0
0 0 19 -1.1893 2.05557 -3.96142 2.25889 0 0
0 0 20 -1.36528 2.08507 -0.768276 7.65276 0 0
0 0 21 -1.86538 0.702337 4.682 7.71581 0 0
0 0 22 3.30728 0.771416 0.961211 3.7666 0 0
0 0 23 -0.944781 4.47573 2.34157 -1.26442 0 0
0 0 24 1.94996 1.70324 -3.91389 -1.99108 0 0
0 0 25 -1.75578 -2.60005 -0.0291065 -1.44925 0 0
0 0 26 3.25039 0.955615 5.93035 4.26789 0 0
0 0 27 -4.12143 0.163849 -1.61139 -1.55559 0 0
0 0 28 -3.16214 1.54466 -1.48251 -0.335934 0 0
0 0 29 0.287756 -2.0262 -0.726072 -2.92621 0 0
0 0 30 -0.664048 2.19209 -1.41187 2.74981 0 0
0 0 31 4.05106 2.68269 -0.194497 0.459894 0 0
0 0 32 4.3711 2.05256 1.63848 -0.0420129 0 0
0 0 33 -0.686153 2.13373 5.97008 1.97602 0 0
0 0 34 -4.77897 -0.779253 -1.94973 2.62719 0 0
0 0 35 -0.194614 3.08966 -1.78117 2.77062 0 0
0 0 36 1.89547 -5.07194 -1.64282 2.8935 0 0
0 0 37 -3.35887 -2.50984 -2.45812 1.05837 0 0
0 0 38 0.71916 6.024 -4.26635 3.98765 0 0
0 0 39 5.68042 -2.3099 1.02448 1.44466 0 0
0 0 40 4.34939 -5.39327 -1.63077 -0.519597 0 0
0 0 41 -2.34428 1.86932 -2.7754 -0.597456 0 0
0 0 42 4.36043 1.07067 0.672148 -2.3443 0 0
0 0 43 1.30463 3.51071 0.702638 -2.03968 0 0
0 0 44 0.168028 1.14135 2.312 2.99446 0 0
0 0 45 -1.05697 -0.397188 -1.21762 -0.105862 0 0
0 0 46 -0.383341 1.09106 0.785701 0.813254 0 0
0 0 47 -4.29578 -3.19578 0.0267608 -2.02932 0 0
0 0 48 0.972511 -0.666746 -1.68412 -0.572144 0 0
0 0 49 1.91561 2.45397 1.63333 -2.69316 0 0
0 0 50 -0.0805513 3.61834 4.85941 -3.03263 0 0
0 0 51 0.426315 1.59725 1.76815 0.580338 0 0
0 0 52 -5.90617 1.68856 -7.21487 1.05734 0 0
0 0 53 -0.358397 1.2601 0.652328 2.10316 0 0
0 0 54 -2.60004 3.58586 3.74206 -5.15366 0 0
0 0 55 -2.79733 2.19733 -1.50234 -0.569239 0 0
0 0 56 -0.623255 -0.407544 2.83862 1.61864 0 0
0 0 57 0.751078 -2.44618 -1.03081 -2.44884 0 0
0 0 58 2.05277 -1.33304 0.696657 -2.27952 0 0
0 0 59 0.582037 1.30582 -1.45532 -1.63738 0 0
0 0 60 2.40099 -1.34071 2.48741 2.10214 0 0
0 0 61 -3.25958 1.43168 1.33584 1.44272 0 0
0 0 62 1.64843 -5.41058 0.554068 -6.16894 0 0
0 0 63 1.45917 0.0673144 -0.29576 -2.89128 0 0
0 0 64 -0.657575 -1.71872 0.0984822 2.53296 0 0
0 0 65 1.26176 -2.27777 1.35009 -4.74466 0 0
0 0 66 2.46682 -2.73678 -2.02133 7.16523 0 0
0 0 67 -0.696483 4.29856 -3.07163 -0.216532 0 0
0 0 68 2.0427 -1.09931 -1.48161 -2.10729 0 0
0 0 69 -4.69412 2.98945 -0.544243 -2.4127 0 0
0 0 70 -0.127193 -1.46628 1.54735 0.754805 0 0
0 0 71 -1.6898 -2.34445 0.322835 -5.19073 0 0
0 0 72 -3.46368 -5.37962 -0.478416 6.91927 0 0
0 0 73 -0.464666 -3.23237 5.69489 -2.6533 0 0
0 0 74 -0.197419 1.55347 -1.25502 3.08642 0 0
0 0 75 3.94469 2.07599 -2.66438 2.00762 0 0
0 0 76 -1.93194 1.31971 -0.844647 1.3868 0 0
0 0 77 -3.97511 -2.68628 -2.8808 -0.76608 0 0
0 0 78 0.221975 -1.35959 2.49177 2.35162 0 0
0 0 79 -0.724427 1.89544 -0.582715 0.301612 0 0
0 0 80 1.2637 -1.20239 1.90444 -2.07803 0 0
0 0 81 -2.6579 -1.63741 -0.0280963 6.21075 0 0
0 0 82 0.0864326 0.804838 1.52763 6.4721 0 0
0 0 83 5.69522 -1.12084 -4.00347 0.769579 0 0
0 0 84 1.00706 0.147 -0.251199 1.85484 0 0
0 0 85 1.60997 2.611 -1.10539 -4.43115 0 0
0 0 86 -0.924035 -3.09794 -3.00563 -0.373402 0 0
0 0 87 -0.558093 3.67672 0.282631 -1.60862 0 0
0 0 88 3.79854 2.64874 0.809024 -0.78442 0 0
0 0 89 -0.908025 3.88264 -0.799207 -1.53885 0 0
0 0 90 -1.37448 -0.54452 -1.10741 -6.03995 0 0
0 0 91 -1.35337 -0.468797 -4.4661 -0.525657 0 0
0 0 92 2.23905 -2.02078 6.30498 1.22535 0 0
0 0 93 2.12639 -3.2339 -0.0109348 -2.68764 0 0
0 0 94 -0.386828 7.68766 -1.45842 -3.60568 0 0
0 0 95 0.524919 -1.89969 1.14071 -2.47883 0 0
0 0 96 -5.15397 -3.00221 1.42581 2.00248 0 0
0 0 97 1.03078 1.8058 -1.26459 -3.1072 0 0
0 0 98 4.21644 -2.38284 1.95476 1.06239 0 0
0 0 99 1.28179 -0.23355 4.15709 -2.24299 0 0
0 0 100 -2.57485 -6.70981 -0.618826 1.29725 0 0
0 0 101 1.35464 -6.17424 -0.211973 -0.674274 0 0
0 0 102 -0.267803 2.56602 -3.655 4.92686 0 0
0 0 103 3.73651 5.4891 1.39152 1.24438 0 0
0 0 104 -2.70502 -4.4923 2.3381 0.64456 0 0
0 0 105 0.342892 -4.2042 -1.19877 -2.89228 0 0
0 0 106 2.2208 3.21986 1.19475 -4.38197 0 0
0 0 107 -3.81372 3.07344 2.1423 -3.20674 0 0
0 0 108 -0.738818 -3.21131 -3.57481 3.56421 0 0
0 0 109 4.47248 -0.24333 -1.97002 0.879784 0 0
0 0 110 -0.916967 2.42877 2.03936 -0.45779 0 0
0 0 111 0.629978 1.36379 2.34875 1.1919 0 0
0 0 112 -3.00243 0.3237 3.5239 -0.766958 0 0
0 0 113 -3.03579 -2.65874 0.80019 -2.97541 0 0
0 0 114 -1.82736 4.77569 -0.490436 0.832728 0 0
0 0 115 -1.67179 -3.1413 -3.42045 -0.200156 0 0
0 0 116 -0.465362 2.79793 -0.9924 7.06719 0 0
0 0 117 3.13426 0.535575 4.86222 -1.26815 0 0
0 0 118 -0.997956 -2.32059 -3.89583 0.954998 0 0
0 0 119 0.0588245 3.95009 2.43478 5.27357 0 0
0 0 120 1.07584 0.946607 3.81397 3.56034 0 0
0 0 121 1.10159 -0.682237 -0.922277 -0.635051 0 0
0 0 122 -0.459629 4.29461 0.65431 -2.60431 0 0
0 0 123 5.13891 -1.77486 0.526278 -5.5256 0 0
0 0 124 -3.30018 -1.45836 2.75174 -1.01891 0 0
0 0 125 -0.530125 0.407284 0.645613 1.5418 0 0
0 0 126 -0.0498956 0.702833 -2.6805 -2.50046 0 0
0 0 127 0.224179 0.627153 -3.53967 2.32124 0 0
0 0 128 -4.19217 1.87543 -5.26844 -2.12746 0 0
0 0 129 -2.66181 0.280968 -0.859242 -1.70008 0 0
0 0 130 -1.23345 2.4411 -2.18017 2.44212 0 0
0 0 131 0.290428 -3.43053 3.91461 -1.17578 0 0
0 0 132 -1.39854 -3.16399 -0.0365864 0.49126 0 0
0 0 133 1.24926 0.480543 2.34115 -1.58092 0 0
0 0 134 -0.525716 4.078 -2.65781 -0.0714314 0 0
0 0 135 -2.40868 1.20739 2.4876 2.09634 0 0
0 0 136 -0.610141 -1.67417 1.34249 1.15598 0 0
0 0 137 2.1566 -0.457486 -5.18138 1.84189 0 0
0 0 138 -1.50354 -0.33683 -1.25947 -4.95594 0 0
0 0 139 -0.257357 0.660561 1.04411 2.11474 0 0
0 0 140 0.943929 0.426719 4.11304 0.316311 0 0
0 0 141 2.73807 -1.18821 1.04413 -2.22593 0 0
0 0 142 3.09517 6.25013 1.76889 -5.22635 0 0
0 0 143 -1.53294 5.16789 6.01647 -2.25165 0 0
0 0 144 4.13551 1.52872 0.713457 0.372341 0 0
0 0 145 -4.56022 -0.931688 1.81662 1.62488 0 0
0 0 146 -0.0830675 -2.41176 -0.145866 1.08168 0 0
0 0 147 0.750431 -4.8426 -0.932969 -0.750221 0 0
0 0 148 5.1038 -0.197396 1.8936 2.18037 0 0
0 0 149 -2.63274 1.04345 -5.67577 3.58778 0 0
0 0 150 0.406049 0.218259 3.4802 -2.22562 0 0
0 0 151 0.0668921 -2.60744 2.64469 1.61294 0 0
0 0 152 7.85369 2.10138 -0.903327 -3.1957 0 0
0 0 153 0.611822 2.2788 -3.52492 -2.14173 0 0
0 0 154 -5.55762 -1.02941 6.22033 -2.224 0 0
0 0 155 -0.0839621 -1.21137 1.95243 -4.40145 0 0
0 0 156 2.94802 -4.28461 -0.853679 0.296103 0 0
0 0 157 -0.481633 -0.375839 -4.8461 -0.0569592 0 0
0 0 158 -0.567369 0.249538 1.89685 -4.93476 0 0
0 0 159 1.45274 0.804258 1.60344 2.01422 0 0
0 0 160 2.76864 -3.31844 -1.22778 0.853975 0 0
0 0 161 -0.43106 8.46847 -2.66087 -0.727391 0 0
0 0 162 2.38211 4.75953 -6.62519 1.54397 0 0
0 0 163 0.954387 4.3665 -1.45251 -1.16785 0 0
0 0 164 0.764535 4.0157 5.89703 0.259346 0 0
0 0 165 6.78781 -3.0077 2.46827 -0.103245 0 0
0 0 166 1.55172 0.835431 -1.32339 6.04751 0 0
0 0 167 1.42577 4.08695 4.83345 2.91075 0 0
0 0 168 -0.745769 -4.69754 2.19423 1.2383 0 0
0 0 169 -6.76889 -0.958176 0.655926 -2.36128 0 0
0 0 170 4.46247 -2.50424 -0.8993 -4.64309 0 0
0 0 171 5.40973 -6.45861 -2.24562 -1.83834 0 0
0 0 172 -1.04933 0.335239 -5.54724 0.924565 0 0
0 0 173 -2.9763 2.04538 3.91161 -7.15519 0 0
0 0 174 1.96313 -3.35667 -2.59828 -0.0565942 0 0
0 0 175 3.79241 -1.78463 0.25113 2.99549 0 0
0 0 176 -3.06859 -1.0771 2.49008 0.500753 0 0
0 0 177 -4.76404 0.861436 -1.40176 3.51413 0 0
0 0 178 -1.14959 3.38136 1.27076 -1.12786 0 0
0 0 179 4.60627 -1.96925 1.9203 1.33998 0 0
0 0 180 1.34085 0.745135 -1.05833 -2.69505 0 0
0 0 181 3.25642 -2.21999 0.886002 -0.0246888 0 0
0 0 182 1.73399 0.184165 4.19307 -1.94778 0 0
0 0 183 -0.636487 -0.253414 -3.1197 0.342507 0 0
0 0 184 2.05838 -0.157794 -1.95129 3.16061 0 0
0 0 185 2.51674 -8.3897 0.822284 -3.92866 0 0
0 0 186 1.58902 -0.78668 -2.01649 -3.00941 0 0
0 0 187 6.2545 2.67482 3.78694 -1.89207 0 0
0 0 188 -1.81691 3.06633 0.165645 -2.12499 0 0
0 0 189 0.625535 -4.65364 3.23611 2.96268 0 0
0 0 190 -3.30249 1.41585 0.397318 3.0701 0 0
0 0 191 -1.22491 -0.101367 1.71299 -0.571352 0 0
0 0 192 3.62061 6.99474 2.49678 -1.18624 0 0
0 0 193 3.26891 -0.616904 1.5791 3.83506 0 0
0 0 194 -0.136774 0.625019 3.09706 0.794237 0 0
0 0 195 -1.81186 9.88751 -1.42095 -0.344605 -4.08904 7.62155
0 0 196 0.1763 -4.08 -0.710237 6.60771 0 0
0 0 197 3.972 -2.05583 -0.33838 0.836039 0 0
0 0 198 0.408598 -0.0700984 -2.07564 -0.985936 0 0
0 0 199 4.22891 3.63942 1.21106 1.63222 0 0
0 0 200 2.05809 1.24848 -0.725247 -0.680463 0 0
0 0 201 0.994269 -2.14412 0.720262 -1.30349 0 0
0 0 202 -1.9102 -3.03076 0.0994063 0.735951 0 0
0 0 203 -3.80703 -0.232962 2.07412 -5.39163 0 0
0 0 204 -4.60191 -1.36422 1.47862 -4.26278 0 0
0 0 205 -1.90121 -2.61944 2.32384 -5.81325 0 0
0 0 206 2.88784 -3.75551 -1.11625 -1.84073 0 0
0 0 207 -4.37519 -1.22599 -0.0768767 0.239758 0 0
0 0 208 -1.67362 4.49004 1.63815 2.25812 0 0
0 0 209 0.575238 -0.837995 -0.279084 -2.5455 0 0
0 0 210 2.85647 -3.56529 -7.43625 2.7518 0 0
0 0 211 -3.4187 -1.4045 -1.32024 0.880025 0 0
0 0 212 1.2405 2.78565 0.149607 -0.28462 0 0
0 0 213 -6.30799 2.52481 -5.23338 0.700596 0 0
0 0 214 -1.29501 -4.94874 -0.640238 6.97279 0 0
0 0 215 -0.426919 -0.192634 -3.45762 -1.29512 0 0
0 0 216 0.649939 1.16853 -3.07961 0.731845 0 0
0 0 217 -2.76305 3.02588 -4.46694 1.72951 0 0
0 0 218 2.14549 2.73092 0.989915 -0.587367 0 0
0 0 219 -2.11106 1.94646 -3.35981 -6.0204 0 0
0 0 220 -0.159642 -1.2213 -2.65651 2.07767 0 0
0 0 221 -0.576943 -1.51109 -3.36367 -2.11029 0 0
0 0 222 0.678711 -3.36878 -5.25035 1.16213 0 0
0 0 223 1.17263 0.888671 0.0260622 -0.429613 0 0
0 0 224 0.487552 1.36412 -3.47449 0.0473137 0 0
0 0 225 -0.431063 -1.31584 -0.0413341 3.35428 0 0
0 0 226 2.55521 0.107973 -2.15038 6.12062 0 0
0 0 227 4.25921 -0.444806 -0.17943 -1.03316 0 0
0 0 228 2.53877 -4.96605 -3.35066 -3.59516 0 0
0 0 229 2.15638 -0.947327 -5.05396 -0.0658375 0 0
0 0 230 -0.723154 -4.77069 1.58275 1.58579 0 0
0 0 231 -0.694413 2.21498 -0.908684 -0.983692 0 0
0 0 232 1.05759 0.26349 -2.59775 -2.70424 0 0
0 0 233 0.789455 -1.67202 -5.95065 4.03587 0 0
0 0 234 0.204486 2.07187 1.77437 4.67175 0 0
0 0 235 -4.04862 -2.36789 1.28014 -0.216934 0 0
0 0 236 2.85113 0.74012 -5.99195 -0.839372 0 0
0 0 237 2.87367 3.75718 0.604207 -0.450597 0 0
0 0 238 2.1111 1.34158 -1.43361 3.38528 0 0
0 0 239 1.30995 0.184758 -0.00490016 -2.49957 0 0
0 0 240 1.46844 1.37965 -1.7097 -3.11677 0 0
0 0 241 2.77695 -3.28297 -0.0104675 -5.75671 0 0
0 0 242 4.12128 5.70299 2.93086 0.516188 0 0
0 0 243 0.287463 1.55689 1.45203 1.9077 0 0
0 0 244 0.0750405 -1.28729 -1.5055 0.450628 0 0
0 0 245 4.60562 2.36313 3.34868 0.274687 0 0
0 0 246 2.7247 -2.94266 -0.44073 0.886659 0 0
0 0 247 -1.24305 4.63631 1.00365 2.15896 0 0
0 0 248 -1.21305 0.191321 -2.10836 -0.254222 0 0
0 0 249 -2.08847 2.7297 -5.87248 -8.28047 0 0
0 0 250 1.40772 1.36588 -4.99177 -0.339734 0 0
0 0 251 0.780648 -3.53115 -1.04286 -0.415145 0 0
0 0 252 -3.62976 -3.28427 1.89941 3.6507 0 0
0 0 253 2.28486 0.59477 -2.23601 -4.45226 0 0
0 0 254 1.44031 0.086526 1.14706 -0.599107 0 0
0 0 255 -1.7628 1.10884 2.24585 -0.86001 0 0
0 0 256 2.25189 -5.47064 -1.25723 1.29419 0 0
0 0 257 -2.54065 -1.34955 -0.935329 -1.35696 0 0
0 0 258 3.8118 -0.117094 0.716684 -1.13265 0 0
0 0 259 1.70607 -0.665016 1.70967 -4.8312 0 0
0 0 260 -2.14076 -2.08808 2.43368 4.98888 0 0
0 0 261 -0.420524 -2.32852 -2.26987 -0.511191 0 0
0 0 262 2.30592 -4.18332 -1.8166 2.26806 0 0
0 0 263 -3.41361 -1.64283 -2.22357 0.929249 0 0
0 0 264 -0.661413 0.296971 -3.00251 -0.21211 0 0
0 0 265 -1.89271 -6.24656 0.430888 0.0415098 0 0
0 0 266 0.247122 3.32659 -3.03061 -0.223948 0 0
0 0 267 -7.21879 1.76111 2.74145 -0.589605 0 0
0 0 268 2.21969 0.894164 1.8803 -0.496015 0 0
0 0 269 1.75606 3.62933 -1.58242 -5.02624 0 0
0 0 270 0.254729 0.0502493 2.29205 -0.171435 0 0
0 0 271 0.53501 -3.30832 -4.04424 -0.265566 0 0
0 0 272 0.0835926 -2.04031 -2.24868 -1.19655 0 0
0 0 273 -2.29153 1.1349 1.93843 2.08698 0 0
0 0 274 4.01435 -3.33141 -1.84271 -2.69995 0 0
0 0 275 -2.88271 4.06874 -4.82271 0.621468 0 0
0 0 276 0.0589957 -2.63342 -4.51222 -1.01234 0 0
0 0 277 1.59572 2.0407 -0.710678 -6.21616 0 0
0 0 278 2.97404 6.25745 -2.69006 2.31903 0 0
0 0 279 -1.02568 0.491401 0.464028 3.05323 0 0
0 0 280 5.47914 -1.90891 4.43332 2.78839 0 0
0 0 281 4.13181 -5.67877 -0.142794 -1.64649 0 0
0 0 282 1.98449 1.8432 3.80341 1.90679 0 0
0 0 283 -1.54666 0.507415 -0.362889 -6.84636 0 0
0 0 284 0.708435 1.57708 -1.90987 -0.351341 0 0
0 0 285 0.329798 -0.398428 -2.34934 -0.700553 0 0
0 0 286 -1.78793 -4.50924 -0.297892 0.891409 0 0
0 0 287 -0.499097 1.96915 -1.6351 0.160163 0 0
0 0 288 0.505764 -0.156385 0.810505 3.7972 0 0
0 0 289 -5.7404 0.119845 0.302959 -3.61812 0 0
0 0 290 -0.534385 3.15844 0.0263109 -1.48441 0 0
0 0 291 2.75786 5.61227 1.86606 -1.16659 0 0
0 0 292 -0.64668 -0.280497 -1.93137 0.183899 0 0
0 0 293 1.56563 0.91207 -2.55399 -0.224999 0 0
0 0 294 -4.01234 0.839366 -4.42589 -3.87821 0 0
0 0 295 -0.680848 1.94368 -2.37286 -3.39248 0 0
0 0 296 1.45731 -0.426859 5.13377 0.14218 0 0
0 0 297 2.83352 3.87916 2.96951 -3.0919 0 0
0 0 298 2.21954 2.81486 -2.50996 7.337 0 0
0 0 299 0.941528 3.16536 -3.21741 0.092795 0 0
0 0 300 1.07459 -1.35924 2.45121 -0.0878901 0 0
0 0 301 4.63786 -5.96728 -4.42747 -1.20861 0 0
0 0 302 2.6325 -2.65844 2.31178 2.47894 0 0
0 0 303 -0.646304 -1.55516 2.55707 2.71601 0 0
0 0 304 -1.97865 2.66876 -3.21323 1.0051 0 0
0 0 305 3.10089 2.83069 -0.299059 -1.32841 0 0
0 0 306 3.41591 3.2066 -2.26185 0.919796 0 0
0 0 307 1.9997 -5.25013 -0.42676 2.13899 0 0
0 0 308 -1.11233 -4.96106 0.601837 -0.0595089 0 0
0 0 309 0.00693208 1.85317 1.69101 5.01503 0 0
0 0 310 3.00357 -1.93076 -2.60656 0.0603302 0 0
0 0 311 -2.78625 2.59396 4.21009 -0.69421 0 0
0 0 312 4.04177 1.34833 -1.65564 0.929739 0 0
0 0 313 1.77859 0.00094378 -3.80702 -3.4439 0 0
0 0 314 1.92315 -5.647 4.14451 -2.74235 0 0
0 0 315 0.635435 0.755934 -5.34829 0.645426 0 0
0 0 316 1.34585 -1.06296 7.01544 0.00676331 0 0
0 0 317 -0.984494 0.584427 0.710706 0.645347 0 0
0 0 318 1.83987 0.69598 0.418922 -4.57199 0 0
0 0 319 -2.61304 1.881 3.70439 -2.00919 0 0
0 0 320 2.17145 -3.26851 -3.54536 0.592318 0 0
0 0 321 -2.37344 -3.7628 1.47751 2.18968 0 0
0 0 322 -0.900443 1.27535 -2.80161 -1.51345 0 0
0 0 323 2.61182 -3.81775 -0.589363 -0.567628 0 0
0 0 324 3.24687 3.87938 -4.59715 0.740342 0 0
0 0 325 2.26567 -6.01097 -1.57632 3.6641 0 0
0 0 326 5.02233 5.25376 -0.196292 2.09155 0 0
0 0 327 4.63889 0.884645 -2.13391 3.38949 0 0
0 0 328 2.35222 3.15749 -0.565903 5.05219 0 0
0 0 329 1.56976 -0.388602 3.01111 -2.05989 0 0
0 0 330 -1.48109 1.42352 3.7798 2.06789 0 0
0 0 331 -2.425 -2.72466 -1.50973 -0.281575 0 0
0 0 332 -2.36388 -1.69312 -2.25555 5.02447 0 0
0 0 333 2.90267 3.15108 2.53759 -2.77581 0 0
0 0 334 1.09048 -0.951624 5.0741 -5.00133 0 0
0 0 335 2.64029 4.56869 2.68217 -2.07987 0 0
0 0 336 -4.48208 0.177369 -4.91345 4.54955 0 0
0 0 337 2.63078 -1.02121 0.0099488 -3.61124 0 0
0 0 338 -0.0647855 0.698506 -1.91085 -3.99033 0 0
0 0 339 -2.03458 2.0093 -2.45032 4.78386 0 0
0 0 340 3.20014 1.66887 1.27994 1.83801 0 0
0 0 341 4.04738 5.76313 0.704382 2.31544 0 0
0 0 342 -0.787048 -2.15874 4.58189 -2.26444 0 0
0 0 343 -5.60974 3.58163 -0.506647 -1.401 0 0
0 0 344 2.54088 -1.54133 -1.60671 0.370112 0 0
0 0 345 4.01362 2.87002 5.00836 0.461459 0 0
0 0 346 1.24171 0.08607 0.290657 2.93976 0 0
0 0 347 1.1159 -1.17599 2.93869 -2.35415 0 0
0 0 348 1.06381 -0.68457 1.40093 -2.12473 0 0
0 0 349 -0.201617 0.958046 -1.29762 0.674535 0 0
0 0 350 3.02959 -1.81837 2.31773 2.21158 0 0
0 0 351 1.34867 3.49216 2.11198 -5.50773 0 0
0 0 352 0.058728 0.58492 -3.99316 1.7014 0 0
0 0 353 -1.30221 3.63756 0.16701 0.589805 0 0
0 0 354 0.424197 -0.809109 4.24877 -2.40205 0 0
0 0 355 2.02424 3.29922 -2.33592 -9.03433 0 0
0 0 356 -2.75109 -2.54024 0.257845 -1.39168 0 0
0 0 357 6.41375 3.25961 1.7475 2.4851 0 0
0 0 358 5.61608 1.96833 1.70336 -5.31192 0 0
0 0 359 2.57488 -1.77148 -2.11772 -0.100783 0 0
0 0 360 0.541475 -1.27922 -2.93285 3.37028 0 0
0 0 361 -1.8663 -0.379311 3.60854 0.739635 0 0
0 0 362 2.73774 -1.34492 2.38357 -3.3274 0 0
0 0 363 -0.873743 2.91188 -4.40858 -3.41849 0 0
0 0 364 -4.74954 -0.537702 2.86979 -2.70864 0 0
0 0 365 6.91662 3.96953 -0.547297 2.98951 0 0
0 0 366 1.68393 -2.66716 0.808376 -0.853543 0 0
0 0 367 4.00279 0.973301 1.86785 -1.56032 0 0
0 0 368 4.44837 -2.14365 8.09167 -3.89384 0 0
0 0 369 2.32403 -2.77481 0.0336338 1.65116 0 0
0 0 370 -3.97148 -6.40411 -1.70128 4.84638 0 0
0 0 371 0.114664 -1.49341 -5.48516 1.1288 0 0
0 0 372 0.278691 -3.59981 -0.137166 -0.413956 0 0
0 0 373 2.84796 6.65652 -3.42621 0.666167 0 0
0 0 374 -1.8625 1.32336 0.438081 2.03782 0 0
0 0 375 2.72653 -1.3906 -1.39058 1.35052 0 0
0 0 376 -1.46643 5.21837 2.40304 -0.372025 0 0
0 0 377 3.25709 -0.637694 -5.283 -0.567448 0 0
0 0 378 0.445363 0.968531 0.91405 2.22058 0 0
0 0 379 -0.409269 -1.16302 1.41717 5.88644 0 0
0 0 380 3.88201 2.84273 -1.98094 1.72788 0 0
0 0 381 -1.78187 0.630988 1.78215 -1.67801 0 0
0 0 382 3.07881 3.29747 4.25642 0.852393 0 0
0 0 383 -0.259978 -1.05194 2.08665 -3.13477 0 0
0 0 384 -1.13895 4.05205 0.944979 -1.21069 0 0
0 0 385 1.22976 -1.77068 -1.46919 0.448362 0 0
0 0 386 -1.99048 -5.02023 -4.18391 -1.62623 0 0
0 0 387 -0.616666 -2.18347 -1.57655 2.63865 0 0
0 0 388 3.18191 -0.306621 -0.432281 2.04285 0 0
0 0 389 0.787789 0.881325 -0.177507 -3.25731 0 0
0 0 390 -0.76238 1.58553 -3.94237 -4.11847 0 0
0 0 391 1.91179 -1.25364 1.53638 -1.47349 0 0
0 0 392 -1.2785 -2.42864 -4.83228 -3.60549 0 0
0 0 393 0.215423 -1.20148 3.28782 -1.51607 0 0
0 0 394 0.311782 0.16071 -1.72922 1.01265 0 0
0 0 395 -1.5925 5.93757 5.54612 -1.96161 0 0
0 0 396 -7.30011 -0.847444 -2.92054 -2.96365 0 0
0 0 397 -0.872036 -0.560333 2.58468 -1.87429 0 0
0 0 398 -2.2524 -1.56123 -5.66047 1.75438 0 0
0 0 399 -2.95434 2.56253 -2.18711 -2.11518 0 0
0 0 400 1.84914 1.15447 2.67171 0.450023 0 0
0 0 401 -2.54233 -3.41089 -1.68781 -2.47927 0 0
0 0 402 -3.78757 4.6813 1.61451 -0.678202 0 0
0 0 403 -2.23378 -0.767099 -0.15318 -1.37532 0 0
0 0 404 1.27191 1.10489 4.0122 -2.93369 0 0
0 0 405 -5.71874 1.55007 0.94323 0.653111 0 0
0 0 406 -0.135003 0.740934 1.95878 -0.800435 0 0
0 0 407 4.31588 -2.86607 5.3595 -1.78671 0 0
0 0 408 5.1449 0.635936 -0.0659665 4.44888 0 0
0 0 409 2.70665 -6.01441 4.96749 1.18537 0 0
0 0 410 -3.84059 4.00153 1.12674 1.89646 0 0
0 0 411 0.000351116 -0.364002 -2.86344 -4.79418 0 0
0 0 412 3.0976 -1.22493 -0.848843 -3.16117 0 0
0 0 413 -0.596989 6.03245 -2.90705 -1.68514 0 0
0 0 414 -0.280543 6.07884 -0.864994 0.183026 0 0
0 0 415 -0.503103 2.8378 -1.0592 -3.04756 0 0
0 0 416 1.20986 -1.33986 3.12142 -2.17699 0 0
0 0 417 1.45876 -3.90175 0.812831 -3.40654 0 0
0 0 418 -4.82901 2.64392 -3.62305 -1.92107 0 0
0 0 419 1.6351 0.332457 0.794605 -0.333516 0 0
0 0 420 -1.79056 4.29362 -5.00934 1.94331 0 0
0 0 421 1.68581 -1.20683 -1.32151 1.39525 0 0
0 0 422 3.00091 -4.15572 -1.43337 -4.03034 0 0
0 0 423 2.60963 9.92333 -0.364878 -2.24891 -1.0529 7.65868
0 0 424 0.328667 0.0368847 -1.66523 2.94831 0 0
0 0 425 -2.4383 0.53186 2.19348 1.57318 0 0
0 0 426 -1.59159 1.86427 4.86138 0.378972 0 0
0 0 427 -3.44946 -2.86905 0.178718 -2.17265 0 0
0 0 428 -3.48456 -1.24083 2.51997 -2.57125 0 0
0 0 429 5.61858 0.640409 0.471949 -1.55849 0 0
0 0 430 0.867111 3.17779 -0.661787 -0.415122 0 0
0 0 431 -2.01447 2.68263 -3.33038 -6.17806 0 0
0 0 432 2.72519 2.74947 1.8199 5.53535 0 0
0 0 433 -2.1433 -4.38957 -0.107449 -0.70345 0 0
0 0 434 2.59394 -4.01994 1.10321 -1.91658 0 0
0 0 435 -4.62223 -1.43499 2.62656 -2.52339 0 0
0 0 436 0.267653 4.99462 0.0906302 -1.3611 0 0
0 0 437 0.0847374 0.41944 -1.44094 1.53214 0 0
0 0 438 -3.40647 3.26643 -3.77984 -6.27066 0 0
0 0 439 2.57242 2.16462 -0.348981 1.47534 0 0
0 0 440 -2.54756 -2.02632 0.8934 0.434666 0 0
0 0 441 -1.52989 -3.77702 3.96406 -4.75498 0 0
0 0 442 -0.186034 -0.960892 -0.91062 -6.48014 0 0
0 0 443 -0.640836 4.58505 -1.0695 0.442622 0 0
0 0 444 -2.08681 -3.55839 -0.75152 -0.847266 0 0
0 0 445 0.545644 -1.97703 -0.515774 2.15354 0 0
0 0 446 -3.41168 1.97316 2.04437 0.680215 0 0
0 0 447 4.41739 1.64496 -2.16356 -2.13473 0 0
0 0 448 -1.50569 3.86386 0.0209602 2.96058 0 0
0 0 449 -0.231301 0.974906 2.11471 -7.07271 0 0
0 0 450 2.86409 -0.127025 -4.94336 3.8944 0 0
0 0 451 1.5457 -4.82688 -4.33885 -1.77673 0 0
0 0 452 4.86429 1.76072 -0.0591028 -3.90492 0 0
0 0 453 3.07985 3.8322 -1.58268 1.00753 0 0
0 0 454 0.747188 3.33071 2.9023 3.61334 0 0
0 0 455 4.60709 6.36271 0.947461 2.15392 0 0
0 0 456 -3.57037 -4.81147 2.05817 -0.798138 0 0
0 0 457 3.36392 6.72004 -1.16316 -1.64601 0 0
0 0 458 -1.90432 -2.84117 2.31208 -2.33238 0 0
0 0 459 1.37011 1.69599 4.3649 -0.950362 0 0
0 0 460 1.69844 1.12137 2.4657 -6.81843 0 0
0 0 461 4.96228 4.16971 -3.28571 -6.0149 0 0
0 0 462 3.74112 -3.67423 4.36283 2.19573 0 0
0 0 463 -4.02239 7.28785 -1.31482 -2.61255 0 0
0 0 464 -0.362994 -1.29796 1.31354 -2.2512 0 0
0 0 465 2.28321 -2.02749 -1.56771 -1.10111 0 0
0 0 466 -0.479383 0.437389 -1.96775 0.719977 0 0
0 0 467 0.81475 -5.54076 0.0358407 -0.630278 0 0
0 0 468 6.69849 -0.465598 -0.94429 -3.90596 0 0
0 0 469 3.9531 3.44498 4.27309 -1.30709 0 0
0 0 470 -0.312831 -1.92912 2.01265 1.26931 0 0
0 0 471 -1.33288 0.19176 -1.99626 4.71078 0 0
0 0 472 6.82288 -2.63287 -1.81469 -1.76257 0 0
0 0 473 4.49147 3.35476 0.879644 1.44617 0 0
0 0 474 -0.140085 -1.23444 -8.24507 -5.34729 0 0
0 0 475 3.00808 -2.75778 -0.778851 2.23802 0 0
0 0 476 -3.37257 -0.665129 2.90938 -1.95673 0 0
0 0 477 4.13572 5.04542 1.21563 2.74033 0 0
0 0 478 1.86615 -3.45644 -0.329437 1.02223 0 0
0 0 479 -1.19355 -0.551335 -1.18029 2.85764 0 0
0 0 480 1.0355 3.24616 -2.80845 -3.21456 0 0
0 0 481 -0.144553 -0.645096 -1.52042 3.87159 0 0
0 0 482 1.04998 0.660611 -5.76616 0.236643 0 0
0 0 483 1.36239 -2.476 -1.97174 0.022311 0 0
0 0 484 3.75035 -6.70239 1.97509 1.51742 0 0
0 0 485 3.80404 -1.80059 -3.30672 2.95987 0 0
0 0 486 4.08964 2.05537 1.55851 1.97391 0 0
0 0 487 -0.730445 -1.49146 -1.98949 -1.25932 0 0
0 0 488 0.421055 -1.48957 3.08481 -0.729239 0 0
0 0 489 1.60549 -1.04663 -0.215437 -0.926523 0 0
0 0 490 8.16313 -3.02432 -2.73925 -1.03115 0 0
0 0 491 2.84384 -3.07064 -0.181265 -4.81243 0 0
0 0 492 1.56203 1.66544 -0.0776994 4.1428 0 0
0 0 493 3.70843 -1.06453 0.650124 2.9741 0 0
0 0 494 0.421002 -3.37193 0.965961 2.93327 0 0
0 0 495 3.33795 5.30909 3.17767 -2.3262 0 0
0 0 496 3.99911 2.70945 -1.09503 0.598938 0 0
0 0 497 1.19838 1.08476 1.79672 -3.51273 0 0
0 0 498 2.90807 -0.821754 -3.40101 -2.11208 0 0
0 0 499 0.748022 0.346824 -2.68506 1.86959 0 0
0 0 500 -3.44914 -4.96397 -0.455717 -0.337621 0 0
0 0 501 3.66129 2.30596 5.39777 2.37104 0 0
0 0 502 2.08499 -0.828807 -0.524803 2.29794 0 0
0 0 503 3.4205 -1.56732 -0.127668 0.0725 0 0
0 0 504 1.1026 -0.934091 -1.97036 -4.26012 0 0
0 0 505 -1.61896 1.20997 -2.34266 -6.28311 0 0
0 0 506 1.35925 -6.72088 0.493875 -1.08986 0 0
0 0 507 4.16838 3.58471 1.18502 -4.13148 0 0
0 0 508 -0.161535 3.06937 5.43165 -1.64357 0 0
0 0 509 0.731961 1.16804 0.81693 -2.43543 0 0
0 0 510 -0.582075 -6.63857 -5.68257 -0.298689 0 0
0 0 511 -5.82533 -0.528121 1.48766 -0.273665 0 0
0 0 512 -1.01241 -1.70311 2.10281 1.35185 0 0
0 0 513 4.95157 -0.122631 0.410299 -0.412549 0 0
0 0 514 3.61694 -4.12475 -5.59632 -1.27977 0 0
0 0 515 3.2702 1.06744 -3.03502 0.580147 0 0
0 0 516 4.11368 0.267982 0.849986 0.660204 0 0
0 0 517 3.78992 6.22975 1.49135 4.85665 0 0
0 0 518 1.0752 1.3193 4.05187 1.97996 0 0
0 0 519 -2.18416 -1.69899 1.17239 2.19169 0 0
0 0 520 0.123794 5.22476 -3.30863 -0.721823 0 0
0 0 521 -0.118133 1.50444 -0.28437 -2.78118 0 0
0 0 522 -0.990746 -2.48165 -1.79143 -0.528805 0 0
0 0 523 0.996818 2.75014 -1.37994 5.81046 0 0
0 0 524 2.06137 -0.822854 3.78575 0.646689 0 0
0 0 525 -3.14836 -5.16067 -1.73241 0.942647 0 0
0 0 526 0.888666 -0.313691 0.776945 -5.5238 0 0
0 0 527 -2.44942 -0.65968 1.39494 -0.682733 0 0
0 0 528 1.80241 1.80058 4.2888 2.16341 0 0
0 0 529 1.45391 1.4354 -0.510922 -2.66019 0 0
0 0 530 -0.882745 -0.210614 1.81264 2.40913 0 0
0 0 531 3.36651 4.76705 -2.24914 3.50083 0 0
0 0 532 3.8264 3.77759 -0.471744 -2.40667 0 0
0 0 533 0.92091 -1.52283 -2.60346 2.26733 0 0
0 0 534 1.42367 1.6773 0.511014 1.27606 0 0
0 0 535 1.12497 -4.31738 -3.30633 0.438484 0 0
0 0 536 1.89314 2.77285 2.86229 0.506026 0 0
0 0 537 2.083 -3.74407 0.582301 -3.7429 0 0
0 0 538 4.56811 -1.50645 -5.01259 -0.50096 0 0
0 0 539 3.06049 -3.21512 3.14458 -4.3286 0 0
0 0 540 -1.44205 0.204137 2.91121 -5.67537 0 0
0 0 541 -1.39701 -1.07814 1.86466 -0.248173 0 0
0 0 542 0.184073 2.6487 -1.49548 -2.68108 0 0
0 0 543 10.9037 4.70333 0.615103 4.88843 0 0
0 0 544 2.421 -0.941937 -0.999511 2.48522 0 0
0 0 545 -6.8662 2.25416 -1.10096 2.62753 0 0
0 0 546 3.09434 -0.245793 -4.65384 2.1549 0 0
0 0 547 6.25986 0.817043 -0.684301 -4.55084 0 0
0 0 548 -1.17519 2.25236 -0.110615 -1.08039 0 0
0 0 549 0.697157 -8.82638 0.814047 -3.49368 0 0
0 0 550 1.46919 -2.78718 3.28726 -2.14479 0 0
0 0 551 1.00886 -4.72363 -5.13736 -1.38183 0 0
0 0 552 0.27779 3.29442 -0.0913011 2.21443 0 0
0 0 553 7.32643 -3.87941 -2.88039 4.5672 0 0
0 0 554 2.63263 -1.52459 -1.27492 -2.06283 0 0
0 0 555 -1.39059 2.15697 2.24377 1.05743 0 0
0 0 556 -3.06481 0.0509524 -1.79125 4.53854 0 0
0 0 557 1.30116 4.03649 2.57324 3.5462 0 0
0 0 558 1.01198 2.11565 0.107835 4.88045 0 0
0 0 559 -2.80843 -5.66495 -1.75459 0.847068 0 0
0 0 560 -1.43478 0.540178 0.880423 0.613928 0 0
0 0 561 0.397197 4.72479 -1.67509 0.645202 0 0
0 0 562 4.13012 -5.55739 -0.267059 -1.31721 0 0
0 0 563 -1.40528 0.459428 0.543992 -1.94417 0 0
0 0 564 -1.5833 4.91496 1.93101 2.13611 0 0
0 0 565 -1.53026 -0.281688 2.18892 -1.02286 0 0
0 0 566 2.57504 -0.415541 -0.132455 2.55076 0 0
0 0 567 1.764 -7.48558 3.24402 -0.0900481 0 0
0 0 568 -0.604566 0.942188 1.03314 0.673644 0 0
0 0 569 1.59303 2.77033 0.525252 2.58816 0 0
0 0 570 0.36711 0.101043 -1.15094 1.32753 0 0
0 0 571 -3.52458 -3.04786 2.66336 3.7106 0 0
0 0 572 -1.94638 4.20786 0.044971 -8.10941 0 0
0 0 573 -3.95709 1.45167 4.34114 2.47581 0 0
0 0 574 0.492482 -2.20073 -1.22012 -2.54927 0 0
0 0 575 6.70098 1.52348 -2.01536 0.0586303 0 0
0 0 576 -2.69144 1.10196 2.08587 1.84456 0 0
0 0 577 3.461 -4.57855 3.6849 5.07847 0 0
0 0 578 -0.123203 0.321225 7.44841 1.36088 0 0
0 0 579 -2.35395 -0.128294 0.380084 -3.97478 0 0
0 0 580 0.525842 -2.66311 1.38629 -0.243713 0 0
0 0 581 4.50823 5.36577 -2.3543 -3.87994 0 0
0 0 582 -2.59591 -0.285611 -1.50247 -0.603298 0 0
0 0 583 -0.155843 3.49535 -1.80594 -3.72377 0 0
0 0 584 4.06488 -1.3796 -0.488542 0.935605 0 0
0 0 585 -2.39873 1.56148 0.292517 0.187762 0 0
0 0 586 1.34217 2.97483 -1.92819 0.773004 0 0
0 0 587 -2.86725 4.89601 5.13191 -4.16941 0 0
0 0 588 -5.20131 1.1568 -1.67033 3.20169 0 0
0 0 589 2.66143 3.35295 1.69063 -1.63342 0 0
0 0 590 -3.27 1.87022 0.248139 -7.54554 0 0
0 0 591 -4.13994 -2.01505 -0.310833 -2.99239 0 0
0 0 592 2.18137 -2.98395 -0.0338315 -4.13947 0 0
0 0 593 5.58441 -2.57245 -0.432269 -2.28683 0 0
0 0 594 -1.72516 -2.62597 3.31228 -5.45532 0 0
0 0 595 -2.86601 -3.00819 -1.00173 -3.02847 0 0
0 0 596 -3.30917 1.82544 -2.43608 -4.29396 0 0
0 0 597 0.139808 -1.62587 2.23221 -5.80178 0 0
0 0 598 -4.27352 -3.48751 0.00896973 -2.69976 0 0
0 0 599 1.7821 -2.25589 -2.01662 -0.0046994 0 0
0 0 600 0.0387034 6.02729 -4.17255 -1.66017 0 0
0 0 601 6.4057 -4.24198 4.67037 0.964517 0 0
0 0 602 2.61393 2.5633 1.01037 -0.648139 0 0
0 0 603 1.09077 -0.760754 -0.368834 -1.32726 0 0
0 0 604 -1.00411 -0.465347 1.05557 -0.75575 0 0
0 0 605 1.86409 -2.54634 -1.31966 1.58816 0 0
0 0 606 1.31196 -1.8696 -1.94228 1.31748 0 0
0 0 607 0.404045 4.6347 -0.346591 -6.10523 0 0
0 0 608 5.80877 0.760927 1.59749 0.0036099 0 0
0 0 609 3.03855 -1.41572 -1.65648 -3.71695 0 0
0 0 610 -0.704553 0.388629 2.53685 -2.64872 0 0
0 0 611 1.25503 -3.70205 3.02715 0.200273 0 0
0 0 612 -1.96569 1.99527 -0.956284 -1.4908 0 0
0 0 613 -4.32813 6.93927 -0.441406 -0.157753 0 0
0 0 614 1.83585 -1.23441 -1.67587 -3.62518 0 0
0 0 615 2.51797 -1.29934 -1.87479 2.6983 0 0
0 0 616 1.35169 -0.0853102 -2.7721 0.536239 0 0
0 0 617 1.74368 -0.45889 -0.409879 -3.57466 0 0
0 0 618 0.719413 1.56892 0.164988 -0.613957 0 0
0 0 619 3.15507 2.51744 -3.91062 1.02021 0 0
0 0 620 0.931349 -0.869887 -1.67447 -3.97436 0 0
0 0 621 1.52558 2.25141 -8.18129 0.370553 0 0
0 0 622 -0.826304 -0.684307 0.347646 2.36466 0 0
0 0 623 1.98397 -2.46257 -2.76681 -0.780951 0 0
0 0 624 6.94584 -4.60483 1.30164 2.7975 0 0
0 0 625 2.8174 -0.590366 -1.79251 -0.0157577 0 0
0 0 626 0.901321 6.05389 -2.03902 3.92661 0 0
0 0 627 4.99538 -0.674251 5.73428 1.11528 0 0
0 0 628 -0.142378 2.38216 -1.94408 0.583421 0 0
0 0 629 0.596562 0.439413 -3.88476 -0.260552 0 0
0 0 630 0.729938 6.28736 -1.43892 4.46843 0 0
0 0 631 6.04261 -2.32024 3.66652 2.85547 0 0
0 0 632 -4.99094 -2.85994 -1.40194 0.569666 0 0
0 0 633 1.52339 0.162738 4.98446 -4.41337 0 0
0 0 634 0.180749 7.27267 -2.91757 0.223015 0 0
0 0 635 -5.14148 -0.244057 0.815254 -1.44463 0 0
0 0 636 4.91401 6.62679 -6.0928 -1.66995 0 0
0 0 637 6.2662 -0.00489688 -0.278419 -2.30344 0 0
0 0 638 3.10056 -1.71457 -10.997 1.33867 -49.4309 7.20099
0 0 639 5.83627 3.58781 -2.45686 -1.41535 0 0
0 0 640 5.85514 0.598165 -1.39973 -0.16409 0 0
0 0 641 1.61351 -0.0418541 -8.23901 -3.5637 0 0
0 0 642 5.26741 -1.79346 -4.96835 -3.02418 0 0
0 0 643 8.73025 1.8093 -7.17749 4.4323 0 0
0 0 644 8.7329 2.5329 -5.0545 -2.168 0 0
0 0 645 7.56953 -4.30669 -6.3967 -0.981202 0 0
0 0 646 13.3163 3.62422 -8.71791 -1.28847 -33.7132 8.43519
0 0 647 16.5654 -3.684 -4.92078 -0.0560344 0 0
0 0 648 7.65769 -2.10853 -9.51017 1.70267 -51.2505 8.21791
0 0 649 13.4731 2.18235 -11.5832 3.3374 -39.6651 6.79591
0 0 650 10.2072 3.83765 -12.9418 0.930599 -36.7416 5.91994
0 0 651 13.3516 -0.540067 -9.22039 -2.24563 -46.6761 8.68641
0 0 652 14.9175 2.5116 -19.1529 1.17039 -41.2646 4.15047
0 0 653 13.976 3.00137 -19.4758 0.917131 -40.6196 4.06727
0 0 654 27.7398 4.75871 -18.6482 -6.8152 -37.8423 4.15639
0 0 655 21.5921 7.47901 -23.5858 0.697622 -36.2031 3.22791
0 0 656 27.6563 4.16034 -26.7578 -3.88573 -40.5812 2.95971
0 0 657 27.7118 0.702426 -24.6588 -3.79344 -44.1842 3.25269
0 0 658 27.9494 4.28485 -29.5297 0.342446 -40.8719 2.68639
0 0 659 30.0549 4.79484 -25.8588 6.83758 -39.7477 3.04595
0 0 660 28.0961 6.37807 -27.6724 0.832014 -38.5104 2.81841
0 0 661 29.1061 2.35704 -31.4905 -4.415 -42.8597 2.54034
0 0 662 30.0596 0.921755 -30.2129 0.276979 -44.1263 2.65457
0 0 663 32.6608 4.20228 -30.406 2.18899 -41.0656 2.61171
0 0 664 32.912 6.81237 -32.5066 -3.1955 -39.0819 2.41086
0 0 665 31.9377 6.01598 -28.2912 -5.32871 -38.9976 2.76818
0 0 666 33.9007 -0.5226 -32.2111 -1.0168 -45.4647 2.49081
0 0 667 35.222 7.23698 -30.015 -2.77416 -38.222 2.59167
0 0 668 32.1605 5.7323 -23.8336 -6.5714 -38.2382 3.26433
0 0 669 29.4673 -0.401826 -28.3102 -5.86008 -45.4066 2.83412
0 0 670 29.6714 1.93187 -30.9047 -1.2004 -43.2115 2.5909
0 0 671 34.8954 1.75546 -34.6096 -0.715388 -43.5482 2.31525
0 0 672 28.7144 5.34698 -31.27 2.01908 -40.1483 2.52577
0 0 673 27.044 4.52649 -24.002 -1.54428 -39.6601 3.27954
0 0 674 26.2814 7.48675 -26.4683 -0.0282955 -37.103 2.90619
0 0 675 24.0765 3.17632 -21.1931 -3.92599 -40.7381 3.74028
0 0 676 32.1073 2.01891 -26.4748 -0.849911 -42.8196 3.02127
0 0 677 24.5142 0.820481 -19.5622 1.6767 -43.7991 4.09799
0 0 678 22.5127 2.62274 -26.588 -3.068 -42.1832 3.00198
0 0 679 27.0341 3.76217 -28.1584 -3.59901 -41.195 2.82209
0 0 680 23.6689 4.88296 -22.7813 -1.11543 -38.9511 3.43639
0 0 681 30.7806 3.24744 -24.516 4.14489 -41.2272 3.24191
0 0 682 26.0122 5.67997 -23.653 -0.32203 -38.2484 3.28957
0 0 683 23.4309 5.51345 -21.0359 -0.320689 -37.6566 3.67786
0 0 684 26.0136 0.542502 -22.4434 -1.65641 -44.3077 3.57421
0 0 685 26.0875 -1.05934 -20.948 3.23927 -46.4475 3.8252
0 0 686 25.4037 3.95807 -19.9925 3.68894 -39.4008 3.92968
0 0 687 28.1205 8.44911 -21.6441 0.215056 -34.338 3.43025
0 0 688 27.1604 0.885942 -24.4774 -0.727424 -43.9636 3.2759
0 0 689 25.7171 7.55052 -25.2546 -3.885 -36.6773 3.03148
0 0 690 30.0804 1.10396 -18.531 3.53294 -43.2953 4.32178
0 0 691 28.3824 1.00201 -20.8971 -0.333282 -43.6274 3.83507
0 0 692 29.7325 -1.55719 -24.1189 -0.876762 -46.847 3.31938
0 0 693 27.1065 -1.33522 -19.782 -0.28311 -46.9307 4.04623
0 0 694 34.2238 1.20952 -26.0023 3.41885 -43.6684 3.08233
0 0 695 29.7974 -2.8806 -30.3252 -6.51875 -47.7131 2.63304
0 0 696 36.4386 -0.285042 -30.6267 -2.48343 -45.2666 2.61992
0 0 697 40.5441 1.85082 -37.8174 1.4905 -43.5991 2.11907
0 0 698 40.6283 1.86346 -27.3986 -0.974771 -43.0546 2.9213
0 0 699 43.6294 -0.597483 -39.0715 1.529 -45.438 2.05349
0 0 700 39.284 -2.06839 -40.2406 -1.23764 -46.4712 1.9912
0 0 701 43.6305 3.04611 -39.5421 2.11964 -42.7975 2.02271
0 0 702 49.3206 1.76897 -44.4398 -3.4413 -43.8602 1.80409
0 0 703 53.197 0.244026 -41.9784 -0.547262 -44.8335 1.9115
0 0 704 57.5399 -7.4576 -47.2342 -5.07219 -49.4861 1.67597
0 0 705 56.0159 -0.776644 -52.3773 -4.07294 -45.4248 1.53184
0 0 706 64.1384 -0.995947 -54.45 2.95626 -45.5239 1.47344
0 0 707 65.6824 -1.79191 -55.6809 0.286179 -45.9216 1.44031
0 0 708 68.2842 -2.89391 -61.4912 -1.12946 -46.3472 1.30337
0 0 709 68.6334 -6.90853 -64.3237 -7.1344 -48.0651 1.23964
0 0 710 75.207 -3.17883 -61.2573 -6.12712 -46.4853 1.308
0 0 711 84.8047 -7.3302 -67.7038 -2.77788 -48.0896 1.17763
0 0 712 86.0492 -6.8843 -71.6349 -5.4647 -47.7447 1.11451
0 0 713 87.9222 -6.71998 -73.1281 -2.03084 -47.6252 1.09223
0 0 714 89.0383 -8.49737 -67.9771 3.63839 -48.5626 1.17041
0 0 715 86.4298 -6.55323 -72.9387 0.97738 -47.567 1.09529
0 0 716 93.9475 -3.13146 -75.459 -4.39392 -46.1882 1.0624
0 0 717 100.692 -5.32962 -71.9157 -1.62438 -47.1192 1.11244
0 0 718 100.406 -10.6523 -76.8835 -7.17113 -48.9441 1.03283
0 0 719 99.9069 -7.05041 -75.3747 1.10981 -47.6719 1.0595
0 0 720 104.454 -9.52824 -75.0558 -4.12823 -48.6175 1.05975
0 0 721 114.249 -10.6834 -82.157 -2.67641 -48.7045 0.967732
0 0 722 119.535 -12.0177 -81.3986 1.53778 -49.1992 0.974176
0 0 723 130.126 -14.6336 -80.4859 -0.206991 -50.1524 0.979305
0 0 724 137.037 -10.5207 -80.9773 -3.04369 -48.7012 0.981846
0 0 725 143.654 -16.7758 -77.2536 -2.2291 -51.1259 1.01271
0 0 726 153.628 -14.3898 -78.2251 0.465743 -50.2116 1.00719
0 0 727 162.692 -19.1881 -80.6535 -2.36197 -51.6912 0.965255
0 0 728 176.786 -20.2924 -82.4617 -5.81447 -51.9124 0.942155
0 0 729 200.65 -16.5813 -79.1073 -3.83704 -50.9191 0.990655
0 0 730 215.754 -18.8341 -70.1795 -8.44645 -52.5112 1.10054
0 0 731 230.722 -13.8955 -58.233 -0.998861 -51.7105 1.33666
0 0 732 245.524 -10.0578 -39.5631 -3.86964 -52.1318 1.95962
0 0 733 262.598 -5.89311 -22.9825 -3.69028 -52.1909 3.37144
0 0 734 272.418 -0.823166 0.268973 -3.09199 0 0
0 0 735 287.196 3.4175 19.2945 -4.89428 39.9779 4.08877
0 0 736 303.275 12.5084 37.6448 6.99688 35.8099 2.01257
0 0 737 326.323 8.90796 57.713 1.68319 40.6128 1.37248
0 0 738 350.17 20.7283 70.976 6.41025 36.8599 1.08088
0 0 739 376.902 24.4611 87.7317 8.92505 37.2103 0.877797
0 0 740 394.453 36.6558 111.16 2.26218 35.8748 0.682126
0 0 741 421.673 38.3159 124.968 5.99656 36.4771 0.611211
0 0 742 442.895 48.291 141.657 13.5376 35.5878 0.533313
0 0 743 457.309 57.572 157.391 14.8125 34.954 0.47592
0 0 744 474.959 58.2171 163.482 16.7071 35.1994 0.459735
0 0 745 473.469 59.5489 168.818 19.0628 35.2851 0.44572
0 0 746 485.327 62.0224 160.655 15.6427 34.4452 0.462868
0 0 747 487.263 66.1097 157.138 15.0341 33.5915 0.467075
0 0 748 478.619 63.5271 156.914 13.52 33.9796 0.470598
0 0 749 468.379 61.7099 138.562 10.3883 32.9969 0.524542
0 0 750 457.34 56.7018 124.58 9.11256 32.7638 0.581098
0 0 751 436.395 50.2071 109.079 4.89439 32.6421 0.662274
0 0 752 424.119 47.7757 97.9737 7.34894 32.0022 0.728925
0 0 753 406.324 41.9429 84.8599 7.25331 31.8493 0.839183
0 0 754 391.174 33.4284 66.7664 2.24184 31.702 1.06365
0 0 755 367.758 27.648 53.7283 0.812189 31.3851 1.31375
0 0 756 353.312 24.9023 50.4881 5.59169 31.8731 1.41112
0 0 757 344.399 20.931 41.3759 -0.0404375 31.5832 1.71249
0 0 758 323.679 11.7112 32.1577 2.43396 34.9947 2.33063
0 0 759 310.941 11.3012 22.7889 -1.43738 31.8114 3.12268
0 0 760 302.201 3.72218 15.0209 -2.67977 38.0412 5.16997
0 0 761 289.234 3.03279 7.37274 -3.9547 0 0
0 0 762 278.12 4.0714 4.4181 -1.49667 0 0
0 0 763 265.312 -3.1626 -5.35779 -3.79403 0 0
0 0 764 261.263 -3.83376 -0.782485 -0.848254 0 0
0 0 765 249.402 -2.65118 -3.32325 0.414576 0 0
0 0 766 241.386 -7.95239 -5.4861 -1.08048 -72.6997 8.01392
0 0 767 238.766 -10.1355 -7.50154 -5.34617 -71.7469 6.15064
0 0 768 226.889 -15.9061 -17.7052 -3.54218 -65.9681 3.29385
0 0 769 223.207 -12.083 -11.3676 -8.29322 -68.3737 4.70437
0 0 770 215.645 -11.1635 -12.5948 -7.72185 -65.7762 4.65974
0 0 771 215.134 -12.7395 -16.6447 -4.10994 -63.7149 3.75558
0 0 772 202.257 -18.527 -20.2605 -7.48207 -66.2206 2.85418
0 0 773 200.395 -14.6729 -22.0117 -12.7324 -61.8436 2.9854
0 0 774 194.479 -17.3216 -15.5397 -6.43343 -69.0518 3.34952
0 0 775 181.413 -7.63032 -19.8294 -10.1795 -55.5233 3.75182
0 0 776 180.452 -19.166 -16.5878 -7.84048 -69.5622 3.07214
0 0 777 175.301 -21.2278 -22.1442 -14.3184 -66.8948 2.55126
0 0 778 170.861 -20.8301 -21.9641 -13.3356 -66.7411 2.58612
0 0 779 160.316 -19.2216 -17.3577 -18.7236 -68.9586 3.01011
0 0 780 158.996 -13.1978 -16.9698 -19.6867 -63.9365 3.66025
0 0 781 151.041 -19.3394 -14.752 -13.6417 -71.3318 3.19098
0 0 782 144.23 -14.8386 -16.3881 -15.1213 -66.0796 3.54535
0 0 783 143.748 -20.6051 -12.0942 -20.335 -74.7946 3.22877
0 0 784 134.309 -17.6127 -12.8628 -14.0776 -71.9294 3.55492
0 0 785 132.104 -23.6469 -12.8669 -20.8021 -75.7241 2.86113
0 0 786 126.16 -22.9151 -11.292 -16.397 -76.8835 3.00957
0 0 787 115.111 -23.826 -11.0461 -10.132 -77.5635 2.92454
0 0 788 111.452 -20.7136 -20.3946 -14.3581 -67.7223 2.6881
0 0 789 112.393 -15.6229 -7.62462 -9.80976 -76.9929 4.42187
0 0 790 102.711 -18.1338 -12.6157 -13.0846 -72.5869 3.50555
0 0 791 96.1603 -22.9748 -5.41253 -17.7513 -83.3718 3.23134
0 0 792 95.9488 -22.4086 -7.25706 -15.4079 -81.0277 3.24582
0 0 793 90.078 -19.1047 -9.30498 -14.1999 -77.0158 3.61727
0 0 794 82.9843 -23.129 -1.15351 -13.7233 -88.5724 3.28425
0 0 795 84.3617 -16.4505 -4.82329 -9.91461 -81.8294 4.45581
0 0 796 83.395 -20.6376 -11.2262 -11.6064 -75.7276 3.27853
0 0 797 71.1505 -20.8862 -8.22669 -17.8444 -79.2507 3.41333
0 0 798 68.0127 -24.2689 -6.05714 -12.236 -82.9931 3.05028
0 0 799 74.4568 -23.4015 -9.29905 -12.1273 -79.1643 3.04317
0 0 800 70.0518 -21.4715 -9.7029 -9.58451 -77.841 3.25833
0 0 801 62.9034 -20.7727 -4.6054 -11.2652 -83.7497 3.58353
0 0 802 64.4643 -16.4226 -7.03247 -4.09296 -78.4092 4.29391
0 0 803 58.8311 -18.6644 -9.68812 -9.04832 -76.2838 3.65948
0 0 804 53.3685 -17.2264 -9.33984 -6.3607 -75.7671 3.93045
0 0 805 51.1407 -18.584 -6.10408 -7.60406 -80.9084 3.90904
0 0 806 44.0302 -15.5548 -4.62321 -3.30437 -81.7235 4.70777
0 0 807 51.7637 -12.5608 -0.519858 -8.36007 -88.815 6.04955
0 0 808 45.9162 -20.3425 -1.96448 -6.49256 -87.242 3.72287
0 0 809 41.8174 -12.8661 -9.16393 -6.52521 -72.2697 4.90527
0 0 810 39.7721 -12.3202 -1.46586 -8.09918 -86.6074 6.13403
0 0 811 36.2825 -12.5252 -4.53946 -10.6876 -80.0391 5.74551
0 0 812 32.3818 -14.3539 -6.16158 -4.84561 -78.384 4.91108
0 0 813 34.8442 -15.1965 1.67384 -4.39029 86.8572 4.97742
0 0 814 30.4357 -12.4784 -0.739991 -10.2127 -88.3031 6.08468
0 0 815 35.3866 -6.15729 -1.78776 -2.72604 0 0
0 0 816 33.2791 -15.2716 -2.78695 -6.82699 -84.8289 4.90757
0 0 817 26.675 -11.5935 -1.79186 -4.2355 -85.607 6.49088
0 0 818 26.9202 -12.9491 -3.04666 -6.30772 -83.3801 5.73351
0 0 819 28.6788 -4.58713 -6.49951 -5.9674 0 0
0 0 820 26.3163 -6.39365 -5.66286 -2.52334 0 0
0 0 821 23.7482 -10.0356 -1.45417 -6.43097 -85.8776 7.50798
0 0 822 27.9123 -9.58568 1.42752 -4.72362 85.7648 7.85632
0 0 823 22.7188 -3.67093 -2.79437 0.877211 0 0
0 0 824 22.97 -7.06743 0.493151 0.611492 0 0
0 0 825 22.7111 -7.89329 -0.733023 -2.25306 0 0
0 0 826 21.7635 -4.29376 -1.35915 -3.70992 0 0
0 0 827 20.0288 -6.7795 -0.600612 -1.24927 0 0
0 0 828 15.4385 -7.50754 -4.93834 -0.276955 0 0
0 0 829 16.3047 -6.86185 -1.14941 -4.24418 0 0
0 0 830 16.1083 -4.80734 -0.0779582 -1.86937 0 0
0 0 831 15.9075 -5.97854 -4.68198 2.23623 0 0
0 0 832 13.7771 -0.496388 -0.808313 -8.26279 0 0
0 0 833 21.0753 -2.29111 2.97113 -0.989105 0 0
0 0 834 10.9893 -6.56389 1.69325 -2.2318 0 0
0 0 835 17.9259 -8.86488 1.61045 -0.163666 0 0
0 0 836 8.7933 -2.29914 -0.067224 -5.40577 0 0
0 0 837 11.1905 5.44761 4.66619 2.22304 0 0
0 0 838 9.26406 0.951256 -1.82712 0.749711 0 0
0 0 839 10.0582 -0.0635738 0.241696 0.0589922 0 0
0 0 840 13.1058 -1.23296 -4.29683 -4.0839 0 0
0 0 841 8.48853 5.15232 -1.17038 -3.25408 0 0
0 0 842 9.27779 -2.66762 1.41123 0.39555 0 0
0 0 843 16.4297 0.0161619 1.70274 -1.91843 0 0
0 0 844 8.2878 0.592605 3.93815 0.285809 0 0
0 0 845 12.3842 2.27481 -2.64568 -3.16096 0 0
0 0 846 11.9073 -1.84622 5.24798 0.175172 0 0
0 0 847 9.13615 -2.78421 2.66969 2.4318 0 0
0 0 848 14.769 -1.81755 1.7428 0.43421 0 0
0 0 849 12.5272 2.19498 3.59382 -0.943831 0 0
0 0 850 10.2407 -0.198922 2.07879 0.999981 0 0
0 0 851 9.95627 -4.00894 6.35375 2.76768 0 0
0 0 852 10.0928 -4.22359 6.25423 2.71028 0 0
0 0 853 7.74466 2.19393 3.55026 -2.7879 0 0
0 0 854 11.6696 2.43765 4.16668 -6.14485 0 0
0 0 855 15.1013 -0.155829 4.46616 -2.19333 0 0
0 0 856 7.59631 -2.0058 6.78051 -1.93276 0 0
0 0 857 13.0853 1.63181 12.6989 -0.568878 41.3388 6.26221
0 0 858 12.1365 1.72121 7.81489 -0.301623 0 0
0 0 859 14.1339 -3.04511 8.58936 0.134259 54.7603 8.75498
0 0 860 4.62719 -5.17767 5.7759 0.432353 0 0
0 0 861 3.59827 -1.20791 7.37147 0.570643 0 0
0 0 862 12.3246 -1.71588 5.80776 -1.21538 0 0
0 0 863 11.9853 -4.71843 7.38047 -3.14773 0 0
0 0 864 9.43574 -6.1601 7.31847 -0.363145 65.044 8.20931
0 0 865 7.79646 2.67608 12.8012 -0.504281 39.0962 6.12268
0 0 866 5.0197 -1.6517 2.41543 1.50356 0 0
0 0 867 12.6107 -5.80524 11.5211 -0.971287 58.3713 6.15541
0 0 868 11.759 1.02352 9.30326 -2.90832 41.8609 8.56834
0 0 869 13.1347 0.153669 8.79911 -4.9318 0 0
0 0 870 9.54507 -0.954017 4.64338 1.26863 0 0
0 0 871 10.8681 -1.43528 13.5188 -1.00802 48.0302 5.89917
0 0 872 11.4505 -5.65215 9.94801 -2.20433 59.802 6.92556
0 0 873 9.09896 -4.53326 9.96142 -0.547979 57.2347 7.26752
0 0 874 19.4493 -9.34118 4.31167 6.03598 77.6115 7.46474
0 0 875 15.1777 -3.00417 11.8588 -0.536106 52.1078 6.5392
0 0 876 14.2985 0.389087 12.6425 0.804195 44.1186 6.34383
0 0 877 14.4177 -1.57369 8.56143 -8.9589 0 0
0 0 878 13.6921 -4.51097 8.3342 1.70288 59.2125 8.36912
0 0 879 6.15207 -7.14672 12.3571 -0.102955 60.0215 5.54903
0 0 880 13.0016 -6.27273 13.2537 -1.31736 57.6637 5.42119
0 0 881 6.43883 -8.7116 1.7197 -4.27793 0 0
0 0 882 8.90135 -7.26884 6.96238 2.87987 68.1168 7.75753
0 0 883 10.7705 -5.15961 6.79201 -3.02882 0 0
0 0 884 15.6685 -4.9738 5.85909 -0.46806 0 0
0 0 885 10.0839 -3.17744 7.37172 5.99275 0 0
0 0 886 9.2221 -0.578191 6.04643 -1.5084 0 0
0 0 887 4.04007 0.142631 9.29157 -2.32377 44.5603 8.63502
0 0 888 7.35879 -1.58069 6.97818 0.0583237 0 0
0 0 889 10.3252 -8.58614 0.669071 0.606103 0 0
0 0 890 3.66218 -2.44899 2.79152 -2.33073 0 0
0 0 891 13.5523 -8.83622 4.55541 -2.39302 76.3636 7.73996
0 0 892 9.25089 -9.36731 7.92569 3.29838 69.8827 6.34243
0 0 893 8.41576 -4.77409 5.83556 -0.916496 0 0
0 0 894 8.03998 -7.17719 -1.65723 0.356581 0 0
0 0 895 4.68776 -2.29778 6.77839 0.913591 0 0
0 0 896 4.30233 -2.43014 3.54966 -0.0720042 0 0
0 0 897 8.07457 -9.57549 6.12925 3.36265 73.6884 6.79811
0 0 898 8.57015 -1.85063 5.92969 0.582223 0 0
0 0 899 7.95196 -3.78773 1.17055 -3.77857 0 0
0 0 900 7.69559 -3.56779 2.65877 -0.0776286 0 0
0 0 901 -0.0164933 -3.38072 6.70604 -3.34386 0 0
0 0 902 5.82702 0.54134 1.05356 -3.03833 0 0
0 0 903 7.20839 -3.77331 2.72814 0.0713672 0 0
0 0 904 0.564578 -5.99255 4.46133 2.13578 0 0
0 0 905 2.13627 -2.00643 1.68666 -0.216254 0 0
0 0 906 4.42326 0.340484 4.19467 2.13657 0 0
0 0 907 -1.37621 -4.34865 7.23355 -2.14533 0 0
0 0 908 3.18258 -2.70881 0.68744 -1.16178 0 0
0 0 909 2.03886 -4.5171 3.14667 2.0355 0 0
0 0 910 0.830058 -3.54033 1.27324 4.54068 0 0
0 0 911 3.01306 -0.642602 2.93766 -0.824652 0 0
0 0 912 -0.198056 -0.673061 4.60764 -1.86664 0 0
0 0 913 6.89338 0.853953 1.68938 -1.00513 0 0
0 0 914 3.82628 -1.27181 6.09229 -1.27204 0 0
0 0 915 -0.404308 -2.88941 -0.557916 -5.41247 0 0
0 0 916 3.51487 -0.608722 4.53787 0.0857668 0 0
0 0 917 0.526889 0.315186 -5.14682 4.61374 0 0
0 0 918 5.00396 -0.0811768 1.98834 -1.90193 0 0
0 0 919 2.29022 -5.35166 -3.26066 2.67248 0 0
0 0 920 -2.813 2.4782 2.13045 -1.72542 0 0
0 0 921 0.332101 -4.17414 -3.34779 1.18148 0 0
0 0 922 5.48073 4.40122 5.63045 2.7567 0 0
0 0 923 2.45881 -2.61796 2.61821 1.04023 0 0
0 0 924 4.79199 -0.164926 0.389837 -1.97297 0 0
0 0 925 4.65555 3.32338 -1.17497 -5.58157 0 0
0 0 926 2.95024 0.855562 0.0870354 5.35536 0 0
0 0 927 3.46586 0.217259 0.796798 -7.62092 0 0
0 0 928 2.20166 -3.55258 4.79224 1.29227 0 0
0 0 929 3.02245 -3.64845 -1.28025 -3.1783 0 0
0 0 930 -2.10517 -2.74935 3.65902 3.35033 0 0
0 0 931 2.01177 1.70257 2.48049 -8.06779 0 0
0 0 932 0.383203 -1.67191 -3.84256 2.90143 0 0
0 0 933 0.328096 -1.06402 -1.22154 -0.917914 0 0
0 0 934 -0.886115 0.188516 1.97426 -3.52417 0 0
0 0 935 3.76645 -3.39543 1.01057 0.974554 0 0
0 0 936 -1.10299 2.40918 -1.6845 -1.67762 0 0
0 0 937 6.32037 2.49364 -2.473 3.07438 0 0
0 0 938 3.06826 5.64165 -1.25847 3.38617 0 0
0 0 939 -0.198841 3.87374 3.34721 -0.246705 0 0
0 0 940 -2.46126 0.782301 2.74289 -1.43412 0 0
0 0 941 2.02566 -0.734615 -0.543967 -2.79607 0 0
0 0 942 -0.582886 0.098103 -3.1756 -1.35907 0 0
0 0 943 -1.67815 -3.46113 -3.61769 6.36993 0 0
0 0 944 -0.393085 -0.701013 -2.4638 -3.20797 0 0
0 0 945 -0.47632 -3.25339 -4.80375 -0.788431 0 0
0 0 946 -0.286969 -2.34664 -0.532107 2.46858 0 0
0 0 947 -0.612416 -4.12378 -2.08166 -0.197105 0 0
0 0 948 7.56481 -2.68364 -1.14682 5.71911 0 0
0 0 949 -2.05394 -1.15742 -1.8382 -0.73178 0 0
0 0 950 -4.64267 0.358021 2.12246 -1.24191 0 0
0 0 951 -3.35827 2.47972 -1.80059 -1.26653 0 0
0 0 952 0.26837 -6.39168 0.519789 -1.79298 0 0
0 0 953 2.84921 -0.0614173 -4.1772 -1.10799 0 0
0 0 954 -2.11062 0.949565 2.44645 3.47091 0 0
0 0 955 -0.200376 -0.484002 1.37105 -3.58306 0 0
0 0 956 -0.924672 0.504625 -2.17934 -0.300289 0 0
0 0 957 -2.2716 -1.0685 1.62718 1.12765 0 0
0 0 958 0.0627665 2.04498 -3.73597 4.1072 0 0
0 0 959 -1.75711 -3.87234 0.802695 -1.171 0 0
0 0 960 0.808296 -1.19445 2.0339 -2.9823 0 0
0 0 961 4.28708 -1.31037 3.11804 7.99974 0 0
0 0 962 3.2845 0.207282 -1.95782 1.73254 0 0
0 0 963 0.337512 3.19009 -3.92792 0.820537 0 0
0 0 964 -0.765867 -0.896884 -2.57634 1.15219 0 0
0 0 965 -3.40305 -3.17339 0.324014 0.184076 0 0
0 0 966 -3.10068 3.89641 -5.09764 -2.43574 0 0
0 0 967 1.29156 -1.4111 -1.41749 -1.39366 0 0
0 0 968 2.65556 1.22647 3.02386 -1.1059 0 0
0 0 969 6.74521 4.74049 -1.30673 -3.1417 0 0
0 0 970 3.52226 -3.26 0.345411 3.96136 0 0
0 0 971 0.666442 -1.10466 1.28314 2.30038 0 0
0 0 972 3.70075 -2.55162 -1.25887 -1.62182 0 0
0 0 973 5.08211 0.315381 0.98965 2.90691 0 0
0 0 974 0.00515069 -0.127835 -2.41343 1.79658 0 0
0 0 975 -0.918167 -3.86169 -1.36893 0.510636 0 0
0 0 976 3.59932 0.652998 1.19748 -1.71431 0 0
0 0 977 -4.61996 -0.816634 0.636055 -3.43771 0 0
0 0 978 -3.57717 -0.581459 -1.78995 3.78366 0 0
0 0 979 1.69783 -0.364875 -0.511124 -3.41127 0 0
0 0 980 2.22879 -0.595391 -1.41977 2.42988 0 0
0 0 981 0.137771 2.46563 4.67546 -0.441382 0 0
0 0 982 -2.88327 -2.00157 1.05299 -0.117195 0 0
0 0 983 0.787889 5.89056 -1.70518 5.11195 0 0
0 0 984 6.19477 -4.90335 0.183941 -1.99294 0 0
0 0 985 1.51996 0.783752 1.26731 0.678392 0 0
0 0 986 6.56624 -0.34073 -0.544576 0.187562 0 0
0 0 987 -2.00154 -4.70729 4.4093 1.75776 0 0
0 0 988 -0.9273 3.84068 0.165694 -1.51654 0 0
0 0 989 0.853655 1.65987 -1.83011 2.84414 0 0
0 0 990 -2.4732 3.92622 6.3122 -0.778243 0 0
0 0 991 -0.432832 2.31817 0.283661 -1.93705 0 0
0 0 992 -3.19854 -1.55234 2.28252 4.16511 0 0
0 0 993 1.86639 7.27848 -2.6476 0.621681 0 0
0 0 994 -2.05331 0.190945 -0.0208183 -0.0245376 0 0
0 0 995 -2.09143 4.38473 4.76818 -2.79484 0 0
0 0 996 3.55121 -4.02377 -4.23423 2.10405 0 0
0 0 997 1.53801 -4.08751 -5.03254 3.11537 0 0
0 0 998 -6.7237 0.834522 0.606955 -0.354623 0 0
0 0 999 1.05425 0.438564 0.496711 -2.79249 0 0
0 0 1000 0.405878 -2.00126 -0.643659 -2.512 0 0
0 0 1001 -1.82444 -2.6595 1.854 6.6879 0 0
0 0 1002 -0.979112 0.533797 -0.296118 -2.04511 0 0
0 0 1003 0.912463 4.95559 1.20746 -4.51169 0 0
0 0 1004 1.28834 -5.29344 2.65455 -8.1606 0 0
0 0 1005 -0.237536 2.20702 -2.81395 -2.68666 0 0
0 0 1006 0.576328 0.855426 -3.99453 1.50178 0 0
0 0 1007 -1.79203 -2.16362 2.78855 -2.73106 0 0
0 0 1008 -0.4368 1.113 0.0460725 3.62867 0 0
0 0 1009 2.9261 -0.783563 2.44396 2.70748 0 0
0 0 1010 2.42479 1.66905 2.9038 -2.38441 0 0
0 0 1011 -4.21948 -0.469091 2.14422 3.09153 0 0
0 0 1012 2.00209 -2.28643 1.07639 0.32469 0 0
0 0 1013 2.34426 -4.2855 -2.40802 -1.50767 0 0
0 0 1014 3.07915 1.42926 -1.60936 4.58328 0 0
0 0 1015 1.64907 -0.352834 0.419055 5.07937 0 0
0 0 1016 -1.44795 -3.08591 0.739537 -1.49659 0 0
0 0 1017 0.578236 0.107195 1.86056 1.26592 0 0
0 0 1018 -0.715659 5.43381 -4.34568 -5.92962 0 0
0 0 1019 -4.00644 1.88443 7.16846 3.10958 0 0
0 0 1020 -1.16509 -2.77561 -3.19932 1.19351 0 0
0 0 1021 0.123674 1.34665 0.151344 0.944847 0 0
0 0 1022 3.86424 -2.40875 -0.963338 4.60995 0 0
0 0 1023 -0.429561 0.689519 -6.95124 0.986501 0 0
