# File: uwl_230222_190329_Combined.rf.sbC2.RMC_aux Src: J1713+0747 Nsub: 1 Nch: 1 Npol: 4 Nbin: 1024 RMS: 7.3743
0 0 0 5.31389 2.12397 5.16758 -9.20939 0 0
0 0 1 10.8569 1.55365 11.5527 -11.464 0 0
0 0 2 6.38616 5.84467 -7.3091 6.00472 0 0
0 0 3 6.43108 -5.6026 -12.435 2.53701 0 0
0 0 4 4.28459 0.430607 -1.65386 -8.46137 0 0
0 0 5 16.1498 -1.95807 0.0313365 -20.0949 0 0
0 0 6 6.8178 -8.09088 4.50177 3.27149 0 0
0 0 7 21.8217 5.28412 -13.7025 -8.42148 0 0
0 0 8 1.66155 6.37006 -0.895002 2.87114 0 0
0 0 9 -1.17244 -2.04986 10.31 6.16652 0 0
0 0 10 9.7553 1.04584 -2.4396 2.06366 0 0
0 0 11 -5.17244 3.41498 7.06369 -2.56973 0 0
0 0 12 14.1948 -6.48346 -0.241597 8.78611 0 0
0 0 13 2.21038 1.68061 8.91017 -3.19584 0 0
0 0 14 7.15178 -7.01861 -7.12922 1.75738 0 0
0 0 15 11.5776 -13.503 7.93214 -3.72939 0 0
0 0 16 1.69866 -3.2608 3.41622 7.12375 0 0
0 0 17 11.3373 -14.5362 1.56973 -0.117199 0 0
0 0 18 11.3686 6.90522 -12.2613 9.13604 0 0
0 0 19 -2.50837 -0.0811121 4.53073 -7.88266 0 0
0 0 20 16.9838 14.8564 -7.20778 17.6789 0 0
0 0 21 10.6108 -6.87213 6.61293 3.1112 0 0
0 0 22 -5.65681 -4.17096 -3.83118 10.2784 0 0
0 0 23 10.8588 -9.17877 -4.82576 -7.1369 0 0
0 0 24 19.476 7.54389 -8.87851 -4.12448 0 0
0 0 25 -5.82673 -0.512753 19.6748 9.3189 0 0
0 0 26 -16.5689 4.12787 8.4987 -2.93471 0 0
0 0 27 -2.14314 -7.96197 13.8004 11.6119 0 0
0 0 28 8.69866 -9.83502 -1.75931 8.014 0 0
0 0 29 19.1518 2.42279 3.52167 4.85559 0 0
0 0 30 3.63811 -8.9776 9.92337 5.26346 0 0
0 0 31 -0.0161867 1.43842 -12.5591 1.91466 0 0
0 0 32 10.9096 5.53217 7.00166 2.4008 0 0
0 0 33 18.8451 -12.0088 8.80886 -3.04082 0 0
0 0 34 8.3803 -3.25103 4.65479 12.1259 0 0
0 0 35 -2.07283 -6.87994 13.3537 7.3638 0 0
0 0 36 8.8217 -1.84088 -12.5467 10.4522 0 0
0 0 37 -1.42244 8.40717 1.34848 -0.0554921 0 0
0 0 38 6.35686 0.866153 3.12467 0.459248 0 0
0 0 39 6.52288 -2.55767 -11.8581 3.28428 0 0
0 0 40 8.92522 -11.8975 15.8019 8.8433 0 0
0 0 41 0.98186 5.5224 0.0706279 -13.5689 0 0
0 0 42 19.0014 0.846622 20.6776 -6.72526 0 0
0 0 43 4.67913 -8.06939 10.0702 -12.7448 0 0
0 0 44 4.78655 -8.21197 2.12388 -7.59218 0 0
0 0 45 4.56975 -4.87408 -1.69521 -3.1981 0 0
0 0 46 -0.0376711 13.4443 -4.39361 -7.3288 0 0
0 0 47 5.44866 1.07514 22.4869 0.869381 0 0
0 0 48 -0.953687 -0.307675 5.2751 -2.17163 0 0
0 0 49 9.59709 -3.80767 2.75661 5.14381 0 0
0 0 50 7.23381 -3.35455 1.74755 12.5345 0 0
0 0 51 8.76506 -9.74908 2.54364 6.02729 0 0
0 0 52 15.392 -2.794 6.41856 -8.26496 0 0
0 0 53 -5.05916 0.157169 -1.75725 1.51957 0 0
0 0 54 12.3627 3.28217 -1.3375 -5.58892 0 0
0 0 55 9.45452 5.90131 -1.51119 2.58291 0 0
0 0 56 3.05022 -3.70221 16.8379 5.02416 0 0
0 0 57 14.1967 -1.669 11.6272 -1.1685 0 0
0 0 58 4.08538 -8.88189 -1.42434 3.19398 0 0
0 0 59 4.62834 0.817325 11.8381 -2.63821 0 0
0 0 60 -7.35798 -10.1885 9.87374 -9.03706 0 0
0 0 61 5.18499 7.72553 -0.442174 -9.09651 0 0
0 0 62 1.43303 -13.1475 -6.13877 2.00572 0 0
0 0 63 10.2455 -6.5733 3.55475 -3.82045 0 0
0 0 64 0.76311 -8.38385 0.848094 -10.1877 0 0
0 0 65 7.15374 -9.06744 -1.11419 2.94715 0 0
0 0 66 5.7885 1.50483 4.4356 5.72929 0 0
0 0 67 -0.440015 3.50287 9.95231 -12.5115 0 0
0 0 68 -0.129468 -5.93267 3.73671 -3.37043 0 0
0 0 69 -11.5943 -6.12799 0.794337 -3.00846 0 0
0 0 70 6.59124 -0.797909 -2.27832 1.35025 0 0
0 0 71 9.02874 -3.61432 11.9973 -7.04885 0 0
0 0 72 -0.633374 -8.33892 17.6174 5.2567 0 0
0 0 73 -4.73103 -4.93658 -4.45563 3.12023 0 0
0 0 74 10.2748 6.85834 9.24929 -1.68624 0 0
0 0 75 1.03459 -3.93658 -2.62362 0.718121 0 0
0 0 76 1.1967 17.6279 -0.0120824 -1.40254 0 0
0 0 77 3.96428 14.2705 2.83312 -7.26332 0 0
0 0 78 -0.244702 7.706 12.9898 -4.0289 0 0
0 0 79 11.7983 -9.19635 -7.40422 -1.69377 0 0
0 0 80 11.6323 0.809513 5.76516 -16.2938 0 0
0 0 81 9.24163 -15.1085 12.1855 -17.5656 0 0
0 0 82 -1.13923 -6.06744 -10.4934 8.03131 0 0
0 0 83 -4.69001 -2.20025 10.1343 4.55457 0 0
0 0 84 1.66741 0.184513 -5.58668 -0.542385 0 0
0 0 85 -2.21736 15.4169 3.12467 -6.99692 0 0
0 0 86 4.39592 0.717716 -9.40371 3.13829 0 0
0 0 87 1.30022 -1.79986 4.45422 -6.55895 0 0
0 0 88 8.28459 9.95795 -8.40914 2.88543 0 0
0 0 89 11.8334 -3.58697 10.8973 -10.0101 0 0
0 0 90 2.77874 12.5029 3.88766 1.7777 0 0
0 0 91 -5.99666 -8.52642 -7.61513 11.1694 0 0
0 0 92 0.655688 -3.13971 1.42499 -7.75849 0 0
0 0 93 -1.35994 12.0322 -7.06098 2.71461 0 0
0 0 94 -11.1002 -1.7315 12.3716 -16.3405 0 0
0 0 95 -6.50056 12.3837 -10.9752 -5.04182 0 0
0 0 96 -3.98689 -9.52838 6.58191 -9.1507 0 0
0 0 97 -0.465405 9.45014 -0.446309 9.63121 0 0
0 0 98 3.24944 0.961857 6.66876 6.606 0 0
0 0 99 1.476 -7.83502 -6.00023 -15.2952 0 0
0 0 100 5.2885 -6.31549 -6.31866 -8.49599 0 0
0 0 101 1.78264 6.72162 -1.08317 -2.5765 0 0
0 0 102 11.3627 -0.0576744 10.585 1.05149 0 0
0 0 103 4.97991 -7.81158 -7.88807 -0.16988 0 0
0 0 104 -4.22322 2.69233 0.870837 -0.33694 0 0
0 0 105 -13.565 9.16693 0.833621 -4.64749 0 0
0 0 106 -0.285718 -3.47564 -3.3432 6.89196 0 0
0 0 107 -5.10994 2.23139 12.3116 -3.31249 0 0
0 0 108 8.67327 3.94037 -13.6653 -5.6702 0 0
0 0 109 -2.81306 3.91108 13.7156 2.41134 0 0
0 0 110 14.9037 -12.2159 0.386988 6.88293 0 0
0 0 111 19.7221 1.57123 5.33094 3.41598 0 0
0 0 112 7.30022 6.85639 -5.29307 15.209 0 0
0 0 113 12.5502 -1.93658 0.515193 -3.54577 0 0
0 0 114 0.352954 2.34272 15.7109 14.972 0 0
0 0 115 2.36077 -12.6065 2.24795 -3.68575 0 0
0 0 116 -10.4302 12.1103 -4.42048 -14.4569 0 0
0 0 117 -1.91072 10.8603 -6.74462 -5.07343 0 0
0 0 118 4.97405 2.62787 3.06263 0.591694 0 0
0 0 119 -3.61189 -4.63775 -10.4169 -5.61676 0 0
0 0 120 -1.03572 -0.901425 0.254657 9.39717 0 0
0 0 121 -0.652905 -3.11236 7.74604 1.61741 0 0
0 0 122 3.91741 -5.31158 11.3253 -11.695 0 0
0 0 123 17.1342 7.94037 -3.79397 -10.4308 0 0
0 0 124 0.671314 5.65326 -2.85108 7.44132 0 0
0 0 125 12.1303 3.53022 -6.1367 12.4457 0 0
0 0 126 -16.6275 0.0927153 -9.61463 -2.22281 0 0
0 0 127 7.64592 -0.262753 -7.50347 -3.72412 0 0
0 0 128 10.3725 -4.43853 -3.04545 -3.11983 0 0
0 0 129 0.149829 0.241154 -0.342916 -1.57713 0 0
0 0 130 -14.0728 7.03803 14.7557 2.76278 0 0
0 0 131 3.25725 5.57514 -10.7746 -1.77279 0 0
0 0 132 3.46819 -0.452206 -5.42746 -1.47779 0 0
0 0 133 -0.215405 3.21186 -1.32716 9.61992 0 0
0 0 134 3.01702 5.05365 6.26555 -7.81418 0 0
0 0 135 5.60881 -1.15142 8.46148 6.9311 0 0
0 0 136 -4.51619 -12.8311 -12.464 4.2799 0 0
0 0 137 -0.701734 9.68647 9.9854 5.95505 0 0
0 0 138 4.18108 10.4247 -11.9574 3.90287 0 0
0 0 139 -4.94197 13.5908 -9.30033 -0.582271 0 0
0 0 140 7.63616 0.0243566 6.38961 3.40243 0 0
0 0 141 -13.5533 -0.559628 10.9552 -5.11632 0 0
0 0 142 10.101 -9.99518 12.8988 -16.2923 0 0
0 0 143 0.198657 2.54389 4.2888 3.04046 0 0
0 0 144 13.9467 -9.44244 1.35469 -7.89621 0 0
0 0 145 1.32756 -1.44439 9.95231 -9.67447 0 0
0 0 146 0.45061 2.26459 -5.02633 -0.0773121 0 0
0 0 147 -15.5103 0.959903 -7.1168 -0.966068 0 0
0 0 148 1.74749 -10.251 -4.17029 -5.19534 0 0
0 0 149 6.39983 7.3349 -2.30106 -2.77517 0 0
0 0 150 -0.436108 -6.21197 -7.77848 -12.7072 0 0
0 0 151 0.895923 -9.37994 -11.366 3.25795 0 0
0 0 152 5.39592 7.96772 -2.28866 -5.83801 0 0
0 0 153 9.86077 -1.75885 1.70827 -4.14103 0 0
0 0 154 1.36467 9.75678 -4.20131 0.0272869 0 0
0 0 155 0.610767 5.23725 2.46299 -3.46525 0 0
0 0 156 -2.774 2.90717 4.53279 -5.59043 0 0
0 0 157 9.22991 2.01264 -1.43055 2.92006 0 0
0 0 158 3.74163 -2.06939 8.57521 1.50453 0 0
0 0 159 2.47991 -0.585018 -0.932225 -6.77643 0 0
0 0 160 12.2865 6.06147 4.40045 8.19988 0 0
0 0 161 10.9916 -2.62799 -7.65235 17.3764 0 0
0 0 162 6.11272 4.42279 -6.44893 7.47443 0 0
0 0 163 -1.80525 1.80951 -13.1939 -6.76364 0 0
0 0 164 -9.55916 -0.983456 10.9944 -3.57813 0 0
0 0 165 -9.15681 4.08686 -8.88265 -4.59632 0 0
0 0 166 3.92913 6.30951 5.71347 -5.16976 0 0
0 0 167 -12.4342 2.63373 -8.63038 7.13504 0 0
0 0 168 -0.51814 11.5537 1.19754 0.622547 0 0
0 0 169 6.25334 3.03998 -9.18454 11.0603 0 0
0 0 170 -3.86775 10.54 -3.49207 -7.23397 0 0
0 0 171 5.45647 12.2587 -2.73115 7.69417 0 0
0 0 172 12.099 5.21772 15.5166 -10.634 0 0
0 0 173 -6.70759 9.88764 -6.56266 -8.87376 0 0
0 0 174 4.96233 4.12787 -4.84644 -3.12962 0 0
0 0 175 2.601 5.98139 -6.96173 -9.92807 0 0
0 0 176 -3.96345 3.79193 1.40638 9.01864 0 0
0 0 177 6.6967 6.3935 5.19447 6.12587 0 0
0 0 178 8.00139 4.80365 -12.0856 -5.16298 0 0
0 0 179 -8.19587 14.5478 9.42504 9.71173 0 0
0 0 180 -0.947827 -3.19635 6.34826 12.7234 0 0
0 0 181 -2.72908 -15.0831 3.51547 -2.17464 0 0
0 0 182 -0.682202 -6.2315 -0.15682 0.768544 0 0
0 0 183 2.50334 -11.5538 -4.40808 0.217678 0 0
0 0 184 -12.6685 14.6728 10.6864 -0.12849 0 0
0 0 185 6.83733 6.69037 0.473834 -6.23084 0 0
0 0 186 1.10295 11.5146 -1.70762 -3.60447 0 0
0 0 187 -0.834546 -1.20807 1.08589 -0.479175 0 0
0 0 188 16.1147 12.3779 -6.18839 2.4738 0 0
0 0 189 4.74358 0.674747 -3.55824 -13.1745 0 0
0 0 190 -10.6861 3.9599 15.4959 1.12901 0 0
0 0 191 -5.33845 2.76068 4.86156 2.86437 0 0
0 0 192 2.21428 -7.96392 3.43896 14.3037 0 0
0 0 193 3.34124 -2.23932 10.1715 1.14105 0 0
0 0 194 12.5854 6.84857 -6.16151 -1.07669 0 0
0 0 195 -13.3912 -2.04205 -3.02477 -9.28766 0 0
0 0 196 -3.15095 -5.544 15.742 -6.24363 0 0
0 0 197 5.2592 -3.92682 -7.38975 -11.6424 0 0
0 0 198 0.302173 0.897403 -8.03281 8.88469 0 0
0 0 199 -3.54548 3.61225 -0.316037 1.45185 0 0
0 0 200 5.12444 13.8212 1.37123 -11.5197 0 0
0 0 201 -13.3131 3.03998 9.84272 3.55445 0 0
0 0 202 10.0268 -0.303768 13.5398 2.25556 0 0
0 0 203 6.41741 -3.93658 -1.55461 1.69944 0 0
0 0 204 7.24944 -9.57721 0.701289 2.98478 0 0
0 0 205 3.79827 -14.6338 -4.61692 5.2138 0 0
0 0 206 -4.78181 1.39154 -2.36103 -2.4117 0 0
0 0 207 6.0678 15.2333 7.81428 2.97273 0 0
0 0 208 -3.48103 7.01654 -2.83246 3.73882 0 0
0 0 209 15.5307 7.13764 2.74214 8.28943 0 0
0 0 210 2.76116 11.415 -8.08451 -1.52595 0 0
0 0 211 -4.2447 -2.43853 -1.90406 -6.83438 0 0
0 0 212 6.40959 -3.69439 -0.607587 5.11145 0 0
0 0 213 12.8608 -0.950253 6.53642 1.84242 0 0
0 0 214 2.80022 -0.6358 7.31182 -5.42938 0 0
0 0 215 3.10295 5.00678 -12.1186 7.18395 0 0
0 0 216 -1.35603 0.184513 5.96366 -7.0052 0 0
0 0 217 11.5658 -6.81549 5.53977 10.0158 0 0
0 0 218 1.43889 0.983341 2.6739 -3.28916 0 0
0 0 219 1.29436 -6.3526 4.17094 3.26923 0 0
0 0 220 0.960376 -0.920956 -9.92478 6.40582 0 0
0 0 221 -3.47126 -3.55182 -13.3903 -1.38297 0 0
0 0 222 16.1186 -8.06353 3.10606 2.96445 0 0
0 0 223 4.33538 -4.10064 1.14378 -3.20864 0 0
0 0 224 0.110767 7.2099 -8.80201 4.84129 0 0
0 0 225 2.84319 16.0126 2.01222 1.50227 0 0
0 0 226 -0.990796 0.565372 -1.52773 -2.31688 0 0
0 0 227 7.40374 -11.6182 -8.93848 8.65742 0 0
0 0 228 8.36077 17.8388 -6.07674 1.28253 0 0
0 0 229 6.29436 -9.74322 -1.06042 -5.77781 0 0
0 0 230 -7.72517 10.3857 0.0685603 9.82085 0 0
0 0 231 0.132251 17.6845 3.91247 1.91015 0 0
0 0 232 13.394 5.43061 -1.61871 4.54855 0 0
0 0 233 4.32756 9.14545 -3.61821 12.8942 0 0
0 0 234 7.29045 -5.27057 11.2922 6.58342 0 0
0 0 235 1.19866 4.76654 -0.489728 -0.903606 0 0
0 0 236 13.9272 -4.14557 7.30561 4.98051 0 0
0 0 237 -2.12751 10.9404 -3.215 -2.575 0 0
0 0 238 2.16545 4.91303 -0.378072 -11.4971 0 0
0 0 239 -9.80525 13.5087 4.60309 5.71122 0 0
0 0 240 -6.3365 -8.53424 0.796397 -3.03179 0 0
0 0 241 -7.14705 8.49115 9.16864 12.0777 0 0
0 0 242 -7.62947 9.91107 3.84631 0.467526 0 0
0 0 243 5.02483 12.5263 3.03575 6.70834 0 0
0 0 244 5.57756 -3.88189 -12.1435 3.25719 0 0
0 0 245 -3.75056 7.17279 0.690943 -7.26558 0 0
0 0 246 1.34124 7.17865 -7.86326 -3.03706 0 0
0 0 247 0.417407 4.39545 8.38291 -12.7569 0 0
0 0 248 -7.6197 6.94428 4.06342 0.826489 0 0
0 0 249 3.4135 4.35248 -8.07003 -3.74445 0 0
0 0 250 19.6147 1.956 -5.79346 8.52874 0 0
0 0 251 0.620532 6.10248 -7.60273 5.73832 0 0
0 0 252 8.30803 -12.6905 -6.49856 -9.1507 0 0
0 0 253 6.38811 18.3779 15.0782 -3.0649 0 0
0 0 254 5.48186 7.03022 3.4493 -0.38586 0 0
0 0 255 5.32756 3.27436 6.54883 -2.2499 0 0
0 0 256 -3.42048 -0.930721 9.43538 4.35514 0 0
0 0 257 -1.39314 4.8974 -1.35817 -3.23573 0 0
0 0 258 13.8471 -2.88189 2.56431 -3.2869 0 0
0 0 259 7.72405 1.16693 -1.34163 -7.39502 0 0
0 0 260 6.82366 12.0126 -5.46882 -3.86034 0 0
0 0 261 -6.16462 12.872 -12.2076 -2.06176 0 0
0 0 262 -15.6998 11.8369 -19.8209 0.0152477 0 0
0 0 263 8.53655 1.6435 5.67004 -4.36002 0 0
0 0 264 -8.18416 1.71186 17.8924 9.07207 0 0
0 0 265 6.29827 5.77631 -4.23646 -8.37181 0 0
0 0 266 -7.88728 -9.56549 4.34463 -10.7995 0 0
0 0 267 -1.58064 4.54975 1.50563 0.405819 0 0
0 0 268 -1.22322 -2.94439 -13.2476 1.46238 0 0
0 0 269 6.0385 1.35248 -1.70762 7.18395 0 0
0 0 270 7.51116 13.4736 6.249 9.5695 0 0
0 0 271 10.8686 9.05756 7.01614 3.16764 0 0
0 0 272 -7.65876 -0.672909 -4.08552 -0.510029 0 0
0 0 273 13.1928 -15.6651 4.27019 -3.18004 0 0
0 0 274 8.04827 8.9599 -4.87332 -4.01987 0 0
0 0 275 2.18499 4.30756 -2.48509 9.79827 0 0
0 0 276 -10.6568 8.84857 -11.4053 0.958935 0 0
0 0 277 -14.0982 9.67279 -2.73736 -5.65213 0 0
0 0 278 -2.4615 -9.08502 -6.53784 -7.59821 0 0
0 0 279 4.23967 -17.3721 -10.5989 10.2671 0 0
0 0 280 1.08538 -10.8897 -6.11603 1.0673 0 0
0 0 281 15.3686 8.45209 -1.44916 24.0115 0 0
0 0 282 -1.89314 -6.77057 3.92281 4.01349 0 0
0 0 283 -0.520093 -3.72955 5.76309 -0.0743062 0 0
0 0 284 13.4643 -4.66705 7.3263 3.81182 0 0
0 0 285 1.9467 7.3974 6.3007 -12.1556 0 0
0 0 286 -6.73494 -13.9249 -10.6919 6.42839 0 0
0 0 287 2.59319 -8.96392 16.2299 9.69292 0 0
0 0 288 7.75139 8.19428 -6.46753 -1.19935 0 0
0 0 289 -0.973218 -7.41314 2.10734 2.24126 0 0
0 0 290 -16.5631 15.9775 -1.69108 14.3955 0 0
0 0 291 -8.12751 7.07318 -7.46832 -8.21529 0 0
0 0 292 -2.49666 -6.89361 -1.17001 3.60562 0 0
0 0 293 3.11858 -6.09088 5.45293 14.9757 0 0
0 0 294 -11.5123 9.92279 4.57001 1.58957 0 0
0 0 295 2.41936 -6.55572 -5.45642 -6.81932 0 0
0 0 296 2.5717 17.1005 -0.274686 3.93975 0 0
0 0 297 9.10491 12.4697 1.79718 -7.11808 0 0
0 0 298 5.726 5.00483 2.2252 3.47919 0 0
0 0 299 -3.78572 2.96967 -3.97593 3.96534 0 0
0 0 300 -5.88923 -2.09478 6.43923 16.7691 0 0
0 0 301 11.7885 2.56342 -9.51124 4.53651 0 0
0 0 302 -7.52595 -1.75103 11.47 -1.01574 0 0
0 0 303 6.8178 -3.09478 -5.80379 1.58505 0 0
0 0 304 -7.73494 7.96186 -10.1502 -5.20437 0 0
0 0 305 -14.7291 -0.833065 -10.5658 10.8977 0 0
0 0 306 -10.2838 3.03412 6.78868 17.4509 0 0
0 0 307 -0.316968 -8.36236 -12.253 -3.00996 0 0
0 0 308 -1.35994 -5.58892 -2.03019 -7.93986 0 0
0 0 309 -21.442 -5.78033 -6.73014 2.6055 0 0
0 0 310 3.7553 5.38959 7.51446 15.1059 0 0
0 0 311 -10.0806 -16.4151 2.04118 -17.7048 0 0
0 0 312 -0.647046 -7.3526 -2.27418 9.00283 0 0
0 0 313 3.10686 -2.67682 -4.66655 3.60486 0 0
0 0 314 11.3881 -10.2432 0.219508 2.11333 0 0
0 0 315 4.67717 -6.42291 5.67004 -6.31287 0 0
0 0 316 -2.50251 6.08881 4.95668 10.5463 0 0
0 0 317 -4.44392 -8.4776 -0.363599 7.47518 0 0
0 0 318 1.78655 9.49897 5.62455 -2.63445 0 0
0 0 319 -8.10994 6.16108 -2.64431 -2.2642 0 0
0 0 320 7.89006 -8.26861 -1.6001 9.85998 0 0
0 0 321 1.67327 -8.06353 -16.3099 -0.814052 0 0
0 0 322 -2.85408 -5.43072 -1.77585 -1.78483 0 0
0 0 323 1.60491 5.05561 8.40772 6.67674 0 0
0 0 324 8.37834 6.5517 -7.32978 4.32881 0 0
0 0 325 -3.50447 5.63764 -6.13463 -7.25279 0 0
0 0 326 -3.50642 2.90912 19.5197 3.12474 0 0
0 0 327 10.8158 3.13373 16.201 -10.4827 0 0
0 0 328 4.42717 9.44428 0.174014 16.4643 0 0
0 0 329 5.74553 8.87201 6.14149 10.322 0 0
0 0 330 8.14202 -4.76275 -12.4598 0.483326 0 0
0 0 331 -5.33064 0.858341 -8.0142 -9.53299 0 0
0 0 332 -0.938061 -7.21783 -11.55 -2.55468 0 0
0 0 333 3.55608 3.24897 5.41571 -0.95177 0 0
0 0 334 -6.28572 9.91498 -5.01806 5.26046 0 0
0 0 335 4.05217 19.4404 0.957682 11.6751 0 0
0 0 336 -1.13728 -0.764706 -2.92345 16.4093 0 0
0 0 337 2.92717 -8.61041 16.1286 -15.5337 0 0
0 0 338 6.29631 -9.03814 6.56951 8.02153 0 0
0 0 339 -5.42634 -0.659237 4.7375 -5.85833 0 0
0 0 340 1.94084 8.03998 1.72895 -0.896831 0 0
0 0 341 -10.7291 5.6435 10.5313 1.23512 0 0
0 0 342 1.70256 -5.04986 -1.9909 -4.68813 0 0
0 0 343 12.3334 -8.40338 -9.75523 -0.847919 0 0
0 0 344 -5.2447 -1.20025 4.63411 3.06755 0 0
0 0 345 0.757251 -2.87017 4.7313 2.31878 0 0
0 0 346 -9.43025 4.00092 -16.0825 -4.25994 0 0
0 0 347 -9.97517 -1.09088 -6.13257 4.9775 0 0
0 0 348 -0.920484 11.6318 -14.8129 -8.43578 0 0
0 0 349 4.0717 -13.8174 1.60488 5.36355 0 0
0 0 350 10.2826 5.28022 -2.72494 -19.45 0 0
0 0 351 5.74553 -6.48736 -14.6372 17.3929 0 0
0 0 352 6.49358 13.9951 12.3964 -11.0802 0 0
0 0 353 -10.7193 -4.96002 -2.49336 0.5947 0 0
0 0 354 -1.32283 13.8857 8.44908 -3.72337 0 0
0 0 355 15.1655 4.54975 -12.8548 0.29971 0 0
0 0 356 -17.3365 3.51264 0.00859329 -9.14994 0 0
0 0 357 1.35491 1.25873 9.32786 3.8803 0 0
0 0 358 -0.650952 7.46381 -5.93613 -0.383602 0 0
0 0 359 4.59124 3.44428 -10.3569 10.2107 0 0
0 0 360 -8.82869 -9.47564 1.7 5.49901 0 0
0 0 361 1.0717 5.95209 2.30791 13.0703 0 0
0 0 362 12.144 4.23529 11.9332 6.49989 0 0
0 0 363 -9.59236 5.98725 3.19497 -2.40191 0 0
0 0 364 2.30608 11.706 3.88146 4.9474 0 0
0 0 365 13.8471 -16.417 -5.75004 2.55507 0 0
0 0 366 -4.32478 3.39936 4.8078 7.37359 0 0
0 0 367 -0.498609 -10.587 4.14405 6.53601 0 0
0 0 368 1.99358 -6.93853 6.91896 13.351 0 0
0 0 369 -1.41072 0.598575 14.2739 -12.4438 0 0
0 0 370 -7.88533 -6.27057 -1.46776 -3.84604 0 0
0 0 371 -7.52009 0.895451 0.171946 3.03218 0 0
0 0 372 8.37053 -4.63971 -6.89556 -3.13338 0 0
0 0 373 -2.66072 3.45404 2.80003 6.45474 0 0
0 0 374 -7.36189 -0.176815 -2.64223 -6.74708 0 0
0 0 375 -3.07869 -11.1202 2.82485 -5.05236 0 0
0 0 376 2.66155 -2.62994 0.744708 -1.13463 0 0
0 0 377 5.90569 15.5947 2.7442 4.72314 0 0
0 0 378 -6.41267 -6.6065 -8.59523 -2.02639 0 0
0 0 379 2.74749 -6.57525 1.76824 3.90889 0 0
0 0 380 10.142 7.66303 -1.98884 0.0807155 0 0
0 0 381 0.82561 -8.66119 2.75661 7.99594 0 0
0 0 382 5.17327 -8.9151 10.9986 5.76165 0 0
0 0 383 -0.180249 0.348575 -8.92193 9.84192 0 0
0 0 384 2.54045 9.4599 -8.17548 5.31163 0 0
0 0 385 -8.16658 7.29193 4.71269 1.73405 0 0
0 0 386 8.38616 -5.75689 5.11796 0.400547 0 0
0 0 387 8.87053 20.247 -1.66833 -9.58717 0 0
0 0 388 -3.28962 -10.7256 13.9534 -8.17315 0 0
0 0 389 -4.47712 -9.24517 0.00652573 -9.07695 0 0
0 0 390 3.90959 0.3017 0.633052 5.55996 0 0
0 0 391 -3.95369 0.532169 5.21308 3.12399 0 0
0 0 392 -12.1197 6.34272 4.86983 0.48634 0 0
0 0 393 6.46428 -11.1983 4.42114 -0.99918 0 0
0 0 394 -1.81306 8.69233 1.53251 -6.72451 0 0
0 0 395 5.54827 -3.32525 -9.76557 0.868626 0 0
0 0 396 -8.98298 4.61615 -0.884664 -5.87188 0 0
0 0 397 2.39592 18.4794 3.86698 -4.55568 0 0
0 0 398 3.42327 0.0849035 4.78919 3.75086 0 0
0 0 399 8.8178 -8.20807 -7.3546 0.71436 0 0
0 0 400 -7.69978 -3.46002 -0.882596 9.5394 0 0
0 0 401 10.6069 -0.840878 4.62583 -3.98526 0 0
0 0 402 -6.1197 11.9482 3.67675 -9.7452 0 0
0 0 403 -14.7349 -6.51471 10.248 4.6223 0 0
0 0 404 16.3588 4.47748 -0.435964 -4.90035 0 0
0 0 405 4.98186 -12.6378 -6.14084 8.81244 0 0
0 0 406 -3.56111 -1.46978 9.94197 -5.93434 0 0
0 0 407 9.15764 -11.3057 -10.1729 -5.53699 0 0
0 0 408 6.59319 -9.43658 -1.71589 1.2607 0 0
0 0 409 -8.23884 8.10639 -4.80922 -14.56 0 0
0 0 410 2.50334 -2.97174 -7.47452 -0.367794 0 0
0 0 411 11.2514 1.17084 6.75147 -6.46789 0 0
0 0 412 2.14397 -6.85846 -9.72628 -12.6726 0 0
0 0 413 4.65764 15.1747 4.77885 4.38601 0 0
0 0 414 -8.43611 -10.9581 10.1322 3.4521 0 0
0 0 415 -11.3951 -10.2803 3.18049 4.06015 0 0
0 0 416 -2.19587 1.00873 -8.72963 -1.67722 0 0
0 0 417 2.93694 -11.4639 -14.2071 2.19535 0 0
0 0 418 11.5893 -5.35846 2.83105 -10.439 0 0
0 0 419 -0.0904055 3.40717 11.8898 9.43931 0 0
0 0 420 -10.7213 1.6435 -4.16616 2.16752 0 0
0 0 421 -9.5572 -9.56353 -11.3184 9.32342 0 0
0 0 422 14.8412 -0.778378 3.28181 -3.78057 0 0
0 0 423 -4.09431 4.83295 -6.54404 -1.83675 0 0
0 0 424 2.46233 -5.62213 -9.52572 -8.98137 0 0
0 0 425 1.71624 -5.99713 -3.27289 6.37497 0 0
0 0 426 -0.0337648 0.159122 9.62561 -6.97585 0 0
0 0 427 -1.02986 9.53803 8.96187 -11.3955 0 0
0 0 428 -1.85408 10.8896 10.6719 -2.87902 0 0
0 0 429 -1.4615 15.0244 -8.77306 -7.31751 0 0
0 0 430 0.98772 -9.8858 -10.4066 12.0521 0 0
0 0 431 1.00725 14.7587 9.52223 -2.23184 0 0
0 0 432 -6.15095 3.92865 6.05464 -2.39439 0 0
0 0 433 -2.52986 -2.00103 -2.96894 -18.2549 0 0
0 0 434 -11.2779 6.13764 -2.28452 18.1372 0 0
0 0 435 21.3979 1.14936 6.61293 -9.88066 0 0
0 0 436 -2.62751 -0.876034 -1.26926 -3.67446 0 0
0 0 437 -9.84626 2.19037 -4.34398 9.30611 0 0
0 0 438 8.85881 1.43451 1.96467 -7.50037 0 0
0 0 439 3.99553 -9.99517 -5.88651 -1.63206 0 0
0 0 440 -5.80916 -14.0889 3.84631 -6.43478 0 0
0 0 441 -3.18611 7.91303 3.52581 6.88519 0 0
0 0 442 5.79436 -6.51275 -13.5929 -13.5011 0 0
0 0 443 -7.41853 2.52045 19.3315 -1.14743 0 0
0 0 444 3.78069 -2.73736 -0.84538 -6.84642 0 0
0 0 445 -5.53962 -1.48346 -3.08059 0.778324 0 0
0 0 446 -0.363843 -4.94439 -12.0483 -7.09626 0 0
0 0 447 -3.69783 4.04584 10.1942 -2.25893 0 0
0 0 448 5.08147 0.164982 -3.87667 -5.01247 0 0
0 0 449 -6.17439 6.331 -0.23953 -1.63808 0 0
0 0 450 1.04631 9.07123 -4.92708 -2.50953 0 0
0 0 451 -2.85798 -2.62213 -1.10177 -4.72501 0 0
0 0 452 9.88225 0.0204506 0.211238 -15.8476 0 0
0 0 453 -8.69587 10.4306 5.86441 14.3158 0 0
0 0 454 -7.51814 -8.37603 12.0986 11.7729 0 0
0 0 455 -1.06306 12.579 -8.98604 2.00496 0 0
0 0 456 3.3803 -11.0362 7.96316 2.53325 0 0
0 0 457 -3.17048 5.5185 6.03603 -3.94161 0 0
0 0 458 -7.15095 6.206 6.76801 -3.01523 0 0
0 0 459 1.39006 1.16498 -0.129941 -0.853183 0 0
0 0 460 -2.67634 -6.23736 -15.4477 -6.8261 0 0
0 0 461 13.808 12.2197 -11.1365 1.88907 0 0
0 0 462 -0.844312 4.80561 6.20145 4.55156 0 0
0 0 463 -14.2076 4.43842 -5.06148 9.62895 0 0
0 0 464 2.72014 -3.93072 -6.88315 -8.25517 0 0
0 0 465 -2.0572 3.03412 0.763316 2.95543 0 0
0 0 466 -7.90095 -2.58697 9.25549 -2.99943 0 0
0 0 467 -7.774 3.09858 14.6771 -1.43415 0 0
0 0 468 -3.94587 -8.91705 4.95254 -7.19258 0 0
0 0 469 4.83538 -3.8233 5.1407 0.0122341 0 0
0 0 470 4.41155 -8.75103 -8.67588 7.56624 0 0
0 0 471 -10.5572 18.1279 -4.63553 -15.828 0 0
0 0 472 8.55413 -5.03814 18.7857 -6.3377 0 0
0 0 473 -2.80134 -7.67486 -1.4078 -0.772663 0 0
0 0 474 1.45256 3.73139 -8.50425 8.33834 0 0
0 0 475 -4.024 -13.3272 -5.30547 -6.99467 0 0
0 0 476 5.46038 13.8369 0.554476 5.9844 0 0
0 0 477 5.4135 9.17279 -6.15531 -3.10403 0 0
0 0 478 0.241626 5.08686 -6.68052 -5.04333 0 0
0 0 479 20.5248 -1.19244 -2.91517 7.10418 0 0
0 0 480 2.61663 -5.10455 -2.69393 3.62368 0 0
0 0 481 1.8803 9.88959 -5.1049 -16.1802 0 0
0 0 482 -8.48884 7.32123 -1.48638 11.7812 0 0
0 0 483 3.8842 -2.17682 10.9304 -1.70732 0 0
0 0 484 -7.31306 -0.311581 9.23688 10.8925 0 0
0 0 485 12.3549 -6.44439 -4.78647 6.57891 0 0
0 0 486 -0.613843 5.31342 9.17485 7.17868 0 0
0 0 487 10.433 -10.7217 -5.68387 -0.0238835 0 0
0 0 488 -10.1881 9.34857 -4.53214 -6.22783 0 0
0 0 489 8.41545 2.00678 0.415934 -3.09726 0 0
0 0 490 -3.97712 -6.4483 -1.54014 -5.34359 0 0
0 0 491 15.7182 -3.27252 6.72459 5.85195 0 0
0 0 492 1.58342 11.8622 3.73671 5.52685 0 0
0 0 493 9.11663 -8.3233 4.51832 3.84643 0 0
0 0 494 8.7553 2.74897 -13.1298 -7.98125 0 0
0 0 495 6.97014 6.04975 14.1271 -9.89571 0 0
0 0 496 -5.08455 -4.32916 -13.9155 -5.66719 0 0
0 0 497 -0.941968 11.958 0.759181 2.26233 0 0
0 0 498 13.1889 2.3349 3.67882 7.31038 0 0
0 0 499 -4.03181 10.9501 -16.281 11.1829 0 0
0 0 500 12.4877 -6.0108 -5.75624 9.62293 0 0
0 0 501 -2.15681 6.85639 -3.46933 1.71298 0 0
0 0 502 0.833423 3.04975 4.67133 8.10054 0 0
0 0 503 -2.71345 -9.14166 2.2769 8.09979 0 0
0 0 504 -10.9381 8.6767 -1.58976 -1.42813 0 0
0 0 505 0.0052979 -4.544 -7.17884 27.416 0 0
0 0 506 7.35686 -8.96588 12.2372 10.6035 0 0
0 0 507 7.54827 -6.82916 7.85977 8.90275 0 0
0 0 508 -5.4947 -4.07525 7.52066 -8.70971 0 0
0 0 509 -1.87751 15.9951 -0.901204 -10.266 0 0
0 0 510 -0.916577 9.09662 0.504847 -5.73115 0 0
0 0 511 -4.70564 7.86615 -4.28608 -13.3536 0 0
0 0 512 15.5697 3.92279 -6.63709 3.71323 0 0
0 0 513 -11.2779 15.4736 7.58476 0.0242809 0 0
0 0 514 -1.6822 4.16303 6.88793 -16.8688 0 0
0 0 515 5.55217 0.217716 -4.03795 -17.2721 0 0
0 0 516 4.17717 1.90912 -5.08836 8.8591 0 0
0 0 517 -5.3658 -2.06744 -0.0927251 7.76416 0 0
0 0 518 -7.19978 3.09467 2.84346 3.00058 0 0
0 0 519 3.4467 6.44037 -3.26256 16.6389 0 0
0 0 520 2.77678 1.05561 6.17871 4.24377 0 0
0 0 521 4.65569 -3.51471 3.36659 17.6578 0 0
0 0 522 0.427173 4.61225 0.637187 -3.54051 0 0
0 0 523 1.3803 -6.30182 1.77857 3.77193 0 0
0 0 524 -9.3365 6.52045 0.513118 -10.0274 0 0
0 0 525 -1.50447 8.46967 -15.4208 -4.41646 0 0
0 0 526 -1.13142 7.23334 1.19134 5.23863 0 0
0 0 527 0.0756102 -3.55572 -6.65984 -8.77894 0 0
0 0 528 0.852954 8.99115 2.04324 -7.25806 0 0
0 0 529 0.493579 -11.1182 -5.12145 -10.4037 0 0
0 0 530 4.65959 4.43842 4.08616 -10.5632 0 0
0 0 531 6.62444 3.70795 -10.0344 -0.00356642 0 0
0 0 532 8.83538 3.3017 6.70597 -2.14981 0 0
0 0 533 4.52092 -13.0206 -0.661351 -3.76175 0 0
0 0 534 3.18694 6.78608 7.32216 -8.58855 0 0
0 0 535 11.0092 4.81928 10.9614 7.02591 0 0
0 0 536 6.86663 -7.64752 -0.175435 -1.04885 0 0
0 0 537 12.9643 9.41889 5.1283 1.65202 0 0
0 0 538 13.2338 -9.87408 -0.144414 5.86625 0 0
0 0 539 4.726 -0.182675 -4.49286 -2.67433 0 0
0 0 540 12.81 0.518497 -1.44088 5.16488 0 0
0 0 541 11.683 0.766544 4.79746 6.80919 0 0
0 0 542 -5.02205 1.90912 4.72923 2.29093 0 0
0 0 543 -15.6705 1.38568 0.511058 -5.42637 0 0
0 0 544 -1.89705 -6.42682 -7.83017 -3.5518 0 0
0 0 545 -0.908765 4.78022 -4.00694 2.26309 0 0
0 0 546 2.70647 11.7744 2.58705 -8.67735 0 0
0 0 547 2.71038 2.09076 8.86055 -6.56948 0 0
0 0 548 8.83538 0.582951 0.612376 -3.019 0 0
0 0 549 4.29045 -5.57525 -7.31945 0.225956 0 0
0 0 550 6.68108 -3.27447 -0.555898 6.22521 0 0
0 0 551 1.18108 0.27631 3.12673 -3.28163 0 0
0 0 552 -4.2447 14.4365 11.4514 7.35778 0 0
0 0 553 -10.0767 -0.516659 -13.2476 -3.32378 0 0
0 0 554 -11.9791 9.18256 -3.54377 -10.786 0 0
0 0 555 -8.6783 -2.03619 -5.02012 10.0775 0 0
0 0 556 8.20061 12.2216 -8.82475 -5.31725 0 0
0 0 557 2.20647 3.73529 -2.12944 14.2368 0 0
0 0 558 13.0893 5.71576 -3.42798 -1.39501 0 0
0 0 559 5.41155 2.2685 1.56353 -6.14279 0 0
0 0 560 6.60881 12.0869 0.972155 2.78384 0 0
0 0 561 6.26116 3.76264 2.29964 5.74208 0 0
0 0 562 2.83733 8.30756 9.21827 -9.97548 0 0
0 0 563 -8.39509 -0.561581 6.59225 0.213169 0 0
0 0 564 -3.56697 0.133732 -5.53499 -2.56898 0 0
0 0 565 -0.346265 -3.48932 -9.63944 8.47757 0 0
0 0 566 11.1127 -3.79986 -7.12922 9.38287 0 0
0 0 567 7.01506 -12.3155 -1.69521 -6.14053 0 0
0 0 568 3.40569 7.8642 -11.7527 -0.445308 0 0
0 0 569 -5.73298 6.42475 12.0469 0.686512 0 0
0 0 570 3.39788 2.15326 -1.15554 -14.6954 0 0
0 0 571 -4.62947 12.1103 -5.10077 -6.34598 0 0
0 0 572 4.26702 1.956 -4.00694 2.14418 0 0
0 0 573 0.167407 -9.94049 10.8042 2.87716 0 0
0 0 574 6.14202 7.67475 0.864634 11.0294 0 0
0 0 575 -15.3306 -5.29791 7.27667 -2.59908 0 0
0 0 576 3.30608 16.749 -3.55824 -1.01197 0 0
0 0 577 -4.44587 9.87201 6.23867 -6.20149 0 0
0 0 578 -3.82673 9.13959 -3.68023 -1.20989 0 0
0 0 579 -4.94197 -1.43658 -4.89399 -4.53085 0 0
0 0 580 3.31584 -0.952206 1.71034 -3.07017 0 0
0 0 581 6.93694 2.94623 0.397326 2.2819 0 0
0 0 582 1.21428 16.665 -4.62726 1.54441 0 0
0 0 583 4.66545 8.16693 2.86413 -6.24589 0 0
0 0 584 -2.62556 1.60248 7.9094 0.438931 0 0
0 0 585 1.5053 5.33881 9.26583 -8.13251 0 0
0 0 586 5.39397 7.11811 9.00736 3.17366 0 0
0 0 587 -4.72517 4.21772 -2.47475 9.35804 0 0
0 0 588 2.63811 10.1943 -3.26462 -1.2588 0 0
0 0 589 -8.20173 -9.58697 6.02362 -20.5449 0 0
0 0 590 -3.79548 6.03412 2.4237 6.24402 0 0
0 0 591 -8.65095 2.81147 0.519328 -8.61865 0 0
0 0 592 5.55803 2.89545 -1.017 -15.8769 0 0
0 0 593 -4.91267 -0.852597 6.20352 6.27111 0 0
0 0 594 -3.80525 -3.16314 8.34982 -4.07406 0 0
0 0 595 5.87444 -9.49517 -10.9917 -4.2351 0 0
0 0 596 -9.42439 -2.28619 -1.4843 -0.0306584 0 0
0 0 597 -4.02595 -6.90728 -0.886731 4.00747 0 0
0 0 598 0.335376 -10.4366 -1.49465 -4.84391 0 0
0 0 599 -0.0474367 11.2119 -2.50783 1.32316 0 0
0 0 600 -4.18806 -2.35064 -5.61977 1.78447 0 0
0 0 601 -5.8697 6.75287 -12.1641 -5.3165 0 0
0 0 602 -3.33845 -0.684628 -6.46547 -6.1473 0 0
0 0 603 -2.88728 -12.3116 11.8898 0.587178 0 0
0 0 604 -9.60408 6.67865 -0.347051 -4.23736 0 0
0 0 605 -4.08845 17.2255 9.89028 -4.32239 0 0
0 0 606 -8.70369 -1.84674 -16.6945 10.2272 0 0
0 0 607 -7.50056 0.789982 -2.81179 -4.96732 0 0
0 0 608 7.66741 -6.58892 14.7246 -0.312107 0 0
0 0 609 -5.08064 7.51068 8.97428 7.26297 0 0
0 0 610 14.3471 1.20795 -3.04338 -11.0117 0 0
0 0 611 7.22991 6.01264 -1.43261 2.50465 0 0
0 0 612 -2.06501 -9.09869 -7.77434 -0.253406 0 0
0 0 613 5.34319 -10.2178 6.79489 3.35276 0 0
0 0 614 15.558 6.73529 12.4936 0.905506 0 0
0 0 615 -10.3424 -5.84869 -1.45536 2.76954 0 0
0 0 616 7.43889 -6.46588 4.4811 -1.18882 0 0
0 0 617 -5.86189 -1.59478 4.95047 13.655 0 0
0 0 618 14.185 6.0224 -4.36258 3.42275 0 0
0 0 619 12.5229 3.78217 0.43455 5.26648 0 0
0 0 620 2.10491 -7.94439 2.50021 12.9951 0 0
0 0 621 9.18108 5.38178 -0.220922 3.03218 0 0
0 0 622 -1.48103 -10.6827 6.6853 -0.400905 0 0
0 0 623 4.15178 8.73139 -7.23881 -1.78709 0 0
0 0 624 -0.397046 -3.5401 -12.4536 -0.0276448 0 0
0 0 625 -1.13533 1.34662 -0.808156 -19.833 0 0
0 0 626 0.433032 0.211857 -7.44351 6.27639 0 0
0 0 627 6.05022 1.97748 2.64289 10.0602 0 0
0 0 628 10.2319 7.50287 -10.3817 7.43229 0 0
0 0 629 0.29436 5.03412 11.8215 12.2576 0 0
0 0 630 13.1576 -1.49713 -4.67895 7.28705 0 0
0 0 631 -2.57283 11.163 -9.08942 8.62506 0 0
0 0 632 12.2494 -0.733456 -17.4513 -10.1681 0 0
0 0 633 -0.285718 -10.3389 4.76231 -0.116443 0 0
0 0 634 4.74553 2.38764 4.89465 8.16451 0 0
0 0 635 11.8901 6.38764 3.60852 -10.2788 0 0
0 0 636 5.11272 -2.54986 -13.0222 11.0528 0 0
0 0 637 -4.40095 -3.59088 4.08616 17.8219 0 0
0 0 638 -4.80525 4.87983 0.467631 -11.6318 0 0
0 0 639 -1.57673 5.36615 -7.57998 -2.8143 0 0
0 0 640 -9.10994 -1.54205 7.37799 -8.10692 0 0
0 0 641 3.99553 -5.72955 -9.71801 -0.918659 0 0
0 0 642 -8.53572 0.504826 -6.32073 -4.9327 0 0
0 0 643 0.694751 11.8056 -2.86969 -7.02101 0 0
0 0 644 -0.0239992 -20.2881 -3.60993 -6.46864 0 0
0 0 645 -3.06697 1.18842 -4.54041 -3.1838 0 0
0 0 646 3.95842 6.0224 3.32937 -6.26019 0 0
0 0 647 3.29241 3.79389 3.66021 -3.28088 0 0
0 0 648 -4.51423 -13.2745 0.552409 -4.5301 0 0
0 0 649 1.14006 5.50483 -10.3321 0.754238 0 0
0 0 650 10.6186 -17.0088 12.783 9.85321 0 0
0 0 651 -1.92439 2.331 0.504847 7.71675 0 0
0 0 652 2.21428 -3.41705 10.7008 5.75939 0 0
0 0 653 -5.64314 -4.1065 -3.46519 3.88932 0 0
0 0 654 1.17913 6.60248 2.19625 4.25581 0 0
0 0 655 2.20452 2.76068 -3.59546 -11.829 0 0
0 0 656 -6.54939 3.30365 -10.6526 -4.65878 0 0
0 0 657 1.38811 5.18647 11.1764 14.2036 0 0
0 0 658 11.7065 6.81732 -11.9243 -7.94362 0 0
0 0 659 -1.25447 3.03217 0.440753 -7.30622 0 0
0 0 660 -0.953686 -5.84283 3.43896 -2.74131 0 0
0 0 661 -16.9635 3.49897 13.3269 -9.97699 0 0
0 0 662 -0.645093 -10.585 7.30561 -4.98162 0 0
0 0 663 -2.19197 -2.97564 10.5478 -7.8917 0 0
0 0 664 -5.04158 -10.126 -4.02762 2.22847 0 0
0 0 665 -2.38923 -5.4151 -3.29977 -0.689129 0 0
0 0 666 1.08147 4.18061 6.39582 12.8009 0 0
0 0 667 -8.81697 -1.48346 -2.67119 -8.79851 0 0
0 0 668 -2.88728 13.829 -4.00901 -2.52759 0 0
0 0 669 9.88616 -0.561581 3.98691 -3.84002 0 0
0 0 670 8.21428 5.63764 -1.9144 0.171025 0 0
0 0 671 -1.90095 4.31537 -2.74563 6.05439 0 0
0 0 672 11.101 10.872 6.01742 8.94038 0 0
0 0 673 11.7182 7.74311 -7.08372 9.36933 0 0
0 0 674 -2.3658 0.295841 2.77108 -4.74457 0 0
0 0 675 1.8217 -4.83697 5.52323 10.392 0 0
0 0 676 10.0326 -3.20416 -4.06483 -9.97774 0 0
0 0 677 1.10686 -4.50103 -2.16872 -12.8976 0 0
0 0 678 -1.44392 5.81537 -5.0987 -2.76238 0 0
0 0 679 -8.21931 9.42279 6.12287 3.47543 0 0
0 0 680 -8.84431 16.4189 -2.73115 -1.52069 0 0
0 0 681 9.81389 -2.93463 -0.659284 -8.08661 0 0
0 0 682 5.63616 0.856388 1.90884 5.70596 0 0
0 0 683 -3.60017 -1.94244 1.65037 14.9396 0 0
0 0 684 3.2553 11.7372 19.284 -0.862217 0 0
0 0 685 2.03069 10.1962 2.81451 -14.1867 0 0
0 0 686 4.30217 -5.98932 2.16938 -6.48896 0 0
0 0 687 6.97209 -3.67486 2.6677 -0.17966 0 0
0 0 688 2.42131 0.348575 -5.92786 6.92582 0 0
0 0 689 3.63811 -2.24713 15.2747 4.80516 0 0
0 0 690 -0.479077 -3.79791 5.75275 -11.6484 0 0
0 0 691 4.12249 -13.1807 4.04687 -2.95729 0 0
0 0 692 1.00725 -0.245175 3.7119 -14.4365 0 0
0 0 693 11.0815 -1.67486 -5.9961 12.7257 0 0
0 0 694 5.30217 -0.993222 -9.76557 4.81721 0 0
0 0 695 17.6576 -4.57135 4.06135 -9.06717 0 0
0 0 696 1.54631 9.43061 -7.86119 1.37584 0 0
0 0 697 -2.53767 -6.70807 -1.74277 -0.104404 0 0
0 0 698 -3.10212 -4.68267 0.905993 -16.9448 0 0
0 0 699 1.32756 -11.7647 -0.0658467 -9.89722 0 0
0 0 700 4.36467 -3.45416 -0.795751 -4.0575 0 0
0 0 701 -4.90095 -6.169 -14.8274 1.13427 0 0
0 0 702 5.39592 5.72943 0.0499522 -0.86372 0 0
0 0 703 1.80608 -2.31353 11.4886 2.95391 0 0
0 0 704 -2.10408 4.92865 -1.68902 15.2286 0 0
0 0 705 4.46624 6.04584 0.267062 4.90375 0 0
0 0 706 -2.22322 0.661075 8.02312 1.45862 0 0
0 0 707 3.51702 -4.50494 7.7357 0.809178 0 0
0 0 708 -4.94392 2.55756 1.90884 1.82737 0 0
0 0 709 4.93889 1.47162 -1.99297 3.02767 0 0
0 0 710 -2.28181 1.45795 -10.9276 0.310246 0 0
0 0 711 -1.54939 6.49897 -2.22249 -13.3416 0 0
0 0 712 -1.69978 6.85639 -3.97385 -1.26783 0 0
0 0 713 -8.22517 7.46772 -6.15531 -8.30033 0 0
0 0 714 1.0053 9.15912 -12.7762 4.85559 0 0
0 0 715 -0.0474367 1.19233 9.11282 -13.675 0 0
0 0 716 -1.17048 12.7255 2.10321 -0.306087 0 0
0 0 717 -12.9615 -7.10455 -2.03639 -11.8576 0 0
0 0 718 1.55999 4.35834 1.03212 11.5509 0 0
0 0 719 5.27288 -4.51861 8.20922 -7.74871 0 0
0 0 720 14.4858 0.52631 -3.13849 4.63585 0 0
0 0 721 4.77483 -0.59869 2.32446 -12.3505 0 0
0 0 722 -13.5142 3.06928 -8.74617 -2.11821 0 0
0 0 723 -2.2408 -3.82916 -5.76658 14.5483 0 0
0 0 724 11.8041 -8.47174 9.95851 11.9648 0 0
0 0 725 -1.18611 -5.93463 2.75454 -10.7634 0 0
0 0 726 -2.54353 -8.14752 -4.20131 3.32643 0 0
0 0 727 0.755298 2.63568 8.34568 -6.71472 0 0
0 0 728 10.9799 3.62592 -5.78725 1.2735 0 0
0 0 729 -3.27595 -0.555722 -1.50705 1.01387 0 0
0 0 730 -12.483 16.3388 -0.785413 4.47781 0 0
0 0 731 -8.12361 -8.3565 8.52144 -5.63106 0 0
0 0 732 -1.60603 1.68061 2.03704 11.6044 0 0
0 0 733 -3.03181 10.6455 1.25337 -6.51831 0 0
0 0 734 13.1869 2.45404 8.52971 -0.95779 0 0
0 0 735 3.36077 3.29193 -3.85806 -3.7625 0 0
0 0 736 19.5658 -9.45221 6.01329 -4.7378 0 0
0 0 737 -0.117749 13.9306 1.98741 -17.1713 0 0
0 0 738 5.61858 -3.55963 7.62612 4.85333 0 0
0 0 739 18.4115 7.34272 -1.77379 -9.19359 0 0
0 0 740 -6.24275 -2.40533 -8.89919 -7.58466 0 0
0 0 741 -6.32283 8.63178 -5.98369 -8.00909 0 0
0 0 742 -2.62556 13.5244 6.3069 -10.2389 0 0
0 0 743 -7.02205 10.9716 1.96881 -2.7526 0 0
0 0 744 -1.87751 -3.30572 -7.51587 -0.664295 0 0
0 0 745 3.65959 -0.319393 8.18854 -4.15307 0 0
0 0 746 -5.26228 -13.8545 7.81221 4.89322 0 0
0 0 747 -1.23298 1.35443 0.0251414 -3.12811 0 0
0 0 748 2.5385 4.36029 13.6722 9.27676 0 0
0 0 749 4.11077 -7.83307 -2.89657 13.6678 0 0
0 0 750 -4.23298 -6.09478 6.08979 6.54654 0 0
0 0 751 -4.39119 -2.93658 -1.99504 -1.91276 0 0
0 0 752 -7.6822 -0.469784 8.71581 -4.8853 0 0
0 0 753 -6.07673 -20.4034 -11.9966 -4.69716 0 0
0 0 754 1.351 17.3447 -6.34347 8.93586 0 0
0 0 755 -4.72517 1.71772 -8.76685 -0.887798 0 0
0 0 756 3.73577 2.72943 -3.22533 5.41999 0 0
0 0 757 -2.43025 1.3642 -8.63245 4.24979 0 0
0 0 758 -6.40486 -12.9346 -6.00437 0.800144 0 0
0 0 759 -10.4732 8.52826 10.8352 18.1846 0 0
0 0 760 8.81389 0.729435 3.89593 -0.243625 0 0
0 0 761 -4.7408 9.90522 -5.4833 8.97048 0 0
0 0 762 0.528735 -1.3526 -1.85029 3.62368 0 0
0 0 763 -3.94001 4.09272 0.11819 -3.99504 0 0
0 0 764 -0.805249 4.81733 0.171946 12.241 0 0
0 0 765 8.57952 -5.92291 4.58862 2.41059 0 0
0 0 766 -19.0748 0.83295 -10.847 -7.96996 0 0
0 0 767 6.38616 3.6142 -6.70326 -3.22895 0 0
0 0 768 1.6967 -11.9112 -1.94954 8.24879 0 0
0 0 769 6.77092 7.36615 -1.71383 7.41649 0 0
0 0 770 6.42913 -5.88971 11.6044 -9.83475 0 0
0 0 771 0.614673 1.98334 9.16658 -5.83801 0 0
0 0 772 1.13811 7.48334 -1.94334 -2.56747 0 0
0 0 773 8.33147 1.75092 1.08381 -14.341 0 0
0 0 774 -12.0064 -5.11822 3.73464 -8.59983 0 0
0 0 775 7.0385 0.4892 -6.68258 2.77256 0 0
0 0 776 5.1596 -10.9249 2.59119 3.4393 0 0
0 0 777 11.892 3.51068 -1.36024 1.59859 0 0
0 0 778 9.11077 0.764591 5.92437 -12.4596 0 0
0 0 779 0.186938 10.5048 -7.75573 -18.2354 0 0
0 0 780 5.55608 -11.1651 5.76103 8.35942 0 0
0 0 781 2.3803 15.2021 2.38648 -11.9042 0 0
0 0 782 -2.18416 2.12592 -4.51353 1.21781 0 0
0 0 783 5.43303 5.73529 -11.7464 -0.248142 0 0
0 0 784 -7.35017 14.9755 4.3591 -9.05587 0 0
0 0 785 0.51311 4.29193 -5.96301 -6.45359 0 0
0 0 786 -2.2115 1.21576 -0.338781 -13.4086 0 0
0 0 787 4.81194 14.3447 3.58784 -2.56296 0 0
0 0 788 -1.57087 2.3642 4.3591 4.58468 0 0
0 0 789 4.96038 -1.86627 -2.9586 -18.0728 0 0
0 0 790 -3.35017 5.84662 3.73878 2.92457 0 0
0 0 791 2.04241 -4.69049 -0.777143 -3.10253 0 0
0 0 792 -8.9947 1.97943 2.04531 2.13741 0 0
0 0 793 -0.654858 -8.3565 2.49607 -1.1843 0 0
0 0 794 -10.5767 0.604435 -11.7609 3.18946 0 0
0 0 795 -3.99861 -2.68853 -4.71824 -2.3974 0 0
0 0 796 8.62053 -1.29986 -3.34733 -9.56158 0 0
0 0 797 8.14397 5.46186 -7.44558 -2.99642 0 0
0 0 798 -7.89509 -13.4171 -7.1106 12.8686 0 0
0 0 799 7.33538 -7.3858 2.82691 -3.74144 0 0
0 0 800 -4.43806 17.333 8.89984 1.99518 0 0
0 0 801 -9.17048 8.57709 -6.21528 2.50691 0 0
0 0 802 -5.98103 -0.596737 9.51396 2.09602 0 0
0 0 803 0.173266 -10.8487 -9.09769 -3.1093 0 0
0 0 804 -0.711499 -11.5655 -6.93278 -4.28552 0 0
0 0 805 -4.40095 11.249 -10.237 2.59872 0 0
0 0 806 -2.67634 -5.55767 -7.17884 -11.9554 0 0
0 0 807 1.87834 1.51654 0.597895 10.9504 0 0
0 0 808 -0.781812 3.50873 -2.96894 -7.06014 0 0
0 0 809 -0.473218 2.6142 1.01558 9.50177 0 0
0 0 810 -7.13142 13.7021 -7.32772 -8.89859 0 0
0 0 811 2.41936 12.3701 -1.17415 0.0626567 0 0
0 0 812 10.8393 -4.66705 8.42839 -8.65327 0 0
0 0 813 -2.44392 0.409122 -10.694 1.95153 0 0
0 0 814 -3.44978 4.47358 -0.0120824 -2.80226 0 0
0 0 815 -3.95564 9.41693 -2.25763 -3.13865 0 0
0 0 816 -4.35994 2.23529 4.41906 4.76754 0 0
0 0 817 -6.03572 -0.756893 8.09549 7.67762 0 0
0 0 818 6.92327 -3.95025 3.70983 0.0889934 0 0
0 0 819 -3.94783 -4.84088 -7.80123 3.33395 0 0
0 0 820 3.38811 -0.489315 -1.19689 -2.12874 0 0
0 0 821 12.4213 -5.39752 16.0438 6.90024 0 0
0 0 822 8.23381 2.43842 1.99568 0.122105 0 0
0 0 823 -5.70173 -2.06744 -9.32721 7.01011 0 0
0 0 824 -8.60408 7.22162 7.83289 -9.92581 0 0
0 0 825 1.6928 -5.82916 -8.97983 3.15334 0 0
0 0 826 -7.99275 -11.6202 2.77935 7.13052 0 0
0 0 827 -2.35798 2.19818 3.78427 -7.99931 0 0
0 0 828 5.61663 -5.67486 -0.797818 10.8157 0 0
0 0 829 -6.73689 -3.95807 3.5072 -0.750087 0 0
0 0 830 0.76311 2.17865 4.37151 5.47117 0 0
0 0 831 2.27678 9.21186 -3.44038 -7.5094 0 0
0 0 832 -3.90486 -9.82525 3.82976 -7.03907 0 0
0 0 833 9.05412 17.7705 -3.75881 -6.20826 0 0
0 0 834 14.1948 -7.81549 1.0652 -4.67157 0 0
0 0 835 -5.39314 -0.711972 5.43019 0.563847 0 0
0 0 836 0.0424073 4.71186 1.71447 -1.80439 0 0
0 0 837 8.27092 -3.89166 -0.0844548 -8.07155 0 0
0 0 838 -2.26228 0.192325 -13.1215 6.10556 0 0
0 0 839 3.72991 6.44623 4.37151 -7.23999 0 0
0 0 840 1.92522 8.94233 -3.49828 1.46539 0 0
0 0 841 -1.40486 13.5576 4.08409 -12.3934 0 0
0 0 842 -4.97517 -5.01666 2.06599 5.05125 0 0
0 0 843 16.4584 3.00678 -1.17208 2.55507 0 0
0 0 844 1.18108 -7.59088 10.7443 -6.67107 0 0
0 0 845 3.55803 -8.35455 -0.435964 2.81846 0 0
0 0 846 -8.91072 -0.592831 -4.01935 3.07357 0 0
0 0 847 12.8412 3.4599 -7.2264 1.15083 0 0
0 0 848 -4.81111 7.63568 -5.77898 -7.48081 0 0
0 0 849 -4.88533 13.2294 -9.86895 2.36393 0 0
0 0 850 2.85686 3.01068 4.692 -0.781696 0 0
0 0 851 25.6186 8.50287 -3.25429 -0.875011 0 0
0 0 852 8.98577 -10.3956 -2.60088 10.906 0 0
0 0 853 4.3217 9.42084 -10.4045 -2.29129 0 0
0 0 854 -5.91462 13.7314 -5.09663 9.79526 0 0
0 0 855 -10.0787 5.27045 -2.17907 -3.36893 0 0
0 0 856 5.53069 -0.202206 -7.41042 2.66569 0 0
0 0 857 15.3842 8.72943 -17.6374 -2.15207 0 0
0 0 858 25.3432 9.47748 -10.9173 -7.17979 0 0
0 0 859 -0.350171 -4.40728 -9.9041 -12.7095 0 0
0 0 860 16.9115 11.0497 -18.2391 1.44583 0 0
0 0 861 9.73186 9.331 -5.10283 -3.69703 0 0
0 0 862 2.55022 -4.02252 0.0644252 0.292179 0 0
0 0 863 14.3764 -6.53228 -12.1579 0.566105 0 0
0 0 864 33.0444 4.23725 2.14663 7.44207 0 0
0 0 865 14.5951 13.5927 -14.4386 -0.0584981 0 0
0 0 866 12.226 5.35248 -9.39338 -0.77116 0 0
0 0 867 14.8237 11.8486 -22.0169 -5.54979 0 0
0 0 868 9.33147 -9.19439 -16.1466 -3.99504 0 0
0 0 869 20.5424 -2.19049 -14.7819 -0.533352 0 0
0 0 870 17.4955 -7.22174 -5.57428 -20.4802 0 0
0 0 871 12.2143 2.43451 -25.8318 -5.60924 -42.308 8.63197
0 0 872 13.2592 4.331 -23.2306 -3.36742 0 0
0 0 873 9.58733 -2.55182 -15.336 -0.715473 0 0
0 0 874 12.3412 9.69428 -14.3229 6.38324 0 0
0 0 875 13.6752 -1.47955 2.77522 -2.10466 0 0
0 0 876 29.5756 12.7568 -19.1572 -0.663547 0 0
0 0 877 13.019 -4.55767 -8.30575 -8.00909 0 0
0 0 878 16.644 -7.20611 -11.335 3.57853 0 0
0 0 879 23.9526 2.96967 -25.6044 1.99443 -41.6921 8.68822
0 0 880 13.228 -15.6378 -19.12 0.846806 0 0
0 0 881 12.5287 5.03412 1.65658 -3.8927 0 0
0 0 882 26.7065 2.08686 -12.4722 -17.4798 0 0
0 0 883 9.79045 -0.653378 -1.71176 -5.27511 0 0
0 0 884 7.1635 -0.526425 -15.4374 -4.24789 0 0
0 0 885 7.61077 -7.52057 -15.6338 6.44495 0 0
0 0 886 1.30608 -3.77057 -10.3776 -1.62379 0 0
0 0 887 23.3334 -8.07525 -3.42177 3.72226 0 0
0 0 888 -1.86189 -5.61432 -8.84749 -8.4561 0 0
0 0 889 30.5639 5.67865 -8.405 -9.86862 0 0
0 0 890 16.1108 6.06537 -5.17727 7.94627 0 0
0 0 891 3.34514 7.36615 -8.08864 10.082 0 0
0 0 892 8.7553 -3.88775 -12.5653 5.92043 0 0
0 0 893 6.08342 7.5185 -13.7563 -0.877262 0 0
0 0 894 8.50725 -4.21392 1.44153 1.06805 0 0
0 0 895 8.12444 4.87201 -13.258 7.87177 0 0
0 0 896 15.8041 1.69623 -5.78933 -15.4246 0 0
0 0 897 16.5287 5.88959 -4.33157 -1.07744 0 0
0 0 898 13.9115 -1.59088 -2.7146 1.92595 0 0
0 0 899 20.0502 1.53217 -7.33805 3.07508 0 0
0 0 900 16.7221 0.137637 -16.7173 -6.44381 0 0
0 0 901 21.0619 10.8056 -6.95553 2.50315 0 0
0 0 902 23.728 -3.2315 -15.4374 3.49575 0 0
0 0 903 35.017 -2.84478 -27.0539 -11.6138 -48.0014 8.23284
0 0 904 29.058 -6.68658 -10.1771 8.62657 0 0
0 0 905 19.226 4.16889 -24.8683 -2.59456 0 0
0 0 906 28.8705 3.4267 -14.0602 0.470532 0 0
0 0 907 34.9955 9.82904 -4.36052 -3.52546 0 0
0 0 908 25.1479 6.12592 -15.4249 -0.22707 0 0
0 0 909 37.6127 -2.2608 -23.2575 -9.46977 0 0
0 0 910 11.6967 1.40912 -14.3415 -11.7846 0 0
0 0 911 30.4408 -2.86627 -30.9412 -5.55581 -47.6463 7.20767
0 0 912 29.0737 14.8251 -18.998 7.72051 0 0
0 0 913 23.0971 -0.585019 -25.0337 0.735432 0 0
0 0 914 31.4389 7.58881 -30.6724 -4.99667 -38.0516 7.08136
0 0 915 31.6772 5.29975 -33.0854 -0.381344 -40.4497 6.68202
0 0 916 44.7299 -6.79596 -21.7047 1.79877 0 0
0 0 917 31.4194 -3.544 -34.1751 1.69116 -47.9602 6.51833
0 0 918 27.7533 -7.61627 -38.8751 -16.871 -50.5424 5.65059
0 0 919 48.5014 -3.70416 -38.2651 -4.33293 -47.7646 5.82576
0 0 920 28.0151 -3.23346 -41.8278 3.68464 -47.2102 5.33889
0 0 921 36.894 -6.02643 -24.8228 -5.3165 0 0
0 0 922 46.3901 -1.02252 -41.6293 -1.81644 -45.7035 5.37929
0 0 923 30.9037 -11.4737 -43.5585 7.50077 -52.3785 4.96666
0 0 924 38.6108 1.80756 -30.0934 -5.31876 -43.2813 7.42978
0 0 925 57.017 7.69428 -34.6569 -0.853183 -38.7413 6.30406
0 0 926 56.2045 -0.825253 -20.9561 6.79865 0 0
0 0 927 56.2162 -8.68853 -22.5793 -6.91565 0 0
0 0 928 68.5033 -3.37017 -39.026 -2.40643 -47.4678 5.71781
0 0 929 69.4428 2.66693 -33.7326 -2.80151 -42.7398 6.61918
0 0 930 71.6557 -0.252987 -20.1125 0.440434 0 0
0 0 931 86.7201 -18.6026 -41.3357 9.644 -57.1148 4.92538
0 0 932 106.388 -11.6065 -36.5572 0.948399 -53.807 5.82973
0 0 933 90.1869 -6.02642 -28.8652 -6.51003 -50.8964 7.59038
0 0 934 112.83 -3.919 -19.7713 10.8202 0 0
0 0 935 110.076 12.4013 -13.7108 -6.89232 0 0
0 0 936 110.679 7.52045 -15.3588 1.13729 0 0
0 0 937 126.898 6.03998 2.66976 -0.8419 0 0
0 0 938 135.921 11.8994 8.78405 -9.94237 0 0
0 0 939 140.828 -8.28424 18.2232 -1.27762 0 0
0 0 940 154.878 2.19623 33.2081 11.6555 43.1081 6.73026
0 0 941 180.349 -10.3956 31.3988 0.28014 54.1594 6.75948
0 0 942 174.019 20.2197 42.0208 6.97249 32.152 4.78583
0 0 943 184.068 9.68646 53.0852 6.92357 39.8295 4.14857
0 0 944 207.714 4.98138 73.3179 -1.90749 43.0566 3.04797
0 0 945 202.492 30.5009 68.74 -0.158588 33.0362 2.96902
0 0 946 212.24 8.64349 63.3783 5.41021 41.117 3.50075
0 0 947 216.056 12.3818 80.3151 3.52736 40.618 2.75527
0 0 948 206.136 13.4892 78.6403 5.35753 40.1334 2.80591
0 0 949 221.72 17.6708 71.825 8.8892 38.0891 3.02506
0 0 950 210.396 20.9052 73.258 10.9135 37.0366 2.93603
0 0 951 210.718 28.1767 91.88 0.201123 36.4754 2.32694
0 0 952 190.83 18.5849 56.4721 10.8925 35.8918 3.76061
0 0 953 178.835 20.1181 58.3165 2.47154 35.4833 3.62359
0 0 954 177.298 22.2919 44.6902 -4.1591 31.7448 4.46773
0 0 955 189.984 17.4189 40.0295 2.3835 33.2418 5.11513
0 0 956 148.197 16.1318 34.5294 7.72277 32.4792 5.85681
0 0 957 158.615 2.45599 36.8514 -3.15897 43.0936 6.06465
0 0 958 153.835 8.29388 20.3282 -9.89722 0 0
0 0 959 139.777 6.30951 25.4789 -11.461 38.0456 8.52434
0 0 960 128.195 7.4267 7.25806 3.97361 0 0
0 0 961 137.732 2.85052 12.0407 -5.77405 0 0
0 0 962 124.833 3.63177 18.246 -0.730518 0 0
0 0 963 102.443 6.78412 5.69072 -10.2193 0 0
0 0 964 117.925 -0.948299 0.165744 3.41598 0 0
0 0 965 111.419 -4.794 -14.8853 -5.19233 0 0
0 0 966 105.443 1.96381 -4.13514 -5.09902 0 0
0 0 967 96.7436 8.25287 -5.73763 3.29858 0 0
0 0 968 88.8608 -5.80182 -9.45127 -14.4508 0 0
0 0 969 95.4623 -3.15338 -6.97207 7.66106 0 0
0 0 970 89.0385 6.68451 -5.52466 6.63986 0 0
0 0 971 92.9369 -4.88189 -14.1119 -3.39677 0 0
0 0 972 84.5658 -9.81549 -5.12765 -13.3747 0 0
0 0 973 84.7397 -19.1182 -16.7028 2.08172 0 0
0 0 974 77.558 -3.57721 -11.4466 -0.835125 0 0
0 0 975 72.5795 -1.169 -10.39 -2.2657 0 0
0 0 976 78.6752 -8.38971 -20.4144 -12.0879 0 0
0 0 977 69.9252 -4.26471 -0.191976 -14.1829 0 0
0 0 978 81.0405 -18.9503 -3.24395 -5.03881 0 0
0 0 979 65.4662 6.12006 -10.4314 -2.21829 0 0
0 0 980 62.2631 -4.84088 -17.137 -19.3732 0 0
0 0 981 71.6615 -0.590878 -5.19381 -17.1856 0 0
0 0 982 61.5112 -26.4991 -4.54248 -3.79637 -85.1364 8.1707
0 0 983 71.685 -16.1495 -20.7907 -6.30835 -63.9194 8.44557
0 0 984 62.8002 -25.9131 -3.42798 -11.2879 -86.2321 8.40215
0 0 985 69.4994 -17.1358 -7.07752 -1.58992 0 0
0 0 986 56.3842 -5.3565 4.20195 -1.27461 0 0
0 0 987 69.5697 -8.03814 -2.51404 -2.45911 0 0
0 0 988 56.8393 -19.6866 -15.7144 -11.2367 0 0
0 0 989 49.0932 -12.5967 -14.3435 -2.2943 0 0
0 0 990 28.2768 -13.3741 4.35497 -6.8133 0 0
0 0 991 50.5385 -5.18658 -12.586 -6.88781 0 0
0 0 992 53.3627 -6.77252 -1.44088 7.48346 0 0
0 0 993 39.7436 3.44037 -15.183 -2.96933 0 0
0 0 994 47.5951 -7.00885 9.00529 -7.37921 0 0
0 0 995 42.1615 -6.83307 0.790202 -0.524326 0 0
0 0 996 33.7182 -14.3585 -2.23696 -21.8762 0 0
0 0 997 31.3783 0.258731 -0.0947926 -0.460361 0 0
0 0 998 32.7631 -10.2784 -1.67867 1.22007 0 0
0 0 999 28.683 6.30561 10.4444 -4.00181 0 0
0 0 1000 30.8334 -18.5831 -4.37499 -6.72074 0 0
0 0 1001 31.5873 1.42084 -14.1554 -2.93471 0 0
0 0 1002 26.8862 -10.8077 0.0375468 -16.12 0 0
0 0 1003 19.6889 -18.8838 -22.5359 2.23148 -64.9806 7.55659
0 0 1004 28.8158 -1.3858 6.5633 -10.7077 0 0
0 0 1005 19.0639 5.41693 -5.14419 -5.20211 0 0
0 0 1006 23.5073 -27.0733 -11.9367 -9.54202 -78.1036 7.44484
0 0 1007 17.5776 0.336856 0.752978 -12.1247 0 0
0 0 1008 27.3373 -15.4073 0.88325 -5.74169 0 0
0 0 1009 17.81 -14.1573 2.45472 -13.5026 0 0
0 0 1010 22.5502 -1.18268 -16.924 -16.9643 0 0
0 0 1011 34.3158 -3.47955 -11.3557 9.66733 0 0
0 0 1012 24.5893 7.11029 -14.1843 1.1275 0 0
0 0 1013 2.10881 11.04 -0.68823 -1.05487 0 0
0 0 1014 5.12444 4.87592 6.19938 -1.97748 0 0
0 0 1015 20.5795 5.88959 -3.32045 -16.7416 0 0
0 0 1016 16.4487 -3.22564 7.59717 -7.6712 0 0
0 0 1017 21.0483 -3.79791 0.932872 -7.97974 0 0
0 0 1018 28.2319 -11.7979 -3.27083 -2.56521 0 0
0 0 1019 5.81975 -22.6749 -1.35404 -1.84503 0 0
0 0 1020 3.75725 -8.69439 0.812945 0.205639 0 0
0 0 1021 -0.959546 -14.1417 1.44773 -2.32816 0 0
0 0 1022 3.10295 -8.05182 -6.25042 6.51193 0 0
0 0 1023 3.22795 -7.57135 0.393191 -13.4959 0 0
