# File: uwl_230128_203853_Combined.rf.sbC2.RMC_aux Src: J1713+0747 Nsub: 1 Nch: 1 Npol: 4 Nbin: 1024 RMS: 7.67475
0 0 0 15.2295 -25.591 -4.51416 5.87813 0 0
0 0 1 3.86035 -18.7609 6.93173 -13.0169 0 0
0 0 2 0.372064 -1.11634 -2.38315 -10.0745 0 0
0 0 3 -0.659186 -11.7492 2.85913 -3.17893 0 0
0 0 4 -5.36231 -1.38978 -0.00589488 -7.41955 0 0
0 0 5 19.206 -14.3761 -0.218999 5.73891 0 0
0 0 6 21.71 -9.36439 0.278254 -5.34784 0 0
0 0 7 27.8564 -0.897595 -10.7486 -12.5556 0 0
0 0 8 7.26074 10.4286 7.60656 -17.283 0 0
0 0 9 3.78808 7.01842 -9.95774 6.49181 0 0
0 0 10 17.7314 10.5946 -11.1487 11.5735 0 0
0 0 11 11.4717 1.12389 -7.63965 1.33931 0 0
0 0 12 7.92285 -0.253064 9.08169 -5.86351 0 0
0 0 13 8.6162 -5.73939 -10.8291 0.142407 0 0
0 0 14 2.1416 12.3797 -3.77778 10.7357 0 0
0 0 15 4.93066 -1.74135 -15.7304 -4.68885 0 0
0 0 16 12.7471 0.500843 -13.7486 -13.3044 0 0
0 0 17 10.4092 0.346546 5.84256 0.948849 0 0
0 0 18 -1.96583 -10.5245 0.0982921 2.88382 0 0
0 0 19 23.3467 15.0067 6.38952 5.07003 0 0
0 0 20 10.3135 0.89928 3.80151 4.19192 0 0
0 0 21 22.751 -13.3234 -8.48258 0.480962 0 0
0 0 22 11.1318 4.92467 9.05566 -9.67743 0 0
0 0 23 21.6787 11.5301 6.68075 -5.61144 0 0
0 0 24 -10.4697 10.3231 -0.00589488 -1.33045 0 0
0 0 25 5.02636 1.0067 0.0177868 2.85664 0 0
0 0 26 -5.96973 -11.2316 -4.13059 -0.277705 0 0
0 0 27 0.524408 -3.19056 -2.06586 15.9179 0 0
0 0 28 -7.21778 -1.05384 -1.18979 -13.3217 0 0
0 0 29 10.3271 0.596546 11.0848 -5.64439 0 0
0 0 30 -0.813483 -0.942517 -7.87879 -3.66658 0 0
0 0 31 7.44433 -8.53236 -10.7367 3.33688 0 0
0 0 32 1.97363 13.411 17.2079 -8.37921 0 0
0 0 33 6.50878 -1.36244 -0.486547 -12.0416 0 0
0 0 34 -0.0400453 -6.70424 2.10382 -0.50835 0 0
0 0 35 16.1728 -13.589 9.75653 -1.8214 0 0
0 0 36 7.10839 1.58483 14.7265 -7.66503 0 0
0 0 37 -4.25489 -16.4074 -6.09113 7.54702 0 0
0 0 38 1.8291 1.20006 11.3832 -1.2975 0 0
0 0 39 6.71386 1.74108 -1.61127 -9.84383 0 0
0 0 40 -4.14161 -1.68861 12.5221 -2.38401 0 0
0 0 41 16.7275 3.30553 6.50552 6.77024 0 0
0 0 42 -0.704108 2.04967 -2.94907 -5.78195 0 0
0 0 43 -1.30176 8.14342 1.17327 6.8452 0 0
0 0 44 14.71 8.4442 11.781 0.126752 0 0
0 0 45 -1.79005 -1.75892 15.3137 2.59386 0 0
0 0 46 3.7373 -4.0597 -4.36265 -4.34288 0 0
0 0 47 12.6123 10.5536 -1.06666 19.7804 0 0
0 0 48 -4.02442 5.85045 11.8118 -2.34777 0 0
0 0 49 0.379876 1.48912 1.73443 2.50737 0 0
0 0 50 8.77831 -27.1984 0.543422 3.79158 89.4277 8.47705
0 0 51 8.11816 -8.06556 -4.16611 4.34432 0 0
0 0 52 11.54 -4.89369 1.94992 1.89368 0 0
0 0 53 11.2002 -14.2726 6.64761 0.24455 0 0
0 0 54 19.6787 -5.09095 9.99093 8.70027 0 0
0 0 55 10.1963 7.91881 -3.77778 -3.7193 0 0
0 0 56 9.47558 10.3895 7.81729 -9.96656 0 0
0 0 57 -0.444342 -2.00697 -8.33579 -15.4403 0 0
0 0 58 0.764642 -20.0792 7.23007 -3.59986 0 0
0 0 59 6.71972 -0.991345 -0.881994 2.24954 0 0
0 0 60 16.167 -8.34095 8.6105 2.6334 0 0
0 0 61 13.2861 -11.5695 7.85754 0.461194 0 0
0 0 62 -4.62012 9.27428 7.9475 -15.3308 0 0
0 0 63 4.71581 -10.0656 11.4282 -8.23258 0 0
0 0 64 -3.80762 -18.7531 7.46685 -2.82472 0 0
0 0 65 7.91699 8.08873 -3.43683 -5.75806 0 0
0 0 66 -8.77637 17.6297 3.09353 -10.0366 0 0
0 0 67 -5.04005 -11.4933 0.687861 -4.86677 0 0
0 0 68 19.542 0.252795 5.03988 -1.99603 0 0
0 0 69 -2.87794 10.7313 2.52526 1.43651 0 0
0 0 70 -3.09669 -12.6671 5.48501 -6.01754 0 0
0 0 71 3.03417 -15.4972 1.4432 13.7597 0 0
0 0 72 -2.45606 -12.3429 -3.35868 4.54531 0 0
0 0 73 9.2041 -2.78041 11.7147 -3.41204 0 0
0 0 74 2.3623 -0.215954 1.32479 -10.2129 0 0
0 0 75 14.5557 7.11803 7.7723 -5.34949 0 0
0 0 76 8.09667 -6.34095 6.64761 0.598759 0 0
0 0 77 16.0303 -9.15345 8.08721 -6.09168 0 0
0 0 78 1.38964 -11.5363 -5.52286 9.29748 0 0
0 0 79 2.61425 2.76647 12.5718 -5.58755 0 0
0 0 80 -14.5615 4.91881 -10.275 -2.45156 0 0
0 0 81 -2.98536 -1.56752 -0.263982 4.07742 0 0
0 0 82 12.415 -9.04994 -8.34525 13.2012 0 0
0 0 83 2.01855 -0.297986 2.18432 -20.0385 0 0
0 0 84 -2.9463 -2.77064 -0.659398 8.37407 0 0
0 0 85 -12.6279 2.38366 -4.63492 4.1738 0 0
0 0 86 -4.79005 -0.426892 -2.0351 -16.6175 0 0
0 0 87 1.8623 -0.0479856 -4.63965 3.21002 0 0
0 0 88 3.65527 -6.4933 -2.17243 -13.091 0 0
0 0 89 5.58495 -5.27845 -5.67676 0.654774 0 0
0 0 90 4.67089 -0.860486 28.8291 -2.45568 45.8548 8.26459
0 0 91 -1.53614 -11.5636 -4.42182 11.5068 0 0
0 0 92 0.120111 -4.38002 3.53631 2.54197 0 0
0 0 93 -9.7627 5.33092 -4.7912 -3.03147 0 0
0 0 94 1.20019 7.99303 1.2893 0.503201 0 0
0 0 95 1.13378 -4.39369 2.91833 -11.0308 0 0
0 0 96 7.19433 -5.5597 8.0588 -1.00425 0 0
0 0 97 -0.387702 -4.48939 -8.46128 -12.6816 0 0
0 0 98 -13.1553 8.05553 7.0288 11.4409 0 0
0 0 99 5.53027 -4.84095 -4.09272 10.613 0 0
0 0 100 6.22949 -9.91908 -8.02088 -0.0454056 0 0
0 0 101 14.7568 -7.46205 4.81967 0.0707367 0 0
0 0 102 1.92089 -5.8097 5.46133 3.38878 0 0
0 0 103 5.43456 7.27428 1.95465 5.28421 0 0
0 0 104 -15.8682 -11.0753 -2.85434 2.42664 0 0
0 0 105 -3.21973 1.74108 -1.14954 -11.0564 0 0
0 0 106 2.01464 -1.66908 -4.09507 14.3965 0 0
0 0 107 1.72363 6.21959 -3.34684 -5.36843 0 0
0 0 108 -1.52442 3.72155 20.9727 -2.46968 0 0
0 0 109 11.3564 -6.49916 11.8733 -17.0788 0 0
0 0 110 -9.52637 -3.68666 -9.96958 -4.26297 0 0
0 0 111 10.4678 -1.69642 -7.9451 -4.68308 0 0
0 0 112 -0.0869203 4.35436 -4.52601 3.92173 0 0
0 0 113 4.2041 -11.9054 4.23956 4.02553 0 0
0 0 114 -2.40919 12.243 -10.8693 14.0142 0 0
0 0 115 8.51464 8.17858 3.85833 -0.0915405 0 0
0 0 116 -5.57911 11.1356 0.787318 -4.47385 0 0
0 0 117 0.586908 5.94225 -5.86854 -15.7122 0 0
0 0 118 11.3994 -8.589 6.30429 11.4277 0 0
0 0 119 6.2666 -0.917126 -9.37763 -1.30656 0 0
0 0 120 15.1455 5.71569 -1.10218 -7.25398 0 0
0 0 121 10.8057 -2.10463 3.37768 -5.82561 0 0
0 0 122 3.2998 10.7684 7.52606 -8.98548 0 0
0 0 123 12.0654 -1.69642 -4.60416 -12.5894 0 0
0 0 124 -3.36622 -4.87806 -14.7785 9.92599 0 0
0 0 125 5.23339 -0.337048 12.5079 -3.86263 0 0
0 0 126 3.53222 -10.1163 11.485 -0.155788 0 0
0 0 127 -5.04395 1.71764 -4.04297 -1.73078 0 0
0 0 128 -10.2686 4.70397 -0.626256 4.82126 0 0
0 0 129 -7.86036 3.80748 -2.43998 -10.9419 0 0
0 0 130 -17.1475 -1.55385 12.7092 -12.993 0 0
0 0 131 -3.99512 6.53991 -5.16294 -6.7482 0 0
0 0 132 2.53613 1.7235 -10.7178 0.107808 0 0
0 0 133 2.4912 18.1044 -0.720983 -6.2729 0 0
0 0 134 3.65331 11.704 1.4432 -2.44332 0 0
0 0 135 -8.99903 3.73522 -9.99561 -9.95586 0 0
0 0 136 0.561517 -18.6925 0.827571 1.60949 0 0
0 0 137 -3.2627 -4.54408 1.64447 -5.97142 0 0
0 0 138 -0.99317 -14.3449 7.73205 10.0767 0 0
0 0 139 7.54785 6.20397 15.3658 -4.83218 0 0
0 0 140 -1.39161 -5.4308 -5.85907 -5.00351 0 0
0 0 141 8.76464 7.63561 6.5884 0.335988 0 0
0 0 142 16.1631 -7.63783 -12.7351 -11.0646 0 0
0 0 143 7.74706 2.90709 0.204829 -1.56851 0 0
0 0 144 -3.55567 -3.34486 8.17483 6.28505 0 0
0 0 145 0.0810485 -6.57142 4.63497 9.75712 0 0
0 0 146 -8.74512 -8.44447 9.8962 8.02892 0 0
0 0 147 -4.37794 -14.0109 -8.57966 -6.17488 0 0
0 0 148 25.5322 0.535998 4.58053 3.69521 0 0
0 0 149 23.4502 5.8485 -6.64756 0.487553 0 0
0 0 150 8.67285 -1.4015 -7.14951 -1.1278 0 0
0 0 151 3.22949 16.2372 -1.49051 13.5422 0 0
0 0 152 -3.83692 -15.8527 -24.2687 6.6302 -61.5766 8.14409
0 0 153 -7.70216 -8.92885 -5.90644 -6.98791 0 0
0 0 154 -11.5596 5.53795 11.7549 -5.37091 0 0
0 0 155 -3.51661 -1.41517 5.33584 12.1089 0 0
0 0 156 -4.02637 -5.83119 8.02566 -11.2261 0 0
0 0 157 -3.05762 -1.70228 11.4116 2.84593 0 0
0 0 158 -2.77637 1.46178 1.14721 7.52643 0 0
0 0 159 2.82324 11.7215 2.79046 1.4052 0 0
0 0 160 -15.7783 2.44811 -0.351598 11.3478 0 0
0 0 161 3.27831 3.17662 -6.66413 -3.42193 0 0
0 0 162 1.76074 4.7528 -1.19452 -14.5556 0 0
0 0 163 8.05956 -0.284314 2.18194 14.3882 0 0
0 0 164 8.46386 10.3465 5.04696 16.782 0 0
0 0 165 0.247064 9.21959 2.72891 -9.26144 0 0
0 0 166 8.36425 1.16881 -2.81882 -1.0446 0 0
0 0 167 -2.40723 -14.2589 -1.46207 12.3684 0 0
0 0 168 12.335 -1.25111 -1.61835 3.6499 0 0
0 0 169 5.54785 -7.90541 -10.7746 1.43568 0 0
0 0 170 7.81542 -3.92689 1.23245 -3.21187 0 0
0 0 171 -14.0127 5.85045 -1.87171 10.3527 0 0
0 0 172 -3.69044 2.70006 -3.91987 11.7753 0 0
0 0 173 -0.948248 14.0633 -7.0477 -7.83637 0 0
0 0 174 21.6299 15.9462 -17.807 -4.85854 0 0
0 0 175 -13.8857 -1.97963 -4.62308 7.24554 0 0
0 0 176 10.3564 -1.08509 -10.3579 5.58899 0 0
0 0 177 3.2373 -10.7706 -2.67676 0.126752 0 0
0 0 178 -9.93458 -8.59095 11.2577 9.84033 0 0
0 0 179 -3.09278 3.78991 1.10934 -6.59334 0 0
0 0 180 -1.792 -10.6242 -8.02799 0.417538 0 0
0 0 181 5.49706 -5.44056 -19.3129 -4.52904 0 0
0 0 182 -4.81739 -5.58705 6.62155 -3.11797 0 0
0 0 183 12.6807 -1.91322 -3.219 2.52549 0 0
0 0 184 -1.10645 -10.9191 -0.140874 1.38873 0 0
0 0 185 -6.93458 8.35826 -10.6633 -13.7706 0 0
0 0 186 -7.25098 1.76842 -2.39026 14.9484 0 0
0 0 187 -11.4053 3.89537 -11.2624 -9.57364 0 0
0 0 188 0.918939 -5.41322 5.79284 0.700078 0 0
0 0 189 -3.01075 13.3797 -9.28528 -8.01676 0 0
0 0 190 -9.04591 -5.60463 -14.9964 -2.98864 0 0
0 0 191 8.38964 -10.6691 9.21429 5.71585 0 0
0 0 192 -11.1416 11.413 -4.42655 -12.0556 0 0
0 0 193 -12.6299 2.58092 1.80783 6.15655 0 0
0 0 194 -2.58497 6.62194 3.9862 -6.10569 0 0
0 0 195 10.5185 9.11998 -15.8677 0.22231 0 0
0 0 196 -3.08106 3.11412 2.41873 -5.82808 0 0
0 0 197 1.08886 6.16686 2.53237 -16.9519 0 0
0 0 198 -1.40919 4.19616 4.32479 -7.27457 0 0
0 0 199 5.55761 -1.88392 13.2301 -2.79259 0 0
0 0 200 -2.46583 3.48326 4.45739 -2.66244 0 0
0 0 201 8.28027 -9.91517 -3.80857 3.25863 0 0
0 0 202 5.15917 -10.9035 2.5466 7.09809 0 0
0 0 203 -9.83887 -1.19056 -4.3508 -5.99201 0 0
0 0 204 0.415033 -9.30775 4.64443 -1.27773 0 0
0 0 205 5.08886 3.83092 12.0414 0.25855 0 0
0 0 206 18.4775 6.02428 -11.0303 -11.8653 0 0
0 0 207 -9.792 6.12584 -9.5694 3.13341 0 0
0 0 208 8.37597 -5.18275 2.22457 -6.03072 0 0
0 0 209 -3.82911 2.53795 -0.822789 -4.96645 0 0
0 0 210 16.6416 1.30553 0.410823 2.53373 0 0
0 0 211 8.93652 14.034 10.7794 -3.99279 0 0
0 0 212 -7.21778 4.81334 -9.08164 6.67139 0 0
0 0 213 -3.65333 -4.02455 -3.46287 5.09557 0 0
0 0 214 17.0928 -3.07142 -6.46525 -9.54151 0 0
0 0 215 0.241205 -4.64564 -10.3295 -6.58181 0 0
0 0 216 -7.62208 15.7684 -2.98694 -11.0284 0 0
0 0 217 7.76269 -5.59291 -8.44944 10.2341 0 0
0 0 218 2.02831 7.77819 6.78021 22.638 0 0
0 0 219 9.95019 -4.41322 -19.2513 4.85257 0 0
0 0 220 18.4521 1.61998 5.4566 -14.2772 0 0
0 0 221 8.46191 12.5868 -13.1827 9.44987 0 0
0 0 222 9.93847 -8.47181 8.43292 -5.80749 0 0
0 0 223 0.836908 -1.44056 -1.22532 4.89457 0 0
0 0 224 1.76464 -4.51674 -6.14084 -1.7728 0 0
0 0 225 5.78027 -10.2628 -3.15741 -0.205211 0 0
0 0 226 10.0674 -10.5031 2.18194 -9.70379 0 0
0 0 227 -6.27051 5.0692 -12.3705 1.34919 0 0
0 0 228 -1.86036 -1.91127 8.97039 -16.0483 0 0
0 0 229 -0.520514 0.131702 8.18667 -4.2399 0 0
0 0 230 9.32519 -4.14759 7.80545 -6.58675 0 0
0 0 231 -8.60255 -10.9933 -4.56153 -13.0301 0 0
0 0 232 -9.24122 8.39537 -7.24424 5.39541 0 0
0 0 233 18.0381 0.983264 8.09906 5.99922 0 0
0 0 234 -4.87012 0.688343 -1.20163 -7.08264 0 0
0 0 235 -9.06153 2.19616 5.5158 -2.85767 0 0
0 0 236 13.8838 -6.79213 -12.1361 2.696 0 0
0 0 237 11.665 -1.71791 -6.38709 8.65414 0 0
0 0 238 3.27831 0.707874 -2.6081 -2.63938 0 0
0 0 239 -16.7607 -10.2804 -14.2055 -6.39811 0 0
0 0 240 1.39745 -4.63783 -4.17084 4.47859 0 0
0 0 241 3.83886 -8.79017 0.448725 6.01075 0 0
0 0 242 -0.83692 12.6395 -14.7785 -14.5581 0 0
0 0 243 -11.419 -12.0011 -2.78568 -0.153316 0 0
0 0 244 2.7412 -7.32924 -2.90171 -0.0421097 0 0
0 0 245 4.96972 1.64537 12.1764 11.6591 0 0
0 0 246 -6.11817 5.27623 -8.8046 7.98031 0 0
0 0 247 16.206 -1.63392 8.37609 1.78248 0 0
0 0 248 -17.04 7.72545 4.93096 14.5818 0 0
0 0 249 9.6748 -4.9308 -0.943547 -11.6626 0 0
0 0 250 -2.16895 13.6083 -10.159 8.62201 0 0
0 0 251 -3.09669 -1.964 2.64602 2.66388 0 0
0 0 252 10.8994 8.11022 7.77468 -4.0595 0 0
0 0 253 9.62792 9.98326 -3.08402 -6.62217 0 0
0 0 254 -9.24903 -9.30385 2.46133 0.486729 0 0
0 0 255 3.92675 1.28209 8.31927 -11.5193 0 0
0 0 256 12.0166 5.83287 -5.26001 -9.82488 0 0
0 0 257 3.51269 -2.10072 -5.64835 -5.94423 0 0
0 0 258 11.3818 -7.9972 -6.94117 12.9409 0 0
0 0 259 6.81347 8.36803 -11.5418 3.63425 0 0
0 0 260 -2.80176 -1.52455 -4.59467 -10.0341 0 0
0 0 261 -12.8037 5.19616 5.04696 5.00331 0 0
0 0 262 8.01855 7.35436 -7.60886 5.41601 0 0
0 0 263 10.1728 -1.15931 -8.05164 1.47522 0 0
0 0 264 2.50683 -8.96986 -0.434453 2.65894 0 0
0 0 265 0.72558 2.02233 -18.6002 -1.38976 0 0
0 0 266 17.7842 -14.4816 1.66815 -8.37262 0 0
0 0 267 2.32909 13.7079 -7.11402 -5.60402 0 0
0 0 268 0.754876 -2.04994 0.0840709 -9.16589 0 0
0 0 269 3.6162 -2.11439 -0.564702 -10.5687 0 0
0 0 270 7.70019 -2.589 11.781 4.68864 0 0
0 0 271 -2.80762 4.66491 11.4921 -5.84703 0 0
0 0 272 -9.36231 -5.36244 -6.11005 4.3888 0 0
0 0 273 -4.87989 3.33092 8.35714 9.73242 0 0
0 0 274 -13.9443 12.493 -3.31843 -2.71763 0 0
0 0 275 -6.82325 -7.56947 9.93646 0.624295 0 0
0 0 276 0.262689 -10.8117 5.37136 6.07665 0 0
0 0 277 2.29394 -5.15541 -7.83854 -14.9774 0 0
0 0 278 -3.31739 -3.51674 0.422663 -1.0339 0 0
0 0 279 0.291986 11.6083 9.07931 -7.56206 0 0
0 0 280 -1.3213 8.21764 1.31295 -3.17646 0 0
0 0 281 -6.83301 -10.1691 11.9609 -8.17163 0 0
0 0 282 -2.46778 -3.00697 -0.548131 14.095 0 0
0 0 283 -6.28614 -7.35658 6.3327 8.29746 0 0
0 0 284 -0.145514 8.0067 8.70758 -9.8636 0 0
0 0 285 7.95605 -27.4855 -2.20557 -1.23078 -87.7061 8.36501
0 0 286 -1.61817 5.74498 4.66577 8.45315 0 0
0 0 287 1.29003 8.5985 -13.391 3.28993 0 0
0 0 288 3.71581 8.69616 10.8031 -11.7475 0 0
0 0 289 3.9248 -5.86439 -14.2505 11.1361 0 0
0 0 290 2.25292 -10.0128 -8.30738 1.9011 0 0
0 0 291 8.06347 -11.4367 10.4858 -7.72846 0 0
0 0 292 -0.381842 -10.1163 0.645259 -2.20362 0 0
0 0 293 9.0205 8.33287 -3.16691 -7.5983 0 0
0 0 294 5.93847 3.57897 -4.51182 0.843411 0 0
0 0 295 -7.24122 9.34459 1.55447 -7.64773 0 0
0 0 296 -2.35255 6.6942 -1.36265 12.7218 0 0
0 0 297 -7.04786 7.51842 2.08486 7.12445 0 0
0 0 298 3.07324 8.67076 20.7786 5.18042 0 0
0 0 299 20.458 12.6024 0.867823 8.54458 0 0
0 0 300 1.60058 -8.77845 4.06433 -8.20211 0 0
0 0 301 6.40136 5.80748 -1.09034 0.343396 0 0
0 0 302 2.72558 1.4442 24.1124 -1.2143 0 0
0 0 303 3.7041 -0.44447 -2.86857 1.81543 0 0
0 0 304 2.06152 -20.3019 2.6105 0.831876 0 0
0 0 305 12.831 -11.755 4.94754 4.68123 0 0
0 0 306 4.80175 3.76256 7.4858 -0.705226 0 0
0 0 307 6.10058 0.350452 -4.67283 -1.93261 0 0
0 0 308 17.4795 -3.76674 3.5671 -13.783 0 0
0 0 309 27.3506 -5.21205 -6.57178 0.890363 0 0
0 0 310 9.86816 -10.7335 -0.711492 -1.15334 0 0
0 0 311 -12.21 7.43834 5.13458 5.15323 0 0
0 0 312 0.149407 19.0555 4.57815 1.75529 0 0
0 0 313 3.61816 3.85241 6.66418 -3.11797 0 0
0 0 314 -4.63575 -4.71009 7.76046 -0.5899 0 0
0 0 315 14.5635 4.80162 0.0201366 6.62114 0 0
0 0 316 -9.7334 3.02037 -2.46366 -5.21604 0 0
0 0 317 1.4248 -1.30189 -0.0271961 12.5373 0 0
0 0 318 -1.31153 -3.67494 -8.49918 -4.23661 0 0
0 0 319 -3.29005 7.1903 -6.95536 1.2281 0 0
0 0 320 3.17089 1.29576 5.89465 10.4285 0 0
0 0 321 -8.11426 -5.77845 8.31927 4.35008 0 0
0 0 322 -5.76856 -0.108532 0.756526 -4.52327 0 0
0 0 323 1.33495 7.65514 -10.0714 -1.66159 0 0
0 0 324 3.13574 -1.8722 4.99487 9.02812 0 0
0 0 325 8.2373 8.90905 -21.7612 1.15066 0 0
0 0 326 4.10449 8.26451 3.09353 8.8263 0 0
0 0 327 5.42089 11.9403 2.30508 -6.37505 0 0
0 0 328 -13.9229 4.68639 -7.05716 5.1384 0 0
0 0 329 8.55761 2.0067 16.8552 6.43086 0 0
0 0 330 7.18652 -17.5714 0.559993 15.6263 0 0
0 0 331 9.49511 0.721546 4.94277 4.46788 0 0
0 0 332 5.09667 -6.67689 5.781 2.08149 0 0
0 0 333 3.73339 -3.78236 5.67443 15.4961 0 0
0 0 334 4.12792 -4.54017 -5.99167 -13.0062 0 0
0 0 335 2.42284 -18.4288 9.26873 4.3888 0 0
0 0 336 11.1182 1.26256 11.4826 10.7456 0 0
0 0 337 -3.22169 4.39537 11.1701 -16.1825 0 0
0 0 338 8.13183 6.4403 -10.0169 -11.0242 0 0
0 0 339 -5.6709 3.06725 5.94674 -14.2896 0 0
0 0 340 1.78808 0.307483 8.56787 -19.209 0 0
0 0 341 -4.12208 1.12389 3.88674 6.50335 0 0
0 0 342 9.11035 -16.0617 -5.26474 4.2084 0 0
0 0 343 2.1748 -1.68861 -4.05246 0.896954 0 0
0 0 344 20.0029 13.8348 -13.0075 -11.8422 0 0
0 0 345 -10.8428 -2.14759 -15.3279 -4.4236 0 0
0 0 346 -15.2354 -8.58705 -7.77698 -1.00013 0 0
0 0 347 -13.0615 1.82897 4.96646 2.94972 0 0
0 0 348 6.15331 2.31725 12.3777 -1.22748 0 0
0 0 349 -5.75684 -4.47963 4.957 3.01397 0 0
0 0 350 14.9658 8.61022 1.26797 -15.6051 0 0
0 0 351 13.2998 3.71764 6.54104 -1.61546 0 0
0 0 352 -4.85255 0.170764 13.0288 6.17962 0 0
0 0 353 -7.93848 11.9598 -13.8528 -5.90139 0 0
0 0 354 -5.48926 3.49498 -4.08796 -7.38742 0 0
0 0 355 4.49511 -4.84095 9.27822 6.97453 0 0
0 0 356 -3.24903 -1.67103 -7.76987 -7.27704 0 0
0 0 357 4.95214 9.76451 -13.0619 11.8956 0 0
0 0 358 15.7334 -1.2433 -2.81409 3.22155 0 0
0 0 359 6.60644 2.80944 -0.990911 -10.5943 0 0
0 0 360 6.97363 -11.9953 18.4652 -2.77117 0 0
0 0 361 7.74511 -6.53236 -10.1993 -1.83787 0 0
0 0 362 1.02636 -1.80189 -16.5354 -9.56787 0 0
0 0 363 -9.14747 0.356311 -3.13849 5.98933 0 0
0 0 364 -2.48926 12.7098 -0.112432 -2.74893 0 0
0 0 365 7.72363 -13.8468 1.20404 8.20602 0 0
0 0 366 0.356439 4.72741 -4.09034 -3.71436 0 0
0 0 367 1.45995 -4.23549 -4.60889 1.04029 0 0
0 0 368 4.8916 -4.93666 5.85913 -6.52744 0 0
0 0 369 10.0049 -1.88978 0.178797 12.6312 0 0
0 0 370 -7.65723 3.17467 17.646 -2.96393 0 0
0 0 371 5.77636 -11.8527 4.86465 2.48018 0 0
0 0 372 11.2236 12.3251 5.75259 7.10138 0 0
0 0 373 7.13378 8.34459 0.945948 0.7701 0 0
0 0 374 0.672845 -5.54994 0.415583 -4.23414 0 0
0 0 375 -4.20801 11.9755 -14.099 4.34514 0 0
0 0 376 -12.3057 2.33483 -4.68467 7.68129 0 0
0 0 377 -5.78419 -11.1242 -11.1842 -6.27702 0 0
0 0 378 4.50488 14.0672 9.04617 4.17627 0 0
0 0 379 3.54589 -8.64174 5.61288 -11.0992 0 0
0 0 380 4.43456 1.09069 13.1851 4.56425 0 0
0 0 381 -0.694342 -2.49134 -1.27268 6.17879 0 0
0 0 382 5.82714 4.17858 -2.76438 8.36088 0 0
0 0 383 12.5693 4.0692 -0.718602 -0.366664 0 0
0 0 384 -3.78223 -11.3253 6.28533 -3.16986 0 0
0 0 385 1.04589 10.2801 -2.41868 -2.99194 0 0
0 0 386 -5.74122 13.1766 7.31057 13.015 0 0
0 0 387 3.63769 2.75866 -0.848821 8.19531 0 0
0 0 388 10.5146 -1.73158 0.50793 15.8149 0 0
0 0 389 8.09667 -3.56361 0.0580394 6.14914 0 0
0 0 390 13.9463 2.24694 -0.432103 3.01562 0 0
0 0 391 3.58691 6.12975 0.607356 -5.51753 0 0
0 0 392 -0.495123 15.5672 -10.7841 10.2481 0 0
0 0 393 -12.7803 -6.06556 -1.42658 18.2483 0 0
0 0 394 -16.083 3.78014 9.03906 -0.267818 0 0
0 0 395 6.73144 -1.13588 0.382411 -4.23826 0 0
0 0 396 10.9639 -0.458142 3.14328 -4.30004 0 0
0 0 397 11.2373 3.09264 9.70678 -15.2871 0 0
0 0 398 -4.0127 -4.65736 -4.77225 5.27514 0 0
0 0 399 3.08105 17.2645 2.65078 13.2177 0 0
0 0 400 0.0810485 5.27623 0.694972 -0.458926 0 0
0 0 401 2.97558 -0.544079 27.8512 12.5018 45.5596 8.55708
0 0 402 1.41699 11.12 7.56393 -2.77858 0 0
0 0 403 4.43456 -9.464 12.1811 3.64084 0 0
0 0 404 -11.2197 -6.66908 -1.98774 8.77605 0 0
0 0 405 -2.7959 6.95006 2.22457 7.29908 0 0
0 0 406 11.8369 -4.17884 -1.54023 9.44575 0 0
0 0 407 -14.0713 1.51061 4.87411 -3.71518 0 0
0 0 408 10.1455 8.4735 10.5426 0.0723847 0 0
0 0 409 7.09277 -6.6808 -5.6507 4.83197 0 0
0 0 410 5.04589 -10.0519 -11.6317 4.54943 0 0
0 0 411 -9.96192 7.58483 0.425044 -5.06942 0 0
0 0 412 2.16503 -0.546032 1.03118 -0.26205 0 0
0 0 413 -1.26856 -1.1515 -2.27662 6.09971 0 0
0 0 414 -5.50489 5.61608 2.73602 -10.82 0 0
0 0 415 -11.6279 -12.5343 4.9783 7.80156 0 0
0 0 416 -0.989264 6.7567 14.7431 7.463 0 0
0 0 417 -9.96583 -6.17689 -1.5355 7.63187 0 0
0 0 418 -2.21387 -13.8234 -1.25373 0.316212 0 0
0 0 419 14.6943 0.479358 -2.39026 19.9641 0 0
0 0 420 17.5264 -2.73549 10.7226 -3.74649 0 0
0 0 421 1.38574 -5.6183 4.6492 0.0460251 0 0
0 0 422 -7.917 -5.83509 -0.477086 -5.05953 0 0
0 0 423 0.192376 -1.64369 1.91201 7.95313 0 0
0 0 424 7.88378 3.74694 3.56237 -0.126132 0 0
0 0 425 2.09081 -3.30384 12.2451 -18.7188 0 0
0 0 426 -11.5205 12.0809 9.264 -5.44998 0 0
0 0 427 0.575189 -6.74916 -0.938817 8.71509 0 0
0 0 428 6.24706 2.81334 -0.855932 -26.6268 0 0
0 0 429 2.44238 5.07506 -4.87409 -12.1519 0 0
0 0 430 -3.99122 3.20787 -12.8038 -3.28189 0 0
0 0 431 2.48535 6.03209 -0.936437 -2.22174 0 0
0 0 432 -3.17481 -3.33119 -3.55048 -2.27446 0 0
0 0 433 7.50097 4.78991 0.327967 1.64161 0 0
0 0 434 -13.1572 -4.48549 -3.41315 8.49598 0 0
0 0 435 -5.50684 3.87194 4.01223 6.72493 0 0
0 0 436 2.97363 -5.41322 8.897 -16.7616 0 0
0 0 437 13.376 7.60631 5.94674 1.6688 0 0
0 0 438 4.97558 4.01451 -4.20163 -0.436687 0 0
0 0 439 17.4268 1.81725 -18.226 8.42431 0 0
0 0 440 -5.08106 -6.39369 8.76678 6.97864 0 0
0 0 441 -6.78809 -1.59291 5.45422 9.39139 0 0
0 0 442 4.57714 -4.46986 -9.5102 -3.26953 0 0
0 0 443 -5.85645 -12.3839 5.83782 -1.93425 0 0
0 0 444 3.26269 12.8602 0.451075 -13.9782 0 0
0 0 445 -0.108405 -0.964001 -1.33185 5.53956 0 0
0 0 446 6.05175 10.3016 -4.81489 -6.59828 0 0
0 0 447 -11.1514 -4.56556 10.68 5.76198 0 0
0 0 448 -1.27442 -5.44642 -5.31922 12.4195 0 0
0 0 449 -6.62989 2.21373 5.79519 15.1461 0 0
0 0 450 0.0244077 -1.46009 8.43765 2.13421 0 0
0 0 451 -1.65333 12.538 7.60891 -18.1183 0 0
0 0 452 9.52441 1.89537 -0.749395 8.4795 0 0
0 0 453 13.8447 5.03209 4.35086 -9.03985 0 0
0 0 454 1.88574 -10.8253 4.6705 3.45056 0 0
0 0 455 15.1728 8.01256 1.93807 -5.17485 0 0
0 0 456 3.10253 5.23522 -2.81174 -10.0761 0 0
0 0 457 -8.82325 -5.94838 5.35479 19.0885 0 0
0 0 458 14.1787 2.29576 3.00357 -6.52909 0 0
0 0 459 -5.08887 -12.2374 9.6831 10.5422 0 0
0 0 460 9.1455 -0.0421262 16.4692 7.50255 0 0
0 0 461 -3.49708 3.44811 3.78021 2.78827 0 0
0 0 462 1.22949 6.81139 -7.34131 -5.56037 0 0
0 0 463 1.28222 -5.65541 -3.66178 3.25039 0 0
0 0 464 6.68066 2.50866 -13.2679 3.78334 0 0
0 0 465 8.67285 2.50475 13.7107 -15.9486 0 0
0 0 466 -4.13575 -2.18275 -5.41868 -12.1956 0 0
0 0 467 9.39355 -18.3253 0.320857 -1.12204 0 0
0 0 468 4.1455 4.90319 -11.1298 -4.99034 0 0
0 0 469 -1.23731 -17.4406 10.6894 -3.93677 0 0
0 0 470 -5.89942 4.84264 5.24823 5.6623 0 0
0 0 471 -4.29981 -8.48744 -4.37684 0.491673 0 0
0 0 472 -2.81934 11.2391 9.24743 -10.4056 0 0
0 0 473 4.40136 -8.40345 -1.10218 1.03617 0 0
0 0 474 -0.442389 9.28405 -7.87879 -2.25798 0 0
0 0 475 -8.34278 2.32506 -16.4313 -0.733234 0 0
0 0 476 1.73925 5.29772 7.21588 -4.14517 0 0
0 0 477 18.6416 -3.65931 8.9349 -4.64683 0 0
0 0 478 12.6533 -7.47572 -1.98301 18.8735 0 0
0 0 479 -7.8252 -9.50892 4.97122 4.31137 0 0
0 0 480 -3.56348 -11.3136 -6.03193 -3.54302 0 0
0 0 481 -6.69239 -10.2199 21.451 4.90941 0 0
0 0 482 -7.15919 -15.3078 -7.56861 -4.45491 0 0
0 0 483 1.65917 -15.8449 -6.2616 -6.54391 0 0
0 0 484 -4.4463 34.3622 0.342158 1.92828 0.285249 6.7107
0 0 485 -1.1045 8.91491 4.48342 1.90522 0 0
0 0 486 -4.09864 6.46373 -8.52283 -0.178851 0 0
0 0 487 -4.94825 12.7782 -0.905645 13.861 0 0
0 0 488 7.25488 3.27428 -8.18662 14.5596 0 0
0 0 489 3.08691 -10.132 8.09667 -0.22581 0 0
0 0 490 -7.99708 2.43248 -1.41474 -2.92768 0 0
0 0 491 2.29199 -9.95033 4.68707 1.7693 0 0
0 0 492 -10.3193 -9.10463 7.30584 5.57663 0 0
0 0 493 -4.83301 5.99889 -6.86539 7.89711 0 0
0 0 494 -0.528327 2.01842 22.9214 8.43667 0 0
0 0 495 3.16503 16.7352 -15.0532 0.546864 0 0
0 0 496 -3.33692 -3.07533 1.33663 1.55759 0 0
0 0 497 2.24511 -9.22767 3.33032 14.5587 0 0
0 0 498 6.05761 -8.42689 8.24823 -8.65928 0 0
0 0 499 -9.10059 -0.0655637 4.25851 -16.6348 0 0
0 0 500 -10.0615 8.25865 0.612086 -6.37834 0 0
0 0 501 -0.875983 -0.407361 -7.20636 1.81131 0 0
0 0 502 -1.27247 -1.34681 5.60577 10.0216 0 0
0 0 503 -7.75489 3.02233 8.42108 -7.75811 0 0
0 0 504 1.40331 -3.35463 10.8173 3.12106 0 0
0 0 505 -2.14747 -0.616345 6.03909 0.723965 0 0
0 0 506 9.50488 -3.71009 4.98779 -3.38651 0 0
0 0 507 -10.6299 -1.95033 -10.2608 -9.11563 0 0
0 0 508 8.36816 7.59069 -2.82358 10.9787 0 0
0 0 509 -15.96 11.3876 -0.559972 -9.80017 0 0
0 0 510 -0.651374 3.98912 21.3871 -4.39807 0 0
0 0 511 4.33105 16.6942 0.439235 8.50339 0 0
0 0 512 18.3389 7.29576 7.25613 -3.02159 0 0
0 0 513 9.74316 -5.2765 9.63339 -2.89638 0 0
0 0 514 -3.62989 9.61217 0.806269 -3.30908 0 0
0 0 515 6.41308 -17.3683 9.61444 1.34671 0 0
0 0 516 -9.09083 3.74889 -18.2805 1.8665 0 0
0 0 517 -2.94044 6.95397 -0.0271961 -6.12381 0 0
0 0 518 -5.14356 -15.257 -9.51731 -12.904 0 0
0 0 519 10.96 -1.47767 -1.27976 -21.3597 0 0
0 0 520 2.59863 2.23522 2.83309 1.91757 0 0
0 0 521 -14.8506 11.6649 3.74234 15.3841 0 0
0 0 522 0.0615172 -11.2941 -0.143224 -2.80165 0 0
0 0 523 2.61425 -0.10072 -2.38315 5.7521 0 0
0 0 524 -17.5029 -2.92494 -6.8133 7.0882 0 0
0 0 525 2.27636 8.85826 12.077 -4.98622 0 0
0 0 526 -5.09473 -14.7941 -10.1116 -8.40887 0 0
0 0 527 4.27636 1.41295 -6.43445 4.29736 0 0
0 0 528 3.75097 5.92272 4.69891 2.46289 0 0
0 0 529 -3.21387 0.985217 -2.54181 -13.3398 0 0
0 0 530 4.47363 5.91491 2.35241 1.07241 0 0
0 0 531 8.67285 0.86803 4.42187 0.509793 0 0
0 0 532 -8.33301 -2.09486 -6.51969 0.825291 0 0
0 0 533 1.84277 -3.75892 -13.8456 -5.39644 0 0
0 0 534 -3.33106 5.37194 -6.23081 -14.199 0 0
0 0 535 4.32519 1.69225 -2.5134 2.60457 0 0
0 0 536 1.48339 5.1278 -0.751745 -11.722 0 0
0 0 537 -15.5967 -5.54994 -10.3981 6.54947 0 0
0 0 538 2.09081 6.82506 -10.1898 0.0625046 0 0
0 0 539 4.9248 1.64342 6.4132 -0.506702 0 0
0 0 540 15.9404 -11.1847 6.73046 -4.07351 0 0
0 0 541 -2.45997 -6.60463 -2.52286 -2.59819 0 0
0 0 542 2.33886 -0.462048 1.90728 14.5307 0 0
0 0 543 4.56738 -3.88197 -7.22767 2.42253 0 0
0 0 544 -1.917 2.10631 2.33822 3.3377 0 0
0 0 545 1.08105 -2.84877 1.90728 -9.38006 0 0
0 0 546 -4.48341 -20.4992 4.751 2.35415 0 0
0 0 547 -0.276373 -7.60463 -5.84012 -6.75644 0 0
0 0 548 5.6787 12.7372 -3.69492 13.104 0 0
0 0 549 -13.6455 11.2958 11.1014 -1.74726 0 0
0 0 550 -0.616217 -5.80775 -7.159 8.4136 0 0
0 0 551 6.59081 -8.76088 14.0754 2.82451 0 0
0 0 552 9.66503 -2.46791 0.908076 2.3212 0 0
0 0 553 0.0263608 2.1278 -5.22452 -15.4692 0 0
0 0 554 0.932611 -2.50111 0.273494 9.94577 0 0
0 0 555 -8.86426 5.65905 -10.5994 -4.95491 0 0
0 0 556 1.72363 -4.93275 7.01696 3.56835 0 0
0 0 557 -15.5518 -3.1847 7.88595 -0.640147 0 0
0 0 558 -12.9248 8.94615 9.31137 10.9458 0 0
0 0 559 7.74902 -3.65736 5.67443 -8.86687 0 0
0 0 560 -1.24903 15.8172 -4.73438 3.355 0 0
0 0 561 6.41113 0.582874 2.92306 -8.83721 0 0
0 0 562 8.2998 6.05748 0.264033 -7.39649 0 0
0 0 563 16.0088 9.19225 -4.53785 4.75207 0 0
0 0 564 22.3584 9.42858 0.702082 -2.18714 0 0
0 0 565 20.3193 -7.01674 15.3777 -3.45241 0 0
0 0 566 -5.84864 -6.56361 6.07696 4.58485 0 0
0 0 567 -7.7295 -9.32338 -11.4305 -11.1132 0 0
0 0 568 -13.1318 -9.66713 -11.7099 3.78911 0 0
0 0 569 10.7334 8.22545 0.133815 8.57423 0 0
0 0 570 -14.0283 14.452 5.13458 -1.39799 0 0
0 0 571 6.19238 0.125843 -15.7754 -5.38079 0 0
0 0 572 2.53417 4.08483 1.26324 -4.76792 0 0
0 0 573 5.0537 7.48326 5.57974 -1.76538 0 0
0 0 574 -1.70801 -5.59095 -1.06904 0.595464 0 0
0 0 575 3.01855 2.24889 11.8307 -5.13943 0 0
0 0 576 -15.585 3.35631 2.71469 8.41443 0 0
0 0 577 -1.62403 -1.41713 -6.86066 18.2697 0 0
0 0 578 1.02831 -5.25697 -3.14557 6.41768 0 0
0 0 579 5.32519 4.24694 -4.19452 14.6856 0 0
0 0 580 1.25292 -4.84486 -2.72175 13.0974 0 0
0 0 581 -4.97755 6.73717 6.33743 -4.45408 0 0
0 0 582 -0.415045 -8.69642 -1.18033 5.09063 0 0
0 0 583 3.7705 -0.0890012 13.661 -14.2146 0 0
0 0 584 5.56152 12.9325 3.10775 -3.40545 0 0
0 0 585 5.97558 -1.71986 6.81808 -12.9584 0 0
0 0 586 3.09081 0.965686 9.264 16.3438 0 0
0 0 587 5.61034 11.3016 -10.848 7.48525 0 0
0 0 588 7.03808 -0.208142 -4.71308 -18.8094 0 0
0 0 589 2.16308 3.60826 -9.81092 7.67965 0 0
0 0 590 2.73144 6.99303 -4.56626 -12.2739 0 0
0 0 591 -3.97755 -1.11439 10.6326 -3.35685 0 0
0 0 592 -8.06348 -4.19252 -0.822789 -7.56041 0 0
0 0 593 7.73144 5.68834 1.91674 11.6773 0 0
0 0 594 10.5342 -8.82533 7.12588 -0.0330536 0 0
0 0 595 1.37206 -16.296 -6.12427 -4.02243 0 0
0 0 596 9.83105 -5.28236 2.62472 1.47769 0 0
0 0 597 -4.01075 -0.928845 -0.602575 -0.139316 0 0
0 0 598 -11.1748 -0.94447 -1.9238 -12.3513 0 0
0 0 599 -2.77247 4.65319 -4.67045 -4.09081 0 0
0 0 600 4.52245 -3.78627 4.74627 2.30061 0 0
0 0 601 -5.39356 14.2743 8.30978 -3.85028 0 0
0 0 602 -3.21583 -4.06361 -13.8314 3.37312 0 0
0 0 603 4.52636 19.495 -3.38474 14.0875 0 0
0 0 604 4.43652 -6.28236 9.55761 -5.96565 0 0
0 0 605 4.99706 -7.10463 4.66812 -9.71532 0 0
0 0 606 0.215814 -5.29994 -8.00904 -3.26624 0 0
0 0 607 6.37402 -2.88002 -1.71781 -5.02082 0 0
0 0 608 5.04785 6.26256 18.2971 -5.28606 0 0
0 0 609 5.79394 6.59459 5.50631 -8.21529 0 0
0 0 610 -7.47755 -2.80189 -11.4542 -1.7036 0 0
0 0 611 -5.74122 10.0907 -11.1677 -17.4461 0 0
0 0 612 -3.53614 -2.89564 -11.8472 2.41429 0 0
0 0 613 3.13378 -4.31166 7.6184 12.6822 0 0
0 0 614 5.12792 -5.09486 -11.189 -11.6972 0 0
0 0 615 -5.48926 0.780139 -11.215 9.80079 0 0
0 0 616 6.49706 3.77037 -20.7762 -3.13114 0 0
0 0 617 -1.89161 -10.1339 -10.4431 -9.24991 0 0
0 0 618 -5.90333 -11.1769 -8.41156 6.83779 0 0
0 0 619 7.02245 0.0027957 5.46844 10.6501 0 0
0 0 620 -11.9385 7.5067 5.76916 1.54771 0 0
0 0 621 -5.99317 -3.04408 -6.51496 13.3182 0 0
0 0 622 4.833 -20.464 -0.739904 18.2754 0 0
0 0 623 -0.424811 -4.00697 -4.70832 5.05356 0 0
0 0 624 -10.167 3.76256 10.249 -1.18629 0 0
0 0 625 11.6006 -6.39564 -1.67283 -8.40969 0 0
0 0 626 -13.3369 1.59655 -11.4684 -9.57364 0 0
0 0 627 4.71581 -6.58119 7.82202 -7.68315 0 0
0 0 628 17.4346 -7.32728 -0.971959 22.082 0 0
0 0 629 3.40136 8.46373 2.53475 14.6362 0 0
0 0 630 -12.1729 -6.71986 2.93728 -4.47385 0 0
0 0 631 -5.58497 1.27428 1.80783 9.52237 0 0
0 0 632 -6.62403 1.71569 1.59472 -6.59664 0 0
0 0 633 -10.4248 6.57506 1.21115 -1.1797 0 0
0 0 634 0.549798 -5.26674 12.1291 0.166295 0 0
0 0 635 -3.95997 -6.36244 -8.35947 -1.83293 0 0
0 0 636 -2.66114 3.29186 -13.983 -2.08994 0 0
0 0 637 -0.0244207 25.6708 -17.3121 1.87556 -16.9976 7.52714
0 0 638 12.9307 -4.22963 -4.72727 3.08976 0 0
0 0 639 -3.64942 -6.5558 5.09198 -1.9186 0 0
0 0 640 10.001 5.81725 -4.72016 6.3732 0 0
0 0 641 -4.19434 4.58287 -0.562322 -6.85364 0 0
0 0 642 0.266595 16.0438 11.987 -6.02578 0 0
0 0 643 -15.29 -8.40736 -24.316 11.5059 0 0
0 0 644 2.85644 -11.1867 4.85754 2.26848 0 0
0 0 645 6.04394 -3.21009 2.55368 -13.1462 0 0
0 0 646 5.82714 16.8973 9.7731 -2.58254 0 0
0 0 647 22.9717 -5.60267 24.2592 5.54533 0 0
0 0 648 -3.51661 -8.31752 9.55288 7.72001 0 0
0 0 649 14.626 9.5399 7.50949 14.076 0 0
0 0 650 2.2373 -6.97767 -1.11875 8.05116 0 0
0 0 651 10.1748 -5.5597 0.498439 3.68203 0 0
0 0 652 8.91894 3.19225 1.58526 11.2003 0 0
0 0 653 -4.82715 3.83678 0.981471 -19.1439 0 0
0 0 654 13.0518 2.27037 -9.08637 6.82625 0 0
0 0 655 5.47753 -2.79994 -7.22294 11.1871 0 0
0 0 656 21.7412 6.68639 -7.98063 5.4539 0 0
0 0 657 -6.14747 0.610218 0.131434 2.52055 0 0
0 0 658 -9.90333 -6.57533 -1.04297 -3.13938 0 0
0 0 659 -2.64161 7.27623 8.10617 5.74798 0 0
0 0 660 -3.13965 -3.69447 -1.52601 8.58329 0 0
0 0 661 -1.93653 0.453968 11.3974 0.671246 0 0
0 0 662 11.4268 0.125843 3.03671 1.1968 0 0
0 0 663 12.3389 -3.72767 0.962519 -5.32889 0 0
0 0 664 5.45214 4.42858 -2.35239 -1.83293 0 0
0 0 665 4.12011 -11.4816 9.05328 5.07251 0 0
0 0 666 -12.8291 17.2372 4.05252 -7.90391 0 0
0 0 667 -13.3057 4.99108 13.3674 -4.48127 0 0
0 0 668 -1.33497 -2.42884 -2.91355 7.27684 0 0
0 0 669 14.7002 -5.53431 -9.99799 2.24624 0 0
0 0 670 0.598626 -4.01478 -12.3255 -2.55123 0 0
0 0 671 -10.5537 6.96178 -9.8133 -0.0898926 0 0
0 0 672 14.2021 -17.9113 2.67443 3.91597 0 0
0 0 673 16.8193 -1.5558 15.6263 -21.6547 0 0
0 0 674 2.86035 9.77037 5.09198 6.62526 0 0
0 0 675 -7.40919 0.645374 18.1243 -0.278529 0 0
0 0 676 -2.98145 12.8778 -8.06821 -7.04228 0 0
0 0 677 0.709955 -11.1652 -9.49601 -10.3043 0 0
0 0 678 16.2256 0.342639 2.53475 -6.11309 0 0
0 0 679 -2.35255 -0.262829 19.3295 -0.774417 0 0
0 0 680 0.278314 7.00866 -12.4818 -9.93691 0 0
0 0 681 4.8916 7.50084 -5.60572 3.63096 0 0
0 0 682 14.0869 -7.63588 -7.6728 -12.1791 0 0
0 0 683 -1.30176 -7.47377 7.22299 -8.07608 0 0
0 0 684 4.75683 3.59655 3.56948 -4.1114 0 0
0 0 685 -3.56348 -6.70814 1.46923 -16.573 0 0
0 0 686 -16.1768 -0.0597048 -18.3421 -2.37577 0 0
0 0 687 -3.92676 10.9208 18.5173 -5.54224 0 0
0 0 688 8.67089 -12.5128 -10.3034 -4.38241 0 0
0 0 689 -19.4756 3.99303 5.6484 1.43074 0 0
0 0 690 3.9873 -2.6183 -6.07456 11.7778 0 0
0 0 691 -3.55762 -6.90931 -5.99878 -10.5152 0 0
0 0 692 -4.28028 -4.4015 9.42739 -7.1576 0 0
0 0 693 5.85839 -9.20033 0.391902 7.66977 0 0
0 0 694 14.5889 -15.8839 -1.62546 13.4368 0 0
0 0 695 3.12402 3.93639 -3.52918 -13.3332 0 0
0 0 696 -4.37794 -3.31556 -23.5181 -2.35106 0 0
0 0 697 -17.5674 13.4755 -16.9759 -5.26052 0 0
0 0 698 3.84081 7.02428 3.68786 5.83612 0 0
0 0 699 -6.06544 -1.78822 12.7021 3.87066 0 0
0 0 700 3.71191 -4.12806 8.15826 8.03221 0 0
0 0 701 6.82324 5.66295 4.19693 -1.43259 0 0
0 0 702 12.9404 -6.64955 -3.90564 1.87968 0 0
0 0 703 -17.3701 10.8016 -8.72648 4.39621 0 0
0 0 704 12.0713 -8.79603 5.98226 3.39454 0 0
0 0 705 -1.31348 -3.04799 3.95779 -5.39397 0 0
0 0 706 2.40722 0.395374 8.43292 0.803868 0 0
0 0 707 -14.9053 1.65709 -7.01456 -22.7486 0 0
0 0 708 -6.87989 1.7528 3.76364 -20.4009 0 0
0 0 709 8.12792 -1.63002 -8.07532 5.60711 0 0
0 0 710 -9.61817 8.87389 17.6436 6.52476 0 0
0 0 711 -0.688483 -6.66908 13.8339 2.10373 0 0
0 0 712 -5.99512 1.97741 3.78732 -4.12376 0 0
0 0 713 3.17285 1.96178 9.15747 9.70028 0 0
0 0 714 -1.91114 8.65514 -9.49601 -12.7747 0 0
0 0 715 -4.20411 1.29186 12.4913 2.51149 0 0
0 0 716 -10.6787 -3.88197 3.28295 5.5165 0 0
0 0 717 -2.18653 -0.28822 -3.8512 -4.81652 0 0
0 0 718 4.02245 2.79576 -14.3026 5.89707 0 0
0 0 719 -4.66505 15.745 13.8244 -3.02077 0 0
0 0 720 -0.739264 -0.176892 -0.301854 -13.5622 0 0
0 0 721 6.61034 15.5321 1.72497 -9.78452 0 0
0 0 722 12.2529 0.580921 7.01461 1.50734 0 0
0 0 723 -4.87989 10.8309 -4.10691 3.73887 0 0
0 0 724 -5.292 -5.37416 12.2711 1.61443 0 0
0 0 725 -1.8545 -5.214 0.915187 -2.04464 0 0
0 0 726 1.33495 -5.0558 6.20956 13.3989 0 0
0 0 727 -4.05958 8.86217 -2.97983 -4.12211 0 0
0 0 728 18.1084 7.41686 0.140895 10.0339 0 0
0 0 729 5.5791 3.23522 -22.5425 -5.2284 0 0
0 0 730 9.37206 3.02819 7.31295 -2.12783 0 0
0 0 731 -7.82325 -2.10853 -4.91434 -5.36926 0 0
0 0 732 6.76464 -6.23549 4.86938 7.5495 0 0
0 0 733 4.5791 3.19616 2.52053 10.2786 0 0
0 0 734 4.2998 -3.77064 -7.88355 -11.0786 0 0
0 0 735 3.06933 -3.71205 -2.17954 0.939786 0 0
0 0 736 3.93261 -9.2472 -13.2916 -15.5952 0 0
0 0 737 -3.93067 8.89733 -2.75016 5.55851 0 0
0 0 738 3.208 -1.75306 -2.69333 3.34018 0 0
0 0 739 4.28417 -4.90736 -11.8804 7.07997 0 0
0 0 740 7.6748 4.66686 -4.66098 4.5972 0 0
0 0 741 -7.11622 -7.59291 4.63259 -1.59981 0 0
0 0 742 -6.72169 3.11803 6.45108 2.78332 0 0
0 0 743 11.0537 5.61998 -5.52521 -11.8439 0 0
0 0 744 5.58691 -4.34681 -0.557592 -0.904575 0 0
0 0 745 -4.18458 -12.88 -3.02482 5.26773 0 0
0 0 746 2.97949 3.97936 -18.5102 1.77671 0 0
0 0 747 3.54199 0.756702 -3.84409 -2.85685 0 0
0 0 748 3.46581 -2.69838 -13.6775 -3.83216 0 0
0 0 749 6.21386 -1.34095 -1.11402 7.51161 0 0
0 0 750 -16.2705 -4.56361 -3.98853 -0.503406 0 0
0 0 751 -2.63184 0.914905 -5.18662 -4.31322 0 0
0 0 752 6.10253 -1.55384 8.68389 0.43813 0 0
0 0 753 6.41699 9.61217 3.16458 6.59561 0 0
0 0 754 9.17089 8.55358 -5.69571 13.3618 0 0
0 0 755 -0.733405 0.754749 -1.09034 4.63345 0 0
0 0 756 7.11816 5.94225 6.69732 12.9384 0 0
0 0 757 1.19042 11.1903 -7.84565 1.51064 0 0
0 0 758 5.42285 -6.95228 3.43212 2.57904 0 0
0 0 759 -6.39161 11.827 -11.5015 -8.33885 0 0
0 0 760 16.6416 1.35631 -5.98694 -1.26866 0 0
0 0 761 2.88183 -3.06361 -9.38471 -2.6542 0 0
0 0 762 17.7764 0.522326 12.6334 6.46545 0 0
0 0 763 6.44433 -13.6105 16.9286 -13.6578 0 0
0 0 764 5.4248 17.4169 9.7731 2.47195 0 0
0 0 765 3.60839 -8.8058 -1.95694 -4.62541 0 0
0 0 766 2.87206 -1.98353 5.84256 -9.79029 0 0
0 0 767 0.90722 -6.70228 -15.3137 -2.127 0 0
0 0 768 1.40722 1.85241 -5.03272 -3.98455 0 0
0 0 769 -10.2002 3.92467 7.13299 -2.62619 0 0
0 0 770 5.29003 -12.546 -2.91355 -4.9681 0 0
0 0 771 11.0478 -9.88197 -7.69175 1.77177 0 0
0 0 772 18.7217 1.51842 12.148 6.98194 0 0
0 0 773 5.30761 -12.9269 5.43765 3.38713 0 0
0 0 774 -0.0908267 -1.42689 0.747065 1.65562 0 0
0 0 775 18.2412 -16.7003 -5.56546 5.40941 0 0
0 0 776 5.00878 9.96178 -8.50864 -8.11067 0 0
0 0 777 7.55956 3.98131 5.32873 -5.83715 0 0
0 0 778 13.5889 3.17467 1.35086 16.6486 0 0
0 0 779 18.9189 -16.5656 0.649989 -1.92766 0 0
0 0 780 -1.93458 -1.95424 -19.2916 -0.33372 0 0
0 0 781 -3.5088 7.47936 0.103022 1.63256 0 0
0 0 782 10.1006 2.03405 2.73129 7.37734 0 0
0 0 783 2.8662 3.7528 -8.26474 -2.06275 0 0
0 0 784 5.9541 6.77428 7.17089 6.76694 0 0
0 0 785 -0.422858 4.15514 9.6618 -14.3563 0 0
0 0 786 16.5342 -21.0831 -3.43683 -7.04475 0 0
0 0 787 4.0498 -21.3917 20.4376 3.02221 68.1533 7.92091
0 0 788 -7.68067 -2.55189 14.3335 2.66306 0 0
0 0 789 -7.30958 3.30358 -6.91037 0.166295 0 0
0 0 790 -16.3857 -5.94056 -12.1503 -0.591548 0 0
0 0 791 -0.575202 1.4403 6.68075 -7.92203 0 0
0 0 792 18.0908 7.79381 14.5134 3.43902 0 0
0 0 793 -7.68848 4.64733 1.96411 -3.87746 0 0
0 0 794 -16.7412 4.55553 -6.73279 -6.80175 0 0
0 0 795 21.542 9.08873 -12.6144 -8.0736 0 0
0 0 796 -4.4502 2.18248 -5.73832 9.59732 0 0
0 0 797 -1.59473 13.2684 -2.43763 -5.6724 0 0
0 0 798 8.74902 8.36998 -8.27659 -2.65997 0 0
0 0 799 1.70605 4.9442 11.0422 -0.811488 0 0
0 0 800 -12.7041 8.94811 2.14642 4.02059 0 0
0 0 801 -0.791999 1.66881 -16.0453 2.20917 0 0
0 0 802 -2.1963 -8.25111 3.74468 5.39047 0 0
0 0 803 3.30175 1.67662 -9.56467 19.3669 0 0
0 0 804 -2.95411 -8.10658 -9.15268 -10.3315 0 0
0 0 805 -3.35059 -0.0265012 -6.16214 -6.83058 0 0
0 0 806 0.918939 6.89928 0.694972 -19.2139 0 0
0 0 807 -2.55762 1.45006 8.07064 -13.3324 0 0
0 0 808 1.18066 0.778186 -2.01853 -18.2213 0 0
0 0 809 7.6162 7.35436 -3.81803 2.22318 0 0
0 0 810 0.305658 -0.339001 -6.6073 -2.80741 0 0
0 0 811 -7.2334 -4.64369 -24.6593 -24.3845 0 0
0 0 812 4.9248 -11.4581 1.60894 -6.06779 0 0
0 0 813 2.69433 7.26061 -13.5189 -7.78118 0 0
0 0 814 3.25683 6.80748 -5.34763 12.8989 0 0
0 0 815 1.52636 -10.9269 -2.19846 -11.2878 0 0
0 0 816 -3.89942 4.94811 4.35321 5.95803 0 0
0 0 817 3.583 13.786 -21.4676 13.1707 0 0
0 0 818 -17.6104 1.5028 -8.24106 15.9476 0 0
0 0 819 11.9639 -0.407361 -5.8638 0.429066 0 0
0 0 820 -6.8838 13.3622 -5.10849 -0.60226 0 0
0 0 821 9.10839 2.6903 -2.06351 -21.6802 0 0
0 0 822 7.68261 7.10045 -9.60254 2.63258 0 0
0 0 823 9.92675 -2.24134 5.20797 8.2019 0 0
0 0 824 -4.21387 8.82506 -1.60416 -10.3084 0 0
0 0 825 -6.59669 -9.839 2.60815 -15.3588 0 0
0 0 826 -3.25684 6.29381 -14.7549 12.4458 0 0
0 0 827 16.3232 -9.38392 1.59472 0.360699 0 0
0 0 828 -4.0459 -10.9874 2.21508 -4.07762 0 0
0 0 829 7.40136 14.6083 -13.5355 5.70184 0 0
0 0 830 17.8018 0.614123 9.45108 3.61284 0 0
0 0 831 5.80956 0.875843 -5.37604 14.1345 0 0
0 0 832 3.13183 2.30748 2.89227 -9.35617 0 0
0 0 833 2.45605 5.80358 1.60183 5.81305 0 0
0 0 834 -2.18653 -14.9328 -8.83539 -6.15099 0 0
0 0 835 -12.124 3.33287 -4.36265 2.14081 0 0
0 0 836 1.06542 -2.64174 -13.3602 5.99016 0 0
0 0 837 -10.8252 -11.9464 3.09118 -6.02249 0 0
0 0 838 -8.01856 1.42272 -10.2703 5.20101 0 0
0 0 839 -0.0595767 3.18639 8.62945 -6.74079 0 0
0 0 840 -6.917 7.49303 -10.3792 -5.23746 0 0
0 0 841 0.276361 1.43248 -1.13532 1.26434 0 0
0 0 842 5.01855 3.66295 0.938868 2.79239 0 0
0 0 843 -5.53223 2.38951 -13.9782 12.445 0 0
0 0 844 9.95214 -1.28627 -2.11088 -0.941638 0 0
0 0 845 7.46191 8.81725 -7.64676 2.30226 0 0
0 0 846 4.87792 10.3231 -0.616796 21.5103 0 0
0 0 847 4.85253 6.76256 0.557643 -13.0292 0 0
0 0 848 10.3799 -6.61244 2.08248 -12.1734 0 0
0 0 849 -7.78028 8.53209 -0.157445 8.06104 0 0
0 0 850 10.9834 10.3387 -4.2703 -14.9321 0 0
0 0 851 3.97558 7.47936 5.14404 7.1088 0 0
0 0 852 8.79394 8.21959 -20.3926 -8.27871 0 0
0 0 853 13.292 8.99498 4.87176 -6.33468 0 0
0 0 854 7.87402 -3.8722 3.25219 13.0472 0 0
0 0 855 7.48925 1.69616 -5.6886 -5.33795 0 0
0 0 856 1.98535 3.95397 -10.1448 3.90938 0 0
0 0 857 -4.41895 -3.71205 -1.44077 5.31057 0 0
0 0 858 20.8721 -4.15931 -7.58283 1.40191 0 0
0 0 859 9.31933 7.88951 -0.526799 -5.87833 0 0
0 0 860 14.7412 -4.80189 -9.69254 -7.20373 0 0
0 0 861 14.3838 11.5555 -2.189 3.07905 0 0
0 0 862 23.5049 1.3524 -7.91196 -2.13112 0 0
0 0 863 13.3935 -3.17689 4.97595 0.892834 0 0
0 0 864 24.1943 -10.2667 -20.0966 -4.88901 0 0
0 0 865 18.8877 -3.08119 -5.85196 7.32956 0 0
0 0 866 12.2158 5.86022 -16.7888 3.54693 0 0
0 0 867 23.5225 -2.04799 -11.189 -7.08017 0 0
0 0 868 21.0459 3.78795 -11.6531 8.72416 0 0
0 0 869 15.6572 -4.53822 -8.96088 -2.60395 0 0
0 0 870 5.8291 4.63366 -11.286 1.52218 0 0
0 0 871 18.7393 -4.60072 -13.1779 2.62187 0 0
0 0 872 29.2549 12.6805 -15.1385 4.39621 0 0
0 0 873 24.5908 12.1454 -9.74698 -12.8727 0 0
0 0 874 30.3154 4.45592 -18.6096 -6.73502 0 0
0 0 875 27.5889 -1.36049 -20.8022 2.00654 0 0
0 0 876 14.0596 0.520374 -26.3381 -5.02987 0 0
0 0 877 -3.1963 -13.8722 -8.94904 6.79413 0 0
0 0 878 12.4678 -3.47377 -0.297124 0.129224 0 0
0 0 879 19.0322 -0.483533 -12.3918 6.60549 0 0
0 0 880 6.17285 -1.50697 -17.1937 1.54194 0 0
0 0 881 25.3525 8.27819 1.35321 2.61363 0 0
0 0 882 3.24511 4.49889 -11.4684 -4.14106 0 0
0 0 883 6.61816 -21.8781 -10.7343 -14.6289 0 0
0 0 884 7.78613 13.579 -16.9688 -2.74729 0 0
0 0 885 23.0146 7.99498 -11.6057 14.7737 0 0
0 0 886 19.6846 -6.42494 -12.9909 5.94403 0 0
0 0 887 9.38769 6.75084 -15.6167 -0.986125 0 0
0 0 888 26.5205 -1.32728 -4.12113 11.9145 0 0
0 0 889 23.3682 -3.87025 -15.0035 3.97116 0 0
0 0 890 1.37206 10.4735 -15.2805 0.869771 0 0
0 0 891 12.5967 -4.63783 -5.24582 -9.18566 0 0
0 0 892 16.3193 -2.00892 -15.7707 -15.5095 0 0
0 0 893 3.28808 -12.7394 -11.0067 5.78833 0 0
0 0 894 10.6982 14.5262 -8.90879 1.99994 0 0
0 0 895 15.2725 -11.9464 -6.33738 -10.6766 0 0
0 0 896 2.54785 6.30553 -20.4518 -5.66745 0 0
0 0 897 9.15527 5.47155 -7.75568 -5.55542 0 0
0 0 898 9.96191 -10.8468 -7.00034 -8.69059 0 0
0 0 899 32.0283 6.24694 -13.9735 -16.7921 0 0
0 0 900 20.7803 8.02623 -10.4147 -1.50014 0 0
0 0 901 13.6123 7.28405 -18.1976 -0.896335 0 0
0 0 902 25.3877 -0.674939 -8.83774 -2.7827 0 0
0 0 903 9.30956 1.37194 -27.1219 -14.8406 0 0
0 0 904 28.6025 17.1649 -23.9893 -7.12136 -27.2077 7.99286
0 0 905 25.6572 8.44615 -9.63572 2.38793 0 0
0 0 906 28.1299 1.27428 -10.4763 6.64586 0 0
0 0 907 22.4814 -0.921033 -17.8117 3.5527 0 0
0 0 908 36.0322 6.44225 -22.0264 18.4023 0 0
0 0 909 29.4951 -5.9347 -17.4021 27.3292 0 0
0 0 910 35.8467 -5.67299 -21.6736 7.2513 0 0
0 0 911 38.3018 -6.86634 -27.065 -4.33134 -52.1177 8.52041
0 0 912 31.2393 -8.88588 -19.0927 -3.13609 0 0
0 0 913 39.1435 -7.87611 -23.4707 13.0463 0 0
0 0 914 55.6025 -7.46009 -25.8527 6.57913 0 0
0 0 915 44.624 9.22155 -36.8866 -0.353488 -37.982 6.25755
0 0 916 59.2158 13.4891 -37.1494 -6.98297 -35.0219 6.00875
0 0 917 61.8213 -4.66713 -25.3792 11.1657 0 0
0 0 918 35.2705 -12.3546 -41.2741 6.81884 -53.332 5.51821
0 0 919 41.4404 -8.89564 -31.1021 -14.1611 -52.9806 7.35086
0 0 920 45.4795 -13.8331 -34.2892 -8.51596 -55.9852 6.418
0 0 921 67.3935 -4.67299 -25.4739 13.1534 0 0
0 0 922 56.4893 5.37975 -51.226 -0.0536453 -42.0024 4.6263
0 0 923 45.833 3.90709 -40.9995 10.6056 -42.2782 5.78617
0 0 924 59.1689 -7.16713 -34.6112 0.387883 -50.8496 6.73521
0 0 925 61.6201 -11.2941 -52.6964 -3.71518 -51.0484 4.41685
0 0 926 65.9853 -15.6163 -39.5078 -3.52078 -55.7838 5.58678
0 0 927 76.8936 -12.5675 -48.3278 -11.7129 -52.2884 4.76396
0 0 928 65.3584 -9.21205 -62.9915 19.1478 -49.1601 3.74187
0 0 929 66.3975 0.241077 -44.4636 -4.65837 -44.8447 5.36101
0 0 930 77.6904 -21.4972 -38.4044 11.244 -59.6192 5.37456
0 0 931 98.9736 -13.1163 -34.9853 -2.11877 -55.2758 6.35464
0 0 932 120.104 -9.40345 -22.3034 7.11456 0 0
0 0 933 109.735 -23.2413 -27.5623 -7.13701 -65.0693 6.52302
0 0 934 127.808 -9.4347 -22.777 -6.49037 0 0
0 0 935 120.136 -10.3839 -5.82355 -3.89311 0 0
0 0 936 141.146 8.37975 9.55761 -9.54316 0 0
0 0 937 143.503 3.29577 18.3374 -1.51167 0 0
0 0 938 131.274 -4.22572 1.43136 4.04695 0 0
0 0 939 157.675 -6.96595 13.1898 5.43989 0 0
0 0 940 175.946 3.68835 29.2103 -6.66748 41.4017 8.09223
0 0 941 189.069 7.34655 42.1716 6.70022 40.0589 5.56334
0 0 942 191.985 -0.647591 42.9932 10.4919 45.4315 5.54377
0 0 943 198.241 32.4755 50.9277 12.585 28.7376 3.90977
0 0 944 222.216 22.9344 74.9963 6.88309 36.498 3.03118
0 0 945 236.36 33.1727 69.7564 14.6057 32.2833 3.06774
0 0 946 236.288 36.5262 82.2915 6.45557 33.0326 2.6336
0 0 947 238.27 30.3954 74.1226 0.953793 33.8515 2.96171
0 0 948 227.704 28.6376 83.5937 -5.75312 35.5448 2.68856
0 0 949 245.058 23.8114 92.1012 -4.74651 37.7522 2.50074
0 0 950 244.06 39.2587 88.0499 4.27182 32.9847 2.45943
0 0 951 232.688 32.2938 59.8235 -6.01342 30.8195 3.48089
0 0 952 214.071 25.243 71.0799 2.10291 35.2241 3.14886
0 0 953 212.392 28.1571 54.1786 7.09974 31.2694 3.87731
0 0 954 187.796 27.7958 54.7848 -3.6394 31.5492 3.85468
0 0 955 199.128 30.3036 49.7935 8.93833 29.338 4.05386
0 0 956 174.032 17.7157 24.2379 5.28256 26.9183 7.85081
0 0 957 165.698 7.04577 24.7991 6.62114 0 0
0 0 958 154.085 17.0067 12.0343 3.29157 0 0
0 0 959 150.452 -1.21986 14.5513 4.94071 0 0
0 0 960 142.507 -14.0011 23.3074 -16.0507 60.4969 8.69228
0 0 961 137.138 -11.7804 4.45028 -2.02733 0 0
0 0 962 123.558 3.5692 1.59472 0.369756 0 0
0 0 963 112.427 -6.91713 -4.24424 -9.22602 0 0
0 0 964 131.505 9.02819 8.42108 2.49501 0 0
0 0 965 117.208 5.06725 2.37609 -0.996005 0 0
0 0 966 105.692 -4.31556 -10.2111 1.16714 0 0
0 0 967 107.548 -1.40931 15.9601 -3.41864 0 0
0 0 968 113.122 -19.4406 0.51739 5.46872 0 0
0 0 969 100.646 -0.741344 -15.657 -8.83886 0 0
0 0 970 92.0381 -5.14955 -8.68149 -12.6816 0 0
0 0 971 94.1436 -16.7667 -17.904 6.59396 0 0
0 0 972 96.8994 -12.1124 -3.57416 -8.4896 0 0
0 0 973 83.3467 2.1317 -12.5741 4.32454 0 0
0 0 974 90.5537 -2.8722 -21.1242 7.7892 0 0
0 0 975 93.9814 -15.9835 -1.45499 0.424947 0 0
0 0 976 73.6475 -16.3683 -8.12507 1.71576 0 0
0 0 977 98.9443 -21.0519 -9.23081 -3.5562 0 0
0 0 978 68.1885 -7.19447 0.600245 -3.93018 0 0
0 0 979 85.376 -9.27259 -8.40683 -7.92697 0 0
0 0 980 69.1865 -0.90736 -12.219 -1.25054 0 0
0 0 981 82.54 -6.18275 5.92306 -10.5218 0 0
0 0 982 75.5635 -7.30384 -10.4123 -8.93606 0 0
0 0 983 64.0713 3.85631 -1.31766 12.0768 0 0
0 0 984 54.8955 -14.5734 4.91912 0.695134 0 0
0 0 985 73.9189 -15.5382 -15.1598 -12.8538 0 0
0 0 986 42.0498 -10.4308 -8.61991 6.29658 0 0
0 0 987 53.9795 -14.798 -3.50785 -6.88824 0 0
0 0 988 60.8447 -13.2374 -33.522 -1.77856 -55.7742 6.58529
0 0 989 59.3955 -9.30775 -15.9317 -5.69876 0 0
0 0 990 61.0342 -10.8566 7.13772 -15.2954 0 0
0 0 991 58.9736 -27.4171 -9.32078 -8.18316 -80.612 7.99159
0 0 992 37.6514 1.54967 5.24115 -10.7887 0 0
0 0 993 57.3525 0.782093 -8.04456 -4.98704 0 0
0 0 994 46.6064 -18.757 -7.91669 -22.4257 0 0
0 0 995 37.9189 -0.452282 -5.02799 1.65315 0 0
0 0 996 42.0185 -6.3058 -11.9277 -2.26457 0 0
0 0 997 35.5986 -25.1476 -17.5039 -2.57347 -72.5802 7.61004
0 0 998 47.749 -9.70033 0.233241 -1.72584 0 0
0 0 999 36.4795 -9.81752 0.178797 -12.5523 0 0
0 0 1000 32.0869 -18.7531 3.2593 -13.2006 0 0
0 0 1001 33.6103 -5.19056 -2.75489 -6.83799 0 0
0 0 1002 18.7471 -1.63978 -15.9293 8.365 0 0
0 0 1003 37.7139 -0.387829 -6.24265 -3.22341 0 0
0 0 1004 14.0381 -11.5128 -26.9135 2.10126 -56.5799 8.10276
0 0 1005 27.5342 -9.52455 -7.09745 3.55764 0 0
0 0 1006 22.626 -14.7257 -4.58521 -5.65921 0 0
0 0 1007 36.4814 -7.55775 3.1267 -18.8523 0 0
0 0 1008 27.2471 2.52819 -3.52445 -2.07923 0 0
0 0 1009 25.0439 -16.7413 -11.1842 -7.42779 0 0
0 0 1010 19.8213 -15.6359 7.92147 -4.61965 0 0
0 0 1011 33.7471 -6.18275 -1.03824 -11.2335 0 0
0 0 1012 17.8213 -9.04603 6.08169 0.556744 0 0
0 0 1013 21.1807 -19.4562 5.83782 12.4985 0 0
0 0 1014 15.5576 0.284046 1.384 8.40784 0 0
0 0 1015 25.0068 -10.6808 -0.408422 -16.9741 0 0
0 0 1016 21.4014 -4.39564 -2.11796 -3.86675 0 0
0 0 1017 27.5107 1.26451 -16.6183 -1.30656 0 0
0 0 1018 18.3486 -5.32728 3.59313 5.76527 0 0
0 0 1019 16.5478 -16.8507 -1.26084 -6.04143 0 0
0 0 1020 21.9248 -6.66127 0.500819 3.49751 0 0
0 0 1021 22.3564 -13.8585 -2.92774 -1.60475 0 0
0 0 1022 13.6846 12.7274 9.23559 -1.61299 0 0
0 0 1023 11.6709 -7.51674 -4.06666 5.83282 0 0
