# File: uwl_200808_111131_b4.rf.sbC2.RMC_aux Src: J1713+0747 Nsub: 1 Nch: 1 Npol: 4 Nbin: 1024 RMS: 2.68706
0 0 0 5.84728 -0.00263429 1.015 0.0434156 0 0
0 0 1 3.18411 -1.27927 -2.28329 1.79706 0 0
0 0 2 -0.28363 -0.522639 0.752612 -2.82215 0 0
0 0 3 2.12352 -1.35771 -0.634044 0.406276 0 0
0 0 4 0.438654 -1.91785 -2.74699 -1.24542 0 0
0 0 5 1.06045 2.01046 -2.90317 2.33938 0 0
0 0 6 -1.53242 -3.05623 -2.0274 1.06666 0 0
0 0 7 0.313612 -4.44779 -1.15999 2.89683 0 0
0 0 8 3.31055 -1.96012 0.946069 2.32766 0 0
0 0 9 4.39092 3.42669 0.645139 -2.55283 0 0
0 0 10 -0.00378385 0.567429 -2.02105 0.97781 0 0
0 0 11 -0.695047 -2.3582 1.71291 2.07715 0 0
0 0 12 1.90389 1.84168 0.288232 2.39234 0 0
0 0 13 -2.48426 3.31068 0.82244 -1.87075 0 0
0 0 14 1.32262 -1.32516 1.34101 2.03421 0 0
0 0 15 2.28299 1.24663 -1.49663 -0.499571 0 0
0 0 16 -0.704136 -1.25395 0.862935 1.34129 0 0
0 0 17 -0.736491 -3.43305 -1.83168 -3.02393 0 0
0 0 18 -0.792262 0.930798 2.65105 1.52035 0 0
0 0 19 2.99108 -1.68787 -0.297279 0.780212 0 0
0 0 20 0.972643 0.704947 -0.907735 3.07552 0 0
0 0 21 -2.04996 0.55964 -0.280067 0.425116 0 0
0 0 22 0.279001 0.666472 -3.45383 -2.23576 0 0
0 0 23 -2.11324 5.93363 -1.15305 0.812316 0 0
0 0 24 -2.18866 5.44845 -1.05492 -0.401662 0 0
0 0 25 -1.72478 3.55933 0.093832 -0.919753 0 0
0 0 26 3.55808 -0.571607 -0.357379 2.06998 0 0
0 0 27 2.77971 -0.498649 -0.216466 -0.895099 0 0
0 0 28 2.29458 0.935405 0.398844 -3.03277 0 0
0 0 29 4.52994 1.41542 -6.45021 0.0867831 0 0
0 0 30 2.24632 1.34631 -5.54526 1.86375 0 0
0 0 31 1.38507 -4.4088 3.64855 0.547627 0 0
0 0 32 4.35122 1.22958 -2.29294 0.123454 0 0
0 0 33 0.725915 -0.591237 -1.58549 -4.11272 0 0
0 0 34 -3.91893 -2.53755 4.70442 0.462411 0 0
0 0 35 -1.28336 1.02267 -1.15823 3.12643 0 0
0 0 36 0.498579 -4.06524 -1.5393 2.28015 0 0
0 0 37 4.32855 3.48138 -1.04746 -1.79977 0 0
0 0 38 -2.46561 -1.39933 1.20934 0.531577 0 0
0 0 39 -1.01083 -3.09802 0.140064 1.78464 0 0
0 0 40 5.15855 2.56726 2.59091 2.01273 0 0
0 0 41 0.477277 -0.243905 -1.80232 -8.60899 0 0
0 0 42 -0.956994 1.81661 -3.31116 0.580643 0 0
0 0 43 -2.08415 -0.724093 1.96711 -0.899614 0 0
0 0 44 1.3655 6.6017 0.992524 1.08072 0 0
0 0 45 1.18623 -0.688865 -2.14103 3.1059 0 0
0 0 46 -0.819981 1.68182 -0.879128 1.73793 0 0
0 0 47 2.48606 -0.0594698 6.48625 -0.297567 0 0
0 0 48 3.83901 -4.12584 -0.873469 -0.247114 0 0
0 0 49 0.0429667 2.64909 -0.720818 0.510435 0 0
0 0 50 0.370581 2.26041 -4.16553 1.82186 0 0
0 0 51 1.61438 0.770037 0.752318 0.736862 0 0
0 0 52 -2.99843 3.96903 -0.805658 4.23695 0 0
0 0 53 2.77453 1.15706 3.35779 5.01132 0 0
0 0 54 -3.69824 -1.68701 2.83676 2.0883 0 0
0 0 55 -2.2713 3.47166 -3.61217 -0.184405 0 0
0 0 56 -1.29024 1.71535 -3.11277 -0.612351 0 0
0 0 57 4.52441 0.497072 0.398933 0.0530998 0 0
0 0 58 1.17758 1.4812 -0.675015 1.94789 0 0
0 0 59 0.622941 0.665447 -1.44157 0.543355 0 0
0 0 60 -0.489615 3.55166 -1.10483 1.18481 0 0
0 0 61 -4.15704 2.66485 -2.40446 0.185195 0 0
0 0 62 2.87532 -0.0488904 0.570179 -0.132586 0 0
0 0 63 -3.3643 -0.650797 0.825646 -3.87674 0 0
0 0 64 -0.895396 -0.323546 2.54771 -0.302343 0 0
0 0 65 0.620911 -5.23067 0.320175 2.71377 0 0
0 0 66 1.3248 -0.282172 -1.19118 1.46004 0 0
0 0 67 1.3491 -2.13483 -0.930079 3.29858 0 0
0 0 68 -0.0875102 1.54352 4.91661 -2.23245 0 0
0 0 69 -0.841149 6.60804 -1.1919 6.12676 0 0
0 0 70 -3.5516 -0.626618 -1.41346 -3.22101 0 0
0 0 71 0.217299 1.26228 -2.16753 -0.590605 0 0
0 0 72 0.837594 -0.273833 3.85074 -1.42133 0 0
0 0 73 -5.67211 -3.35665 -0.776426 -2.96303 0 0
0 0 74 0.356136 0.650543 1.16057 1.78497 0 0
0 0 75 2.00001 3.75464 -2.32317 -1.37781 0 0
0 0 76 -0.979345 -0.688835 5.89707 0.53737 0 0
0 0 77 4.13961 -1.07057 0.712557 3.42516 0 0
0 0 78 2.00677 3.0265 -2.58308 3.10291 0 0
0 0 79 1.41391 3.49262 -1.57706 1.46219 0 0
0 0 80 -2.61961 0.895567 -2.06531 -1.64827 0 0
0 0 81 -0.271723 1.21542 -4.81479 1.28444 0 0
0 0 82 2.78811 1.21661 -0.079871 0.509481 0 0
0 0 83 0.941161 -0.362042 1.69096 -0.0128888 0 0
0 0 84 3.84821 0.080049 -1.30959 2.15853 0 0
0 0 85 0.29869 2.66637 -3.91501 -1.67015 0 0
0 0 86 3.36254 2.02006 -4.84418 -8.90037 0 0
0 0 87 8.06367 0.92891 -2.09369 1.77203 0 0
0 0 88 7.1696 1.53666 1.0801 4.14132 0 0
0 0 89 3.90538 -1.51763 1.37914 -1.62727 0 0
0 0 90 -1.19879 2.34279 -0.0454293 -2.13245 0 0
0 0 91 5.45473 4.92305 -2.69592 2.36149 0 0
0 0 92 -2.9361 -1.06276 -2.13635 -3.60108 0 0
0 0 93 -0.680041 1.43978 0.0886452 1.83224 0 0
0 0 94 0.870124 -1.66623 2.42256 4.50723 0 0
0 0 95 1.02409 0.147255 0.251685 0.396016 0 0
0 0 96 0.341385 -0.650534 0.233604 0.835059 0 0
0 0 97 4.26817 0.477957 -0.651768 1.2858 0 0
0 0 98 3.24176 -2.37604 -0.157407 -1.39704 0 0
0 0 99 -2.41852 1.30455 0.310446 5.16673 0 0
0 0 100 -0.173217 0.00432492 0.0392675 1.35584 0 0
0 0 101 1.9133 -3.4365 -0.449183 -2.02118 0 0
0 0 102 2.16227 2.80959 -2.24702 -2.64629 0 0
0 0 103 0.678976 -1.67118 -2.73259 -1.64132 0 0
0 0 104 -0.0805135 1.71813 0.530748 1.56002 0 0
0 0 105 2.24099 2.77593 0.941613 4.2847 0 0
0 0 106 2.94758 1.47165 -1.96954 -0.331048 0 0
0 0 107 -0.734595 -0.257627 -1.49044 1.37538 0 0
0 0 108 0.275345 -0.418461 -1.82999 -1.35207 0 0
0 0 109 -0.0626768 -0.0601456 2.93865 -2.33156 0 0
0 0 110 -1.79132 -2.62645 -0.211539 2.48643 0 0
0 0 111 -6.0468 3.59774 1.91916 3.22304 0 0
0 0 112 -3.30047 3.97803 0.283053 -0.981895 0 0
0 0 113 3.75794 0.0530505 4.41971 -3.24108 0 0
0 0 114 0.710971 -0.287275 -1.64831 1.68106 0 0
0 0 115 1.24918 -0.666074 1.33125 4.24632 0 0
0 0 116 2.27283 -3.93841 -0.459002 -0.360496 0 0
0 0 117 5.54038 -0.665376 -0.156973 -1.27893 0 0
0 0 118 3.92607 -0.286575 -4.6065 3.33953 0 0
0 0 119 -4.85392 0.890117 -1.29284 0.0226764 0 0
0 0 120 -0.413088 1.58588 1.30787 4.4748 0 0
0 0 121 4.96581 -4.0904 -4.01903 -2.81876 0 0
0 0 122 2.35333 0.637749 2.12146 -0.119267 0 0
0 0 123 1.86122 -2.37262 -2.71404 -2.63094 0 0
0 0 124 2.60617 5.21699 1.45485 -0.645242 0 0
0 0 125 0.243102 -0.600046 -0.80811 3.88168 0 0
0 0 126 -0.464608 -4.36892 0.942981 1.23276 0 0
0 0 127 0.520872 -2.82303 0.0580322 -0.933224 0 0
0 0 128 0.146335 5.29707 -1.82301 -0.170947 0 0
0 0 129 4.40726 -3.03736 2.25304 0.403931 0 0
0 0 130 -2.71513 0.0991614 -0.197211 0.954425 0 0
0 0 131 3.7479 0.915355 -2.52922 0.348237 0 0
0 0 132 2.84341 -1.89261 5.86842 0.497504 0 0
0 0 133 -1.98374 -1.62792 0.748049 4.22295 0 0
0 0 134 2.86232 4.30057 -3.36671 -6.4953 0 0
0 0 135 4.64128 -0.084403 2.06999 -4.35519 0 0
0 0 136 1.52625 -1.40925 -3.69579 -0.430132 0 0
0 0 137 -0.782829 -2.04729 -2.34542 -0.455286 0 0
0 0 138 -1.40166 2.22603 -1.07319 0.379348 0 0
0 0 139 1.7767 0.575617 -2.52633 2.8292 0 0
0 0 140 0.157773 -2.78032 4.72173 0.963232 0 0
0 0 141 0.979214 -2.54476 -2.04897 1.64046 0 0
0 0 142 -0.56441 -3.74006 2.43659 -1.37673 0 0
0 0 143 -2.27061 -0.235639 0.188839 1.85528 0 0
0 0 144 -4.45668 -4.25916 4.04888 1.78421 0 0
0 0 145 6.96017 -1.89387 0.317072 0.612366 0 0
0 0 146 -1.15891 2.27743 4.04921 0.151798 0 0
0 0 147 2.86605 -0.317816 -1.32291 2.90628 0 0
0 0 148 -3.03443 0.454412 1.26726 -1.97456 0 0
0 0 149 -2.58142 -4.14376 2.26296 -0.624064 0 0
0 0 150 0.941983 -2.77508 3.11616 1.47145 0 0
0 0 151 2.85097 -1.27684 -3.30227 1.60538 0 0
0 0 152 1.29808 -5.59159 1.69967 -0.0732858 0 0
0 0 153 1.26163 -1.42761 2.226 3.84522 0 0
0 0 154 2.68674 0.863771 -1.16903 1.59676 0 0
0 0 155 3.5071 1.40113 -0.737417 -4.00585 0 0
0 0 156 1.311 -3.24809 4.38039 2.40511 0 0
0 0 157 -5.09426 -1.12754 -3.03104 -0.101116 0 0
0 0 158 -1.40599 2.7746 4.50284 -0.669774 0 0
0 0 159 3.14758 1.82694 3.41972 2.83859 0 0
0 0 160 0.536032 -4.06923 0.75296 -5.70687 0 0
0 0 161 4.79886 4.58186 -4.00864 0.915119 0 0
0 0 162 -4.69449 6.19138 1.47278 2.49343 0 0
0 0 163 2.86594 -0.797497 2.40847 -0.608504 0 0
0 0 164 -3.25614 0.350632 3.13239 -1.82653 0 0
0 0 165 1.6899 2.22181 -2.27389 1.84645 0 0
0 0 166 -2.64612 3.44364 2.2248 2.54878 0 0
0 0 167 4.72848 -6.81371 -2.30998 -6.70869 0 0
0 0 168 -1.69023 3.45038 -3.34232 0.426694 0 0
0 0 169 -1.66951 0.808138 1.10657 3.22907 0 0
0 0 170 -0.335972 -2.89255 1.51857 2.87665 0 0
0 0 171 -1.77113 0.475614 -3.06315 0.763492 0 0
0 0 172 0.108125 0.696197 -2.89967 0.885005 0 0
0 0 173 -0.601866 -2.924 0.322752 3.04202 0 0
0 0 174 3.44685 3.62121 1.83881 -0.373677 0 0
0 0 175 2.3913 -1.6774 4.54091 -1.16028 0 0
0 0 176 0.28038 -0.871452 -2.14334 -0.922228 0 0
0 0 177 -0.25384 2.32957 2.09182 2.47434 0 0
0 0 178 0.900186 2.02099 -1.54903 1.74356 0 0
0 0 179 1.51397 0.293729 0.406544 3.68831 0 0
0 0 180 -2.08077 -3.68934 0.1684 -0.789686 0 0
0 0 181 -1.9445 -0.854577 1.67695 1.43256 0 0
0 0 182 0.531363 0.978057 0.617396 2.78495 0 0
0 0 183 -2.2792 -2.12286 -2.54612 4.50801 0 0
0 0 184 -2.13336 0.910236 1.20191 -3.27775 0 0
0 0 185 1.51622 1.11703 1.32875 -0.544274 0 0
0 0 186 -1.13208 -1.68807 -2.78234 -2.97096 0 0
0 0 187 5.80796 -1.67482 2.61226 -0.0133902 0 0
0 0 188 -3.21768 -0.551049 3.16795 4.27511 0 0
0 0 189 0.168311 -1.01813 1.47193 0.354245 0 0
0 0 190 4.32394 5.10254 -0.474538 -1.64191 0 0
0 0 191 0.718362 0.714215 0.860555 4.82251 0 0
0 0 192 -4.78049 3.31266 1.23296 0.518358 0 0
0 0 193 -5.27587 3.0124 -1.31016 -3.68077 0 0
0 0 194 1.24313 -1.00561 1.64254 -0.824105 0 0
0 0 195 -4.9584 5.97548 -1.48329 -0.391663 0 0
0 0 196 2.91097 -1.86463 0.318366 -3.47435 0 0
0 0 197 0.891303 1.95326 2.06727 -0.911618 0 0
0 0 198 -7.17029 2.01119 1.89122 1.82991 0 0
0 0 199 -0.618738 -3.36013 -4.3146 1.46682 0 0
0 0 200 0.511917 0.17674 -1.27171 -2.05365 0 0
0 0 201 -0.300595 0.0340801 1.10934 2.89375 0 0
0 0 202 1.81034 -0.813727 -0.389905 1.18466 0 0
0 0 203 0.637139 -3.6397 -0.741275 -1.134 0 0
0 0 204 -2.79999 0.900759 0.365718 2.17395 0 0
0 0 205 -1.26356 -0.366571 1.02975 -1.07512 0 0
0 0 206 2.27813 -1.02054 3.70529 1.64903 0 0
0 0 207 -0.817149 -0.812135 0.148489 -1.76475 0 0
0 0 208 -1.72973 2.93625 -3.08821 0.99355 0 0
0 0 209 -1.88577 3.4177 2.11759 2.42658 0 0
0 0 210 -1.60572 -0.330802 0.787811 -1.07247 0 0
0 0 211 -0.206042 1.8188 -0.0181889 -3.28093 0 0
0 0 212 -0.638425 3.00283 -1.7345 -0.407411 0 0
0 0 213 -5.79741 5.08883 -1.97457 1.02238 0 0
0 0 214 3.44111 2.18798 -0.944645 -1.01094 0 0
0 0 215 2.88066 0.542858 -0.970841 -0.456097 0 0
0 0 216 1.33469 0.0435203 -1.56818 -2.1931 0 0
0 0 217 -5.66592 -0.377316 1.56197 0.939623 0 0
0 0 218 -0.51263 -0.0977619 -0.383053 -1.60384 0 0
0 0 219 -2.00217 0.895109 -5.85342 -1.83387 0 0
0 0 220 -2.43012 -2.67704 -1.20892 -6.90399 0 0
0 0 221 -2.55513 -0.511804 1.33334 -3.37386 0 0
0 0 222 1.91316 -0.142706 2.16839 -3.35464 0 0
0 0 223 -2.92302 -2.76347 0.117677 1.28677 0 0
0 0 224 0.47431 -1.76789 -1.31557 -1.07231 0 0
0 0 225 -2.09935 -2.68276 -1.51793 -4.2339 0 0
0 0 226 -0.208553 2.32606 -1.47772 0.485848 0 0
0 0 227 4.65191 -0.595641 0.463902 2.70069 0 0
0 0 228 -3.07867 -2.82552 -0.782328 3.12639 0 0
0 0 229 0.274131 0.00322811 3.28728 -0.0947629 0 0
0 0 230 -0.999745 2.04598 3.59439 -1.11509 0 0
0 0 231 -3.17547 1.72372 -0.862592 4.25372 0 0
0 0 232 -1.21359 3.47341 -1.82632 3.64481 0 0
0 0 233 -2.51242 -3.4761 -0.22175 -2.46637 0 0
0 0 234 -2.89891 0.497921 2.67529 4.35773 0 0
0 0 235 -0.706212 -2.57827 -5.52679 -0.999677 0 0
0 0 236 1.6792 1.74488 0.884486 1.89828 0 0
0 0 237 3.61908 3.26631 2.67155 -1.87636 0 0
0 0 238 7.10856 2.87243 -1.46374 -4.32886 0 0
0 0 239 5.11998 0.786703 -0.0940488 1.16369 0 0
0 0 240 0.930258 -0.639502 0.250019 -1.01537 0 0
0 0 241 -1.44659 3.39716 3.4025 1.86678 0 0
0 0 242 -0.281516 -4.11755 -0.0300357 -0.695853 0 0
0 0 243 -1.50405 -0.451817 1.00558 -3.36761 0 0
0 0 244 -1.42641 1.74504 -3.56053 0.500839 0 0
0 0 245 -3.76094 -8.60443 1.09159 -0.639255 86.3849 8.21381
0 0 246 2.63752 -1.79952 0.179823 -4.5205 0 0
0 0 247 -0.5686 -0.910601 4.64286 -2.46691 0 0
0 0 248 0.18838 -1.00459 0.893986 2.24964 0 0
0 0 249 1.57288 -2.03945 -5.1285 -5.05815 0 0
0 0 250 3.08997 5.1797 0.480768 2.43185 0 0
0 0 251 1.2792 -0.0292088 -5.38088 -2.4256 0 0
0 0 252 1.61009 2.53057 -1.44919 -4.40937 0 0
0 0 253 1.27409 0.518359 -2.9425 4.10347 0 0
0 0 254 -2.17303 -1.32423 -0.21697 -1.5577 0 0
0 0 255 -6.3262 1.59235 1.94389 -2.62394 0 0
0 0 256 -1.78055 0.709657 -0.397247 2.64932 0 0
0 0 257 2.02136 -0.949352 -1.07785 -3.4634 0 0
0 0 258 -0.322153 -2.04303 -3.55941 -1.74411 0 0
0 0 259 -2.21976 2.21026 4.68801 -1.80618 0 0
0 0 260 -0.727658 1.60862 0.3744 0.809989 0 0
0 0 261 1.7017 -4.92064 2.01159 -2.66148 0 0
0 0 262 4.95064 2.18586 -4.85888 -4.72487 0 0
0 0 263 5.65017 3.80787 -2.48694 1.72816 0 0
0 0 264 0.686841 -1.25874 0.343702 -2.17109 0 0
0 0 265 -1.39683 3.06578 -0.285789 -1.90525 0 0
0 0 266 -0.683841 -2.17788 1.72119 1.42371 0 0
0 0 267 1.57095 1.62297 -3.01883 1.49363 0 0
0 0 268 -0.880559 -3.31636 2.98021 5.24677 0 0
0 0 269 -2.36525 0.777758 -0.228887 2.09986 0 0
0 0 270 3.13518 1.02023 -3.86924 2.14844 0 0
0 0 271 2.23066 -1.57143 -5.58751 -3.86057 0 0
0 0 272 3.17725 -0.753643 1.82228 -1.35355 0 0
0 0 273 0.214469 -1.30465 0.938441 10.0868 0 0
0 0 274 -1.69242 1.51334 5.01156 2.25563 0 0
0 0 275 -0.356755 0.847476 1.7287 -0.0179269 0 0
0 0 276 2.75473 -0.846385 0.0436482 -1.39442 0 0
0 0 277 -3.47128 -2.24202 -1.67014 -1.71585 0 0
0 0 278 0.254983 2.09802 -2.12893 -1.09203 0 0
0 0 279 1.60575 1.12069 -5.8419 -4.07208 0 0
0 0 280 0.715203 0.455192 0.581619 1.9078 0 0
0 0 281 2.30531 -1.94121 -1.93334 5.58948 0 0
0 0 282 -0.861011 0.570132 1.48198 0.00529683 0 0
0 0 283 -0.400392 1.61249 -1.6592 -0.735116 0 0
0 0 284 -0.928199 -2.81413 5.58921 -3.24869 0 0
0 0 285 -1.49178 -1.27821 -1.25994 -0.753158 0 0
0 0 286 0.44379 3.1851 1.04387 -0.377192 0 0
0 0 287 5.82755 -1.34889 -2.96086 -0.583835 0 0
0 0 288 -1.48778 2.14022 -2.72501 0.435618 0 0
0 0 289 1.48659 -1.15066 0.600633 -0.766173 0 0
0 0 290 -0.562143 3.51226 -0.183975 -3.40516 0 0
0 0 291 3.66927 2.42578 -1.91175 -3.43266 0 0
0 0 292 2.5436 3.25438 1.73869 -1.1031 0 0
0 0 293 2.6782 5.56667 0.844932 -1.0504 0 0
0 0 294 3.20324 2.69769 1.50727 0.147277 0 0
0 0 295 -1.92725 -0.135201 4.83688 -0.151449 0 0
0 0 296 -0.488863 -3.77366 0.958168 0.209902 0 0
0 0 297 6.51634 -0.415956 1.33242 0.80362 0 0
0 0 298 0.270908 4.72511 -1.16698 0.162988 0 0
0 0 299 -0.472322 5.519 -1.59976 -2.10573 0 0
0 0 300 0.966901 -0.743651 -1.82935 -2.26297 0 0
0 0 301 -0.249989 2.49565 -1.72119 0.465358 0 0
0 0 302 -1.45274 2.00134 -4.22903 2.41003 0 0
0 0 303 1.99873 1.29375 0.683584 1.18828 0 0
0 0 304 -1.16476 2.92491 2.5872 -3.00577 0 0
0 0 305 2.67091 -2.36733 -0.841823 -0.566199 0 0
0 0 306 0.931317 -4.20593 -4.01921 -0.524616 0 0
0 0 307 -0.428041 -5.3956 2.3255 -2.46761 0 0
0 0 308 6.07512 1.13818 2.82079 -0.740203 0 0
0 0 309 2.73447 0.417316 -1.30446 0.737398 0 0
0 0 310 3.52368 -1.07424 1.09809 0.136005 0 0
0 0 311 1.03519 2.59738 0.919874 1.84841 0 0
0 0 312 -1.27817 -2.30221 -0.863352 -1.29479 0 0
0 0 313 -0.0431935 0.391472 2.05582 4.30978 0 0
0 0 314 -3.00887 3.01408 0.449854 4.11682 0 0
0 0 315 -0.402389 1.25171 -4.06307 1.94695 0 0
0 0 316 2.49815 0.546688 0.918109 1.16716 0 0
0 0 317 -3.53536 1.52004 -2.8148 -5.02478 0 0
0 0 318 -0.691638 -2.60332 5.07248 -3.19083 0 0
0 0 319 4.36032 -0.1168 -1.77866 1.49104 0 0
0 0 320 -0.849713 -0.565384 2.74847 -3.08032 0 0
0 0 321 -0.503417 0.790868 1.15507 -4.53911 0 0
0 0 322 -1.80662 0.774347 -0.135865 -1.53544 0 0
0 0 323 -3.33516 4.54953 1.29468 -1.31538 0 0
0 0 324 1.16522 1.19506 3.79318 -2.26443 0 0
0 0 325 -5.75217 -0.811199 -0.542636 -2.88919 0 0
0 0 326 1.98324 3.69184 -1.90761 -3.7557 0 0
0 0 327 3.6265 0.930392 -1.34101 -3.26431 0 0
0 0 328 5.18136 -0.747742 7.26282 -3.68409 0 0
0 0 329 0.280378 -0.697356 -0.984123 -4.47187 0 0
0 0 330 2.2064 1.98043 -4.40775 2.96621 0 0
0 0 331 -2.08808 -6.2169 -0.215891 4.87652 0 0
0 0 332 1.33328 3.6527 3.75525 -0.0768453 0 0
0 0 333 -0.587828 4.90916 0.148817 2.54752 0 0
0 0 334 2.30644 4.85337 0.368416 -5.35521 0 0
0 0 335 4.20771 3.10448 -0.0525349 -2.68033 0 0
0 0 336 -1.24009 4.21925 2.40234 -3.48972 0 0
0 0 337 -0.239619 -2.50714 -1.79828 -2.3504 0 0
0 0 338 -0.776469 0.578178 4.00407 1.64303 0 0
0 0 339 3.98907 -1.99162 -0.349517 5.53206 0 0
0 0 340 -1.06972 1.61039 0.442156 1.33564 0 0
0 0 341 2.34447 2.86047 -3.27923 0.742769 0 0
0 0 342 -1.53395 3.08784 1.29643 4.8823 0 0
0 0 343 -1.42022 0.850481 -4.04922 5.77402 0 0
0 0 344 1.26343 -1.58909 -0.655824 -3.15413 0 0
0 0 345 9.21963 -0.378088 -0.558756 -3.48269 0 0
0 0 346 -0.394857 -2.15018 -3.12978 1.2167 0 0
0 0 347 0.47634 1.0684 -0.4298 2.43737 0 0
0 0 348 4.54375 2.41922 -2.92084 3.16126 0 0
0 0 349 -1.5775 1.19506 -1.50445 0.245831 0 0
0 0 350 2.37279 1.75019 -2.90864 -2.36445 0 0
0 0 351 0.559478 -0.344569 -0.95608 -3.47779 0 0
0 0 352 -1.31053 -1.84395 3.2999 3.19351 0 0
0 0 353 3.50216 -3.47965 2.46201 -0.995013 0 0
0 0 354 1.60293 2.97126 3.21149 -0.543874 0 0
0 0 355 1.21083 3.32402 -2.38146 -0.146673 0 0
0 0 356 2.80068 1.01564 -2.8147 0.358994 0 0
0 0 357 -0.78378 0.542209 -1.5216 -0.28225 0 0
0 0 358 1.84326 -1.26364 -0.898968 1.76688 0 0
0 0 359 7.18037 3.47536 -3.49795 -2.10422 0 0
0 0 360 2.74215 -3.95674 -0.614863 2.07779 0 0
0 0 361 0.373833 5.32449 2.17079 1.08186 0 0
0 0 362 1.0267 4.48249 0.0910754 5.27588 0 0
0 0 363 0.354205 6.17569 -0.866652 -2.93867 0 0
0 0 364 -1.64267 0.999804 -1.78933 0.549772 0 0
0 0 365 -0.486419 0.17655 -2.07754 1.85149 0 0
0 0 366 -3.43328 1.73166 -2.21141 1.04343 0 0
0 0 367 -0.930432 -0.205238 1.46786 0.349855 0 0
0 0 368 2.10839 -1.99004 0.8814 -0.8655 0 0
0 0 369 -2.34171 1.19131 -0.32484 1.18303 0 0
0 0 370 4.81807 0.735727 -0.0882153 4.11043 0 0
0 0 371 -1.52636 0.59746 1.03947 2.78056 0 0
0 0 372 2.36346 -0.327073 -0.268775 -4.41464 0 0
0 0 373 3.08261 0.281446 0.787337 0.63669 0 0
0 0 374 -0.506238 -0.928576 4.26903 4.46285 0 0
0 0 375 1.75445 -2.19082 2.47569 -2.3386 0 0
0 0 376 0.630048 2.44383 0.832784 0.21878 0 0
0 0 377 3.97688 -2.24289 2.67031 -3.0552 0 0
0 0 378 -0.955559 4.73265 -1.99841 0.684516 0 0
0 0 379 0.893609 2.08151 1.42952 -0.031088 0 0
0 0 380 3.03724 2.63479 -2.73872 -2.03853 0 0
0 0 381 -3.22797 3.88556 5.6623 0.533672 0 0
0 0 382 0.366069 -0.739933 2.1865 -4.26795 0 0
0 0 383 1.1264 2.64872 1.31115 -5.57129 0 0
0 0 384 -1.06275 1.61328 -2.95592 -3.14694 0 0
0 0 385 0.0330064 -0.212869 -0.174624 1.4186 0 0
0 0 386 -0.303392 2.90592 -1.74326 3.18302 0 0
0 0 387 3.34382 1.19709 -2.20219 4.15943 0 0
0 0 388 0.546584 1.48594 -2.23971 -1.24711 0 0
0 0 389 0.823356 3.6606 0.997254 -3.14175 0 0
0 0 390 2.64367 -1.12349 2.71917 -1.5328 0 0
0 0 391 1.84141 -1.55082 1.42538 3.59232 0 0
0 0 392 1.84597 2.70602 -2.09573 -0.959983 0 0
0 0 393 -1.29812 -0.821282 1.44647 0.602382 0 0
0 0 394 -1.20543 0.753595 1.66978 1.89517 0 0
0 0 395 0.314703 3.20872 -2.74954 -2.64462 0 0
0 0 396 0.192357 6.75666 3.4114 0.271779 0 0
0 0 397 -2.88879 -0.982991 -0.00421322 1.38817 0 0
0 0 398 -3.1229 0.958417 -1.19044 -1.16214 0 0
0 0 399 -2.30723 -1.21518 1.27526 -2.37626 0 0
0 0 400 -4.29771 0.638353 2.35995 3.9538 0 0
0 0 401 0.0735497 -2.32843 -4.82118 4.98055 0 0
0 0 402 1.73695 1.06229 -1.57216 2.61191 0 0
0 0 403 1.5486 1.05693 -0.879851 0.584685 0 0
0 0 404 2.19252 -1.16314 0.113969 1.55398 0 0
0 0 405 3.83824 0.572894 0.0620033 -0.224389 0 0
0 0 406 0.0327856 0.599833 -2.21468 -2.62908 0 0
0 0 407 -1.01566 3.45328 -0.797387 -4.62229 0 0
0 0 408 2.48438 -2.76758 1.35198 -1.56462 0 0
0 0 409 7.59391 -1.77424 -1.84546 0.894344 0 0
0 0 410 1.7709 4.72946 -4.17645 5.60784 0 0
0 0 411 -0.597985 2.5317 1.64728 -0.546758 0 0
0 0 412 1.62122 3.50322 -2.33786 2.06239 0 0
0 0 413 4.5038 0.765122 5.1982 0.225959 0 0
0 0 414 -3.39856 -0.83495 -0.418852 -0.438031 0 0
0 0 415 2.81589 0.531594 0.689936 -7.20544 0 0
0 0 416 3.43924 2.98973 -7.47399 0.997623 0 0
0 0 417 -1.39301 0.142814 0.641898 -2.341 0 0
0 0 418 3.66473 0.423156 -1.38662 6.3052 0 0
0 0 419 -1.10294 4.02483 0.908295 -1.55684 0 0
0 0 420 0.455943 3.61818 -0.988919 5.90614 0 0
0 0 421 4.42932 -0.204893 -2.65697 -3.41066 0 0
0 0 422 2.11683 -1.38346 6.33443 0.664466 0 0
0 0 423 -0.219227 -3.25701 0.460475 1.70997 0 0
0 0 424 -1.69771 1.25781 1.66362 4.38254 0 0
0 0 425 0.00605962 0.00122763 -4.12557 -1.3415 0 0
0 0 426 5.17689 1.57737 1.35264 1.76378 0 0
0 0 427 1.61381 -2.3233 2.14145 0.0433014 0 0
0 0 428 -0.0318604 1.86473 -2.88935 3.47626 0 0
0 0 429 -0.0597777 0.141129 -3.26403 0.0416473 0 0
0 0 430 6.28 1.03243 -0.928558 5.23415 0 0
0 0 431 1.29064 3.83829 0.515409 -0.561892 0 0
0 0 432 4.47787 3.04895 -2.4254 -0.597191 0 0
0 0 433 -0.911971 2.29714 -1.24194 0.238922 0 0
0 0 434 3.73677 -1.34807 1.69114 1.76147 0 0
0 0 435 -4.08456 4.03404 -6.10277 1.52893 0 0
0 0 436 -0.76475 2.89463 -0.570105 1.08651 0 0
0 0 437 0.326902 -1.2004 0.0429534 0.329139 0 0
0 0 438 -3.12682 -1.51367 1.78822 -1.86486 0 0
0 0 439 3.60279 -2.07241 -1.41862 3.4734 0 0
0 0 440 4.99042 -3.3761 2.60842 -4.49609 0 0
0 0 441 0.343218 2.40863 -4.85584 -0.223028 0 0
0 0 442 2.01203 -4.49994 0.0710173 1.6253 0 0
0 0 443 -2.01285 0.441117 2.40228 -4.33701 0 0
0 0 444 4.41734 -0.345204 1.39683 -0.422315 0 0
0 0 445 0.310557 2.35522 -3.73213 2.91203 0 0
0 0 446 0.411203 -3.29277 0.952832 5.1614 0 0
0 0 447 7.91272 -3.12226 0.110934 3.32411 0 0
0 0 448 -0.269717 -0.491129 0.14559 2.07286 0 0
0 0 449 0.670233 2.74142 0.0892729 -0.0500213 0 0
0 0 450 -0.0891757 1.59347 4.94514 -4.79707 0 0
0 0 451 -0.200541 -1.33245 3.26391 -0.627759 0 0
0 0 452 -1.53565 1.94512 -4.33669 -0.0662184 0 0
0 0 453 2.66737 -2.24477 1.1473 -0.849786 0 0
0 0 454 0.425095 -0.984631 -2.02319 -5.59019 0 0
0 0 455 4.02587 4.3701 -1.54304 -0.272148 0 0
0 0 456 3.29683 -1.45867 2.83271 -3.20572 0 0
0 0 457 -1.06711 1.14226 -2.12646 5.7496 0 0
0 0 458 -2.77832 3.01388 -2.30342 -2.13224 0 0
0 0 459 -2.50416 -2.45955 -2.43022 -1.32451 0 0
0 0 460 0.414142 -2.37433 -2.21546 5.53755 0 0
0 0 461 -0.583672 0.120768 5.6307 1.98612 0 0
0 0 462 1.00944 -5.15405 2.8394 -2.73459 0 0
0 0 463 -2.14642 5.44308 -4.32946 -0.903581 0 0
0 0 464 3.23358 2.30693 4.87923 -2.14377 0 0
0 0 465 0.103712 0.467636 1.65434 -3.26718 0 0
0 0 466 1.49879 0.064046 -2.18658 -1.17042 0 0
0 0 467 -0.345785 0.259357 -1.39482 0.706279 0 0
0 0 468 -4.48763 2.22098 -2.57939 6.81155 0 0
0 0 469 3.74243 0.883016 1.20636 -1.46347 0 0
0 0 470 0.866921 -2.70261 -1.92942 1.60114 0 0
0 0 471 -2.04543 -1.19862 0.291583 1.29343 0 0
0 0 472 0.512938 -0.183992 3.53361 5.54825 0 0
0 0 473 -5.43986 2.65736 3.84638 -1.49132 0 0
0 0 474 2.04715 6.79109 -3.65837 -3.23588 0 0
0 0 475 0.361051 5.87125 -5.62705 1.25802 0 0
0 0 476 -2.17512 -2.72576 0.172042 1.3737 0 0
0 0 477 0.282477 3.61543 0.52278 1.19379 0 0
0 0 478 -1.22475 2.03898 0.228356 2.09888 0 0
0 0 479 0.343957 2.82646 -1.82835 -3.15296 0 0
0 0 480 -3.323 3.32701 3.9888 1.55977 0 0
0 0 481 2.56632 4.3985 0.516694 1.87211 0 0
0 0 482 -2.63722 0.705658 -0.342527 -0.924312 0 0
0 0 483 2.52627 -3.175 -0.905294 -1.09749 0 0
0 0 484 -1.56336 -2.83723 0.373195 -3.93034 0 0
0 0 485 4.07671 -0.436414 -1.36737 1.43021 0 0
0 0 486 1.17442 1.77867 -1.72955 -2.28793 0 0
0 0 487 1.12063 0.0650426 -3.17347 0.771167 0 0
0 0 488 2.50827 -3.31591 -2.49091 -1.96618 0 0
0 0 489 -1.34964 -5.28387 -1.40804 -1.97872 0 0
0 0 490 -3.12901 -2.71303 -2.64102 0.763472 0 0
0 0 491 7.65264 1.93102 -1.34302 -1.14725 0 0
0 0 492 -1.40864 -2.90249 -0.133918 -5.09654 0 0
0 0 493 -4.0406 4.34028 -0.0811993 2.1998 0 0
0 0 494 -0.307603 1.82794 1.19525 -3.18638 0 0
0 0 495 1.23174 2.7718 6.57882 1.91104 0 0
0 0 496 0.941727 -2.34454 2.56726 1.61895 0 0
0 0 497 0.858882 0.400349 -2.84768 0.0552835 0 0
0 0 498 -0.94117 1.60023 0.274721 3.37212 0 0
0 0 499 4.74584 0.3559 -4.6875 1.16901 0 0
0 0 500 -3.60131 -1.28474 0.229879 -1.45957 0 0
0 0 501 3.71325 -1.21786 0.301509 1.77731 0 0
0 0 502 0.10008 1.82739 -6.30407 3.28085 0 0
0 0 503 0.207317 4.29152 3.41125 -4.90866 0 0
0 0 504 -0.52201 -1.18073 0.776251 6.65066 0 0
0 0 505 -5.51168 2.01782 -1.13706 -5.57935 0 0
0 0 506 0.0380631 1.70149 -3.02778 6.01759 0 0
0 0 507 -2.9546 0.599615 2.2864 -0.458883 0 0
0 0 508 -3.54854 -1.21486 2.88137 0.84042 0 0
0 0 509 -0.198513 4.10173 -1.3997 1.32986 0 0
0 0 510 1.69905 0.338097 2.17485 -1.84297 0 0
0 0 511 -1.76536 -1.5784 2.76775 0.907774 0 0
0 0 512 2.61271 0.452845 2.22391 -0.260124 0 0
0 0 513 -1.03117 -2.09769 2.28082 -0.30639 0 0
0 0 514 -1.70593 3.41278 -1.10888 -0.156736 0 0
0 0 515 -2.25577 -3.80803 -2.20467 0.62597 0 0
0 0 516 1.68285 4.22456 2.35852 -1.65659 0 0
0 0 517 0.470952 3.79611 1.1658 3.44359 0 0
0 0 518 5.79162 -1.40234 -1.23137 1.66276 0 0
0 0 519 -1.51152 -3.73267 4.8854 -0.529843 0 0
0 0 520 -0.77906 4.86491 -2.45887 5.08678 0 0
0 0 521 2.70416 2.28607 3.41201 -3.14002 0 0
0 0 522 -2.5925 -0.647261 -1.97418 0.849234 0 0
0 0 523 -2.83354 -2.60483 5.46062 1.14575 0 0
0 0 524 1.78563 -0.841538 0.566444 -1.40682 0 0
0 0 525 -0.490265 -1.63438 3.0824 1.04442 0 0
0 0 526 -1.07242 -2.15038 3.08731 1.07276 0 0
0 0 527 2.22882 -0.178808 4.48079 -1.90604 0 0
0 0 528 5.72642 0.349514 -0.355801 -2.404 0 0
0 0 529 -0.450728 2.50873 -0.197 3.06853 0 0
0 0 530 2.25677 0.469942 -1.38969 2.941 0 0
0 0 531 -1.18463 -2.20849 0.936032 2.15869 0 0
0 0 532 2.3204 3.41665 1.10512 1.51609 0 0
0 0 533 -1.26494 -2.02855 1.9254 0.821244 0 0
0 0 534 2.83743 2.75222 2.36478 3.71266 0 0
0 0 535 2.19432 -2.5879 -4.34227 0.671937 0 0
0 0 536 -2.61065 6.32902 -2.21865 -4.82212 0 0
0 0 537 -3.65441 -3.46622 3.36104 4.22632 0 0
0 0 538 5.17297 1.41056 -2.47286 -1.47527 0 0
0 0 539 -1.43409 2.27548 -2.5677 -0.0167033 0 0
0 0 540 -0.832991 -4.29821 1.48268 -3.51097 0 0
0 0 541 7.56959 -0.976863 1.56598 -0.977908 0 0
0 0 542 -0.697516 0.17716 1.63791 -4.04966 0 0
0 0 543 0.892561 3.44078 -1.74759 2.43521 0 0
0 0 544 4.8479 0.427454 -0.505848 0.593712 0 0
0 0 545 -1.79383 1.33143 4.34421 1.04949 0 0
0 0 546 3.29344 2.77671 -0.00461862 1.1764 0 0
0 0 547 1.13526 3.55159 1.32454 -4.72581 0 0
0 0 548 1.15687 0.985323 -0.204661 -2.81058 0 0
0 0 549 1.41874 -2.87629 1.83092 4.55479 0 0
0 0 550 2.58211 -1.35811 -1.2364 -0.765899 0 0
0 0 551 0.421191 0.665635 -4.61067 -2.53622 0 0
0 0 552 4.62478 1.32596 -1.30387 1.92034 0 0
0 0 553 3.08889 -1.54469 -1.83242 -0.805846 0 0
0 0 554 -1.17681 -0.195662 -0.247012 2.17842 0 0
0 0 555 0.0558248 -4.19524 2.52544 3.7852 0 0
0 0 556 -0.433104 0.87113 -1.37046 7.19688 0 0
0 0 557 4.26104 -2.84015 3.09005 -1.20534 0 0
0 0 558 3.40286 -3.58678 2.43184 2.40063 0 0
0 0 559 0.173446 3.49972 6.36586 -0.439686 0 0
0 0 560 0.711597 0.402918 -3.59675 2.32536 0 0
0 0 561 -1.48323 -4.57787 -0.355339 -1.5028 0 0
0 0 562 0.0310011 1.51674 1.674 -1.2524 0 0
0 0 563 4.91464 -1.09741 0.198238 -4.94422 0 0
0 0 564 -0.415836 -0.599415 1.26498 -3.7938 0 0
0 0 565 2.83916 2.12112 2.78287 2.16482 0 0
0 0 566 -1.90716 -4.15852 -1.44778 -0.366556 0 0
0 0 567 -1.05462 -2.79771 3.20639 0.237923 0 0
0 0 568 0.346404 -2.46661 -3.69136 -2.91587 0 0
0 0 569 -1.60143 2.4308 -1.70085 2.16894 0 0
0 0 570 3.61491 -4.12407 -1.87071 1.17473 0 0
0 0 571 2.67018 0.323693 3.29699 2.03195 0 0
0 0 572 0.563688 -1.61897 -1.64231 3.71711 0 0
0 0 573 3.76169 1.28739 1.48811 1.7435 0 0
0 0 574 0.394529 3.75751 -0.0221686 -1.24208 0 0
0 0 575 0.742816 -2.01655 -3.51039 -2.38418 0 0
0 0 576 -4.39199 -4.41178 -1.91959 -0.5916 0 0
0 0 577 3.13724 -1.38339 -1.61078 5.0773 0 0
0 0 578 1.34166 3.63011 1.77156 -0.343875 0 0
0 0 579 4.37138 -1.13617 1.02531 4.77337 0 0
0 0 580 6.56865 -4.14986 -1.87442 -0.871619 0 0
0 0 581 -0.801737 0.834959 3.38465 2.16493 0 0
0 0 582 -1.4805 -0.136689 0.280849 1.9594 0 0
0 0 583 -2.14687 0.0236359 -2.84216 -0.691816 0 0
0 0 584 0.936033 0.929043 -0.653955 -2.59053 0 0
0 0 585 4.41526 -4.43665 0.166136 2.33616 0 0
0 0 586 0.166046 0.921798 2.27592 2.11313 0 0
0 0 587 3.07434 -0.834213 -1.17632 -1.63877 0 0
0 0 588 2.34218 0.0109131 -3.35771 -1.6717 0 0
0 0 589 0.261313 5.98131 0.247147 -5.27533 0 0
0 0 590 -1.47969 -2.15753 0.257489 0.696387 0 0
0 0 591 0.99175 0.805419 -1.13861 -0.660269 0 0
0 0 592 -0.225368 -0.658309 0.354267 -2.21299 0 0
0 0 593 -0.0234217 1.01232 1.31498 6.65018 0 0
0 0 594 -0.358275 -1.20376 -0.968014 0.708492 0 0
0 0 595 2.04909 1.74712 -1.88081 0.121712 0 0
0 0 596 3.53803 2.44748 -2.6937 2.9482 0 0
0 0 597 -0.613615 5.41584 -3.83789 -1.78329 0 0
0 0 598 -0.942944 0.915616 -2.32559 -0.54982 0 0
0 0 599 -0.690926 0.370207 0.1818 0.529961 0 0
0 0 600 1.99423 -0.79094 1.09907 4.71071 0 0
0 0 601 0.650581 6.60218 -2.89196 3.96229 0 0
0 0 602 4.28338 -0.196618 -0.165872 1.1394 0 0
0 0 603 -0.808499 2.13129 -0.791832 -2.09384 0 0
0 0 604 0.0941571 -2.32919 4.69433 -2.42087 0 0
0 0 605 1.48037 1.1532 -3.58028 -3.08178 0 0
0 0 606 -3.04719 1.44027 -0.86866 -1.04427 0 0
0 0 607 -0.838206 -1.59787 0.825292 2.09895 0 0
0 0 608 2.43613 -3.33097 3.45524 1.28229 0 0
0 0 609 -1.71712 1.79801 -0.474174 1.40203 0 0
0 0 610 0.682275 1.78361 -1.33711 0.687494 0 0
0 0 611 -1.43581 3.02662 -2.31521 2.62283 0 0
0 0 612 -1.81909 1.11085 -3.7034 -4.30708 0 0
0 0 613 -1.32742 0.438621 0.00440439 -3.8579 0 0
0 0 614 -3.60632 -1.59537 -5.58869 -2.60685 0 0
0 0 615 1.96354 -1.73961 -1.81638 2.43595 0 0
0 0 616 -3.34563 -0.620363 -0.679361 -1.29166 0 0
0 0 617 3.79671 -1.07905 2.53206 -2.32195 0 0
0 0 618 -0.31079 5.17969 -1.44389 3.73542 0 0
0 0 619 0.275353 -2.03172 1.72711 -0.638212 0 0
0 0 620 2.88309 3.89663 -5.05149 1.31169 0 0
0 0 621 0.421211 0.2127 -2.76438 -5.32318 0 0
0 0 622 1.23236 3.46323 -0.69939 3.44793 0 0
0 0 623 0.14939 0.815793 -4.05105 4.1685 0 0
0 0 624 1.25314 -3.10758 -1.9143 0.981626 0 0
0 0 625 1.23677 3.77261 -5.70766 0.386797 0 0
0 0 626 -0.700008 4.21784 1.95696 3.55175 0 0
0 0 627 4.20077 -1.41863 0.454072 6.21926 0 0
0 0 628 1.55812 -0.794151 -5.15443 0.0878215 0 0
0 0 629 -1.69628 -0.817587 -5.05711 3.95359 0 0
0 0 630 0.748091 -1.04429 -0.860989 1.39532 0 0
0 0 631 2.86031 1.34718 -0.642985 -1.46642 0 0
0 0 632 -0.558324 0.378132 -2.6478 0.656407 0 0
0 0 633 0.894733 7.33164 -0.649945 -2.56401 0 0
0 0 634 1.82253 0.243311 -0.216026 -0.260151 0 0
0 0 635 1.79016 -1.996 0.178093 2.13568 0 0
0 0 636 0.0925215 -0.941598 -1.24027 0.677005 0 0
0 0 637 3.72484 0.561081 -3.60287 2.66645 0 0
0 0 638 0.93466 2.79326 -4.68946 2.62047 0 0
0 0 639 1.57981 1.23329 -2.26354 -2.17909 0 0
0 0 640 9.25732 0.138203 -0.893906 -1.1724 0 0
0 0 641 5.46992 -1.1756 0.907832 5.59355 0 0
0 0 642 0.267072 3.25519 2.37531 4.58704 0 0
0 0 643 -1.32362 1.56326 -4.58498 -0.231769 0 0
0 0 644 2.58039 1.18447 1.2536 -2.39657 0 0
0 0 645 2.59137 -3.61637 -6.91954 -1.02995 0 0
0 0 646 6.74334 7.07628 -4.6245 1.7546 -16.5827 8.44385
0 0 647 6.62302 2.00002 -4.56855 2.84079 0 0
0 0 648 5.42904 2.47938 2.53699 1.01291 0 0
0 0 649 2.48383 1.61118 0.515337 0.852068 0 0
0 0 650 5.71 -0.955551 -5.20089 -5.46063 0 0
0 0 651 1.85969 3.12486 -5.35759 -6.009 0 0
0 0 652 4.08693 3.34163 -2.88045 0.929648 0 0
0 0 653 6.73876 5.43694 -5.91792 2.42883 0 0
0 0 654 9.63596 1.71418 -5.42598 -1.41272 0 0
0 0 655 3.46704 4.35034 -7.03649 1.73416 -29.1367 8.65308
0 0 656 3.61183 1.44752 -5.95347 5.67939 0 0
0 0 657 5.38188 6.21891 -0.677696 3.64222 0 0
0 0 658 3.78846 1.76788 -4.17167 -1.73404 0 0
0 0 659 13.894 7.06225 -5.36623 -5.76067 -18.6146 8.05116
0 0 660 13.6418 1.85669 -10.9366 0.689727 -40.1824 6.46388
0 0 661 11.838 0.568245 -6.23276 2.13531 0 0
0 0 662 10.7576 7.12726 -10.7332 -1.80457 -28.2071 5.55494
0 0 663 10.7912 7.15755 -9.96475 4.06806 -27.1554 5.83209
0 0 664 13.9818 9.98398 -11.6183 -0.444254 -24.6633 4.66829
0 0 665 17.2209 9.39956 -13.8 -0.33449 -27.8701 4.28608
0 0 666 19.3102 10.2309 -17.6752 5.60928 -29.9683 3.50576
0 0 667 26.0502 8.69304 -20.0665 2.49107 -33.2886 3.27601
0 0 668 27.7316 6.84637 -26.4204 -2.05684 -37.7362 2.62659
0 0 669 30.768 5.41627 -29.771 1.65235 -39.8444 2.36957
0 0 670 28.7884 13.2437 -31.5801 0.962457 -33.6242 2.09217
0 0 671 29.0475 11.3669 -30.8666 -0.991788 -34.8917 2.17858
0 0 672 40.2605 15.1593 -32.3173 -0.523536 -32.4349 2.00669
0 0 673 43.2281 14.9864 -40.1117 -1.78947 -34.7568 1.67349
0 0 674 44.1471 13.7849 -37.5595 -4.40542 -34.923 1.7911
0 0 675 45.7264 17.5689 -46.4073 1.05389 -34.6322 1.44408
0 0 676 53.8064 15.7787 -45.7973 -2.16725 -35.4948 1.47952
0 0 677 46.9468 16.2492 -49.1429 0.681414 -35.8517 1.38467
0 0 678 53.1169 13.8687 -52.3118 -2.58068 -37.5758 1.3246
0 0 679 60.5678 20.3106 -46.8889 -2.64563 -33.2897 1.40202
0 0 680 62.7581 19.9363 -54.9111 -1.61854 -35.0229 1.2267
0 0 681 54.986 17.7043 -52.3168 1.20924 -35.6519 1.29761
0 0 682 58.1087 16.8904 -56.0696 2.36886 -36.6178 1.22404
0 0 683 56.1934 11.4774 -46.3051 -1.88045 -38.0395 1.50274
0 0 684 55.3568 18.4553 -48.0992 -0.612235 -34.5043 1.39088
0 0 685 51.5696 18.0307 -46.7083 -1.00087 -34.446 1.43117
0 0 686 47.9494 13.2908 -49.0266 -1.10685 -37.416 1.41123
0 0 687 48.6104 17.1209 -44.9165 1.07136 -34.5673 1.49071
0 0 688 51.2952 12.9845 -42.7059 -1.08496 -36.5442 1.60581
0 0 689 48.0887 13.2859 -44.6005 -4.3734 -36.7059 1.54024
0 0 690 46.9276 13.5218 -43.4118 -1.72653 -36.3497 1.57636
0 0 691 48.6676 11.7445 -37.0982 2.02216 -36.2167 1.84191
0 0 692 47.6043 11.3273 -44.4356 0.791607 -37.8495 1.56332
0 0 693 40.3594 13.6213 -43.294 0.510746 -36.2676 1.57921
0 0 694 47.778 11.4194 -33.1922 -1.33636 -35.5074 2.04169
0 0 695 42.4351 12.789 -37.7573 -0.0187416 -35.644 1.7978
0 0 696 43.2507 15.1886 -40.7784 -2.87965 -34.7857 1.64676
0 0 697 40.002 5.3315 -40.8506 6.43143 -41.2821 1.74065
0 0 698 40.0496 7.01177 -36.6145 0.591231 -39.5795 1.92331
0 0 699 44.1973 8.01093 -36.2627 -0.491336 -38.7713 1.93056
0 0 700 38.193 6.07699 -36.9876 -0.756153 -40.3349 1.91298
0 0 701 39.407 9.06976 -40.5498 -5.06284 -38.6961 1.72544
0 0 702 40.2039 11.9078 -33.9665 -3.78506 -35.3403 1.99107
0 0 703 41.5808 9.77857 -41.3702 0.26091 -38.3506 1.68648
0 0 704 41.1344 12.0504 -32.0113 -1.01044 -34.6858 2.095
0 0 705 39.1043 14.4894 -41.6304 -3.42333 -35.4048 1.62582
0 0 706 42.8138 10.8747 -37.3686 1.37324 -36.8872 1.84179
0 0 707 42.5044 10.9599 -35.7132 -2.47031 -36.4698 1.91868
0 0 708 42.9904 13.9012 -36.0302 0.884336 -34.4512 1.85545
0 0 709 47.9091 11.9657 -47.1489 -4.40924 -37.8799 1.47376
0 0 710 55.4378 7.40083 -46.0201 0.569037 -40.432 1.53838
0 0 711 54.6553 8.18726 -47.8422 2.50257 -40.1445 1.47729
0 0 712 57.1563 12.0272 -48.9731 -0.492958 -38.101 1.42163
0 0 713 62.5698 11.7735 -55.5198 -2.16326 -39.0136 1.26329
0 0 714 70.1664 15.1585 -57.7111 -4.46224 -37.6415 1.20141
0 0 715 67.7959 10.9495 -63.5092 -2.57249 -40.1089 1.11262
0 0 716 74.0498 16.4169 -60.7617 -2.60204 -37.4403 1.13894
0 0 717 77.2403 15.6471 -67.6934 -2.37277 -38.4924 1.03188
0 0 718 75.1681 9.85218 -71.6982 -1.78684 -41.0879 0.990839
0 0 719 80.9631 10.8976 -68.498 0.530769 -40.4802 1.03383
0 0 720 87.1046 9.63385 -78.7269 0.772684 -41.5117 0.904136
0 0 721 96.856 8.30953 -79.2358 -1.92821 -42.0066 0.900117
0 0 722 94.1783 14.3718 -81.6439 -2.63917 -40.0083 0.864947
0 0 723 107.675 16.3617 -88.9393 -3.93563 -39.7881 0.792886
0 0 724 113.203 16.5096 -87.5858 0.276858 -39.6626 0.804474
0 0 725 120.506 15.274 -99.8909 -2.02448 -40.6532 0.709605
0 0 726 127.48 21.1632 -107.029 -6.36336 -39.4075 0.657188
0 0 727 133.29 12.7082 -109.41 -4.50988 -41.6873 0.65106
0 0 728 140.297 17.9224 -118.549 -5.0354 -40.7015 0.598079
0 0 729 144.111 17.5995 -122.581 -6.44193 -40.9148 0.579047
0 0 730 145.974 12.7263 -124.18 -10.0528 -42.0743 0.574483
0 0 731 147.214 13.252 -122.876 -5.2491 -41.9223 0.580251
0 0 732 156.466 14.1882 -120.924 -2.00233 -41.654 0.588988
0 0 733 162.311 11.6786 -122.455 -7.26302 -42.2761 0.582988
0 0 734 169.095 11.427 -119.297 -4.22762 -42.2643 0.598396
0 0 735 173.348 8.0744 -130.223 -3.25851 -43.226 0.54966
0 0 736 179.153 6.91763 -129.432 -1.52487 -43.4703 0.553295
0 0 737 189.39 7.31059 -133.903 -0.771997 -43.4375 0.534788
0 0 738 201.652 7.56796 -137.123 -3.06331 -43.4205 0.522213
0 0 739 209.004 9.20692 -141.328 -6.90816 -43.1363 0.50637
0 0 740 221.324 4.15263 -141.112 -11.0203 -44.1572 0.50801
0 0 741 229.354 6.78549 -134.548 -9.23945 -43.5565 0.532343
0 0 742 240.423 -1.78361 -137.54 -7.98768 -45.3715 0.521388
0 0 743 259.687 0.248703 -138.827 -7.51069 -44.9487 0.5166
0 0 744 277.861 -0.425278 -134.536 -4.14189 -45.0906 0.533072
0 0 745 311.424 -1.0284 -136.265 -7.2233 -45.2162 0.526296
0 0 746 335.286 -0.286957 -135.047 -7.90225 -45.0609 0.531056
0 0 747 366.126 -7.31271 -124.438 -5.93183 -46.6816 0.575328
0 0 748 391.295 -5.79376 -104.482 -7.63635 -46.587 0.685347
0 0 749 413.017 -4.92378 -67.9273 -2.55347 -47.0729 1.053
0 0 750 436.74 -3.93994 -36.6106 -2.74228 -48.0712 1.94754
0 0 751 459.629 -0.994095 -6.8496 -2.40687 0 0
0 0 752 492.814 -1.69635 25.415 4.09072 46.9093 2.81552
0 0 753 523.229 4.44861 63.3482 5.28402 42.9915 1.1293
0 0 754 555.83 6.71884 91.7553 5.78788 42.906 0.779506
0 0 755 595.008 10.9661 121.232 9.52058 42.4157 0.589137
0 0 756 640.437 15.6023 159.831 14.3696 42.2123 0.446559
0 0 757 678.991 23.5521 189.244 12.0976 41.4529 0.376031
0 0 758 724.516 33.2174 228.885 20.5658 40.8712 0.310044
0 0 759 755.397 39.8319 249.263 21.1522 40.4605 0.284068
0 0 760 790.144 46.8791 278.125 20.9334 40.2162 0.254228
0 0 761 809.948 51.8871 293.689 22.7268 39.9904 0.240424
0 0 762 822.548 57.8217 295.298 24.1702 39.4606 0.238281
0 0 763 827.26 61.5446 297.765 22.0198 39.161 0.235803
0 0 764 832.042 58.0071 281.497 26.7826 39.1781 0.249462
0 0 765 811.645 57.8165 267.998 17.034 38.9129 0.26151
0 0 766 799.852 60.5804 246.674 13.6342 38.1009 0.282242
0 0 767 775.62 54.7184 226.742 13.8534 38.2163 0.307357
0 0 768 748.859 50.8868 201.666 13.4088 37.919 0.34468
0 0 769 720.494 46.158 175.191 10.6176 37.6198 0.395688
0 0 770 689.901 44.7909 148.56 13.0002 36.6109 0.461944
0 0 771 659.992 32.3398 123.321 7.22649 37.6528 0.562289
0 0 772 636.179 31.3725 104.323 4.49005 36.6314 0.657967
0 0 773 604.609 23.8958 86.1961 -0.980799 37.2526 0.801406
0 0 774 577.377 22.7382 63.3716 0.0207733 35.1308 1.06439
0 0 775 557.485 13.5146 54.5993 2.09887 38.0487 1.27456
0 0 776 531.521 8.96924 34.8952 -1.63802 37.7925 1.98971
0 0 777 509.355 7.04643 22.7201 1.24507 36.3846 3.01314
0 0 778 495.116 1.28513 8.92444 -7.28549 40.9028 7.95299
0 0 779 473.89 -1.55893 4.0566 4.42147 0 0
0 0 780 452.944 -1.85184 -3.21018 -2.27955 0 0
0 0 781 440.968 -6.77921 -11.5037 -3.92102 -60.2555 5.36174
0 0 782 431.512 -10.0836 -13.9103 -0.79858 -62.9692 4.16466
0 0 783 406.759 -9.25012 -23.9319 -0.298358 -55.5662 2.79277
0 0 784 400.044 -12.6225 -21.8214 -7.76708 -60.0235 2.84011
0 0 785 384.823 -9.20305 -27.8614 -6.46466 -54.1396 2.44259
0 0 786 380.573 -12.8564 -29.6683 -7.91166 -56.7145 2.21566
0 0 787 374.098 -16.2523 -32.9229 -6.69423 -58.1366 1.95075
0 0 788 358.178 -21.0706 -40.3846 -13.4296 -58.7766 1.57219
0 0 789 354.852 -21.684 -35.466 -13.435 -60.7208 1.72209
0 0 790 340.691 -20.4384 -31.9622 -19.1746 -61.2985 1.88669
0 0 791 327.583 -22.3031 -35.7263 -14.7071 -60.9878 1.69963
0 0 792 324.379 -17.425 -38.6242 -19.5853 -57.1411 1.69062
0 0 793 311.867 -22.278 -40.9496 -18.0842 -59.2739 1.53607
0 0 794 301.997 -24.0081 -33.8557 -17.7573 -62.6708 1.72408
0 0 795 292.455 -21.5283 -32.7157 -27.5424 -61.6733 1.82752
0 0 796 283.885 -20.2125 -33.4388 -28.7603 -60.5757 1.83218
0 0 797 271.058 -29.6123 -32.6565 -25.3063 -66.1006 1.62193
0 0 798 256.466 -25.1723 -31.3619 -26.86 -64.376 1.77867
0 0 799 248.876 -26.4144 -32.8405 -25.5848 -64.4053 1.69718
0 0 800 241.456 -22.2155 -33.7819 -30.107 -61.6648 1.77019
0 0 801 229.687 -32.0766 -25.3647 -24.1354 -70.8324 1.7465
0 0 802 216.988 -30.3955 -34.0303 -23.822 -65.8855 1.56708
0 0 803 210.407 -29.9841 -28.6993 -26.8044 -68.1271 1.72184
0 0 804 204.202 -31.4345 -28.6197 -19.481 -68.8418 1.68081
0 0 805 188.93 -33.1068 -32.5858 -26.7788 -67.7272 1.53859
0 0 806 186.176 -30.8244 -24.0219 -24.606 -71.0351 1.82749
0 0 807 176.65 -23.9451 -25.168 -26.68 -66.7868 2.05787
0 0 808 165.336 -32.9029 -26.6604 -21.0162 -70.4915 1.68663
0 0 809 161.781 -29.6968 -15.975 -27.0836 -75.8613 2.11568
0 0 810 154.86 -33.3675 -17.9272 -23.8415 -75.8762 1.88347
0 0 811 142.246 -26.4154 -22.0231 -19.129 -70.0906 2.07703
0 0 812 141.17 -31.3616 -20.6073 -20.8617 -73.3458 1.90215
0 0 813 135.376 -28.5353 -19.579 -28.1094 -72.7724 2.06289
0 0 814 127.049 -31.2222 -22.4475 -20.0138 -72.1427 1.85674
0 0 815 122.633 -30.5399 -15.7839 -17.335 -76.3344 2.07508
0 0 816 111.894 -31.8141 -17.6759 -15.8441 -75.4717 1.96041
0 0 817 111.982 -28.4451 -20.1044 -10.8591 -72.3741 2.04967
0 0 818 103.339 -29.1675 -20.6669 -15.3221 -72.3401 1.99725
0 0 819 102.113 -33.4352 -19.134 -14.3207 -75.1093 1.85223
0 0 820 91.5321 -25.2236 -10.7273 -10.7464 -78.4803 2.60155
0 0 821 92.8998 -27.1519 -21.6442 -9.64672 -70.72 2.05691
0 0 822 87.1506 -26.5379 -14.2013 -11.6845 -75.9237 2.37026
0 0 823 83.0823 -26.1992 -14.8472 -13.295 -75.2298 2.36941
0 0 824 78.9127 -28.8237 -14.3109 -11.0816 -76.7979 2.21653
0 0 825 75.807 -30.8067 -13.9486 -7.66548 -77.82 2.10887
0 0 826 74.4403 -21.7512 -11.618 -9.87117 -75.9459 2.89307
0 0 827 67.007 -22.5811 -10.9788 -11.763 -77.0356 2.84073
0 0 828 69.1505 -19.9253 -10.9433 -8.21604 -75.6119 3.1385
0 0 829 66.47 -21.463 -14.2933 -6.57357 -73.1692 2.7682
0 0 830 62.5498 -16.9814 -10.3974 -10.7663 -74.2608 3.58415
0 0 831 53.5424 -21.0229 -14.2465 -4.20254 -72.9379 2.81101
0 0 832 53.991 -18.6936 -9.65853 -6.16277 -76.3379 3.39028
0 0 833 53.4745 -18.2406 -9.03983 -7.40864 -76.8187 3.50381
0 0 834 52.7413 -17.2305 -10.8322 -5.11992 -73.922 3.50675
0 0 835 53.0368 -17.5265 -5.5003 -4.87498 -81.2883 3.88025
0 0 836 50.1955 -15.4419 -16.6847 -9.49833 -66.3924 3.14486
0 0 837 40.226 -9.43719 -8.02142 -3.60206 -69.8181 5.76776
0 0 838 43.1696 -12.4046 -8.36758 -3.33262 -72.9991 4.77083
0 0 839 35.7776 -7.57954 -11.2498 -2.26751 -61.985 5.2759
0 0 840 35.3924 -10.0458 -4.32104 -4.30571 -78.3629 6.5208
0 0 841 39.9156 -12.0162 -6.776 -3.2883 -75.2906 5.17221
0 0 842 36.5348 -5.8467 -7.07824 -2.12738 -64.7785 7.79047
0 0 843 35.6869 -10.2258 -1.18552 -2.33559 -86.6935 6.92036
0 0 844 32.1822 -8.78117 -6.92148 -5.13966 -70.8771 6.38757
0 0 845 35.3614 -6.98479 -0.724828 -4.91611 0 0
0 0 846 28.7233 -4.1659 0.825491 -5.34621 0 0
0 0 847 25.2231 -3.4334 -6.41282 -2.66593 0 0
0 0 848 29.3755 -5.71532 -1.06959 -7.53305 0 0
0 0 849 25.1796 -8.04171 -3.64644 -6.16468 -77.8043 8.07681
0 0 850 24.1186 -6.70347 -3.36669 0.192737 0 0
0 0 851 22.3232 -2.35885 0.889516 -2.9272 0 0
0 0 852 25.1979 2.89811 0.260355 3.18017 0 0
0 0 853 13.7747 -0.539049 3.108 -3.49402 0 0
0 0 854 21.3881 -3.88516 2.75828 -3.63398 0 0
0 0 855 17.347 -2.21759 3.36897 -2.0648 0 0
0 0 856 19.6939 -2.29623 -4.22541 0.572173 0 0
0 0 857 21.7172 -2.80077 2.12527 -5.25797 0 0
0 0 858 18.6451 -1.43248 -0.516282 -0.453543 0 0
0 0 859 18.7708 -1.75617 6.53137 0.140595 0 0
0 0 860 19.4452 -4.88966 1.31654 3.93676 0 0
0 0 861 7.82419 -1.62398 2.63521 -0.287493 0 0
0 0 862 21.0642 -0.210547 3.81671 1.49381 0 0
0 0 863 12.8127 -2.04138 2.10892 -1.04935 0 0
0 0 864 14.8437 1.36622 7.85378 -2.75829 0 0
0 0 865 16.6981 -1.25929 4.61991 0.919346 0 0
0 0 866 13.5733 -1.57581 5.85536 2.01337 0 0
0 0 867 13.9939 -0.438803 0.653361 0.447702 0 0
0 0 868 14.8355 1.10414 4.50701 -1.77114 0 0
0 0 869 14.4981 -2.39603 8.97693 -1.31175 52.4722 7.71546
0 0 870 16.8668 -2.945 9.67056 -3.30162 53.4686 7.09038
0 0 871 14.5476 -5.12943 10.0773 -1.52737 58.4883 6.33364
0 0 872 14.6498 -3.12643 10.3331 3.48243 53.417 6.63943
0 0 873 19.1461 -4.6962 9.60693 -3.90526 58.0255 6.69808
0 0 874 15.8729 -5.01826 7.1465 -0.231706 62.5382 8.19456
0 0 875 19.9552 1.56489 11.4331 -0.217004 41.1031 6.2141
0 0 876 18.2798 -0.595425 7.79771 -0.206023 0 0
0 0 877 17.8559 -2.05294 14.1628 -0.151915 49.1239 5.01075
0 0 878 16.9916 -0.907905 9.82412 -1.99981 47.64 7.2688
0 0 879 19.0474 -3.34103 18.8942 -1.7723 50.0139 3.73701
0 0 880 13.4974 -3.33062 11.8245 -0.736318 52.8655 5.83515
0 0 881 17.7974 -4.69328 10.5652 1.91832 56.9759 6.19669
0 0 882 22.1028 -7.55189 16.2814 1.06193 57.4417 3.9912
0 0 883 20.2178 -3.18392 7.99873 -0.794348 55.8526 8.32279
0 0 884 14.6206 -6.04237 14.0412 1.30623 56.6419 4.68677
0 0 885 18.1396 -5.80419 19.4187 -1.68591 53.3206 3.5366
0 0 886 21.9803 -5.26615 10.894 0.82992 57.8995 5.91949
0 0 887 23.6421 -5.75451 11.9898 0.545156 57.8193 5.38584
0 0 888 28.1089 -5.73872 15.528 -4.44578 55.1415 4.32873
0 0 889 18.8915 -7.04743 16.1334 -4.73838 56.7984 4.06922
0 0 890 16.3752 -9.41063 15.912 -2.13746 60.3004 3.8727
0 0 891 21.3607 -8.29167 15.4919 0.21244 59.0784 4.07542
0 0 892 19.2628 -7.76743 13.5168 -1.74969 59.9419 4.59266
0 0 893 16.9809 -9.86906 17.1336 -1.43453 59.9711 3.62104
0 0 894 14.7122 -11.0283 12.5055 1.04065 65.7042 4.2886
0 0 895 19.3345 -8.22155 12.7482 -2.02503 61.4093 4.71844
0 0 896 21.6988 -13.7749 8.91179 -0.722713 73.5494 4.35058
0 0 897 17.0241 -6.65201 12.0621 0.649298 59.438 5.19832
0 0 898 12.2157 -11.9948 16.8101 1.0723 62.7548 3.465
0 0 899 21.0878 -10.741 15.3241 -1.86853 62.5137 3.8239
0 0 900 19.1785 -11.6018 8.7854 3.97519 71.4327 4.90699
0 0 901 16.7027 -5.99558 12.4737 -2.97419 57.8358 5.17546
0 0 902 20.8951 -8.94735 15.6092 -4.82936 59.9109 3.97953
0 0 903 15.0315 -6.77252 11.3805 0.402646 60.3784 5.40591
0 0 904 15.6821 -7.66063 5.68081 1.35283 71.7205 7.48716
0 0 905 9.5315 -7.99635 11.3959 -0.134289 62.5284 5.14014
0 0 906 20.5223 -7.89919 12.8501 -3.39546 60.7899 4.74583
0 0 907 18.7027 -4.81 10.9374 -2.33529 56.8693 5.99578
0 0 908 13.5474 -7.31208 0.334942 -3.71316 0 0
0 0 909 11.5837 -4.47924 8.37527 -2.43254 59.0693 7.53968
0 0 910 8.96576 -7.98461 12.737 1.89843 61.0414 4.76169
0 0 911 6.77492 -3.03841 8.76717 -1.16159 54.5573 7.72369
0 0 912 8.07851 -6.13504 4.39921 -3.07505 0 0
0 0 913 10.116 -1.92113 3.50886 5.01375 0 0
0 0 914 7.17626 -3.85935 -0.541198 0.432433 0 0
0 0 915 2.65274 -7.17469 6.51006 0.46585 68.8903 7.37541
0 0 916 6.0053 -5.4889 7.46681 -2.90354 63.1599 7.7206
0 0 917 10.1059 -4.01748 5.5916 -1.90719 0 0
0 0 918 9.51429 -5.20522 6.55047 -0.819989 64.2359 8.5494
0 0 919 8.01301 -9.61808 8.12485 0.957541 69.9053 5.67379
0 0 920 13.1023 -9.28237 2.45496 0.386525 82.5929 7.42233
0 0 921 6.65285 -1.33614 4.93136 4.97427 0 0
0 0 922 5.0004 -3.08408 3.70337 -0.695652 0 0
0 0 923 7.10904 -4.35978 8.1125 -0.621667 59.1271 7.77539
0 0 924 8.4484 -1.69621 3.30733 -1.89492 0 0
0 0 925 11.3828 -5.64686 1.4201 -3.80054 0 0
0 0 926 8.54445 -6.88075 3.29987 -0.881536 0 0
0 0 927 2.58647 -2.38858 4.20691 1.96628 0 0
0 0 928 5.75392 -3.14772 0.928535 1.769 0 0
0 0 929 7.66781 -2.30277 6.79216 6.54523 0 0
0 0 930 4.2989 -2.24544 1.35279 -2.34284 0 0
0 0 931 5.55088 -8.24504 -2.99586 -1.25758 -80.0156 8.12664
0 0 932 2.85047 -3.53555 5.05131 -1.82204 0 0
0 0 933 6.54179 -3.19589 1.53347 1.50796 0 0
0 0 934 5.36864 -2.57673 1.99231 2.99456 0 0
0 0 935 7.651 -1.08822 5.26617 3.62971 0 0
0 0 936 3.39838 -2.52059 3.381 0.0635135 0 0
0 0 937 6.85549 -0.885081 0.301447 0.657875 0 0
0 0 938 -0.361284 1.08974 1.70965 1.62574 0 0
0 0 939 4.21506 2.59547 2.37271 -0.664671 0 0
0 0 940 2.54692 -1.05456 1.1751 6.24987 0 0
0 0 941 5.1019 -3.27366 2.88413 -0.626744 0 0
0 0 942 2.35437 -4.97149 0.974564 0.725844 0 0
0 0 943 5.01604 4.46057 1.01312 0.702676 0 0
0 0 944 2.58348 -1.83996 -0.738394 1.69394 0 0
0 0 945 4.61527 -0.995997 -2.83979 -0.477041 0 0
0 0 946 2.48903 -0.28877 3.46952 -0.991998 0 0
0 0 947 6.76154 -1.39724 1.13074 2.32567 0 0
0 0 948 6.97795 4.12924 -0.0775463 -1.16516 0 0
0 0 949 0.0844117 1.54054 2.82342 -1.99704 0 0
0 0 950 5.69781 0.295574 0.850581 -0.17299 0 0
0 0 951 4.56705 0.314037 1.32733 4.77442 0 0
0 0 952 2.59156 1.11619 -2.88215 0.179823 0 0
0 0 953 2.1282 -0.373956 2.26741 0.700223 0 0
0 0 954 2.16093 -0.218524 4.22628 -1.37735 0 0
0 0 955 2.5499 1.30264 -1.15486 -0.478428 0 0
0 0 956 -0.32554 5.71649 2.36252 0.0353436 0 0
0 0 957 4.32433 6.52849 -3.29013 2.43752 0 0
0 0 958 -2.30866 2.72928 3.33153 1.05938 0 0
0 0 959 4.94877 -2.5995 0.726777 2.67863 0 0
0 0 960 0.685729 -0.370769 -1.72164 -4.13272 0 0
0 0 961 1.15683 -2.60025 -2.73101 5.12795 0 0
0 0 962 2.19941 -0.0993776 -2.55787 1.00761 0 0
0 0 963 -1.60899 3.08009 0.482022 1.7112 0 0
0 0 964 2.60864 -5.04674 1.52815 -1.19591 0 0
0 0 965 2.31308 1.09106 5.08186 5.82836 0 0
0 0 966 1.7345 0.040938 0.323898 0.866957 0 0
0 0 967 -0.872662 2.44222 -0.209709 -0.143411 0 0
0 0 968 2.64719 3.29536 2.74255 -3.69628 0 0
0 0 969 1.39894 -2.98509 2.48473 0.429707 0 0
0 0 970 2.24516 -1.94256 2.61924 3.73174 0 0
0 0 971 3.05614 0.497967 2.74877 2.40601 0 0
0 0 972 0.870943 0.813795 -0.996234 2.11667 0 0
0 0 973 -4.01572 -4.269 -5.74115 -2.55948 0 0
0 0 974 -1.24055 2.65958 3.31448 2.86274 0 0
0 0 975 5.09753 -4.63115 -0.456977 3.50589 0 0
0 0 976 2.04793 1.453 -0.802684 2.10091 0 0
0 0 977 2.93577 -1.88327 -0.432375 0.023166 0 0
0 0 978 1.6509 1.07255 4.20346 1.78252 0 0
0 0 979 -3.51654 0.853964 -0.46388 2.55563 0 0
0 0 980 1.3617 2.7476 -2.71673 3.95684 0 0
0 0 981 2.4079 -1.11871 -2.16987 3.57398 0 0
0 0 982 -1.48334 1.25051 -1.12443 1.7376 0 0
0 0 983 -0.00345004 3.42711 1.33019 -1.38386 0 0
0 0 984 -0.877823 0.1033 -2.27822 2.2817 0 0
0 0 985 -2.35443 4.65951 -2.78464 2.70048 0 0
0 0 986 0.633787 3.83498 -0.689805 -1.45424 0 0
0 0 987 -0.253245 0.698653 0.820359 2.15058 0 0
0 0 988 0.382134 1.99939 0.0504877 4.99754 0 0
0 0 989 -0.270378 1.35978 0.315575 0.43196 0 0
0 0 990 3.07669 0.211483 -4.01397 -3.16751 0 0
0 0 991 -4.3269 -2.71216 0.378796 2.36312 0 0
0 0 992 0.145538 1.0304 -0.675023 -0.796181 0 0
0 0 993 5.44418 1.74529 -1.59234 2.08855 0 0
0 0 994 1.63834 4.49039 -1.40226 -2.6795 0 0
0 0 995 1.52338 -0.2801 1.25728 4.64291 0 0
0 0 996 -0.833402 -1.60806 0.322034 -1.02205 0 0
0 0 997 2.0502 0.648913 -1.24255 1.48813 0 0
0 0 998 2.62066 2.16077 1.47321 -0.0418166 0 0
0 0 999 0.181133 4.84752 -3.3591 -1.02765 0 0
0 0 1000 1.33636 -1.15671 -0.558996 0.660265 0 0
0 0 1001 -3.04934 7.1454 -1.41779 2.6644 0 0
0 0 1002 0.556857 -3.05952 -1.26606 3.06095 0 0
0 0 1003 2.93738 -4.44699 -0.126732 2.81018 0 0
0 0 1004 6.55201 0.165668 1.21339 -1.3152 0 0
0 0 1005 0.199373 -1.59817 -1.65603 4.89935 0 0
0 0 1006 -0.400774 2.75094 0.0436167 2.74646 0 0
0 0 1007 2.93397 2.1172 -0.101596 1.23164 0 0
0 0 1008 2.29762 1.92182 -0.376619 -0.100047 0 0
0 0 1009 -1.68272 -0.10352 -1.62107 1.83882 0 0
0 0 1010 -2.48049 6.9588 -2.60645 5.62935 0 0
0 0 1011 3.14143 1.97369 -4.44961 0.1776 0 0
0 0 1012 -3.69837 2.91353 1.61989 -1.8205 0 0
0 0 1013 2.26577 0.400911 3.66819 0.605565 0 0
0 0 1014 -0.633355 5.43077 2.83405 -4.26697 0 0
0 0 1015 3.28369 1.40633 3.50778 -0.287904 0 0
0 0 1016 -0.310939 -1.67047 -2.0634 4.36324 0 0
0 0 1017 1.91594 -3.55573 -5.93479 -1.0129 0 0
0 0 1018 -1.32055 -3.60665 1.37055 0.991392 0 0
0 0 1019 -0.0497199 -1.70852 -0.588213 1.29803 0 0
0 0 1020 -0.116217 0.867504 0.449713 0.546788 0 0
0 0 1021 0.688117 -2.60658 2.2425 2.6329 0 0
0 0 1022 3.42286 3.94991 0.576624 1.30623 0 0
0 0 1023 4.29807 2.72261 -1.4499 1.18927 0 0
