# File: uwl_231111_042406_Combined.rf.sbC2.RMC_aux Src: J1713+0747 Nsub: 1 Nch: 1 Npol: 4 Nbin: 1024 RMS: 3.09005
0 0 0 3.03916 -5.13007 -1.86904 -0.171879 0 0
0 0 1 8.92578 4.19677 0.319233 0.00268484 0 0
0 0 2 9.57688 1.56442 -1.91752 -3.66195 0 0
0 0 3 5.66752 -2.75658 -0.827513 -1.82653 0 0
0 0 4 0.871391 -5.6728 -1.84633 -4.95479 0 0
0 0 5 8.0217 2.4354 1.70174 1.8999 0 0
0 0 6 2.51812 -1.99239 -1.57401 0.144359 0 0
0 0 7 6.23463 -2.3169 1.78034 -0.855277 0 0
0 0 8 4.37038 -5.38177 -0.423893 1.21235 0 0
0 0 9 8.5352 0.568693 2.39629 -9.09433 0 0
0 0 10 -0.005542 0.171486 4.64919 -3.48594 0 0
0 0 11 6.26093 0.482363 2.16284 1.52132 0 0
0 0 12 1.68223 -5.75479 0.346672 3.66566 0 0
0 0 13 6.1701 -1.65669 0.7014 -0.603009 0 0
0 0 14 6.86926 -1.94073 -0.637764 -3.32219 0 0
0 0 15 2.46828 2.67897 2.50888 2.43788 0 0
0 0 16 5.07917 4.96527 2.46043 1.25797 0 0
0 0 17 1.39428 -0.000556827 -1.3981 -1.20964 0 0
0 0 18 4.23594 1.53911 -1.227 -4.7922 0 0
0 0 19 3.00086 0.313477 -3.95574 -3.86717 0 0
0 0 20 2.36815 -6.39928 2.49295 1.90818 0 0
0 0 21 3.73217 -1.45318 0.744702 -0.438891 0 0
0 0 22 1.49053 7.22799 3.17844 -1.92043 0 0
0 0 23 -1.5801 2.02294 3.21673 -1.50443 0 0
0 0 24 7.28854 -4.74334 0.228735 -0.910656 0 0
0 0 25 -2.96739 -2.19783 4.39588 3.44922 0 0
0 0 26 2.45923 -2.74899 3.08859 -1.58183 0 0
0 0 27 2.9528 -3.1366 1.38014 -1.76133 0 0
0 0 28 0.691944 0.450538 1.20223 -0.383788 0 0
0 0 29 6.34327 3.25036 5.60225 3.58633 0 0
0 0 30 -1.11566 3.17738 0.23376 2.17405 0 0
0 0 31 2.88359 -3.12528 -2.96783 2.90996 0 0
0 0 32 -3.11328 5.3401 5.81225 -3.27559 0 0
0 0 33 3.62091 1.84033 0.483466 -1.10929 0 0
0 0 34 -3.44461 3.89464 0.180135 3.1046 0 0
0 0 35 2.97935 -0.247788 6.97343 -2.04781 0 0
0 0 36 0.440792 -0.641094 8.72376 -5.65497 0 0
0 0 37 -0.730361 -0.69069 4.63928 -4.19748 0 0
0 0 38 5.92378 0.0603185 2.52896 -1.21749 0 0
0 0 39 0.117459 2.08093 -0.509003 2.86193 0 0
0 0 40 4.61491 3.91025 10.1884 0.106659 34.5017 7.87769
0 0 41 3.72769 -0.435253 3.50397 -2.83177 0 0
0 0 42 2.46904 -0.322419 0.0151507 -2.45091 0 0
0 0 43 -4.77323 1.10336 3.1927 1.33264 0 0
0 0 44 2.00605 -9.37541 5.43854 -2.23944 74.9413 7.56934
0 0 45 3.21068 0.345524 -1.10205 -0.913094 0 0
0 0 46 -1.16415 0.458276 -1.78875 4.18853 0 0
0 0 47 1.14199 -2.45552 0.875346 0.287443 0 0
0 0 48 5.30057 -0.191985 5.50985 3.07551 0 0
0 0 49 -0.672578 0.359939 -5.85009 4.45735 0 0
0 0 50 7.80904 -2.80681 0.574748 1.57132 0 0
0 0 51 4.21024 -2.48849 1.92522 1.18077 0 0
0 0 52 1.7531 -7.36091 7.51873 -1.57508 67.1962 7.95507
0 0 53 -2.7671 -4.2869 6.35672 -0.318395 0 0
0 0 54 -6.66244 -3.09455 -0.580845 5.7908 0 0
0 0 55 5.37036 1.45975 0.803768 -0.0287268 0 0
0 0 56 0.409316 -5.28297 2.61333 -2.63095 0 0
0 0 57 7.10383 -2.08406 -0.29634 -1.71414 0 0
0 0 58 3.07688 -8.19433 -3.24988 0.619641 0 0
0 0 59 -0.0121506 -2.14925 3.93222 5.34195 0 0
0 0 60 4.44444 -1.46571 2.50535 2.89704 0 0
0 0 61 -0.86584 -2.16042 1.58697 2.73134 0 0
0 0 62 7.74724 0.952597 -3.13448 -4.53522 0 0
0 0 63 4.50527 -3.18735 -3.45846 5.66425 0 0
0 0 64 3.04999 1.90535 -1.05622 2.69785 0 0
0 0 65 2.86839 1.46306 4.70789 -4.65211 0 0
0 0 66 1.00533 -2.78348 2.27951 -0.646487 0 0
0 0 67 0.917261 -5.10997 5.59886 1.45916 0 0
0 0 68 6.28043 2.22734 0.544623 -1.03035 0 0
0 0 69 0.346654 -3.53429 4.34339 2.83515 0 0
0 0 70 -2.23388 -3.87412 2.52134 1.8144 0 0
0 0 71 2.74309 -2.73111 1.47604 -1.85562 0 0
0 0 72 -0.994168 -5.49195 1.11463 -4.26287 0 0
0 0 73 -4.33427 -0.0669477 -1.40454 -4.45945 0 0
0 0 74 4.07485 -1.34562 0.346986 -0.616504 0 0
0 0 75 0.947469 -1.97771 -0.242543 -1.71919 0 0
0 0 76 1.91047 1.62226 -0.744719 -2.94556 0 0
0 0 77 0.646167 -1.26955 2.21574 2.90744 0 0
0 0 78 -2.88306 -3.61872 1.47712 -5.23442 0 0
0 0 79 -1.84332 0.196344 2.84695 -1.26884 0 0
0 0 80 5.38699 -0.295413 6.99379 -1.66969 0 0
0 0 81 5.02667 -1.22908 -0.0040123 -0.356866 0 0
0 0 82 -2.05184 -2.62555 2.41774 -2.56515 0 0
0 0 83 3.93831 -0.215979 3.54361 -7.55167 0 0
0 0 84 3.27045 0.0203871 0.628401 -4.16927 0 0
0 0 85 1.64528 -5.74782 -0.572773 0.873519 0 0
0 0 86 5.04237 1.0618 0.0932297 0.557431 0 0
0 0 87 0.117871 1.8314 3.85259 2.02331 0 0
0 0 88 0.336516 -4.45177 7.2553 2.07898 0 0
0 0 89 2.72017 -6.92952 -2.85186 1.61649 0 0
0 0 90 -5.86742 -5.67442 -4.14069 0.842683 0 0
0 0 91 1.41537 4.75265 0.838804 -0.509941 0 0
0 0 92 4.28727 -1.84996 -0.946251 0.654993 0 0
0 0 93 2.77763 -0.208329 -1.51296 -0.414033 0 0
0 0 94 -0.323427 1.12063 1.86932 0.305548 0 0
0 0 95 5.24262 -0.707618 -1.21882 4.34687 0 0
0 0 96 5.06869 -1.6792 0.498796 -1.91503 0 0
0 0 97 1.7649 3.98547 4.91871 4.6417 0 0
0 0 98 2.9261 0.953458 1.25582 1.67715 0 0
0 0 99 6.83079 -2.3465 2.65123 -1.2067 0 0
0 0 100 -3.44139 2.21621 -3.64615 1.96618 0 0
0 0 101 -3.01291 0.134519 -0.774668 0.478917 0 0
0 0 102 -1.71214 0.608055 -2.99346 2.1959 0 0
0 0 103 -0.595618 1.13712 1.8649 1.13331 0 0
0 0 104 -0.358191 -0.101349 0.572503 -0.260821 0 0
0 0 105 1.02531 -0.246346 6.0441 0.795573 0 0
0 0 106 0.968735 -2.69578 -1.03318 3.00305 0 0
0 0 107 3.10861 -2.92567 2.60876 -0.18693 0 0
0 0 108 5.94689 -2.35895 2.06907 2.02738 0 0
0 0 109 0.885608 -1.26913 4.80874 -0.391221 0 0
0 0 110 -1.84291 1.02077 -3.55483 5.28486 0 0
0 0 111 1.62799 -1.74339 1.51819 -0.595197 0 0
0 0 112 -7.20176 -2.01276 -1.97332 0.134446 0 0
0 0 113 0.105271 -2.05414 1.92282 0.510232 0 0
0 0 114 8.54144 1.56876 -3.6712 1.40438 0 0
0 0 115 -5.23625 -1.9292 -1.2969 -2.99652 0 0
0 0 116 -1.1671 -0.838615 5.28881 0.78097 0 0
0 0 117 6.24431 5.16425 1.50419 4.0599 0 0
0 0 118 -5.53524 -2.90282 3.42471 4.13419 0 0
0 0 119 0.808145 -1.51119 3.44506 7.81098 0 0
0 0 120 -1.86499 1.15717 -1.37974 2.00082 0 0
0 0 121 5.4992 2.37524 -1.05328 -6.19187 0 0
0 0 122 1.51383 -0.914438 -3.54035 -3.02633 0 0
0 0 123 -0.989891 1.73558 -2.31881 -1.78004 0 0
0 0 124 1.41129 3.12037 1.94748 -2.02472 0 0
0 0 125 -4.68633 -8.502 6.73069 -2.3025 70.8164 7.64525
0 0 126 1.03433 -2.1108 -1.3374 -2.49289 0 0
0 0 127 3.49211 1.72649 2.55075 -4.67285 0 0
0 0 128 0.352349 -1.60491 -2.92968 -0.0582046 0 0
0 0 129 0.504013 -1.20029 2.3542 -2.70219 0 0
0 0 130 -2.44727 0.535856 -0.283025 0.208789 0 0
0 0 131 -4.36433 2.12813 3.52679 -1.40546 0 0
0 0 132 -1.24661 -4.7415 -2.53925 0.287304 0 0
0 0 133 -0.881881 -3.71294 5.07356 3.26144 0 0
0 0 134 1.98358 0.749906 0.671654 -1.08871 0 0
0 0 135 -0.406034 3.59997 -2.9474 -1.0347 0 0
0 0 136 -0.196328 5.86876 3.42174 1.72338 0 0
0 0 137 0.227729 -0.737239 0.352641 -6.33389 0 0
0 0 138 1.34458 0.56474 -2.16999 2.56278 0 0
0 0 139 -1.43161 -2.99512 -4.86968 -2.88137 0 0
0 0 140 -2.52096 -1.60027 -2.20919 -1.06317 0 0
0 0 141 1.4229 1.1054 2.44692 -0.265407 0 0
0 0 142 7.48772 1.23628 -1.66969 -2.478 0 0
0 0 143 4.04719 -5.38515 -2.42929 0.14546 0 0
0 0 144 -2.61037 -3.69162 6.61185 -4.96908 0 0
0 0 145 0.950374 -4.99208 0.557074 6.40496 0 0
0 0 146 0.939357 3.09415 -6.03894 -2.64202 0 0
0 0 147 -1.57782 -1.55068 -0.00435164 -0.887587 0 0
0 0 148 3.44473 1.58248 3.39366 -1.81032 0 0
0 0 149 0.432115 -4.40202 2.65835 -0.650723 0 0
0 0 150 -1.74567 0.0349081 -0.456371 -0.0341431 0 0
0 0 151 -0.385222 1.71585 3.59888 4.58983 0 0
0 0 152 4.95988 3.35227 0.947887 5.65799 0 0
0 0 153 2.80387 0.997631 -1.90817 6.19952 0 0
0 0 154 -0.322603 -5.61455 -1.05404 -0.955515 0 0
0 0 155 3.88613 -2.88548 -1.41309 -4.04925 0 0
0 0 156 -2.87412 -2.17947 -1.94698 5.76637 0 0
0 0 157 -1.96014 -2.05913 -0.804245 -2.62232 0 0
0 0 158 4.54915 -3.54199 -3.58088 4.32247 0 0
0 0 159 -3.73922 -4.93862 -0.335535 -3.80258 0 0
0 0 160 -1.56928 0.965268 -3.15976 0.204371 0 0
0 0 161 -0.627763 -2.9277 1.60807 -2.89054 0 0
0 0 162 -4.4573 0.534916 6.47459 0.0606755 0 0
0 0 163 1.11772 -2.69865 -5.74651 1.18849 0 0
0 0 164 3.36703 3.2012 -0.145665 -4.06461 0 0
0 0 165 0.720877 -5.48059 -6.37511 -0.310434 0 0
0 0 166 -1.13489 0.89758 -3.49057 -9.0421 0 0
0 0 167 5.75898 2.665 4.08598 0.249668 0 0
0 0 168 1.2348 1.57763 3.00487 2.23704 0 0
0 0 169 1.9141 -2.87727 0.0107905 5.34645 0 0
0 0 170 0.752939 -1.15671 -5.319 6.71838 0 0
0 0 171 -0.375897 -4.40487 3.4161 0.864581 0 0
0 0 172 -1.52942 -3.94568 -3.65356 1.27296 0 0
0 0 173 -2.54508 -0.58784 3.93978 -5.61311 0 0
0 0 174 -1.5112 -0.350199 -2.60004 -3.61184 0 0
0 0 175 -5.08215 -0.0350981 -3.09642 -2.2805 0 0
0 0 176 3.83991 1.76766 -1.40772 -2.12842 0 0
0 0 177 -0.437927 -4.74761 -4.17667 1.95997 0 0
0 0 178 -4.24673 0.00550652 6.36241 1.76442 0 0
0 0 179 -7.49524 6.03751 1.74375 -3.65103 0 0
0 0 180 5.21493 -0.495214 0.439283 0.253523 0 0
0 0 181 4.11678 2.04831 -1.84449 2.33188 0 0
0 0 182 0.810463 -0.386257 -0.363079 -1.39458 0 0
0 0 183 3.41708 -1.12637 -3.94765 1.65481 0 0
0 0 184 -4.83917 -0.725709 4.35522 -3.75673 0 0
0 0 185 1.24785 -0.636696 -1.80814 3.32327 0 0
0 0 186 6.64258 0.688642 0.965781 -0.838523 0 0
0 0 187 -0.128638 1.96425 -1.71539 -2.36749 0 0
0 0 188 0.0313746 -2.10959 -2.13013 7.18398 0 0
0 0 189 -3.36051 -1.56674 -1.33374 -2.54388 0 0
0 0 190 1.71912 1.47311 1.99587 7.87643 0 0
0 0 191 2.1986 -3.61984 2.33592 -3.55692 0 0
0 0 192 -3.07955 -0.649089 -3.84816 4.2587 0 0
0 0 193 0.475775 3.36797 -0.204844 -0.95534 0 0
0 0 194 1.9569 0.812036 -3.24723 0.988586 0 0
0 0 195 -0.848763 2.52488 3.48314 3.49597 0 0
0 0 196 1.28249 0.129762 -1.35458 -2.38513 0 0
0 0 197 -4.42201 -3.00425 0.315291 8.21387 0 0
0 0 198 0.379478 0.21554 0.953934 -3.11493 0 0
0 0 199 4.06226 -3.28476 -0.770336 0.0836867 0 0
0 0 200 -0.791995 1.49139 2.23338 -0.548994 0 0
0 0 201 9.07549 -0.951979 -4.71517 1.09748 0 0
0 0 202 1.2716 -3.76087 0.501499 -1.18074 0 0
0 0 203 -2.12829 3.68176 0.382188 1.11874 0 0
0 0 204 -4.02952 -6.5853 -5.9411 -3.13815 0 0
0 0 205 0.655522 1.70383 3.534 2.13928 0 0
0 0 206 -0.231122 -2.03448 -2.02361 -0.627861 0 0
0 0 207 -1.13269 1.63775 2.93095 -2.31399 0 0
0 0 208 4.88865 1.25093 2.15054 1.41795 0 0
0 0 209 -1.66581 -3.59972 -0.277571 -1.65307 0 0
0 0 210 -1.26436 -0.883923 0.0327969 0.855747 0 0
0 0 211 1.85628 3.28004 4.7781 -0.587929 0 0
0 0 212 2.69192 2.44363 2.71689 -1.55664 0 0
0 0 213 -1.47274 0.0155591 2.97058 5.69276 0 0
0 0 214 2.32551 1.29388 0.388931 -5.50195 0 0
0 0 215 -1.93789 1.32465 -0.242309 3.45793 0 0
0 0 216 2.06074 -3.53402 -7.23512 4.88508 0 0
0 0 217 0.0868722 -1.13532 -5.32432 -2.10317 0 0
0 0 218 0.571429 -0.721371 1.93746 -4.89424 0 0
0 0 219 1.91402 -0.749362 -3.45266 -2.18532 0 0
0 0 220 0.784445 -3.32216 -0.806994 0.582384 0 0
0 0 221 0.486478 -0.469118 6.96206 1.24159 0 0
0 0 222 -3.19989 -4.6589 -1.40528 2.59978 0 0
0 0 223 -1.44713 4.45305 -5.34219 -0.833178 0 0
0 0 224 3.48986 -1.88133 5.73743 -2.41928 0 0
0 0 225 -1.72749 5.15111 -0.132629 -1.39823 0 0
0 0 226 0.40033 -1.8332 1.87664 1.91252 0 0
0 0 227 4.0464 -6.99755 -3.33746 1.88071 0 0
0 0 228 0.871022 -1.30859 -4.06665 1.81818 0 0
0 0 229 0.401669 -1.87608 0.30318 0.453231 0 0
0 0 230 0.979506 -2.19768 -0.353197 3.63159 0 0
0 0 231 2.05902 -1.01758 -1.50703 6.39437 0 0
0 0 232 2.02399 1.24027 -1.63209 0.852132 0 0
0 0 233 -0.349851 0.707769 6.96102 2.60532 0 0
0 0 234 -2.4543 -1.80283 -0.174533 -1.76151 0 0
0 0 235 -0.170031 1.79415 -1.1153 -1.2012 0 0
0 0 236 0.0231533 -2.91186 2.79596 2.56948 0 0
0 0 237 1.96965 0.634423 -1.58585 1.53586 0 0
0 0 238 0.762996 -3.3453 4.22708 -2.18218 0 0
0 0 239 0.439414 -3.66525 2.43532 0.0808787 0 0
0 0 240 -0.45699 -4.12201 -2.64458 -2.24765 0 0
0 0 241 -1.05038 -0.265569 3.36529 0.644149 0 0
0 0 242 4.57447 0.849738 2.48069 3.46166 0 0
0 0 243 5.39739 -0.356212 -2.30753 -0.444752 0 0
0 0 244 3.77083 -2.09254 -0.85406 2.5694 0 0
0 0 245 0.811486 0.917506 1.25832 -4.19072 0 0
0 0 246 4.69194 -2.96637 1.70337 0.169453 0 0
0 0 247 7.79055 -2.77645 -6.31508 3.68721 0 0
0 0 248 -1.49662 -6.80511 -0.158647 -6.8404 0 0
0 0 249 4.32512 -0.984814 -0.73989 -1.87952 0 0
0 0 250 4.20916 -4.84675 -7.28905 0.232859 0 0
0 0 251 -0.250115 -2.92953 -1.44006 0.708402 0 0
0 0 252 1.33098 1.63635 3.62139 -3.75511 0 0
0 0 253 7.5171 -0.749444 0.32504 3.38969 0 0
0 0 254 4.12448 4.07199 0.796615 -0.31688 0 0
0 0 255 5.63378 1.63422 -0.691305 -2.80045 0 0
0 0 256 3.9813 -0.90571 -0.639915 1.26569 0 0
0 0 257 2.7647 0.800809 -1.05217 1.07897 0 0
0 0 258 -0.658838 0.587584 4.72659 -1.15282 0 0
0 0 259 1.05852 1.06117 -5.29154 5.38865 0 0
0 0 260 -0.547211 -0.44137 -1.72115 -0.933574 0 0
0 0 261 3.22006 7.47418 -3.16098 -1.00356 0 0
0 0 262 -0.786391 -5.02539 0.401708 -5.29611 0 0
0 0 263 0.283221 -0.223151 3.91187 2.6604 0 0
0 0 264 -2.44551 -1.93428 -2.28356 5.1396 0 0
0 0 265 1.4263 -3.12992 2.09693 -4.71552 0 0
0 0 266 3.60005 1.34125 1.08956 -0.570063 0 0
0 0 267 2.95389 -2.34227 -2.49239 -0.994198 0 0
0 0 268 1.34219 -4.75028 -1.07972 3.08114 0 0
0 0 269 -0.942693 0.146255 -0.194251 -1.15325 0 0
0 0 270 2.61286 6.5308 1.2829 2.74406 0 0
0 0 271 0.706266 -3.06778 -0.224148 3.43693 0 0
0 0 272 4.79981 -0.2703 2.71317 -1.70151 0 0
0 0 273 -0.0810211 -5.28672 4.55801 -0.390082 0 0
0 0 274 1.82491 5.44874 -3.51837 0.804277 0 0
0 0 275 -1.33435 -1.35824 3.65105 -0.0186056 0 0
0 0 276 -0.721296 -2.76698 1.9991 0.406463 0 0
0 0 277 4.17762 0.155777 2.11791 0.249537 0 0
0 0 278 5.09324 3.33569 1.29266 1.92603 0 0
0 0 279 1.51808 4.8114 -2.25916 1.61087 0 0
0 0 280 2.80845 0.602709 0.446563 -6.2766 0 0
0 0 281 1.86534 -2.39047 1.31686 -2.88928 0 0
0 0 282 0.435366 5.65988 -2.4147 -3.83487 0 0
0 0 283 7.14788 -1.80944 -5.27351 -4.59963 0 0
0 0 284 -1.69269 1.53119 5.418 3.31694 0 0
0 0 285 2.25913 3.48003 3.56604 -5.5336 0 0
0 0 286 0.840009 -0.00984693 3.41727 -3.5396 0 0
0 0 287 2.78315 -3.93366 4.68731 2.8854 0 0
0 0 288 6.56017 -0.308125 -0.596852 1.09857 0 0
0 0 289 6.60245 1.39432 -4.3572 -0.183209 0 0
0 0 290 2.25978 4.00151 5.43111 -0.492385 0 0
0 0 291 3.40563 2.63771 -0.329691 0.899963 0 0
0 0 292 1.12621 -0.0050419 -0.891604 1.48644 0 0
0 0 293 -2.98265 -1.49724 0.84923 -4.25896 0 0
0 0 294 3.32526 2.02986 -2.49035 1.26231 0 0
0 0 295 0.16346 -0.749165 -1.58028 -0.330101 0 0
0 0 296 2.42272 -4.57093 -1.47571 1.47577 0 0
0 0 297 2.09086 6.73846 2.16224 2.49642 0 0
0 0 298 0.897312 0.561568 -0.290575 -10.2386 0 0
0 0 299 1.85798 -0.240257 -0.235439 -0.999313 0 0
0 0 300 0.205483 -2.63712 -6.64765 0.550484 0 0
0 0 301 3.65899 1.52561 3.18052 0.184079 0 0
0 0 302 4.25651 1.9165 -7.85651 -2.86976 0 0
0 0 303 2.16114 -1.77031 -2.13493 -2.13081 0 0
0 0 304 -4.8511 4.05603 1.06323 0.410597 0 0
0 0 305 5.94473 0.732779 0.659121 2.72225 0 0
0 0 306 5.13144 1.55526 5.04912 2.012 0 0
0 0 307 -0.579015 4.98701 -0.922924 -2.79289 0 0
0 0 308 3.7532 1.30468 -0.226928 -1.12352 0 0
0 0 309 1.9897 -0.502753 5.5157 -2.01462 0 0
0 0 310 6.22605 0.576435 -5.14863 -5.19255 0 0
0 0 311 5.40224 5.58008 -3.62447 0.22458 0 0
0 0 312 0.841439 1.68061 -3.33577 3.22115 0 0
0 0 313 -4.02844 2.38093 0.887401 -0.989619 0 0
0 0 314 -1.41382 1.31731 3.38192 1.81767 0 0
0 0 315 0.369097 2.06018 -2.24277 -0.672074 0 0
0 0 316 -2.51009 -0.105797 3.41409 -3.4142 0 0
0 0 317 7.19173 -1.281 2.89893 -2.38612 0 0
0 0 318 -0.268119 3.99096 0.114432 3.17362 0 0
0 0 319 1.93505 -3.43463 -1.02436 3.58874 0 0
0 0 320 0.685801 1.65123 3.94756 -2.71994 0 0
0 0 321 -0.877211 1.01837 0.371847 1.53584 0 0
0 0 322 0.137619 -2.83349 -4.92426 -3.62214 0 0
0 0 323 0.885386 4.43913 0.949404 -0.0875312 0 0
0 0 324 2.38565 4.42863 1.46436 0.360574 0 0
0 0 325 1.14376 -5.02885 -2.01143 -1.57549 0 0
0 0 326 -0.847849 -1.91748 -1.03188 0.0590317 0 0
0 0 327 0.954792 1.1305 3.88334 1.53317 0 0
0 0 328 -1.40831 2.74317 3.41794 -1.66977 0 0
0 0 329 4.14942 -1.03429 -3.5256 3.48822 0 0
0 0 330 -4.29515 -4.86046 -3.99429 -2.08898 0 0
0 0 331 6.91102 3.79031 -1.63955 -2.04766 0 0
0 0 332 1.59677 0.682395 2.39009 0.360625 0 0
0 0 333 3.65869 -4.49464 -0.266831 0.00700607 0 0
0 0 334 6.60368 -4.33253 -2.60754 -3.19615 0 0
0 0 335 5.7163 -4.01765 1.85923 3.87709 0 0
0 0 336 -6.07159 0.760462 -0.149717 -1.4069 0 0
0 0 337 0.181777 -6.3285 0.693809 1.27041 0 0
0 0 338 -0.0926746 -2.20369 0.0843683 3.02908 0 0
0 0 339 3.89628 -2.62746 4.67665 -3.18498 0 0
0 0 340 0.19586 4.673 3.35619 -3.34522 0 0
0 0 341 -2.02344 1.6384 -0.887028 -0.721479 0 0
0 0 342 7.08431 5.11849 1.67136 -0.754781 0 0
0 0 343 -0.397108 1.136 0.324132 0.884606 0 0
0 0 344 -3.18862 -0.644748 -0.796439 -6.25892 0 0
0 0 345 -2.81121 -3.68106 0.213055 3.55189 0 0
0 0 346 0.524248 1.20855 -2.30735 6.48164 0 0
0 0 347 3.63467 -1.66762 0.818752 -4.93175 0 0
0 0 348 -0.575251 -0.355762 -1.72691 1.22242 0 0
0 0 349 -2.50552 3.44701 1.42245 0.461269 0 0
0 0 350 -1.32041 3.51106 -0.261892 2.58568 0 0
0 0 351 -1.64488 -0.819957 -1.02738 -5.61279 0 0
0 0 352 0.655466 -5.91004 -1.17411 -0.520386 0 0
0 0 353 3.80045 -0.325255 0.966288 -5.52894 0 0
0 0 354 2.10999 1.19191 -1.16747 0.243867 0 0
0 0 355 3.98554 1.7174 -1.48438 -1.90947 0 0
0 0 356 2.36837 0.0204856 -5.70271 -1.44378 0 0
0 0 357 -1.21414 5.57931 -0.778629 0.224222 0 0
0 0 358 1.00547 5.82221 -1.48425 3.97189 0 0
0 0 359 -1.52682 -1.34909 -3.61252 1.12917 0 0
0 0 360 1.37246 -3.17404 7.42231 5.48945 0 0
0 0 361 1.29708 0.11976 6.27914 -2.57721 0 0
0 0 362 4.95363 -1.43179 -4.12659 -0.883022 0 0
0 0 363 1.52551 -3.41521 2.92495 -2.3254 0 0
0 0 364 3.88615 -0.276281 1.30204 -0.179798 0 0
0 0 365 2.61402 2.8451 1.5747 -5.08206 0 0
0 0 366 3.3665 6.22322 0.026273 -1.06116 0 0
0 0 367 0.0604589 4.12877 2.11256 2.01863 0 0
0 0 368 4.61814 -0.215068 -1.14197 0.754438 0 0
0 0 369 0.991572 0.0635511 -1.0283 -1.84825 0 0
0 0 370 -1.59507 -1.31727 3.89467 -4.45335 0 0
0 0 371 6.06829 5.09576 0.122407 -1.24972 0 0
0 0 372 2.29012 -0.915579 -0.467872 3.40287 0 0
0 0 373 2.43441 1.62313 -2.6443 1.79411 0 0
0 0 374 8.30552 -3.89873 -3.67382 -6.99754 0 0
0 0 375 2.40281 0.899948 -3.15585 5.86282 0 0
0 0 376 1.95626 -1.09403 -5.80514 0.0816875 0 0
0 0 377 -2.07283 -0.830026 -0.0982807 4.44501 0 0
0 0 378 7.90974 4.62875 0.213725 -0.196843 0 0
0 0 379 2.32019 -2.61415 -0.148532 3.79571 0 0
0 0 380 1.30787 4.07235 -1.40057 -3.60248 0 0
0 0 381 4.3841 -0.227621 -3.70149 -3.96892 0 0
0 0 382 3.0194 2.2465 0.903926 3.59932 0 0
0 0 383 1.36125 4.35912 3.08108 6.4682 0 0
0 0 384 -5.49716 -3.40634 0.0912062 -2.11591 0 0
0 0 385 3.45118 -1.0327 2.27203 0.0211047 0 0
0 0 386 0.598276 -1.99386 8.61342 1.07413 0 0
0 0 387 3.12231 4.99851 5.46718 0.679906 0 0
0 0 388 -1.39666 -1.39626 -0.385408 4.81543 0 0
0 0 389 0.674488 4.22122 6.91145 -0.17389 0 0
0 0 390 2.79014 -1.3705 2.05822 1.75859 0 0
0 0 391 -4.49611 -1.28299 0.956827 3.1416 0 0
0 0 392 5.84216 -3.7293 0.910975 -1.13331 0 0
0 0 393 3.0334 4.69609 2.20352 -3.59568 0 0
0 0 394 1.06149 -3.77466 -2.28451 -2.55759 0 0
0 0 395 1.42536 -0.118176 -2.32251 -1.70078 0 0
0 0 396 -1.79426 5.22241 -3.87229 2.29254 0 0
0 0 397 3.37604 0.99124 3.25338 -0.230857 0 0
0 0 398 -0.288021 -1.99638 -2.71724 -3.20151 0 0
0 0 399 3.35032 -7.12544 -1.35993 1.11224 0 0
0 0 400 1.53767 4.19123 2.01356 0.67878 0 0
0 0 401 1.99303 4.76217 3.15943 3.77596 0 0
0 0 402 0.0439445 0.289915 -0.848637 4.16953 0 0
0 0 403 -0.446214 -3.49812 2.2915 0.625216 0 0
0 0 404 -0.913094 -1.18482 2.11612 -7.71034 0 0
0 0 405 -3.29609 -0.0848694 -1.32942 1.15439 0 0
0 0 406 1.06387 2.46038 -3.85557 4.13788 0 0
0 0 407 4.64774 -0.640479 3.26584 -4.36698 0 0
0 0 408 -0.815113 -1.86213 -0.239703 5.9873 0 0
0 0 409 -0.772302 1.32043 0.768228 -3.20805 0 0
0 0 410 0.315967 -0.642129 0.408384 -0.78581 0 0
0 0 411 4.46698 1.88458 3.12523 -1.01058 0 0
0 0 412 4.59479 -0.911239 1.4883 3.78498 0 0
0 0 413 3.03878 1.85731 -4.83267 -4.08185 0 0
0 0 414 0.405459 3.69306 0.385732 2.76854 0 0
0 0 415 -1.8361 -3.11818 3.30826 5.27605 0 0
0 0 416 -6.31126 -5.92475 3.2472 3.56802 0 0
0 0 417 3.13826 1.6302 0.563791 1.61529 0 0
0 0 418 -1.55876 -0.767231 0.899975 -0.92706 0 0
0 0 419 -1.96293 3.07437 3.00122 3.42245 0 0
0 0 420 3.38208 7.53952 3.81599 4.64594 0 0
0 0 421 0.183074 2.43751 -3.87743 4.49498 0 0
0 0 422 0.680302 -3.97707 -2.77503 0.638847 0 0
0 0 423 3.18637 -2.26239 3.13918 2.4848 0 0
0 0 424 2.22438 -3.7843 5.08018 0.113789 0 0
0 0 425 0.946124 0.85737 1.52427 1.74091 0 0
0 0 426 1.05641 -2.94878 -5.83504 1.69624 0 0
0 0 427 2.3642 -1.28085 -4.34617 5.19437 0 0
0 0 428 1.42629 -0.545989 3.3585 2.84014 0 0
0 0 429 -0.878527 0.475492 3.35346 3.5548 0 0
0 0 430 -0.862117 -0.00396529 0.335441 1.01302 0 0
0 0 431 -1.89765 -0.126789 5.151 0.48472 0 0
0 0 432 2.72387 -2.78365 -1.55356 -2.1223 0 0
0 0 433 -2.80048 4.07268 0.219561 -1.60929 0 0
0 0 434 2.90418 4.43107 1.03819 0.988179 0 0
0 0 435 -0.786206 -1.92075 1.2195 1.37788 0 0
0 0 436 1.12389 2.69279 1.11174 2.89427 0 0
0 0 437 3.62808 -4.62131 -3.94569 -6.9661 0 0
0 0 438 -9.48316 -0.629118 2.32324 -2.42062 0 0
0 0 439 2.51449 1.89504 3.30314 1.3084 0 0
0 0 440 1.30513 -5.42458 -0.406384 1.85979 0 0
0 0 441 2.91733 0.897457 3.79998 2.04322 0 0
0 0 442 1.76093 3.60108 -0.025654 -3.35318 0 0
0 0 443 2.42582 3.27789 -2.726 3.88343 0 0
0 0 444 4.01669 -1.95492 -2.21948 -2.37632 0 0
0 0 445 1.43467 2.99857 0.130823 2.477 0 0
0 0 446 -2.36564 -1.94247 1.57245 -5.98321 0 0
0 0 447 -6.18274 1.48566 -5.9005 1.39508 0 0
0 0 448 2.3537 0.367363 -3.34358 0.580731 0 0
0 0 449 -2.51452 -1.31217 -1.28307 2.29057 0 0
0 0 450 2.63605 -1.89318 0.313975 0.0208612 0 0
0 0 451 -5.591 -3.81398 -1.732 6.20175 0 0
0 0 452 -0.575876 -0.512062 -0.325404 -6.29731 0 0
0 0 453 0.982426 -1.05103 -4.37547 1.2084 0 0
0 0 454 2.03251 -1.36674 -0.0757625 1.89524 0 0
0 0 455 4.34484 -3.80405 -3.92903 5.90397 0 0
0 0 456 0.455856 -0.294257 -0.660226 -0.891777 0 0
0 0 457 7.44393 -1.69411 2.85004 1.04982 0 0
0 0 458 1.48429 -0.90839 2.45357 -5.32123 0 0
0 0 459 2.76775 1.35915 -0.167528 -4.11903 0 0
0 0 460 5.99036 -0.457531 3.2797 0.846021 0 0
0 0 461 -0.809042 -3.29383 -2.17488 2.2548 0 0
0 0 462 -0.390313 2.95642 1.59086 -1.55134 0 0
0 0 463 1.40539 0.485541 2.60824 -3.56687 0 0
0 0 464 1.81387 -0.719434 0.835546 1.6343 0 0
0 0 465 -1.32697 0.110755 0.777402 -3.03965 0 0
0 0 466 2.34 0.312337 -1.84206 -3.14746 0 0
0 0 467 1.83331 -3.56471 -0.813686 -2.57661 0 0
0 0 468 0.363404 3.39048 1.22447 -0.892974 0 0
0 0 469 3.37173 4.57542 0.22626 -8.32199 0 0
0 0 470 3.93974 2.76371 -1.29056 -2.74766 0 0
0 0 471 2.21315 3.4963 0.169288 -4.09302 0 0
0 0 472 3.84661 1.54003 -5.01529 0.91754 0 0
0 0 473 2.08869 -3.50911 1.98618 4.04612 0 0
0 0 474 3.90964 -1.91857 0.216136 -3.14802 0 0
0 0 475 0.152444 1.10967 -0.375529 -0.274696 0 0
0 0 476 -1.00872 -0.102389 2.56322 -2.13852 0 0
0 0 477 1.76295 -0.0387346 -1.34986 -1.79133 0 0
0 0 478 -1.77224 1.76346 2.14177 -5.73404 0 0
0 0 479 -0.79496 1.18166 0.497403 -2.11329 0 0
0 0 480 3.45794 -5.03399 1.03165 0.700873 0 0
0 0 481 -4.77913 -1.34653 -3.4334 1.46809 0 0
0 0 482 3.31681 0.880857 4.42577 -1.5936 0 0
0 0 483 2.48591 3.57493 -1.39624 0.288444 0 0
0 0 484 2.33292 -1.31597 6.1682 -2.99268 0 0
0 0 485 -0.417584 -4.67325 4.6253 -2.71571 0 0
0 0 486 -4.17918 4.22446 -0.899666 -1.80693 0 0
0 0 487 -3.10904 -4.98395 -0.528139 -0.968805 0 0
0 0 488 -1.07026 -1.12085 2.08161 -0.364109 0 0
0 0 489 -0.707437 -2.27596 -4.08441 -0.312268 0 0
0 0 490 -7.84189 2.43073 1.30209 1.15745 0 0
0 0 491 1.90719 -2.29126 -8.32657 1.27184 0 0
0 0 492 2.65783 2.22606 -3.16482 -2.57066 0 0
0 0 493 -4.04815 -2.28762 -2.41458 2.31672 0 0
0 0 494 -2.32752 -1.60166 2.02832 -1.17609 0 0
0 0 495 4.1141 1.58944 -0.0361202 -0.649725 0 0
0 0 496 0.951714 -1.49156 1.93277 -4.37777 0 0
0 0 497 2.41761 2.35438 -4.69662 3.20272 0 0
0 0 498 2.18194 -5.98723 2.17686 -5.08912 0 0
0 0 499 0.471829 2.03677 1.38694 -4.55378 0 0
0 0 500 5.75701 -2.60907 0.0502033 1.53488 0 0
0 0 501 1.41806 -5.98392 -4.86134 -4.7213 0 0
0 0 502 2.37576 2.76342 2.2788 -5.3918 0 0
0 0 503 1.60589 -3.86807 -2.77982 -1.65665 0 0
0 0 504 1.89669 -5.80203 -1.7254 -4.25276 0 0
0 0 505 1.95462 2.15105 -0.51244 0.677582 0 0
0 0 506 1.21328 -1.25093 -2.07775 0.319907 0 0
0 0 507 1.75114 3.027 3.91149 -3.08247 0 0
0 0 508 1.60439 -3.8943 3.8439 -1.59003 0 0
0 0 509 1.55472 -0.400709 -2.71647 -1.92118 0 0
0 0 510 2.82847 1.56246 -1.45401 -2.63156 0 0
0 0 511 4.32948 -4.16144 -2.84546 -1.83393 0 0
0 0 512 0.131252 1.14886 0.276784 -1.46691 0 0
0 0 513 -0.861889 -5.32762 2.65104 1.24214 0 0
0 0 514 -0.801152 -0.911987 1.51193 -3.6583 0 0
0 0 515 0.281642 -1.4305 1.04183 2.86342 0 0
0 0 516 -1.7831 -1.33508 -1.66248 -0.51051 0 0
0 0 517 -1.67978 -4.16908 -0.222335 -4.88553 0 0
0 0 518 -2.24372 0.283825 -1.49901 -7.88753 0 0
0 0 519 1.26075 -3.52861 2.39754 -1.49596 0 0
0 0 520 4.3003 1.46291 -2.13511 1.73429 0 0
0 0 521 -2.78773 0.338804 -3.34634 -0.269171 0 0
0 0 522 0.662631 0.465851 3.108 -3.45062 0 0
0 0 523 -4.96951 3.65296 -1.22792 -0.484288 0 0
0 0 524 1.40555 10.2618 0.207183 1.09758 0.578314 7.83268
0 0 525 0.424447 -4.40227 -0.814193 -3.16776 0 0
0 0 526 2.70277 3.33627 -2.52761 -1.05685 0 0
0 0 527 4.43563 2.06948 2.81343 -3.31028 0 0
0 0 528 0.605287 -1.16409 -1.41318 -3.43565 0 0
0 0 529 1.44646 -0.322322 -3.7002 5.76955 0 0
0 0 530 0.86942 -1.35495 3.39887 -0.181742 0 0
0 0 531 -0.161722 1.11234 -4.53107 -3.00866 0 0
0 0 532 -4.20529 3.01009 0.962872 0.959841 0 0
0 0 533 4.53301 2.55752 1.06423 0.502646 0 0
0 0 534 -5.91278e-05 -2.46153 4.28187 -4.83107 0 0
0 0 535 0.817258 5.95584 1.43266 -0.94146 0 0
0 0 536 2.51346 0.697574 1.67971 -0.345059 0 0
0 0 537 7.35702 1.66453 0.720818 1.44675 0 0
0 0 538 -0.281393 0.0493719 4.16499 -3.16109 0 0
0 0 539 2.14015 -3.83251 3.14065 0.0138082 0 0
0 0 540 0.795856 0.0657031 1.76003 -2.59011 0 0
0 0 541 4.25872 -0.844987 -1.97405 -0.682447 0 0
0 0 542 -1.07438 4.94562 -2.65437 -1.98193 0 0
0 0 543 5.41777 4.76511 -1.15101 -1.7167 0 0
0 0 544 0.190561 7.17748 -0.220108 1.65223 0 0
0 0 545 0.527766 0.0538474 4.06651 -3.68047 0 0
0 0 546 2.42516 0.0918586 -5.09319 5.55569 0 0
0 0 547 1.1317 7.18579 1.52362 -0.226341 0 0
0 0 548 -1.88548 1.60987 2.62212 -1.01823 0 0
0 0 549 2.05856 -0.0585657 -0.0848669 -0.299305 0 0
0 0 550 6.44939 -1.60821 2.32926 0.845604 0 0
0 0 551 5.15632 1.8017 5.8501 4.31021 0 0
0 0 552 -1.37433 -0.60967 1.01058 1.85093 0 0
0 0 553 7.4887 -2.84999 3.50012 -0.633518 0 0
0 0 554 2.04963 -1.18851 2.16951 -0.129491 0 0
0 0 555 -2.15563 -3.57628 4.06644 -1.23544 0 0
0 0 556 -0.196896 -0.344401 -0.327549 1.13947 0 0
0 0 557 -6.88046 -2.43791 -2.26695 1.58968 0 0
0 0 558 -0.00918525 0.219205 -1.82909 -0.9608 0 0
0 0 559 1.00268 2.90488 -5.11646 -1.98493 0 0
0 0 560 1.42592 -5.65947 0.0246779 0.77709 0 0
0 0 561 -1.18768 0.48475 -3.56253 3.7699 0 0
0 0 562 4.64354 6.72042 -1.53184 1.82217 0 0
0 0 563 7.27222 2.18919 -6.01941 3.64146 0 0
0 0 564 -2.82173 8.32877 -1.23787 5.97935 0 0
0 0 565 1.91077 -1.9054 0.608478 0.968327 0 0
0 0 566 1.83487 -0.869846 1.72607 2.0956 0 0
0 0 567 7.12871 1.96268 -1.10621 0.882163 0 0
0 0 568 -3.59129 2.17025 3.09167 -1.82762 0 0
0 0 569 4.99651 4.35574 4.97463 0.131618 0 0
0 0 570 -0.983819 -0.455767 -2.38995 1.04057 0 0
0 0 571 -1.84635 -0.858902 1.83325 -3.31495 0 0
0 0 572 2.20937 -0.954862 -1.68844 1.78205 0 0
0 0 573 -0.171911 1.9024 1.77772 -3.43749 0 0
0 0 574 -1.21667 -1.86569 4.7342 -1.47533 0 0
0 0 575 -3.06726 -1.79073 1.69749 -1.16212 0 0
0 0 576 1.55891 -2.40665 -4.13072 -1.30716 0 0
0 0 577 0.63444 2.86776 4.33333 -0.839358 0 0
0 0 578 2.00974 2.09154 2.74019 -1.61728 0 0
0 0 579 2.01064 -7.84656 -2.75862 3.47949 0 0
0 0 580 -2.2472 -2.187 0.401164 -1.03378 0 0
0 0 581 3.0185 -0.199514 1.21135 1.25323 0 0
0 0 582 4.05663 1.86668 -6.64779 -0.506872 0 0
0 0 583 -1.92373 1.14492 -2.52817 -0.180701 0 0
0 0 584 1.24974 -1.1524 -1.24982 -5.83549 0 0
0 0 585 -0.911597 0.773682 1.70973 5.02947 0 0
0 0 586 -0.959734 2.1647 0.172103 -5.71185 0 0
0 0 587 3.18062 -0.163421 -1.92871 -0.562599 0 0
0 0 588 3.05897 -0.449512 -1.54315 -0.314072 0 0
0 0 589 0.389711 -5.9659 -3.34837 -5.82979 0 0
0 0 590 -2.0117 -4.78673 -6.85283 -3.74576 0 0
0 0 591 -1.19596 3.01742 2.69621 -0.962222 0 0
0 0 592 8.73762 0.890177 -2.79166 3.51034 0 0
0 0 593 3.28805 0.0107832 -2.92882 2.70386 0 0
0 0 594 2.78952 3.28804 5.95759 -1.33563 0 0
0 0 595 4.39685 -2.55914 -3.6906 -2.32648 0 0
0 0 596 3.40888 2.97249 2.82657 -0.843434 0 0
0 0 597 2.67226 2.92675 -3.08475 1.17426 0 0
0 0 598 0.78994 -2.51495 0.848893 -1.65213 0 0
0 0 599 -2.49932 0.596592 1.56134 -1.6949 0 0
0 0 600 2.22366 -2.68743 1.98708 -1.90579 0 0
0 0 601 -2.69744 5.6548 0.58346 0.274584 0 0
0 0 602 -1.81484 3.87009 -0.391018 3.24382 0 0
0 0 603 -0.494686 0.284532 -0.772429 1.26023 0 0
0 0 604 1.15709 3.9797 1.55274 -1.5559 0 0
0 0 605 -5.52248 0.392794 7.60788 0.302861 0 0
0 0 606 -3.1083 0.699934 2.16079 -4.38079 0 0
0 0 607 0.918081 -4.18982 -4.52306 1.16322 0 0
0 0 608 0.794091 -3.63724 -2.41753 -0.359522 0 0
0 0 609 -3.75649 2.30389 4.03141 -4.15414 0 0
0 0 610 0.6163 2.97667 4.58986 2.73782 0 0
0 0 611 -0.234208 3.57779 7.96091 -0.0494603 0 0
0 0 612 0.785003 0.502592 3.03257 -2.32458 0 0
0 0 613 -2.55293 3.35425 0.57104 1.2553 0 0
0 0 614 2.25781 -2.77489 3.51752 0.112861 0 0
0 0 615 -0.929231 -4.46047 2.10752 -2.42181 0 0
0 0 616 -2.47523 -2.72388 0.92807 1.08064 0 0
0 0 617 1.50693 -2.89218 -3.15452 2.63905 0 0
0 0 618 1.40002 2.56845 -0.0167018 -1.12552 0 0
0 0 619 4.15544 5.18117 3.99034 -0.379046 0 0
0 0 620 3.23105 -1.73333 -2.77089 -1.03324 0 0
0 0 621 0.653288 -0.578593 2.67781 -2.37647 0 0
0 0 622 2.80306 0.709481 2.96013 -2.9143 0 0
0 0 623 -1.70734 3.54132 0.864442 5.87676 0 0
0 0 624 -4.59847 -2.86003 0.918449 4.15844 0 0
0 0 625 -6.58738 -3.12594 -1.18831 4.25355 0 0
0 0 626 5.05528 3.04714 3.64806 -6.84885 0 0
0 0 627 3.55584 -0.600545 -0.918199 -3.78024 0 0
0 0 628 -1.6406 3.14814 -3.516 0.302831 0 0
0 0 629 2.61452 -2.03501 -2.29255 2.82676 0 0
0 0 630 -1.21171 2.60245 1.8512 0.152992 0 0
0 0 631 -1.13382 1.43802 -1.01858 -0.356174 0 0
0 0 632 -3.15504 1.77882 1.16395 -2.9332 0 0
0 0 633 -0.00367627 -0.958969 -1.90265 2.5931 0 0
0 0 634 -0.215356 -0.452787 1.07125 -3.43178 0 0
0 0 635 -2.36352 1.45825 0.792889 -4.86559 0 0
0 0 636 1.15275 2.36492 0.0804182 -2.29685 0 0
0 0 637 2.43555 3.23585 -1.46161 0.0897178 0 0
0 0 638 -5.34319 -3.82296 -0.356055 0.249905 0 0
0 0 639 5.95822 2.44654 2.06515 -0.726688 0 0
0 0 640 -6.17724 4.93942 4.25197 -0.838165 0 0
0 0 641 -3.19284 -1.12926 -1.15086 -7.21053 0 0
0 0 642 1.55875 3.73378 -1.54803 -3.55593 0 0
0 0 643 -0.637308 2.16772 0.405328 -5.19926 0 0
0 0 644 -4.1408 -4.08946 2.01105 -2.01629 0 0
0 0 645 0.27316 -1.07677 2.48052 4.4925 0 0
0 0 646 5.56937 -2.65167 -1.22652 1.81853 0 0
0 0 647 -1.2461 -0.718532 0.238348 4.30902 0 0
0 0 648 2.25796 3.19038 0.593436 -2.88603 0 0
0 0 649 6.83695 0.0217545 2.65657 -3.02207 0 0
0 0 650 4.68184 -0.0384176 -2.82953 -1.69326 0 0
0 0 651 -0.887983 4.87807 1.70779 3.35759 0 0
0 0 652 -3.84287 0.35127 0.761566 -1.84911 0 0
0 0 653 -0.183643 1.18429 4.72963 1.69315 0 0
0 0 654 -5.90122 2.53086 -2.35982 1.32876 0 0
0 0 655 0.266839 4.13712 5.57802 -0.545596 0 0
0 0 656 0.60349 1.53068 1.19712 -0.69229 0 0
0 0 657 -1.64308 0.503977 -0.872911 -1.1139 0 0
0 0 658 -1.17753 2.50236 -3.46056 -7.45268 0 0
0 0 659 0.419877 -2.13031 -2.76872 -3.18412 0 0
0 0 660 0.593279 3.53906 3.93691 1.72618 0 0
0 0 661 1.86195 6.47086 0.948462 0.375454 0 0
0 0 662 -1.83213 -3.57319 3.94116 -4.35996 0 0
0 0 663 -0.72195 -6.85925 -0.236313 2.52545 0 0
0 0 664 2.39827 -0.0196583 1.40544 -1.13655 0 0
0 0 665 0.0752718 -2.60717 -0.797264 1.77147 0 0
0 0 666 1.00652 4.50469 -2.1381 2.66446 0 0
0 0 667 0.103422 3.05575 -0.508348 0.801556 0 0
0 0 668 -1.79392 -2.02679 -2.82387 -6.69948 0 0
0 0 669 3.94149 2.53047 0.810587 3.02586 0 0
0 0 670 -1.4163 -2.17483 5.49724 6.02825 0 0
0 0 671 -1.22102 1.80879 0.721056 -1.00407 0 0
0 0 672 2.28476 -2.14433 2.11726 -1.435 0 0
0 0 673 1.77719 -1.41365 1.42728 -0.903978 0 0
0 0 674 3.23021 -1.65292 3.59436 -1.61843 0 0
0 0 675 4.64715 0.909917 7.31379 -0.298383 0 0
0 0 676 0.558579 -6.55905 -2.03334 -0.263862 0 0
0 0 677 4.15433 -3.31286 -0.991123 4.05877 0 0
0 0 678 1.02785 3.04511 -1.19109 -3.67926 0 0
0 0 679 4.22272 -0.544726 1.41332 -2.44744 0 0
0 0 680 5.84269 -3.75603 2.09383 1.78086 0 0
0 0 681 -1.03464 0.021853 2.19809 -5.79577 0 0
0 0 682 -0.999116 -1.27577 4.79644 -1.65612 0 0
0 0 683 -6.41313 2.88887 -1.06841 -4.75139 0 0
0 0 684 3.95449 4.33382 -6.79354 -1.90428 0 0
0 0 685 -5.41044 -1.14921 4.26457 -0.757126 0 0
0 0 686 -0.123564 2.53876 1.53126 0.451658 0 0
0 0 687 -0.12889 -1.41048 -1.62076 0.323064 0 0
0 0 688 1.00596 -2.96693 2.45115 -5.57165 0 0
0 0 689 -1.69811 0.220293 3.52724 3.35538 0 0
0 0 690 -0.245136 -2.09416 2.5524 -3.26196 0 0
0 0 691 -3.90388 -4.58407 -4.17252 -4.06699 0 0
0 0 692 -4.86998 3.02356 -3.36558 2.13985 0 0
0 0 693 5.46277 -2.59605 -2.51607 -0.622675 0 0
0 0 694 4.22269 3.14353 -0.0185745 1.87578 0 0
0 0 695 -3.59438 -3.73644 2.06276 -2.58897 0 0
0 0 696 4.119 -2.73232 1.75312 1.5931 0 0
0 0 697 -7.12392 2.23793 -1.31516 -3.58988 0 0
0 0 698 1.28221 -0.252704 -0.367969 0.670968 0 0
0 0 699 4.43343 -0.0377531 2.72858 0.712165 0 0
0 0 700 -0.522741 -6.2463 0.787859 1.70968 0 0
0 0 701 -0.441854 0.448675 0.183318 4.35886 0 0
0 0 702 -0.134901 -0.588764 3.95272 2.31013 0 0
0 0 703 3.80888 -0.322198 0.343627 -2.31964 0 0
0 0 704 -6.12959 2.10721 -0.0904085 -0.523816 0 0
0 0 705 -4.91182 0.729273 -1.81538 -4.2699 0 0
0 0 706 3.77742 -0.943544 -0.914859 6.01608 0 0
0 0 707 5.11318 -2.16115 -3.33496 1.47844 0 0
0 0 708 1.19794 -0.775985 4.38147 -0.324548 0 0
0 0 709 1.1199 -0.461583 -2.28454 -3.32208 0 0
0 0 710 -1.98734 0.524458 0.774987 -1.18817 0 0
0 0 711 2.77817 -3.11096 -0.65417 2.21858 0 0
0 0 712 -4.27747 2.84215 5.50377 -5.64348 0 0
0 0 713 -1.44737 2.24069 -0.467379 -3.02938 0 0
0 0 714 -1.34552 -0.450817 1.50779 7.53037 0 0
0 0 715 1.91953 -1.28889 -3.51995 0.69068 0 0
0 0 716 2.33884 5.39277 5.57158 2.83042 0 0
0 0 717 3.68276 -1.12932 -0.798653 -0.100155 0 0
0 0 718 -0.115562 2.54544 1.63988 0.338704 0 0
0 0 719 6.25184 1.80761 0.3014 0.257297 0 0
0 0 720 1.13587 -2.86594 0.641875 -6.42537 0 0
0 0 721 1.42918 -4.74447 -3.22472 0.544293 0 0
0 0 722 -0.0889343 2.35288 0.476512 -2.27547 0 0
0 0 723 1.99278 3.91162 -1.91301 -2.62476 0 0
0 0 724 2.23166 -3.34078 -0.720075 -1.45319 0 0
0 0 725 -2.8517 3.47594 -0.462924 -3.26479 0 0
0 0 726 2.44761 3.52115 2.39344 1.7276 0 0
0 0 727 -2.12684 0.779813 -0.869177 -0.876869 0 0
0 0 728 -1.7103 5.49597 2.50863 -4.26194 0 0
0 0 729 4.07207 3.35597 0.142887 -5.76007 0 0
0 0 730 -2.92137 -2.99624 0.45489 -0.194465 0 0
0 0 731 -1.80681 -3.7062 0.559547 -0.434894 0 0
0 0 732 1.50964 5.25166 3.33931 -2.2272 0 0
0 0 733 -2.40316 2.56702 -1.4717 -2.17277 0 0
0 0 734 -2.15259 3.53782 3.88348 -2.53146 0 0
0 0 735 -3.71849 2.6994 -0.906582 -1.08446 0 0
0 0 736 -4.12558 2.14326 2.23551 1.61497 0 0
0 0 737 3.08288 -5.19114 2.75833 -0.060181 0 0
0 0 738 3.52889 -0.664075 -1.48955 -2.08739 0 0
0 0 739 -1.93606 -0.416958 -3.08298 3.59899 0 0
0 0 740 -2.12336 -7.21643 -2.44087 0.544446 0 0
0 0 741 1.6142 1.0809 -7.31632 -1.29573 0 0
0 0 742 2.14992 -2.2294 3.87809 3.41144 0 0
0 0 743 -1.03697 0.347955 -2.05855 2.28914 0 0
0 0 744 -2.29139 -0.0267446 -2.22618 0.0872381 0 0
0 0 745 -0.142354 -0.164433 0.371141 -2.01235 0 0
0 0 746 2.68608 2.4632 1.59779 -1.13496 0 0
0 0 747 1.22598 -6.16028 -3.32569 -2.41113 0 0
0 0 748 1.03808 -3.21909 0.420742 -7.27372 0 0
0 0 749 -0.0727507 1.6995 -1.88313 2.57945 0 0
0 0 750 1.80697 0.651845 3.19233 3.47481 0 0
0 0 751 3.23613 -0.332615 0.457899 5.82187 0 0
0 0 752 4.14977 1.47801 -1.23008 5.32166 0 0
0 0 753 1.28561 0.678168 -0.23352 2.42823 0 0
0 0 754 -1.61874 0.720315 -0.87551 0.783324 0 0
0 0 755 4.39765 -2.22895 -2.01633 -0.890801 0 0
0 0 756 3.98645 -3.75824 -3.86048 -0.144953 0 0
0 0 757 -0.333622 0.574957 -0.455461 1.418 0 0
0 0 758 2.59542 -4.8409 3.3183 -6.50468 0 0
0 0 759 -0.513103 1.40492 2.92301 -3.41547 0 0
0 0 760 0.616713 2.17805 0.236231 1.38292 0 0
0 0 761 -2.46489 5.83909 -3.27017 1.15362 0 0
0 0 762 3.48732 4.78197 -4.06354 2.18922 0 0
0 0 763 -3.83831 1.68568 2.24234 -1.87112 0 0
0 0 764 -3.01095 1.00125 -1.21961 2.32391 0 0
0 0 765 1.15351 5.0345 1.63485 1.67801 0 0
0 0 766 -1.32894 -1.68516 1.24197 0.166386 0 0
0 0 767 -0.142696 1.70434 0.815831 -0.71797 0 0
0 0 768 -1.56177 -2.79642 -4.16156 1.72376 0 0
0 0 769 -3.89783 3.96281 -3.06446 -0.932245 0 0
0 0 770 0.564292 -2.32759 -1.34708 -1.46266 0 0
0 0 771 -4.29739 -0.0780368 -2.38691 5.35017 0 0
0 0 772 -4.79001 -5.68175 2.22263 4.99627 0 0
0 0 773 0.113756 -3.95675 1.67681 2.07311 0 0
0 0 774 4.58719 1.35673 -6.41515 0.491389 0 0
0 0 775 3.43733 3.4378 1.58597 4.66613 0 0
0 0 776 1.08463 0.815664 -5.71356 1.47613 0 0
0 0 777 0.185972 -0.0642632 -2.08634 3.37329 0 0
0 0 778 2.69346 -1.36096 -4.84844 -0.682721 0 0
0 0 779 4.59863 2.02196 -0.54375 1.11116 0 0
0 0 780 2.77127 5.71324 1.08952 2.40484 0 0
0 0 781 -0.872545 -4.98154 8.42883 -3.22333 60.2918 8.69763
0 0 782 -0.843204 -1.09007 -2.02677 2.55074 0 0
0 0 783 -5.88437 1.85868 -3.26069 -1.62019 0 0
0 0 784 -4.89499 -8.18498 4.40706 -0.404648 0 0
0 0 785 3.30518 -5.92297 2.60002 -3.80116 0 0
0 0 786 5.89401 -2.25398 1.82056 -4.22729 0 0
0 0 787 2.61941 1.4855 0.143037 4.84352 0 0
0 0 788 1.48238 -7.53629 1.0992 3.80564 0 0
0 0 789 -3.76386 -0.397045 -3.29602 2.46541 0 0
0 0 790 -0.0590196 -0.561597 1.76976 -3.68008 0 0
0 0 791 -6.70341 -1.95302 2.1713 -1.82169 0 0
0 0 792 1.43211 2.27401 -1.32572 3.29135 0 0
0 0 793 -3.43091 1.23182 -0.22437 -7.82829 0 0
0 0 794 -3.46605 -1.64196 -2.70258 5.34317 0 0
0 0 795 -2.51573 -0.68019 5.33364 0.278553 0 0
0 0 796 -3.70395 -2.90249 0.184388 -2.69793 0 0
0 0 797 -1.09666 2.72683 -0.657381 0.44825 0 0
0 0 798 -0.878138 2.63622 5.27754 1.69477 0 0
0 0 799 -3.79804 0.860792 4.48981 2.77575 0 0
0 0 800 0.72714 4.25093 0.874594 2.08878 0 0
0 0 801 -0.280565 6.74643 1.6288 -1.24167 0 0
0 0 802 0.564815 0.903507 -1.43541 0.608396 0 0
0 0 803 4.43376 1.12013 -3.54534 -2.04029 0 0
0 0 804 0.14859 2.02201 0.320407 -0.648699 0 0
0 0 805 6.78917 -0.506305 6.64142 1.53173 0 0
0 0 806 -2.36112 1.58545 2.56914 -1.80607 0 0
0 0 807 -0.30246 -1.28391 -2.15115 1.2148 0 0
0 0 808 -0.622687 -2.6282 1.70911 -0.0662407 0 0
0 0 809 0.238441 -3.9962 4.26524 1.02072 0 0
0 0 810 3.81775 -1.19126 2.29984 -3.94645 0 0
0 0 811 0.81259 -3.97348 -4.00606 0.414898 0 0
0 0 812 -7.09802 -2.73951 2.75029 -1.1591 0 0
0 0 813 5.13192 1.49141 -2.31493 -1.51964 0 0
0 0 814 -1.35917 3.66671 -4.92184 -0.835721 0 0
0 0 815 0.749153 3.20114 -1.91425 0.865192 0 0
0 0 816 -5.02141 1.9014 -0.771952 1.37569 0 0
0 0 817 3.6444 -1.88988 2.00341 4.27704 0 0
0 0 818 2.11303 -3.74921 -2.14648 3.06359 0 0
0 0 819 0.282751 2.15049 1.71897 0.207214 0 0
0 0 820 -2.72227 -0.622375 -2.81999 -1.28835 0 0
0 0 821 -3.0777 2.49554 1.81726 -2.64841 0 0
0 0 822 -2.75551 -1.01266 0.874555 2.90346 0 0
0 0 823 0.972665 -1.23163 -0.488281 -0.444761 0 0
0 0 824 -1.29759 5.34446 0.768913 0.332628 0 0
0 0 825 0.662183 6.2292 0.574144 0.305491 0 0
0 0 826 0.504058 0.0471757 -1.38795 2.31062 0 0
0 0 827 3.07732 -1.04109 0.11447 -0.981419 0 0
0 0 828 1.37482 1.59981 -5.10321 6.25705 0 0
0 0 829 -2.19125 -3.24794 0.133613 -1.85593 0 0
0 0 830 -3.49359 1.92182 -3.0274 -1.8283 0 0
0 0 831 2.11242 -0.186731 -3.27945 3.61932 0 0
0 0 832 -1.43821 -2.99195 -2.88746 0.647798 0 0
0 0 833 -3.03019 0.511729 -0.523813 -1.71598 0 0
0 0 834 3.25212 2.2793 0.288264 -1.0028 0 0
0 0 835 3.03683 3.01641 -3.25361 -0.426468 0 0
0 0 836 -2.79347 -0.187222 0.710635 1.17819 0 0
0 0 837 1.10723 -5.52251 1.08913 2.5108 0 0
0 0 838 -3.9705 -1.82529 0.504813 2.3976 0 0
0 0 839 2.08724 0.764023 -0.0645111 1.54077 0 0
0 0 840 -1.79836 1.4587 0.116837 -2.68321 0 0
0 0 841 -1.16394 -1.1311 -6.6725 1.70675 0 0
0 0 842 -0.568205 5.8112 5.05393 -1.63515 0 0
0 0 843 -0.921079 -0.171401 -0.643092 -1.19442 0 0
0 0 844 0.845624 6.09893 4.56624 -0.0142253 0 0
0 0 845 -3.45346 1.97929 5.71005 3.80979 0 0
0 0 846 -3.08991 1.41453 1.97954 0.294533 0 0
0 0 847 -0.953418 3.9596 -6.94895 0.970438 0 0
0 0 848 2.36606 1.75219 -1.26145 -2.60763 0 0
0 0 849 3.25861 2.41566 -0.522757 3.63239 0 0
0 0 850 0.9339 -2.13876 -3.40643 -3.71075 0 0
0 0 851 -1.68842 8.57543 0.639022 0.550114 0 0
0 0 852 3.65205 -5.05334 2.68837 -4.95601 0 0
0 0 853 6.82189 -0.977682 3.2656 1.72899 0 0
0 0 854 -1.62265 4.50569 -1.79107 -0.788859 0 0
0 0 855 9.36932 2.31913 -1.39073 1.87265 0 0
0 0 856 5.02568 0.0615945 0.0079644 0.700743 0 0
0 0 857 5.24653 8.32854 -1.73094 0.641606 0 0
0 0 858 3.08511 0.636835 0.473528 -0.299347 0 0
0 0 859 5.87265 -1.51075 -4.20539 -0.715896 0 0
0 0 860 6.40676 0.193856 -3.74923 -7.7575 0 0
0 0 861 6.82553 -1.96013 -6.37858 5.72447 0 0
0 0 862 8.31997 6.01674 2.94055 0.728084 0 0
0 0 863 12.684 0.780956 -7.03437 -2.30964 0 0
0 0 864 14.0375 1.4104 -7.03957 0.0986639 0 0
0 0 865 10.8461 3.45939 -11.4736 -6.06067 -36.6107 7.19703
0 0 866 6.28492 10.8213 -9.1999 -3.21713 -20.1851 5.85229
0 0 867 10.1144 -0.835186 -4.02678 -1.93886 0 0
0 0 868 9.51285 1.98295 -3.43413 2.50318 0 0
0 0 869 14.2396 1.84279 -4.06183 0.249194 0 0
0 0 870 10.8631 -3.45208 -3.68355 3.72198 0 0
0 0 871 10.7213 0.0206184 -4.05122 -2.66803 0 0
0 0 872 7.34517 2.77724 -5.03732 -5.02172 0 0
0 0 873 8.35946 3.23397 -8.25823 0.40269 0 0
0 0 874 5.44174 -3.78917 1.82139 2.33201 0 0
0 0 875 4.81775 2.69534 -9.2909 -8.08377 0 0
0 0 876 9.7727 0.916405 -4.63797 0.490545 0 0
0 0 877 8.6742 -2.12218 -5.26437 0.013375 0 0
0 0 878 12.3374 5.60519 -6.30106 -0.502514 0 0
0 0 879 9.57377 -4.26405 -5.07739 2.40383 0 0
0 0 880 3.12839 3.39797 -6.21692 -3.49814 0 0
0 0 881 7.16004 1.79515 -1.15078 -0.758863 0 0
0 0 882 8.53244 -0.945448 -7.6567 3.06586 0 0
0 0 883 5.82985 2.58635 -4.49078 -6.68844 0 0
0 0 884 6.42677 1.13443 -4.08009 0.168356 0 0
0 0 885 12.0997 -0.966764 -5.55484 2.52104 0 0
0 0 886 7.08743 2.93485 -12.4725 2.53144 -38.3794 6.74605
0 0 887 5.54596 4.14673 -9.37176 -1.06945 -33.066 8.36734
0 0 888 3.52995 3.48327 -1.54598 0.983312 0 0
0 0 889 4.99788 2.50454 -4.70062 2.93162 0 0
0 0 890 8.71848 2.82205 -0.452827 2.87876 0 0
0 0 891 6.30951 4.64445 -2.10763 -4.33938 0 0
0 0 892 5.36555 1.14384 -2.51248 -4.76837 0 0
0 0 893 -2.40059 1.04014 -2.91684 -2.89556 0 0
0 0 894 6.75051 -0.448348 -4.48913 -3.38398 0 0
0 0 895 0.0956533 2.58007 -0.893058 -3.25663 0 0
0 0 896 7.43414 1.50913 -2.53803 2.1449 0 0
0 0 897 3.97503 4.68315 -1.79763 -0.159425 0 0
0 0 898 4.10493 -1.10616 -9.52235 0.553677 0 0
0 0 899 8.5487 1.42324 -6.03663 4.40144 0 0
0 0 900 6.55398 4.68888 -2.55358 -3.67136 0 0
0 0 901 5.44807 -1.35496 -13.0848 -0.628971 -47.956 6.59042
0 0 902 14.0829 6.18775 -8.11325 -0.251891 -26.3341 8.27885
0 0 903 9.82508 0.721405 -5.49217 -3.48339 0 0
0 0 904 11.0402 1.50567 -11.1209 0.0655585 -41.1448 7.72117
0 0 905 12.3885 5.5919 -9.483 -0.483635 -29.7366 7.73579
0 0 906 11.8884 -1.69249 -16.216 -4.09752 -47.9792 5.31733
0 0 907 10.4516 5.28713 -15.5962 -0.0469724 -35.6367 5.22987
0 0 908 18.0428 -2.42165 -8.08659 -4.45378 0 0
0 0 909 16.3751 0.470489 -9.1085 -0.688722 0 0
0 0 910 15.7224 0.834972 -13.8619 -4.09652 -43.2765 6.24597
0 0 911 17.886 2.5157 -9.24315 -3.67486 0 0
0 0 912 13.8277 -0.51349 -14.5561 -4.15894 -46.0102 5.95618
0 0 913 17.0905 -0.916392 -14.2966 -8.54628 -46.8338 6.05442
0 0 914 15.3196 4.2484 -13.2239 6.77569 -36.0948 6.20496
0 0 915 21.3485 -3.44694 -18.7174 2.56838 -50.2173 4.54804
0 0 916 18.4271 -3.92292 -11.6787 4.0532 -54.2837 6.99161
0 0 917 27.9089 -0.45051 -19.5006 -1.36253 -45.6617 4.44775
0 0 918 21.3117 0.756374 -14.8826 -0.0449066 -43.5453 5.82109
0 0 919 20.0158 1.76065 -14.3765 -0.636693 -41.509 5.98387
0 0 920 22.3793 -2.36338 -16.5196 -1.39825 -49.0709 5.19164
0 0 921 22.144 -4.60098 -13.0088 -4.93795 -54.7389 6.23806
0 0 922 25.713 0.550723 -15.2353 1.62409 -43.9649 5.69046
0 0 923 19.0864 3.28365 -14.4738 -0.13849 -38.6089 5.82548
0 0 924 25.0893 0.53351 -21.5477 -1.03453 -44.2908 4.02504
0 0 925 24.5678 1.15059 -15.2111 -3.75601 -42.8372 5.68522
0 0 926 29.1114 0.453118 -19.2252 -1.20925 -44.3249 4.51141
0 0 927 26.0517 0.602284 -19.1407 7.32211 -44.0989 4.53022
0 0 928 36.9961 0.217953 -18.8756 -1.75554 -44.6692 4.59608
0 0 929 34.6804 -1.75792 -19.889 -0.38267 -47.5255 4.34291
0 0 930 34.8729 -2.30994 -19.033 -1.68361 -48.4599 4.52056
0 0 931 40.4932 1.51406 -18.531 2.69531 -42.6645 4.66416
0 0 932 49.9119 -2.50378 -13.9497 -1.0584 -50.0877 6.10815
0 0 933 45.9511 -1.7219 -17.1573 3.52874 -47.8655 5.02793
0 0 934 50.7097 -1.10378 -11.4534 -1.15858 -47.7523 7.53522
0 0 935 57.817 -0.759855 -13.3955 -5.74583 -46.6233 6.46499
0 0 936 54.847 -2.6548 -9.23796 -0.0982321 0 0
0 0 937 61.5738 -2.28825 -1.28307 6.38775 0 0
0 0 938 61.3038 0.558563 3.83922 2.2546 0 0
0 0 939 68.7672 -2.42331 6.21621 -3.95446 0 0
0 0 940 77.5564 4.03136 10.0762 6.58021 34.0972 7.91594
0 0 941 85.1374 -0.899235 13.7197 0.180936 46.875 6.30835
0 0 942 79.9265 6.19976 22.0013 0.728049 37.1313 3.77581
0 0 943 91.5618 5.94125 28.395 -2.36956 39.0911 2.98183
0 0 944 93.63 7.18465 34.6289 2.9524 39.1394 2.44602
0 0 945 104.53 3.60482 33.2861 3.91433 41.9095 2.58923
0 0 946 107.213 5.84718 36.2279 -4.72265 40.4158 2.36
0 0 947 105.1 4.75413 38.0726 4.65572 41.4412 2.2588
0 0 948 115.719 11.8145 38.7001 3.74813 36.5117 2.13121
0 0 949 113.949 7.60944 41.8814 6.49695 39.8511 2.03359
0 0 950 113.885 3.34419 42.0386 5.48329 42.7258 2.05642
0 0 951 106.972 9.21257 40.6786 5.91514 38.6197 2.07296
0 0 952 108.08 11.809 39.7335 0.283606 36.7239 2.08102
0 0 953 105.914 7.32464 31.7952 5.0978 38.5136 2.64959
0 0 954 105.164 8.77468 28.0623 1.64627 36.3182 2.93217
0 0 955 98.4931 6.89627 20.7077 2.86624 35.7904 3.94696
0 0 956 92.2802 6.99652 24.7312 3.7773 37.1018 3.35792
0 0 957 82.1568 5.57599 18.3121 3.50199 36.5323 4.50513
0 0 958 82.2663 1.2585 10.102 2.74724 41.4494 8.51333
0 0 959 71.8931 0.881847 9.73576 -4.24017 42.4122 8.87008
0 0 960 74.5681 3.74361 10.99 1.86776 35.5946 7.41769
0 0 961 68.7527 2.99237 6.06181 1.79898 0 0
0 0 962 70.5317 -2.98045 5.25297 -2.98384 0 0
0 0 963 64.4635 -5.09596 7.91209 -3.59254 0 0
0 0 964 60.6771 3.10892 -4.76575 6.39226 0 0
0 0 965 60.3103 -0.407673 -0.0192397 0.478483 0 0
0 0 966 56.1035 -4.27119 0.798726 -2.8696 0 0
0 0 967 56.0899 -2.51272 -4.81804 -3.2833 0 0
0 0 968 55.7178 0.230808 0.472026 6.40536 0 0
0 0 969 54.6948 -2.72335 -1.82526 -0.165907 0 0
0 0 970 45.2741 -4.86061 -4.98598 -3.6047 0 0
0 0 971 48.679 -2.97561 -4.27308 -1.42286 0 0
0 0 972 47.452 -5.04025 -3.31028 3.12965 0 0
0 0 973 46.8818 -1.54293 -8.50493 0.234489 0 0
0 0 974 45.9896 -2.805 -4.12822 4.54148 0 0
0 0 975 48.1902 -4.65857 -4.56109 -7.36393 0 0
0 0 976 46.9058 5.94531 -1.18917 -6.82632 0 0
0 0 977 41.1461 -6.94749 -1.23626 -8.0932 0 0
0 0 978 43.4064 1.88044 -4.58252 4.5992 0 0
0 0 979 44.2059 -3.68585 -6.30355 -0.655951 0 0
0 0 980 42.3886 -7.0331 -3.14897 -0.275035 0 0
0 0 981 39.0955 -6.34597 -0.928802 -6.59565 0 0
0 0 982 32.8049 -6.69262 -4.17652 -6.33766 0 0
0 0 983 36.2017 -5.39623 -7.3072 -6.06965 0 0
0 0 984 32.8688 -4.51423 -2.17785 0.681405 0 0
0 0 985 38.5871 -4.04374 -5.98466 -4.4103 0 0
0 0 986 37.0639 -6.90786 -1.11382 -6.5355 0 0
0 0 987 26.9528 -1.16716 -4.45759 -9.94236 0 0
0 0 988 27.8201 -4.55163 -2.31129 -5.35278 0 0
0 0 989 27.0625 -6.76819 -1.3508 -5.89673 0 0
0 0 990 23.4341 -3.7532 -4.24585 -0.30413 0 0
0 0 991 25.7499 -7.37398 -5.24814 -6.24627 0 0
0 0 992 26.3801 -7.74005 -4.00816 -1.68036 0 0
0 0 993 21.406 -10.6207 -3.91975 -3.6209 -79.8712 7.17088
0 0 994 23.751 -0.193384 -4.89009 -1.26993 0 0
0 0 995 21.2206 -5.98028 -1.35557 -4.33672 0 0
0 0 996 23.739 -5.32442 -0.871504 -4.07463 0 0
0 0 997 19.3939 -0.509521 -3.33227 0.763818 0 0
0 0 998 23.6881 -4.70015 -0.219502 -5.83553 0 0
0 0 999 20.1237 -1.26294 -3.64671 1.55018 0 0
0 0 1000 16.8922 -6.71204 -4.65193 -2.65843 0 0
0 0 1001 14.8866 -9.82541 3.68365 -1.44142 79.7242 7.7386
0 0 1002 18.7757 -0.270014 0.0404015 4.27601 0 0
0 0 1003 19.9767 -2.32307 3.97439 -7.00591 0 0
0 0 1004 14.3922 -7.12392 -4.32237 -2.84908 0 0
0 0 1005 14.0376 -6.01425 -2.38597 -3.75776 0 0
0 0 1006 10.1741 2.32552 -1.65963 2.37343 0 0
0 0 1007 8.65909 -3.816 2.42041 -5.63178 0 0
0 0 1008 6.8343 -2.67949 5.8432 0.0794126 0 0
0 0 1009 11.8367 -2.72264 -3.31118 -0.596697 0 0
0 0 1010 12.4043 -6.40302 1.10457 2.77071 0 0
0 0 1011 8.42252 -3.67441 0.178948 0.348736 0 0
0 0 1012 11.4703 -7.10643 1.69265 -0.803164 0 0
0 0 1013 12.3943 -2.45703 -3.75353 -1.52516 0 0
0 0 1014 9.69157 -3.10633 1.40068 -4.36862 0 0
0 0 1015 6.694 -5.09654 -1.97704 0.382028 0 0
0 0 1016 3.13611 -0.503228 -0.516615 3.78901 0 0
0 0 1017 6.54082 1.64781 -1.21384 -0.126565 0 0
0 0 1018 7.55181 -1.81862 -6.61455 0.710724 0 0
0 0 1019 9.99479 -0.654931 2.10063 -5.81457 0 0
0 0 1020 3.94398 2.09423 -0.78256 1.35231 0 0
0 0 1021 5.69674 -0.953151 -0.153842 1.96927 0 0
0 0 1022 4.34364 1.23616 1.718 -0.82351 0 0
0 0 1023 9.23556 -4.1406 -4.07361 -3.50507 0 0
