# File: uwl_221213_030504_Combined.rf.sbC2.RMC_aux Src: J1713+0747 Nsub: 1 Nch: 1 Npol: 4 Nbin: 1024 RMS: 4.91291
0 0 0 2.87411 -1.30207 -1.56472 -0.595844 0 0
0 0 1 6.76659 2.23919 5.6387 -2.90636 0 0
0 0 2 10.8066 -4.21711 2.94772 -0.77958 0 0
0 0 3 13.1436 -5.32831 -0.66104 6.07161 0 0
0 0 4 2.70247 -0.229098 2.13495 9.11188 0 0
0 0 5 5.10801 -8.03622 -6.33898 3.18256 0 0
0 0 6 8.08887 -4.84191 2.19912 -1.88296 0 0
0 0 7 11.5318 5.24174 -2.12714 -0.410049 0 0
0 0 8 11.0462 0.551399 -4.03226 0.211562 0 0
0 0 9 14.3741 1.69194 0.165958 -1.70449 0 0
0 0 10 1.83731 -2.66456 4.47498 -1.66137 0 0
0 0 11 3.91295 -0.851577 6.59317 -6.28736 0 0
0 0 12 6.80773 -6.34432 0.795754 -2.89064 0 0
0 0 13 -2.16136 -4.49989 1.62949 4.42202 0 0
0 0 14 10.2288 -4.23082 3.53686 -3.32051 0 0
0 0 15 2.20168 -8.87071 -13.7979 -3.66947 0 0
0 0 16 16.3415 -2.24804 1.38425 4.04555 0 0
0 0 17 -2.13265 7.21843 -3.77036 2.09105 0 0
0 0 18 7.1555 3.87845 -2.02752 -1.67572 0 0
0 0 19 0.785841 2.94435 6.98411 -5.25919 0 0
0 0 20 -0.42249 0.020177 0.190341 -3.70032 0 0
0 0 21 0.730812 -4.19281 -2.21363 3.23104 0 0
0 0 22 -1.97724 2.42623 6.26674 0.586733 0 0
0 0 23 10.3201 1.58761 7.53048 0.0737587 0 0
0 0 24 3.38618 0.99831 -0.224792 7.94724 0 0
0 0 25 -1.16069 7.43771 -3.80795 -0.472072 0 0
0 0 26 8.43374 -4.43689 -3.74144 -4.36895 0 0
0 0 27 4.63897 -8.38141 -3.57045 -0.930227 0 0
0 0 28 -2.65198 -1.37087 5.9712 -2.766 0 0
0 0 29 6.57528 6.7551 -2.82126 5.23049 0 0
0 0 30 0.845063 4.28633 2.52775 -0.208838 0 0
0 0 31 -0.844179 1.5555 -0.739161 3.55878 0 0
0 0 32 -3.52798 -0.546399 4.32146 -6.78141 0 0
0 0 33 1.74887 3.4077 2.34566 1.14531 0 0
0 0 34 10.4564 4.97317 0.657182 -6.06485 0 0
0 0 35 5.01182 0.40819 1.83621 -0.891057 0 0
0 0 36 2.83943 1.41714 -4.28806 -1.73329 0 0
0 0 37 0.689941 -12.1221 1.44028 2.57017 0 0
0 0 38 8.29682 -6.83086 5.4331 -5.38648 0 0
0 0 39 -4.31939 -0.426077 10.6077 5.96868 0 0
0 0 40 1.50648 4.23903 -3.39053 -3.19642 0 0
0 0 41 -7.18454 -1.46365 0.402704 0.982121 0 0
0 0 42 10.3728 -1.29991 12.0041 -0.0823622 0 0
0 0 43 2.97718 -3.60742 1.74148 -2.81797 0 0
0 0 44 1.85347 -2.24363 -1.62801 7.90797 0 0
0 0 45 4.91216 -2.78114 3.06244 -4.56652 0 0
0 0 46 5.48836 0.195332 1.55003 1.06823 0 0
0 0 47 -1.50839 2.98553 8.18291 -8.92015 0 0
0 0 48 -2.06673 1.65595 -5.7691 -1.53375 0 0
0 0 49 7.2317 6.88602 4.4897 -4.83018 0 0
0 0 50 -0.392894 11.7795 8.19163 6.41162 0 0
0 0 51 -1.50954 -0.67883 2.05904 -3.97721 0 0
0 0 52 1.68126 0.240135 -9.83954 -1.51659 0 0
0 0 53 3.30766 1.42316 -2.15971 4.15483 0 0
0 0 54 0.170307 -2.9054 0.553699 -0.993322 0 0
0 0 55 -6.68028 -9.0092 13.7986 -1.39133 0 0
0 0 56 10.9746 1.03295 -1.66643 -3.68672 0 0
0 0 57 4.22018 3.39446 -2.06723 5.80061 0 0
0 0 58 1.06717 -4.22465 4.01979 -0.487256 0 0
0 0 59 7.55585 7.00528 -5.05497 -1.57641 0 0
0 0 60 5.65998 4.34919 8.78971 -4.88281 0 0
0 0 61 11.2816 0.0585809 6.00736 -3.52724 0 0
0 0 62 5.51284 -5.20135 13.0207 -5.19318 0 0
0 0 63 -2.3349 -1.45125 0.193441 -3.89609 0 0
0 0 64 3.03593 3.02064 -1.61033 -10.2755 0 0
0 0 65 -4.25477 -10.4848 -3.21256 9.75618 0 0
0 0 66 8.40193 -3.98493 2.39513 6.40989 0 0
0 0 67 7.94729 4.15672 10.5247 -3.34582 0 0
0 0 68 5.50148 -3.71561 -2.19014 -0.389972 0 0
0 0 69 10.4417 -1.82588 5.98701 -2.35554 0 0
0 0 70 -1.30687 6.22798 6.92734 -4.5663 0 0
0 0 71 4.69624 4.02898 6.3959 3.05377 0 0
0 0 72 3.94379 10.7338 1.25685 -8.05554 0 0
0 0 73 6.21031 3.50337 -4.25935 1.76268 0 0
0 0 74 3.95764 5.64709 -4.31369 4.20143 0 0
0 0 75 2.25388 -8.27994 2.30117 2.37381 0 0
0 0 76 4.52829 6.02888 -2.80189 13.6182 0 0
0 0 77 10.9812 -0.0652347 -1.19682 0.161215 0 0
0 0 78 3.98663 3.64335 -1.33095 -6.92595 0 0
0 0 79 2.62389 -6.36139 3.03463 -2.71592 0 0
0 0 80 8.31369 -1.39793 1.96212 2.58886 0 0
0 0 81 0.366992 -11.9133 10.6508 -0.906029 0 0
0 0 82 4.87752 1.50975 4.60964 2.26456 0 0
0 0 83 5.02501 -1.23958 -0.319809 -5.41824 0 0
0 0 84 0.871008 7.62437 -1.67346 -7.75181 0 0
0 0 85 -2.12385 0.560341 1.59065 0.685904 0 0
0 0 86 1.15184 -2.44665 5.97016 -1.46663 0 0
0 0 87 2.28842 7.76643 1.08158 -0.451946 0 0
0 0 88 -4.47336 -2.93518 -7.74393 3.13758 0 0
0 0 89 3.54088 8.82165 -10.7879 -5.8254 0 0
0 0 90 -0.475349 4.018 -1.03565 -5.90093 0 0
0 0 91 -3.05243 4.63143 4.89135 -1.61105 0 0
0 0 92 -5.18988 0.381828 1.69623 -13.7046 0 0
0 0 93 6.75621 4.05923 3.70182 -2.51055 0 0
0 0 94 3.13182 9.56771 10.2712 10.9854 0 0
0 0 95 2.14315 -3.83305 1.82592 -0.347849 0 0
0 0 96 2.12257 -4.68762 -5.96505 3.80026 0 0
0 0 97 6.22449 1.95504 -5.1598 -5.51453 0 0
0 0 98 -0.767084 -4.96702 1.39235 -3.8133 0 0
0 0 99 -2.5725 3.99176 -2.79421 1.37715 0 0
0 0 100 0.868128 3.45711 -3.74984 -0.0207954 0 0
0 0 101 1.41039 5.21727 -6.44105 -2.52276 0 0
0 0 102 -7.24065 -6.1768 3.9824 -4.70042 0 0
0 0 103 7.90549 5.03542 -0.613006 -2.01712 0 0
0 0 104 6.51504 6.41665 -1.81909 7.54975 0 0
0 0 105 -2.49194 -8.42692 13.037 -9.20608 0 0
0 0 106 3.12291 4.14279 -6.41271 3.18729 0 0
0 0 107 -1.18027 -1.08317 -7.40009 -1.88915 0 0
0 0 108 4.23106 7.43349 -1.205 -2.21922 0 0
0 0 109 9.8876 -7.50334 3.2742 -3.29092 0 0
0 0 110 -8.12451 -10.0939 -1.97761 -3.82963 0 0
0 0 111 0.40829 1.93033 8.95577 -7.85561 0 0
0 0 112 -2.77452 3.01002 -4.96347 -2.51679 0 0
0 0 113 -4.47039 0.956158 -7.19433 -0.742541 0 0
0 0 114 -1.77461 -11.4355 -6.26621 -3.26217 0 0
0 0 115 5.66612 -5.87251 1.11325 1.91066 0 0
0 0 116 1.49144 -2.51679 5.03688 3.79291 0 0
0 0 117 -6.47563 -4.43817 -7.51639 1.79805 0 0
0 0 118 2.88094 0.552847 5.24829 0.233238 0 0
0 0 119 0.947733 4.74985 -4.42203 -5.33924 0 0
0 0 120 1.41141 7.81745 -4.9064 -5.33499 0 0
0 0 121 6.83822 1.36022 -0.261268 -7.61151 0 0
0 0 122 -0.599749 2.16615 -0.269028 3.62064 0 0
0 0 123 -1.66776 5.90204 0.486873 3.98483 0 0
0 0 124 6.48974 -0.519895 4.73756 0.880202 0 0
0 0 125 3.82635 -6.61788 -4.75135 3.27534 0 0
0 0 126 -1.55284 -3.54926 3.69189 2.29316 0 0
0 0 127 -8.66958 5.91787 2.27844 1.76229 0 0
0 0 128 6.61704 -1.58873 -1.79996 2.20045 0 0
0 0 129 7.50734 -0.921042 -4.48918 3.69947 0 0
0 0 130 4.33486 4.99488 4.72198 -3.481 0 0
0 0 131 2.08042 6.88921 7.74894 -7.86657 0 0
0 0 132 -5.30098 -1.07538 -6.01201 -1.60743 0 0
0 0 133 0.178044 1.04635 -7.5235 -2.48017 0 0
0 0 134 -0.471014 0.710761 2.1466 -1.87096 0 0
0 0 135 0.851938 0.395094 0.28951 1.04804 0 0
0 0 136 -4.22551 -7.66562 -4.01935 -7.38158 0 0
0 0 137 -2.7568 -1.16633 0.112778 9.88973 0 0
0 0 138 5.72265 -5.36541 0.880539 -4.17659 0 0
0 0 139 -6.93882 2.59884 -1.02815 -1.19687 0 0
0 0 140 6.26949 -0.782464 -4.65769 -1.24763 0 0
0 0 141 0.413316 12.4259 -6.57764 -7.79702 0 0
0 0 142 1.5309 -5.91565 -5.04513 -2.95073 0 0
0 0 143 -10.8462 1.79128 -2.52105 -0.530815 0 0
0 0 144 7.36766 2.50784 3.25678 -6.91593 0 0
0 0 145 -9.9301 -0.0701914 -1.53014 -7.82903 0 0
0 0 146 0.404305 3.45366 0.0471525 1.10329 0 0
0 0 147 -1.75489 -1.03867 2.58806 9.57112 0 0
0 0 148 1.03479 1.67106 -1.74412 4.417 0 0
0 0 149 8.15018 6.63747 -8.91102 2.32669 0 0
0 0 150 -0.00536048 -2.96138 1.19186 1.82004 0 0
0 0 151 -7.51902 3.96894 -1.11342 6.94053 0 0
0 0 152 -2.36155 1.24707 -10.1911 0.228243 0 0
0 0 153 4.32926 2.39158 -1.23631 -2.10599 0 0
0 0 154 1.91281 -3.12097 4.77446 -5.1836 0 0
0 0 155 6.73698 0.0568917 1.68674 -7.45135 0 0
0 0 156 6.75838 3.75739 -4.82051 -5.21888 0 0
0 0 157 3.08495 -2.28906 1.4132 -0.121181 0 0
0 0 158 -10.2591 0.279711 3.72742 0.678194 0 0
0 0 159 -0.302917 -3.30086 -4.02167 -3.21609 0 0
0 0 160 5.96384 -4.84076 -6.92689 0.522275 0 0
0 0 161 6.96274 4.9646 0.80564 -0.762636 0 0
0 0 162 1.97382 1.31084 -7.08216 -4.58832 0 0
0 0 163 2.3953 -6.0302 -2.22279 -1.6344 0 0
0 0 164 -2.68818 -15.4397 -0.73209 -0.662613 0 0
0 0 165 5.23032 3.10259 4.20984 8.50301 0 0
0 0 166 -0.272921 3.22816 -3.66261 3.60806 0 0
0 0 167 -2.71315 -0.472851 -3.1021 -3.71634 0 0
0 0 168 -0.747328 -1.11966 -6.89818 -12.118 0 0
0 0 169 -4.81845 1.38808 -0.390275 -3.16907 0 0
0 0 170 -1.08211 6.0262 4.19109 -1.87568 0 0
0 0 171 2.7338 3.66205 2.24878 -2.26281 0 0
0 0 172 2.7065 -3.43903 1.93701 0.968771 0 0
0 0 173 -5.41108 -4.15549 0.938433 -2.56878 0 0
0 0 174 -1.0348 1.47155 8.75575 4.56282 0 0
0 0 175 4.17723 8.76251 -2.92495 3.23338 0 0
0 0 176 -1.5743 -6.52056 3.85722 5.04934 0 0
0 0 177 -0.244956 3.50527 0.730804 -3.70188 0 0
0 0 178 2.5384 -6.65804 4.4371 7.69463 0 0
0 0 179 -3.05803 -6.47347 -1.97685 2.49444 0 0
0 0 180 1.73607 4.99072 -7.64776 2.07894 0 0
0 0 181 -9.23241 -2.02629 2.02901 -0.198381 0 0
0 0 182 5.83191 0.849168 0.118629 -3.99101 0 0
0 0 183 13.9978 -0.537048 -0.153479 -0.379699 0 0
0 0 184 -3.5025 0.374251 0.831133 -5.1065 0 0
0 0 185 1.99682 5.32278 -2.13274 1.01223 0 0
0 0 186 0.378096 -5.64857 -6.50543 -1.68266 0 0
0 0 187 -3.36994 0.482701 4.72623 -2.94026 0 0
0 0 188 5.95185 -2.8245 -12.3249 4.64768 0 0
0 0 189 1.72299 -0.164097 7.89216 6.092 0 0
0 0 190 2.42878 -5.64998 4.15551 -4.07065 0 0
0 0 191 -7.28494 -5.55198 5.05452 -1.9961 0 0
0 0 192 -4.0683 0.775362 -6.23322 -6.53535 0 0
0 0 193 11.9569 -1.80797 9.70011 6.53438 0 0
0 0 194 5.16677 2.21117 3.35186 2.25884 0 0
0 0 195 0.661785 2.43505 -1.6096 0.691827 0 0
0 0 196 1.00121 7.64879 -1.36756 0.948377 0 0
0 0 197 -0.276488 -4.23721 0.221399 5.61087 0 0
0 0 198 5.24979 -1.55337 -1.5124 1.55333 0 0
0 0 199 2.44052 -0.365773 2.25489 6.23257 0 0
0 0 200 4.96679 -5.20286 -0.93212 2.08656 0 0
0 0 201 -3.85853 -5.00229 1.82072 -4.10332 0 0
0 0 202 -2.127 -5.73864 4.17862 -0.447817 0 0
0 0 203 -0.860347 -0.216826 -11.8002 -0.26403 0 0
0 0 204 5.65823 8.68463 -1.76264 8.36606 0 0
0 0 205 7.68138 7.12364 -2.89419 -6.22061 0 0
0 0 206 -5.79918 0.298414 1.61067 -6.92028 0 0
0 0 207 -0.0453925 -0.670659 -0.715865 -9.66919 0 0
0 0 208 -0.0603656 -3.52283 -4.31573 4.18562 0 0
0 0 209 7.08672 -0.220979 1.96879 -2.93697 0 0
0 0 210 -2.55986 0.511865 2.47479 -5.84502 0 0
0 0 211 5.30576 3.37675 2.87928 4.61108 0 0
0 0 212 7.75766 4.1448 -9.36673 -6.74048 0 0
0 0 213 -1.13823 4.40186 -3.5365 3.00556 0 0
0 0 214 0.0337465 -2.69939 -14.0246 0.869872 0 0
0 0 215 -4.65594 3.70155 4.2615 1.82339 0 0
0 0 216 1.03212 -0.347789 -6.24437 6.28112 0 0
0 0 217 1.8053 -5.19045 5.3732 3.08733 0 0
0 0 218 5.12735 -5.91128 4.56989 -1.39888 0 0
0 0 219 -1.66686 1.92884 -6.12802 1.79523 0 0
0 0 220 1.03584 -2.61709 -4.41841 -2.90603 0 0
0 0 221 -0.300088 -0.581741 0.200447 -0.0460401 0 0
0 0 222 -0.122183 -1.28131 -0.69835 4.00502 0 0
0 0 223 2.49509 1.2909 -1.76456 1.30156 0 0
0 0 224 -0.326713 -3.72256 11.8479 -12.3628 0 0
0 0 225 6.58173 6.70593 -4.10196 9.46126 0 0
0 0 226 4.52841 1.10228 2.02328 -2.8051 0 0
0 0 227 -10.407 2.22247 -8.0367 -0.619619 0 0
0 0 228 7.96232 -0.341111 -7.01234 2.91687 0 0
0 0 229 0.560275 9.59016 -1.28783 5.90614 0 0
0 0 230 1.92624 -11.9537 1.24744 4.9837 0 0
0 0 231 4.92943 -3.39293 2.23215 3.88853 0 0
0 0 232 4.75221 -4.07644 -5.20903 7.93556 0 0
0 0 233 -1.97183 -7.32555 -9.69993 4.12299 0 0
0 0 234 5.64926 3.40175 0.97276 -0.375781 0 0
0 0 235 4.39083 -1.07783 -4.9638 4.52965 0 0
0 0 236 -4.29288 0.149355 -0.530216 0.616156 0 0
0 0 237 -6.32799 1.42893 -2.08171 8.28614 0 0
0 0 238 0.695988 -6.58233 -6.17951 0.15332 0 0
0 0 239 -4.4484 1.46713 -9.82447 5.13434 0 0
0 0 240 -6.07499 6.28661 -2.99185 10.092 0 0
0 0 241 1.26465 5.15806 0.726646 -1.88176 0 0
0 0 242 -14.256 1.15093 1.11531 -1.51063 0 0
0 0 243 -3.15677 4.16822 -8.06101 -3.23088 0 0
0 0 244 -3.07104 -0.448274 -6.41893 3.60251 0 0
0 0 245 -6.85386 -2.899 -5.64763 -0.323612 0 0
0 0 246 -1.24524 -0.470575 -6.19918 -7.96021 0 0
0 0 247 2.38122 -6.86757 0.246056 -2.3106 0 0
0 0 248 4.85128 1.42452 1.96383 -4.95336 0 0
0 0 249 0.874143 -8.51625 -1.63119 -0.565862 0 0
0 0 250 -6.63287 -2.98372 -6.43599 2.20502 0 0
0 0 251 0.016366 -4.42862 -3.39779 -4.62139 0 0
0 0 252 -0.662266 -5.99677 -5.83293 2.90155 0 0
0 0 253 9.79171 -3.76117 -0.904233 0.294282 0 0
0 0 254 -0.635868 4.79475 -0.244912 6.21756 0 0
0 0 255 -0.0303984 8.39227 -6.61019 -1.37765 0 0
0 0 256 4.09378 -3.95936 -5.80255 -0.314422 0 0
0 0 257 0.014673 -3.13844 6.37022 -11.7773 0 0
0 0 258 2.81329 8.80743 -2.95106 12.4715 0 0
0 0 259 5.35105 3.69017 -4.80715 0.669765 0 0
0 0 260 -1.90031 -2.27768 -7.67299 0.909366 0 0
0 0 261 0.586849 4.2363 3.06123 -8.12156 0 0
0 0 262 -0.936582 -5.62118 7.26006 -5.04992 0 0
0 0 263 -5.98703 -9.90105 -2.53648 0.145046 0 0
0 0 264 1.10318 7.13778 2.49063 -6.26304 0 0
0 0 265 -0.82876 -1.88827 0.889431 1.71178 0 0
0 0 266 3.48124 -6.82493 -4.17308 -2.75604 0 0
0 0 267 6.94236 -0.637594 1.40841 1.06163 0 0
0 0 268 -4.9495 -1.90169 -4.72958 -4.44427 0 0
0 0 269 -0.274262 7.86309 0.415647 -0.891993 0 0
0 0 270 2.9418 -0.790181 -3.31606 -0.311376 0 0
0 0 271 -1.29397 6.14528 3.08946 1.64039 0 0
0 0 272 0.858775 -4.4817 -2.27873 0.648457 0 0
0 0 273 2.77592 -2.19075 3.18455 -2.1901 0 0
0 0 274 4.28193 9.17804 -3.23698 8.99574 0 0
0 0 275 15.4918 -1.68226 2.74107 -1.62697 0 0
0 0 276 3.48427 5.6706 -1.32423 2.73949 0 0
0 0 277 1.97815 2.53767 -2.36151 -2.829 0 0
0 0 278 4.28963 -4.60046 5.43149 -11.1043 0 0
0 0 279 11.9556 -2.8936 0.278583 -3.1999 0 0
0 0 280 -0.328025 -3.26277 6.19897 1.5898 0 0
0 0 281 2.76839 -5.51265 -1.41353 2.54248 0 0
0 0 282 -8.12076 6.78817 6.39345 -1.40631 0 0
0 0 283 5.32843 6.46374 -3.25113 -3.27442 0 0
0 0 284 1.51345 -5.62858 2.80295 -0.0327788 0 0
0 0 285 -3.66386 1.95515 2.09635 7.03169 0 0
0 0 286 3.09899 -0.810391 -4.17677 -7.37766 0 0
0 0 287 3.98232 -5.15919 -9.44269 -0.509563 0 0
0 0 288 3.50797 2.97954 -6.14157 -9.07097 0 0
0 0 289 1.64937 4.4879 -7.73398 -1.13581 0 0
0 0 290 -8.40966 -2.13019 -3.12047 5.45742 0 0
0 0 291 -10.3628 -5.82487 -4.09396 -7.27971 0 0
0 0 292 9.31627 0.861071 -4.62236 4.34653 0 0
0 0 293 -5.84265 -2.76556 0.79749 0.890512 0 0
0 0 294 2.9193 4.60437 1.83096 2.62735 0 0
0 0 295 -3.00718 1.92055 1.26321 -2.60157 0 0
0 0 296 3.88257 0.53703 -0.335148 -8.48533 0 0
0 0 297 1.65719 -5.77091 -1.74522 -9.58868 0 0
0 0 298 8.71412 -6.53415 7.244 -6.22265 0 0
0 0 299 1.43163 3.10944 10.0673 -1.34615 0 0
0 0 300 12.6357 -3.08323 0.77027 -0.092972 0 0
0 0 301 -3.38179 1.73325 -1.50054 6.54734 0 0
0 0 302 4.89726 -5.37792 7.53724 -10.87 0 0
0 0 303 5.89815 7.7288 8.43335 3.27243 0 0
0 0 304 -0.410405 0.686097 2.29578 -4.61026 0 0
0 0 305 -6.19392 7.91424 4.77589 -2.25966 0 0
0 0 306 9.69691 -7.5436 -5.05912 -1.72164 0 0
0 0 307 -8.71645 -9.30422 -6.81656 3.42352 0 0
0 0 308 -0.989594 13.1437 1.02318 -1.51332 0 0
0 0 309 -0.6819 3.99085 -0.630929 3.27455 0 0
0 0 310 11.688 -5.36994 2.18122 -0.714007 0 0
0 0 311 0.128008 -2.41061 -0.26819 -1.694 0 0
0 0 312 5.11112 -4.18661 0.981087 2.10404 0 0
0 0 313 -0.0805726 -11.4859 3.13641 3.95584 0 0
0 0 314 -4.79588 3.04938 -7.17214 1.51704 0 0
0 0 315 -6.88653 -3.21274 -5.79479 7.53787 0 0
0 0 316 -1.21402 -0.843888 -10.5786 0.630598 0 0
0 0 317 2.56871 1.60339 -1.56984 1.99778 0 0
0 0 318 -8.49161 3.06988 -4.60103 -10.0729 0 0
0 0 319 -9.62704 -2.00932 -0.36342 -5.49496 0 0
0 0 320 -3.17243 -13.2594 -7.21058 0.979797 0 0
0 0 321 3.05572 -3.16082 -4.23092 4.40261 0 0
0 0 322 2.39322 5.2388 -8.33122 -0.778863 0 0
0 0 323 -5.16213 0.0921733 -0.854879 2.71599 0 0
0 0 324 -0.0177774 -9.41782 -1.51098 3.02664 0 0
0 0 325 2.45691 3.92083 -0.78495 -1.03006 0 0
0 0 326 -7.02106 4.36452 8.38472 -4.70003 0 0
0 0 327 2.6266 -0.57371 0.1043 0.964059 0 0
0 0 328 3.47411 -5.70414 0.811275 3.56933 0 0
0 0 329 10.7983 2.37134 4.7465 -0.914368 0 0
0 0 330 -3.78307 4.67769 7.48511 1.54688 0 0
0 0 331 -3.55034 5.59261 -0.161107 2.58438 0 0
0 0 332 1.33212 6.32806 0.0151258 -1.53164 0 0
0 0 333 7.17554 5.02657 3.01351 -3.95957 0 0
0 0 334 2.76048 1.78927 -6.24441 8.74312 0 0
0 0 335 2.90102 12.0029 5.27114 -1.4849 0 0
0 0 336 -6.47823 -1.12029 -3.23103 -1.95556 0 0
0 0 337 5.38212 -2.41489 -2.44097 9.4104 0 0
0 0 338 -6.98165 1.32321 5.53565 2.48809 0 0
0 0 339 -1.67303 0.167359 1.58877 2.10165 0 0
0 0 340 -0.645023 -5.72262 -3.50636 2.04651 0 0
0 0 341 1.90514 -3.19674 -2.17628 -9.6518 0 0
0 0 342 -1.29531 2.84251 -0.342528 -0.687941 0 0
0 0 343 6.12186 -0.0234575 4.57809 8.74602 0 0
0 0 344 4.22669 8.93987 -5.189 -2.38124 0 0
0 0 345 -2.71115 -2.51317 -0.129494 2.24436 0 0
0 0 346 -5.34044 10.2347 -3.07781 -0.0558646 0 0
0 0 347 -2.59798 -4.3367 0.417254 -3.03976 0 0
0 0 348 3.19746 -3.84312 -2.46187 -1.02715 0 0
0 0 349 0.704328 6.08429 -3.61612 -3.93455 0 0
0 0 350 -5.80153 3.88864 -2.14279 -1.44866 0 0
0 0 351 0.241421 1.90167 -0.351718 5.71829 0 0
0 0 352 -2.14697 -0.60196 -1.87465 -1.10704 0 0
0 0 353 -1.88281 -6.42361 -0.145452 -3.50318 0 0
0 0 354 10.2601 0.270598 -0.69991 5.65227 0 0
0 0 355 1.34513 -9.71158 5.63207 0.97893 0 0
0 0 356 1.3645 4.59266 4.40299 -1.27173 0 0
0 0 357 5.1214 5.22883 0.72837 2.77163 0 0
0 0 358 2.4336 0.1024 0.701018 -8.70414 0 0
0 0 359 -6.70528 4.90012 -5.13626 -3.5102 0 0
0 0 360 2.10508 -1.57756 -2.18679 2.59825 0 0
0 0 361 -5.85931 -2.09125 1.18237 -1.73859 0 0
0 0 362 -2.38466 -2.20278 -0.941211 7.98319 0 0
0 0 363 -4.6796 -0.833248 -4.51933 6.87506 0 0
0 0 364 -3.84053 -4.00423 0.00405894 3.29294 0 0
0 0 365 4.36476 3.82335 3.63864 5.97803 0 0
0 0 366 2.13884 2.6391 -6.87305 2.70818 0 0
0 0 367 4.15433 -4.18858 0.324824 7.51248 0 0
0 0 368 2.99297 0.898375 -3.66948 6.56915 0 0
0 0 369 -3.899 -2.28686 2.01641 -7.29365 0 0
0 0 370 -7.47142 -3.87497 1.72275 5.96561 0 0
0 0 371 1.20675 4.74406 1.99806 6.47893 0 0
0 0 372 4.05662 4.48135 -4.80104 -2.61456 0 0
0 0 373 -4.50611 13.1075 1.4235 3.46073 0 0
0 0 374 3.96068 -1.07197 4.59736 8.87677 0 0
0 0 375 2.09885 2.91258 -0.141103 -5.70959 0 0
0 0 376 -2.78447 4.34839 8.7651 -4.65411 0 0
0 0 377 5.59734 -7.50939 -1.5138 -3.79171 0 0
0 0 378 2.39379 -0.615843 -6.37054 -0.734834 0 0
0 0 379 4.82822 -9.31775 -0.866636 -0.697416 0 0
0 0 380 0.621489 -5.22792 1.73501 0.211703 0 0
0 0 381 5.0002 8.68917 -6.11366 1.66586 0 0
0 0 382 4.84151 -9.21337 -1.00799 -2.6682 0 0
0 0 383 3.78135 3.45323 -8.92654 -4.39901 0 0
0 0 384 1.00533 -0.25146 -0.222151 -0.385453 0 0
0 0 385 -3.41791 -2.09651 7.04134 -2.17716 0 0
0 0 386 1.7629 -3.98041 -12.0192 1.02538 0 0
0 0 387 1.57611 -3.6082 -0.78076 5.44366 0 0
0 0 388 -0.192982 -3.23175 6.27973 2.85917 0 0
0 0 389 2.93289 4.60949 -8.03748 -5.29189 0 0
0 0 390 1.90796 -8.15464 -9.29391 2.78176 0 0
0 0 391 -1.0574 -6.93407 -0.254443 -6.11972 0 0
0 0 392 -3.13084 4.13445 2.40954 0.712396 0 0
0 0 393 0.972336 2.67804 2.05039 -0.392698 0 0
0 0 394 6.17609 6.41745 -6.57697 -5.33361 0 0
0 0 395 3.22772 2.18761 -9.30209 10.0217 0 0
0 0 396 -3.69205 10.5922 12.4952 -12.032 0 0
0 0 397 2.475 4.25454 -2.64866 -7.06165 0 0
0 0 398 -5.49427 2.6086 3.17713 1.36989 0 0
0 0 399 3.70927 -6.14806 0.188481 -3.99271 0 0
0 0 400 2.28071 -3.69296 1.2387 4.71712 0 0
0 0 401 2.42219 -2.28008 3.60046 -5.10448 0 0
0 0 402 8.11424 2.53187 0.184605 1.62449 0 0
0 0 403 -1.68209 -2.1088 3.7443 1.84576 0 0
0 0 404 -7.18743 9.16323 -3.50437 4.46605 0 0
0 0 405 3.11151 4.27441 1.83766 8.86649 0 0
0 0 406 4.70446 4.35889 2.45621 2.86699 0 0
0 0 407 -14.5416 2.12859 3.28036 6.24345 0 0
0 0 408 -2.09357 13.764 -1.85142 -2.11248 0 0
0 0 409 -3.45926 -5.98098 -2.27206 5.15306 0 0
0 0 410 -3.23525 3.29853 9.94027 0.696605 0 0
0 0 411 7.92178 -4.20216 -4.05807 1.79044 0 0
0 0 412 1.63097 -2.78383 1.8821 1.04226 0 0
0 0 413 0.56658 -1.44148 -3.7754 -3.55272 0 0
0 0 414 12.8617 0.338896 2.47417 7.01936 0 0
0 0 415 -0.42376 2.96089 2.69784 4.42808 0 0
0 0 416 -6.70847 -8.95753 2.09953 3.36353 0 0
0 0 417 -3.69837 -1.25572 -2.35219 1.56749 0 0
0 0 418 4.00019 -4.18699 -0.08225 3.07955 0 0
0 0 419 1.77896 -3.00779 -1.80736 -6.22458 0 0
0 0 420 0.986137 8.27326 -6.22436 -0.20361 0 0
0 0 421 -0.753902 1.38646 -2.38876 1.70923 0 0
0 0 422 4.33081 8.70499 -0.827665 7.36274 0 0
0 0 423 -6.07745 -2.79151 -8.33379 4.35105 0 0
0 0 424 -4.07333 3.6853 -3.39457 3.73122 0 0
0 0 425 0.422606 2.45559 2.50034 -8.47477 0 0
0 0 426 -4.66693 2.76073 -7.08372 -0.765057 0 0
0 0 427 11.0076 -13.1833 -2.61728 1.11354 0 0
0 0 428 2.2552 -1.91274 1.27466 -11.4545 0 0
0 0 429 1.18452 -12.8905 4.7177 -2.36788 0 0
0 0 430 -7.39544 -1.48726 -3.8992 7.03609 0 0
0 0 431 -1.81624 3.37606 -1.69351 9.16141 0 0
0 0 432 -3.27368 9.70291 -4.73812 -2.16151 0 0
0 0 433 8.87327 -9.42259 -12.7363 0.852609 0 0
0 0 434 6.05922 -5.16504 0.427049 -7.8917 0 0
0 0 435 10.8725 -7.15617 -7.21617 2.39391 0 0
0 0 436 4.35832 -1.51003 1.71472 -6.9131 0 0
0 0 437 -1.21318 -0.770522 -4.37826 0.220539 0 0
0 0 438 -5.97697 2.71458 3.7478 -4.74845 0 0
0 0 439 5.5827 -5.96701 0.0903126 2.53126 0 0
0 0 440 3.6935 3.38284 -3.30045 2.53578 0 0
0 0 441 2.26897 -2.23374 -0.852075 5.56483 0 0
0 0 442 -4.90826 -5.54075 2.12714 1.5712 0 0
0 0 443 1.69548 -0.52338 -9.93249 3.10453 0 0
0 0 444 -1.10136 4.04396 4.0926 -3.77825 0 0
0 0 445 1.5522 4.34071 -2.25437 -4.73599 0 0
0 0 446 0.46842 3.77843 -0.234422 3.31258 0 0
0 0 447 -8.58603 -3.04122 5.14702 0.787923 0 0
0 0 448 0.283003 -1.03984 -4.59641 -2.44459 0 0
0 0 449 -3.10093 1.81804 8.38686 1.77421 0 0
0 0 450 -7.84465 4.07113 2.48707 -1.57974 0 0
0 0 451 -2.45651 -3.61426 -8.35793 -3.29887 0 0
0 0 452 -3.49129 4.17823 -0.916968 7.18372 0 0
0 0 453 0.807771 -1.11655 1.51231 -1.44041 0 0
0 0 454 -6.44353 0.660142 8.34697 -6.54385 0 0
0 0 455 -5.03638 -2.83737 -2.3224 -3.44304 0 0
0 0 456 1.17883 -4.2444 -2.76066 -9.91137 0 0
0 0 457 0.755733 2.28306 3.42775 -6.58118 0 0
0 0 458 -1.95232 2.7656 -1.89464 6.0817 0 0
0 0 459 -6.77619 -0.501912 3.56981 13.9121 0 0
0 0 460 -6.66101 5.47679 4.2749 4.77477 0 0
0 0 461 1.75808 2.78168 7.00716 9.98478 0 0
0 0 462 2.28803 0.362559 3.13012 1.96548 0 0
0 0 463 1.9543 -1.31562 5.8734 -2.77591 0 0
0 0 464 0.448667 1.60941 -8.6157 -6.02688 0 0
0 0 465 0.519661 2.63887 11.272 -0.360179 0 0
0 0 466 -3.29269 2.21487 -3.07348 -1.45198 0 0
0 0 467 -0.146408 11.9144 -7.42971 2.5416 0 0
0 0 468 4.46541 -6.77911 6.77055 0.0803568 0 0
0 0 469 -4.12617 -0.381366 2.38168 -4.94041 0 0
0 0 470 0.0409904 -5.52439 -3.43928 -6.5076 0 0
0 0 471 -5.01705 1.94581 -2.01317 -0.659345 0 0
0 0 472 -6.77364 3.1939 4.05527 5.78061 0 0
0 0 473 -0.686951 -5.08068 3.32304 -7.96178 0 0
0 0 474 -1.43522 7.73014 1.22558 0.560575 0 0
0 0 475 1.5119 4.99651 -1.29968 4.53263 0 0
0 0 476 2.40532 -3.02517 3.89092 6.14225 0 0
0 0 477 5.12212 -6.14558 -2.95586 -4.81995 0 0
0 0 478 -2.1914 -4.06242 1.86075 -4.17681 0 0
0 0 479 -0.00739247 -1.57751 -2.40133 -2.85986 0 0
0 0 480 5.20433 -11.059 0.208343 -3.03921 0 0
0 0 481 -0.850526 2.78106 1.93314 -1.78445 0 0
0 0 482 9.08171 -2.66038 -4.19109 -2.42596 0 0
0 0 483 -4.73883 -4.57296 -8.0313 5.76806 0 0
0 0 484 0.54931 4.25903 0.101371 7.51845 0 0
0 0 485 -1.87723 6.90281 -2.02143 5.0493 0 0
0 0 486 -4.95993 1.89094 -2.29301 -5.53064 0 0
0 0 487 -2.0967 -1.76807 -7.83761 3.03174 0 0
0 0 488 1.03282 2.28165 4.60976 -1.40352 0 0
0 0 489 -2.75797 -2.87837 -5.99657 6.67741 0 0
0 0 490 4.47914 -0.860206 7.08067 -0.807674 0 0
0 0 491 6.31757 7.52714 -5.32173 6.2136 0 0
0 0 492 1.01901 -9.92034 10.5343 4.82952 0 0
0 0 493 7.28289 -4.16008 2.59022 -3.30288 0 0
0 0 494 1.06465 -3.31531 -1.07003 0.400391 0 0
0 0 495 6.42618 7.33133 4.10715 -4.2088 0 0
0 0 496 4.98298 -0.747385 -3.01269 2.25544 0 0
0 0 497 2.12136 -1.587 -3.98028 2.63924 0 0
0 0 498 2.4792 3.15884 4.26515 -12.1786 0 0
0 0 499 4.54061 -1.71664 1.82288 -0.571927 0 0
0 0 500 2.9637 -5.6357 3.54935 -4.83968 0 0
0 0 501 3.06897 8.47689 -6.08079 -8.71823 0 0
0 0 502 6.14375 4.32703 -5.55242 -3.42027 0 0
0 0 503 -1.46483 2.37522 6.20942 -2.24788 0 0
0 0 504 -2.24398 0.963605 -3.976 -3.99643 0 0
0 0 505 3.5781 -0.528528 2.40288 3.55493 0 0
0 0 506 -6.49812 -4.7301 -0.667585 5.53704 0 0
0 0 507 -3.99017 -4.82177 -1.37841 -2.88163 0 0
0 0 508 1.22656 3.95218 4.7852 2.95323 0 0
0 0 509 2.88072 2.08468 -11.4139 0.565871 0 0
0 0 510 3.03639 5.61446 3.80554 -2.45713 0 0
0 0 511 -2.12968 0.832135 -8.24893 4.55282 0 0
0 0 512 -4.70736 0.186337 5.18021 -1.76132 0 0
0 0 513 -9.2147 12.1824 8.35631 2.30562 0 0
0 0 514 4.36104 3.79644 2.15215 1.76067 0 0
0 0 515 -3.04015 1.32403 -6.15966 5.68443 0 0
0 0 516 4.82949 -6.16067 -7.72887 -3.95798 0 0
0 0 517 -3.16255 -3.12807 6.11873 4.58372 0 0
0 0 518 11.9452 -12.3262 1.48241 9.90036 0 0
0 0 519 4.42946 2.21349 1.04792 -2.40889 0 0
0 0 520 -0.574977 -6.90637 -9.21389 2.76107 0 0
0 0 521 0.139255 -3.7716 6.92438 -0.177079 0 0
0 0 522 -0.659792 -1.93371 6.86491 -1.41675 0 0
0 0 523 0.438621 -4.57013 5.37979 -6.35478 0 0
0 0 524 -6.05006 -2.27869 9.87803 0.513036 0 0
0 0 525 -9.8732 9.59622 -1.34824 -0.766055 0 0
0 0 526 0.880629 -3.30652 -1.63204 5.19927 0 0
0 0 527 -3.3995 -4.54676 -5.60044 0.454322 0 0
0 0 528 -6.01609 -5.17157 2.6363 -4.32563 0 0
0 0 529 -1.30661 6.39162 -3.80909 -5.04103 0 0
0 0 530 -6.80023 6.97274 4.51415 -0.0246286 0 0
0 0 531 2.51248 1.49616 5.59939 -7.16566 0 0
0 0 532 7.06178 3.71951 -1.30779 -2.46843 0 0
0 0 533 -11.6115 0.130971 3.36537 4.44967 0 0
0 0 534 -4.77046 -6.29284 -8.57471 -9.50751 0 0
0 0 535 -3.1417 2.6129 -3.89446 -3.39485 0 0
0 0 536 3.13408 -0.894153 -0.178577 -1.93721 0 0
0 0 537 -1.4695 -1.92432 -6.57737 -1.13356 0 0
0 0 538 11.2516 3.88986 0.831389 4.58781 0 0
0 0 539 -1.24923 -5.37911 -1.56314 -0.974951 0 0
0 0 540 -7.9987 4.13835 5.35721 -4.44293 0 0
0 0 541 4.40284 -1.46667 1.55054 -3.60242 0 0
0 0 542 9.22717 -1.12168 -2.49316 -2.44026 0 0
0 0 543 3.63783 -2.11151 5.27092 -7.74773 0 0
0 0 544 -6.98309 -7.60685 -0.0497067 2.04784 0 0
0 0 545 2.69887 2.16247 3.88975 2.24986 0 0
0 0 546 -3.56306 4.64758 -1.64493 2.08867 0 0
0 0 547 0.312174 -3.18173 4.3488 3.27287 0 0
0 0 548 -7.51777 5.76327 -3.42376 0.307188 0 0
0 0 549 4.68727 1.15853 -5.11985 4.0622 0 0
0 0 550 1.30466 5.36345 -5.0939 0.736559 0 0
0 0 551 0.674141 -2.83897 -12.8306 -4.73055 0 0
0 0 552 1.12093 8.19927 8.31531 2.78009 0 0
0 0 553 4.46561 -0.483755 4.40686 1.38263 0 0
0 0 554 5.49762 1.62029 0.0396564 5.79538 0 0
0 0 555 7.62427 -1.83916 3.6597 -0.315367 0 0
0 0 556 3.4339 -4.79958 8.75975 -6.38253 0 0
0 0 557 4.09937 -6.06949 -6.37378 -4.04456 0 0
0 0 558 1.36392 2.50277 -2.98712 -1.89773 0 0
0 0 559 1.07597 1.96082 -4.31589 1.22617 0 0
0 0 560 0.993351 -1.68053 -2.23206 0.293892 0 0
0 0 561 -0.170561 -6.83041 -1.31634 1.65191 0 0
0 0 562 0.881981 4.3204 3.28386 -1.36027 0 0
0 0 563 -2.06978 4.27715 2.92809 11.3104 0 0
0 0 564 6.65216 -9.72284 -3.47441 -7.75194 0 0
0 0 565 2.756 7.20957 -3.57036 -15.086 0 0
0 0 566 6.45217 11.7794 10.185 -0.00635873 0 0
0 0 567 -1.32954 -4.47785 3.44487 -0.732167 0 0
0 0 568 -7.95384 2.01228 0.640921 2.16927 0 0
0 0 569 -6.76199 -6.16577 1.37349 -5.82194 0 0
0 0 570 0.740419 3.32094 -4.5676 -1.75103 0 0
0 0 571 -8.33844 -5.42835 3.34065 1.37278 0 0
0 0 572 5.90146 -1.32396 6.25878 -5.19018 0 0
0 0 573 2.43276 -0.298353 -3.32736 8.46769 0 0
0 0 574 -5.54508 -4.03512 -8.87219 1.3405 0 0
0 0 575 5.02102 -4.22328 6.15579 -0.284458 0 0
0 0 576 -0.12555 -2.36736 0.545159 7.3193 0 0
0 0 577 -0.864652 -3.49836 -2.6771 2.36755 0 0
0 0 578 2.01425 4.52344 -0.747068 8.65563 0 0
0 0 579 -3.26777 5.02974 2.90676 4.94688 0 0
0 0 580 2.40506 0.754803 -3.64445 8.0651 0 0
0 0 581 3.21679 -0.108618 1.44195 0.526768 0 0
0 0 582 3.76284 0.774027 -0.0543165 0.389371 0 0
0 0 583 2.72859 -4.36286 2.06291 -2.60254 0 0
0 0 584 3.81015 -2.71729 1.40241 -14.7586 0 0
0 0 585 4.01345 6.26506 -0.652025 -0.883304 0 0
0 0 586 -7.56079 -4.50192 3.76141 11.762 0 0
0 0 587 -3.2993 4.72162 0.775054 -0.445988 0 0
0 0 588 -5.74594 -2.25429 -0.0613625 -2.48574 0 0
0 0 589 -1.62484 3.92328 -7.63073 -5.29238 0 0
0 0 590 4.98402 0.281048 -2.10768 -0.448883 0 0
0 0 591 -8.26876 0.600984 -2.23692 -0.902914 0 0
0 0 592 9.82736 -2.68623 0.525605 5.36439 0 0
0 0 593 7.06272 -1.46726 0.238037 6.4917 0 0
0 0 594 2.55204 -4.35863 -4.30742 -1.8706 0 0
0 0 595 -1.88864 -7.69579 1.70008 -0.267736 0 0
0 0 596 -3.69097 -2.3 3.43458 2.01141 0 0
0 0 597 -8.17982 -2.61927 -2.19969 6.59731 0 0
0 0 598 0.188415 -2.64658 -3.8386 5.33316 0 0
0 0 599 -8.56954 1.4965 -8.36924 -0.295438 0 0
0 0 600 1.09919 4.66461 0.315544 0.16238 0 0
0 0 601 -3.67209 -1.16501 -0.348649 -2.08054 0 0
0 0 602 2.5833 -1.07978 -7.16954 2.57001 0 0
0 0 603 -0.232972 -1.34068 -1.03668 3.62262 0 0
0 0 604 -8.05397 -11.1914 3.0117 -4.35273 0 0
0 0 605 -2.39865 7.6939 10.4646 0.529537 0 0
0 0 606 1.64302 4.43178 3.07662 6.00251 0 0
0 0 607 3.54244 -6.91553 3.78948 3.25561 0 0
0 0 608 4.23457 -11.2886 -6.1485 -0.0779573 0 0
0 0 609 6.22806 4.87794 2.62778 3.1198 0 0
0 0 610 7.25239 -0.422711 1.84971 1.7809 0 0
0 0 611 -4.75339 -7.91433 7.0994 5.43711 0 0
0 0 612 7.14171 1.87826 -3.00553 6.08396 0 0
0 0 613 4.0322 -4.8452 9.32588 12.4714 0 0
0 0 614 1.29756 -6.67149 -7.34544 13.3465 0 0
0 0 615 4.9678 -2.55024 1.22087 2.80274 0 0
0 0 616 -4.76846 0.244643 -1.11969 3.28335 0 0
0 0 617 3.54422 5.279 -4.45737 3.27114 0 0
0 0 618 -4.31623 -11.2728 3.20317 8.57653 0 0
0 0 619 -3.91628 2.00191 -0.196041 5.73936 0 0
0 0 620 3.94994 -1.19079 -6.39247 5.95285 0 0
0 0 621 -0.186682 3.06176 -3.08778 5.21797 0 0
0 0 622 11.1264 5.65743 -1.79878 -3.30465 0 0
0 0 623 -1.40368 -7.90257 1.89492 -0.210131 0 0
0 0 624 -6.68499 -2.30389 -2.41953 9.78101 0 0
0 0 625 0.575116 0.681953 1.10509 -6.74379 0 0
0 0 626 1.40109 6.26067 0.234641 1.92006 0 0
0 0 627 1.88329 -2.0906 4.00284 3.74159 0 0
0 0 628 -0.266567 -3.90475 1.56555 7.01377 0 0
0 0 629 -4.36705 -8.43435 3.20507 4.83862 0 0
0 0 630 2.65267 -5.94889 -3.72113 6.65164 0 0
0 0 631 2.16686 -3.70173 -2.04779 -2.28554 0 0
0 0 632 0.257558 4.59564 -0.864859 0.990968 0 0
0 0 633 -0.802336 -0.225574 -9.95934 1.27961 0 0
0 0 634 -7.41978 2.85402 4.044 -0.199023 0 0
0 0 635 -3.76686 0.173175 -1.66688 2.60463 0 0
0 0 636 -2.03751 -4.85011 5.18459 0.444362 0 0
0 0 637 -4.56103 -2.72492 -5.45604 -1.09992 0 0
0 0 638 3.21908 -1.49796 -1.87583 5.02263 0 0
0 0 639 -1.24477 -6.7394 6.72829 1.33903 0 0
0 0 640 0.866003 1.08422 -0.142041 -0.689957 0 0
0 0 641 -3.63019 10.011 4.47785 3.63999 0 0
0 0 642 9.51476 -11.0377 -2.22625 -4.61627 0 0
0 0 643 1.98233 -7.72397 -8.58363 -8.30511 0 0
0 0 644 2.05011 3.05009 1.19272 3.3083 0 0
0 0 645 1.70115 5.43178 -8.47801 1.49751 0 0
0 0 646 -1.58254 2.1418 4.0775 -1.80302 0 0
0 0 647 4.54563 -7.67789 3.15914 -5.9542 0 0
0 0 648 4.19248 2.83154 -2.66221 1.53092 0 0
0 0 649 -5.81578 -0.101462 -1.91756 9.71961 0 0
0 0 650 4.59748 -10.3331 -3.4969 0.361092 0 0
0 0 651 4.24267 3.00919 -2.51063 -3.64243 0 0
0 0 652 -3.76568 3.06646 -4.58179 -9.25688 0 0
0 0 653 1.28057 -0.941882 -11.241 3.22128 0 0
0 0 654 5.19616 -0.279552 -0.304916 7.31208 0 0
0 0 655 0.0352003 1.35434 -1.28116 2.18648 0 0
0 0 656 -1.4988 -7.92539 2.08671 0.987124 0 0
0 0 657 9.69937 5.32165 -0.724717 -5.4796 0 0
0 0 658 3.96732 0.0343971 -8.5458 0.797455 0 0
0 0 659 -0.962092 7.37146 -2.7488 1.21608 0 0
0 0 660 -4.61415 -5.55474 -0.507395 4.96014 0 0
0 0 661 -0.839062 -1.07557 -8.24158 -0.820785 0 0
0 0 662 -6.31693 -0.0838776 -6.89828 -7.64206 0 0
0 0 663 7.05476 -0.738103 -5.49281 -5.19325 0 0
0 0 664 -6.07278 -1.16811 -5.33698 -7.67216 0 0
0 0 665 -3.97913 -0.344678 -4.32528 0.620996 0 0
0 0 666 -3.66802 3.31013 1.03871 3.22255 0 0
0 0 667 -2.96757 0.556458 -0.31813 -0.487349 0 0
0 0 668 0.76454 -5.48204 4.84763 4.69167 0 0
0 0 669 9.16324 -1.82963 3.83657 -1.38129 0 0
0 0 670 3.64234 -0.647694 2.98011 -2.1084 0 0
0 0 671 -2.41166 -1.37233 -3.55679 -11.412 0 0
0 0 672 -1.75971 -9.56351 -8.05418 -5.10708 0 0
0 0 673 0.461523 8.1881 -3.90955 -0.549187 0 0
0 0 674 -2.94012 -4.36548 2.06534 -7.92575 0 0
0 0 675 -3.23499 6.13506 7.02664 5.13214 0 0
0 0 676 3.26507 -2.27667 2.5628 -6.48071 0 0
0 0 677 -5.17793 -1.87748 -8.10529 -1.75974 0 0
0 0 678 3.72153 -2.28982 3.22809 -8.76927 0 0
0 0 679 5.45722 -0.539687 7.21529 5.78227 0 0
0 0 680 6.80874 1.56694 -5.23153 4.29107 0 0
0 0 681 3.70033 1.11717 -5.31172 1.49228 0 0
0 0 682 -2.00325 -2.99412 -1.27329 11.4853 0 0
0 0 683 6.34354 2.19695 13.0629 -0.173831 0 0
0 0 684 7.55384 3.36236 -5.17088 3.15418 0 0
0 0 685 0.271038 -3.36392 1.86097 -0.0119655 0 0
0 0 686 2.38968 2.25616 -2.09999 -3.943 0 0
0 0 687 -8.61626 6.90515 -0.685806 3.00827 0 0
0 0 688 -3.54636 -4.37499 7.94727 -1.10462 0 0
0 0 689 5.18456 -2.54042 -3.97737 1.99748 0 0
0 0 690 1.95643 -1.17979 -0.488905 -8.25277 0 0
0 0 691 -11.1467 2.23079 -6.80177 8.04225 0 0
0 0 692 -4.82162 -17.1904 -1.17688 -1.45478 -88.0418 8.20951
0 0 693 -8.1681 -9.19753 4.59763 12.2375 0 0
0 0 694 -3.02481 -10.3683 -11.7203 0.481346 0 0
0 0 695 5.99934 -6.68608 -5.59244 -5.65891 0 0
0 0 696 -3.50215 -3.42693 -0.204108 4.59107 0 0
0 0 697 -0.899184 -5.24065 -7.82451 -3.12575 0 0
0 0 698 -4.15337 -2.11676 -3.91057 -4.35053 0 0
0 0 699 -3.95899 -6.61264 0.70764 5.40508 0 0
0 0 700 5.23982 -0.66612 0.433831 6.66404 0 0
0 0 701 2.26537 0.107401 -4.95657 -3.40399 0 0
0 0 702 14.8592 -5.72024 2.36966 -8.82016 0 0
0 0 703 -1.57399 -2.92798 -9.53692 0.865828 0 0
0 0 704 8.90331 6.87359 2.65312 0.0133102 0 0
0 0 705 4.68361 3.96084 4.80251 2.6179 0 0
0 0 706 -3.59947 -4.69745 0.236694 -5.81666 0 0
0 0 707 -5.78181 0.810786 7.85075 4.46646 0 0
0 0 708 -1.80264 6.04875 -0.649585 -5.95372 0 0
0 0 709 4.79444 0.76219 8.67147 -2.35615 0 0
0 0 710 -5.93574 -1.26503 -4.3701 -5.01048 0 0
0 0 711 7.20447 0.848029 0.347196 7.84118 0 0
0 0 712 -0.764967 -1.35196 -0.185665 -4.02833 0 0
0 0 713 -0.339436 -7.7992 8.93636 1.0643 0 0
0 0 714 -9.31808 4.06524 1.97349 -1.04399 0 0
0 0 715 -6.25671 -8.14652 -5.7666 2.83757 0 0
0 0 716 -3.49187 -8.22251 2.68263 -0.211212 0 0
0 0 717 -1.73659 -1.78322 -0.7938 5.09949 0 0
0 0 718 -4.22081 -8.63472 -4.48432 3.59131 0 0
0 0 719 1.20252 6.12477 0.216753 1.58815 0 0
0 0 720 0.805473 -0.343141 4.3314 5.77772 0 0
0 0 721 1.24758 5.60926 -0.743338 3.59539 0 0
0 0 722 1.67286 -4.22826 6.44759 0.690502 0 0
0 0 723 4.05367 3.96865 3.92831 1.42903 0 0
0 0 724 -7.1629 -1.72233 0.28864 -7.09749 0 0
0 0 725 -1.4391 0.350933 -7.50974 7.12492 0 0
0 0 726 5.67471 5.37944 -2.86923 -7.25751 0 0
0 0 727 4.42448 -2.65677 -2.29016 -0.894935 0 0
0 0 728 0.57347 -2.03851 2.98326 3.39736 0 0
0 0 729 6.16541 0.498905 2.68637 3.33443 0 0
0 0 730 4.54699 -3.74652 2.06018 4.38752 0 0
0 0 731 -2.04572 -4.43171 4.06063 2.29906 0 0
0 0 732 -6.99568 -3.51201 0.573476 5.51568 0 0
0 0 733 0.945803 -5.26708 0.633574 0.912408 0 0
0 0 734 -3.86039 -8.19482 -3.24329 -4.77037 0 0
0 0 735 2.44274 -9.17165 2.041 0.777168 0 0
0 0 736 2.57409 -2.04303 3.12438 -7.13864 0 0
0 0 737 -1.83651 -5.70361 8.93687 1.14389 0 0
0 0 738 1.96017 7.34474 -7.05202 -2.93946 0 0
0 0 739 2.088 -3.60009 4.97907 4.94535 0 0
0 0 740 -4.48825 3.81941 -4.10057 0.730997 0 0
0 0 741 -2.16468 2.80631 1.68401 -7.10297 0 0
0 0 742 7.15766 -4.20024 -1.69292 5.48268 0 0
0 0 743 4.8467 2.7522 1.28443 -3.57501 0 0
0 0 744 -6.88851 -5.01475 10.1325 6.67498 0 0
0 0 745 4.76292 0.423062 4.1478 0.0379576 0 0
0 0 746 1.94425 -5.58619 1.54489 0.271545 0 0
0 0 747 -2.74779 -4.86983 3.06471 -0.0423975 0 0
0 0 748 -4.61904 -3.02174 3.83719 -5.66604 0 0
0 0 749 -4.51394 3.23065 -6.28897 1.44393 0 0
0 0 750 5.13397 -1.9248 -1.06509 3.8446 0 0
0 0 751 0.111521 1.26714 -4.51705 -0.390179 0 0
0 0 752 -0.644403 -0.348429 0.201943 2.24303 0 0
0 0 753 7.69789 -6.5487 -0.634492 2.22685 0 0
0 0 754 -7.46313 -3.54316 -1.55169 1.13804 0 0
0 0 755 -7.79602 -6.29749 4.76741 1.86296 0 0
0 0 756 -2.03105 -1.17043 -0.747888 -4.02434 0 0
0 0 757 0.180095 -1.48301 -6.59331 -1.79273 0 0
0 0 758 3.2812 3.02642 -3.05897 -7.29923 0 0
0 0 759 3.81873 0.0535188 -8.49843 -3.50862 0 0
0 0 760 0.621985 -3.34834 -3.52573 -4.61706 0 0
0 0 761 -0.686188 3.5381 1.92434 1.42636 0 0
0 0 762 1.05537 2.81404 1.23938 2.58767 0 0
0 0 763 -7.46589 -4.78246 -1.99732 4.8047 0 0
0 0 764 5.335 5.30588 -0.438071 1.11137 0 0
0 0 765 5.67583 2.91183 1.08581 5.2113 0 0
0 0 766 5.96046 6.24504 7.06311 6.29875 0 0
0 0 767 1.19433 -9.70961 6.02742 2.50936 0 0
0 0 768 2.52978 -1.36477 1.82773 -4.44636 0 0
0 0 769 -6.64301 6.89638 -7.51912 -4.50446 0 0
0 0 770 -2.06398 -2.88017 -6.86635 -3.6295 0 0
0 0 771 0.657907 1.47115 -1.19823 2.67822 0 0
0 0 772 -2.47594 -1.3576 3.5066 -14.4227 0 0
0 0 773 1.73655 10.2237 -5.64957 2.52288 0 0
0 0 774 -1.57393 3.34193 4.07614 0.00717594 0 0
0 0 775 3.22917 4.34221 -2.5023 0.994354 0 0
0 0 776 2.68497 -5.85018 -7.17386 -3.76618 0 0
0 0 777 -5.37618 -2.73777 -11.1862 -1.89166 0 0
0 0 778 -6.50926 3.7593 1.31802 -9.83694 0 0
0 0 779 -3.03471 7.82898 3.71452 1.82671 0 0
0 0 780 -5.21094 -4.47113 1.95726 -1.30499 0 0
0 0 781 4.78461 2.70428 -9.61549 -0.585001 0 0
0 0 782 5.57045 -4.98584 -0.33714 -4.00894 0 0
0 0 783 5.2843 2.6352 13.9924 3.87238 0 0
0 0 784 2.08529 -7.97218 -0.52833 4.47743 0 0
0 0 785 2.13447 -2.03921 4.09056 3.53132 0 0
0 0 786 -0.32406 -1.86901 3.6714 -2.59178 0 0
0 0 787 1.30108 3.37759 6.32868 3.6821 0 0
0 0 788 3.24633 -2.48009 -4.56535 6.0364 0 0
0 0 789 10.7367 -3.23563 -8.46532 5.42133 0 0
0 0 790 5.64023 10.0302 -0.155217 -4.6911 0 0
0 0 791 -5.40513 -2.08048 7.31644 -3.63217 0 0
0 0 792 -1.65039 0.705015 -6.22116 4.11942 0 0
0 0 793 -2.14629 -8.63261 10.3477 0.283072 0 0
0 0 794 -2.98572 -3.88378 -3.09462 -7.45216 0 0
0 0 795 -2.44965 5.96555 -9.10862 0.944279 0 0
0 0 796 -1.54758 3.45796 -0.690896 7.30843 0 0
0 0 797 11.7686 -1.67621 -0.204098 8.9886 0 0
0 0 798 -0.959087 -1.50676 -4.81892 11.4395 0 0
0 0 799 3.6733 3.92378 -4.959 -1.2627 0 0
0 0 800 6.60865 -1.13985 2.41457 -1.50457 0 0
0 0 801 -0.227586 2.81562 4.03286 -5.19889 0 0
0 0 802 5.04612 -0.881872 -5.14202 1.08817 0 0
0 0 803 -0.138357 2.43361 -5.51688 2.26627 0 0
0 0 804 3.86813 -3.3751 -5.59328 0.346558 0 0
0 0 805 5.58189 4.24175 3.15459 -4.86268 0 0
0 0 806 4.92931 0.543356 -0.0569302 0.870606 0 0
0 0 807 5.45798 -3.05085 3.45247 5.7185 0 0
0 0 808 -2.10364 -6.04086 -0.568442 0.619246 0 0
0 0 809 -4.2471 5.70036 -1.53467 -0.105801 0 0
0 0 810 6.90468 3.91336 -8.61813 -4.44041 0 0
0 0 811 -2.96862 -14.3807 2.15147 1.53021 0 0
0 0 812 1.20809 -4.06045 -0.757436 -0.0579175 0 0
0 0 813 7.60799 16.1864 -3.42627 0.0515346 0 0
0 0 814 5.62657 -2.8681 4.51009 0.529546 0 0
0 0 815 -10.1795 -1.3218 -5.64001 6.88605 0 0
0 0 816 5.84786 10.4535 5.35639 4.34919 0 0
0 0 817 0.917096 4.64362 -1.4728 -2.10148 0 0
0 0 818 6.85133 7.12702 -5.30531 -0.308872 0 0
0 0 819 5.47895 -5.8118 0.137881 2.48691 0 0
0 0 820 1.20986 -3.50766 -7.007 4.67057 0 0
0 0 821 -4.90273 8.89138 -2.64233 2.91521 0 0
0 0 822 -3.72282 1.74341 5.69969 -4.8433 0 0
0 0 823 3.39014 -8.39561 -3.86771 -2.69143 0 0
0 0 824 14.6513 -1.03023 0.195582 2.87647 0 0
0 0 825 -8.31491 8.55184 -4.08425 -8.66893 0 0
0 0 826 -5.68191 -3.46086 -1.46881 1.93899 0 0
0 0 827 4.31501 11.5101 -2.1794 1.88941 0 0
0 0 828 1.5102 7.3534 5.847 -0.197797 0 0
0 0 829 7.12091 4.47482 -8.92192 3.86579 0 0
0 0 830 -3.70145 -9.9554 9.24734 7.30969 0 0
0 0 831 -5.71282 2.60932 -1.39749 4.18316 0 0
0 0 832 2.93523 5.93753 -0.314814 -3.9374 0 0
0 0 833 7.88751 4.67767 4.85612 -2.93234 0 0
0 0 834 7.521 1.54411 -9.10125 9.7084 0 0
0 0 835 -4.82075 9.13459 -1.32497 5.64689 0 0
0 0 836 3.83793 4.31028 -0.31287 -0.216101 0 0
0 0 837 -3.81243 6.78644 1.50973 -3.89201 0 0
0 0 838 -1.26385 10.337 1.79883 6.15733 0 0
0 0 839 -0.436308 -0.85406 -4.50207 1.94219 0 0
0 0 840 2.20177 -5.39628 -13.6527 1.92139 0 0
0 0 841 8.7628 -6.25851 -5.09137 -1.9659 0 0
0 0 842 -2.93378 -13.6014 -4.95846 5.47346 0 0
0 0 843 -1.31861 8.02642 -3.18405 -0.943677 0 0
0 0 844 0.726885 5.50833 -2.71991 -7.01279 0 0
0 0 845 -6.31958 0.877278 -5.5009 3.08203 0 0
0 0 846 8.16479 3.2236 -1.21311 1.07571 0 0
0 0 847 4.16926 -5.99085 9.38442 1.25586 0 0
0 0 848 2.65902 1.45313 -2.90442 0.138965 0 0
0 0 849 3.77262 -4.65058 -11.3639 -1.97831 0 0
0 0 850 3.76348 4.91298 6.13571 0.987474 0 0
0 0 851 -2.0493 -4.41225 -7.98015 2.57219 0 0
0 0 852 4.90707 -2.49359 6.99641 -2.63372 0 0
0 0 853 5.73317 6.7248 -0.0582785 0.0481558 0 0
0 0 854 -0.838654 1.5833 -6.87363 3.0087 0 0
0 0 855 4.74645 0.586237 -7.0361 9.6996 0 0
0 0 856 -0.141873 -1.08427 -4.36776 5.03559 0 0
0 0 857 9.25155 -3.25351 -5.81048 -10.9101 0 0
0 0 858 7.4522 0.584687 -9.37908 0.0856132 0 0
0 0 859 4.80702 3.93628 -6.43452 -3.17764 0 0
0 0 860 4.10746 -1.43907 -9.29354 8.04244 0 0
0 0 861 13.883 0.745782 -13.813 -0.928255 0 0
0 0 862 13.1703 -0.0257897 -10.5301 0.932704 0 0
0 0 863 12.0677 9.29429 -9.70046 -4.1249 0 0
0 0 864 10.8963 6.5379 -13.8171 4.95957 0 0
0 0 865 12.5318 -11.0855 -12.9351 -4.55105 -65.2985 8.41404
0 0 866 12.9622 -7.39939 -17.8491 -6.95397 -56.2583 7.46496
0 0 867 6.35064 -3.4951 -13.1371 2.04671 0 0
0 0 868 12.3612 0.635697 -13.6402 10.0911 0 0
0 0 869 8.67286 -4.08109 -15.4331 -2.34809 0 0
0 0 870 6.94108 -1.86967 -15.1993 -3.34941 0 0
0 0 871 11.1055 3.05941 -10.1834 -2.66207 0 0
0 0 872 20.6325 -5.62636 -17.8238 0.286699 -53.7596 7.72687
0 0 873 9.58208 0.488179 -5.72943 -6.58078 0 0
0 0 874 10.8721 -9.55871 -11.9681 5.74661 0 0
0 0 875 17.8481 0.939383 -11.9731 -4.25324 0 0
0 0 876 13.9596 0.441095 -8.53345 12.1444 0 0
0 0 877 18.0317 -2.17397 -6.52419 -1.14353 0 0
0 0 878 9.98607 4.81274 -10.949 -8.95677 0 0
0 0 879 1.86122 -3.09733 -2.7503 -10.2962 0 0
0 0 880 6.25575 4.18826 -6.31248 -9.0176 0 0
0 0 881 14.3025 -3.26147 0.417225 0.742267 0 0
0 0 882 6.7705 -1.17491 -11.1176 0.154138 0 0
0 0 883 6.7995 -1.24173 -10.2147 -8.16119 0 0
0 0 884 13.2053 -5.65024 -4.27291 -4.10223 0 0
0 0 885 6.70269 4.56119 -7.68437 1.88184 0 0
0 0 886 10.7498 0.0653481 -13.4138 3.25031 0 0
0 0 887 15.9844 3.39175 -0.835336 -1.70111 0 0
0 0 888 7.76867 4.71355 -6.51062 10.1435 0 0
0 0 889 0.672408 -0.573834 -4.99974 -0.145926 0 0
0 0 890 11.2132 -5.32638 -11.6805 -2.41081 0 0
0 0 891 18.6876 -3.23955 -18.8396 7.03869 -49.8784 7.5654
0 0 892 4.94438 0.413845 -11.171 1.32343 0 0
0 0 893 4.61832 -6.87005 -10.3737 2.56255 0 0
0 0 894 7.77405 -4.42706 -8.85283 -4.52737 0 0
0 0 895 3.78918 -0.346041 -22.0664 1.57948 -45.4492 6.55727
0 0 896 13.1346 -4.96715 -10.0492 3.72201 0 0
0 0 897 20.0384 -9.5664 -8.23307 1.38375 0 0
0 0 898 17.2613 0.322769 -9.95374 -1.2413 0 0
0 0 899 15.7194 -5.33113 -15.1606 -7.5097 0 0
0 0 900 11.7496 -8.50611 -15.1132 4.38059 -59.686 8.29944
0 0 901 17.1591 -9.14454 -8.63452 0.451386 0 0
0 0 902 15.007 5.38222 -13.0241 4.35898 0 0
0 0 903 18.6334 -9.69045 -16.5315 -0.338319 -60.189 7.50868
0 0 904 14.2253 1.59868 -11.4223 2.16083 0 0
0 0 905 20.4811 -3.72455 -17.1073 2.23235 -51.1413 8.25719
0 0 906 23.1011 -0.0164537 -22.4704 3.31165 -45.021 6.44021
0 0 907 29.2897 -5.55786 -20.7289 -12.7067 -52.5046 6.73297
0 0 908 23.3979 -4.71984 -22.8797 -0.143833 -50.828 6.18892
0 0 909 18.87 -6.40257 -22.1371 -4.70262 -53.0655 6.26894
0 0 910 18.694 -2.43771 -18.5064 5.13206 -48.752 7.74975
0 0 911 22.4971 -1.21065 -15.5005 1.53337 0 0
0 0 912 20.7313 -4.91961 -20.8036 2.74865 -51.6524 6.76146
0 0 913 27.58 -1.91421 -23.9972 -2.31363 -47.2804 6.01051
0 0 914 32.3499 -1.05487 -23.9909 2.94092 -46.2588 6.02596
0 0 915 28.5327 -8.1231 -30.2622 6.86346 -52.5127 4.61157
0 0 916 33.8501 -15.9821 -16.9393 -5.26905 -66.6672 6.14809
0 0 917 40.112 -4.89635 -17.7966 -2.32967 -52.6916 7.82791
0 0 918 42.4895 -10.7102 -29.5029 -9.47499 -54.976 4.59864
0 0 919 38.653 -11.7682 -27.6834 -1.58372 -56.5151 4.79434
0 0 920 32.3138 -6.917 -21.5342 -2.17589 -53.9038 6.38482
0 0 921 38.3058 0.258928 -20.5597 -3.27208 -44.6392 7.03814
0 0 922 36.9144 -10.788 -30.321 3.48203 -54.7926 4.48528
0 0 923 30.9041 -11.3393 -24.5873 3.87322 -57.3792 5.3237
0 0 924 46.8125 -10.5119 -23.1151 -5.16725 -57.2271 5.67709
0 0 925 47.0081 -15.9912 -26.0664 -3.18676 -60.7641 4.70318
0 0 926 50.1174 -3.91533 -24.4859 1.15521 -49.5424 5.83272
0 0 927 53.6706 -3.7671 -30.0583 -2.20491 -48.5717 4.77542
0 0 928 46.8023 -7.32675 -22.7041 -2.63357 -53.9426 6.05307
0 0 929 53.9158 -6.98724 -26.2473 -2.83985 -52.4535 5.32005
0 0 930 54.0373 -9.05695 -26.154 -4.39448 -54.5503 5.21599
0 0 931 61.372 -16.9835 -32.6275 3.23098 -58.7491 3.91546
0 0 932 72.6121 -8.03508 -23.7178 9.04938 -54.3576 5.76555
0 0 933 83.8639 -9.5308 -16.301 -9.2234 -60.1569 7.62001
0 0 934 86.1323 -5.32707 -30.1642 -2.87284 -50.0077 4.72125
0 0 935 87.9483 -12.0413 -14.8768 -2.38763 -64.4934 7.49386
0 0 936 100.314 -2.53133 -3.22145 -4.82886 0 0
0 0 937 101.662 6.19275 3.01733 -0.551407 0 0
0 0 938 97.5304 1.36818 -7.77903 12.5205 0 0
0 0 939 114.018 1.90587 12.1471 8.20346 0 0
0 0 940 117.449 1.6032 9.2831 7.22735 0 0
0 0 941 125.871 6.44224 23.4846 5.73668 37.33 5.93325
0 0 942 138.441 23.8772 32.5234 0.692545 26.8578 3.55852
0 0 943 149.622 16.7849 36.0527 7.14927 32.5175 3.62438
0 0 944 156.096 16.5919 48.8099 4.65382 35.6128 2.80059
0 0 945 168.355 36.1015 51.7575 7.06617 27.5519 2.2764
0 0 946 176.364 38.582 64.0564 -2.23298 29.4695 1.92369
0 0 947 176.371 42.923 54.7776 10.0327 25.9591 2.06171
0 0 948 176.792 27.1933 55.9437 4.97126 32.0382 2.31653
0 0 949 179.332 36.3065 55.7846 16.8925 28.4713 2.15971
0 0 950 176.848 39.301 58.2608 -2.07447 27.9988 2.04473
0 0 951 172.312 27.643 58.6941 12.1085 32.3905 2.22149
0 0 952 172.251 27.8843 45.9686 9.97956 29.3796 2.67537
0 0 953 161.363 32.7244 52.5061 3.14103 29.0334 2.32436
0 0 954 152.148 23.8346 40.9802 1.61712 29.9086 3.03525
0 0 955 138.683 11.1473 22.6392 1.03272 31.8924 5.70961
0 0 956 144.67 26.9946 19.1948 2.4368 17.7076 4.30356
0 0 957 136.163 25.2701 9.97121 -3.07449 10.7667 5.22287
0 0 958 129.557 6.1539 18.3342 3.42463 35.7228 7.4659
0 0 959 117.568 2.79424 10.6856 0.656886 0 0
0 0 960 128.358 11.475 10.9042 -0.39468 0 0
0 0 961 111.688 6.70128 3.95677 2.64935 0 0
0 0 962 106.045 -4.16663 11.6486 5.30504 0 0
0 0 963 94.5278 2.67932 7.00767 1.61162 0 0
0 0 964 101.959 2.06142 6.41206 -3.9761 0 0
0 0 965 93.9273 1.75603 -2.73222 1.33428 0 0
0 0 966 86.9408 1.95581 5.52679 -7.82163 0 0
0 0 967 88.9305 7.35708 -12.7253 -5.23382 0 0
0 0 968 80.0451 -6.56824 -5.50256 -8.33519 0 0
0 0 969 81.9942 -7.15694 -10.921 -2.71784 0 0
0 0 970 75.2661 -4.19835 -2.56191 12.5223 0 0
0 0 971 89.3044 -4.45054 -1.02652 -1.42066 0 0
0 0 972 82.0538 -4.61145 2.879 -0.0534764 0 0
0 0 973 75.1155 -2.81583 -9.02001 -1.15498 0 0
0 0 974 66.6258 -7.41594 -5.50085 -5.79444 0 0
0 0 975 67.511 -8.47313 -5.26356 -3.39482 0 0
0 0 976 62.8705 -0.180418 -3.47431 -3.72605 0 0
0 0 977 70.4607 -3.64029 -10.5969 4.09979 0 0
0 0 978 62.1321 -6.62323 -1.73106 -0.805338 0 0
0 0 979 69.3009 -8.8398 -8.21996 -4.35213 0 0
0 0 980 58.7282 -2.12232 -7.53329 -0.449821 0 0
0 0 981 55.6201 -4.64429 -14.6192 -0.416084 0 0
0 0 982 59.8071 -14.8975 -7.36026 -10.0421 -76.854 8.55101
0 0 983 49.6545 -8.5857 -8.24999 -10.0403 0 0
0 0 984 60.4915 -5.9687 -3.49674 -14.3961 0 0
0 0 985 41.2198 -3.89861 -1.06062 -2.81503 0 0
0 0 986 50.1744 -4.13348 3.3343 -0.246665 0 0
0 0 987 47.543 -7.48033 -14.1043 -0.396559 0 0
0 0 988 37.3895 -13.0118 -1.86096 -3.61857 0 0
0 0 989 34.6125 -16.0418 -4.53983 -6.18557 -82.0992 8.4985
0 0 990 43.6299 -11.286 -3.69913 0.979622 0 0
0 0 991 35.0734 -17.4034 -6.73752 1.98389 -79.4183 7.60212
0 0 992 33.2911 0.654865 -13.4139 -2.48535 0 0
0 0 993 42.5107 -10.6262 -10.1271 -3.96597 0 0
0 0 994 38.1086 -9.41881 3.59312 -7.19384 0 0
0 0 995 32.8507 -3.43994 5.05752 4.79609 0 0
0 0 996 31.6557 1.19639 -0.0349451 -6.76876 0 0
0 0 997 25.4413 -11.4995 -3.78707 -0.118876 0 0
0 0 998 33.7955 -10.7561 6.3788 -5.98712 0 0
0 0 999 25.9881 -17.8553 -0.972035 1.29341 -88.442 7.91027
0 0 1000 23.4392 -6.29085 -7.04451 -3.43096 0 0
0 0 1001 27.0499 -9.18122 -3.73312 -5.62259 0 0
0 0 1002 31.1589 -4.47074 -1.23671 -2.87092 0 0
0 0 1003 26.0352 -10.2274 5.59413 -0.387076 0 0
0 0 1004 20.0377 5.37097 -1.3887 -6.88624 0 0
0 0 1005 11.2883 -5.43902 -2.80009 0.160209 0 0
0 0 1006 18.8059 -4.85185 -2.20343 5.95716 0 0
0 0 1007 13.2752 -7.17215 0.996158 -8.1842 0 0
0 0 1008 28.4679 -7.02093 8.11448 -7.04768 0 0
0 0 1009 22.5156 -4.47035 -9.73297 -6.46672 0 0
0 0 1010 19.5076 -1.96613 -4.30276 -3.53746 0 0
0 0 1011 17.2491 -8.03862 -2.91104 -7.04491 0 0
0 0 1012 15.8336 -6.13687 2.94018 6.90915 0 0
0 0 1013 12.7815 -6.92368 -4.95148 3.05606 0 0
0 0 1014 17.0028 -8.48694 -3.46787 0.808164 0 0
0 0 1015 10.1535 -4.91494 -1.0232 -4.61806 0 0
0 0 1016 13.7605 -7.43953 2.8119 9.44796 0 0
0 0 1017 8.19376 -6.78955 -7.60324 -5.70561 0 0
0 0 1018 4.28086 -8.08441 -4.81854 2.57123 0 0
0 0 1019 5.73734 -13.0906 -6.4782 -3.01979 0 0
0 0 1020 4.43425 10.3421 -2.08388 3.32999 0 0
0 0 1021 10.0986 -5.69904 -9.00522 -4.2152 0 0
0 0 1022 11.2741 -1.25325 2.07641 -0.914519 0 0
0 0 1023 2.41299 -1.36356 10.5624 4.09688 0 0
