# File: uwl_240301_213815_Combined.rf.sbC2.RMC_aux Src: J1713+0747 Nsub: 1 Nch: 1 Npol: 4 Nbin: 1024 RMS: 3.81212
0 0 0 29.0404 -2.10691 -2.04998 -9.86827 0 0
0 0 1 33.5995 -12.6697 -9.15992 -5.03397 -72.067 7.73824
0 0 2 16.5118 -13.3816 -4.72984 -5.24277 -80.2668 8.68097
0 0 3 36.263 -9.46467 -4.54179 -4.43545 0 0
0 0 4 32.1807 -12.234 -2.44107 -1.58987 0 0
0 0 5 19.1618 -11.4725 1.37719 -1.48879 0 0
0 0 6 26.2788 -11.4935 5.38631 -7.71746 0 0
0 0 7 32.0092 -10.8641 -3.09302 -6.49074 0 0
0 0 8 20.9763 -6.10609 -1.72759 0.412282 0 0
0 0 9 22.6906 -3.59515 -1.33379 -5.60753 0 0
0 0 10 22.6949 -8.3245 -10.7661 -6.93312 0 0
0 0 11 13.5422 -9.50449 0.619683 -6.72462 0 0
0 0 12 17.7112 -6.53838 -2.63376 -9.61896 0 0
0 0 13 25.9817 -5.06199 -5.53821 5.96221 0 0
0 0 14 15.3315 0.913436 -3.06348 4.18789 0 0
0 0 15 12.7841 2.10137 -5.30564 -4.96588 0 0
0 0 16 12.4814 -0.748782 0.0812426 -7.11681 0 0
0 0 17 19.4188 -5.93829 -5.61392 1.45556 0 0
0 0 18 20.0273 -7.451 -2.89479 0.629915 0 0
0 0 19 18.9876 -0.0569534 -1.59291 -6.90199 0 0
0 0 20 15.404 -1.66521 -9.71542 0.32027 0 0
0 0 21 8.51259 1.24086 -0.0733157 -3.35909 0 0
0 0 22 12.8277 -3.30733 -1.93921 0.597929 0 0
0 0 23 9.38991 -0.589638 5.84767 7.79992 0 0
0 0 24 4.56914 0.726463 -3.9458 -1.27935 0 0
0 0 25 8.1673 -0.432148 -5.36352 2.44461 0 0
0 0 26 3.42609 -10.6105 6.92081 0.0441588 0 0
0 0 27 17.1397 -10.2312 6.19549 -6.39825 0 0
0 0 28 8.02589 -8.11665 -2.33908 3.7925 0 0
0 0 29 1.99822 4.54892 1.193 -3.53948 0 0
0 0 30 7.44643 1.93568 -7.13283 -5.12542 0 0
0 0 31 13.5541 -3.02742 -4.37692 2.67784 0 0
0 0 32 10.1991 -5.1437 -0.103406 0.632668 0 0
0 0 33 6.47717 -4.59954 -4.86312 -2.02221 0 0
0 0 34 15.6902 7.48344 -3.39697 -2.12631 0 0
0 0 35 10.2038 -3.68819 6.14106 -3.2981 0 0
0 0 36 5.68563 -5.53781 5.17949 0.246729 0 0
0 0 37 1.13859 -1.51137 5.72913 -0.297214 0 0
0 0 38 11.149 -6.56234 4.34974 2.75495 0 0
0 0 39 3.2431 4.61143 -4.98739 -9.52177 0 0
0 0 40 4.82432 -0.31494 6.6112 1.23131 0 0
0 0 41 11.688 7.18807 1.19612 -4.47164 0 0
0 0 42 6.12948 2.59714 8.25307 -0.813005 0 0
0 0 43 4.30999 -1.74511 3.75116 5.91147 0 0
0 0 44 10.5288 -1.57553 0.644805 3.56014 0 0
0 0 45 4.44721 6.3592 10.4207 -7.50809 0 0
0 0 46 12.9855 -5.01629 -5.69331 2.31058 0 0
0 0 47 8.96285 2.80267 6.09511 0.443705 0 0
0 0 48 16.6639 -2.11042 -0.0370696 -0.833267 0 0
0 0 49 13.6321 -5.43954 5.38353 -2.41749 0 0
0 0 50 -0.442255 -3.30017 6.89882 0.990972 0 0
0 0 51 7.23748 2.35757 4.62292 2.36945 0 0
0 0 52 4.44865 7.84761 0.424286 -5.14849 0 0
0 0 53 7.50989 -3.67763 5.16382 4.46856 0 0
0 0 54 10.3459 -5.82632 9.03369 -1.33565 0 0
0 0 55 15.4879 -0.284338 9.00417 -1.65836 0 0
0 0 56 7.72082 3.78305 11.6513 -5.38328 0 0
0 0 57 10.634 -2.62182 -2.79502 -7.7985 0 0
0 0 58 7.567 -3.8349 4.9021 -7.77568 0 0
0 0 59 12.5983 -1.34152 4.10878 -1.44494 0 0
0 0 60 9.5167 3.51138 -7.26834 -2.78952 0 0
0 0 61 23.3489 1.40959 7.38244 0.152435 0 0
0 0 62 11.3085 -3.62198 4.72757 -7.2305 0 0
0 0 63 6.24139 0.25376 12.7831 -3.15215 0 0
0 0 64 4.71679 -3.64008 4.98588 -8.84431 0 0
0 0 65 5.46768 -2.82299 4.83317 -7.21265 0 0
0 0 66 11.2618 -2.96047 4.40492 2.63432 0 0
0 0 67 3.75012 -3.60777 9.69413 -5.63342 0 0
0 0 68 12.5744 -13.6412 9.42112 -7.01446 72.6848 7.30939
0 0 69 13.8706 0.423569 13.3071 3.76618 0 0
0 0 70 7.42954 -6.99275 11.5302 1.67033 0 0
0 0 71 9.81819 -2.94784 8.08442 5.46541 0 0
0 0 72 11.5969 0.456755 0.920712 0.306188 0 0
0 0 73 13.8114 -1.29724 9.22557 -0.661528 0 0
0 0 74 8.85206 2.7307 12.1183 1.57138 0 0
0 0 75 1.77514 -7.29143 3.41657 -0.156339 0 0
0 0 76 -0.704329 -3.14752 12.6878 4.19368 0 0
0 0 77 10.3393 4.78764 1.05631 -5.91328 0 0
0 0 78 12.4527 -9.0837 3.39798 -1.00855 0 0
0 0 79 1.19378 2.49726 1.75966 -7.89652 0 0
0 0 80 6.7356 -4.6213 12.8309 -3.54341 0 0
0 0 81 6.38102 1.19159 10.5548 1.70723 0 0
0 0 82 8.37956 -6.91798 2.81263 0.224322 0 0
0 0 83 8.19398 6.54871 6.74325 -3.07843 0 0
0 0 84 18.4278 3.06304 1.24936 2.53862 0 0
0 0 85 7.63291 0.823608 0.0191866 4.66321 0 0
0 0 86 1.63125 -2.83969 9.17201 -9.48245 0 0
0 0 87 6.92292 -0.51021 -0.439517 4.55388 0 0
0 0 88 4.40042 -5.76389 2.43823 -5.14694 0 0
0 0 89 6.85503 1.53283 -2.12171 2.79561 0 0
0 0 90 6.40923 1.458 7.89746 -1.48831 0 0
0 0 91 0.177009 -11.8997 0.289859 -8.29737 0 0
0 0 92 1.62798 -8.47933 3.73827 0.448122 0 0
0 0 93 5.07171 -6.6449 5.88326 -3.35174 0 0
0 0 94 -3.05894 -2.71932 0.38925 -1.77671 0 0
0 0 95 5.84619 -7.79284 7.98709 0.407316 0 0
0 0 96 3.28747 5.55446 -0.0550014 -10.8718 0 0
0 0 97 -1.53236 5.07753 1.73343 -7.54782 0 0
0 0 98 12.2986 -14.3133 -1.01306 0.821559 -87.9758 8.65642
0 0 99 6.84418 -0.37825 -1.28076 -0.0321303 0 0
0 0 100 -3.9567 -0.215197 2.01065 1.3777 0 0
0 0 101 2.22837 3.37178 2.38248 0.444997 0 0
0 0 102 4.30383 0.232527 0.937712 12.6321 0 0
0 0 103 4.32359 -0.654426 3.88021 0.380704 0 0
0 0 104 8.80462 -3.82832 -4.60671 -1.59662 0 0
0 0 105 4.82412 -3.49719 -1.49965 1.95707 0 0
0 0 106 6.48968 -0.509103 8.13079 6.05472 0 0
0 0 107 -6.8015 -9.37685 -3.10507 1.28816 0 0
0 0 108 3.84102 2.31253 -0.513211 0.0931607 0 0
0 0 109 -0.769528 4.08366 1.00642 6.42342 0 0
0 0 110 4.8719 -4.55734 2.00488 -3.22484 0 0
0 0 111 5.6143 0.989241 6.16354 -1.26658 0 0
0 0 112 -4.4231 5.43725 6.82932 3.29514 0 0
0 0 113 3.95333 5.72273 -1.43162 -3.52599 0 0
0 0 114 5.44348 2.52269 1.26926 -3.41638 0 0
0 0 115 -5.68397 -7.16851 -1.33416 -2.22754 0 0
0 0 116 8.27392 2.32123 12.9403 3.43697 0 0
0 0 117 0.308423 -0.664346 -3.25381 -8.55935 0 0
0 0 118 7.40711 -4.29628 -5.20408 6.82901 0 0
0 0 119 2.31031 2.84553 3.06387 -3.61687 0 0
0 0 120 10.2587 -3.80895 -6.58041 1.58517 0 0
0 0 121 4.55395 -0.437827 -4.86055 -4.85063 0 0
0 0 122 -0.556052 -2.36634 0.492869 0.384961 0 0
0 0 123 -2.60547 2.88185 0.98357 2.19685 0 0
0 0 124 5.02712 -2.17181 -5.46672 0.190871 0 0
0 0 125 0.799335 -4.58973 -8.01081 11.7206 0 0
0 0 126 9.73229 -4.87286 -4.59586 2.08851 0 0
0 0 127 -2.22405 6.64686 4.31078 -3.13418 0 0
0 0 128 9.41537 0.934278 -4.64507 3.2086 0 0
0 0 129 7.51891 7.45369 -1.31445 2.34946 0 0
0 0 130 -3.92037 4.44243 5.23369 -2.34517 0 0
0 0 131 1.43347 -0.0382636 4.0814 8.49881 0 0
0 0 132 6.03335 6.88051 4.11234 -0.455582 0 0
0 0 133 -4.28236 10.3573 4.13371 2.83158 0 0
0 0 134 10.9185 5.22171 -13.9623 -0.000626501 -34.7474 7.76132
0 0 135 -0.576768 5.50606 -2.44343 -6.54208 0 0
0 0 136 16.1881 9.72719 2.63083 8.81985 0 0
0 0 137 2.94608 3.24718 -4.01875 5.89729 0 0
0 0 138 1.47894 -2.50335 -7.62027 2.26812 0 0
0 0 139 2.48235 -4.15324 -2.73683 3.65698 0 0
0 0 140 -2.00692 8.49078 -4.87808 0.523392 0 0
0 0 141 6.88208 7.40331 -9.35101 3.80178 0 0
0 0 142 -1.65399 -0.164404 -4.99074 -0.628629 0 0
0 0 143 8.11135 0.19258 -4.85495 2.21192 0 0
0 0 144 -7.29869 -0.381017 -1.57081 1.99709 0 0
0 0 145 10.3607 -3.93509 1.07591 -0.705297 0 0
0 0 146 -1.8017 -1.92328 -7.16756 -1.49682 0 0
0 0 147 3.99071 -0.31021 -7.39167 6.53773 0 0
0 0 148 -9.02058 0.654552 -3.41859 0.240172 0 0
0 0 149 -10.039 -7.25981 -7.55605 3.8999 0 0
0 0 150 8.12914 -1.82122 -11.7912 7.23464 0 0
0 0 151 -2.02582 -4.07474 -3.61186 6.86406 0 0
0 0 152 4.88962 -12.9249 1.57141 -3.06254 0 0
0 0 153 3.14968 2.68115 -0.350762 -0.0155914 0 0
0 0 154 6.70405 -0.536502 -7.71484 2.22256 0 0
0 0 155 8.00067 5.60924 3.29204 -3.33465 0 0
0 0 156 8.20481 -4.52312 1.61739 5.33759 0 0
0 0 157 -2.49268 -7.77103 -6.3392 -2.38981 0 0
0 0 158 3.27739 -1.93194 -2.31052 0.94558 0 0
0 0 159 4.70888 5.72572 -2.76758 -6.16718 0 0
0 0 160 0.213595 0.440036 2.0832 -1.75888 0 0
0 0 161 12.7073 -3.06022 -0.996513 0.689385 0 0
0 0 162 7.19728 -0.181026 9.10358 -2.02073 0 0
0 0 163 12.2431 12.7178 5.39528 2.63087 0 0
0 0 164 5.50019 2.65148 -0.531921 0.974078 0 0
0 0 165 5.2041 6.38684 -5.25167 4.92248 0 0
0 0 166 3.4132 3.76345 -8.06728 1.34572 0 0
0 0 167 14.0357 4.81564 -2.24497 -3.60328 0 0
0 0 168 13.9052 -1.22755 3.85347 11.66 0 0
0 0 169 1.74973 -2.55186 0.398172 -1.52657 0 0
0 0 170 12.7833 4.77852 0.360439 1.95254 0 0
0 0 171 14.1116 2.44205 0.644081 12.263 0 0
0 0 172 12.8763 -0.396184 10.0578 -1.95167 0 0
0 0 173 6.25669 2.34836 -3.3189 -1.33214 0 0
0 0 174 1.46349 4.71282 2.30225 3.13991 0 0
0 0 175 14.9423 0.33696 6.33825 4.26632 0 0
0 0 176 9.47753 4.28294 3.50745 7.65032 0 0
0 0 177 2.23467 3.16832 6.63013 -8.18416 0 0
0 0 178 16.7811 5.31728 5.52773 7.90696 0 0
0 0 179 9.70846 -0.869058 -12.4523 -3.99893 0 0
0 0 180 7.23428 3.8101 -3.40535 2.52994 0 0
0 0 181 12.0679 -4.15667 -1.56279 -7.15087 0 0
0 0 182 4.02738 -13.2446 -0.564377 11.0161 0 0
0 0 183 10.8677 6.04982 6.81045 -1.38872 0 0
0 0 184 5.87213 0.360998 -1.27495 0.389281 0 0
0 0 185 15.1804 -0.20209 -2.12592 -2.77604 0 0
0 0 186 -3.97181 -0.0368108 -3.1576 2.34142 0 0
0 0 187 12.9558 1.48513 -3.85341 0.681997 0 0
0 0 188 4.75007 -3.43021 -3.08995 -0.262941 0 0
0 0 189 11.4141 8.84559 6.56666 4.7329 0 0
0 0 190 13.2494 -4.02974 -2.38723 7.4992 0 0
0 0 191 4.83944 -5.58815 -1.76229 -2.81747 0 0
0 0 192 7.98374 -2.62984 -5.13151 0.496192 0 0
0 0 193 8.1814 4.61412 -1.58413 3.14898 0 0
0 0 194 10.2434 -2.61102 0.921363 3.22468 0 0
0 0 195 6.18432 0.980593 1.30947 -5.74163 0 0
0 0 196 11.6402 -0.782197 -2.16319 -3.5971 0 0
0 0 197 4.16951 11.9714 0.0921074 1.68653 0 0
0 0 198 17.4514 2.37246 -6.22401 6.46189 0 0
0 0 199 13.7279 -3.859 5.83076 -1.08623 0 0
0 0 200 12.6568 2.21847 -6.61164 0.250237 0 0
0 0 201 6.48366 -2.18305 2.91107 -5.02147 0 0
0 0 202 6.08556 -4.84959 -0.159031 5.97758 0 0
0 0 203 8.16056 4.64947 0.0595364 -2.1121 0 0
0 0 204 13.0716 5.91348 -4.75149 7.51103 0 0
0 0 205 7.54768 0.232547 -5.07811 -9.89498 0 0
0 0 206 2.31873 -5.34506 -5.07866 7.79462 0 0
0 0 207 9.41891 -4.65351 0.4972 1.80705 0 0
0 0 208 12.917 -2.9052 2.21137 2.14527 0 0
0 0 209 8.32084 4.49261 2.57875 12.5091 0 0
0 0 210 8.50081 7.59491 1.02861 2.43021 0 0
0 0 211 8.17646 -0.375499 0.678181 0.447755 0 0
0 0 212 9.67823 -1.03986 -3.86872 5.50252 0 0
0 0 213 21.8245 -10.5477 2.26113 -6.51434 0 0
0 0 214 21.6904 0.342626 4.83738 -3.331 0 0
0 0 215 8.7996 5.81983 1.06933 1.74606 0 0
0 0 216 8.87605 -1.50224 -9.32845 5.08583 0 0
0 0 217 15.658 -6.85382 2.43575 4.12136 0 0
0 0 218 8.07786 7.64187 3.69204 1.68463 0 0
0 0 219 11.0433 -2.11653 -5.57386 -1.60087 0 0
0 0 220 3.62813 -6.22549 2.50457 -1.12986 0 0
0 0 221 20.2085 -4.20246 2.04136 8.57665 0 0
0 0 222 18.6122 -1.28125 0.336408 0.280962 0 0
0 0 223 10.8571 2.93207 -5.34585 -2.65488 0 0
0 0 224 8.92887 -2.9848 -1.59145 1.49432 0 0
0 0 225 9.84202 -3.50398 -1.38395 8.24195 0 0
0 0 226 9.93722 3.97936 0.402335 1.90294 0 0
0 0 227 12.6233 -2.13609 -0.897367 7.41014 0 0
0 0 228 8.68294 0.483497 3.53986 -3.40795 0 0
0 0 229 11.2049 -15.5197 2.12802 -2.41802 86.0962 7.92119
0 0 230 11.1446 -8.35388 -3.15652 -0.586018 0 0
0 0 231 5.22232 4.44784 1.39566 3.00439 0 0
0 0 232 10.3145 1.39396 -6.97808 4.09671 0 0
0 0 233 15.6323 -4.30613 0.443158 9.28366 0 0
0 0 234 4.87972 3.94963 4.94974 -2.31122 0 0
0 0 235 1.22474 0.459688 -9.84816 5.67071 0 0
0 0 236 9.24358 -0.872948 -6.57651 -5.58032 0 0
0 0 237 4.44865 -2.24057 -13.6719 -2.55163 0 0
0 0 238 6.64556 1.76202 0.343904 4.51281 0 0
0 0 239 5.3791 -2.33621 -4.60202 -2.25649 0 0
0 0 240 15.4156 1.92053 -2.29272 8.64096 0 0
0 0 241 12.5957 1.5601 8.57519 6.10768 0 0
0 0 242 7.5132 -7.32619 -3.49139 -10.4016 0 0
0 0 243 0.592414 -2.9232 -4.15779 4.39306 0 0
0 0 244 7.24606 -5.07359 1.49936 5.86006 0 0
0 0 245 4.68514 -6.30727 8.7189 -3.43031 0 0
0 0 246 8.96045 -1.82928 0.0281183 0.363958 0 0
0 0 247 10.3965 -8.47172 -0.786046 -4.98304 0 0
0 0 248 13.9265 9.40987 -1.25981 1.8466 0 0
0 0 249 0.827227 0.454399 4.41905 -2.24268 0 0
0 0 250 10.257 -4.76366 3.20427 -0.411058 0 0
0 0 251 6.62607 -1.41136 -2.56543 -4.87536 0 0
0 0 252 12.1271 -2.0927 -3.93175 -1.07396 0 0
0 0 253 12.8617 9.46145 6.07893 5.88873 0 0
0 0 254 10.1985 -9.70313 -2.23626 -5.28172 0 0
0 0 255 11.6039 0.185575 -10.6298 1.56292 0 0
0 0 256 12.3761 -5.16093 0.26223 -2.6298 0 0
0 0 257 -3.73179 6.48528 0.934817 0.469915 0 0
0 0 258 8.0547 -7.52017 -0.470475 -1.54874 0 0
0 0 259 0.921391 0.72902 -0.846009 -2.9382 0 0
0 0 260 9.55083 6.90648 -5.80345 0.25906 0 0
0 0 261 1.29386 -2.67167 -4.28005 6.31285 0 0
0 0 262 0.162892 1.77785 -1.79788 -3.66817 0 0
0 0 263 4.46498 -5.72057 2.47956 0.647808 0 0
0 0 264 5.61167 -5.12212 3.75985 -1.07318 0 0
0 0 265 1.15827 3.21776 3.58159 8.99865 0 0
0 0 266 1.00985 3.76795 -3.05966 -3.33986 0 0
0 0 267 5.47238 -3.94582 -1.4497 1.99039 0 0
0 0 268 0.652095 -0.674121 -5.3222 -4.43206 0 0
0 0 269 -2.47149 -0.541204 -3.5232 -0.771307 0 0
0 0 270 2.00359 3.25525 -4.70195 0.952817 0 0
0 0 271 5.4463 -1.81819 -2.99464 3.7906 0 0
0 0 272 3.30972 0.882547 -6.41156 -1.30433 0 0
0 0 273 6.83884 -1.10413 1.05245 1.26569 0 0
0 0 274 -3.43434 -4.45028 -8.63622 -1.53603 0 0
0 0 275 1.37252 -3.97944 -5.53246 -2.00219 0 0
0 0 276 2.79604 3.92323 -0.949965 -3.55497 0 0
0 0 277 -6.87355 -3.83277 7.86471 -3.31934 0 0
0 0 278 10.2344 4.84619 0.721045 -0.0829496 0 0
0 0 279 0.9923 0.8028 0.039863 -0.472743 0 0
0 0 280 11.7277 3.50831 -2.18413 1.95203 0 0
0 0 281 0.172789 -4.14912 -3.26673 -1.61164 0 0
0 0 282 5.38561 -0.469693 -5.92323 3.11212 0 0
0 0 283 -2.72425 2.73384 -2.01313 -7.39975 0 0
0 0 284 -1.22445 -2.03632 -2.04909 -7.80984 0 0
0 0 285 -1.18105 -4.22749 -3.89185 0.310406 0 0
0 0 286 0.0845643 -3.98263 2.07204 -5.75633 0 0
0 0 287 1.79293 -2.41508 -5.10294 -1.19785 0 0
0 0 288 -3.37135 7.32625 5.36592 -4.19107 0 0
0 0 289 -1.33284 2.04616 0.815117 4.69689 0 0
0 0 290 4.23139 1.11539 -2.10265 3.55654 0 0
0 0 291 -6.20285 -1.94963 4.73423 8.17573 0 0
0 0 292 6.92708 0.113082 -0.154729 -1.02271 0 0
0 0 293 -3.03677 1.57589 -3.91905 -4.91168 0 0
0 0 294 3.1193 1.57322 -4.89862 -1.46748 0 0
0 0 295 3.47995 -1.01868 -3.24711 -8.0586 0 0
0 0 296 7.91421 3.04149 3.66189 0.893283 0 0
0 0 297 -5.53004 2.42492 3.83133 7.87967 0 0
0 0 298 -3.96548 0.359756 4.94105 3.92258 0 0
0 0 299 0.41265 -3.44476 5.90693 -2.8394 0 0
0 0 300 6.35277 0.772433 -7.55838 -8.8619 0 0
0 0 301 -0.972815 -6.10444 -6.45277 7.00887 0 0
0 0 302 4.13334 1.36296 -2.15891 0.354118 0 0
0 0 303 7.0231 9.41561 -1.08352 2.37309 0 0
0 0 304 4.43202 0.360757 -5.02645 -1.08219 0 0
0 0 305 3.11369 5.09756 6.29132 -2.16576 0 0
0 0 306 8.84332 2.39736 -4.25744 2.66579 0 0
0 0 307 -7.58104 3.56872 -1.51455 4.56492 0 0
0 0 308 7.7307 -3.17337 8.10736 -9.98822 0 0
0 0 309 2.63167 -3.86175 -1.88864 -1.18195 0 0
0 0 310 5.01747 -8.51808 -1.13253 -4.37603 0 0
0 0 311 2.14492 -4.12359 -6.36207 4.01188 0 0
0 0 312 -2.45289 5.6927 0.924132 3.64625 0 0
0 0 313 -1.41657 -3.06179 3.30932 -1.34652 0 0
0 0 314 -4.81756 -0.170588 -4.11201 -2.33928 0 0
0 0 315 -5.14884 3.4397 -2.77284 0.660443 0 0
0 0 316 5.65621 -4.58391 -0.630765 -2.9337 0 0
0 0 317 -2.11239 -6.31296 3.428 9.01726 0 0
0 0 318 1.88024 10.2118 -2.9154 -7.94042 0 0
0 0 319 -2.863 -3.82951 3.30192 -4.23524 0 0
0 0 320 -6.28754 3.02305 -3.68347 -0.737698 0 0
0 0 321 -5.40479 3.12304 0.167641 4.23774 0 0
0 0 322 -10.9822 -3.76608 4.72489 1.65587 0 0
0 0 323 -4.06712 3.03942 4.3337 0.433709 0 0
0 0 324 5.12564 -2.20956 1.00291 -2.33105 0 0
0 0 325 -0.512859 5.38865 -1.72376 -0.211264 0 0
0 0 326 -7.50194 -3.01249 -1.966 6.80326 0 0
0 0 327 0.995747 1.60647 0.54548 -2.14285 0 0
0 0 328 4.65505 4.86808 -2.08963 2.37651 0 0
0 0 329 -1.05791 1.14337 1.54773 0.143828 0 0
0 0 330 6.45797 0.474077 3.84326 -5.84575 0 0
0 0 331 -6.13167 2.71324 -12.3429 -8.75069 0 0
0 0 332 -3.95016 -0.692074 -9.04245 7.17454 0 0
0 0 333 0.838883 -8.72672 2.61787 -3.50766 0 0
0 0 334 1.4924 -1.8502 -0.353877 -4.7001 0 0
0 0 335 8.29364 5.65227 9.8663 -0.953648 0 0
0 0 336 3.10191 -1.5277 2.56455 0.752898 0 0
0 0 337 0.72143 7.47246 -4.73177 3.19529 0 0
0 0 338 -1.7847 0.714142 -2.31285 6.9908 0 0
0 0 339 -2.31346 -7.93297 -6.19852 5.24756 0 0
0 0 340 -1.14576 -4.78436 0.453909 -2.37695 0 0
0 0 341 -0.481239 1.74359 1.23653 11.1667 0 0
0 0 342 4.27658 -6.93137 -0.376758 -2.31064 0 0
0 0 343 -7.03506 -3.45811 3.23138 0.653509 0 0
0 0 344 1.80563 -7.25913 0.353872 0.94567 0 0
0 0 345 1.32464 -0.363025 -0.203218 -2.03914 0 0
0 0 346 -0.964775 -2.73559 -1.0987 -0.254102 0 0
0 0 347 2.5388 -7.28281 8.03666 -0.262237 0 0
0 0 348 -0.876189 1.81118 -4.31227 -2.31777 0 0
0 0 349 1.60338 -0.669766 -3.67641 1.73361 0 0
0 0 350 0.506784 1.7778 -0.108403 3.38108 0 0
0 0 351 0.471014 -3.42063 5.4184 -1.84433 0 0
0 0 352 -1.93725 -6.2542 -1.17032 -1.80058 0 0
0 0 353 -2.01413 1.58079 1.13608 3.36856 0 0
0 0 354 10.2467 3.9987 4.2983 6.23076 0 0
0 0 355 1.62266 2.76156 -1.83914 1.98868 0 0
0 0 356 -3.09388 -2.73369 -0.558116 -0.607392 0 0
0 0 357 4.0582 6.35273 -7.15966 -2.84853 0 0
0 0 358 6.08081 -4.45164 -3.93448 -6.68323 0 0
0 0 359 3.99979 2.42266 -4.31652 3.08626 0 0
0 0 360 2.32653 -8.89501 -3.39417 8.04107 0 0
0 0 361 -4.48883 3.66079 7.35421 -5.14664 0 0
0 0 362 -0.477788 4.73964 0.386526 -2.86698 0 0
0 0 363 7.03306 -8.39411 9.7798 -8.54095 0 0
0 0 364 6.01643 -13.2027 1.62138 1.12462 0 0
0 0 365 6.36922 1.5835 -4.66285 4.86323 0 0
0 0 366 4.91658 -0.287631 -0.746719 4.96262 0 0
0 0 367 4.86238 -0.0556827 2.12028 1.19644 0 0
0 0 368 7.99203 1.96423 4.63029 -3.43021 0 0
0 0 369 -5.26837 -4.82347 -1.17241 7.87295 0 0
0 0 370 -2.87589 4.39295 3.42289 -3.12947 0 0
0 0 371 3.27892 -0.282487 1.85789 0.332762 0 0
0 0 372 6.59414 4.12281 -6.09073 3.85715 0 0
0 0 373 -3.81436 -2.93016 -3.26949 -1.60479 0 0
0 0 374 10.2874 -1.25174 -12.7537 1.13783 0 0
0 0 375 -4.24196 0.789842 5.17328 2.54403 0 0
0 0 376 1.19973 -6.26022 0.356909 4.94804 0 0
0 0 377 3.90711 -4.26983 -0.193894 -0.0443286 0 0
0 0 378 1.65503 -3.72745 2.13341 -2.01684 0 0
0 0 379 2.91626 -3.20415 -0.219184 -3.50632 0 0
0 0 380 -6.42312 -1.65833 8.97975 5.22901 0 0
0 0 381 4.20595 4.56816 -3.75808 6.3363 0 0
0 0 382 3.02533 -3.47127 0.73985 -4.78101 0 0
0 0 383 3.02468 -6.94128 9.74074 -0.908332 0 0
0 0 384 4.61538 3.29902 -5.37643 -4.10414 0 0
0 0 385 -5.93562 2.58129 -4.71737 -0.991625 0 0
0 0 386 4.27758 4.74383 -9.02231 -1.14462 0 0
0 0 387 -2.39361 -6.32814 -5.14385 6.93003 0 0
0 0 388 0.465503 -2.07304 -2.13128 2.55553 0 0
0 0 389 5.28818 -4.33237 5.7327 -0.264469 0 0
0 0 390 0.0798681 -5.25803 0.559653 -0.497681 0 0
0 0 391 0.378031 -1.94663 0.288626 0.150898 0 0
0 0 392 2.44142 1.35867 -9.92689 2.15992 0 0
0 0 393 1.21054 1.77281 5.99869 3.81104 0 0
0 0 394 8.04879 -3.692 -2.43327 -6.52697 0 0
0 0 395 4.23021 10.7509 -2.51679 -4.22026 0 0
0 0 396 -2.93731 5.14269 -1.59961 -7.58754 0 0
0 0 397 2.42389 -5.40068 0.730824 0.673968 0 0
0 0 398 3.59369 0.592859 -1.35796 0.567495 0 0
0 0 399 -2.76144 1.1617 4.9614 2.37085 0 0
0 0 400 -1.48416 -9.20017 8.13629 3.91161 0 0
0 0 401 1.79235 0.291836 7.88314 -0.03332 0 0
0 0 402 8.18586 -2.21232 -0.220481 3.60139 0 0
0 0 403 2.15114 4.97706 -9.77404 -5.98919 0 0
0 0 404 9.76351 -0.131188 1.49001 1.4518 0 0
0 0 405 5.01479 2.76756 -3.77489 6.83819 0 0
0 0 406 1.86984 2.63164 -2.80568 -0.844893 0 0
0 0 407 0.953516 -4.37997 4.19604 -5.2055 0 0
0 0 408 4.53606 -4.07302 0.298757 -6.35822 0 0
0 0 409 4.47042 -2.79905 0.168347 0.447095 0 0
0 0 410 7.06511 7.58855 5.37131 -7.40962 0 0
0 0 411 0.397022 1.11516 -1.57709 3.07105 0 0
0 0 412 2.91213 6.17777 -0.0266447 -4.56667 0 0
0 0 413 6.59161 3.45415 -3.29945 1.93361 0 0
0 0 414 -1.03112 -1.79918 1.68621 -4.75731 0 0
0 0 415 1.48096 -7.14686 -2.98869 -2.24228 0 0
0 0 416 0.0820608 4.12109 2.55336 -5.11777 0 0
0 0 417 -8.71442 2.49678 -1.09053 9.73833 0 0
0 0 418 11.0059 -2.73683 3.59349 -3.27219 0 0
0 0 419 2.69677 -0.648579 -3.85511 5.71471 0 0
0 0 420 -0.799292 -1.96672 3.6606 0.513755 0 0
0 0 421 2.55246 3.0062 7.75727 5.58204 0 0
0 0 422 -0.151063 5.03985 -4.03776 3.49935 0 0
0 0 423 -4.22069 -2.6468 -11.7208 -0.28723 0 0
0 0 424 -0.43731 -0.905018 1.78942 -1.29411 0 0
0 0 425 1.3814 1.24814 -5.835 7.65755 0 0
0 0 426 0.963201 -1.86759 -7.19335 -3.14033 0 0
0 0 427 -5.08575 3.00269 6.05439 6.71656 0 0
0 0 428 -0.898042 -2.85419 -2.46692 8.20766 0 0
0 0 429 -4.95075 1.48171 1.63675 1.78856 0 0
0 0 430 0.229056 6.40537 5.15507 5.94321 0 0
0 0 431 1.98924 -4.33696 4.42036 0.0421378 0 0
0 0 432 5.53103 -3.3849 -6.57033 -6.4025 0 0
0 0 433 -3.77106 3.59868 -5.42341 -3.81158 0 0
0 0 434 4.48086 -2.89413 -1.77428 1.58809 0 0
0 0 435 1.71016 -4.25619 -4.07787 -3.52494 0 0
0 0 436 -4.13801 -6.05103 -1.69563 -3.77093 0 0
0 0 437 -4.04881 3.00772 -1.24621 -0.805206 0 0
0 0 438 -6.53335 -0.119893 8.88778 2.994 0 0
0 0 439 6.94492 -0.787046 -5.00148 1.5366 0 0
0 0 440 -2.26639 -0.45326 4.98948 2.61723 0 0
0 0 441 2.24187 4.27698 5.00598 0.0576344 0 0
0 0 442 -1.79873 -1.19755 -0.773684 -1.99084 0 0
0 0 443 1.01063 0.177773 1.57398 3.02367 0 0
0 0 444 4.69874 -3.84791 2.71898 5.34161 0 0
0 0 445 -0.498106 -1.29922 3.17094 -1.57794 0 0
0 0 446 4.60481 7.95135 1.33353 -1.35671 0 0
0 0 447 -3.27308 -3.86968 8.12956 -0.218737 0 0
0 0 448 -5.75609 -4.6677 -6.20195 1.69988 0 0
0 0 449 -7.76416 -3.51913 -3.77927 -7.64854 0 0
0 0 450 -6.86391 -0.393879 -4.58047 -2.03975 0 0
0 0 451 1.24141 5.76593 11.1432 -1.53227 0 0
0 0 452 -0.706142 -3.09015 -6.35563 -1.82814 0 0
0 0 453 2.42518 5.31764 2.31119 6.60588 0 0
0 0 454 -4.12239 -0.119767 8.71545 -2.11069 0 0
0 0 455 -2.68924 0.343534 4.84778 3.23636 0 0
0 0 456 -5.59473 -0.693567 -1.30482 1.90714 0 0
0 0 457 3.34704 -1.73397 -0.0720188 -1.77668 0 0
0 0 458 -3.66351 0.861975 5.93392 2.23918 0 0
0 0 459 -0.171365 0.241231 -0.437631 -4.44096 0 0
0 0 460 -1.78154 12.335 -5.63928 -2.65171 0 0
0 0 461 3.78198 4.47216 4.49636 0.560139 0 0
0 0 462 5.57711 4.10548 -0.352988 -6.30517 0 0
0 0 463 0.0288315 0.630401 2.22002 3.78603 0 0
0 0 464 -5.0151 0.176875 -7.64074 -4.08275 0 0
0 0 465 6.48191 -4.20698 -3.96901 -6.00186 0 0
0 0 466 -1.01907 1.90316 3.34883 0.794325 0 0
0 0 467 0.0740328 -0.032089 1.81483 -1.59061 0 0
0 0 468 2.11569 -4.55531 0.292077 7.28065 0 0
0 0 469 -3.46257 4.04628 -3.25664 -0.703994 0 0
0 0 470 4.10244 2.06808 -5.46849 4.3731 0 0
0 0 471 1.02649 -3.80006 -4.44853 -1.86525 0 0
0 0 472 4.47026 3.68224 -4.56159 -2.02333 0 0
0 0 473 -3.81971 2.78652 -9.9509 4.54879 0 0
0 0 474 3.89912 -0.356849 -5.37047 -0.637176 0 0
0 0 475 1.37144 8.74455 -1.7963 -3.75966 0 0
0 0 476 -9.30601 2.17305 -2.16636 3.78621 0 0
0 0 477 9.2655 -5.68973 4.85869 -2.27943 0 0
0 0 478 -6.6466 2.76369 2.52073 -0.446254 0 0
0 0 479 0.914188 -0.197458 4.53098 -2.05871 0 0
0 0 480 -12.8217 3.55736 -3.11014 -0.142403 0 0
0 0 481 0.211213 -1.72435 -1.86453 5.72532 0 0
0 0 482 -4.89912 -2.40276 -1.85521 -5.49304 0 0
0 0 483 1.52448 2.3588 -3.79253 6.10523 0 0
0 0 484 9.65551 -4.64262 -0.803565 -1.48061 0 0
0 0 485 -7.78899 4.18646 -4.07955 -1.72782 0 0
0 0 486 10.1788 -4.06727 0.166735 3.78249 0 0
0 0 487 -0.848496 -0.484985 4.14554 -3.11368 0 0
0 0 488 -4.06223 0.47446 -14.2041 -3.99707 -44.0434 8.05366
0 0 489 -3.68992 -8.51337 -9.07632 -3.12261 0 0
0 0 490 4.99872 -9.25132 2.39567 -0.0819281 0 0
0 0 491 -5.34261 5.20742 -1.67483 4.75007 0 0
0 0 492 -5.86251 1.54699 6.75091 -0.150192 0 0
0 0 493 5.44592 -0.159006 3.71532 -6.58221 0 0
0 0 494 -1.23278 7.27537 -2.23285 5.87151 0 0
0 0 495 2.04033 3.99441 1.04413 -7.38582 0 0
0 0 496 -6.80238 2.05435 -5.0412 2.01175 0 0
0 0 497 -5.31688 6.34612 2.00676 11.7085 0 0
0 0 498 3.81157 -3.13277 2.92547 -0.876785 0 0
0 0 499 -0.822948 -1.73796 -0.613244 -5.85785 0 0
0 0 500 5.85342 11.4757 -5.54659 -7.02876 0 0
0 0 501 3.50309 -6.48184 10.3816 2.92638 0 0
0 0 502 -1.14963 5.1364 8.61004 0.195001 0 0
0 0 503 0.463887 5.08565 3.26943 -2.33289 0 0
0 0 504 -1.1472 -10.2619 -7.30965 -4.63239 0 0
0 0 505 1.61684 -3.86645 -3.70895 -2.18402 0 0
0 0 506 4.48708 -0.835399 1.92578 -6.91018 0 0
0 0 507 1.04176 1.03782 -5.04697 5.03131 0 0
0 0 508 -2.50681 -1.75321 -1.24638 2.13439 0 0
0 0 509 3.83539 0.0738319 6.80248 -8.4631 0 0
0 0 510 -0.938959 -8.56046 1.43289 -0.934977 0 0
0 0 511 -5.65878 -10.8485 1.91407 -2.95179 0 0
0 0 512 13.8146 -5.38009 4.71028 -8.58319 0 0
0 0 513 -2.06197 0.974773 2.33585 -1.94392 0 0
0 0 514 2.68569 -1.92895 -2.57429 1.11296 0 0
0 0 515 7.11727 -2.84832 -2.44376 4.3996 0 0
0 0 516 1.57745 -5.86058 -2.69017 3.169 0 0
0 0 517 -4.77927 9.97875 3.03184 4.83001 0 0
0 0 518 -2.65885 2.12032 -1.92955 1.17373 0 0
0 0 519 2.85048 -2.4548 3.10656 -0.40949 0 0
0 0 520 3.91373 -1.40968 -4.67888 0.557637 0 0
0 0 521 4.69119 -0.810037 6.29603 5.48008 0 0
0 0 522 -0.00630379 0.818565 -0.000848025 0.986293 0 0
0 0 523 8.93911 -7.10824 0.354357 -0.531215 0 0
0 0 524 0.212947 5.28998 -3.52478 4.75882 0 0
0 0 525 1.02134 -3.92433 7.74289 -1.27571 0 0
0 0 526 8.04534 0.567322 -1.59532 -6.48788 0 0
0 0 527 -1.06241 3.60812 2.69558 -6.89104 0 0
0 0 528 -1.75224 4.79772 2.39122 5.52825 0 0
0 0 529 5.28066 2.36781 -14.4881 -2.10794 -40.3591 7.81408
0 0 530 3.20884 4.39599 3.06524 -5.05553 0 0
0 0 531 0.898245 5.02678 3.38936 -5.55023 0 0
0 0 532 -7.31133 -2.20845 -0.190092 2.49402 0 0
0 0 533 -0.718895 -1.79467 2.11477 2.55608 0 0
0 0 534 -6.89495 -1.00976 5.78751 9.9154 0 0
0 0 535 -9.06548 0.344926 7.3269 -1.43953 0 0
0 0 536 -12.5102 1.97234 6.06848 0.356352 0 0
0 0 537 -2.47935 -2.62515 -8.02925 0.624895 0 0
0 0 538 4.79789 -2.31294 8.51725 1.2622 0 0
0 0 539 0.230026 0.734585 -2.31911 -1.65411 0 0
0 0 540 -8.96406 -2.04064 -5.55045 2.80764 0 0
0 0 541 -7.01006 -0.879833 -1.14957 0.62945 0 0
0 0 542 1.99325 -0.849886 3.41543 6.33439 0 0
0 0 543 0.969885 3.32639 2.63362 10.575 0 0
0 0 544 8.95926 2.59359 -3.21642 -10.0381 0 0
0 0 545 9.96147 -1.24992 -0.730031 -0.148292 0 0
0 0 546 3.88291 1.54693 1.49548 0.689062 0 0
0 0 547 0.569393 -1.6996 1.06803 -7.65686 0 0
0 0 548 1.61353 -3.45362 -1.04481 -1.8692 0 0
0 0 549 1.23101 3.66992 -3.87395 4.90322 0 0
0 0 550 -0.833085 -7.4782 -2.09093 7.11598 0 0
0 0 551 -5.63102 -1.0021 0.533726 -4.98814 0 0
0 0 552 -2.89671 -3.61296 9.50501 10.124 0 0
0 0 553 2.4685 0.447072 5.08043 -3.65092 0 0
0 0 554 5.2433 -0.778311 -8.1969 -2.19553 0 0
0 0 555 5.60438 2.55688 -6.06276 3.2393 0 0
0 0 556 3.48933 -5.13306 5.5949 -4.95154 0 0
0 0 557 -0.654253 1.63971 7.3934 5.34199 0 0
0 0 558 -6.56628 -1.34198 -2.36815 0.286839 0 0
0 0 559 2.88349 -9.47161 6.45845 4.78607 0 0
0 0 560 3.81673 -7.63452 0.983134 0.344304 0 0
0 0 561 1.93605 -1.13423 -2.90086 0.578978 0 0
0 0 562 -3.68838 -5.25707 1.35813 -1.56837 0 0
0 0 563 -5.10576 3.61458 -7.22003 -9.27371 0 0
0 0 564 0.973377 -0.561748 -0.069931 1.51573 0 0
0 0 565 -2.31167 3.55738 6.73864 -2.02898 0 0
0 0 566 1.02518 1.52498 -6.39778 -1.42873 0 0
0 0 567 4.14353 0.539687 1.65688 -2.48504 0 0
0 0 568 6.61387 -2.27785 3.76778 10.8311 0 0
0 0 569 -1.87164 -8.82577 -2.08522 -2.31544 0 0
0 0 570 -1.69774 6.76753 -5.39277 1.92542 0 0
0 0 571 4.55161 -4.5142 -3.01843 0.767461 0 0
0 0 572 4.18111 4.47638 -1.32402 5.10639 0 0
0 0 573 4.06509 5.12675 1.71112 2.04033 0 0
0 0 574 3.8079 -6.95686 -5.43582 -6.69869 0 0
0 0 575 1.78424 3.09453 15.0397 1.29852 39.1866 7.48055
0 0 576 -8.62049 7.42524 -6.47162 1.74625 0 0
0 0 577 3.52977 4.43034 -2.78272 -1.04375 0 0
0 0 578 -4.54127 -3.56082 4.48042 -5.68689 0 0
0 0 579 1.36466 -2.77502 2.07419 3.55397 0 0
0 0 580 1.27357 -2.18024 -2.31348 -5.96921 0 0
0 0 581 -2.38421 -10.4878 -0.865564 0.179157 0 0
0 0 582 -4.82663 -1.56587 1.82964 0.754695 0 0
0 0 583 -4.31033 1.97754 -0.423673 -1.50248 0 0
0 0 584 3.05256 -1.67344 -1.81503 -5.77046 0 0
0 0 585 -3.5342 -2.85263 -3.48567 3.40845 0 0
0 0 586 -1.4848 -0.84391 2.04706 5.81477 0 0
0 0 587 3.14119 -7.16003 2.50675 1.39894 0 0
0 0 588 9.0621 5.36522 1.68602 -5.32647 0 0
0 0 589 0.259768 -9.53945 -2.42744 -2.82679 0 0
0 0 590 -3.91928 -2.00157 0.0314129 -2.98751 0 0
0 0 591 1.47848 -2.03009 3.64079 4.27005 0 0
0 0 592 6.62415 7.81418 -7.11301 4.13147 0 0
0 0 593 6.76372 -6.62687 -4.33885 -3.24014 0 0
0 0 594 5.06776 -2.03538 -1.12261 -0.312336 0 0
0 0 595 0.514587 -7.41699 -2.41504 -3.30668 0 0
0 0 596 -0.337738 7.183 8.83501 3.06903 0 0
0 0 597 6.25023 2.26979 -7.64831 -5.15489 0 0
0 0 598 -2.38804 3.20437 0.732932 4.50705 0 0
0 0 599 3.26926 -3.16624 1.19013 -5.10882 0 0
0 0 600 -2.75149 1.84026 -0.693799 3.73498 0 0
0 0 601 1.75112 2.96384 5.93966 6.77211 0 0
0 0 602 7.10879 -1.22737 -7.03485 0.195263 0 0
0 0 603 0.732723 -3.53424 0.444519 -0.540519 0 0
0 0 604 -6.99107 -0.000719786 -2.53891 -3.74686 0 0
0 0 605 -0.189561 2.24928 -5.02189 9.83804 0 0
0 0 606 -3.93904 -1.83062 2.86595 5.45634 0 0
0 0 607 1.6261 7.59105 1.15902 -9.91768 0 0
0 0 608 -0.462722 3.09215 5.21562 2.78696 0 0
0 0 609 -2.3097 5.84623 5.5119 -4.21396 0 0
0 0 610 5.85298 -5.62711 2.52787 3.73282 0 0
0 0 611 -2.17178 -5.14468 6.68203 -8.32124 0 0
0 0 612 0.895091 -0.174254 6.81702 -2.78816 0 0
0 0 613 -3.18279 6.28415 -0.578621 -0.513228 0 0
0 0 614 -2.42288 0.519644 -1.68188 3.3137 0 0
0 0 615 4.04541 6.51021 2.07704 -1.79377 0 0
0 0 616 -4.25831 -5.81101 -5.75698 2.7243 0 0
0 0 617 2.74892 7.03701 -10.5355 -3.16257 0 0
0 0 618 12.2158 -2.60913 2.91653 -0.910653 0 0
0 0 619 4.24225 -3.6438 3.19895 5.49879 0 0
0 0 620 -9.45723 -0.394685 4.98069 -9.23419 0 0
0 0 621 2.31451 -6.16551 -7.84931 -0.649157 0 0
0 0 622 -3.74466 1.34336 -0.111038 -18.9286 0 0
0 0 623 4.83691 2.95668 2.45342 -4.78518 0 0
0 0 624 1.88084 3.47933 -1.99894 -1.88092 0 0
0 0 625 -0.727861 -2.60344 10.4332 0.0740255 0 0
0 0 626 3.95502 1.8144 -6.37332 -1.8984 0 0
0 0 627 1.12185 3.0648 10.2731 2.09549 0 0
0 0 628 4.42461 -0.998095 -3.21235 -5.15997 0 0
0 0 629 -5.81203 -2.06693 0.468945 -7.14175 0 0
0 0 630 2.18028 3.28218 -6.03866 3.10793 0 0
0 0 631 2.68609 -3.29436 -0.249063 -8.55232 0 0
0 0 632 -1.5135 8.86252 5.55 0.129049 0 0
0 0 633 1.99968 3.05113 0.631449 -4.39702 0 0
0 0 634 -0.754533 -4.43662 -4.03228 0.243974 0 0
0 0 635 -7.24585 -1.4112 -0.101232 -4.36952 0 0
0 0 636 0.278533 3.71581 -0.748505 5.13775 0 0
0 0 637 -0.935131 -3.90234 -0.531229 3.58331 0 0
0 0 638 3.33354 -2.12639 -2.00948 2.52639 0 0
0 0 639 4.31423 2.87056 1.50199 2.97152 0 0
0 0 640 0.671014 -3.14611 -0.889594 0.920367 0 0
0 0 641 -3.74556 4.92304 -0.36494 -1.45146 0 0
0 0 642 -1.54689 -7.06745 -7.96697 -6.45406 0 0
0 0 643 3.45657 -6.73275 -4.35977 -6.96011 0 0
0 0 644 -0.0667906 -5.75189 0.306591 3.83067 0 0
0 0 645 3.89787 3.66936 -1.76931 2.01026 0 0
0 0 646 2.07641 3.78041 4.13059 -0.0834626 0 0
0 0 647 2.29573 3.15562 -0.878735 1.53808 0 0
0 0 648 -0.043117 5.3395 -1.21141 4.12547 0 0
0 0 649 -2.24023 0.7662 -7.60706 2.67693 0 0
0 0 650 -0.0479789 4.23263 -6.48255 1.51798 0 0
0 0 651 -7.0903 1.69858 -1.02773 -6.0918 0 0
0 0 652 -2.22087 -1.06383 -2.22099 -0.72549 0 0
0 0 653 6.60415 -2.47639 1.35014 1.37528 0 0
0 0 654 -8.76517 -0.18554 6.83238 2.59456 0 0
0 0 655 -4.23752 -3.26897 -2.64062 -0.683782 0 0
0 0 656 -5.60888 -0.885825 0.838798 0.32685 0 0
0 0 657 3.22859 -3.62896 1.03509 2.10648 0 0
0 0 658 2.07778 7.00863 -3.89092 -2.89079 0 0
0 0 659 3.42129 -0.415733 -8.58439 4.04549 0 0
0 0 660 1.00104 3.24435 0.00222801 4.76632 0 0
0 0 661 2.80035 -1.85924 4.98599 4.93767 0 0
0 0 662 -1.08812 3.1353 2.3496 -3.15926 0 0
0 0 663 0.653657 -3.54852 7.49655 5.91866 0 0
0 0 664 0.144823 -2.16424 -0.616168 4.93797 0 0
0 0 665 -3.32265 0.301217 2.32442 8.43194 0 0
0 0 666 -2.5409 3.44694 1.9245 5.67599 0 0
0 0 667 -6.67749 -5.0432 1.53745 -4.5933 0 0
0 0 668 0.843034 -4.50685 -4.31475 0.702064 0 0
0 0 669 -0.850163 1.26638 -8.38643 2.00977 0 0
0 0 670 1.71114 -2.59187 -1.31683 -0.748848 0 0
0 0 671 3.28462 2.20108 -5.62835 -2.09096 0 0
0 0 672 -6.13726 -2.05112 0.503084 -1.98728 0 0
0 0 673 -1.10305 -8.89805 -1.23638 6.14967 0 0
0 0 674 -4.46559 4.70916 4.89929 2.04197 0 0
0 0 675 -4.93666 -1.22487 0.618307 5.64204 0 0
0 0 676 2.68961 3.89645 7.02571 8.09998 0 0
0 0 677 2.80733 -0.918562 1.6652 -5.85209 0 0
0 0 678 -5.50643 -2.50291 -4.23169 1.67496 0 0
0 0 679 -1.53773 -3.98948 -6.50446 2.75843 0 0
0 0 680 6.63172 -0.930125 -5.5415 1.30167 0 0
0 0 681 0.695433 3.74027 8.75347 -4.78052 0 0
0 0 682 -9.62333 -2.2301 -2.73663 1.17002 0 0
0 0 683 1.53254 -4.53099 4.71974 -1.40233 0 0
0 0 684 -5.58063 4.01298 -2.87872 0.781611 0 0
0 0 685 -2.19285 1.79689 4.01755 -1.19583 0 0
0 0 686 -1.4953 -2.75604 7.15844 6.15807 0 0
0 0 687 -1.50704 4.90781 -0.439513 0.298432 0 0
0 0 688 -1.60674 1.77466 4.74449 -0.79943 0 0
0 0 689 4.27654 -2.01481 0.563232 3.34865 0 0
0 0 690 0.842921 -5.52736 0.0452981 -3.05402 0 0
0 0 691 0.968415 8.06559 -1.12256 -6.98179 0 0
0 0 692 5.55183 1.32025 -7.23799 -5.87511 0 0
0 0 693 -1.26888 4.19001 -4.35224 1.59276 0 0
0 0 694 -2.46709 1.63352 4.00891 5.91994 0 0
0 0 695 1.79532 -0.535603 3.72592 -4.34896 0 0
0 0 696 5.84525 1.31437 -7.57713 -6.49343 0 0
0 0 697 -2.08051 1.45829 1.59481 0.216682 0 0
0 0 698 1.80352 6.56434 8.41444 -4.89945 0 0
0 0 699 -1.40846 -1.78399 2.47609 0.708987 0 0
0 0 700 6.38082 -3.95027 6.30935 0.37737 0 0
0 0 701 1.2543 6.53049 -7.54792 1.74141 0 0
0 0 702 -1.34132 -0.161963 -0.936216 4.11034 0 0
0 0 703 -5.11505 3.33152 -0.164442 -3.31927 0 0
0 0 704 1.58955 3.60791 0.779319 10.2506 0 0
0 0 705 1.55145 2.23872 -1.00716 4.25824 0 0
0 0 706 4.76997 -7.03851 -0.722687 0.602025 0 0
0 0 707 -4.89873 -5.55688 -3.84179 2.25926 0 0
0 0 708 1.30042 -1.60106 4.83018 -2.44441 0 0
0 0 709 3.09135 3.22526 -3.60789 0.301493 0 0
0 0 710 2.87767 -1.85993 1.79903 0.0209004 0 0
0 0 711 -0.908839 3.22106 -1.77199 14.4956 0 0
0 0 712 -1.74088 0.3126 2.48838 0.651522 0 0
0 0 713 -5.18424 -1.9067 0.53505 2.7112 0 0
0 0 714 -7.61913 -3.17992 -2.58434 -7.4433 0 0
0 0 715 1.22708 0.983118 0.796462 -3.31847 0 0
0 0 716 6.38331 1.91654 -1.27785 1.37516 0 0
0 0 717 -3.50891 0.763883 7.78244 0.693141 0 0
0 0 718 -6.4785 -5.30403 1.23223 -1.21303 0 0
0 0 719 7.22113 -0.391382 5.71507 2.75828 0 0
0 0 720 -2.41741 -2.07656 -0.980158 0.134612 0 0
0 0 721 -1.68861 1.48066 -0.0707068 4.31236 0 0
0 0 722 -2.417 -10.3515 0.101774 0.544946 0 0
0 0 723 3.252 2.2379 1.22114 0.106373 0 0
0 0 724 6.78805 -0.260097 0.830528 4.80742 0 0
0 0 725 -3.61393 -4.67862 -2.89825 -4.26821 0 0
0 0 726 -1.79494 0.0775818 -2.44109 -5.82905 0 0
0 0 727 -1.74645 4.88725 1.3165 -4.54957 0 0
0 0 728 -1.55474 -1.73075 -0.336826 7.57123 0 0
0 0 729 -4.44423 -3.49799 2.50249 -7.81152 0 0
0 0 730 4.14209 0.398662 4.217 -2.78275 0 0
0 0 731 -1.98455 -3.99621 -3.96265 1.86808 0 0
0 0 732 -2.72963 3.39573 -0.997278 -4.47007 0 0
0 0 733 2.91022 -4.95172 -2.55143 -2.96906 0 0
0 0 734 1.47151 2.30222 0.0966292 -4.36917 0 0
0 0 735 -3.75959 8.85575 1.14111 -0.423087 0 0
0 0 736 -0.732743 4.52582 1.72277 8.78284 0 0
0 0 737 -0.129759 -1.62347 0.757114 -6.6372 0 0
0 0 738 -2.18231 -12.8698 -5.90357 -5.81235 -77.6792 8.65937
0 0 739 4.84852 2.01763 9.37823 1.90681 0 0
0 0 740 3.0063 -2.18023 -3.35177 1.89669 0 0
0 0 741 2.19426 -3.87401 6.2875 0.432118 0 0
0 0 742 0.0394447 1.22731 -7.15422 -3.54941 0 0
0 0 743 -2.15436 3.75238 -0.819384 1.0603 0 0
0 0 744 2.39748 1.00017 2.06689 4.45488 0 0
0 0 745 0.756657 -2.90919 -6.30382 2.22938 0 0
0 0 746 2.04272 -1.07243 -2.82882 1.07594 0 0
0 0 747 -2.46509 -3.57868 -2.96934 11.6026 0 0
0 0 748 1.16501 1.85891 -10.245 1.47389 0 0
0 0 749 7.35067 -3.01061 2.62972 -1.40636 0 0
0 0 750 5.32921 -0.773049 4.87468 -2.45714 0 0
0 0 751 6.02 -2.26958 -3.95857 0.243435 0 0
0 0 752 -1.29028 -11.2991 -0.720637 7.89495 0 0
0 0 753 8.12849 13.9874 6.06579 1.733 11.7222 8.05181
0 0 754 -3.39345 -0.068096 -7.74349 -7.10406 0 0
0 0 755 -3.05854 -0.883145 1.08756 -2.06762 0 0
0 0 756 -1.25011 -0.493639 -7.64661 -6.9371 0 0
0 0 757 4.42308 -8.51762 9.38107 4.55659 0 0
0 0 758 -1.28306 8.88023 2.70405 -8.52167 0 0
0 0 759 -2.56684 -4.78744 -9.10988 -0.613309 0 0
0 0 760 -4.49706 -5.11693 1.16436 -3.09842 0 0
0 0 761 5.52491 1.20735 -0.631809 -1.4813 0 0
0 0 762 -9.14013 0.257843 1.92418 3.58622 0 0
0 0 763 5.36391 1.79201 -4.40877 5.67494 0 0
0 0 764 2.68842 6.66587 -4.66276 2.10517 0 0
0 0 765 3.32609 9.66817 3.30318 -0.864557 0 0
0 0 766 -1.90441 -3.33725 -0.707177 4.74711 0 0
0 0 767 7.85585 -1.19278 -1.76511 -4.89687 0 0
0 0 768 -5.57742 -4.54352 -3.78745 -1.5322 0 0
0 0 769 0.778371 -2.01533 0.468605 3.57064 0 0
0 0 770 2.86234 -4.38912 -0.400991 8.82219 0 0
0 0 771 1.68477 -5.2229 -9.2518 0.160136 0 0
0 0 772 -0.278786 2.73224 -9.72163 1.42393 0 0
0 0 773 -5.98244 -2.89979 0.548825 2.21795 0 0
0 0 774 -2.58542 2.17865 2.60411 -2.67118 0 0
0 0 775 7.9595 4.6545 3.55311 9.33355 0 0
0 0 776 -1.55886 -3.48308 5.514 8.84331 0 0
0 0 777 7.45463 -8.18971 -5.42542 -1.85196 0 0
0 0 778 4.86312 -2.83017 0.569681 -6.00561 0 0
0 0 779 4.07173 3.00895 -3.59818 -1.30045 0 0
0 0 780 5.01575 -3.03366 6.73683 1.64246 0 0
0 0 781 0.183167 0.762608 3.86498 3.61119 0 0
0 0 782 4.50398 0.271657 6.80286 4.33897 0 0
0 0 783 -1.23462 6.39007 1.99206 1.98116 0 0
0 0 784 3.62587 0.841656 -0.0613602 4.34269 0 0
0 0 785 6.41808 6.2862 -0.331879 -5.59034 0 0
0 0 786 -2.21786 -0.338696 9.18146 0.463403 0 0
0 0 787 2.27387 -6.91969 6.6336 -1.35462 0 0
0 0 788 0.331644 -3.40268 3.63509 -7.51517 0 0
0 0 789 2.136 3.08116 -8.16374 -0.0761975 0 0
0 0 790 5.28022 7.35364 -12.1727 -5.93868 -29.4317 8.23764
0 0 791 -3.08417 1.7852 -3.25037 -0.60032 0 0
0 0 792 -1.37092 -0.161933 1.63719 4.80734 0 0
0 0 793 2.56355 -3.45546 7.33397 3.35523 0 0
0 0 794 -3.6112 2.0866 1.12741 0.453227 0 0
0 0 795 -6.34589 2.13973 -1.52682 2.78469 0 0
0 0 796 1.64375 0.404314 -0.660638 -1.69544 0 0
0 0 797 3.2293 0.942811 3.85253 -1.64332 0 0
0 0 798 -2.49729 -0.634987 -5.79832 -6.74737 0 0
0 0 799 -6.44092 -5.93738 3.19076 -7.1489 0 0
0 0 800 9.55171 -0.165364 -1.20303 -1.78525 0 0
0 0 801 -6.16349 -3.51845 -4.65908 -0.193631 0 0
0 0 802 5.22272 -3.87435 5.57189 -0.75668 0 0
0 0 803 -0.647249 -2.93694 -0.696949 -2.44116 0 0
0 0 804 -2.34715 -4.25997 1.63474 -4.34031 0 0
0 0 805 7.1994 -2.04621 -1.31615 0.963674 0 0
0 0 806 4.09194 0.0739026 -6.22492 1.57513 0 0
0 0 807 -5.39126 3.42592 -1.71416 3.57582 0 0
0 0 808 6.46627 -16.4681 2.75828 -7.09836 85.2458 7.42636
0 0 809 0.611712 7.64852 8.64027 2.58392 0 0
0 0 810 -2.7941 6.87778 1.72468 4.08786 0 0
0 0 811 0.775753 5.68977 -3.50652 -3.3827 0 0
0 0 812 2.26441 -3.38693 -6.02248 0.792373 0 0
0 0 813 3.74173 -1.02754 4.66993 -4.42521 0 0
0 0 814 4.42531 2.26512 -3.58859 3.05936 0 0
0 0 815 -2.37507 -10.6387 -7.55998 -2.91646 0 0
0 0 816 -0.384348 1.26501 6.59105 7.98525 0 0
0 0 817 -5.7636 5.40444 4.04342 -3.9134 0 0
0 0 818 4.23432 -7.02785 -6.30375 4.27479 0 0
0 0 819 -1.74375 -2.72526 -2.88561 4.16897 0 0
0 0 820 -3.70986 4.22139 4.12425 -4.09886 0 0
0 0 821 10.9967 -0.826184 3.51482 -8.56127 0 0
0 0 822 -9.57423 0.0312238 -1.4228 -7.90501 0 0
0 0 823 5.62445 2.13941 -5.7216 -0.988799 0 0
0 0 824 -4.23727 1.15927 3.96349 -2.90551 0 0
0 0 825 -5.51498 0.421244 1.09698 -3.60065 0 0
0 0 826 0.883864 2.05932 -3.022 3.22295 0 0
0 0 827 -3.4881 3.19849 3.09984 4.99467 0 0
0 0 828 -0.924462 2.28994 3.95397 -1.48552 0 0
0 0 829 -1.00203 -0.443323 -1.14638 1.95333 0 0
0 0 830 -3.14705 9.62984 -2.67127 -4.76839 0 0
0 0 831 -1.9791 -4.02362 -3.95246 -2.65398 0 0
0 0 832 -3.9625 -1.84403 2.08788 -6.65357 0 0
0 0 833 -11.1106 1.90575 -2.25107 5.61495 0 0
0 0 834 -1.58255 -7.89912 -2.24845 -4.2782 0 0
0 0 835 5.07834 -2.27371 -5.42296 -4.53309 0 0
0 0 836 -0.370479 1.4924 -4.05773 -2.217 0 0
0 0 837 4.23304 -6.43503 4.73148 -9.31176 0 0
0 0 838 -1.33459 0.682558 1.65913 -1.75006 0 0
0 0 839 5.78066 -8.95676 -2.62964 1.33488 0 0
0 0 840 0.00946411 0.957772 -9.76779 -4.17993 0 0
0 0 841 4.98338 1.96417 1.18253 -2.42175 0 0
0 0 842 2.14448 -1.18246 -4.24625 8.3303 0 0
0 0 843 -0.28221 -1.49265 -4.10589 7.07864 0 0
0 0 844 -1.00564 1.00565 -4.99034 0.95665 0 0
0 0 845 6.34623 2.00645 -0.929797 9.78436 0 0
0 0 846 3.44928 5.25277 1.60098 1.23038 0 0
0 0 847 1.82194 0.432924 1.0171 -1.98352 0 0
0 0 848 0.599038 -1.80454 0.671028 -3.05414 0 0
0 0 849 2.29987 0.715926 4.45806 -5.58332 0 0
0 0 850 -3.30292 0.0758277 -0.978106 3.65765 0 0
0 0 851 -0.806658 -2.89695 -4.39755 -4.18456 0 0
0 0 852 3.17157 1.63659 -3.46633 4.32099 0 0
0 0 853 3.26013 -4.14076 2.08676 -0.794785 0 0
0 0 854 6.00495 4.8196 -0.666677 0.0494792 0 0
0 0 855 3.61891 2.58604 -5.10138 -10.4046 0 0
0 0 856 0.484859 -8.83424 2.23873 -0.500156 0 0
0 0 857 3.87273 3.21535 -0.197993 -7.63294 0 0
0 0 858 11.9324 5.33125 -7.91527 0.845727 0 0
0 0 859 -3.02879 7.49871 -8.52056 -9.35772 0 0
0 0 860 4.93399 5.59652 0.872 0.930852 0 0
0 0 861 19.4106 3.48318 -6.77483 5.419 0 0
0 0 862 16.3379 2.826 -10.2014 1.47582 0 0
0 0 863 12.1274 2.12605 -15.5656 6.35369 -41.1111 7.29687
0 0 864 7.76165 5.43006 -10.6859 -7.44209 0 0
0 0 865 9.91194 6.80503 -13.2858 -0.870955 -31.4392 7.80821
0 0 866 9.80315 2.61325 -11.4782 2.87547 0 0
0 0 867 14.9636 6.08354 -13.6798 -6.16243 -33.0124 7.75634
0 0 868 11.5189 7.02072 -22.9139 2.39082 -36.4826 4.81203
0 0 869 13.4076 -1.74224 -11.6342 5.83424 0 0
0 0 870 21.3594 0.369503 -16.8228 0.23577 -44.3709 6.80174
0 0 871 19.6468 0.659549 -18.7662 -2.54151 -43.9936 6.09549
0 0 872 25.3419 7.25456 -13.4146 -1.08727 -30.7978 7.65476
0 0 873 23.1063 4.92423 -28.4337 8.30668 -40.0874 3.97634
0 0 874 27.6555 -2.79517 -24.0728 10.278 -48.3116 4.72811
0 0 875 28.4952 -1.08468 -19.4448 -0.681467 -46.5964 5.87824
0 0 876 28.4873 10.2623 -23.327 -5.79976 -33.1268 4.55548
0 0 877 18.877 10.8687 -21.9422 4.54223 -31.8247 4.7555
0 0 878 21.4756 3.35468 -34.3105 -6.78392 -42.2078 3.32262
0 0 879 26.88 10.7908 -17.9839 2.91312 -29.5176 5.58458
0 0 880 25.5238 1.34159 -29.989 -4.69228 -43.7193 3.81317
0 0 881 23.405 0.743825 -24.7042 -9.36445 -44.1377 4.63098
0 0 882 19.6073 4.69444 -22.9361 -2.85118 -39.2164 4.90603
0 0 883 32.62 8.29812 -18.8399 2.43663 -33.1143 5.63955
0 0 884 18.0096 1.62356 -24.5462 4.76681 -43.1079 4.65418
0 0 885 14.9051 -3.02247 -18.6454 -1.36672 -49.6038 6.07285
0 0 886 21.9779 3.61729 -25.5395 2.50714 -40.9693 4.4447
0 0 887 31.7923 6.05938 -27.6066 1.43519 -38.8102 4.06587
0 0 888 14.2897 0.773181 -19.4394 6.3612 -43.8612 5.88357
0 0 889 25.2235 -5.29916 -18.0387 -2.34001 -53.1855 6.13039
0 0 890 12.4809 9.24096 -24.3918 -2.62415 -34.6253 4.43667
0 0 891 24.3747 -2.22836 -22.7382 -8.57477 -47.7986 5.01351
0 0 892 22.7028 1.89081 -17.7847 -0.940906 -41.9657 6.40548
0 0 893 18.0201 -7.41849 -20.5495 -10.341 -54.925 5.29218
0 0 894 16.3876 1.32946 -21.1971 3.62349 -43.2056 5.39048
0 0 895 18.6306 1.46373 -18.1435 5.50786 -42.6938 6.29111
0 0 896 20.6408 6.10845 -21.6882 2.72633 -37.1351 5.11259
0 0 897 12.3641 6.34704 -13.4964 -4.18524 -32.4068 7.79688
0 0 898 17.3449 -2.31353 -21.6256 -6.47345 -48.0532 5.2675
0 0 899 18.5186 2.55554 -18.5659 0.69307 -41.0813 6.11693
0 0 900 17.2334 -0.068511 -11.1245 -4.65575 0 0
0 0 901 24.8111 -0.516282 -22.4508 -5.62338 -45.6587 5.09658
0 0 902 14.8868 2.94834 -28.2674 7.68777 -42.0227 4.03077
0 0 903 20.3528 -1.44383 -22.5008 1.70394 -46.8358 5.07778
0 0 904 17.5201 6.05925 -19.2132 2.96499 -36.2482 5.72664
0 0 905 12.0975 -1.00209 -13.9437 10.9574 0 0
0 0 906 21.8885 3.86693 -17.6628 -4.4957 -38.8255 6.3555
0 0 907 21.7051 6.95463 -21.1102 3.65674 -35.8829 5.19407
0 0 908 23.8204 3.73405 -18.5514 -4.72279 -39.3097 6.06893
0 0 909 29.1631 2.7977 -24.1996 -0.999051 -41.7027 4.70354
0 0 910 25.4146 4.87297 -25.8567 -15.586 -39.6636 4.36296
0 0 911 29.8128 7.41431 -30.4337 1.22524 -38.1541 3.67193
0 0 912 26.6386 -0.934559 -31.0589 0.770574 -45.8618 3.68348
0 0 913 31.3712 7.98731 -28.3374 -3.7492 -37.1294 3.91276
0 0 914 28.3964 4.26347 -31.1777 -0.0683992 -41.1066 3.64292
0 0 915 36.4911 5.97793 -26.5756 -4.27207 -38.6614 4.21955
0 0 916 49.5718 1.86734 -31.3419 -0.535576 -43.2952 3.64627
0 0 917 36.5608 -1.41824 -31.3736 -6.75097 -46.2941 3.64483
0 0 918 48.1505 3.53272 -39.8994 4.32682 -42.4701 2.85921
0 0 919 49.3116 3.58502 -48.0472 3.60325 -42.8664 2.37655
0 0 920 43.2305 3.88532 -40.4443 3.93325 -42.2563 2.81909
0 0 921 54.7027 0.610872 -42.9731 -4.7185 -44.5928 2.66301
0 0 922 51.7328 -1.02224 -49.6093 -0.509746 -45.5902 2.30657
0 0 923 54.1173 -2.90533 -51.8487 -2.34229 -46.6036 2.20449
0 0 924 59.3754 8.06177 -53.7031 -11.0528 -40.7313 2.11165
0 0 925 61.3885 -3.09986 -65.6067 0.609291 -46.3526 1.74285
0 0 926 73.303 9.46841 -50.0435 -0.766977 -39.643 2.25402
0 0 927 65.7067 -3.7114 -48.8023 1.89364 -47.1745 2.33957
0 0 928 75.6492 -4.42028 -62.352 1.78991 -47.0275 1.83173
0 0 929 78.3076 -10.1756 -68.2006 -3.16692 -49.243 1.66295
0 0 930 75.373 -4.73674 -62.4668 -4.08583 -47.1682 1.82782
0 0 931 79.8248 3.01467 -64.5537 -1.88249 -43.6631 1.77131
0 0 932 81.5183 -5.91861 -59.384 -4.63829 -47.8458 1.91943
0 0 933 82.4098 -4.73623 -62.5563 -3.72698 -47.1648 1.82522
0 0 934 92.024 -5.88874 -66.1003 1.04468 -47.5455 1.7258
0 0 935 91.9976 -10.0826 -65.615 -0.549328 -49.3679 1.72754
0 0 936 93.6667 -8.76653 -59.7299 -5.11861 -49.1748 1.89934
0 0 937 111.621 -13.9558 -64.4679 0.584675 -51.1074 1.742
0 0 938 106.658 -5.97819 -72.5271 -5.30568 -47.356 1.57361
0 0 939 114.173 -8.85028 -67.083 5.58833 -48.7578 1.69398
0 0 940 120.368 -3.16494 -59.4019 -2.47105 -46.5249 1.92442
0 0 941 129.038 -14.5102 -67.8659 -1.01818 -51.0343 1.65554
0 0 942 140.182 -21.1621 -61.7203 -3.94005 -54.4627 1.77047
0 0 943 157.905 -8.1826 -63.5504 5.47141 -48.6685 1.78875
0 0 944 173.707 -4.40822 -58.5794 -3.21575 -47.1518 1.94918
0 0 945 187.286 -15.7444 -51.0817 -0.718887 -53.5652 2.15763
0 0 946 199.373 -1.24355 -43.4217 -4.59233 -45.8202 2.63483
0 0 947 207.873 -8.96532 -17.5917 -1.66409 -58.5025 5.90231
0 0 948 228.899 0.338387 -2.00623 1.49425 0 0
0 0 949 235.339 4.91647 7.67276 -0.775371 0 0
0 0 950 252.95 10.6822 22.0054 -2.90043 32.0532 4.75784
0 0 951 252.022 13.4876 39.5571 6.87499 35.5862 2.76379
0 0 952 280.637 11.0899 58.4843 1.01735 39.6315 1.92859
0 0 953 302.072 17.8611 74.5308 2.7537 38.2617 1.50052
0 0 954 325.68 25.0366 92.4293 2.48501 37.4219 1.20243
0 0 955 348.542 25.8374 109.787 7.92084 38.3785 1.01947
0 0 956 351.479 37.9507 123.688 9.25912 36.4714 0.891364
0 0 957 369.221 39.8273 129.527 8.74651 36.4541 0.851055
0 0 958 377.726 50.7767 139.616 11.7074 35.0071 0.778368
0 0 959 392.312 45.4875 136.892 9.91922 35.8095 0.80041
0 0 960 394.511 42.2894 134.608 3.14922 36.2795 0.817628
0 0 961 389.547 38.9843 139.129 9.43832 37.1735 0.797228
0 0 962 383.442 43.9022 117.726 2.98598 34.7743 0.920765
0 0 963 361.542 41.6596 118.957 13.5213 35.3497 0.916843
0 0 964 368.54 42.4105 94.1813 1.93584 32.8788 1.1246
0 0 965 344.28 29.2058 92.2115 4.54423 36.2128 1.19282
0 0 966 327.916 27.1284 78.3915 -0.822873 35.4556 1.3928
0 0 967 310.278 26.5339 67.231 6.14593 34.2312 1.60241
0 0 968 308.61 26.2024 58.0345 1.14629 32.8505 1.82436
0 0 969 283.995 20.6378 42.0554 1.53667 31.9307 2.48507
0 0 970 272.394 2.05765 35.9581 -3.10452 43.3625 3.17853
0 0 971 252.924 6.41646 33.3747 2.93228 39.5587 3.37821
0 0 972 255.111 7.76553 31.1911 10.2808 38.0098 3.57908
0 0 973 237.244 10.1554 16.8389 1.76364 29.4531 5.95726
0 0 974 234.6 -0.715576 18.6944 -0.337729 46.096 6.11831
0 0 975 221.808 4.21889 2.52679 -0.685813 0 0
0 0 976 208.78 4.36472 0.0296056 -0.531226 0 0
0 0 977 201.614 -7.49721 -0.896949 -2.53959 0 0
0 0 978 194.468 -6.97965 0.0394377 -2.80656 0 0
0 0 979 180.332 -8.86606 -10.2879 -2.6649 0 0
0 0 980 190.088 -6.65157 -14.5807 -1.65118 -57.261 7.25039
0 0 981 182.732 -9.91936 -8.39061 -1.1248 0 0
0 0 982 174.815 -8.84241 -6.94839 -3.10995 0 0
0 0 983 175.058 -11.7349 -13.9739 -11.1457 -65.0113 6.49966
0 0 984 166.428 -14.1321 -8.03314 -2.63163 -75.1923 7.50112
0 0 985 160.173 -10.5403 -20.3326 -6.20694 -58.7009 5.09097
0 0 986 152.913 -9.67961 -11.249 -2.09367 -65.3558 7.99988
0 0 987 158.723 -10.0681 -19.2345 -10.3277 -58.8147 5.372
0 0 988 158.99 -12.6471 -19.9354 -3.94766 -61.1955 4.9705
0 0 989 139.78 -11.8366 -14.3333 -11.8484 -64.7752 6.37601
0 0 990 144.295 -6.48425 -17.7964 -8.41169 -55.0098 6.10534
0 0 991 130.754 -25.5457 -12.3155 -10.2124 -77.1307 4.31845
0 0 992 137.338 -16.6879 -19.05 -4.21791 -65.6092 4.69117
0 0 993 130.147 -16.1943 -19.7393 -2.64313 -64.6829 4.64089
0 0 994 124.867 -16.2323 -13.268 -13.5683 -70.3691 5.74414
0 0 995 123.346 -15.7484 -10.993 -11.2491 -72.5418 6.30709
0 0 996 106.906 -18.4139 -15.492 -13.6366 -69.9627 4.99875
0 0 997 113.105 -13.3959 -14.0431 -16.1311 -66.8244 6.14305
0 0 998 107.315 -18.17 -7.22451 -6.9883 -79.1584 6.28866
0 0 999 101.563 -13.252 -15.3207 -8.98526 -65.4295 5.86202
0 0 1000 100.112 -17.6607 -6.71372 -15.6419 -79.5929 6.51342
0 0 1001 95.8214 -4.79827 -8.91237 -17.7718 0 0
0 0 1002 88.7539 -23.2838 -5.38998 -6.55662 -83.4831 5.17914
0 0 1003 86.59 -7.42897 -6.08345 -8.51021 0 0
0 0 1004 87.2318 -12.4078 -5.96913 -14.6537 0 0
0 0 1005 70.1091 -20.2727 -9.67756 -9.27417 -77.2408 5.45303
0 0 1006 76.5239 -21.3575 -8.29862 -7.47864 -79.383 5.36884
0 0 1007 69.2159 -16.7474 -11.3291 -12.8325 -72.9615 5.99742
0 0 1008 67.3202 -25.382 -1.07903 -2.96707 -88.7829 4.89047
0 0 1009 70.3521 -14.6043 -9.92539 -9.87178 -72.8996 6.86634
0 0 1010 52.7472 -19.542 -15.5364 -17.4668 -70.7572 4.82885
0 0 1011 60.9662 -13.3896 -2.98195 -11.5691 0 0
0 0 1012 57.3231 -16.8171 -15.0867 -5.82311 -69.0523 5.31073
0 0 1013 60.1988 -20.5006 -12.043 -4.52765 -74.784 5.12348
0 0 1014 39.6439 -13.8947 -5.34891 -5.06189 -79.4727 8.26375
0 0 1015 49.0384 -12.8918 -2.89984 -8.39172 0 0
0 0 1016 49.2178 -9.88541 -7.08577 -11.7648 0 0
0 0 1017 41.2575 -14.5721 -9.99335 6.60621 -72.7791 6.85966
0 0 1018 47.972 -22.1464 -12.9772 -2.40544 -74.8155 4.74615
0 0 1019 48.9012 -21.1812 -11.8237 -2.73364 -75.4145 5.02927
0 0 1020 42.6259 -16.0806 3.14801 1.93463 84.4618 7.56206
0 0 1021 48.8089 -17.3347 -2.74897 -18.5988 -85.4945 7.06656
0 0 1022 39.6592 -16.9587 -3.75137 -7.9655 -83.7633 7.12887
0 0 1023 26.6525 -13.9391 1.68546 -2.42458 0 0
