# File: uwl_221130_043426_Combined.rf.sbC2.RMC_aux Src: J1713+0747 Nsub: 1 Nch: 1 Npol: 4 Nbin: 1024 RMS: 5.75739
0 0 0 7.07939 5.26572 1.69235 -5.73781 0 0
0 0 1 2.1675 -0.433153 -0.129446 4.87311 0 0
0 0 2 2.73827 -17.8986 -9.5273 -10.1081 -75.987 7.43855
0 0 3 5.78181 -5.66351 1.48578 8.30746 0 0
0 0 4 1.95967 -5.10163 5.11438 3.97157 0 0
0 0 5 0.490222 1.44617 -12.0179 0.412432 0 0
0 0 6 -2.86993 0.872932 7.03703 -0.330147 0 0
0 0 7 1.87801 -0.105303 -4.85705 0.491231 0 0
0 0 8 7.70746 -2.29734 -0.551408 -5.41254 0 0
0 0 9 0.913963 -5.0376 9.52984 2.97174 0 0
0 0 10 9.4426 -6.38246 -11.2284 8.38172 0 0
0 0 11 4.4102 4.54955 3.99915 -3.18091 0 0
0 0 12 5.13679 -8.49867 3.6961 -3.8313 0 0
0 0 13 10.9805 -7.25288 -2.19779 -0.0321292 0 0
0 0 14 10.9862 -2.32534 -4.82829 1.94376 0 0
0 0 15 1.28545 7.40602 0.0275686 4.75867 0 0
0 0 16 6.16321 -1.56164 -0.214339 9.04727 0 0
0 0 17 5.8993 -4.52676 3.94707 -1.23992 0 0
0 0 18 6.35914 2.8311 -0.828229 2.67484 0 0
0 0 19 9.23908 4.55455 0.836756 0.521629 0 0
0 0 20 8.60562 3.20597 -0.193391 -3.32342 0 0
0 0 21 3.37837 4.49309 -2.53504 -5.9734 0 0
0 0 22 -4.73847 -6.67536 5.29479 11.3578 0 0
0 0 23 5.49877 -2.01497 2.34164 -3.13825 0 0
0 0 24 5.166 -8.3551 2.37143 7.48464 0 0
0 0 25 -0.815447 1.24332 -1.68654 3.35092 0 0
0 0 26 1.40832 -6.48825 2.06476 8.22621 0 0
0 0 27 -0.463505 -2.9759 2.03179 -8.88093 0 0
0 0 28 7.60191 -4.16113 -2.09777 -0.413302 0 0
0 0 29 -1.29916 -3.25301 11.7179 8.58092 0 0
0 0 30 7.21228 2.44907 6.47999 6.66163 0 0
0 0 31 8.03675 -8.40314 -13.1713 8.35418 0 0
0 0 32 9.14775 0.407815 1.83639 2.17476 0 0
0 0 33 6.6015 1.81758 -4.05733 4.26886 0 0
0 0 34 -5.94377 0.680069 -2.46999 5.49791 0 0
0 0 35 4.10288 -1.30539 5.9663 -6.59704 0 0
0 0 36 -5.66093 -8.11927 4.75638 5.47227 0 0
0 0 37 6.16354 2.80032 4.61694 1.12763 0 0
0 0 38 5.68528 -4.04554 6.12098 -4.64895 0 0
0 0 39 5.62568 -2.06982 -4.32702 -2.11745 0 0
0 0 40 11.2639 -1.34363 -0.973257 -9.18071 0 0
0 0 41 5.38891 6.00978 3.19938 9.65926 0 0
0 0 42 -3.55643 3.37653 4.6822 -2.56308 0 0
0 0 43 0.138328 -7.59734 4.61592 -4.45392 0 0
0 0 44 10.2398 -2.16604 -0.0456633 4.77787 0 0
0 0 45 1.10405 5.32265 -2.40099 -3.69213 0 0
0 0 46 11.625 2.43221 2.75566 0.031365 0 0
0 0 47 1.7303 -0.253983 -6.07564 3.77555 0 0
0 0 48 6.7857 11.0589 7.34087 11.1485 0 0
0 0 49 -1.80671 -9.18754 0.914431 -8.68884 0 0
0 0 50 1.53888 1.56271 14.7704 -2.53463 0 0
0 0 51 1.47901 0.735438 -2.56998 -4.47934 0 0
0 0 52 3.94501 1.24696 -0.600459 -3.35779 0 0
0 0 53 -8.76394 -3.93021 10.427 3.07215 0 0
0 0 54 -2.41059 1.10917 -2.53967 4.0164 0 0
0 0 55 7.03445 -1.62644 10.702 4.60575 0 0
0 0 56 4.43557 -1.81768 -7.02257 0.890562 0 0
0 0 57 7.08612 4.54638 0.386828 -3.87618 0 0
0 0 58 3.41559 0.738721 9.25929 -1.46925 0 0
0 0 59 -2.9061 7.2126 9.40014 2.98693 0 0
0 0 60 2.302 -1.66678 9.4493 6.85835 0 0
0 0 61 5.67181 0.205643 0.204342 8.21614 0 0
0 0 62 -6.82457 -21.2435 0.507255 1.63005 89.3161 6.96788
0 0 63 -1.36889 2.53611 -3.71351 6.93911 0 0
0 0 64 -2.66983 1.84046 -4.53164 -2.39978 0 0
0 0 65 11.0995 -8.57676 -0.176868 1.00165 0 0
0 0 66 -5.54061 2.53057 5.25668 1.50593 0 0
0 0 67 2.50753 -8.76766 -4.30514 -4.53679 0 0
0 0 68 0.603104 -0.175658 5.71241 -0.856962 0 0
0 0 69 -1.22054 5.44074 -1.9124 1.83785 0 0
0 0 70 0.263894 4.92508 8.72451 13.6677 0 0
0 0 71 5.50077 -6.72616 1.67171 -0.709565 0 0
0 0 72 1.5979 -9.52445 5.80147 4.30173 0 0
0 0 73 -0.0905244 2.32665 -4.16095 -2.47456 0 0
0 0 74 1.73679 4.82257 1.57154 -4.09131 0 0
0 0 75 -5.08823 8.81354 0.314751 6.97564 0 0
0 0 76 -0.580086 -3.72525 -4.84919 0.344877 0 0
0 0 77 -5.64233 -1.4958 -6.55913 10.0584 0 0
0 0 78 1.76528 -1.32763 -0.191866 9.92405 0 0
0 0 79 7.40782 -7.08314 5.27676 -6.92526 0 0
0 0 80 8.73503 -3.60213 3.64629 3.90382 0 0
0 0 81 -0.340972 -1.36138 7.14747 1.05715 0 0
0 0 82 -1.09426 -6.5957 6.35548 4.13169 0 0
0 0 83 1.07657 5.38617 5.5733 -1.8926 0 0
0 0 84 2.27429 -4.38752 4.57517 3.77157 0 0
0 0 85 -1.41841 2.17222 -0.969349 -0.963647 0 0
0 0 86 -1.02474 -7.49121 10.4835 -2.73785 0 0
0 0 87 4.37602 -5.20738 8.62452 3.042 0 0
0 0 88 1.31235 1.81851 4.30883 -1.78948 0 0
0 0 89 -0.963791 1.12011 1.92559 -4.3662 0 0
0 0 90 -1.17806 -5.81195 -1.02198 2.20479 0 0
0 0 91 6.2242 1.74948 -7.93693 0.815173 0 0
0 0 92 -6.91706 2.21528 0.832221 7.67755 0 0
0 0 93 -1.13605 -12.1862 -2.13752 1.41997 0 0
0 0 94 -6.36399 2.94365 3.28236 1.62355 0 0
0 0 95 -1.3478 2.64759 5.33093 3.39902 0 0
0 0 96 7.5902 0.627254 15.1183 6.93305 0 0
0 0 97 12.0124 6.05213 -2.01855 -4.67383 0 0
0 0 98 9.68975 -0.954129 -3.16082 4.39738 0 0
0 0 99 -6.8971 -7.35858 2.75171 -1.45209 0 0
0 0 100 9.37986 3.19793 -5.2073 4.36374 0 0
0 0 101 9.46773 -3.64611 -1.95738 -5.06215 0 0
0 0 102 6.22175 3.04543 -5.51588 7.35513 0 0
0 0 103 1.04588 6.89983 -3.23259 2.40534 0 0
0 0 104 13.3749 -1.20329 -3.27063 3.45856 0 0
0 0 105 2.39472 -1.73239 4.47377 7.11991 0 0
0 0 106 -0.749173 2.73575 -2.91765 -10.0154 0 0
0 0 107 10.3459 -7.60338 4.32568 9.50402 0 0
0 0 108 -9.10062 -8.97581 0.437072 2.61004 0 0
0 0 109 -3.86421 -5.26819 0.463628 -7.27153 0 0
0 0 110 4.29433 6.4372 -6.68482 -2.91627 0 0
0 0 111 1.85049 6.88939 6.3126 -7.92589 0 0
0 0 112 -2.33807 7.2803 -1.99252 0.0568973 0 0
0 0 113 -2.96218 10.8366 3.96949 14.295 0 0
0 0 114 2.88348 -4.78612 2.67575 1.59806 0 0
0 0 115 -3.26745 -5.47631 4.4034 2.70654 0 0
0 0 116 1.42097 1.07786 -2.80285 3.1314 0 0
0 0 117 10.0067 -7.78778 5.59788 0.677689 0 0
0 0 118 -4.2952 -2.79918 6.90738 -2.69545 0 0
0 0 119 2.09404 -2.00217 -3.51719 2.35133 0 0
0 0 120 5.93177 -1.99468 -1.79183 6.16538 0 0
0 0 121 5.21272 -5.83318 3.0223 -2.82601 0 0
0 0 122 1.1104 -0.850294 -3.7981 0.627396 0 0
0 0 123 1.65581 -5.84407 2.84121 -3.19171 0 0
0 0 124 -2.07166 1.16499 -6.42146 12.4803 0 0
0 0 125 2.84656 0.434362 4.84803 2.48925 0 0
0 0 126 -5.96286 -3.14617 -2.09049 1.68675 0 0
0 0 127 -7.23033 -4.22653 1.92886 -3.10992 0 0
0 0 128 -3.89463 -0.637953 4.03186 -5.63221 0 0
0 0 129 -6.99083 -5.88178 -0.580733 -11.0811 0 0
0 0 130 5.9414 2.7459 -0.398942 0.0607825 0 0
0 0 131 -2.028 -4.35021 -0.706203 -9.92945 0 0
0 0 132 -2.4953 -0.0809844 3.76849 5.25373 0 0
0 0 133 11.2782 -8.62471 1.74901 14.0324 0 0
0 0 134 -2.42426 -5.81742 1.27007 1.70983 0 0
0 0 135 9.71371 0.849443 -3.39108 -2.70059 0 0
0 0 136 0.459177 3.68359 -2.3711 -8.14675 0 0
0 0 137 4.84236 3.79707 10.0523 -5.93354 0 0
0 0 138 5.38722 -9.20371 3.24657 -4.81767 0 0
0 0 139 2.01555 1.72116 2.88601 1.26388 0 0
0 0 140 4.52712 -4.70104 -4.1838 -4.40792 0 0
0 0 141 -6.22458 -1.42182 -2.85584 -1.56535 0 0
0 0 142 8.53176 -11.1982 9.68094 -3.78934 0 0
0 0 143 12.8713 -6.77079 -3.19343 1.1842 0 0
0 0 144 -3.88997 0.917144 1.38508 0.656792 0 0
0 0 145 5.24819 1.62359 -18.597 -4.77904 -42.5052 8.57795
0 0 146 -7.88408 4.80498 -4.78664 -4.85923 0 0
0 0 147 0.0237689 -5.06605 -1.7696 -1.10915 0 0
0 0 148 -11.3632 0.841431 -4.04953 -3.24543 0 0
0 0 149 -2.54024 -8.09754 -9.14068 5.83834 0 0
0 0 150 5.76848 0.520818 3.5316 3.48618 0 0
0 0 151 -2.35745 -5.43165 -2.62361 -8.70929 0 0
0 0 152 7.13196 -1.73761 -0.0881632 8.6168 0 0
0 0 153 3.73995 5.26993 8.296 -6.66948 0 0
0 0 154 5.42122 7.37379 4.25225 -2.04187 0 0
0 0 155 0.123575 11.9009 -2.84694 5.36273 0 0
0 0 156 7.04226 7.55692 -1.73464 1.74562 0 0
0 0 157 10.8578 -4.08014 -9.20331 0.447771 0 0
0 0 158 -4.58332 -0.268042 -9.42317 5.36297 0 0
0 0 159 11.2355 -2.77525 -12.8193 1.16735 0 0
0 0 160 1.17233 8.71143 3.21167 3.21295 0 0
0 0 161 12.041 2.49289 -0.422281 6.34079 0 0
0 0 162 2.88688 7.98617 -6.23322 -4.45093 0 0
0 0 163 6.75449 3.99377 -0.820633 3.8749 0 0
0 0 164 4.98578 -10.3643 -0.460337 1.88404 0 0
0 0 165 -1.93934 -9.78544 -1.11698 -13.859 0 0
0 0 166 -2.72782 4.74191 -6.33121 -2.01215 0 0
0 0 167 -3.08951 -3.76488 -7.05179 -1.59093 0 0
0 0 168 8.46137 -0.548087 -0.5011 2.62294 0 0
0 0 169 -1.33556 -5.55968 4.97975 -8.75498 0 0
0 0 170 1.86829 -5.30997 1.91608 2.95716 0 0
0 0 171 -4.4526 0.66568 -4.25977 0.9935 0 0
0 0 172 4.54462 -3.4137 7.24939 6.37632 0 0
0 0 173 -1.99547 -7.91502 -0.24292 8.46161 0 0
0 0 174 10.4382 -6.4119 -0.838304 -9.01639 0 0
0 0 175 -0.255205 -4.7839 0.218307 -6.09649 0 0
0 0 176 -16.0592 -4.47269 -7.31039 8.90898 0 0
0 0 177 1.94522 -8.98719 1.59184 7.38937 0 0
0 0 178 1.39751 -1.95142 -0.00701963 -9.23956 0 0
0 0 179 4.55046 2.44976 1.53564 -2.99355 0 0
0 0 180 8.68876 5.19363 4.97146 -0.767539 0 0
0 0 181 -6.00316 3.83544 -7.5176 -1.18404 0 0
0 0 182 3.64429 -11.3285 1.76679 -2.85906 0 0
0 0 183 5.19872 -0.221051 -0.401371 -2.78912 0 0
0 0 184 -3.98008 1.25842 6.49846 0.498461 0 0
0 0 185 3.45288 -3.12665 -7.70558 -6.69507 0 0
0 0 186 4.30243 -6.90502 -2.84421 -1.56809 0 0
0 0 187 -6.10884 -2.19109 2.38924 3.1248 0 0
0 0 188 7.34939 4.47648 -0.182853 4.80841 0 0
0 0 189 -5.81537 -0.760896 -1.11453 4.91386 0 0
0 0 190 11.8141 -1.47704 -3.73304 -7.6617 0 0
0 0 191 -6.30377 0.737202 1.55527 0.847856 0 0
0 0 192 -5.95175 6.06307 7.28544 -0.142458 0 0
0 0 193 9.4456 0.342618 -1.18838 2.23624 0 0
0 0 194 -11.0501 -2.67473 7.41225 6.82772 0 0
0 0 195 2.33631 -5.38925 0.0961263 -4.67334 0 0
0 0 196 5.89613 -8.2422 6.02198 1.19783 0 0
0 0 197 -3.68356 -3.85202 -13.7652 12.1332 0 0
0 0 198 5.86339 13.0609 7.60571 -1.01596 0 0
0 0 199 -2.06345 -4.28287 -5.96131 -5.13795 0 0
0 0 200 6.24365 -7.60556 9.99819 -2.46656 0 0
0 0 201 -7.41155 6.93403 8.81021 2.10322 0 0
0 0 202 6.37134 -4.0276 -0.11087 1.33262 0 0
0 0 203 -2.07037 -0.645522 -4.06987 0.878523 0 0
0 0 204 6.7003 -2.62762 -3.22611 -1.09931 0 0
0 0 205 2.5267 -3.40127 -1.12192 9.69649 0 0
0 0 206 -7.22168 1.63097 -4.42571 3.31702 0 0
0 0 207 2.33717 -3.33556 1.93572 -7.09804 0 0
0 0 208 6.6079 5.69603 -1.41139 -7.28367 0 0
0 0 209 4.4218 -0.839151 -2.28269 -11.1607 0 0
0 0 210 3.5657 -9.54396 -2.38599 3.05181 0 0
0 0 211 -3.38497 9.05193 9.985 2.54975 0 0
0 0 212 4.15299 0.297926 5.92077 -0.467181 0 0
0 0 213 -8.35961 -1.813 5.10128 7.47141 0 0
0 0 214 -0.742975 -0.475795 5.14601 6.70382 0 0
0 0 215 -1.71999 -7.7987 3.28753 -1.73731 0 0
0 0 216 -2.57798 5.80882 -2.48854 3.61156 0 0
0 0 217 1.32205 1.26858 -1.04359 -0.754728 0 0
0 0 218 0.313365 -1.86241 -0.171939 6.13286 0 0
0 0 219 -1.05138 -4.33241 2.87036 1.76639 0 0
0 0 220 5.9749 -0.326413 8.12097 8.99694 0 0
0 0 221 5.42155 10.4922 -4.97333 -1.88633 0 0
0 0 222 2.89725 -2.95241 -3.32819 -0.179303 0 0
0 0 223 -8.45479 2.35878 -6.98313 1.50061 0 0
0 0 224 0.0784923 -0.828673 -2.52544 8.39626 0 0
0 0 225 6.00056 3.00273 0.802921 2.21338 0 0
0 0 226 1.79768 -2.74949 4.71932 -5.75393 0 0
0 0 227 2.91927 -0.00259697 0.771664 -7.29758 0 0
0 0 228 8.97781 8.99704 -4.07832 1.83167 0 0
0 0 229 3.94626 0.125279 2.03481 -0.761915 0 0
0 0 230 -7.07538 1.89019 5.41911 1.53927 0 0
0 0 231 0.370944 0.36422 0.374348 0.902492 0 0
0 0 232 -4.2258 3.3735 4.41328 -5.93436 0 0
0 0 233 11.8311 0.128273 3.17725 5.51504 0 0
0 0 234 2.16981 -5.8197 4.1431 1.14693 0 0
0 0 235 0.238776 -1.63689 -0.444953 2.99535 0 0
0 0 236 -3.03349 -4.6991 12.4632 -2.1032 0 0
0 0 237 1.47823 4.72401 -4.96724 -2.96438 0 0
0 0 238 -6.51364 -12.0352 -8.29343 -5.46259 0 0
0 0 239 -9.20196 -2.52518 -8.31098 -4.48187 0 0
0 0 240 3.07823 10.8948 4.32701 -4.52258 0 0
0 0 241 -0.783449 5.31068 3.73413 4.98247 0 0
0 0 242 -4.05674 0.611876 1.32015 -2.44642 0 0
0 0 243 2.37515 -2.69068 -4.33194 -3.79955 0 0
0 0 244 2.26821 -3.17017 -0.948235 6.90769 0 0
0 0 245 14.8852 5.72562 -2.16423 8.941 0 0
0 0 246 6.20133 1.78536 2.08565 -9.26301 0 0
0 0 247 1.19769 1.98519 -0.376883 11.471 0 0
0 0 248 3.10762 1.65726 0.954371 0.031292 0 0
0 0 249 -10.9988 2.50654 2.76165 -4.7538 0 0
0 0 250 0.912992 2.79619 -6.22338 16.1234 0 0
0 0 251 -2.72766 -1.05604 -1.98791 -5.67804 0 0
0 0 252 5.98829 3.09612 1.88415 -4.04359 0 0
0 0 253 5.68204 5.043 3.00872 3.67675 0 0
0 0 254 -2.79735 2.7736 5.55517 -2.37348 0 0
0 0 255 4.51523 -4.88004 8.52509 -6.34494 0 0
0 0 256 1.44799 7.34877 4.31424 0.590681 0 0
0 0 257 5.35465 1.53889 -0.608076 -1.07019 0 0
0 0 258 6.39539 -0.338013 7.39358 -1.73226 0 0
0 0 259 -3.92753 -0.677924 -1.86551 -11.229 0 0
0 0 260 -0.707514 -8.14343 -6.63591 4.37822 0 0
0 0 261 -1.05459 2.65898 6.26646 7.08295 0 0
0 0 262 13.5845 -2.73654 -1.96031 2.83471 0 0
0 0 263 -4.06532 0.42342 6.74871 0.771359 0 0
0 0 264 4.62596 -15.0636 5.13262 -3.88686 0 0
0 0 265 -0.952512 2.26738 2.31199 2.83279 0 0
0 0 266 -1.11746 3.74207 -6.08552 9.49471 0 0
0 0 267 4.88342 -4.86364 -2.88077 -0.197422 0 0
0 0 268 7.57657 -0.265967 2.03468 2.97006 0 0
0 0 269 10.7972 -2.3997 -1.20218 3.63534 0 0
0 0 270 -2.38227 0.454668 2.06095 5.46119 0 0
0 0 271 0.858083 5.10636 -9.33525 9.73933 0 0
0 0 272 -0.898466 -8.7148 5.58305 -5.7926 0 0
0 0 273 4.5533 6.11006 2.55378 -0.694936 0 0
0 0 274 5.04147 2.75526 4.19442 0.938874 0 0
0 0 275 -1.76992 -2.41662 -2.13504 -0.146693 0 0
0 0 276 0.915715 -6.5531 10.5418 -7.12769 0 0
0 0 277 5.04944 -4.53264 4.42605 3.09426 0 0
0 0 278 4.53028 6.80882 7.41487 -2.89589 0 0
0 0 279 -4.70152 -0.543883 -1.19019 4.8982 0 0
0 0 280 2.68878 0.529349 -4.39723 -0.186652 0 0
0 0 281 -1.26822 -2.44736 -0.656906 1.95806 0 0
0 0 282 -3.73539 1.44783 7.31988 2.072 0 0
0 0 283 5.10383 9.33335 -3.11969 2.95123 0 0
0 0 284 -4.33246 1.12566 -0.0715914 5.4867 0 0
0 0 285 4.87601 5.04461 4.70372 8.98911 0 0
0 0 286 4.98503 10.4681 -0.888949 -3.26016 0 0
0 0 287 4.62066 -0.52554 2.97404 -0.91452 0 0
0 0 288 -0.555989 11.7773 1.88824 0.141472 0 0
0 0 289 8.27807 -9.62352 3.94602 -1.56599 0 0
0 0 290 8.6624 -5.65483 5.64903 1.97321 0 0
0 0 291 5.61125 -2.82676 -3.5466 4.50358 0 0
0 0 292 -1.10422 -9.87374 -3.22264 -5.35549 0 0
0 0 293 -3.71213 -0.823612 13.5133 7.78622 0 0
0 0 294 1.44136 6.34832 0.817933 -6.29303 0 0
0 0 295 5.48676 -8.6281 3.30138 2.09282 0 0
0 0 296 5.38273 1.0005 -3.72424 2.81027 0 0
0 0 297 -0.211905 1.85987 -0.305886 6.17946 0 0
0 0 298 -1.15672 2.04595 -10.2242 3.22081 0 0
0 0 299 -13.4312 -4.29095 5.58545 5.87266 0 0
0 0 300 -1.63345 -0.0455451 3.30825 4.74883 0 0
0 0 301 -2.15914 3.6909 -3.10757 9.66627 0 0
0 0 302 5.04604 -3.69003 4.73844 -3.17412 0 0
0 0 303 4.2446 -5.35598 -2.70073 -4.99209 0 0
0 0 304 -3.10549 -1.07697 -6.28738 -5.16061 0 0
0 0 305 3.01144 -6.26874 -4.42591 6.04469 0 0
0 0 306 -6.65724 -0.771649 -1.09462 7.87879 0 0
0 0 307 6.04234 -2.14939 3.03772 -1.48812 0 0
0 0 308 -12.2652 -0.997379 -1.19651 -5.89858 0 0
0 0 309 -5.37149 -8.70475 3.43456 1.24405 0 0
0 0 310 -6.82404 0.40124 2.28059 4.30381 0 0
0 0 311 -10.5191 -8.89229 8.20703 -1.05456 0 0
0 0 312 2.30508 -3.95864 1.46619 8.18802 0 0
0 0 313 -1.50384 1.63418 0.98075 3.63835 0 0
0 0 314 3.51011 -2.33563 -1.72964 4.21462 0 0
0 0 315 0.788911 -4.21719 4.65601 -0.44699 0 0
0 0 316 0.584286 -3.10107 10.0377 -4.29196 0 0
0 0 317 -3.47921 -6.27392 3.65126 -2.67533 0 0
0 0 318 -6.15476 2.64997 -7.69525 -5.07721 0 0
0 0 319 0.301519 -1.13197 -0.289683 0.995399 0 0
0 0 320 6.96282 1.63099 1.34804 -4.07971 0 0
0 0 321 -2.47737 2.32664 -2.75983 -3.23497 0 0
0 0 322 -2.7729 0.428412 -2.81509 -0.248637 0 0
0 0 323 1.96947 -9.08227 6.68303 4.22069 0 0
0 0 324 2.91817 -1.01488 -4.60655 4.17786 0 0
0 0 325 -7.13271 4.59394 4.89471 0.351179 0 0
0 0 326 -6.77015 5.31563 4.93297 -5.00302 0 0
0 0 327 -11.0234 -1.44155 5.80043 -1.21868 0 0
0 0 328 9.02878 -6.49136 -0.02441 -0.147528 0 0
0 0 329 -4.04901 -0.60922 -5.41793 -5.67238 0 0
0 0 330 2.12863 -5.67514 5.19976 3.63884 0 0
0 0 331 1.41956 -2.22161 9.26812 -2.16584 0 0
0 0 332 -1.38769 -3.196 8.98036 1.42908 0 0
0 0 333 -9.16985 3.3839 -10.2351 -1.3538 0 0
0 0 334 1.5622 -1.13023 2.10222 1.57283 0 0
0 0 335 -9.90084 -8.03024 0.779983 10.8236 0 0
0 0 336 1.20948 3.76689 -4.53461 -0.925656 0 0
0 0 337 -3.84397 -1.0705 7.88619 -1.12443 0 0
0 0 338 -1.78806 9.65079 3.22883 -1.16695 0 0
0 0 339 -2.08591 3.70226 -0.176577 6.54968 0 0
0 0 340 -4.81854 -1.35298 -3.83265 -3.58535 0 0
0 0 341 -2.57478 1.73769 4.22486 -5.08642 0 0
0 0 342 1.53448 7.58579 -1.0947 2.81084 0 0
0 0 343 4.02173 0.897109 -0.381748 -2.0164 0 0
0 0 344 13.432 2.5108 4.92836 0.109792 0 0
0 0 345 -9.87212 -5.88302 -5.68133 -0.563967 0 0
0 0 346 1.51921 13.6328 -3.67852 -3.04095 0 0
0 0 347 -3.33109 4.59458 -4.32788 0.716367 0 0
0 0 348 -1.60775 0.184444 -0.73618 -6.05914 0 0
0 0 349 8.97169 5.58982 -2.38449 -2.6903 0 0
0 0 350 1.21638 2.87831 -1.8883 5.06094 0 0
0 0 351 -5.91519 -4.24671 -0.752141 -4.909 0 0
0 0 352 -4.95812 2.79049 17.269 -1.54938 0 0
0 0 353 0.660466 -1.78762 -3.59142 11.8954 0 0
0 0 354 -3.17874 0.997318 -8.426 -4.25209 0 0
0 0 355 -4.44519 1.05388 -4.75539 5.43742 0 0
0 0 356 -6.4927 -4.2546 -0.797162 -3.03034 0 0
0 0 357 2.92179 6.01054 2.39891 3.98741 0 0
0 0 358 1.49105 -2.49162 -4.13326 -2.35159 0 0
0 0 359 6.12001 0.524196 -1.50388 5.13988 0 0
0 0 360 -0.917151 8.77887 -3.76042 -0.422484 0 0
0 0 361 2.52066 1.05484 6.78067 4.53982 0 0
0 0 362 -4.43326 -0.0278461 -10.4796 3.1299 0 0
0 0 363 1.67615 4.48093 1.98889 -7.6388 0 0
0 0 364 9.92119 -0.543911 -3.89045 1.49282 0 0
0 0 365 0.491733 10.9032 -1.1467 8.63346 0 0
0 0 366 -2.51769 0.138414 -1.60443 2.94702 0 0
0 0 367 -0.939119 3.21864 4.08926 5.33132 0 0
0 0 368 -1.93591 12.3836 -1.88541 4.33743 0 0
0 0 369 5.12728 3.7962 -1.42117 -12.2884 0 0
0 0 370 -0.978543 3.6602 5.04259 -3.36512 0 0
0 0 371 3.47411 0.158092 -2.70707 6.99166 0 0
0 0 372 -0.29805 3.21218 -6.71025 -7.00569 0 0
0 0 373 8.04718 -7.5483 4.29535 7.18158 0 0
0 0 374 -2.12383 -4.42635 1.23212 0.800751 0 0
0 0 375 2.09505 5.94301 -3.55835 0.566989 0 0
0 0 376 0.279034 4.81748 -9.14534 7.17714 0 0
0 0 377 1.93791 3.38517 -8.49367 7.02252 0 0
0 0 378 2.13346 3.29045 2.8022 -11.5778 0 0
0 0 379 9.85409 0.171303 0.754971 -6.05519 0 0
0 0 380 -5.10247 7.19544 -6.36666 -1.51821 0 0
0 0 381 0.894127 4.80598 0.787516 5.15418 0 0
0 0 382 -0.575264 1.66071 -5.2246 -5.72262 0 0
0 0 383 -7.09636 0.013129 0.729526 3.07789 0 0
0 0 384 0.380029 5.081 3.74845 0.965736 0 0
0 0 385 2.50011 3.71662 -3.22927 1.44253 0 0
0 0 386 6.35052 8.42199 -2.41079 1.23189 0 0
0 0 387 -4.42089 9.72093 6.15255 3.36349 0 0
0 0 388 -1.67294 -10.2123 -1.26965 1.3586 0 0
0 0 389 4.87922 -15.2274 10.6052 3.91109 72.5722 8.19853
0 0 390 2.45436 -0.96986 3.28941 -1.39607 0 0
0 0 391 10.0002 -6.36533 8.8466 -0.495731 0 0
0 0 392 -5.67083 3.20391 2.41596 -7.97372 0 0
0 0 393 3.15418 2.88957 4.01678 -10.8113 0 0
0 0 394 14.8715 -2.84948 5.36575 5.77008 0 0
0 0 395 5.84626 0.824272 14.4539 4.02215 0 0
0 0 396 1.04005 -2.88636 -0.236422 -0.136655 0 0
0 0 397 1.52914 -2.65282 -1.29565 -2.88405 0 0
0 0 398 -7.7311 -2.71828 -7.24316 -12.8201 0 0
0 0 399 -4.88278 -1.83534 -3.53102 0.965692 0 0
0 0 400 -2.07108 2.45807 9.59787 9.2352 0 0
0 0 401 8.74074 -4.58532 7.00028 9.02079 0 0
0 0 402 3.43823 6.06706 7.43535 -5.02565 0 0
0 0 403 4.44236 -4.79858 4.33221 5.78913 0 0
0 0 404 0.359382 4.12332 5.64587 0.925395 0 0
0 0 405 -1.78216 3.32185 -0.248819 -6.47548 0 0
0 0 406 -6.80377 7.04129 -0.0768547 9.22467 0 0
0 0 407 3.53625 -5.56466 -0.800231 -0.0789498 0 0
0 0 408 -0.350878 1.21892 -6.2211 -2.84671 0 0
0 0 409 1.36882 -2.70142 5.75137 -2.49269 0 0
0 0 410 2.40072 -8.4271 -0.0781389 -4.02514 0 0
0 0 411 12.0745 -9.42542 -2.14336 -4.22984 0 0
0 0 412 11.4699 1.08435 -6.30462 -6.41924 0 0
0 0 413 3.22726 1.1235 7.23009 -3.21114 0 0
0 0 414 3.66164 -1.90405 3.65245 9.91935 0 0
0 0 415 5.37721 -5.05983 3.06398 -4.84905 0 0
0 0 416 4.64812 -0.558298 0.65188 3.75878 0 0
0 0 417 2.84887 1.39528 -4.57508 4.80991 0 0
0 0 418 2.52624 2.6564 -3.33731 8.16913 0 0
0 0 419 -1.38759 -12.5211 -4.37536 -10.7208 0 0
0 0 420 -3.19065 2.87607 -11.5128 3.60101 0 0
0 0 421 5.60238 3.02631 5.61214 -1.837 0 0
0 0 422 -2.79108 -2.9547 -2.73756 -0.978988 0 0
0 0 423 -1.83312 6.36467 -5.36387 0.357086 0 0
0 0 424 -4.20987 -0.808962 -10.5592 0.304238 0 0
0 0 425 -9.42719 -6.63565 2.98279 -3.1697 0 0
0 0 426 5.74787 -1.38724 -6.82146 -5.98006 0 0
0 0 427 -9.12471 -10.6424 -3.81339 5.01867 0 0
0 0 428 -0.152991 -4.71115 1.65045 1.96833 0 0
0 0 429 0.571968 2.42431 0.452772 -7.40598 0 0
0 0 430 0.966674 5.11215 -1.21418 -2.44032 0 0
0 0 431 0.16234 -6.27298 -2.04384 6.48586 0 0
0 0 432 1.85134 -0.842323 -3.76531 9.99698 0 0
0 0 433 3.81079 -3.49292 -5.35084 -3.46158 0 0
0 0 434 2.21553 1.75084 -3.44237 5.21457 0 0
0 0 435 8.05829 4.33769 -8.28366 4.72548 0 0
0 0 436 11.5927 -3.87829 -13.5204 4.95891 0 0
0 0 437 1.5035 2.12777 1.36963 0.142629 0 0
0 0 438 2.66249 4.64765 0.349369 1.43926 0 0
0 0 439 1.10777 -7.78422 0.911887 4.53086 0 0
0 0 440 -1.53515 -9.00129 3.03466 -1.39247 0 0
0 0 441 7.75009 -3.86859 -4.98559 0.680604 0 0
0 0 442 16.3929 -0.993645 4.71562 -2.19745 0 0
0 0 443 5.99092 -4.91302 3.25857 2.23909 0 0
0 0 444 8.30494 4.18397 -5.63237 -5.57651 0 0
0 0 445 -1.09288 9.30872 -6.56094 3.21091 0 0
0 0 446 0.490066 -4.04311 2.48477 -10.4047 0 0
0 0 447 -2.85913 -12.3054 1.55531 -1.85126 0 0
0 0 448 -5.11192 -0.241587 0.52043 -2.55693 0 0
0 0 449 6.27777 -6.29168 4.89823 3.07466 0 0
0 0 450 9.48646 -0.0118752 -1.75211 2.03552 0 0
0 0 451 -12.7483 2.1769 5.67434 4.15705 0 0
0 0 452 2.91003 -7.77631 -0.032349 -5.18066 0 0
0 0 453 -1.90915 10.3862 4.29452 2.33708 0 0
0 0 454 4.56842 -0.258381 1.23083 -3.47991 0 0
0 0 455 -4.09692 -2.69469 -0.158574 7.71986 0 0
0 0 456 -6.9378 0.864445 4.66625 -7.69778 0 0
0 0 457 -7.46169 -6.24137 -5.00774 4.69143 0 0
0 0 458 -2.38814 -1.26938 4.05637 -1.74269 0 0
0 0 459 -0.24849 3.02178 10.2848 1.82976 0 0
0 0 460 -0.0121918 -2.25277 5.98542 -2.38037 0 0
0 0 461 0.480144 -2.11178 -5.11246 -2.41525 0 0
0 0 462 8.83764 -0.362038 -2.92425 1.64187 0 0
0 0 463 -3.21846 -5.29407 6.26609 -9.0067 0 0
0 0 464 -1.02223 -1.848 -7.84385 4.31295 0 0
0 0 465 3.34472 3.34779 0.307583 -8.56038 0 0
0 0 466 8.26607 2.2542 -3.42228 7.93329 0 0
0 0 467 -1.52067 7.90843 -2.07871 -1.07256 0 0
0 0 468 -3.28935 4.52821 0.647328 -6.43901 0 0
0 0 469 11.7116 -0.901441 -4.995 4.76305 0 0
0 0 470 -1.51073 7.37779 -4.92585 -1.68087 0 0
0 0 471 -0.957161 2.08632 -2.40638 9.22651 0 0
0 0 472 3.67801 8.4566 10.6593 -5.05371 0 0
0 0 473 2.57995 16.5087 3.68645 -12.9543 0 0
0 0 474 6.244 3.14658 0.114055 -7.48189 0 0
0 0 475 3.33812 -0.473167 -5.56339 10.2011 0 0
0 0 476 4.70165 -5.06901 7.51349 2.94656 0 0
0 0 477 -1.20377 -6.35542 3.30593 -0.399166 0 0
0 0 478 -6.57481 0.81382 5.44044 1.96452 0 0
0 0 479 0.886285 -6.39607 1.57572 -1.56124 0 0
0 0 480 -2.01014 5.23389 5.70198 -2.28039 0 0
0 0 481 -0.397273 -1.53406 -2.83832 7.05314 0 0
0 0 482 -3.05606 -4.08893 -0.701502 1.17821 0 0
0 0 483 9.19907 -0.507369 -4.06111 0.572804 0 0
0 0 484 8.78496 1.24845 -5.60248 1.79041 0 0
0 0 485 2.38018 0.56705 0.277708 -4.22236 0 0
0 0 486 5.0047 0.848218 8.71717 -1.91381 0 0
0 0 487 3.43161 -2.75745 -0.637019 8.93334 0 0
0 0 488 4.95623 -0.816307 -5.02677 -5.27258 0 0
0 0 489 4.22836 4.90996 5.41045 1.49769 0 0
0 0 490 -2.7969 -3.26047 -2.35618 0.840654 0 0
0 0 491 10.5944 5.85722 -1.08485 7.69989 0 0
0 0 492 -5.48448 -1.22132 -8.68178 1.35422 0 0
0 0 493 5.85505 -3.09816 -0.906549 1.4394 0 0
0 0 494 7.27629 6.53684 -3.33831 9.13954 0 0
0 0 495 5.09499 1.17924 5.33474 0.771494 0 0
0 0 496 3.00283 -3.09181 9.40215 -8.65724 0 0
0 0 497 -0.366826 -6.78048 -12.3193 -0.688309 0 0
0 0 498 -4.25193 2.46831 -3.62666 5.69101 0 0
0 0 499 0.464372 -2.19465 -6.28719 6.23633 0 0
0 0 500 -1.33224 2.77821 -9.11083 6.55334 0 0
0 0 501 -3.10596 3.68128 6.92616 3.29081 0 0
0 0 502 6.4059 -5.7055 1.68396 2.952 0 0
0 0 503 4.83168 -8.08527 -2.93372 2.48173 0 0
0 0 504 -19.0295 -1.60511 2.85114 1.80983 0 0
0 0 505 6.39777 -5.91134 -2.57125 -2.01141 0 0
0 0 506 1.06445 4.8762 0.999515 4.51602 0 0
0 0 507 3.66364 -1.97385 1.56652 3.88949 0 0
0 0 508 4.52634 3.54446 -1.20325 -0.903508 0 0
0 0 509 2.59482 -5.70367 9.79272 2.41299 0 0
0 0 510 1.57829 3.3635 6.24509 2.54559 0 0
0 0 511 4.11132 -0.930462 -3.71485 0.73822 0 0
0 0 512 -1.95284 -2.0434 1.68485 -2.11548 0 0
0 0 513 1.4218 5.10709 2.16169 -1.60153 0 0
0 0 514 2.96616 3.93489 7.31312 0.463289 0 0
0 0 515 0.42673 -3.94407 -2.18966 2.70944 0 0
0 0 516 5.82008 -2.85056 -10.0601 -3.37994 0 0
0 0 517 4.71411 6.82677 8.59844 -2.3983 0 0
0 0 518 10.9182 -0.699335 -3.95543 1.54437 0 0
0 0 519 -6.52803 -7.23318 -3.11271 1.3662 0 0
0 0 520 6.29082 -13.4444 0.750696 5.42789 0 0
0 0 521 5.23115 2.18791 1.40636 2.33074 0 0
0 0 522 1.87307 -7.87951 -1.21117 8.2194 0 0
0 0 523 2.79248 11.8179 4.53812 -6.83007 0 0
0 0 524 8.05465 8.20282 10.9247 -5.99146 0 0
0 0 525 0.1157 -12.4595 -1.6866 -1.44404 0 0
0 0 526 2.32512 0.272677 -0.499733 9.45551 0 0
0 0 527 -7.26056 2.56433 -1.91945 -15.096 0 0
0 0 528 -0.830868 5.37122 8.49265 -10.0988 0 0
0 0 529 1.34469 1.37035 0.86262 0.329267 0 0
0 0 530 7.43972 4.80174 -9.77817 2.67608 0 0
0 0 531 12.5613 2.50201 2.82945 2.94458 0 0
0 0 532 6.36716 -3.40691 -0.484647 -7.12079 0 0
0 0 533 -0.171628 4.3818 1.15167 6.56319 0 0
0 0 534 -0.000506192 -0.591346 -5.3254 -0.175874 0 0
0 0 535 5.1998 -4.89686 -4.19106 -0.335505 0 0
0 0 536 1.22903 6.42584 7.97641 -1.93863 0 0
0 0 537 -4.09809 8.57088 -5.30578 2.50488 0 0
0 0 538 -7.80087 -1.68923 -2.60402 -8.84433 0 0
0 0 539 -2.24755 -1.06011 3.97223 2.3643 0 0
0 0 540 2.63643 6.22075 2.70639 -3.7606 0 0
0 0 541 -3.77489 -4.4285 -1.04006 -2.64071 0 0
0 0 542 -8.9328 2.06598 4.26944 2.04183 0 0
0 0 543 3.11831 4.14137 1.53023 4.66141 0 0
0 0 544 -5.51894 0.935444 1.82806 -4.2734 0 0
0 0 545 9.68855 3.99083 -5.43505 -2.40874 0 0
0 0 546 -0.427245 -3.95544 -1.57483 -2.22636 0 0
0 0 547 2.91671 3.98945 -3.06557 6.6121 0 0
0 0 548 -2.84986 0.266757 1.81499 -0.312388 0 0
0 0 549 -0.477896 4.57407 4.61145 4.05659 0 0
0 0 550 1.03264 3.94902 -7.60559 -2.26424 0 0
0 0 551 -4.59287 0.14324 -4.87448 -5.02554 0 0
0 0 552 -8.42088 4.24594 -5.50617 -14.4867 0 0
0 0 553 2.99217 -6.60308 -2.22933 -2.13203 0 0
0 0 554 -1.64347 2.47161 -4.35038 3.75959 0 0
0 0 555 3.68242 3.46887 -4.34317 -4.30723 0 0
0 0 556 -0.60888 -8.63987 -1.80267 -4.06646 0 0
0 0 557 2.79606 -0.765025 -2.49841 3.15691 0 0
0 0 558 3.28439 -4.83866 -1.49327 -2.56946 0 0
0 0 559 5.36238 9.3447 -6.01997 -1.88302 0 0
0 0 560 -5.21714 3.06727 3.07556 -7.34575 0 0
0 0 561 1.14257 4.50834 -8.08897 1.3826 0 0
0 0 562 0.210484 0.260492 -5.52723 -13.2675 0 0
0 0 563 13.4688 -2.61014 -4.01887 -2.08749 0 0
0 0 564 -1.26214 7.84783 -0.875354 0.173222 0 0
0 0 565 0.610486 -3.2675 5.13093 -6.70837 0 0
0 0 566 -1.50304 -6.19696 -10.483 -3.01864 0 0
0 0 567 5.32949 -2.10207 -3.98316 8.77233 0 0
0 0 568 13.1426 -0.455371 1.65771 0.878219 0 0
0 0 569 -6.46638 -0.372 4.83878 1.00368 0 0
0 0 570 4.07316 0.0503366 -2.27742 -6.92493 0 0
0 0 571 -4.96624 -8.53238 3.56425 5.16383 0 0
0 0 572 -8.04474 -0.872208 2.56283 -0.402752 0 0
0 0 573 4.87634 1.77011 11.9088 6.62076 0 0
0 0 574 5.63365 -4.99457 6.64206 8.84185 0 0
0 0 575 11.3887 -9.72858 -6.73639 -2.06864 0 0
0 0 576 8.22362 -6.64628 -8.09466 4.0187 0 0
0 0 577 -2.20092 3.56136 3.12633 8.15299 0 0
0 0 578 -6.86891 10.2928 11.6445 -3.43836 0 0
0 0 579 5.32142 -9.13473 4.03869 -0.659293 0 0
0 0 580 -2.13315 2.6212 9.8282 1.35053 0 0
0 0 581 7.6212 -5.07867 -0.955279 4.15205 0 0
0 0 582 5.73626 -2.74544 3.37905 1.98624 0 0
0 0 583 2.93354 3.06941 -6.37025 2.55493 0 0
0 0 584 0.876689 -6.29323 -6.18816 -2.04909 0 0
0 0 585 2.68693 3.23314 3.66509 -8.95309 0 0
0 0 586 -11.491 3.46092 -0.318178 2.71332 0 0
0 0 587 7.07893 -0.729465 -8.69374 10.4707 0 0
0 0 588 1.77824 2.10912 -5.82797 -7.42932 0 0
0 0 589 -5.83445 -0.973111 2.9587 5.08466 0 0
0 0 590 8.43062 2.98645 -3.11555 6.38871 0 0
0 0 591 -3.5237 -1.60073 -3.01814 0.672684 0 0
0 0 592 -4.6178 -1.88694 0.571249 5.09554 0 0
0 0 593 -7.12671 -13.1258 1.3474 -4.54394 0 0
0 0 594 8.15938 11.572 1.01905 5.64297 0 0
0 0 595 -6.9067 12.1281 2.02375 1.38485 0 0
0 0 596 5.12776 -7.54518 3.19609 -1.06828 0 0
0 0 597 -3.32721 12.4389 -4.28253 -2.51153 0 0
0 0 598 -3.75759 0.923727 2.682 3.61533 0 0
0 0 599 -4.51209 -1.27956 5.71323 8.56628 0 0
0 0 600 -8.12829 -11.3332 -2.93826 9.97173 0 0
0 0 601 5.02124 -2.84062 -1.41101 -1.65366 0 0
0 0 602 -5.17 -2.57435 4.7696 -6.99618 0 0
0 0 603 0.914319 2.84624 -5.22088 -1.77548 0 0
0 0 604 -3.80014 6.78305 -3.29156 -6.09815 0 0
0 0 605 5.37254 4.68564 -3.41159 0.491326 0 0
0 0 606 0.7712 -1.52792 0.779038 7.14448 0 0
0 0 607 2.1098 0.665242 1.79676 -2.31121 0 0
0 0 608 -1.73745 5.09647 3.13986 0.230322 0 0
0 0 609 -4.29773 1.92828 6.81738 4.39723 0 0
0 0 610 -7.52815 4.35929 -3.51162 3.48939 0 0
0 0 611 2.93893 2.51041 -4.32669 -3.96275 0 0
0 0 612 11.3625 -3.52339 -2.53363 9.43615 0 0
0 0 613 4.39645 -9.55824 -2.10735 -0.23532 0 0
0 0 614 1.93884 -0.817662 10.8214 -1.35849 0 0
0 0 615 -3.13702 3.63855 1.22343 5.44654 0 0
0 0 616 -0.213925 4.86974 5.36252 -4.71932 0 0
0 0 617 -10.6759 -1.42087 7.94155 1.14322 0 0
0 0 618 11.6717 1.36435 3.8501 -1.66405 0 0
0 0 619 1.2541 -1.65553 3.82372 5.64806 0 0
0 0 620 5.61675 6.53811 8.04858 1.65923 0 0
0 0 621 -1.67432 -3.50336 -4.02346 -5.93916 0 0
0 0 622 -8.88772 -5.15936 -2.48314 -2.6512 0 0
0 0 623 -0.268922 6.99819 4.3301 1.85472 0 0
0 0 624 -2.56935 2.93872 10.1483 -2.21779 0 0
0 0 625 -8.061 -1.1257 5.13285 4.34048 0 0
0 0 626 0.739996 10.5288 -8.20103 -6.97721 0 0
0 0 627 5.47373 -1.98836 -7.74267 -0.418872 0 0
0 0 628 -1.46711 -2.48842 -11.0802 2.70969 0 0
0 0 629 19.1302 -4.60987 4.229 10.4081 0 0
0 0 630 5.09219 6.27157 0.728664 -4.44798 0 0
0 0 631 -0.137997 -3.01982 -5.5673 -0.197792 0 0
0 0 632 5.15318 -1.95803 5.65883 -1.30203 0 0
0 0 633 -4.40749 2.43707 -3.74643 1.85943 0 0
0 0 634 3.33052 -4.86584 -4.1925 -4.32464 0 0
0 0 635 -17.5975 5.53382 -1.13522 11.7024 0 0
0 0 636 1.08233 6.94394 5.37497 -4.36123 0 0
0 0 637 2.79847 -11.9606 1.25263 -6.38816 0 0
0 0 638 0.8997 -4.88288 2.16396 7.96224 0 0
0 0 639 7.0637 1.68416 1.5658 -0.475152 0 0
0 0 640 -9.37306 -2.02476 2.28733 -1.02848 0 0
0 0 641 3.94339 -9.81224 -4.57963 -3.96212 0 0
0 0 642 4.80263 -2.93168 -4.14132 -2.83102 0 0
0 0 643 0.537951 4.08779 -3.49157 -1.43135 0 0
0 0 644 -6.5297 -6.15141 2.47682 -2.49451 0 0
0 0 645 -1.80728 -0.734851 2.27889 0.00722599 0 0
0 0 646 -5.11716 -4.43265 0.321154 0.261988 0 0
0 0 647 3.29638 -3.49504 -7.568 1.75052 0 0
0 0 648 -2.28987 -12.3442 4.89533 -4.07468 0 0
0 0 649 2.40974 -12.7566 0.24865 -9.51645 0 0
0 0 650 0.782887 -6.34824 3.22879 -2.1355 0 0
0 0 651 0.125633 1.80466 6.93142 2.75513 0 0
0 0 652 10.3988 10.6581 -3.95634 -4.96111 0 0
0 0 653 3.87192 -2.24079 4.29607 4.48037 0 0
0 0 654 0.60316 6.96551 2.96542 -6.27672 0 0
0 0 655 -7.93816 -2.2331 2.05235 -6.68287 0 0
0 0 656 -4.33741 -5.01153 6.21537 -0.238087 0 0
0 0 657 -8.10444 -4.78983 1.04019 5.91173 0 0
0 0 658 3.28065 3.10471 7.4669 10.2548 0 0
0 0 659 -3.12578 2.30754 -3.95233 -9.60848 0 0
0 0 660 4.52808 4.23913 0.78514 2.05184 0 0
0 0 661 5.12087 6.28742 1.22359 -0.603618 0 0
0 0 662 8.28618 -0.821631 -6.30472 11.0833 0 0
0 0 663 -13.6212 4.13376 -8.00868 -1.98186 0 0
0 0 664 5.97504 -4.42442 2.37095 1.41726 0 0
0 0 665 -6.03026 2.26384 -2.16793 2.82342 0 0
0 0 666 -3.12459 5.92686 -2.44268 0.623934 0 0
0 0 667 -0.565954 3.52218 9.49261 -0.445787 0 0
0 0 668 -4.00896 15.1647 5.89438 -1.01954 0 0
0 0 669 -2.70911 -4.01128 7.28889 8.66876 0 0
0 0 670 -9.43963 -7.09042 -8.00878 -8.41309 0 0
0 0 671 -2.00232 1.89067 -7.10798 3.21938 0 0
0 0 672 4.52216 13.2111 4.19714 -3.6745 0 0
0 0 673 0.39348 -0.759119 15.2734 -7.28666 0 0
0 0 674 -0.475998 -0.803673 1.89209 1.10182 0 0
0 0 675 -4.02498 -6.77284 -1.70899 2.372 0 0
0 0 676 -3.94176 2.38955 -11.9018 -4.93894 0 0
0 0 677 6.30015 -1.11087 -4.87067 5.9074 0 0
0 0 678 -3.37802 -5.89051 -3.07097 4.53037 0 0
0 0 679 4.62435 -5.89624 -7.43764 -7.3647 0 0
0 0 680 0.0494335 7.33559 4.97712 9.899 0 0
0 0 681 -3.53676 6.2453 0.693036 -10.8265 0 0
0 0 682 0.359771 -4.14722 4.82682 3.74097 0 0
0 0 683 1.5291 -1.07748 -5.45439 -0.142262 0 0
0 0 684 -2.4449 3.08887 -1.85261 -6.69715 0 0
0 0 685 -7.0932 -8.56103 2.25285 11.9894 0 0
0 0 686 2.6931 0.863267 1.07095 -6.0315 0 0
0 0 687 -4.42227 -4.28301 -3.43986 2.50559 0 0
0 0 688 -3.23649 -8.03537 7.69686 -3.14527 0 0
0 0 689 6.90351 1.65228 -2.46373 -3.12194 0 0
0 0 690 -8.4478 -2.74246 4.2177 -3.39297 0 0
0 0 691 2.85691 -5.72018 -3.30184 -0.85944 0 0
0 0 692 -4.89559 7.54869 -0.127675 -3.19337 0 0
0 0 693 -3.0303 -3.12222 3.2518 2.18169 0 0
0 0 694 9.90402 -0.427618 -4.69749 2.85334 0 0
0 0 695 -5.19986 -3.5636 1.93005 0.804999 0 0
0 0 696 -0.285096 -4.00061 -7.93088 0.176057 0 0
0 0 697 -5.86465 -5.26497 1.34552 3.87462 0 0
0 0 698 5.76966 -3.33256 3.26856 5.54088 0 0
0 0 699 2.18162 -2.40115 -3.275 6.19362 0 0
0 0 700 1.5641 1.62962 2.84095 -6.37889 0 0
0 0 701 -4.4428 6.22023 -6.41944 -5.78626 0 0
0 0 702 1.11702 5.69153 -5.28073 4.30399 0 0
0 0 703 -1.72325 -0.795767 11.4232 -5.56007 0 0
0 0 704 -4.92335 0.756665 5.75233 9.1534 0 0
0 0 705 10.9012 -7.03663 9.26643 4.09782 0 0
0 0 706 14.5534 1.69282 -8.05436 0.899839 0 0
0 0 707 -0.427404 2.03774 0.070574 -2.20861 0 0
0 0 708 -5.32012 -8.54695 -7.03561 -1.89785 0 0
0 0 709 9.0284 5.16459 -4.54344 -4.67851 0 0
0 0 710 7.06983 2.39998 3.84086 3.66232 0 0
0 0 711 6.8878 -6.04735 1.21255 2.19649 0 0
0 0 712 9.75468 0.122238 -12.0727 9.40186 0 0
0 0 713 -7.57131 -8.49522 -6.03097 -5.24716 0 0
0 0 714 9.37135 1.0201 0.356239 -2.53019 0 0
0 0 715 -1.80405 6.79122 -6.42355 -1.07764 0 0
0 0 716 -0.173516 0.166438 -2.3631 1.17379 0 0
0 0 717 -4.93048 -9.81605 0.661912 -4.98538 0 0
0 0 718 2.53399 -1.06114 6.04228 -6.24872 0 0
0 0 719 7.52395 0.483783 -10.0388 2.48125 0 0
0 0 720 -4.08267 -9.16117 -5.15475 -2.47581 0 0
0 0 721 -2.38936 4.92708 -4.92199 -0.669911 0 0
0 0 722 1.93061 -12.6406 2.59421 7.33091 0 0
0 0 723 -6.80836 0.109526 -1.79339 -0.371953 0 0
0 0 724 2.02464 3.09082 2.37003 10.2436 0 0
0 0 725 -2.21787 -2.86715 -7.07212 -1.3127 0 0
0 0 726 3.49006 -3.90612 -0.563531 -6.05119 0 0
0 0 727 -2.74105 6.05878 -0.681089 2.10545 0 0
0 0 728 -4.13933 3.41129 16.9187 2.82617 0 0
0 0 729 2.37835 -0.634532 4.80099 -3.31982 0 0
0 0 730 -2.0445 -6.82584 5.81889 2.524 0 0
0 0 731 4.46367 3.78531 -3.55193 0.640467 0 0
0 0 732 1.40134 -7.87646 -0.355714 -7.41252 0 0
0 0 733 -0.173103 -3.66408 -3.48207 -8.83422 0 0
0 0 734 5.65164 8.76673 1.07318 -5.42777 0 0
0 0 735 4.30281 -0.604442 -8.55927 13.3816 0 0
0 0 736 6.12643 7.87306 -4.23929 4.39484 0 0
0 0 737 1.95456 6.08227 3.55578 -3.44681 0 0
0 0 738 -3.00753 7.46918 -2.93242 -2.19318 0 0
0 0 739 1.14231 -8.86494 3.65768 6.11466 0 0
0 0 740 0.772242 2.60954 -3.31123 6.91386 0 0
0 0 741 -0.920775 -4.48935 -5.04359 5.82343 0 0
0 0 742 0.326268 -3.33705 0.537639 3.55012 0 0
0 0 743 -2.68121 -1.87177 0.73647 2.63003 0 0
0 0 744 -0.713787 3.52647 1.06922 3.67469 0 0
0 0 745 5.6356 -5.59261 -7.04553 1.22228 0 0
0 0 746 7.57982 -1.78661 2.21129 -1.44668 0 0
0 0 747 5.28564 -4.61946 -3.79534 7.5334 0 0
0 0 748 -0.135895 0.944311 0.253987 -5.02431 0 0
0 0 749 2.46414 -7.74185 -4.62421 -1.8334 0 0
0 0 750 7.39634 -3.14804 -2.21266 4.55286 0 0
0 0 751 -2.6201 -4.01379 6.29255 -0.0746163 0 0
0 0 752 -1.32987 4.76901 3.19906 1.06443 0 0
0 0 753 -8.51426 -3.70272 0.588507 -1.48656 0 0
0 0 754 0.4342 -1.89919 -5.24232 8.11007 0 0
0 0 755 1.06735 1.40877 -3.91249 6.53533 0 0
0 0 756 -0.0463273 -1.70101 1.38413 2.97229 0 0
0 0 757 -4.71313 4.67756 -4.2752 -1.21303 0 0
0 0 758 15.2555 -4.15908 -3.79387 3.42036 0 0
0 0 759 8.49314 -3.81802 -5.31585 1.70522 0 0
0 0 760 3.9868 -3.52818 -3.87628 1.53784 0 0
0 0 761 0.938683 -8.96839 0.724201 4.13172 0 0
0 0 762 5.54395 -4.65676 1.48509 5.93324 0 0
0 0 763 -2.19048 -0.121789 6.05657 1.96373 0 0
0 0 764 3.08669 -13.6758 2.52073 1.67949 0 0
0 0 765 -0.0509119 -2.69607 1.96245 -7.91749 0 0
0 0 766 19.8265 5.01618 1.7023 -2.76662 0 0
0 0 767 -0.017495 -0.532459 -4.31052 1.04797 0 0
0 0 768 0.531271 8.02336 -2.12557 4.17524 0 0
0 0 769 1.99262 1.93589 -2.88464 -2.36525 0 0
0 0 770 4.78462 -2.67095 -3.52455 -1.53108 0 0
0 0 771 2.22967 -2.25665 3.10449 5.95863 0 0
0 0 772 7.6531 -0.426166 -5.4925 5.42086 0 0
0 0 773 0.892 11.3741 -2.20444 9.30428 0 0
0 0 774 2.10989 -3.60583 1.58301 1.94306 0 0
0 0 775 3.10017 8.89712 -2.36598 1.95031 0 0
0 0 776 4.82705 6.82514 -0.360453 7.15935 0 0
0 0 777 -3.96201 2.14912 4.69431 0.0401534 0 0
0 0 778 -12.6562 -1.63398 -6.1052 2.05573 0 0
0 0 779 7.643 -8.85883 -9.69694 -1.45141 0 0
0 0 780 -6.53942 -0.458035 6.71457 4.0747 0 0
0 0 781 1.51407 -2.13705 1.23603 3.17361 0 0
0 0 782 -9.88589 -0.357203 2.15951 1.22102 0 0
0 0 783 -2.69214 1.59813 0.333076 3.64217 0 0
0 0 784 2.62085 2.44792 4.58814 4.87193 0 0
0 0 785 6.08466 -0.24022 -1.50884 10.9179 0 0
0 0 786 -4.70275 0.0457618 -3.10085 -3.18193 0 0
0 0 787 7.88205 3.04283 8.60234 8.24345 0 0
0 0 788 1.22342 1.32282 2.48397 2.14924 0 0
0 0 789 2.92005 4.66881 -0.789587 -2.89675 0 0
0 0 790 -5.77591 -8.01667 -1.84402 -5.77096 0 0
0 0 791 -1.30991 -6.08365 -2.58894 -6.62859 0 0
0 0 792 2.28595 -0.372808 3.53127 -1.1509 0 0
0 0 793 -3.36131 5.56974 -12.3956 -6.02556 0 0
0 0 794 10.2843 3.50043 7.0378 0.818922 0 0
0 0 795 10.3413 3.73444 0.830382 7.27555 0 0
0 0 796 3.0374 1.20859 8.93567 -4.46984 0 0
0 0 797 7.57147 1.00881 -13.2191 -2.78647 0 0
0 0 798 2.47261 -1.75109 1.83854 -2.97774 0 0
0 0 799 -2.71196 -1.93584 -5.78299 -2.13417 0 0
0 0 800 -3.2087 0.706405 7.28242 -10.1819 0 0
0 0 801 2.47785 -7.80087 4.86903 -0.425081 0 0
0 0 802 0.900501 -2.25595 -9.3629 -2.01153 0 0
0 0 803 -3.96934 -4.53815 -8.65136 9.48624 0 0
0 0 804 6.0782 1.26968 -1.566 6.92943 0 0
0 0 805 -0.564032 -6.17548 -1.11264 -2.07931 0 0
0 0 806 -10.6172 -0.802608 -3.39625 3.6262 0 0
0 0 807 -9.02013 -1.94847 6.90405 -6.15799 0 0
0 0 808 -7.53856 4.16777 -0.913743 2.47981 0 0
0 0 809 3.4933 1.3115 6.90588 2.45124 0 0
0 0 810 0.946644 0.0347238 -7.51278 -0.248264 0 0
0 0 811 1.97095 1.47917 0.0489477 -2.15015 0 0
0 0 812 1.97226 -1.8278 -5.60494 -4.0646 0 0
0 0 813 -9.50298 -2.85145 -8.20134 -2.18693 0 0
0 0 814 3.2087 -7.27898 -8.28766 1.45831 0 0
0 0 815 5.99416 -5.61766 1.52165 2.93185 0 0
0 0 816 0.224029 8.292 0.243134 2.89378 0 0
0 0 817 -0.502354 -4.75013 3.52055 -5.59684 0 0
0 0 818 -3.83481 -2.945 -4.32665 -2.75582 0 0
0 0 819 4.41503 -3.48389 -0.0551147 4.47552 0 0
0 0 820 -2.09076 -3.89076 0.715989 -2.23327 0 0
0 0 821 4.24534 -7.97177 -1.57583 5.10524 0 0
0 0 822 1.29739 -1.97388 -10.8141 5.92267 0 0
0 0 823 1.78268 -1.4297 -12.3697 -2.7426 0 0
0 0 824 8.91915 -6.11681 5.27893 1.19211 0 0
0 0 825 -9.68204 5.90154 2.38169 15.2127 0 0
0 0 826 9.87062 3.65977 -6.92352 4.82173 0 0
0 0 827 -4.99217 -1.03402 1.3929 -3.0743 0 0
0 0 828 -0.633401 0.772281 1.01322 1.40107 0 0
0 0 829 -10.5434 -5.01805 5.62494 9.81219 0 0
0 0 830 4.5768 -6.36803 7.62312 9.76659 0 0
0 0 831 -11.0685 -0.67927 1.17338 2.93682 0 0
0 0 832 3.05048 1.2527 2.21757 2.31203 0 0
0 0 833 -5.58073 -3.80646 -10.3554 3.17747 0 0
0 0 834 19.8373 -0.57828 -4.6878 -4.58997 0 0
0 0 835 -2.65059 -9.74422 -4.51925 13.642 0 0
0 0 836 -17.2091 -3.79833 -3.96159 0.376343 0 0
0 0 837 8.06199 6.24973 0.90858 6.96972 0 0
0 0 838 -2.19132 4.0258 -7.80587 -1.2164 0 0
0 0 839 -1.16183 3.16369 -4.45282 -0.164563 0 0
0 0 840 -4.73156 2.8675 1.91656 4.82929 0 0
0 0 841 0.556107 -1.23218 -2.04231 5.59915 0 0
0 0 842 1.17263 11.2951 0.723986 -7.8132 0 0
0 0 843 4.92006 1.5418 -5.08978 -5.19134 0 0
0 0 844 -1.60719 -1.28026 -7.7165 4.34888 0 0
0 0 845 -4.70716 1.80421 -13.0765 -2.33045 0 0
0 0 846 0.273071 -12.4808 -9.99142 -1.93529 0 0
0 0 847 7.84251 7.6392 3.53123 2.15497 0 0
0 0 848 3.2322 -3.53691 1.83937 8.2945 0 0
0 0 849 -3.20354 0.511595 1.40328 -7.02739 0 0
0 0 850 1.16142 6.94841 -9.88166 -2.8565 0 0
0 0 851 0.0764608 0.793434 -10.1737 1.09202 0 0
0 0 852 -0.673757 0.888389 2.19143 1.42302 0 0
0 0 853 -5.81087 7.28321 4.73945 3.5517 0 0
0 0 854 9.37851 -6.98881 -3.34178 -2.93664 0 0
0 0 855 0.971502 -6.08283 -4.99358 -6.16413 0 0
0 0 856 2.79285 -5.08659 -0.298172 -4.8557 0 0
0 0 857 6.65124 5.25008 -5.36817 -0.48012 0 0
0 0 858 7.20491 4.38985 5.66613 11.9892 0 0
0 0 859 15.6934 10.0679 -0.94311 3.80885 0 0
0 0 860 4.96626 11.6642 -4.85152 -6.63849 0 0
0 0 861 -2.69399 3.99304 -12.7389 2.43502 0 0
0 0 862 1.94693 0.314763 -10.5252 5.66275 0 0
0 0 863 2.2735 3.16612 -6.19677 -1.78377 0 0
0 0 864 1.15431 9.52279 -5.87641 4.29542 0 0
0 0 865 5.15781 9.79214 7.25959 4.644 0 0
0 0 866 9.15639 -0.941517 -2.7082 0.0274951 0 0
0 0 867 8.02635 1.25545 2.67586 -6.03051 0 0
0 0 868 -1.97352 -0.90463 -0.0544054 5.65364 0 0
0 0 869 11.4206 3.96965 -2.27353 7.63614 0 0
0 0 870 10.4701 -1.43293 -13.3477 9.14424 0 0
0 0 871 0.481842 9.03793 -11.2875 1.05602 0 0
0 0 872 1.32583 5.11232 -2.35005 -2.263 0 0
0 0 873 -1.34885 6.82721 -12.8583 4.99367 0 0
0 0 874 -0.675649 8.15337 0.46854 5.5759 0 0
0 0 875 16.331 -0.820573 -12.7936 2.13917 0 0
0 0 876 1.09252 6.26061 -7.26829 4.02074 0 0
0 0 877 7.35336 -7.76162 -8.76853 -1.08248 0 0
0 0 878 3.91714 -5.70615 -7.71552 -2.23926 0 0
0 0 879 -1.77478 1.06665 7.30659 6.42051 0 0
0 0 880 0.951735 -4.00306 -5.32583 -3.33191 0 0
0 0 881 1.49832 -3.05941 -7.00798 -2.23209 0 0
0 0 882 3.07674 3.54709 -11.1063 0.704065 0 0
0 0 883 13.4702 8.69848 3.63688 -5.72246 0 0
0 0 884 -2.09119 -5.48952 -10.3593 3.83551 0 0
0 0 885 -6.54239 12.0011 -15.827 3.50889 -26.4141 7.84838
0 0 886 2.20149 -14.9811 1.18425 6.25804 0 0
0 0 887 1.21771 1.20887 -8.15098 -8.98434 0 0
0 0 888 -2.6666 -9.58342 -3.41844 7.63476 0 0
0 0 889 -3.97883 4.86446 -1.9078 -0.966614 0 0
0 0 890 4.23702 -1.66456 -1.22558 0.765509 0 0
0 0 891 3.80288 4.88096 -5.41386 -7.28296 0 0
0 0 892 12.2219 -4.68842 -3.18963 7.73684 0 0
0 0 893 -0.0500057 2.44253 -2.31171 3.29251 0 0
0 0 894 4.31589 0.144693 -7.69604 -11.453 0 0
0 0 895 7.35538 2.34272 -7.11411 -2.22974 0 0
0 0 896 5.60444 -1.46818 2.54785 -3.35486 0 0
0 0 897 3.6719 2.84135 0.218983 1.89387 0 0
0 0 898 -4.17162 2.52382 -1.69617 -1.27672 0 0
0 0 899 1.01245 -4.40048 -9.70316 1.91422 0 0
0 0 900 12.0634 6.46936 -9.64182 0.291931 0 0
0 0 901 15.9276 2.54339 -11.9233 0.77531 0 0
0 0 902 17.4459 1.27679 1.84985 2.64948 0 0
0 0 903 12.5462 2.06535 -2.24654 1.70234 0 0
0 0 904 12.7048 1.57335 -14.4197 1.52417 0 0
0 0 905 13.6412 3.62116 -12.5833 4.68997 0 0
0 0 906 11.6733 3.03195 -2.04272 5.91279 0 0
0 0 907 11.8372 -2.4417 -14.4193 0.410599 0 0
0 0 908 10.2815 4.28159 -9.27651 -4.12438 0 0
0 0 909 13.1541 8.98646 -9.49049 -3.69516 0 0
0 0 910 20.3479 0.566608 -13.5412 6.41032 0 0
0 0 911 19.8694 -1.6605 -13.647 10.6882 0 0
0 0 912 21.6593 -7.04877 -23.9059 -4.70483 -53.2142 6.3908
0 0 913 18.8289 -3.28191 -14.4411 1.9266 0 0
0 0 914 10.2381 -2.00048 -13.358 -6.50568 0 0
0 0 915 12.0407 5.9478 -19.6922 0.554991 -36.5968 7.74097
0 0 916 19.6354 -0.984931 -17.0451 3.84372 0 0
0 0 917 13.516 8.95826 -11.3308 6.67933 0 0
0 0 918 18.4153 4.20814 -16.8238 -12.5047 0 0
0 0 919 27.053 3.24835 -21.7425 0.641528 -40.7514 7.27643
0 0 920 21.6979 4.6288 -16.0488 -0.223061 0 0
0 0 921 24.752 1.47823 -16.6933 -6.84473 0 0
0 0 922 25.8028 -8.07879 -20.4098 -8.85442 -55.7975 7.22652
0 0 923 27.3269 3.76411 -17.597 -2.93993 -38.963 8.87498
0 0 924 35.2059 -1.75025 -18.5344 -7.95617 -47.6973 8.60059
0 0 925 26.4788 -5.31681 -23.2962 9.02339 -51.4281 6.6808
0 0 926 28.4029 -7.72115 -26.4774 -5.6091 -53.1287 5.77585
0 0 927 38.5686 6.14896 -14.5399 1.39792 0 0
0 0 928 41.6269 9.30621 -6.82717 -5.64028 0 0
0 0 929 39.9758 6.97909 -17.5329 1.86759 -34.1473 8.40506
0 0 930 43.4325 6.33947 -7.16072 6.60258 0 0
0 0 931 44.9093 0.6395 -20.303 -5.12165 -44.098 7.88694
0 0 932 40.942 -1.94793 -8.36566 -4.03312 0 0
0 0 933 43.5268 2.36058 -15.5618 -4.05749 0 0
0 0 934 55.6865 5.23285 -16.675 1.92646 0 0
0 0 935 52.598 0.233868 -7.88715 5.00874 0 0
0 0 936 52.8199 5.62036 -0.0146572 -3.42869 0 0
0 0 937 59.7042 2.03447 -5.62094 2.32886 0 0
0 0 938 64.2544 1.11278 10.8302 2.66995 0 0
0 0 939 59.9412 2.96566 0.250146 -0.228824 0 0
0 0 940 74.5082 -2.35985 22.7733 1.35704 47.958 6.99249
0 0 941 69.8921 -3.65237 12.8622 5.43076 0 0
0 0 942 74.9997 5.37783 20.6384 2.69375 37.6975 7.47736
0 0 943 91.3065 7.08561 28.5947 -3.36493 38.0414 5.4156
0 0 944 93.3494 4.5755 32.0946 0.299088 40.9432 4.93492
0 0 945 99.5734 5.08474 33.9896 14.6343 40.7459 4.65444
0 0 946 103.2 1.13831 36.7911 -1.89361 44.1139 4.35244
0 0 947 104.453 7.96461 36.696 6.15966 38.8771 4.25274
0 0 948 95.6391 3.25912 37.9152 3.88453 42.5435 4.20795
0 0 949 106.878 2.56837 43.6575 7.61483 43.3166 3.66266
0 0 950 100.807 7.49944 39.8584 8.14847 39.6721 3.94052
0 0 951 86.7054 -6.6297 37.4262 5.43833 50.0226 4.20594
0 0 952 95.3111 6.44809 37.8206 -0.978174 40.1623 4.16741
0 0 953 89.5057 -1.36753 27.1218 10.4349 46.4433 5.89881
0 0 954 93.9759 10.5496 26.7755 9.66762 34.2477 5.51235
0 0 955 79.776 11.8898 29.4332 -4.7159 34.0017 4.99525
0 0 956 72.3785 5.4311 15.9772 -4.00158 0 0
0 0 957 83.0789 3.20528 10.4884 6.92491 0 0
0 0 958 60.9315 6.22626 11.952 -4.65192 0 0
0 0 959 69.726 -8.78233 17.0035 0.351763 58.6582 8.2422
0 0 960 62.1961 0.0337677 5.16015 5.7704 0 0
0 0 961 61.2647 -0.773134 -2.72367 1.54748 0 0
0 0 962 47.3801 -3.3557 13.2811 -0.563488 0 0
0 0 963 53.3255 -0.776371 -2.33646 0.141472 0 0
0 0 964 44.3092 -5.09605 -5.47708 5.2194 0 0
0 0 965 47.5185 2.36168 -1.82193 3.94287 0 0
0 0 966 45.8453 -6.78759 -1.65345 -1.91055 0 0
0 0 967 38.8712 0.204128 2.15154 -4.43104 0 0
0 0 968 37.3629 1.44879 -3.83517 8.47532 0 0
0 0 969 36.9604 -7.09972 -12.2743 -3.26216 0 0
0 0 970 44.8402 -8.71664 -6.56578 -13.6949 0 0
0 0 971 41.582 -2.99744 -2.87257 -5.68697 0 0
0 0 972 38.4888 -0.123808 -10.521 -3.65006 0 0
0 0 973 40.9486 4.3902 -1.23166 -4.66794 0 0
0 0 974 36.6825 -0.783161 -4.06758 1.68387 0 0
0 0 975 32.644 1.88239 -14.0752 0.150905 0 0
0 0 976 38.2556 -10.0291 1.67243 -11.831 0 0
0 0 977 34.4222 -3.06501 -12.5959 -3.82438 0 0
0 0 978 20.3581 -2.97204 1.05682 -7.52199 0 0
0 0 979 34.5657 -3.45222 5.20926 -4.48853 0 0
0 0 980 30.4398 -2.84039 -4.84152 -9.0308 0 0
0 0 981 32.1225 2.79138 6.75079 0.322427 0 0
0 0 982 23.8977 -8.57331 -6.84157 -7.22933 0 0
0 0 983 36.4725 -19.7005 -0.304498 -8.96171 -89.5572 7.51463
0 0 984 32.7174 -5.09802 -8.41805 -11.5389 0 0
0 0 985 20.2749 -14.3208 -7.76922 -3.75948 0 0
0 0 986 32.9974 -7.14121 -15.3311 -5.37469 0 0
0 0 987 36.2012 1.81219 -4.10778 -4.60654 0 0
0 0 988 29.0596 4.32512 -7.11911 -2.85957 0 0
0 0 989 30.7962 -5.30928 3.76239 -2.57248 0 0
0 0 990 14.6729 -9.91989 -5.34155 4.52213 0 0
0 0 991 19.6457 -8.96111 -13.737 5.59658 0 0
0 0 992 18.1461 -12.3199 -14.0699 1.21643 -65.603 8.29126
0 0 993 33.3818 -4.43834 -5.29275 -6.94573 0 0
0 0 994 18.348 0.899756 -9.73193 -15.9374 0 0
0 0 995 16.2362 1.31861 0.694569 0.962649 0 0
0 0 996 21.6773 -4.4145 -1.14819 -6.80698 0 0
0 0 997 23.6264 -7.5663 6.39356 2.3168 0 0
0 0 998 18.5085 -5.73188 -7.10071 13.4174 0 0
0 0 999 25.6064 -12.9325 -1.55114 1.58274 0 0
0 0 1000 15.0762 -7.0839 -1.67075 6.9263 0 0
0 0 1001 7.91752 -0.947335 -6.17593 -1.85154 0 0
0 0 1002 10.8832 -5.6941 -10.8742 -1.74051 0 0
0 0 1003 23.2542 -5.91184 -9.24594 5.52246 0 0
0 0 1004 14.1673 -3.06856 -4.47904 -1.0426 0 0
0 0 1005 15.5205 4.60543 -0.541098 -3.23387 0 0
0 0 1006 16.3141 -6.44204 -2.98534 -3.89059 0 0
0 0 1007 11.1774 -7.87221 5.52537 6.25199 0 0
0 0 1008 12.0451 1.17321 -3.24952 -1.04127 0 0
0 0 1009 3.12661 -3.71681 -3.69043 3.95516 0 0
0 0 1010 0.374639 -5.66378 -8.87994 -1.63444 0 0
0 0 1011 6.14239 -7.36224 -8.2747 -9.88716 0 0
0 0 1012 14.256 -2.47636 -6.23051 10.3312 0 0
0 0 1013 10.8685 -3.75586 -10.734 0.120863 0 0
0 0 1014 0.94742 -2.79701 -14.0427 4.43516 0 0
0 0 1015 15.0267 -13.9805 2.29183 -2.38419 0 0
0 0 1016 -1.43965 -3.75162 -0.0595834 1.74461 0 0
0 0 1017 1.97161 -7.53656 -0.00783198 -2.3708 0 0
0 0 1018 4.03809 3.11377 6.14824 1.65803 0 0
0 0 1019 1.47478 -7.43727 -5.02823 3.6836 0 0
0 0 1020 1.64198 -5.80981 2.28547 -4.20187 0 0
0 0 1021 -2.42832 -4.28177 3.92228 -3.64929 0 0
0 0 1022 4.56244 1.77585 -4.28611 8.04932 0 0
0 0 1023 16.8442 1.67985 -6.77583 4.58992 0 0
