# File: uwl_200902_081727_b4.rf.sbC2.RMC_aux Src: J1713+0747 Nsub: 1 Nch: 1 Npol: 4 Nbin: 1024 RMS: 3.03921
0 0 0 -2.3203 -3.42639 1.98134 -3.04724 0 0
0 0 1 -0.766499 -1.6116 -1.09336 3.24456 0 0
0 0 2 0.276709 6.80703 1.2128 -4.51363 0 0
0 0 3 5.88205 -1.48563 -1.31369 -0.265865 0 0
0 0 4 -4.98128 6.97727 -5.21767 2.28496 0 0
0 0 5 -1.04832 -2.13036 2.27652 -5.18278 0 0
0 0 6 -1.69086 3.60895 -3.73891 6.15381 0 0
0 0 7 -1.45721 0.903821 1.5476 -5.08355 0 0
0 0 8 2.96902 -1.9806 3.16518 0.0825368 0 0
0 0 9 -2.65968 1.48122 1.32027 -2.72034 0 0
0 0 10 1.09867 -2.9563 0.32203 -3.21649 0 0
0 0 11 0.0104924 1.29052 3.74933 -1.03232 0 0
0 0 12 -0.679244 -2.97386 0.549406 0.180413 0 0
0 0 13 5.81325 1.7057 -4.56666 7.06472 0 0
0 0 14 -2.37649 -3.68799 0.0146306 -1.50835 0 0
0 0 15 -3.99251 4.49923 -1.24353 1.47436 0 0
0 0 16 0.479565 0.374327 0.728915 -1.36236 0 0
0 0 17 4.61286 -0.0706477 2.91257 1.47483 0 0
0 0 18 -3.32298 -2.59356 -1.90742 0.937006 0 0
0 0 19 -0.287711 -0.24696 -3.59962 -3.00437 0 0
0 0 20 -1.49392 0.544478 -0.475429 -3.46554 0 0
0 0 21 5.76398 -1.37857 2.64301 4.05793 0 0
0 0 22 -0.669451 -1.75306 -1.24793 3.84377 0 0
0 0 23 3.82237 1.79879 3.0326 0.0661633 0 0
0 0 24 -2.01663 -2.92683 -3.2796 1.84938 0 0
0 0 25 -5.56638 -2.27669 3.48884 2.5049 0 0
0 0 26 -3.1999 -5.01633 -2.56466 4.55798 0 0
0 0 27 -1.10666 4.95427 -2.83153 2.01864 0 0
0 0 28 1.70473 2.97217 -1.4726 -5.64068 0 0
0 0 29 -1.96168 6.94427 2.74329 0.425376 0 0
0 0 30 -0.44404 1.83139 -1.575 4.91335 0 0
0 0 31 1.63834 -2.88657 -0.862076 -5.17176 0 0
0 0 32 3.44527 -3.33996 -3.96859 1.70074 0 0
0 0 33 -5.02337 2.56689 -0.295901 -1.00844 0 0
0 0 34 -1.23582 4.31067 -2.01187 -0.35421 0 0
0 0 35 -4.44924 7.5426 -2.52726 0.151462 0 0
0 0 36 1.33274 -2.46571 -0.231364 -4.68384 0 0
0 0 37 -3.92071 -2.23472 4.94815 1.65002 0 0
0 0 38 -0.0695934 1.85503 -5.08302 0.612595 0 0
0 0 39 2.87608 -2.42619 1.7349 -1.48071 0 0
0 0 40 -1.81433 -4.16206 2.97818 1.69915 0 0
0 0 41 -0.690382 0.0944007 0.236029 0.72294 0 0
0 0 42 0.280323 -2.36772 4.51556 2.03465 0 0
0 0 43 4.61843 -1.69505 0.342293 0.55261 0 0
0 0 44 5.03381 2.6785 4.1032 2.55259 0 0
0 0 45 -2.21452 -3.3809 0.400506 -2.25875 0 0
0 0 46 0.314357 -0.0317776 1.45832 -1.02912 0 0
0 0 47 -1.38073 -0.495283 2.58709 3.08433 0 0
0 0 48 3.89028 0.912028 0.999418 6.43156 0 0
0 0 49 2.50786 6.47795 4.10608 3.28728 0 0
0 0 50 4.31647 -0.582874 1.37942 -2.47051 0 0
0 0 51 -1.61207 3.85363 2.10019 2.94696 0 0
0 0 52 0.637555 0.621412 -0.558462 -2.95107 0 0
0 0 53 -1.57983 0.804299 2.76556 1.67499 0 0
0 0 54 5.70676 2.9977 -3.13826 -1.41865 0 0
0 0 55 -3.62565 -3.55463 -3.37124 -1.96278 0 0
0 0 56 -1.76055 2.48129 5.33381 -2.0514 0 0
0 0 57 2.41607 -1.69601 2.79015 -0.72236 0 0
0 0 58 -0.323301 3.91551 -2.14585 -4.10919 0 0
0 0 59 -1.2744 -0.688935 5.20918 2.81399 0 0
0 0 60 3.86278 -1.17824 -2.48528 2.07556 0 0
0 0 61 3.23651 1.40131 0.36472 2.07724 0 0
0 0 62 1.95704 0.419584 -4.72653 -0.998281 0 0
0 0 63 4.98049 0.674601 1.87947 -1.77845 0 0
0 0 64 -1.64807 5.98475 3.01226 -0.554237 0 0
0 0 65 4.82149 3.53844 2.93856 0.989407 0 0
0 0 66 -0.888039 -5.68861 -1.30711 2.63439 0 0
0 0 67 0.131021 7.75564 0.325497 -1.47524 0 0
0 0 68 -6.01839 -0.281375 1.11759 2.34296 0 0
0 0 69 -0.398324 -3.17567 4.35151 3.58634 0 0
0 0 70 0.270052 -0.555705 7.37284 -1.86768 0 0
0 0 71 5.10888 4.43715 0.389228 -0.745069 0 0
0 0 72 -7.22411 2.63624 0.136923 5.99924 0 0
0 0 73 1.17806 0.788797 0.578088 -3.46087 0 0
0 0 74 4.81265 3.21212 2.60779 -0.614082 0 0
0 0 75 5.67872 2.00304 -2.94407 -1.39573 0 0
0 0 76 3.05979 -1.58115 2.57871 0.893662 0 0
0 0 77 -1.7723 1.32219 1.74074 -1.81508 0 0
0 0 78 2.74688 2.99686 -0.307622 4.9767 0 0
0 0 79 6.3026 -1.44652 5.19387 7.22956 0 0
0 0 80 1.08867 -1.44552 1.69437 -3.41486 0 0
0 0 81 -0.348568 -2.09598 3.27608 3.84029 0 0
0 0 82 -0.0532367 -0.00347635 -2.62849 -2.2501 0 0
0 0 83 4.14024 -2.76855 -5.30139 0.744395 0 0
0 0 84 0.827051 2.35743 -4.63437 2.409 0 0
0 0 85 3.91385 1.88056 -0.805235 1.26092 0 0
0 0 86 4.57746 0.507013 2.33007 1.79308 0 0
0 0 87 1.73118 -0.422703 0.902373 -5.28905 0 0
0 0 88 7.27413 1.75689 1.48342 -0.779617 0 0
0 0 89 2.72161 2.7778 -1.05485 6.16756 0 0
0 0 90 -0.614078 1.85812 2.90007 -0.780363 0 0
0 0 91 2.15629 1.70541 -3.80144 0.305364 0 0
0 0 92 6.42583 -3.42633 2.47219 0.88325 0 0
0 0 93 5.01153 -3.36433 4.49078 -3.7482 0 0
0 0 94 -0.616881 1.55817 2.0784 0.571117 0 0
0 0 95 8.15938 0.390807 -1.08714 3.92604 0 0
0 0 96 3.18911 -3.16882 -2.66749 -2.77365 0 0
0 0 97 3.36687 4.37134 0.142779 -0.00363898 0 0
0 0 98 -2.11484 -2.5945 -4.11983 -2.44118 0 0
0 0 99 0.805666 -4.17879 2.9031 -2.4681 0 0
0 0 100 4.0832 5.98513 -3.32044 -1.5455 0 0
0 0 101 4.34251 0.912741 -0.861744 -1.97097 0 0
0 0 102 -0.398771 -2.62575 -4.59343 1.01081 0 0
0 0 103 -1.2787 0.272352 -2.70525 -2.5825 0 0
0 0 104 5.99563 -7.25613 2.52062 3.41314 0 0
0 0 105 1.78467 -1.03903 -2.14853 -3.71402 0 0
0 0 106 2.06158 0.55582 2.88572 2.80565 0 0
0 0 107 0.84996 1.9848 -3.05154 1.82059 0 0
0 0 108 3.64209 1.20119 -0.126143 -8.30752 0 0
0 0 109 2.25739 -0.575679 0.843881 -2.88823 0 0
0 0 110 -3.69135 1.00528 -3.15722 2.24495 0 0
0 0 111 4.08971 2.75417 -0.840187 -3.16842 0 0
0 0 112 -0.572024 2.07896 1.68893 -4.41726 0 0
0 0 113 1.64725 1.67092 2.92545 0.368197 0 0
0 0 114 6.30707 -3.90313 -3.21412 0.940806 0 0
0 0 115 1.5285 3.40116 2.95062 4.81545 0 0
0 0 116 6.12437 -3.01242 -2.37446 3.98057 0 0
0 0 117 1.31213 1.63289 0.732823 -2.95526 0 0
0 0 118 6.69974 2.59466 3.22082 -0.48885 0 0
0 0 119 5.2541 -1.46737 -0.660263 -7.46092 0 0
0 0 120 -8.2345 1.48224 0.528175 -1.01205 0 0
0 0 121 1.6885 0.30763 3.99724 -1.33192 0 0
0 0 122 2.2117 1.57392 -1.15188 -4.38 0 0
0 0 123 0.390717 -3.21562 3.15285 -2.93014 0 0
0 0 124 -0.219289 -0.318869 3.6192 -0.628284 0 0
0 0 125 0.72733 -1.53433 2.21952 5.51284 0 0
0 0 126 3.22846 0.534188 1.66518 -1.12981 0 0
0 0 127 -0.529346 -2.33615 1.67329 -0.401657 0 0
0 0 128 -1.43363 0.312135 1.45383 -0.602545 0 0
0 0 129 -6.45028 2.99811 -7.01062 -6.10005 0 0
0 0 130 4.86915 2.11479 -2.02738 -0.399204 0 0
0 0 131 0.65939 -1.07546 3.88122 2.90477 0 0
0 0 132 1.61266 -3.31172 -4.32715 -3.32973 0 0
0 0 133 4.42153 1.89643 -2.52707 1.32426 0 0
0 0 134 0.378698 -0.822046 0.222894 -0.123679 0 0
0 0 135 2.06696 0.775268 -1.94564 0.261617 0 0
0 0 136 1.12703 -1.4483 -0.71675 1.1168 0 0
0 0 137 0.843832 1.24291 -1.57427 1.18127 0 0
0 0 138 2.31462 -4.446 -0.0826365 -2.12186 0 0
0 0 139 0.127723 -1.44953 3.13773 -2.42242 0 0
0 0 140 -1.25413 2.78857 -1.78285 1.26659 0 0
0 0 141 -0.212128 7.95394 0.307005 -0.537033 0 0
0 0 142 1.69747 3.99642 2.3976 0.059746 0 0
0 0 143 -1.95138 -1.8165 5.32102 -5.10585 0 0
0 0 144 -2.68395 1.30662 2.17886 5.29704 0 0
0 0 145 -1.00975 -1.30422 -0.0418642 -0.0754421 0 0
0 0 146 -0.827245 -0.450927 -0.366613 -1.39695 0 0
0 0 147 3.48197 1.58333 -0.0708437 -3.00358 0 0
0 0 148 1.56662 0.127515 -7.95236 -1.61984 0 0
0 0 149 -4.96936 6.64418 -1.13878 -6.27294 0 0
0 0 150 0.164768 -0.273612 -6.62506 -3.78755 0 0
0 0 151 -2.04435 -1.40774 4.67978 -2.87558 0 0
0 0 152 -4.37671 -1.7643 0.90239 -2.62892 0 0
0 0 153 2.60218 4.15961 3.06438 6.2959 0 0
0 0 154 -2.66853 1.83406 -0.136797 5.43665 0 0
0 0 155 7.9755 1.08041 3.45276 -0.169354 0 0
0 0 156 -3.71193 -1.87876 2.5366 -1.38178 0 0
0 0 157 3.24605 2.27501 4.32022 -0.273976 0 0
0 0 158 0.968131 -0.111269 2.1363 -5.1612 0 0
0 0 159 -0.579652 2.23026 2.07782 0.130812 0 0
0 0 160 2.44311 1.40003 0.345333 1.17559 0 0
0 0 161 -4.47745 0.905486 1.63773 0.864176 0 0
0 0 162 -2.87465 -1.0704 -3.70966 0.37799 0 0
0 0 163 -1.32283 -4.24179 3.39229 -4.91339 0 0
0 0 164 -0.296168 0.702847 1.31551 3.39759 0 0
0 0 165 -0.136011 -2.56722 -3.65905 0.601703 0 0
0 0 166 -4.12499 -0.982529 5.11747 1.06403 0 0
0 0 167 0.483642 1.10635 2.87969 1.55757 0 0
0 0 168 -1.32254 4.78034 -0.844331 0.668271 0 0
0 0 169 0.328472 0.693666 -5.84127 -1.11492 0 0
0 0 170 -2.19752 -7.12614 -1.45506 -2.35251 0 0
0 0 171 -2.23457 -1.07191 2.81752 -6.25629 0 0
0 0 172 1.96115 -1.13309 0.950411 1.61501 0 0
0 0 173 3.92851 1.98166 -0.2579 4.19334 0 0
0 0 174 0.851474 -0.705422 -9.00868 6.64067 0 0
0 0 175 3.77771 5.77219 -1.82611 2.978 0 0
0 0 176 1.40111 -1.07598 1.24582 1.71979 0 0
0 0 177 0.428889 4.50715 0.0201949 -1.31508 0 0
0 0 178 -1.87124 2.72405 -6.50165 0.832385 0 0
0 0 179 4.58181 -2.10404 -2.32513 1.23192 0 0
0 0 180 -2.51477 0.00619078 3.86503 2.73759 0 0
0 0 181 -0.464642 -2.58821 -0.0305763 0.584422 0 0
0 0 182 0.045267 -1.21126 5.16523 -2.84453 0 0
0 0 183 0.262699 -0.697577 -2.10885 0.800621 0 0
0 0 184 1.41179 0.870918 2.24333 2.56076 0 0
0 0 185 4.11923 -3.81752 -1.83204 4.88322 0 0
0 0 186 2.96505 0.124557 -3.15506 -0.480801 0 0
0 0 187 3.05747 5.22415 -2.08297 0.144275 0 0
0 0 188 3.0928 -5.70524 -0.643212 -1.74949 0 0
0 0 189 0.133174 -3.92205 -5.08545 -2.88224 0 0
0 0 190 -0.43384 1.92895 1.02238 0.406195 0 0
0 0 191 -2.40118 -0.983509 4.70432 5.77548 0 0
0 0 192 -4.73337 -4.9836 -1.11081 1.80488 0 0
0 0 193 -3.56329 -5.15511 -2.68931 3.02488 0 0
0 0 194 0.926017 -1.65484 -3.87719 -1.60369 0 0
0 0 195 4.22297 4.33411 2.83794 0.712974 0 0
0 0 196 -5.14862 -2.7229 -2.45115 0.490482 0 0
0 0 197 1.74273 -2.70293 0.595595 -2.78241 0 0
0 0 198 -3.10209 0.323279 -2.30161 3.75927 0 0
0 0 199 2.93817 1.22306 -3.36182 6.78385 0 0
0 0 200 -2.13648 -3.13626 -5.79562 -0.204395 0 0
0 0 201 2.87717 -1.65528 -2.57702 -2.89292 0 0
0 0 202 -0.52894 -0.162487 2.23278 0.0790084 0 0
0 0 203 -3.08105 4.15719 -1.90382 5.3395 0 0
0 0 204 0.284989 1.92903 0.605297 1.68409 0 0
0 0 205 2.20097 5.20022 0.597811 2.53697 0 0
0 0 206 4.52719 -0.406217 -1.96467 -4.80982 0 0
0 0 207 -2.88968 4.23889 -2.11767 -4.33976 0 0
0 0 208 6.29816 0.796785 1.64194 -3.76605 0 0
0 0 209 0.554589 -2.88801 -0.747187 -0.616908 0 0
0 0 210 3.37558 -2.57667 5.67446 -5.74866 0 0
0 0 211 1.45765 -0.635962 1.65985 -3.83061 0 0
0 0 212 0.545248 -1.20533 -2.38153 -1.63725 0 0
0 0 213 2.63712 -1.1191 4.89481 0.437325 0 0
0 0 214 -1.70384 -2.39622 0.464773 2.00611 0 0
0 0 215 5.07443 2.02905 0.981688 1.47838 0 0
0 0 216 2.26276 0.220035 2.05005 -7.06739 0 0
0 0 217 -4.4303 3.056 2.52203 -1.38006 0 0
0 0 218 2.64202 -2.32026 1.32504 -1.35375 0 0
0 0 219 0.414918 -3.05434 5.29244 -0.943633 0 0
0 0 220 4.26357 -0.00994611 1.26022 0.449781 0 0
0 0 221 1.83896 0.271349 0.96739 0.0253927 0 0
0 0 222 -1.86193 -2.07523 4.10699 1.80219 0 0
0 0 223 -3.44684 1.2681 0.89403 -0.241035 0 0
0 0 224 1.99584 0.407384 3.12568 3.42623 0 0
0 0 225 0.435193 2.8204 -0.685452 -6.03429 0 0
0 0 226 5.39956 1.30977 -2.26616 -4.49514 0 0
0 0 227 -2.16482 -5.4867 4.20601 -1.97118 0 0
0 0 228 -3.61965 1.13488 -0.525442 2.26542 0 0
0 0 229 2.42 3.87378 2.99144 -0.477565 0 0
0 0 230 3.55046 1.56475 2.27301 -1.19793 0 0
0 0 231 -1.14864 -2.38822 1.6193 1.87469 0 0
0 0 232 1.78936 -0.0391666 -1.17884 0.446262 0 0
0 0 233 -0.921477 -1.31842 -1.12797 1.43875 0 0
0 0 234 -7.53976 2.81809 -1.42929 3.12222 0 0
0 0 235 -2.68643 0.700902 -1.02532 0.822575 0 0
0 0 236 2.22001 -2.15077 -0.962894 0.949388 0 0
0 0 237 0.542541 -5.54399 -2.00261 0.343147 0 0
0 0 238 3.36612 5.63446 -0.717671 -3.65468 0 0
0 0 239 -1.43354 -1.14416 -2.43439 -4.82033 0 0
0 0 240 -2.88905 -3.42371 2.5979 2.54579 0 0
0 0 241 -0.235493 0.691015 3.82987 1.66565 0 0
0 0 242 2.54081 2.31056 -2.93242 -0.261768 0 0
0 0 243 5.15231 4.03935 -1.26054 -3.83008 0 0
0 0 244 1.23673 3.15734 0.146765 1.26112 0 0
0 0 245 -2.62937 -1.87389 2.38299 -2.30301 0 0
0 0 246 -5.95418 -0.406716 -3.67867 2.43071 0 0
0 0 247 4.47216 -1.24038 0.580449 2.06494 0 0
0 0 248 -5.00537 2.39189 1.09017 -2.34324 0 0
0 0 249 -3.938 -3.01267 0.252501 5.09007 0 0
0 0 250 3.17676 2.85667 0.19936 -0.353862 0 0
0 0 251 2.06437 1.77081 -0.717443 1.30319 0 0
0 0 252 5.43947 -1.92076 -4.03526 -4.26419 0 0
0 0 253 -1.04517 -0.36414 4.00509 2.52186 0 0
0 0 254 -1.77647 -8.56951 2.07115 0.700136 0 0
0 0 255 -0.0371254 -0.02937 -0.812458 1.18095 0 0
0 0 256 0.310384 -0.621521 -2.26023 2.13835 0 0
0 0 257 -2.04515 -0.544088 2.6291 -0.505921 0 0
0 0 258 1.03836 1.90177 -2.74057 1.32412 0 0
0 0 259 -2.1052 -2.30842 -1.21867 -3.98844 0 0
0 0 260 -3.09427 0.0515413 -0.49909 0.217002 0 0
0 0 261 2.72596 0.241822 -3.74994 2.59026 0 0
0 0 262 3.17334 1.48959 -4.90113 4.52941 0 0
0 0 263 4.56879 -4.05246 -7.09014 1.20274 0 0
0 0 264 -3.91642 -1.69313 -4.09297 1.70099 0 0
0 0 265 -1.95861 2.34611 6.45869 -1.61595 0 0
0 0 266 -2.97489 -2.8193 -0.762154 -2.6435 0 0
0 0 267 0.176665 -3.88781 -1.50428 -1.81129 0 0
0 0 268 3.10314 7.94372 -0.747836 2.02024 0 0
0 0 269 -5.1539 4.06278 1.19177 2.208 0 0
0 0 270 -2.28477 -2.65164 -0.849131 1.73893 0 0
0 0 271 -9.70883 3.31991 1.82248 -2.83125 0 0
0 0 272 0.0587461 5.41548 1.17757 0.211254 0 0
0 0 273 -5.75879 0.157424 1.33429 0.962769 0 0
0 0 274 -3.85127 6.34946 -5.7535 -2.80497 0 0
0 0 275 -1.39166 -1.75701 -0.917335 -0.463251 0 0
0 0 276 0.295318 -2.28223 0.67703 -1.74432 0 0
0 0 277 4.80675 0.973132 -2.16185 4.78737 0 0
0 0 278 1.25919 -3.3517 -1.38617 -0.198084 0 0
0 0 279 1.39854 1.5181 -1.65912 -0.432483 0 0
0 0 280 0.160699 0.561168 1.94241 -0.88265 0 0
0 0 281 1.67363 -4.63446 3.39472 -1.19811 0 0
0 0 282 1.84364 -1.97923 4.51987 0.611334 0 0
0 0 283 -0.957692 -2.26183 -1.14749 -1.59684 0 0
0 0 284 -5.56215 2.66151 1.35075 0.169048 0 0
0 0 285 0.062345 0.79173 -1.42384 0.452489 0 0
0 0 286 -0.553715 1.68364 2.54185 -1.54109 0 0
0 0 287 4.51569 -2.46953 -3.39249 6.15908 0 0
0 0 288 2.84073 2.4097 0.163056 -1.71195 0 0
0 0 289 -1.53977 -1.34466 6.53127 -1.94538 0 0
0 0 290 -0.0790281 -4.45794 1.72926 -1.30536 0 0
0 0 291 -2.12296 -4.47119 -3.59943 1.82322 0 0
0 0 292 0.838677 -1.82286 -0.323311 2.65459 0 0
0 0 293 4.70145 2.50265 2.54452 1.73523 0 0
0 0 294 -1.5351 -0.306557 -2.25887 2.81612 0 0
0 0 295 4.95292 -1.83029 2.86404 -0.998773 0 0
0 0 296 -2.096 1.9006 -0.582685 0.132267 0 0
0 0 297 -0.911826 -1.82463 1.77523 1.8927 0 0
0 0 298 0.880092 1.72333 -2.0392 -0.968021 0 0
0 0 299 -0.357434 0.220954 2.05291 5.30515 0 0
0 0 300 3.19801 -3.32671 3.10792 -1.14911 0 0
0 0 301 2.2664 1.49022 -5.05952 -0.396601 0 0
0 0 302 0.163758 -1.04965 0.272124 -4.36146 0 0
0 0 303 -3.23708 5.30073 -4.14207 1.35618 0 0
0 0 304 0.424604 8.9426 -2.75034 3.39945 0 0
0 0 305 -3.14219 4.63107 -4.54625 -0.743699 0 0
0 0 306 0.486406 4.71134 5.17185 -2.70438 0 0
0 0 307 -1.54979 2.74556 2.71805 -1.4252 0 0
0 0 308 0.952731 2.13581 -1.60369 1.62239 0 0
0 0 309 0.0973132 -3.40794 -1.97607 -2.13627 0 0
0 0 310 9.83012 0.147225 1.69818 0.00724612 0 0
0 0 311 3.21613 -3.10908 0.334094 -0.307845 0 0
0 0 312 0.757082 1.08152 0.472784 6.27888 0 0
0 0 313 0.971856 0.797554 5.03811 0.569545 0 0
0 0 314 4.77224 -0.446665 -0.257006 -1.07282 0 0
0 0 315 2.62907 1.58006 3.13139 0.668837 0 0
0 0 316 1.32815 -0.859631 -3.26008 -0.417216 0 0
0 0 317 4.20376 0.118298 -2.02969 5.88933 0 0
0 0 318 -0.520469 -0.632084 -0.844544 0.0561794 0 0
0 0 319 0.394967 -1.48945 -2.64246 2.03314 0 0
0 0 320 0.229922 -1.20177 1.49323 1.58543 0 0
0 0 321 1.91041 -2.8098 3.17241 -0.0347728 0 0
0 0 322 -0.738331 2.48473 3.98087 0.748211 0 0
0 0 323 1.37787 0.795615 0.760004 -2.67517 0 0
0 0 324 0.815484 5.18468 3.63718 -1.51401 0 0
0 0 325 -3.90569 1.99559 0.4139 3.56828 0 0
0 0 326 0.981816 -2.20035 3.38797 -0.904859 0 0
0 0 327 8.56856 -2.43619 -4.3774 0.746466 0 0
0 0 328 0.163651 -1.9265 0.901586 2.09692 0 0
0 0 329 -5.00274 -2.87759 3.1546 2.74377 0 0
0 0 330 4.13556 0.715882 3.6699 2.73987 0 0
0 0 331 -1.52563 6.43625 -0.18318 0.540358 0 0
0 0 332 -2.3495 2.41751 4.74829 -2.0917 0 0
0 0 333 -2.48189 -4.30786 -0.341322 2.37404 0 0
0 0 334 2.73978 0.313557 -0.174549 0.544475 0 0
0 0 335 0.929229 -0.0335097 -2.0849 -5.63942 0 0
0 0 336 -0.0570338 -3.95894 2.98018 -2.77248 0 0
0 0 337 2.33417 3.17005 3.77319 1.64033 0 0
0 0 338 -1.99389 -1.07837 -1.7318 -3.31342 0 0
0 0 339 -0.0230066 0.362238 1.08344 -0.396256 0 0
0 0 340 1.42405 -2.55533 5.64401 -0.135094 0 0
0 0 341 4.05738 -1.54158 3.4906 -2.67713 0 0
0 0 342 4.86453 0.0725543 -0.524855 1.47132 0 0
0 0 343 0.63062 5.55618 3.12972 -2.56361 0 0
0 0 344 -1.98072 -4.67535 2.85655 -2.2981 0 0
0 0 345 -1.40043 5.29948 -3.39865 -1.39185 0 0
0 0 346 -0.802625 3.05156 2.38829 -1.71735 0 0
0 0 347 -0.462412 6.04986 -3.42808 -1.47145 0 0
0 0 348 1.84434 6.74828 -3.07879 -0.68362 0 0
0 0 349 4.42067 2.63416 -1.28854 -2.43046 0 0
0 0 350 3.528 0.802852 6.41572 -5.40258 0 0
0 0 351 1.25591 7.16458 -3.49438 -1.39154 0 0
0 0 352 1.42736 3.94282 1.10233 -2.33033 0 0
0 0 353 2.39626 -4.08594 -2.5455 -1.00526 0 0
0 0 354 -0.589877 2.85391 9.28017 -3.61472 0 0
0 0 355 -0.489417 -0.46281 0.610796 -2.02861 0 0
0 0 356 -1.44176 3.13806 -1.1957 -3.87707 0 0
0 0 357 3.05045 2.84577 3.12525 -1.54951 0 0
0 0 358 6.97743 -0.550137 -3.21591 3.69781 0 0
0 0 359 -2.51532 -2.51853 2.14039 3.35235 0 0
0 0 360 3.01864 3.00668 -0.0583246 0.14417 0 0
0 0 361 1.56459 6.6809 -1.75378 -0.358842 0 0
0 0 362 2.39975 -1.84045 3.76423 -0.264222 0 0
0 0 363 2.93292 1.82456 5.17964 -4.11109 0 0
0 0 364 -1.21927 -1.98627 2.84695 -2.4183 0 0
0 0 365 -2.01191 2.0001 4.68853 -6.92378 0 0
0 0 366 -0.131022 1.94045 -2.27469 -0.27411 0 0
0 0 367 3.32234 3.0789 3.85764 0.24891 0 0
0 0 368 0.909046 -4.33041 3.59802 -0.513857 0 0
0 0 369 1.54309 1.52768 -1.89818 3.16244 0 0
0 0 370 2.67433 3.04254 -1.77885 -3.21423 0 0
0 0 371 2.71396 3.47921 5.03502 0.678099 0 0
0 0 372 -1.5896 -1.56173 -1.58324 1.11183 0 0
0 0 373 4.39419 3.24584 -2.71979 1.72413 0 0
0 0 374 -2.65132 1.92918 -1.88675 -1.74836 0 0
0 0 375 -0.162489 1.0498 -5.42103 9.61271 0 0
0 0 376 2.57552 -3.85307 6.96623 -7.52256 0 0
0 0 377 2.52095 -1.46015 -3.06342 3.67907 0 0
0 0 378 -2.12009 0.716025 4.34518 -1.14565 0 0
0 0 379 0.387106 1.5778 0.68332 3.82756 0 0
0 0 380 -3.99364 -0.640892 -1.34701 -2.64871 0 0
0 0 381 0.198049 0.00148828 0.270125 4.85668 0 0
0 0 382 0.537393 1.05696 -2.05498 3.32416 0 0
0 0 383 0.546427 -3.59509 -3.58284 2.14624 0 0
0 0 384 -0.697287 3.90637 0.335617 -0.266803 0 0
0 0 385 2.57989 2.80062 2.99578 -0.296401 0 0
0 0 386 2.8925 1.47521 -2.22922 -2.60978 0 0
0 0 387 1.09597 4.51795 1.72021 -7.15976 0 0
0 0 388 1.34121 -7.56325 4.03147 1.85057 0 0
0 0 389 5.1976 5.68033 -5.34714 -0.981307 0 0
0 0 390 3.84707 2.8801 -2.93047 -0.618897 0 0
0 0 391 -2.52792 0.848678 -3.2883 3.78727 0 0
0 0 392 0.463562 7.57055 0.942972 0.222525 0 0
0 0 393 4.25102 1.52876 0.19212 -2.50709 0 0
0 0 394 8.41544 -0.431244 -0.0441413 0.200487 0 0
0 0 395 1.52513 0.260154 1.0132 -0.726014 0 0
0 0 396 0.93612 -0.0209185 -2.02564 0.968372 0 0
0 0 397 0.0612476 -1.96762 -1.5377 0.465089 0 0
0 0 398 5.12771 -0.306487 -6.76656 -2.43063 0 0
0 0 399 2.86525 2.97512 -4.05514 2.75677 0 0
0 0 400 2.03756 -4.0983 4.85439 -2.21561 0 0
0 0 401 6.71332 -0.143853 -4.32362 4.90729 0 0
0 0 402 8.93725 2.86497 3.89892 0.0668882 0 0
0 0 403 1.96194 4.16264 -2.34634 -6.35296 0 0
0 0 404 -0.838866 0.128214 2.54075 -5.00526 0 0
0 0 405 0.47425 4.34785 -2.80457 0.372665 0 0
0 0 406 2.26195 -2.84925 -3.56653 -0.481267 0 0
0 0 407 -1.31152 -0.851591 2.69234 -1.4333 0 0
0 0 408 -3.79413 -0.104209 1.99673 -2.27054 0 0
0 0 409 -1.45171 2.46435 2.46979 1.67827 0 0
0 0 410 -1.68497 -2.17579 -0.269399 -4.73507 0 0
0 0 411 -1.5243 3.49337 3.30851 0.310265 0 0
0 0 412 -0.206218 1.76981 -1.65882 1.45097 0 0
0 0 413 -2.31664 3.18266 2.90819 2.04119 0 0
0 0 414 2.74727 -1.04528 4.27269 -4.57769 0 0
0 0 415 2.63974 6.10904 -0.72695 -0.130992 0 0
0 0 416 4.98673 1.89797 -2.10758 2.70136 0 0
0 0 417 1.14735 -3.76834 5.36501 -4.99119 0 0
0 0 418 -2.80923 2.47103 -0.375781 -1.91581 0 0
0 0 419 -5.09512 0.0784431 -2.24918 -2.90092 0 0
0 0 420 1.02217 9.18247 0.405888 -4.13969 0 0
0 0 421 -1.19188 4.44148 -0.430227 3.91734 0 0
0 0 422 -2.39766 2.27946 1.95852 -0.165295 0 0
0 0 423 1.77889 3.86428 3.82514 -0.310917 0 0
0 0 424 1.27009 -0.285074 0.262085 3.00255 0 0
0 0 425 -2.9241 -0.734061 0.328366 0.75938 0 0
0 0 426 -6.42515 -0.52711 -0.999692 -4.75905 0 0
0 0 427 -0.369777 3.43107 -5.33521 2.3793 0 0
0 0 428 -0.343202 3.67131 -7.60707 -1.25694 0 0
0 0 429 -3.21865 0.0821536 -0.18188 5.72133 0 0
0 0 430 -3.32937 -4.90901 1.66661 -0.156219 0 0
0 0 431 2.68271 2.7943 5.59467 -2.64555 0 0
0 0 432 -1.35938 2.10514 0.875595 0.0547957 0 0
0 0 433 1.0474 2.87248 1.65921 1.5427 0 0
0 0 434 6.55987 0.564056 -0.122285 -4.72191 0 0
0 0 435 -3.63641 1.85784 3.75131 -1.4235 0 0
0 0 436 -4.49222 -2.58741 2.17463 -3.24813 0 0
0 0 437 2.24573 -5.37523 -5.73623 0.998602 0 0
0 0 438 -2.22982 0.465834 -1.80111 0.0594707 0 0
0 0 439 1.79023 0.223955 0.835688 -4.53644 0 0
0 0 440 1.06174 3.72722 -0.351837 3.28588 0 0
0 0 441 2.62573 2.16398 2.17414 0.534226 0 0
0 0 442 0.0569739 4.63633 -0.418795 3.90753 0 0
0 0 443 4.57165 -3.17123 -1.36619 -1.51978 0 0
0 0 444 -0.39115 5.03722 4.68278 0.622308 0 0
0 0 445 -4.1671 3.05286 3.80833 3.88613 0 0
0 0 446 -3.27886 -0.221778 0.404066 -4.16217 0 0
0 0 447 1.54271 1.99693 -2.10629 -2.07961 0 0
0 0 448 -2.89066 -3.78189 2.23754 -2.25248 0 0
0 0 449 8.40374 -5.85637 -2.39299 -4.07727 0 0
0 0 450 3.55943 -0.525384 -1.26604 -1.55184 0 0
0 0 451 -0.12404 0.255771 1.73787 -0.749622 0 0
0 0 452 3.05508 -0.358441 4.02925 -0.830382 0 0
0 0 453 -0.533484 5.85547 4.48007 -3.58886 0 0
0 0 454 -3.54221 1.31423 8.66875 -1.28629 0 0
0 0 455 -1.89925 -0.463642 0.384773 1.39806 0 0
0 0 456 -6.65028 -2.47397 4.23187 -3.24202 0 0
0 0 457 -0.398187 -4.3505 1.73624 7.60433 0 0
0 0 458 2.45649 3.66668 -0.296081 2.36788 0 0
0 0 459 -0.856669 -1.4116 0.00799908 -4.73532 0 0
0 0 460 -0.656794 -3.33101 0.748236 1.28215 0 0
0 0 461 -0.510261 2.95204 3.65082 2.36018 0 0
0 0 462 0.357339 0.499282 4.10523 -5.45043 0 0
0 0 463 -2.69342 2.94662 -1.95548 1.11914 0 0
0 0 464 1.89524 1.76708 -0.667999 -3.03527 0 0
0 0 465 -0.481278 -1.36094 -3.71227 0.696048 0 0
0 0 466 1.23086 2.26542 -0.926299 0.00396863 0 0
0 0 467 -0.150147 3.43655 2.19083 2.77078 0 0
0 0 468 1.26204 1.66167 -0.505574 0.380545 0 0
0 0 469 3.83725 1.52718 -0.248557 1.85359 0 0
0 0 470 -4.38213 -2.00861 3.70855 -1.54784 0 0
0 0 471 -0.572763 -1.30587 -3.88839 2.98919 0 0
0 0 472 1.37555 4.06244 2.67138 4.72235 0 0
0 0 473 1.70901 -4.09122 -2.28643 -0.673597 0 0
0 0 474 6.93414 -3.47957 -0.817539 -1.83616 0 0
0 0 475 -3.89946 1.64213 -0.160511 4.08743 0 0
0 0 476 -3.02297 0.952817 5.80579 -0.434141 0 0
0 0 477 -3.93487 -4.50812 0.946645 3.95887 0 0
0 0 478 0.714929 6.95743 3.14679 -2.25039 0 0
0 0 479 7.34354 -10.6859 1.58906 3.745 85.7708 7.89065
0 0 480 0.192179 -0.809023 -2.70739 4.58633 0 0
0 0 481 3.87103 2.03793 -1.09043 -1.7404 0 0
0 0 482 -3.84779 0.414842 5.10061 -0.67644 0 0
0 0 483 0.68106 0.207625 -1.49313 3.40629 0 0
0 0 484 -0.972115 6.20505 -3.57376 3.23177 0 0
0 0 485 -3.3912 5.61103 2.34211 1.7607 0 0
0 0 486 -4.39404 -7.93795 0.355036 3.87077 0 0
0 0 487 0.170882 -1.298 2.14395 -0.346997 0 0
0 0 488 1.37117 -1.87333 2.65035 -4.67957 0 0
0 0 489 1.11073 6.15331 -3.73015 -2.9549 0 0
0 0 490 -0.904712 -3.62025 -2.07018 0.222688 0 0
0 0 491 0.726585 -0.3998 0.76413 2.53115 0 0
0 0 492 1.93385 -3.66544 4.13995 -0.0560376 0 0
0 0 493 2.58677 2.7709 2.96208 -0.305856 0 0
0 0 494 0.574726 7.81809 2.02561 0.857629 0 0
0 0 495 -1.2801 4.9149 1.99456 3.00384 0 0
0 0 496 2.63782 2.50761 0.932297 2.40584 0 0
0 0 497 0.122853 -1.54441 -0.655649 0.901699 0 0
0 0 498 0.617633 -1.73211 1.71085 -0.60265 0 0
0 0 499 -0.57851 -2.53478 -1.89621 -0.688969 0 0
0 0 500 2.26376 -0.0331808 -4.45648 -0.819146 0 0
0 0 501 2.83209 -3.43831 -1.0413 -4.36566 0 0
0 0 502 2.39231 -3.48701 -1.1492 2.81394 0 0
0 0 503 3.53033 -1.2057 3.26634 -5.54345 0 0
0 0 504 3.06158 3.64699 -2.76222 -0.0351721 0 0
0 0 505 -2.44251 -3.49089 6.00661 4.39239 0 0
0 0 506 3.78004 2.09984 0.554969 2.6334 0 0
0 0 507 -0.728721 -1.02691 -0.156673 -5.06215 0 0
0 0 508 -1.2867 2.03196 -0.132942 -5.32784 0 0
0 0 509 2.5764 1.28526 2.96532 0.00820822 0 0
0 0 510 -5.60811 0.885703 2.86485 0.961091 0 0
0 0 511 7.16779 2.13957 3.44626 -0.432758 0 0
0 0 512 0.853857 -2.55223 -5.20789 -1.19285 0 0
0 0 513 -3.84383 -4.88704 3.3147 -0.796373 0 0
0 0 514 0.0353722 0.129088 -1.54718 0.63576 0 0
0 0 515 0.0748878 -5.67288 2.67815 1.52874 0 0
0 0 516 -1.31022 2.92279 5.79441 -2.75747 0 0
0 0 517 -1.90315 -6.61754 -1.13035 4.36264 0 0
0 0 518 -4.15716 -2.10256 0.640222 0.182679 0 0
0 0 519 0.137536 -2.54751 -5.11157 -5.06632 0 0
0 0 520 1.19438 -0.466312 -1.99523 2.70229 0 0
0 0 521 2.86678 -3.12233 -5.18956 -3.14776 0 0
0 0 522 -4.27238 -3.8722 5.47179 -0.0544882 0 0
0 0 523 -1.03576 -3.81889 4.42067 1.22298 0 0
0 0 524 -4.46039 -0.177746 1.47679 -8.82345 0 0
0 0 525 5.62521 -1.31282 -0.537259 1.32929 0 0
0 0 526 1.80937 7.90769 1.61195 0.693565 0 0
0 0 527 -2.90199 1.99361 3.80097 4.38772 0 0
0 0 528 -4.67816 4.83863 1.99872 3.71221 0 0
0 0 529 1.96313 -6.83076 -5.39215 -1.78519 0 0
0 0 530 -0.531328 1.75377 3.395 -0.0551312 0 0
0 0 531 3.24998 1.23515 2.1214 -0.931787 0 0
0 0 532 -0.913256 -1.00408 2.76899 -2.38747 0 0
0 0 533 -0.852429 -1.51261 0.49585 2.20863 0 0
0 0 534 11.6914 -1.13101 -2.93525 -3.2527 0 0
0 0 535 -4.03743 -1.80571 6.17213 -0.0740107 0 0
0 0 536 1.06201 -6.2233 -2.8765 0.800211 0 0
0 0 537 -2.35381 -1.9131 1.74382 -8.31202 0 0
0 0 538 4.06657 -4.57103 -4.45252 2.9359 0 0
0 0 539 -2.89791 2.55148 -2.99843 -2.38784 0 0
0 0 540 5.42528 -1.30652 -0.550508 0.658046 0 0
0 0 541 -2.23255 4.44917 3.63829 -2.67766 0 0
0 0 542 -0.181251 -1.26019 0.674051 -4.20674 0 0
0 0 543 -2.31693 1.61958 1.22514 -2.48842 0 0
0 0 544 -0.596572 8.47048 7.82054 -0.126041 21.3577 7.39172
0 0 545 8.0969 8.4691 1.37485 1.24825 0 0
0 0 546 2.9773 -1.93637 -3.09455 0.719541 0 0
0 0 547 1.90236 -2.74367 2.6863 0.44388 0 0
0 0 548 -4.865 6.83922 -0.200562 0.0644955 0 0
0 0 549 -0.650591 -7.76709 3.92298 2.95958 0 0
0 0 550 3.17952 -0.297238 1.75893 2.8714 0 0
0 0 551 -3.3199 1.62923 2.36684 2.47972 0 0
0 0 552 2.17325 -3.37314 5.45713 1.68876 0 0
0 0 553 7.65537 1.84045 2.65312 -1.52691 0 0
0 0 554 -3.49977 1.59774 -1.69438 0.641631 0 0
0 0 555 3.39015 2.35376 -0.599034 1.58843 0 0
0 0 556 -3.25841 -2.66158 -3.25614 1.2629 0 0
0 0 557 4.69548 3.70618 0.18356 3.93083 0 0
0 0 558 3.03024 2.04541 0.227189 8.30841 0 0
0 0 559 -1.90024 -0.257139 4.88459 8.17828 0 0
0 0 560 3.31393 0.834131 -1.59424 -1.49109 0 0
0 0 561 4.98171 -3.14768 2.29854 2.61122 0 0
0 0 562 -4.68837 3.5246 2.49771 -0.758696 0 0
0 0 563 -2.16728 0.553384 -0.665852 1.83535 0 0
0 0 564 -1.39386 -3.01422 -2.08234 1.92437 0 0
0 0 565 4.06411 -1.4768 -4.193 -0.477076 0 0
0 0 566 0.973851 3.89326 0.544972 0.0574817 0 0
0 0 567 -1.04291 -0.657475 0.322402 -1.71941 0 0
0 0 568 5.09138 -4.25435 0.067719 -5.30578 0 0
0 0 569 5.67888 7.50805 3.69624 1.82849 0 0
0 0 570 -2.40188 1.27965 -4.61325 -2.91238 0 0
0 0 571 3.90042 2.19391 3.08983 -4.18813 0 0
0 0 572 -0.171195 -3.63579 3.42992 -4.97625 0 0
0 0 573 6.21238 -0.142827 3.89081 -3.86266 0 0
0 0 574 3.76622 -1.95951 -6.10736 3.04603 0 0
0 0 575 -3.8135 1.46566 -0.501414 1.81893 0 0
0 0 576 6.49255 2.75957 -2.86729 0.509191 0 0
0 0 577 1.20515 -0.8003 2.23332 4.47504 0 0
0 0 578 -1.2662 5.55099 4.90198 2.29673 0 0
0 0 579 0.698961 4.11834 5.28968 -4.03603 0 0
0 0 580 0.431098 0.989563 3.04779 6.02685 0 0
0 0 581 -1.35657 -2.67272 0.259583 5.13012 0 0
0 0 582 -1.04508 -0.0194134 3.36675 -2.12007 0 0
0 0 583 3.41305 6.09663 -1.18967 0.450599 0 0
0 0 584 -2.01137 7.78646 1.90798 2.16169 0 0
0 0 585 1.43814 -1.63411 -2.21513 3.91141 0 0
0 0 586 1.33553 0.888516 2.53055 -0.803374 0 0
0 0 587 0.972787 -3.16913 -5.21137 -5.87952 0 0
0 0 588 0.285303 1.47108 -2.32186 1.72223 0 0
0 0 589 -1.39354 1.65241 -3.66911 7.2341 0 0
0 0 590 1.06664 -0.570135 2.39899 1.26897 0 0
0 0 591 -2.95648 -0.654622 5.16742 3.4273 0 0
0 0 592 0.506609 2.62054 -3.52814 -0.751266 0 0
0 0 593 -1.71541 -1.91997 0.00207674 -0.757601 0 0
0 0 594 -5.74903 0.137052 2.06315 -3.17396 0 0
0 0 595 2.71855 0.0197651 -3.52942 4.01453 0 0
0 0 596 0.94909 0.604571 -2.16957 2.64565 0 0
0 0 597 1.47668 -0.217945 -3.64267 0.245201 0 0
0 0 598 -2.69328 2.46625 -7.25374 0.687217 0 0
0 0 599 4.35347 -2.56825 1.88839 0.861424 0 0
0 0 600 3.35449 4.70027 -2.63846 2.84229 0 0
0 0 601 1.80698 0.552287 -9.92028 -3.08089 -43.4067 8.57326
0 0 602 3.87978 1.70915 -1.40048 2.25284 0 0
0 0 603 1.6529 0.941292 -2.57123 3.80313 0 0
0 0 604 2.68177 1.4301 2.54908 2.26071 0 0
0 0 605 -1.36723 -2.6454 8.46167 -3.02782 0 0
0 0 606 -3.32999 4.77812 0.110232 2.00908 0 0
0 0 607 2.87223 -0.696279 3.2068 -2.55734 0 0
0 0 608 1.67758 -3.56141 -0.0758375 3.09826 0 0
0 0 609 6.96742 -2.62984 2.17994 -4.41621 0 0
0 0 610 3.27118 -2.22486 -2.80081 5.29513 0 0
0 0 611 -5.40008 2.30971 4.08643 -4.52342 0 0
0 0 612 -1.83726 1.16508 -0.367161 -1.54234 0 0
0 0 613 3.56523 -0.496452 2.18768 1.59105 0 0
0 0 614 2.64112 3.99962 -2.44529 -5.36934 0 0
0 0 615 1.54491 0.947268 -2.57362 -0.233566 0 0
0 0 616 1.32515 -1.85791 0.305578 -2.97405 0 0
0 0 617 2.19513 1.13796 1.66015 6.27264 0 0
0 0 618 3.51332 3.33569 -1.50496 0.60175 0 0
0 0 619 -1.31699 2.65528 -2.00254 3.80598 0 0
0 0 620 4.12405 4.74095 0.0734094 -1.60739 0 0
0 0 621 3.11243 -0.75042 -0.306271 -1.87892 0 0
0 0 622 -2.0974 -1.65968 3.45661 -0.477501 0 0
0 0 623 0.399987 -0.873748 -0.603855 -0.957326 0 0
0 0 624 5.41781 1.4179 -2.26016 0.472632 0 0
0 0 625 -0.732305 -0.436486 3.54471 1.38604 0 0
0 0 626 4.21815 -0.122893 -4.44442 4.16546 0 0
0 0 627 1.15421 -1.55805 -0.0501449 -3.31581 0 0
0 0 628 -1.56049 -2.10361 -0.97438 -0.97849 0 0
0 0 629 -1.43449 -3.04721 0.537019 0.365637 0 0
0 0 630 2.49162 0.871494 -1.92037 3.08085 0 0
0 0 631 -4.06249 0.821689 1.40909 1.83527 0 0
0 0 632 0.521401 -1.19759 -0.552663 -2.55955 0 0
0 0 633 -0.586979 1.61674 -0.565448 -2.04807 0 0
0 0 634 1.56793 -0.176624 -3.82524 -2.16211 0 0
0 0 635 -4.09937 1.38843 -1.80732 1.90803 0 0
0 0 636 -0.893144 -3.60657 -0.285073 0.667937 0 0
0 0 637 -1.17265 1.51527 0.51432 2.65808 0 0
0 0 638 -0.44644 1.22899 -1.03019 -1.79959 0 0
0 0 639 -1.173 2.35733 0.974164 -4.00031 0 0
0 0 640 2.6378 -1.87345 -1.33037 -1.73595 0 0
0 0 641 -4.09272 -6.93567 4.33272 3.32846 0 0
0 0 642 7.98033 -1.26127 0.699081 0.0559394 0 0
0 0 643 7.32092 -2.24641 -2.3737 6.70489 0 0
0 0 644 3.31129 -3.59271 -0.29329 3.91641 0 0
0 0 645 0.753626 -1.36483 -5.37072 1.09602 0 0
0 0 646 6.03678 1.40757 -8.05342 0.809984 0 0
0 0 647 4.78336 1.24288 0.0517593 0.559668 0 0
0 0 648 0.38465 3.09374 -2.66909 -2.76422 0 0
0 0 649 2.08165 2.40489 -2.33893 0.512434 0 0
0 0 650 0.685231 1.00843 -2.12194 2.83778 0 0
0 0 651 1.53107 -0.29483 -0.405562 -1.69414 0 0
0 0 652 3.29843 -0.630047 -0.555408 0.0357784 0 0
0 0 653 6.81296 6.08034 -3.39785 -0.392164 0 0
0 0 654 5.4659 -0.968258 -1.65873 2.16791 0 0
0 0 655 2.73178 1.43903 -3.47652 -2.26972 0 0
0 0 656 3.58797 -1.42018 -3.11142 2.03501 0 0
0 0 657 8.70289 4.65126 -4.02579 -2.50197 0 0
0 0 658 4.24477 -2.33138 -1.71607 -0.836228 0 0
0 0 659 2.38168 5.20033 -5.36362 0.987812 0 0
0 0 660 9.53384 -2.8626 -5.02975 4.74524 0 0
0 0 661 10.7173 -2.66432 -6.60907 1.41338 0 0
0 0 662 7.68939 2.37619 -8.77935 4.01573 0 0
0 0 663 10.0183 1.21907 -7.94602 -2.36689 0 0
0 0 664 10.6787 1.24494 -8.34667 -2.26917 0 0
0 0 665 12.7945 3.72628 -11.2748 0.0342844 -35.8557 7.1739
0 0 666 10.879 2.54904 -12.8353 -3.82799 -39.3837 6.50951
0 0 667 10.6189 10.8623 -13.7398 0.286281 -25.8356 4.86478
0 0 668 12.4548 2.94467 -15.1311 -1.61328 -39.4936 5.52601
0 0 669 18.2352 3.63222 -11.1832 2.29574 -36.0033 7.24487
0 0 670 18.2714 7.62968 -17.1235 1.81838 -32.9919 4.54444
0 0 671 14.5415 5.55897 -15.3467 -2.1474 -35.0441 5.2191
0 0 672 20.3149 8.46809 -14.2618 -0.611559 -29.6499 5.13662
0 0 673 14.3982 4.34435 -20.2686 -1.06032 -38.9512 4.1094
0 0 674 21.0167 5.42999 -17.8194 -1.05474 -36.5264 4.57294
0 0 675 23.0024 -0.0385361 -23.0546 0.233351 -45.0479 3.69474
0 0 676 21.8981 4.50302 -21.6772 1.18352 -39.1324 3.84749
0 0 677 23.249 10.7502 -26.4654 -1.27841 -33.9466 2.98228
0 0 678 24.6246 2.35002 -21.5367 -0.880277 -41.8864 3.93183
0 0 679 25.4186 9.77917 -28.3539 -0.437233 -35.4854 2.84026
0 0 680 21.4472 4.01577 -23.6313 3.35745 -40.1778 3.5537
0 0 681 17.2051 3.55041 -20.3509 4.47764 -40.0519 4.12341
0 0 682 18.9375 1.89032 -20.158 -1.94411 -42.3214 4.20722
0 0 683 21.3971 5.34693 -13.6814 2.34518 -34.3268 5.7995
0 0 684 23.004 10.1977 -19.3036 -3.29276 -31.0767 3.90236
0 0 685 21.6264 4.53604 -18.4785 3.77848 -38.104 4.47701
0 0 686 20.2395 4.78742 -19.5643 0.161841 -38.1249 4.22928
0 0 687 18.5476 6.59127 -15.3735 -0.382591 -33.3966 5.09304
0 0 688 22.9727 2.97325 -18.8336 7.87798 -40.5144 4.46756
0 0 689 19.0467 -0.701586 -15.6733 -0.455337 -46.2815 5.42932
0 0 690 20.0353 7.45204 -20.4568 1.26646 -34.9921 3.91279
0 0 691 14.1463 2.18036 -19.5786 0.934629 -41.8227 4.32401
0 0 692 12.7068 3.41215 -11.8999 -4.3767 -37.0002 6.88121
0 0 693 23.2897 5.11941 -11.7734 -0.474106 -33.2496 6.63572
0 0 694 14.4759 2.45222 -14.6476 2.56268 -40.248 5.73565
0 0 695 21.0992 -5.7696 -10.6676 3.5754 -59.2035 7.02479
0 0 696 18.821 0.768042 -21.0721 4.25354 -43.9563 4.03967
0 0 697 12.7741 3.63328 -12.6105 -4.25992 -36.9638 6.49109
0 0 698 15.2528 3.61646 -16.0373 -2.0204 -38.6461 5.18151
0 0 699 11.3239 5.9683 -18.1416 -1.23919 -35.8948 4.4605
0 0 700 9.89458 -0.505237 -17.062 2.2987 -45.8481 4.99025
0 0 701 17.3797 7.00222 -13.4264 0.269039 -31.2284 5.62617
0 0 702 20.1311 2.17366 -12.9877 -1.88151 -40.2494 6.46876
0 0 703 14.5348 2.59546 -16.4857 0.0454559 -40.5265 5.10417
0 0 704 19.1704 0.501175 -16.9189 -0.736175 -44.1516 5.03244
0 0 705 16.233 0.714786 -21.2894 -1.67933 -44.0385 3.99884
0 0 706 18.8162 2.41966 -17.8864 -1.31813 -41.1479 4.71939
0 0 707 23.1475 11.1917 -14.9362 4.87287 -26.5779 4.56518
0 0 708 23.1822 7.64682 -14.2439 -0.638024 -30.8855 5.26982
0 0 709 28.6157 4.56473 -23.9405 -1.97948 -39.6025 3.49515
0 0 710 26.3926 6.29218 -17.3377 -1.46568 -35.0266 4.61873
0 0 711 21.2996 -0.288521 -20.7918 3.51091 -45.3975 4.09645
0 0 712 30.4796 2.01203 -27.2347 0.418252 -42.8874 3.11917
0 0 713 31.5657 3.56617 -24.5695 1.67132 -40.8707 3.43103
0 0 714 34.5816 1.71822 -28.607 3.52215 -43.2814 2.97227
0 0 715 34.391 5.47826 -30.133 -0.94778 -39.848 2.7813
0 0 716 34.5089 1.23485 -26.9869 -0.0707421 -43.6901 3.15308
0 0 717 37.2312 0.710762 -25.59 -1.96371 -44.2045 3.32739
0 0 718 38.3468 4.82276 -32.028 -4.55069 -40.7184 2.62996
0 0 719 39.3635 4.35034 -36.7113 -1.44294 -41.6209 2.30419
0 0 720 37.2874 0.101603 -36.4088 0.977315 -44.9201 2.33955
0 0 721 43.8131 1.41405 -41.4501 -1.35834 -44.0231 2.05383
0 0 722 40.9201 4.75814 -43.2735 -3.84648 -41.8626 1.95665
0 0 723 48.2458 3.85674 -48.2574 -4.99196 -42.7153 1.75953
0 0 724 53.5453 0.0174618 -37.9153 5.67254 -44.9868 2.24661
0 0 725 59.2874 2.47094 -43.454 -0.560037 -43.3727 1.95709
0 0 726 53.0353 1.46057 -43.7547 1.18662 -44.0441 1.9457
0 0 727 56.4637 5.54993 -47.9296 -7.66588 -41.6975 1.76543
0 0 728 66.6346 0.988503 -48.9324 -0.837357 -44.4214 1.74043
0 0 729 66.5381 2.99492 -50.0358 -4.76483 -43.2873 1.69936
0 0 730 61.718 4.67544 -51.1873 -0.317123 -42.3905 1.65721
0 0 731 65.671 -1.76774 -43.7846 3.00352 -46.156 1.94387
0 0 732 75.8569 -4.71845 -55.6775 -3.4903 -47.422 1.52444
0 0 733 74.5637 -1.2204 -55.9212 -4.67299 -45.6251 1.52287
0 0 734 75.3105 -0.203583 -56.774 -1.91083 -45.1027 1.50034
0 0 735 80.2623 -0.399017 -59.4869 0.514235 -45.1922 1.43189
0 0 736 85.1177 -4.5796 -52.5121 -5.71318 -47.4921 1.61599
0 0 737 90.0865 1.63625 -55.3046 -3.19404 -44.1527 1.53954
0 0 738 89.0924 -1.46374 -51.6534 1.63175 -45.8116 1.64842
0 0 739 101.142 -3.41692 -53.8175 -3.04576 -46.8164 1.5796
0 0 740 103.332 -2.53835 -50.938 -4.10309 -46.4264 1.67017
0 0 741 112.211 -0.0785637 -57.0643 -0.133997 -45.0394 1.49271
0 0 742 125.344 -4.7125 -54.3881 -4.66765 -47.476 1.56033
0 0 743 134.598 -0.143906 -51.0998 -1.44518 -45.0807 1.66694
0 0 744 147.504 -4.32919 -46.8313 -0.943771 -47.6408 1.81117
0 0 745 153.174 -3.07537 -43.9554 -1.41095 -47.0011 1.93317
0 0 746 169.379 -4.24993 -30.6182 -4.15454 -48.9512 2.75565
0 0 747 183.974 -6.40839 -16.8384 -6.26482 -55.418 4.72837
0 0 748 185.932 -0.377625 -6.25829 -4.601 0 0
0 0 749 196.126 -1.50638 3.68461 -4.57848 0 0
0 0 750 208.097 0.934227 21.7141 2.08752 43.7682 3.91921
0 0 751 217.416 5.85584 35.1039 0.35156 40.2647 2.39351
0 0 752 237.817 6.13631 46.6879 8.62161 41.2562 1.80894
0 0 753 260.678 10.9719 59.5549 2.07592 39.7807 1.40665
0 0 754 268.335 21.7543 70.1195 1.4578 36.3819 1.16032
0 0 755 287.957 25.041 85.5039 9.62863 36.8383 0.956122
0 0 756 302.331 24.6342 101.959 8.0115 38.2086 0.812106
0 0 757 307.393 30.7173 109.728 5.30099 37.1804 0.747595
0 0 758 323.619 34.6989 113.73 12.9191 36.5166 0.716418
0 0 759 328.808 32.1901 107.164 9.20496 36.6404 0.761309
0 0 760 326.188 30.9883 115.816 5.33363 37.5103 0.710526
0 0 761 328.689 37.1514 112.332 5.85454 35.8497 0.719999
0 0 762 330.185 39.5796 105.576 7.35681 34.7247 0.755545
0 0 763 319.541 30.7154 99.6289 10.7295 36.4328 0.817088
0 0 764 309.073 33.9473 89.0171 11.6002 34.5626 0.894182
0 0 765 300.663 34.942 78.2484 4.22216 32.9684 0.994119
0 0 766 286.486 31.7561 67.9597 6.40221 32.4772 1.1357
0 0 767 272.884 23.9809 60.6857 2.01596 34.2189 1.30555
0 0 768 260.708 22.8512 53.7265 -0.307388 33.4794 1.45914
0 0 769 253.107 18.4427 39.3773 0.00913089 32.4518 1.95925
0 0 770 248.896 13.4036 33.1015 3.77564 33.9779 2.38545
0 0 771 232.79 3.78828 22.2456 -1.60921 40.1678 3.77485
0 0 772 222.678 10.6323 20.1988 3.10139 31.1192 3.73232
0 0 773 213.12 6.73299 14.937 4.9287 32.868 5.19959
0 0 774 207.86 8.11085 9.54396 0.637161 24.8204 6.80313
0 0 775 196.181 1.67361 5.86798 -4.93243 0 0
0 0 776 187.19 1.65497 -0.73058 -2.35371 0 0
0 0 777 175.229 1.80032 -0.445643 -7.45243 0 0
0 0 778 171.294 0.0109482 -2.40084 -3.33438 0 0
0 0 779 171.062 2.64315 -3.78111 0.267993 0 0
0 0 780 164.271 -0.916878 -10.5533 0.0139941 -47.4827 8.0412
0 0 781 158.667 -0.887993 -7.65457 -5.18257 0 0
0 0 782 156.303 -7.20487 -11.8722 -5.21922 -60.6261 6.13495
0 0 783 147.883 -4.85793 -12.7481 -5.34329 -55.4302 6.24447
0 0 784 146.491 -6.29072 -8.23702 -3.45789 -63.6847 8.22091
0 0 785 144.905 -6.73199 -11.4429 -2.64015 -60.2344 6.41729
0 0 786 138.957 -8.37686 -14.059 -4.33761 -60.394 5.20598
0 0 787 137.174 -12.3551 -13.4424 -9.5673 -66.2933 4.66711
0 0 788 134.622 -3.79899 -14.8779 -8.32132 -52.162 5.54758
0 0 789 124.011 -10.0417 -12.2747 -5.82497 -64.643 5.37286
0 0 790 120.916 -8.85137 -19.1099 -9.10562 -57.4264 4.04517
0 0 791 119.254 -8.88439 -13.6196 -5.07924 -61.5587 5.23951
0 0 792 116.575 -8.89517 -9.05941 -6.11941 -67.238 6.71164
0 0 793 110.543 -9.47473 -10.5623 -5.19849 -65.9466 6.00531
0 0 794 108.638 -9.4271 -12.8196 -15.528 -63.1648 5.35449
0 0 795 106.495 -3.26736 -14.5613 -14.8982 -51.3235 5.70809
0 0 796 95.6478 -5.05995 -10.0535 -13.633 -58.3581 7.56939
0 0 797 99.6681 -7.64165 -9.91956 -8.16451 -63.8046 6.80463
0 0 798 93.4254 -7.0704 -13.4776 -10.7996 -58.8408 5.59771
0 0 799 89.0292 -10.6748 -16.2742 -12.5074 -61.6311 4.37761
0 0 800 84.1704 -8.69801 -12.6543 -4.07976 -62.2514 5.54867
0 0 801 82.6063 -17.0848 -8.34137 -10.201 -76.9884 4.4831
0 0 802 77.6132 -12.1391 -9.02145 -10.0611 -71.6907 5.63486
0 0 803 72.0024 -13.5917 -8.94742 -7.36878 -73.3215 5.23752
0 0 804 69.7796 -16.6129 -9.15456 -10.0339 -75.5715 4.49337
0 0 805 64.1559 -12.0228 -6.4391 -11.993 -75.9138 6.24936
0 0 806 60.1767 -12.1259 -6.03583 -10.8851 -76.7688 6.29261
0 0 807 65.1151 -9.06959 -4.10846 -7.47459 -77.8149 8.5606
0 0 808 55.4332 -16.4417 -0.817512 -9.05388 -88.5767 5.17841
0 0 809 59.3882 -15.6146 -4.86446 -4.65756 -81.3482 5.21201
0 0 810 50.4337 -10.7227 -9.08422 -7.10938 -69.8644 6.06394
0 0 811 50.5078 -15.1313 -4.24327 -7.49784 -82.1674 5.42427
0 0 812 52.2598 -13.2522 -5.48037 -14.5368 -78.7664 5.94372
0 0 813 46.7038 -12.9516 -5.35764 -9.70195 -78.7634 6.08142
0 0 814 43.0165 -13.1192 -9.91673 -7.55075 -71.4573 5.18213
0 0 815 39.6602 -9.85195 -3.61978 -10.1804 -79.9129 8.12119
0 0 816 41.4341 -15.9019 -7.07005 -7.13712 -78.015 4.89784
0 0 817 39.0486 -12.618 -2.36002 -0.242048 -84.703 6.64065
0 0 818 35.8008 -16.1957 -9.96004 -1.99566 -74.2046 4.48261
0 0 819 36.3615 -7.59553 -6.09761 -5.1113 0 0
0 0 820 35.4154 -12.0569 -6.42928 -6.33594 -75.9657 6.23775
0 0 821 34.8636 -9.34482 -8.34856 -5.04014 -69.1114 6.80058
0 0 822 29.1791 -12.6299 -4.30316 -5.43999 -80.5927 6.38844
0 0 823 28.7176 -9.24577 -3.17975 -2.15257 0 0
0 0 824 26.3521 -9.7176 -0.966913 -8.83559 0 0
0 0 825 22.0492 -7.40612 -5.08444 -3.84897 0 0
0 0 826 25.1773 -10.4162 -5.0178 -5.7528 -77.1392 7.37208
0 0 827 33.8096 -7.22867 -10.4452 0.188692 -62.3427 6.70746
0 0 828 17.0463 -7.65347 -2.3163 -2.45709 0 0
0 0 829 22.872 -5.83258 -6.55934 -0.258364 0 0
0 0 830 17.5743 -9.85645 1.03388 -7.82876 87.006 8.60159
0 0 831 21.5334 -8.91868 -0.663415 0.303175 0 0
0 0 832 17.6018 -8.54402 -2.48491 -1.02728 0 0
0 0 833 17.3044 -5.86647 -3.90465 -8.27471 0 0
0 0 834 16.9748 -1.93813 -5.86665 -1.1816 0 0
0 0 835 18.5678 -9.02721 -6.12574 -3.78441 -72.9199 7.81217
0 0 836 16.8702 -3.55345 0.14115 -1.93458 0 0
0 0 837 16.504 -7.90203 -0.940356 3.884 0 0
0 0 838 19.7387 -3.29462 -2.27914 -0.906033 0 0
0 0 839 14.394 -4.38106 0.028927 1.19659 0 0
0 0 840 16.448 -6.709 -2.63911 -1.00615 0 0
0 0 841 11.4725 -0.696116 -2.39765 4.52099 0 0
0 0 842 14.5554 -2.59287 -4.72778 -4.87043 0 0
0 0 843 10.5903 -0.553684 -5.42796 -2.54543 0 0
0 0 844 9.49003 -0.687353 -0.921994 -3.34486 0 0
0 0 845 12.6545 0.389997 -4.78401 -4.46807 0 0
0 0 846 11.7269 -5.45074 1.91426 3.22151 0 0
0 0 847 10.3735 -1.26869 -2.02853 -2.41882 0 0
0 0 848 10.6773 0.444276 1.23466 -4.25983 0 0
0 0 849 6.09339 0.950925 -4.0867 1.76105 0 0
0 0 850 9.57861 2.51206 2.0992 -3.03293 0 0
0 0 851 6.30452 0.563551 2.09104 -1.59624 0 0
0 0 852 4.36253 1.80013 1.59698 -1.00587 0 0
0 0 853 7.33601 -1.86299 0.96373 -4.15452 0 0
0 0 854 15.0318 2.60702 -1.54713 -2.0024 0 0
0 0 855 9.1792 2.81271 -0.721775 2.59914 0 0
0 0 856 6.00567 1.50642 4.04025 1.3405 0 0
0 0 857 0.921679 -2.88162 -0.658937 -1.25116 0 0
0 0 858 8.18341 0.851302 0.139675 -0.00495131 0 0
0 0 859 8.17078 -2.72468 -2.8971 -0.367163 0 0
0 0 860 9.17739 -0.76815 2.8802 -4.6725 0 0
0 0 861 9.67539 -2.39974 2.96756 0.671214 0 0
0 0 862 6.816 -2.95761 -1.35714 -1.3293 0 0
0 0 863 10.2926 8.5026 -2.5041 -2.71342 0 0
0 0 864 2.84929 0.616887 -1.97739 4.38129 0 0
0 0 865 10.0258 -0.852411 5.35918 1.28234 0 0
0 0 866 6.16276 -0.442639 1.25683 -4.22145 0 0
0 0 867 8.09433 -0.517359 5.43168 4.2358 0 0
0 0 868 3.57267 -1.79505 7.51947 -6.77997 0 0
0 0 869 7.81564 -4.57184 2.57423 -3.02936 0 0
0 0 870 5.34091 0.775419 7.27177 0.346953 0 0
0 0 871 -1.05607 3.62927 3.91959 3.77617 0 0
0 0 872 2.43497 0.564924 5.18307 -0.854634 0 0
0 0 873 5.84659 -4.56805 6.72176 -8.07395 0 0
0 0 874 14.0305 -4.71944 2.69472 4.59369 0 0
0 0 875 9.96047 4.15606 8.96093 -7.18068 0 0
0 0 876 6.56132 2.1254 4.43664 0.267866 0 0
0 0 877 8.98479 -1.31722 3.35033 -3.88957 0 0
0 0 878 7.98918 2.3485 7.16034 -2.05903 0 0
0 0 879 4.89758 2.70923 5.45582 -0.169599 0 0
0 0 880 7.09224 -2.16053 7.27701 3.63439 0 0
0 0 881 13.5781 -1.69954 7.8882 -1.66224 0 0
0 0 882 9.11531 0.0271597 7.4187 2.46337 0 0
0 0 883 10.1877 -0.119713 8.63879 -2.31893 0 0
0 0 884 8.73282 0.487076 8.68648 0.792684 0 0
0 0 885 11.4381 -4.59475 2.97392 -6.32677 0 0
0 0 886 11.427 -3.82608 3.33209 -3.6529 0 0
0 0 887 -0.0235169 -6.75762 10.2907 -1.93071 61.6459 6.92063
0 0 888 13.6931 -1.15628 9.79819 -2.0574 0 0
0 0 889 11.3569 -4.13561 9.68572 2.40165 56.5607 8.08901
0 0 890 3.87845 1.42166 8.66764 -1.92621 0 0
0 0 891 2.60346 -3.17768 7.55281 -6.03379 0 0
0 0 892 8.49343 -1.92278 9.9151 -1.02178 50.4874 8.43412
0 0 893 9.41355 -6.39273 5.1362 -0.108949 0 0
0 0 894 9.58576 -3.66399 1.94274 2.50729 0 0
0 0 895 9.40612 -8.09785 6.10911 4.14259 71.4843 8.40149
0 0 896 12.6587 -5.10672 7.45269 -1.30723 0 0
0 0 897 4.11418 -5.94348 3.19974 4.91012 0 0
0 0 898 7.13685 -5.32383 8.14758 2.45004 0 0
0 0 899 11.6711 0.040185 7.75795 0.760633 0 0
0 0 900 4.87235 0.74092 6.67894 -0.442986 0 0
0 0 901 11.1133 -8.953 2.99938 0.259421 0 0
0 0 902 7.89364 -0.508037 -2.50675 1.05279 0 0
0 0 903 5.96925 0.380139 3.85775 -4.91798 0 0
0 0 904 6.14851 -4.55974 1.2222 2.4127 0 0
0 0 905 2.63327 -8.24844 8.97373 -1.6904 66.2943 6.99098
0 0 906 6.55826 -4.8246 2.63255 -4.36492 0 0
0 0 907 4.04572 -3.12387 1.30313 -1.60076 0 0
0 0 908 1.29753 -1.341 5.02424 1.00613 0 0
0 0 909 7.6488 -4.21986 6.68614 -1.33823 0 0
0 0 910 2.27673 -1.50835 -2.52251 -0.143484 0 0
0 0 911 5.46575 0.895322 4.2847 -5.2359 0 0
0 0 912 2.36876 -1.0344 5.39362 4.43417 0 0
0 0 913 1.80427 -4.51805 -0.299668 0.0424778 0 0
0 0 914 3.10886 1.90696 2.1297 -2.01208 0 0
0 0 915 5.98955 -3.48971 0.387079 0.863607 0 0
0 0 916 2.63617 -1.01401 0.748868 -1.9013 0 0
0 0 917 -0.223263 0.779579 1.17295 0.5687 0 0
0 0 918 3.54951 -6.16503 3.10425 2.5162 0 0
0 0 919 6.18377 -5.09832 -3.39488 0.317255 0 0
0 0 920 2.77582 2.32729 2.27028 1.33088 0 0
0 0 921 0.142586 -0.447539 4.31696 -0.742971 0 0
0 0 922 0.997045 0.996633 -2.54448 -0.778424 0 0
0 0 923 3.94888 -0.642772 -4.00439 2.21006 0 0
0 0 924 -2.25819 1.53188 -0.38361 -0.597979 0 0
0 0 925 0.273015 0.65258 0.939477 -1.95859 0 0
0 0 926 6.54648 0.496123 4.07624 -1.48542 0 0
0 0 927 -0.769532 2.14072 5.95811 3.71777 0 0
0 0 928 7.00403 2.38598 2.00293 -0.131073 0 0
0 0 929 4.11447 -1.73341 0.478678 -0.0980147 0 0
0 0 930 5.58285 -1.47847 -2.69439 1.34981 0 0
0 0 931 6.64198 -5.50762 2.93036 -4.58784 0 0
0 0 932 6.56084 1.62474 -1.4069 -1.65669 0 0
0 0 933 4.00953 -2.05555 1.47443 -3.06714 0 0
0 0 934 5.93221 6.29832 -4.50319 0.371976 0 0
0 0 935 3.47096 -0.537686 2.8694 -1.0696 0 0
0 0 936 1.32898 -0.756915 0.558327 2.42106 0 0
0 0 937 -0.659115 -3.55487 -3.65938 -3.78036 0 0
0 0 938 3.72969 2.39022 3.4444 -2.60162 0 0
0 0 939 -0.816425 -3.89082 2.83125 -3.46997 0 0
0 0 940 2.68941 1.07874 4.27315 -3.93793 0 0
0 0 941 -3.33095 1.71113 -1.57429 -0.473109 0 0
0 0 942 2.03708 -0.462536 0.206969 -1.20031 0 0
0 0 943 2.08383 1.66611 -0.137339 1.39774 0 0
0 0 944 2.39534 -7.66979 -2.32953 1.13462 0 0
0 0 945 0.390226 2.13701 0.296276 -2.41097 0 0
0 0 946 4.73602 1.27934 1.61619 -0.197966 0 0
0 0 947 0.175587 0.412479 1.68336 3.52633 0 0
0 0 948 1.82851 -1.56822 -0.636642 1.30648 0 0
0 0 949 -1.4918 -0.519825 4.18903 -2.42103 0 0
0 0 950 4.51073 1.5727 -0.581949 -1.89509 0 0
0 0 951 0.859883 -2.57158 -0.712703 -1.69409 0 0
0 0 952 -0.634402 -1.67814 0.122176 0.90408 0 0
0 0 953 3.80354 -3.96962 1.19693 1.62752 0 0
0 0 954 0.151423 -1.88048 1.03964 -1.00981 0 0
0 0 955 -0.33785 -2.21439 -1.6629 0.442563 0 0
0 0 956 6.41334 -0.912778 -0.380333 0.12602 0 0
0 0 957 3.21812 -2.41165 -4.68799 2.95344 0 0
0 0 958 2.34547 1.4996 4.41867 -5.12882 0 0
0 0 959 2.51541 2.42228 -4.52598 -5.70933 0 0
0 0 960 4.50468 6.13712 2.17549 1.24227 0 0
0 0 961 5.2911 -1.25211 -1.62501 0.673287 0 0
0 0 962 -2.26421 -2.68265 -1.6234 2.48807 0 0
0 0 963 3.99538 2.74469 -3.12909 2.60762 0 0
0 0 964 2.97597 0.0422 6.13651 0.946925 0 0
0 0 965 3.28938 -4.02226 0.078897 3.17735 0 0
0 0 966 3.16082 2.4094 -2.47295 -4.12786 0 0
0 0 967 6.63584 0.0618291 -4.12433 -1.79662 0 0
0 0 968 4.02246 -2.94895 -1.13355 3.01264 0 0
0 0 969 3.20584 1.60859 2.74201 0.739179 0 0
0 0 970 -2.1371 -1.24892 -3.91339 -7.38258 0 0
0 0 971 2.71297 -0.103064 -0.831302 5.44347 0 0
0 0 972 0.839304 -3.96477 -0.648436 -0.719531 0 0
0 0 973 -3.28444 -3.14395 -0.369366 1.24079 0 0
0 0 974 2.1782 -3.49765 -0.585653 -2.08187 0 0
0 0 975 4.28193 5.76198 2.5106 -2.68116 0 0
0 0 976 2.79949 -2.24806 -1.07686 -0.270762 0 0
0 0 977 -1.91998 -1.03972 -2.05384 -2.10527 0 0
0 0 978 1.5401 2.2145 -4.3897 -0.994483 0 0
0 0 979 3.47508 1.79287 4.28503 0.274507 0 0
0 0 980 2.36177 4.03402 -1.68576 -0.37665 0 0
0 0 981 -0.185128 0.911246 1.19453 2.14351 0 0
0 0 982 -2.28591 2.69508 2.69338 -1.97983 0 0
0 0 983 0.90904 -2.39176 -0.681977 -5.24752 0 0
0 0 984 1.50357 0.590684 2.1999 -8.24739 0 0
0 0 985 -2.6728 1.20738 -1.88189 -1.43727 0 0
0 0 986 4.00558 3.57642 -0.243802 -2.44997 0 0
0 0 987 4.03411 -0.0730621 -0.421683 -5.64383 0 0
0 0 988 1.58788 2.79142 3.79266 -2.43551 0 0
0 0 989 5.8428 -0.767369 -4.47202 -1.19584 0 0
0 0 990 -6.75147 0.847885 -0.334483 1.03684 0 0
0 0 991 2.9351 0.832967 0.337551 0.219213 0 0
0 0 992 1.58051 -4.61902 -1.19524 -2.42857 0 0
0 0 993 0.342303 0.0461653 -0.0550558 -1.3854 0 0
0 0 994 1.584 -0.369293 3.30773 -1.6697 0 0
0 0 995 -0.297106 -7.19889 8.73204 3.99465 64.7515 7.52922
0 0 996 0.871979 -0.0690089 -2.00615 0.636614 0 0
0 0 997 -1.6934 3.16731 0.76285 -0.0560428 0 0
0 0 998 0.447881 5.76688 -0.352817 -2.34468 0 0
0 0 999 0.801467 6.75249 3.56312 5.04508 0 0
0 0 1000 3.02576 0.549518 0.939167 -5.28616 0 0
0 0 1001 -0.091109 0.773076 -0.940586 -0.133289 0 0
0 0 1002 -2.26333 1.26044 -1.36856 -1.16274 0 0
0 0 1003 -0.390608 3.60777 -3.55581 -3.54464 0 0
0 0 1004 6.86972 7.65322 0.870963 -1.75193 0 0
0 0 1005 1.22813 0.376554 -2.98207 -1.2361 0 0
0 0 1006 3.92789 -3.87328 -3.29612 5.39548 0 0
0 0 1007 3.79808 -5.16496 -0.874994 0.644681 0 0
0 0 1008 0.847719 -2.4628 -1.7325 -2.62838 0 0
0 0 1009 -3.0579 1.66967 -0.643619 -3.64481 0 0
0 0 1010 -3.12307 -0.987248 -2.77125 -2.13761 0 0
0 0 1011 -0.0112731 0.960581 -2.44748 -0.345066 0 0
0 0 1012 2.31502 -0.0435704 -1.96032 -0.487688 0 0
0 0 1013 3.42422 0.808053 -0.0085903 -3.08993 0 0
0 0 1014 -0.405346 3.29953 5.51252 2.96894 0 0
0 0 1015 -0.383378 -4.84674 5.79568 0.734159 0 0
0 0 1016 0.108795 -0.185447 2.31704 1.54172 0 0
0 0 1017 -2.60867 1.34249 0.179193 -4.51764 0 0
0 0 1018 1.63091 -6.64544 0.98768 -1.9275 0 0
0 0 1019 -0.411452 1.85222 -3.17238 -3.16204 0 0
0 0 1020 4.19129 -2.94796 -0.766656 -6.73227 0 0
0 0 1021 -4.09234 1.53939 1.98883 -0.705111 0 0
0 0 1022 3.69498 0.176975 -4.07715 -2.57432 0 0
0 0 1023 1.86269 -2.84947 -4.49139 -2.75333 0 0
