# File: uwl_230530_143722_Combined.rf.sbC2.RMC_aux Src: J1713+0747 Nsub: 1 Nch: 1 Npol: 4 Nbin: 1024 RMS: 4.81906
0 0 0 12.0637 -10.8225 -1.0932 5.87048 0 0
0 0 1 10.2125 -12.0154 -9.66781 0.554103 -70.5897 7.67741
0 0 2 18.6642 -4.77862 -14.6321 -5.33244 -54.0432 7.5766
0 0 3 16.6581 -0.909739 0.207509 0.55299 0 0
0 0 4 7.09532 -0.778508 3.07129 -0.964038 0 0
0 0 5 11.6558 -6.40952 3.97047 2.22205 0 0
0 0 6 12.7806 -5.22805 2.00886 4.51211 0 0
0 0 7 14.9921 -9.57374 -1.65966 0.00610978 0 0
0 0 8 10.5167 -1.77145 -12.3019 2.67924 0 0
0 0 9 13.1589 -5.18057 2.82057 4.94136 0 0
0 0 10 11.1443 -2.95039 1.18684 6.26273 0 0
0 0 11 17.561 -0.74958 -0.710269 4.39831 0 0
0 0 12 5.43879 -13.1338 -13.4129 3.33835 -67.1989 6.28552
0 0 13 3.37611 -2.31565 6.71906 -3.67702 0 0
0 0 14 6.99469 -7.67921 0.837486 5.02794 0 0
0 0 15 2.42686 -6.30681 -4.79699 -5.84864 0 0
0 0 16 2.62071 -5.27035 -4.1492 -2.29791 0 0
0 0 17 14.7672 -4.83489 5.80235 3.63799 0 0
0 0 18 8.02573 7.59851 -4.49485 -3.65357 0 0
0 0 19 7.78229 -5.43842 -0.276678 -1.83276 0 0
0 0 20 6.66945 -4.53232 -1.67943 -4.46882 0 0
0 0 21 15.4232 0.320025 -6.34123 7.36429 0 0
0 0 22 1.8978 4.80461 -4.05865 -0.694647 0 0
0 0 23 7.32726 -4.92347 -1.85035 -9.73259 0 0
0 0 24 1.5551 0.0959783 -1.92055 5.93004 0 0
0 0 25 5.48211 0.336446 3.32733 -9.82795 0 0
0 0 26 11.5085 4.77769 -3.83475 2.90718 0 0
0 0 27 6.90467 5.10241 -2.88187 -0.809399 0 0
0 0 28 4.05553 -8.76715 1.99371 -1.802 0 0
0 0 29 -3.90107 -0.490531 7.82162 -1.15294 0 0
0 0 30 10.7571 1.49976 4.15118 0.965289 0 0
0 0 31 5.10152 4.47286 -2.02686 1.06897 0 0
0 0 32 16.2588 -4.70986 7.15762 -0.689622 0 0
0 0 33 12.0231 -3.45327 -0.861368 -0.293372 0 0
0 0 34 2.51014 5.95915 2.8436 7.3689 0 0
0 0 35 12.229 -3.47609 2.43624 -4.01085 0 0
0 0 36 7.99425 4.79447 3.59421 -2.43743 0 0
0 0 37 8.92891 -0.976506 3.29881 3.54261 0 0
0 0 38 0.899854 -6.53725 6.60316 1.50649 0 0
0 0 39 -0.875369 1.31609 2.91226 -4.49283 0 0
0 0 40 8.62943 -6.25172 -2.01396 -1.24205 0 0
0 0 41 -1.76998 -3.65813 7.88904 6.97423 0 0
0 0 42 9.61985 1.5111 -0.240366 0.0557295 0 0
0 0 43 0.547625 -4.92621 3.51958 4.97826 0 0
0 0 44 6.22989 0.308277 -2.5909 -4.93764 0 0
0 0 45 2.46664 -8.21106 8.31721 -6.63699 0 0
0 0 46 12.3376 0.207761 -0.0667681 -2.01495 0 0
0 0 47 8.06168 -6.53365 3.92199 -7.49295 0 0
0 0 48 7.23262 -3.69463 2.54031 -9.67515 0 0
0 0 49 16.0888 1.72015 4.22698 2.04522 0 0
0 0 50 9.53547 4.83971 9.34627 1.23016 0 0
0 0 51 9.70056 -5.19029 7.22706 3.40993 0 0
0 0 52 11.1706 -0.655887 7.99511 8.25522 0 0
0 0 53 5.67955 -8.06944 0.748263 3.34752 0 0
0 0 54 9.08324 0.0653214 -0.56054 0.0278514 0 0
0 0 55 13.7283 -7.83013 6.22044 -1.26151 0 0
0 0 56 9.09276 -5.16569 -1.22883 2.25428 0 0
0 0 57 6.17456 9.35837 2.02879 -5.98945 0 0
0 0 58 14.189 -4.26016 4.11923 5.56721 0 0
0 0 59 14.7264 -3.52261 0.38066 -1.51942 0 0
0 0 60 10.2874 -2.56895 8.08 2.22737 0 0
0 0 61 6.0394 -7.03405 3.87941 -1.46461 0 0
0 0 62 8.72123 -3.71952 5.27859 -4.63071 0 0
0 0 63 15.0451 0.186901 1.76712 -3.37632 0 0
0 0 64 10.6908 -7.53261 -1.39297 2.95581 0 0
0 0 65 0.368486 -6.07693 -0.935461 2.50062 0 0
0 0 66 12.7259 3.9958 7.41313 2.44694 0 0
0 0 67 5.31454 -7.42582 7.11962 4.02004 0 0
0 0 68 10.4739 -4.10689 1.28956 2.93821 0 0
0 0 69 -0.879545 -9.21739 5.16456 6.87401 0 0
0 0 70 0.702942 -2.40248 3.43976 5.01578 0 0
0 0 71 5.40685 -1.37159 5.25214 5.11557 0 0
0 0 72 3.04956 -8.72972 4.84264 5.91582 0 0
0 0 73 6.71215 -3.71949 6.93142 -0.70219 0 0
0 0 74 8.8011 -2.68598 -3.00014 5.1051 0 0
0 0 75 5.22153 4.4022 3.89317 -8.22107 0 0
0 0 76 0.105791 -5.96501 -0.810432 2.83115 0 0
0 0 77 1.63368 -0.535701 1.94099 1.18089 0 0
0 0 78 2.50673 3.31271 4.28693 -0.366468 0 0
0 0 79 -2.28858 1.34392 3.89518 1.02558 0 0
0 0 80 8.95876 -2.51877 7.1305 -2.39821 0 0
0 0 81 6.37874 12.1665 7.92983 2.92482 16.5477 8.17541
0 0 82 -0.103566 4.04956 1.78393 -3.07251 0 0
0 0 83 3.27398 -1.78779 4.36506 -0.737041 0 0
0 0 84 2.50397 -3.11823 -2.67753 4.35723 0 0
0 0 85 -4.25327 -3.23278 -1.74083 0.339937 0 0
0 0 86 -2.46573 1.58032 -1.06515 3.95398 0 0
0 0 87 3.03278 -3.4905 1.28791 -2.47721 0 0
0 0 88 5.08405 -7.00199 -0.889845 0.295643 0 0
0 0 89 1.62372 -2.37878 -0.18374 -1.92914 0 0
0 0 90 -2.71699 -0.0943502 -0.0686023 0.22524 0 0
0 0 91 8.20234 -3.74146 -1.63036 3.86693 0 0
0 0 92 -6.50303 0.242955 2.86614 0.923447 0 0
0 0 93 6.67669 -2.7831 2.76668 0.0361474 0 0
0 0 94 9.64321 -4.32628 4.222 -2.9312 0 0
0 0 95 0.459052 -11.158 0.177232 -3.78612 0 0
0 0 96 -3.87104 0.401377 5.09747 4.91019 0 0
0 0 97 1.29434 -0.344874 -0.348459 -0.97 0 0
0 0 98 0.196186 -1.00389 -13.9094 6.26815 -47.064 8.33982
0 0 99 -0.711546 -4.06391 0.97615 -2.00962 0 0
0 0 100 -3.91986 -3.18831 -4.29326 -4.84626 0 0
0 0 101 0.156791 -3.80931 7.28544 10.4909 0 0
0 0 102 -5.13097 -0.163053 4.17338 -3.04445 0 0
0 0 103 -0.748533 -0.785368 1.302 2.99564 0 0
0 0 104 0.415202 3.79054 -2.30724 6.43885 0 0
0 0 105 -0.845291 -5.65509 -0.30377 -4.5109 0 0
0 0 106 -1.52191 -3.07008 2.52787 2.03259 0 0
0 0 107 0.112606 -0.0144651 3.39563 0.0934113 0 0
0 0 108 3.18709 -8.7035 -0.797007 0.454452 0 0
0 0 109 0.827504 -5.38007 -2.99802 -3.87369 0 0
0 0 110 4.8213 -5.10307 2.10663 -3.80543 0 0
0 0 111 0.637734 -0.911795 -7.83656 -3.18264 0 0
0 0 112 3.70405 -3.42403 -5.49624 3.54589 0 0
0 0 113 7.42299 2.30435 2.77972 3.06932 0 0
0 0 114 -5.00711 0.0612543 -4.04135 0.272265 0 0
0 0 115 3.76241 2.61424 -3.20135 1.98591 0 0
0 0 116 3.19651 -9.61781 7.98812 2.01301 0 0
0 0 117 1.10102 -2.78152 4.5994 4.0884 0 0
0 0 118 -4.26951 3.15853 3.02318 -4.95543 0 0
0 0 119 -0.667977 1.58109 -2.87769 7.32532 0 0
0 0 120 2.25572 3.60858 -8.74755 -4.01258 0 0
0 0 121 4.47809 0.850968 -2.69171 2.76104 0 0
0 0 122 4.41506 8.07781 -3.26795 -0.389113 0 0
0 0 123 4.77521 -11.1556 -2.20948 3.63956 0 0
0 0 124 -5.36956 -1.80059 -0.672315 -0.0396574 0 0
0 0 125 2.83201 -4.6249 2.11642 5.30201 0 0
0 0 126 5.3374 -3.29534 6.10577 -2.91764 0 0
0 0 127 -6.18727 -6.98153 4.87615 6.13877 0 0
0 0 128 -2.78654 -1.52233 -4.52029 1.80092 0 0
0 0 129 5.94697 1.44467 -3.83208 -8.50323 0 0
0 0 130 -0.868678 -1.12035 0.338586 11.5441 0 0
0 0 131 -1.2375 6.05791 2.48858 4.94086 0 0
0 0 132 0.0696917 -3.16486 0.439902 -5.54152 0 0
0 0 133 -4.0648 -2.24811 2.37185 2.90063 0 0
0 0 134 -0.154692 -4.58012 -7.37831 0.387356 0 0
0 0 135 5.97882 -4.41607 0.781219 5.44808 0 0
0 0 136 -2.54291 3.11091 4.46572 1.22418 0 0
0 0 137 -6.04261 -0.0542033 4.19449 -6.63761 0 0
0 0 138 -0.538031 -0.0560617 -5.94389 -5.22576 0 0
0 0 139 0.0911435 -0.810919 -2.02553 7.99867 0 0
0 0 140 5.14786 -2.17235 -1.01735 5.14387 0 0
0 0 141 3.93994 1.62333 -0.31877 4.87195 0 0
0 0 142 -0.408065 -1.36225 4.92481 0.102945 0 0
0 0 143 4.19294 -4.31164 -3.77078 -4.76044 0 0
0 0 144 -4.03004 6.84821 -2.82813 2.67873 0 0
0 0 145 0.665731 -2.59464 3.80986 4.08646 0 0
0 0 146 2.89582 -1.57974 0.664593 -0.357594 0 0
0 0 147 5.61129 1.27488 -6.14552 1.71819 0 0
0 0 148 3.70494 1.14433 2.8451 0.946264 0 0
0 0 149 7.24167 2.10325 7.33828 -3.04437 0 0
0 0 150 1.05888 -1.89044 -7.114 3.33069 0 0
0 0 151 -4.51783 -2.6464 -1.70186 -1.01721 0 0
0 0 152 -1.78399 2.00831 1.04805 8.60325 0 0
0 0 153 2.61231 6.28475 1.17162 -4.00183 0 0
0 0 154 1.27804 6.27224 -6.24897 -2.75935 0 0
0 0 155 2.21925 5.30469 -0.358705 3.79191 0 0
0 0 156 1.75816 -1.34103 3.36074 -0.300047 0 0
0 0 157 3.05577 -2.60203 3.78927 1.05715 0 0
0 0 158 7.63012 -3.4304 2.11474 8.61591 0 0
0 0 159 -0.167019 1.62503 -0.771278 9.8808 0 0
0 0 160 -0.815588 -2.51025 3.66513 -3.55387 0 0
0 0 161 -2.91122 -3.13825 -1.98479 10.5889 0 0
0 0 162 -2.2945 -1.04729 -1.15824 8.5483 0 0
0 0 163 -4.87916 -1.11047 -6.10802 -0.372404 0 0
0 0 164 1.56082 -4.31095 -6.76189 -1.62886 0 0
0 0 165 -3.439 3.18152 -0.735419 1.71733 0 0
0 0 166 -3.49095 -4.37478 4.8982 -1.78817 0 0
0 0 167 1.80973 -3.62725 1.80195 2.87627 0 0
0 0 168 4.55223 6.75197 1.81544 0.296406 0 0
0 0 169 -10.231 3.33282 -0.863801 -1.19124 0 0
0 0 170 3.14184 2.99046 2.00881 4.53442 0 0
0 0 171 1.66626 2.39176 4.61479 0.452996 0 0
0 0 172 -8.51182 -8.08857 -3.18446 -1.02052 0 0
0 0 173 -4.99978 0.717053 4.92979 4.61768 0 0
0 0 174 6.56157 -0.251443 8.30598 3.68999 0 0
0 0 175 -2.67146 4.88217 5.70602 -0.532016 0 0
0 0 176 7.86353 1.75796 7.62957 -0.410181 0 0
0 0 177 9.44638 2.22289 1.15158 4.30884 0 0
0 0 178 0.948488 6.49387 0.745745 -2.29716 0 0
0 0 179 1.94178 -0.0322952 -2.84912 7.43852 0 0
0 0 180 -0.901141 -0.957025 2.08029 4.55645 0 0
0 0 181 -8.17054 -2.17022 2.09765 5.99409 0 0
0 0 182 -2.6535 -0.562516 2.08029 -0.294795 0 0
0 0 183 1.48771 -0.494703 -7.20102 0.547039 0 0
0 0 184 0.912376 -2.14526 -6.15046 -1.39296 0 0
0 0 185 -0.113554 -7.97287 1.74674 1.04551 0 0
0 0 186 -1.57182 3.59395 -0.494903 -1.1268 0 0
0 0 187 4.74149 -5.11229 -5.00636 0.676176 0 0
0 0 188 3.28727 1.94884 -3.08452 -0.417781 0 0
0 0 189 8.15986 1.81481 -5.61875 2.15864 0 0
0 0 190 -1.53202 -3.57488 -0.50601 5.16321 0 0
0 0 191 -4.56538 12.8281 1.03422 -3.26419 0 0
0 0 192 3.53811 -3.36707 1.89656 1.13715 0 0
0 0 193 0.542667 7.59526 1.47159 4.71562 0 0
0 0 194 -1.62629 -5.30499 -2.89404 -1.36111 0 0
0 0 195 -6.3332 -0.734538 -4.19489 0.288581 0 0
0 0 196 -2.48738 -3.22025 2.98019 0.23825 0 0
0 0 197 -2.39817 0.773699 0.607327 0.0702544 0 0
0 0 198 2.64132 0.743039 -1.0271 -0.381737 0 0
0 0 199 0.671665 -2.58459 -0.803495 -3.52511 0 0
0 0 200 0.455489 -2.53757 -3.31243 3.33867 0 0
0 0 201 -5.78068 0.626472 -1.411 1.62175 0 0
0 0 202 -5.25481 -9.28727 0.189866 -2.63541 0 0
0 0 203 2.79063 -0.855112 0.679281 -10.2751 0 0
0 0 204 1.69017 3.94374 1.17978 3.76123 0 0
0 0 205 4.47411 -1.81358 3.47602 -4.07836 0 0
0 0 206 -5.22094 5.94468 -2.56454 5.22348 0 0
0 0 207 5.90424 -0.521399 1.34876 1.418 0 0
0 0 208 -4.65058 2.83545 1.76871 -9.87383 0 0
0 0 209 7.92245 -1.28561 3.16146 -4.92645 0 0
0 0 210 3.34233 -2.74531 -1.10423 -0.464332 0 0
0 0 211 6.85037 -0.848802 -2.0289 2.64651 0 0
0 0 212 0.800584 -7.61539 9.31973 -0.128024 0 0
0 0 213 2.08202 -1.17221 -5.88331 7.21623 0 0
0 0 214 -2.65053 -7.14102 -0.680385 -3.5088 0 0
0 0 215 -3.18931 4.96731 3.01312 -0.135995 0 0
0 0 216 0.620467 -7.00857 -1.47539 8.68738 0 0
0 0 217 -5.64523 -1.33388 0.704169 6.65116 0 0
0 0 218 5.18838 -2.7471 0.958973 3.51743 0 0
0 0 219 4.57346 -1.35392 8.18894 -7.05931 0 0
0 0 220 -0.831293 1.38513 4.65627 3.63493 0 0
0 0 221 0.454858 1.78615 6.19336 -6.85 0 0
0 0 222 -2.97332 5.66137 -5.22018 -5.26953 0 0
0 0 223 3.0283 -2.21293 -3.78323 -3.62804 0 0
0 0 224 3.01785 6.03903 -0.280008 7.95688 0 0
0 0 225 9.06266 0.997259 4.541 -4.73718 0 0
0 0 226 -6.79042 7.17062 1.12824 -3.27854 0 0
0 0 227 1.02271 2.24176 -2.0508 -4.90464 0 0
0 0 228 3.76482 1.27421 -6.07571 -0.850525 0 0
0 0 229 -10.4508 1.83443 2.91374 3.15416 0 0
0 0 230 1.33781 -7.54533 -0.146947 3.26552 0 0
0 0 231 0.431668 3.30683 -8.31967 1.73264 0 0
0 0 232 4.77439 3.63218 0.580723 -0.705331 0 0
0 0 233 -5.68665 3.60172 0.35102 -3.01077 0 0
0 0 234 -0.329815 -6.74716 -3.71276 -0.218439 0 0
0 0 235 2.65658 -2.26528 1.82087 7.74098 0 0
0 0 236 2.8836 2.12926 3.02745 -3.22916 0 0
0 0 237 0.298087 -5.54742 -5.13243 3.90214 0 0
0 0 238 -1.54995 2.62027 -0.250899 -1.88576 0 0
0 0 239 -3.46316 -4.05726 -5.60362 -1.5641 0 0
0 0 240 -7.69956 -5.18332 0.673329 8.41792 0 0
0 0 241 0.307629 -5.43671 0.142605 1.68369 0 0
0 0 242 -0.8395 4.67018 -4.86312 -3.78764 0 0
0 0 243 -0.954871 -2.99347 0.0364786 -1.86809 0 0
0 0 244 0.211104 2.64662 1.08559 -0.675094 0 0
0 0 245 -2.26605 -0.310032 -0.953488 -1.84947 0 0
0 0 246 0.422649 -5.45765 -1.65207 -5.38379 0 0
0 0 247 -2.25929 -7.02652 -11.4186 0.125229 0 0
0 0 248 0.484313 -5.14593 -2.12257 -2.26675 0 0
0 0 249 -1.31315 -2.71856 -3.45462 3.00961 0 0
0 0 250 -10.566 -0.686778 2.4503 1.44956 0 0
0 0 251 -3.10231 5.13773 -2.66357 -0.0678187 0 0
0 0 252 3.91252 2.19127 2.97224 -10.2808 0 0
0 0 253 0.0922303 -6.03434 -2.0273 8.48596 0 0
0 0 254 0.920092 -3.54975 -0.982064 2.34552 0 0
0 0 255 3.27319 1.49065 2.95143 -2.92117 0 0
0 0 256 0.800092 -1.70625 5.37388 3.57473 0 0
0 0 257 6.22299 6.9948 9.78011 6.13124 0 0
0 0 258 10.4102 9.15482 0.735563 -0.0367671 0 0
0 0 259 3.96664 -8.43632 6.8289 13.4111 0 0
0 0 260 1.75657 6.65899 -6.21542 2.9127 0 0
0 0 261 -2.87712 2.40915 2.71347 -5.82298 0 0
0 0 262 -6.59627 -9.19222 7.62952 6.17121 0 0
0 0 263 -0.822648 1.91657 -0.25214 -3.55548 0 0
0 0 264 5.91705 2.24543 1.04955 4.67795 0 0
0 0 265 3.9041 -5.13587 3.93349 3.55543 0 0
0 0 266 2.56713 4.03994 0.301197 7.23771 0 0
0 0 267 3.73415 0.497612 -6.29388 -1.67506 0 0
0 0 268 -3.9444 -0.996003 -2.77337 -1.65164 0 0
0 0 269 1.79467 2.95983 -1.9254 2.01838 0 0
0 0 270 -8.97951 6.24062 1.04822 5.97337 0 0
0 0 271 -0.701598 -2.16829 1.09497 -0.888409 0 0
0 0 272 -3.08776 -5.71899 2.53969 2.99249 0 0
0 0 273 -10.2318 1.21153 0.325204 1.72682 0 0
0 0 274 -7.33435 -0.963314 -3.36169 -10.0792 0 0
0 0 275 4.59611 -5.09823 -6.48147 6.29894 0 0
0 0 276 3.88778 2.80964 -0.441438 -5.14012 0 0
0 0 277 -0.290711 2.3246 0.912842 -4.0147 0 0
0 0 278 -1.54019 -1.06718 0.244354 -4.64223 0 0
0 0 279 -6.2397 5.99958 4.04248 -2.99122 0 0
0 0 280 11.2955 1.97424 -1.26336 0.981504 0 0
0 0 281 -3.67212 1.22749 -3.08361 -5.44464 0 0
0 0 282 4.55819 -0.983896 -7.3151 1.95128 0 0
0 0 283 0.553572 -3.5481 0.682561 -0.469695 0 0
0 0 284 1.12491 -4.59346 1.42747 -0.975627 0 0
0 0 285 4.26598 0.0727291 -7.02801 -1.05284 0 0
0 0 286 3.28445 -2.14835 -4.99052 0.0947146 0 0
0 0 287 5.7217 -0.890043 -7.04446 -2.03589 0 0
0 0 288 -2.03316 0.596058 1.56554 3.19973 0 0
0 0 289 -9.13992 3.79956 -1.53487 -7.21753 0 0
0 0 290 4.04276 6.15162 1.68867 8.38127 0 0
0 0 291 -1.67367 4.73325 -1.40681 7.03132 0 0
0 0 292 5.81859 -1.252 -2.15199 -3.50224 0 0
0 0 293 1.01632 -8.93363 -3.71909 0.101255 0 0
0 0 294 2.33482 1.878 5.54356 -1.14055 0 0
0 0 295 1.15514 4.77126 -0.652483 -1.75006 0 0
0 0 296 -8.63578 -1.28029 2.33356 3.12802 0 0
0 0 297 2.83713 6.64966 -2.53232 -0.221558 0 0
0 0 298 -3.0883 -1.41073 4.52436 -0.30297 0 0
0 0 299 5.56134 -3.98094 -4.57769 0.0707643 0 0
0 0 300 1.81481 -3.4715 -4.35191 1.35587 0 0
0 0 301 -3.86853 -3.08969 -0.0515991 4.10951 0 0
0 0 302 1.34834 -9.90916 -0.434635 5.17903 0 0
0 0 303 2.1936 4.05519 -3.83395 6.41374 0 0
0 0 304 -6.31675 -7.36582 5.43363 0.742669 0 0
0 0 305 6.98373 3.0264 -0.896599 -1.21844 0 0
0 0 306 -2.86849 -0.469387 0.486461 -1.77212 0 0
0 0 307 -5.86891 5.23116 2.57662 4.87523 0 0
0 0 308 7.42481 2.45341 0.2655 8.65822 0 0
0 0 309 0.543003 2.86542 5.67244 6.14138 0 0
0 0 310 6.89597 -6.2058 -0.0117337 2.33377 0 0
0 0 311 -0.00124121 8.71269 7.82181 4.49241 0 0
0 0 312 8.82224 6.19302 0.92 1.02496 0 0
0 0 313 7.47626 4.54116 0.896299 1.26665 0 0
0 0 314 -6.42834 -6.97905 3.82808 -0.212615 0 0
0 0 315 -1.48798 3.73221 1.08276 6.7545 0 0
0 0 316 -3.46513 -0.238247 -6.74036 2.8437 0 0
0 0 317 -5.16191 4.37737 -5.56234 -2.55438 0 0
0 0 318 -0.330012 -4.49881 -5.06261 7.33548 0 0
0 0 319 2.62831 9.88008 3.47641 2.96178 0 0
0 0 320 6.34292 0.958661 -1.51126 4.66427 0 0
0 0 321 4.30626 -3.33052 -2.83454 1.36134 0 0
0 0 322 -0.930547 -2.09904 4.90929 1.88899 0 0
0 0 323 -5.06891 1.18201 -0.473387 -3.91172 0 0
0 0 324 6.39361 -6.34254 4.05233 -7.85867 0 0
0 0 325 3.3984 -2.48691 -1.75186 2.16476 0 0
0 0 326 -5.05877 -2.95246 7.81334 -7.96973 0 0
0 0 327 3.02273 4.41194 -9.05486 -3.65915 0 0
0 0 328 -0.437512 -6.38945 3.73556 -1.39338 0 0
0 0 329 2.52141 -0.0629334 6.72166 -4.96365 0 0
0 0 330 6.7252 -0.751073 7.15077 3.85048 0 0
0 0 331 -3.21385 1.9681 -1.94267 -3.93003 0 0
0 0 332 -5.92965 -0.400759 3.27061 1.75584 0 0
0 0 333 0.082329 -1.79357 3.39515 -8.94524 0 0
0 0 334 -0.618131 -1.05887 -8.34614 -4.03166 0 0
0 0 335 -6.67504 -8.6566 -7.01477 0.223012 0 0
0 0 336 0.29587 -0.381736 6.90136 0.775504 0 0
0 0 337 -5.82049 -1.30083 0.973436 -7.54288 0 0
0 0 338 5.78284 2.07022 2.23003 3.10196 0 0
0 0 339 3.67363 0.831771 1.77876 -0.215688 0 0
0 0 340 0.0586246 -1.30676 -11.1276 -0.569556 0 0
0 0 341 -2.07941 -2.37877 -2.96318 -0.195148 0 0
0 0 342 -1.92544 -4.63237 -0.742055 -2.54183 0 0
0 0 343 3.34028 -5.05627 -1.97394 -1.13978 0 0
0 0 344 -0.217743 -10.2519 0.756937 -0.119954 0 0
0 0 345 -0.345041 -2.28344 -1.46051 -5.39553 0 0
0 0 346 0.420727 4.59256 2.01164 3.16596 0 0
0 0 347 2.70075 5.02934 1.69949 1.49092 0 0
0 0 348 6.70655 -2.28674 1.75762 5.68951 0 0
0 0 349 4.61457 -3.54868 -0.346495 -1.28161 0 0
0 0 350 2.84787 3.95098 5.38716 4.58367 0 0
0 0 351 -0.191415 -4.27112 -3.10723 -8.13621 0 0
0 0 352 -1.21295 -7.37771 -3.34596 4.29471 0 0
0 0 353 9.08434 -6.98562 -4.97563 -0.549286 0 0
0 0 354 0.31681 -0.483822 -3.24325 6.57652 0 0
0 0 355 -0.464557 -1.21572 -0.397093 -1.21696 0 0
0 0 356 3.19583 5.24925 4.09146 14.566 0 0
0 0 357 -6.51905 -10.2044 -0.36548 5.52989 0 0
0 0 358 -9.85111 2.80519 -0.533591 0.861198 0 0
0 0 359 2.00629 -0.875888 1.24644 -4.88699 0 0
0 0 360 -2.01945 3.48815 -8.23921 3.28458 0 0
0 0 361 -6.37547 -3.00874 1.28677 2.24628 0 0
0 0 362 -1.13467 0.566116 1.73343 1.7434 0 0
0 0 363 0.951007 -4.34757 3.13136 3.92641 0 0
0 0 364 2.62296 -4.75518 -1.94465 13.9556 0 0
0 0 365 1.32654 -6.64888 2.07542 1.10401 0 0
0 0 366 7.00849 1.74261 1.54088 6.99317 0 0
0 0 367 0.087826 7.7024 5.33745 -0.705706 0 0
0 0 368 -5.93492 8.75092 5.61593 7.98573 0 0
0 0 369 -0.137651 -1.61784 8.56799 4.51397 0 0
0 0 370 4.03997 -4.02933 6.13936 4.43721 0 0
0 0 371 4.5658 6.99198 5.61534 -2.05298 0 0
0 0 372 1.03107 -3.66561 -5.3695 -4.47113 0 0
0 0 373 -1.52119 -10.3921 3.53568 4.59904 0 0
0 0 374 7.79279 -1.99716 2.35835 -0.305062 0 0
0 0 375 8.92934 -2.15718 -1.39359 4.02771 0 0
0 0 376 0.615209 3.74248 -1.42047 -0.535119 0 0
0 0 377 4.67999 -3.82209 9.40502 5.82085 0 0
0 0 378 -0.921725 -0.228039 -5.6818 1.30385 0 0
0 0 379 5.26254 -2.23995 -6.23494 -2.30108 0 0
0 0 380 1.67326 2.22072 2.71593 -0.571961 0 0
0 0 381 -6.50232 0.910034 0.704795 2.94384 0 0
0 0 382 -3.7995 -8.1931 3.02179 1.28948 0 0
0 0 383 6.40105 0.137275 0.133847 0.974447 0 0
0 0 384 -6.4981 -2.85923 -6.01962 -1.93062 0 0
0 0 385 -1.05449 -6.56052 8.17745 3.05854 0 0
0 0 386 -1.26578 1.63323 -2.799 -0.406482 0 0
0 0 387 1.72409 5.90515 1.49448 1.64658 0 0
0 0 388 1.78301 0.267799 -1.24548 7.98888 0 0
0 0 389 -9.56847 -3.89063 2.41899 4.5009 0 0
0 0 390 -2.23524 -1.4527 -6.52387 -0.124134 0 0
0 0 391 4.30744 -3.85612 -2.4139 1.35905 0 0
0 0 392 -2.84323 -1.90139 -6.55008 4.09286 0 0
0 0 393 1.97136 -5.3595 1.06098 6.73952 0 0
0 0 394 3.42057 6.74109 -1.2042 6.58959 0 0
0 0 395 6.6249 -0.737099 0.198656 -4.48418 0 0
0 0 396 1.65969 3.82614 3.18601 3.16087 0 0
0 0 397 1.37716 0.61934 5.36381 2.66178 0 0
0 0 398 -2.16857 2.54364 -3.08754 -1.54166 0 0
0 0 399 -4.31653 6.11942 2.56484 4.58172 0 0
0 0 400 -4.98705 -8.24307 -3.45041 -8.80992 0 0
0 0 401 -3.68552 -2.32816 -1.63206 6.52864 0 0
0 0 402 2.11098 1.27073 0.381698 0.665321 0 0
0 0 403 1.85406 -3.81948 -0.946767 -10.6243 0 0
0 0 404 -4.14179 2.56107 7.66603 1.4338 0 0
0 0 405 7.28892 -1.55901 4.16054 -5.66605 0 0
0 0 406 -2.97497 -5.58059 -7.04186 -0.415988 0 0
0 0 407 -3.69476 1.84158 -3.98941 -2.61657 0 0
0 0 408 -0.199745 -0.651993 4.98101 -5.57385 0 0
0 0 409 -1.42082 -1.65861 0.742733 -1.37192 0 0
0 0 410 2.13688 1.82046 1.79448 1.5152 0 0
0 0 411 4.0767 0.903038 -2.55698 -3.7424 0 0
0 0 412 6.90394 -8.89697 -4.56741 2.40821 0 0
0 0 413 -0.144203 0.050828 7.10839 -0.666625 0 0
0 0 414 -5.10559 2.40033 6.61009 -7.44596 0 0
0 0 415 1.07196 -0.443602 -4.29386 -1.04738 0 0
0 0 416 0.301518 -5.23063 -0.922828 2.29852 0 0
0 0 417 -0.673497 4.53486 0.269453 -0.309196 0 0
0 0 418 -1.73043 6.14963 2.84498 -1.55002 0 0
0 0 419 3.50834 -3.97778 -0.77295 3.84086 0 0
0 0 420 7.75432 4.3634 3.54962 3.95464 0 0
0 0 421 3.82686 3.82731 -0.0353624 5.6319 0 0
0 0 422 3.68696 3.32338 0.294931 -0.618694 0 0
0 0 423 -2.4912 2.13655 -1.74215 -1.20846 0 0
0 0 424 5.69587 2.31389 -2.48518 -1.58315 0 0
0 0 425 -7.3349 7.52478 -9.95687 7.58308 0 0
0 0 426 -4.79969 -2.75734 2.49231 0.0920061 0 0
0 0 427 -0.75635 -0.508309 5.84261 -3.44045 0 0
0 0 428 3.53815 3.86634 0.88312 -0.982975 0 0
0 0 429 -0.217014 3.07733 7.30584 -5.45009 0 0
0 0 430 -6.33619 1.22552 -2.87324 -1.07209 0 0
0 0 431 4.4137 1.39092 0.282206 -3.3957 0 0
0 0 432 -3.15793 1.51913 2.87842 -0.946532 0 0
0 0 433 3.78309 -1.21889 -3.66562 -5.74066 0 0
0 0 434 -0.202486 -8.22959 -1.05815 1.78264 0 0
0 0 435 3.94891 -7.14896 2.17261 -5.24002 0 0
0 0 436 2.79374 -1.93459 1.77485 2.05853 0 0
0 0 437 -3.54755 -2.64221 -0.470777 -1.20528 0 0
0 0 438 1.23315 -8.54455 -2.08106 5.73773 0 0
0 0 439 0.935341 3.76284 0.143845 3.2732 0 0
0 0 440 1.41538 -2.52377 -2.8126 3.94041 0 0
0 0 441 0.971932 3.48298 -3.43538 -1.86389 0 0
0 0 442 -0.811096 -4.31981 -3.10038 1.18457 0 0
0 0 443 -0.189065 9.16756 -5.29027 6.06662 0 0
0 0 444 -3.81629 1.73346 3.8604 6.36479 0 0
0 0 445 1.14518 0.911006 -5.1701 0.524227 0 0
0 0 446 0.918649 -5.61298 1.50108 -7.01462 0 0
0 0 447 1.70025 -0.393742 -0.938087 4.75209 0 0
0 0 448 -1.44862 -0.753178 -4.24894 -9.38727 0 0
0 0 449 3.60076 2.27704 0.694163 -0.960486 0 0
0 0 450 0.586674 2.63609 -2.60906 -0.614625 0 0
0 0 451 3.39113 -8.24759 2.06158 4.0868 0 0
0 0 452 -2.80248 3.27834 -0.533635 0.289784 0 0
0 0 453 6.27898 -0.237648 -0.0949248 0.519594 0 0
0 0 454 -0.0654156 -4.40475 -1.09377 -0.363296 0 0
0 0 455 -6.99059 -0.64496 4.63897 -12.0626 0 0
0 0 456 0.390879 -2.42295 4.97581 1.78931 0 0
0 0 457 2.2166 2.00106 2.80055 3.2628 0 0
0 0 458 0.444008 -4.20178 -1.62892 -1.04605 0 0
0 0 459 -1.45179 2.97085 3.78022 0.103145 0 0
0 0 460 0.820347 1.74997 -1.83373 -4.68116 0 0
0 0 461 4.76309 5.84052 -5.76236 6.45001 0 0
0 0 462 -4.37631 1.45372 -1.9228 11.832 0 0
0 0 463 2.15022 -2.31924 2.16103 0.381283 0 0
0 0 464 14.3465 2.11307 -1.53662 5.02105 0 0
0 0 465 2.16588 -2.62397 4.30251 -4.08863 0 0
0 0 466 0.793971 3.00711 3.63755 -1.11892 0 0
0 0 467 -4.92282 -0.843367 -4.04033 0.392878 0 0
0 0 468 1.83757 3.72463 -1.10552 1.04067 0 0
0 0 469 -6.93233 4.41191 -0.353883 0.157171 0 0
0 0 470 -3.13787 -6.24268 -1.47804 -1.80458 0 0
0 0 471 -0.312167 0.567886 -1.5544 5.634 0 0
0 0 472 -1.98493 -1.62618 1.93977 2.68543 0 0
0 0 473 -4.04656 -1.8444 3.95472 5.38758 0 0
0 0 474 7.56845 2.54408 1.5214 -6.93995 0 0
0 0 475 6.27647 10.5217 4.70242 0.322742 0 0
0 0 476 -1.08597 -7.36661 -0.597989 0.694713 0 0
0 0 477 1.92827 4.73784 -3.55975 -1.24403 0 0
0 0 478 -4.0861 -3.91807 3.28995 5.94702 0 0
0 0 479 -0.920377 -3.00602 -2.04933 -1.49244 0 0
0 0 480 1.5576 -2.62152 -3.03483 -1.3478 0 0
0 0 481 -0.821647 -2.95814 2.413 -2.90305 0 0
0 0 482 2.29365 -3.96515 5.25386 -1.98992 0 0
0 0 483 -1.34124 -3.8556 -3.54302 -4.37679 0 0
0 0 484 -1.49725 1.61215 0.365575 4.7447 0 0
0 0 485 -1.49676 -6.57077 6.83946 4.58785 0 0
0 0 486 8.95016 -2.99103 -3.90175 12.3697 0 0
0 0 487 -6.60554 -11.8047 -1.66537 -5.17288 0 0
0 0 488 -3.06916 -0.0169668 -3.7824 -6.11224 0 0
0 0 489 -1.61479 0.580638 2.46536 7.99975 0 0
0 0 490 -6.02994 -6.29487 3.35841 3.88778 0 0
0 0 491 -5.37325 -5.29085 -1.16511 -2.29363 0 0
0 0 492 5.11098 -0.298268 -0.716626 -4.8597 0 0
0 0 493 -1.33083 5.23482 -0.0122235 7.84457 0 0
0 0 494 -0.0267652 2.7451 7.67842 6.83988 0 0
0 0 495 -6.41036 1.37743 -1.46947 -3.57928 0 0
0 0 496 0.806608 -3.11402 6.93886 -3.03476 0 0
0 0 497 3.70837 4.05278 -0.157736 -4.40039 0 0
0 0 498 -1.01192 3.28697 -7.5628 12.8242 0 0
0 0 499 4.84983 -5.20087 0.457365 -1.70113 0 0
0 0 500 -1.9046 2.79199 -2.38761 2.78877 0 0
0 0 501 -5.15664 2.55774 -2.76335 -0.581505 0 0
0 0 502 6.02805 -3.76817 7.61033 7.55793 0 0
0 0 503 6.89151 3.2272 -0.867041 1.18849 0 0
0 0 504 -3.40141 -1.67086 -0.590354 -5.97439 0 0
0 0 505 2.24643 -1.17826 -5.36426 -1.19545 0 0
0 0 506 6.62166 -3.215 -3.61815 4.3704 0 0
0 0 507 2.87873 9.24792 0.0186196 -2.89384 0 0
0 0 508 5.31693 7.30138 -6.27559 0.0580759 0 0
0 0 509 4.83417 1.53329 1.06615 -6.4424 0 0
0 0 510 0.0385517 3.63414 -2.5945 2.64908 0 0
0 0 511 -3.27353 3.66021 1.17401 -2.55391 0 0
0 0 512 -1.31362 -4.56909 -0.0925255 7.9739 0 0
0 0 513 0.815479 3.35807 -5.59792 -3.8193 0 0
0 0 514 3.0277 -2.40673 0.597152 1.0061 0 0
0 0 515 0.571515 -3.19464 7.75767 -1.89785 0 0
0 0 516 -6.05653 -0.913973 -0.888629 2.14869 0 0
0 0 517 -0.722878 -5.64258 2.74308 4.19401 0 0
0 0 518 -0.944103 1.39952 1.71156 1.1769 0 0
0 0 519 -1.10814 -0.780925 3.28204 6.54058 0 0
0 0 520 -4.18406 -0.672491 -9.31294 3.27719 0 0
0 0 521 -0.023622 1.08356 5.37947 -2.18385 0 0
0 0 522 -1.74262 -3.8035 3.10764 -10.8381 0 0
0 0 523 1.61832 -3.79109 -0.546814 1.52632 0 0
0 0 524 0.719271 0.950066 5.19347 -0.0669135 0 0
0 0 525 -3.43187 3.24023 0.221326 1.64871 0 0
0 0 526 -1.35364 3.17705 -0.661024 2.48967 0 0
0 0 527 4.97884 -1.87835 0.538265 -3.54984 0 0
0 0 528 -4.69068 -0.111244 -2.90764 0.316788 0 0
0 0 529 -3.90033 6.55296 -1.25439 -2.42899 0 0
0 0 530 -3.94717 -6.11199 -6.04851 1.40713 0 0
0 0 531 -1.44664 0.795754 -3.8757 4.84229 0 0
0 0 532 6.46733 0.639843 -0.537175 -3.35423 0 0
0 0 533 -6.05387 -6.99885 6.32943 -1.74509 0 0
0 0 534 2.43636 -2.01377 1.42005 5.27063 0 0
0 0 535 0.336458 -0.985429 2.00989 3.56498 0 0
0 0 536 -5.59406 5.79811 1.23225 5.21091 0 0
0 0 537 1.73693 -2.86631 -3.61936 -5.97148 0 0
0 0 538 -1.83282 -0.47739 -4.59361 -6.26455 0 0
0 0 539 -4.06811 5.46289 -1.64624 -0.199698 0 0
0 0 540 5.64434 2.28259 -5.37609 6.96593 0 0
0 0 541 -1.03236 3.02734 0.783735 -10.0147 0 0
0 0 542 -7.68748 -1.90166 -0.491744 1.90934 0 0
0 0 543 7.58661 8.63766 -4.72209 1.64018 0 0
0 0 544 1.89629 -0.216371 -2.20011 -6.38063 0 0
0 0 545 6.44978 -2.63626 1.14831 -4.80103 0 0
0 0 546 0.368188 3.47182 -3.46038 3.03089 0 0
0 0 547 1.88578 -3.86081 -5.29938 -4.61869 0 0
0 0 548 -2.96748 -0.222221 -4.32444 0.52444 0 0
0 0 549 -1.04236 -7.22826 -2.80972 -2.31301 0 0
0 0 550 8.46296 -1.62356 5.13672 -2.52474 0 0
0 0 551 -1.29785 -1.66751 5.76903 -2.17242 0 0
0 0 552 -2.74039 -8.55644 0.882545 -2.14104 0 0
0 0 553 8.92035 -7.79719 -1.3396 -1.39897 0 0
0 0 554 -6.39211 3.54116 6.08174 -0.377861 0 0
0 0 555 -0.0147378 -4.47643 -5.8156 -8.02997 0 0
0 0 556 2.81244 -3.67401 0.280976 3.71066 0 0
0 0 557 1.50417 -7.32068 -2.45022 -1.46634 0 0
0 0 558 4.74411 -3.06965 -5.87503 2.82898 0 0
0 0 559 0.862202 3.0891 -9.80183 -4.51915 0 0
0 0 560 1.38567 1.28645 2.65378 -1.30226 0 0
0 0 561 -8.50519 4.97952 -11.2 -1.12073 0 0
0 0 562 -2.72812 -2.36399 7.89843 -1.69515 0 0
0 0 563 1.92787 -3.26637 1.33197 1.35376 0 0
0 0 564 3.32657 -1.08075 4.7996 4.43252 0 0
0 0 565 -0.415854 -2.57695 2.6049 -4.04777 0 0
0 0 566 2.15658 -9.84239 -0.582872 3.82976 0 0
0 0 567 -4.93358 0.176173 -1.70505 -0.744902 0 0
0 0 568 -0.588915 -3.05501 -2.29736 1.32427 0 0
0 0 569 -2.6138 -6.67021 -1.25385 -3.39485 0 0
0 0 570 -2.91673 2.71852 -4.86141 -0.526931 0 0
0 0 571 2.39294 -7.61555 -1.18475 8.78122 0 0
0 0 572 2.64645 -0.115767 -0.002387 0.302857 0 0
0 0 573 3.07132 -0.747294 -3.77933 -4.91043 0 0
0 0 574 1.46972 1.17186 -5.0397 -6.20847 0 0
0 0 575 -5.88296 1.10328 -4.30264 0.233174 0 0
0 0 576 -0.72798 -7.67007 -4.58304 1.86788 0 0
0 0 577 -4.60051 1.74474 -2.93246 0.943839 0 0
0 0 578 2.12208 2.74376 0.612201 -0.603699 0 0
0 0 579 -1.24182 4.04811 -1.5484 -5.92691 0 0
0 0 580 0.173664 -1.34608 0.479292 -6.28229 0 0
0 0 581 -4.83299 -3.57041 -0.721125 -5.24014 0 0
0 0 582 0.257093 -6.28034 3.16558 -2.15472 0 0
0 0 583 6.62908 3.52968 -2.13037 -1.72653 0 0
0 0 584 2.57547 3.50835 0.338188 11.6664 0 0
0 0 585 0.170403 4.9597 -1.42275 4.24559 0 0
0 0 586 0.851136 0.455046 2.40353 -3.64425 0 0
0 0 587 -0.678368 3.12366 -9.19325 2.40984 0 0
0 0 588 -1.6811 0.0834456 -2.61475 6.08958 0 0
0 0 589 1.08108 2.06869 -3.32716 1.49454 0 0
0 0 590 -0.668578 -3.10251 -3.73139 3.43637 0 0
0 0 591 2.67456 -5.16663 -0.280226 8.21107 0 0
0 0 592 2.11648 4.79476 7.16291 -0.300275 0 0
0 0 593 -4.80637 12.3897 -11.2559 -1.17852 -21.1274 7.06107
0 0 594 1.95253 2.51024 2.89438 -4.72124 0 0
0 0 595 4.28887 -2.71731 -0.681789 -1.84963 0 0
0 0 596 5.5792 -5.14415 -3.89153 2.92633 0 0
0 0 597 0.0866899 2.21641 0.0741355 -1.66563 0 0
0 0 598 -2.73311 -10.0428 -2.95407 -3.30827 0 0
0 0 599 4.7873 -2.38525 5.07216 10.2523 0 0
0 0 600 -2.42365 -7.16613 1.90527 -4.62051 0 0
0 0 601 4.53252 -1.76742 -4.22127 -5.84892 0 0
0 0 602 5.80867 4.74342 1.01835 -1.44834 0 0
0 0 603 -2.11472 3.15623 -3.57557 -3.0708 0 0
0 0 604 9.88855 -2.65649 -2.67971 3.1297 0 0
0 0 605 3.19265 -4.81975 -2.48813 -3.18592 0 0
0 0 606 6.66424 -2.9371 -1.14018 -3.0967 0 0
0 0 607 -1.64306 -2.30868 -6.50174 -6.3883 0 0
0 0 608 1.4814 2.55865 -2.37525 6.2014 0 0
0 0 609 -3.50711 2.62529 3.03657 -1.21417 0 0
0 0 610 9.1688 1.76088 -3.04179 2.44905 0 0
0 0 611 1.10979 -1.96233 4.21708 -3.45406 0 0
0 0 612 4.69274 -4.30091 -0.44353 -0.0666481 0 0
0 0 613 0.743065 5.16911 5.28131 -0.887027 0 0
0 0 614 1.42029 1.01578 -0.593259 4.45198 0 0
0 0 615 5.28723 -3.20863 4.44173 4.56782 0 0
0 0 616 1.12978 3.08767 -1.43944 3.26744 0 0
0 0 617 4.92547 -0.457999 -1.12033 5.80847 0 0
0 0 618 -3.29387 -3.9105 -4.55498 6.98772 0 0
0 0 619 7.22494 -3.63266 -4.4541 0.048939 0 0
0 0 620 3.43926 0.173545 1.65363 3.09476 0 0
0 0 621 7.37755 -1.43812 2.08437 -5.51149 0 0
0 0 622 0.51452 -2.39296 -0.440211 4.15644 0 0
0 0 623 4.47634 -0.358021 -2.16429 0.108215 0 0
0 0 624 -4.6779 7.92526 7.69553 10.0946 0 0
0 0 625 -10.7738 -4.94478 -1.69 -4.74577 0 0
0 0 626 3.03231 3.62024 -4.43819 0.556668 0 0
0 0 627 -2.21523 0.804048 -3.80197 1.09871 0 0
0 0 628 -3.31795 -3.91407 6.33206 -4.25394 0 0
0 0 629 -2.57155 -3.68109 4.02207 -5.76247 0 0
0 0 630 4.22321 -4.0272 -0.900101 4.72748 0 0
0 0 631 4.89856 7.24806 11.1578 -2.72938 0 0
0 0 632 -3.9498 7.71055 3.95262 0.650222 0 0
0 0 633 -0.312869 0.504951 -2.91663 2.40832 0 0
0 0 634 0.905186 1.86937 -7.77906 -1.02745 0 0
0 0 635 -2.39009 -6.38704 3.58693 -5.19864 0 0
0 0 636 4.63577 -0.836882 6.19729 1.00084 0 0
0 0 637 1.88892 -3.65931 -3.97749 -4.69517 0 0
0 0 638 8.92226 3.52769 -2.12364 -2.89784 0 0
0 0 639 -6.09845 1.01963 -6.53163 -1.84319 0 0
0 0 640 1.51138 -0.825819 -3.64791 -1.0027 0 0
0 0 641 2.55344 -0.651914 -5.04686 2.25081 0 0
0 0 642 -6.54305 0.359178 3.66316 0.524895 0 0
0 0 643 -4.63671 5.23472 1.88934 0.227676 0 0
0 0 644 8.01032 2.1707 -0.315546 2.40936 0 0
0 0 645 -4.47899 6.19213 2.46183 0.24354 0 0
0 0 646 4.22526 1.14322 -2.45133 2.13044 0 0
0 0 647 5.45633 0.196999 -4.96722 2.05387 0 0
0 0 648 -6.60959 2.93609 0.0361617 -3.75135 0 0
0 0 649 3.46628 0.301442 -1.51691 -3.20736 0 0
0 0 650 0.448175 7.04698 -3.49865 -6.11398 0 0
0 0 651 4.68941 1.14387 2.13387 -0.419588 0 0
0 0 652 7.4898 -1.67374 1.89544 -7.77159 0 0
0 0 653 1.29906 -4.38405 1.2728 -4.52491 0 0
0 0 654 8.44455 2.98708 0.494655 -0.318404 0 0
0 0 655 -4.18522 -3.51516 2.13435 5.5346 0 0
0 0 656 3.58523 1.93211 -2.49576 -7.57637 0 0
0 0 657 3.07176 1.1284 -5.35268 -1.83976 0 0
0 0 658 -5.53123 0.114509 -3.06689 -2.80546 0 0
0 0 659 -4.97384 4.54471 2.86417 -3.99294 0 0
0 0 660 -3.21421 2.58469 -4.84985 2.54089 0 0
0 0 661 -6.94645 1.5201 0.474776 5.48694 0 0
0 0 662 6.02035 -3.69471 1.25665 4.1753 0 0
0 0 663 3.75539 0.331265 1.17389 5.59095 0 0
0 0 664 -4.5875 -3.55882 -2.60439 -4.04616 0 0
0 0 665 7.23772 -8.0942 -3.5842 0.876358 0 0
0 0 666 0.506145 -1.20803 -10.2386 7.05671 0 0
0 0 667 6.22527 -0.0751557 1.56723 -4.12664 0 0
0 0 668 -2.0958 4.33637 5.16768 4.51341 0 0
0 0 669 4.93922 5.00459 -1.03341 -5.34413 0 0
0 0 670 8.02917 -1.64962 -1.36176 3.93506 0 0
0 0 671 -1.36832 -4.55447 -4.04348 -5.84336 0 0
0 0 672 -4.06637 -4.8291 5.11994 -4.90992 0 0
0 0 673 0.347357 0.928063 0.720679 -0.920661 0 0
0 0 674 -4.92527 0.535835 4.37244 1.51784 0 0
0 0 675 -6.94715 2.55732 5.0919 3.22032 0 0
0 0 676 0.280267 4.22776 -3.4668 0.893938 0 0
0 0 677 2.81828 -8.63386 -4.29856 1.18358 0 0
0 0 678 12.0075 3.855 1.53326 -6.2099 0 0
0 0 679 -1.96176 -2.25277 -0.0769091 7.11489 0 0
0 0 680 2.28586 3.32446 5.53164 -2.74928 0 0
0 0 681 0.495276 6.34192 5.41393 4.01953 0 0
0 0 682 -1.00255 -2.53671 -1.14974 -9.07415 0 0
0 0 683 -3.75536 3.34374 -0.961278 -4.8263 0 0
0 0 684 7.2125 -2.58184 5.03874 -3.39315 0 0
0 0 685 -2.24328 5.06192 8.07992 -7.38089 0 0
0 0 686 -4.88097 -1.93424 0.173595 -2.18412 0 0
0 0 687 2.3446 -2.04739 3.02384 1.72369 0 0
0 0 688 0.627731 7.29248 -6.32242 0.939836 0 0
0 0 689 -3.84935 2.26835 0.0561673 4.88754 0 0
0 0 690 1.29156 -7.3213 -4.05836 2.14007 0 0
0 0 691 1.57408 5.99231 -0.865169 7.39882 0 0
0 0 692 1.19895 -1.26377 -2.60831 -5.1449 0 0
0 0 693 -1.52833 0.531751 0.891916 1.15747 0 0
0 0 694 -9.05466 2.0083 -2.22457 -5.09342 0 0
0 0 695 0.147901 2.94303 -1.73126 2.67137 0 0
0 0 696 5.02553 -0.96505 5.04263 1.6696 0 0
0 0 697 -6.64272 -1.52975 -2.71192 -2.73741 0 0
0 0 698 -0.76827 -2.84175 6.96073 5.07538 0 0
0 0 699 5.90275 -2.36073 -3.62299 3.03367 0 0
0 0 700 14.8272 3.21232 -0.735 -3.26033 0 0
0 0 701 -6.22654 3.49157 2.50491 -4.16952 0 0
0 0 702 1.58518 -4.92965 -6.36694 -0.322574 0 0
0 0 703 2.56802 1.17648 -5.83516 -1.51443 0 0
0 0 704 4.66401 -2.86293 5.59844 -9.34677 0 0
0 0 705 0.134953 -1.76178 -0.041931 13.0222 0 0
0 0 706 -0.947038 0.719967 -7.09801 -0.762603 0 0
0 0 707 -5.47104 5.95257 -2.90661 -7.8024 0 0
0 0 708 1.0538 -0.677529 1.03536 -2.24234 0 0
0 0 709 -3.40401 4.70045 -4.57716 5.38879 0 0
0 0 710 1.31671 0.654365 -0.636851 0.251813 0 0
0 0 711 -3.1865 -4.05248 2.03517 1.10405 0 0
0 0 712 -6.31159 -5.21456 -2.5387 -10.0604 0 0
0 0 713 -0.815674 1.04382 0.500943 1.88165 0 0
0 0 714 1.88965 -8.19577 -3.39782 -5.46015 0 0
0 0 715 2.92618 -0.0774591 3.23916 0.443229 0 0
0 0 716 -0.368435 -6.89471 0.420991 5.32284 0 0
0 0 717 -1.19879 -2.88096 9.43486 3.39922 0 0
0 0 718 5.08457 -2.57919 -9.12387 4.27918 0 0
0 0 719 -1.52702 -1.24756 4.05176 8.53017 0 0
0 0 720 -6.64428 -6.33414 -3.10192 5.14972 0 0
0 0 721 7.47238 -1.76013 1.11385 -4.1859 0 0
0 0 722 -2.67871 0.0200849 3.3033 1.38209 0 0
0 0 723 -5.68882 7.18285 2.81165 -1.14152 0 0
0 0 724 3.12266 -2.5932 3.71163 3.21323 0 0
0 0 725 -1.67474 -2.15505 1.25704 3.71213 0 0
0 0 726 -7.02969 0.190814 0.202502 0.143438 0 0
0 0 727 6.98463 -2.57917 -2.77972 -0.0106349 0 0
0 0 728 3.86364 -6.10782 1.79527 -1.59098 0 0
0 0 729 -3.62413 1.4529 4.26399 -2.58154 0 0
0 0 730 -1.45135 -3.34756 5.48289 -1.30563 0 0
0 0 731 -2.23111 3.82154 6.62761 3.70155 0 0
0 0 732 -0.598436 -2.03316 -8.65203 0.854507 0 0
0 0 733 6.80095 -9.33053 -1.09925 -5.09344 0 0
0 0 734 6.19376 3.93252 -9.03924 0.879863 0 0
0 0 735 -7.6866 -7.09681 3.81419 -3.55187 0 0
0 0 736 4.85635 -0.113192 -1.31913 4.6082 0 0
0 0 737 -2.46637 2.04028 1.30131 7.27859 0 0
0 0 738 -8.36897 -2.18708 7.79044 -1.17771 0 0
0 0 739 0.351288 -0.779876 1.24416 -4.75153 0 0
0 0 740 -10.9193 5.17184 1.1656 2.64811 0 0
0 0 741 0.0508079 2.02807 -0.253692 -0.994567 0 0
0 0 742 5.27279 0.743444 2.02554 -0.826853 0 0
0 0 743 -8.34177 -3.55069 -0.393995 4.00094 0 0
0 0 744 0.404931 -6.24287 3.43756 2.25187 0 0
0 0 745 3.74874 -3.97787 -1.71095 -5.40276 0 0
0 0 746 0.889825 -0.564649 -8.61194 -4.2401 0 0
0 0 747 4.23418 7.57233 -4.65426 -1.32159 0 0
0 0 748 -11.8898 -0.137565 -5.88781 -0.271882 0 0
0 0 749 -0.645083 4.39822 -2.14257 -2.13744 0 0
0 0 750 -0.994718 2.70823 1.48503 1.10905 0 0
0 0 751 2.02111 -2.32628 -3.80284 -6.45558 0 0
0 0 752 -5.29778 6.5639 6.61143 2.96912 0 0
0 0 753 4.82406 -2.77149 4.77403 -3.23884 0 0
0 0 754 -5.77863 0.612116 3.45839 1.48772 0 0
0 0 755 -5.74502 -3.03036 1.96108 7.54262 0 0
0 0 756 -0.098675 -1.37474 -3.61298 -0.0531759 0 0
0 0 757 -0.7126 3.26611 1.34064 -3.46674 0 0
0 0 758 2.32248 6.10968 3.994 -6.55218 0 0
0 0 759 2.742 -1.10725 -2.32305 -0.695789 0 0
0 0 760 -0.354494 5.91082 -5.91022 -3.01239 0 0
0 0 761 7.49387 -4.5578 -1.84662 3.65932 0 0
0 0 762 5.72722 0.709585 0.905972 1.30695 0 0
0 0 763 -1.21843 5.54307 0.923705 3.81215 0 0
0 0 764 -2.83036 1.85129 0.0472441 -2.68408 0 0
0 0 765 0.718092 -7.49353 -3.0448 -5.27565 0 0
0 0 766 -7.23763 -7.67127 -1.79098 0.913022 0 0
0 0 767 0.327556 0.983177 6.12966 -0.22787 0 0
0 0 768 -0.967939 4.14751 6.13664 6.09609 0 0
0 0 769 0.490358 0.509116 -0.52151 3.3908 0 0
0 0 770 4.40124 3.67603 3.31498 -0.284111 0 0
0 0 771 -4.72776 4.50528 -3.10357 6.55031 0 0
0 0 772 -2.83211 -11.4353 1.25866 10.2952 0 0
0 0 773 -2.94195 -1.45592 6.43906 12.3497 0 0
0 0 774 7.29486 -1.27202 -9.0424 5.06115 0 0
0 0 775 0.0715318 6.30071 0.96806 -0.897522 0 0
0 0 776 4.10334 -4.91088 -3.14122 -1.46543 0 0
0 0 777 -2.43105 1.50534 1.70644 0.906894 0 0
0 0 778 6.72535 1.11492 4.70978 3.28651 0 0
0 0 779 -0.16873 -4.50676 -1.69606 -3.90645 0 0
0 0 780 3.89994 -6.91442 -1.9322 10.6173 0 0
0 0 781 -4.66693 -5.63408 -1.16275 0.40496 0 0
0 0 782 6.98136 -0.528875 3.30437 -2.14094 0 0
0 0 783 2.82636 0.123929 -2.02014 5.1364 0 0
0 0 784 1.62998 -2.01368 2.41655 2.82597 0 0
0 0 785 1.44148 -4.3762 0.308642 1.85861 0 0
0 0 786 -0.298842 -0.462501 1.02993 -2.42077 0 0
0 0 787 3.9993 -0.199045 2.31879 6.83671 0 0
0 0 788 3.3057 -5.69058 -2.41573 -0.23987 0 0
0 0 789 2.02941 -4.64898 -2.90339 2.29303 0 0
0 0 790 4.14676 -4.02523 -0.945094 0.373382 0 0
0 0 791 -6.18009 -1.72597 -1.88937 -0.278378 0 0
0 0 792 -3.09954 0.75054 -2.4669 1.71304 0 0
0 0 793 -0.829052 -2.1084 8.30151 9.05695 0 0
0 0 794 2.43645 -6.27167 -4.15981 -3.1379 0 0
0 0 795 -0.710619 5.26598 -1.01958 -1.97674 0 0
0 0 796 -7.30492 5.70745 -6.27657 6.8654 0 0
0 0 797 12.2632 0.105828 -9.17889 0.271074 0 0
0 0 798 10.6717 1.95624 -5.0211 1.99218 0 0
0 0 799 -3.98048 7.68229 -1.96459 -7.50758 0 0
0 0 800 1.33387 -13.6887 -5.45568 -10.9824 -79.1351 8.09465
0 0 801 1.67514 4.19279 2.26811 -2.51557 0 0
0 0 802 -7.67914 -5.73309 -2.24737 5.86821 0 0
0 0 803 6.30316 0.439929 -0.254344 -1.97661 0 0
0 0 804 -1.11187 0.282157 5.3913 -2.39589 0 0
0 0 805 -8.65655 4.5438 1.97212 2.8819 0 0
0 0 806 -2.28191 -4.117 -2.14964 -0.228186 0 0
0 0 807 -4.35347 4.03565 5.44031 -2.74346 0 0
0 0 808 -0.0290186 0.817515 4.96312 3.38412 0 0
0 0 809 10.8434 -1.95078 -3.01556 3.69078 0 0
0 0 810 1.59893 -0.207241 4.83923 2.13788 0 0
0 0 811 3.2791 -0.659576 -4.24718 6.30325 0 0
0 0 812 0.370705 8.65283 2.46353 4.37381 0 0
0 0 813 4.78321 1.6632 5.1333 4.62567 0 0
0 0 814 4.76421 -2.79639 3.20117 5.21861 0 0
0 0 815 -3.05299 -5.29723 -0.365005 4.72253 0 0
0 0 816 7.90171 -1.43076 1.75585 -0.335303 0 0
0 0 817 1.95612 -2.90871 -2.21872 3.28326 0 0
0 0 818 1.07139 -1.41168 -5.39372 3.79859 0 0
0 0 819 -7.59198 2.64936 -2.23843 -0.221618 0 0
0 0 820 0.922943 -9.08317 -1.255 7.15657 0 0
0 0 821 -1.1068 -10.7187 -0.15479 3.26284 0 0
0 0 822 8.23592 1.45621 2.09238 -4.21106 0 0
0 0 823 7.90003 -0.465152 -3.56059 -5.03662 0 0
0 0 824 4.24162 -1.446 -2.91235 -2.26085 0 0
0 0 825 8.57871 1.88969 3.67393 1.74454 0 0
0 0 826 0.446439 -4.64597 -12.1331 -10.0122 0 0
0 0 827 5.48161 0.259672 -3.14885 3.20416 0 0
0 0 828 0.722363 -0.741286 -5.74878 0.881043 0 0
0 0 829 8.64591 -5.65862 -5.05617 2.77832 0 0
0 0 830 6.1911 -2.45675 -10.0572 1.76469 0 0
0 0 831 3.6539 -0.402285 -7.17704 0.780211 0 0
0 0 832 0.994458 1.84554 -1.24851 -3.84863 0 0
0 0 833 0.179175 -2.20514 -2.22431 -4.48697 0 0
0 0 834 10.9272 -1.01926 -0.987025 -4.38024 0 0
0 0 835 -3.47752 1.15163 2.30537 2.26574 0 0
0 0 836 -8.7951 2.87326 -0.105568 -2.3616 0 0
0 0 837 9.51304 1.47557 -10.727 4.69637 0 0
0 0 838 2.9258 -5.3219 -6.69673 3.29056 0 0
0 0 839 4.89166 -0.0458694 -3.54122 -9.31653 0 0
0 0 840 -0.321463 1.49277 -4.10037 2.35363 0 0
0 0 841 7.55191 -0.636376 7.04783 5.09729 0 0
0 0 842 4.28038 -5.16806 -0.37959 -4.11375 0 0
0 0 843 4.82248 -0.39093 -3.73456 6.75064 0 0
0 0 844 2.81039 5.57097 -2.8797 0.284886 0 0
0 0 845 -3.60734 -2.92061 -2.92264 -2.42587 0 0
0 0 846 2.55591 0.0695999 -2.4254 0.495453 0 0
0 0 847 -0.697264 -1.68138 3.54298 -5.72144 0 0
0 0 848 -1.13225 2.12564 -1.33404 -2.31871 0 0
0 0 849 4.04695 -0.187291 -4.14534 7.95443 0 0
0 0 850 0.286057 -4.57466 -3.89536 1.29462 0 0
0 0 851 11.0547 0.305916 -7.20883 -0.147659 0 0
0 0 852 3.64374 0.844906 -8.149 1.75989 0 0
0 0 853 8.82138 2.90792 -4.62023 -6.03807 0 0
0 0 854 2.7954 1.51953 -8.39366 4.56481 0 0
0 0 855 10.8769 10.5182 -14.8793 -0.695608 -27.3717 6.44572
0 0 856 8.19052 -3.60658 -6.43586 2.66131 0 0
0 0 857 12.7543 2.48532 -10.6812 2.84709 0 0
0 0 858 12.7104 7.39502 -11.1053 -5.63695 0 0
0 0 859 6.20872 1.79044 -11.6266 -8.57587 0 0
0 0 860 10.5478 -0.304492 -18.5645 0.359188 -45.4698 6.26306
0 0 861 21.1642 1.24342 -18.7438 3.8301 -43.1024 6.19114
0 0 862 14.5703 6.48615 -14.206 2.33707 -32.7298 7.48495
0 0 863 20.5128 15.4149 -9.72138 -8.93748 -16.1187 6.51739
0 0 864 23.7289 -1.31403 -19.5815 6.69833 -46.9196 5.926
0 0 865 21.7811 4.40743 -20.5476 3.78212 -38.9468 5.54081
0 0 866 15.8783 3.30578 -23.6915 -7.95952 -41.0283 4.86402
0 0 867 19.1835 4.2125 -17.0558 -1.84124 -38.0633 6.63053
0 0 868 23.6394 -1.11842 -22.2322 0.994767 -46.44 5.22428
0 0 869 16.8204 8.8048 -20.5239 1.40145 -33.3903 5.23133
0 0 870 27.6662 8.34136 -16.9801 2.22657 -31.9189 6.18274
0 0 871 24.8324 8.31331 -11.9828 -9.03561 -27.6241 8.05136
0 0 872 16.1139 1.23465 -16.9962 3.18018 -42.9226 6.82494
0 0 873 27.2355 6.40469 -20.8759 -1.58911 -36.4721 5.33915
0 0 874 15.7094 2.81453 -24.9266 3.04303 -41.7789 4.63741
0 0 875 17.1714 3.76282 -16.3409 -0.66853 -38.5163 6.94527
0 0 876 22.4269 9.92447 -8.39172 5.26556 0 0
0 0 877 16.6932 8.77284 -12.8382 3.41616 -27.8268 7.55014
0 0 878 21.5576 3.23009 -9.75994 2.8768 0 0
0 0 879 14.9183 -0.52779 -12.0675 -0.435734 0 0
0 0 880 27.0127 1.00407 -16.9651 -2.15143 -43.3065 6.84313
0 0 881 21.4022 2.4605 -11.0847 -3.74867 0 0
0 0 882 14.7734 8.53545 -14.7532 2.59004 -29.9743 6.87404
0 0 883 15.0545 -2.14116 -15.3568 -4.86212 -48.9687 7.50399
0 0 884 12.4236 4.30368 -14.7908 3.53328 -36.8883 7.56673
0 0 885 16.2214 3.24173 -16.9927 16.245 -39.5997 6.72916
0 0 886 20.7178 0.0827398 -20.9632 2.13413 -44.8869 5.54706
0 0 887 23.6351 -0.583078 -10.0253 0.226431 0 0
0 0 888 12.3315 3.60863 -24.1011 -9.47008 -40.7422 4.77487
0 0 889 13.7586 0.565938 -12.3463 1.30513 0 0
0 0 890 23.1316 3.23859 -18.3608 2.37886 -39.9984 6.24275
0 0 891 12.7463 8.70266 -11.8915 3.37315 -26.901 7.97413
0 0 892 9.85723 12.9527 -5.71215 6.72289 -11.8987 8.41979
0 0 893 18.2155 11.4927 -7.4314 -6.05583 0 0
0 0 894 18.6178 3.21549 -14.9716 2.76881 -38.9393 7.60401
0 0 895 15.6267 4.91913 -11.9664 -6.99733 0 0
0 0 896 16.3121 1.4336 -20.0644 4.67132 -42.9566 5.78176
0 0 897 21.4391 11.3619 -21.1147 -0.130137 -30.8576 4.88256
0 0 898 17.0138 7.40193 -8.36508 -6.20865 0 0
0 0 899 14.1574 -4.1047 -24.6789 -1.47683 -49.7216 4.65185
0 0 900 24.0526 3.46566 -25.4514 -3.1479 -41.1229 4.52963
0 0 901 31.4643 8.47576 -22.3654 -3.89241 -34.6225 4.88034
0 0 902 22.2292 13.1628 -20.3201 0.0174517 -28.533 4.84577
0 0 903 34.3611 4.44815 -29.8748 -4.85536 -40.7656 3.8525
0 0 904 29.5898 -4.67836 -33.242 1.40838 -49.0055 3.46603
0 0 905 25.3198 4.64335 -22.0975 -4.3393 -39.0665 5.15647
0 0 906 33.8509 4.32782 -30.2048 0.510427 -40.923 3.81328
0 0 907 28.2271 -2.01171 -42.429 -0.665272 -46.3573 2.73781
0 0 908 36.0579 -3.25257 -31.1965 8.95168 -47.9761 3.70861
0 0 909 40.2616 4.83772 -28.7219 5.13945 -40.2196 3.99575
0 0 910 45.6411 7.1979 -31.0819 -2.20302 -38.4807 3.6504
0 0 911 45.137 6.27455 -37.3944 -6.02974 -40.2374 3.06936
0 0 912 55.6374 6.17872 -37.3519 4.12836 -40.3036 3.07397
0 0 913 45.3895 11.1833 -45.3624 -7.61946 -38.0754 2.49326
0 0 914 48.3801 -2.19466 -41.804 -8.38059 -46.5026 2.77808
0 0 915 56.1398 -2.6351 -46.5541 9.70117 -46.6198 2.4941
0 0 916 59.1938 3.43204 -39.9386 1.47906 -42.5442 2.90155
0 0 917 58.2936 5.13906 -45.179 3.55785 -41.7553 2.55837
0 0 918 55.9135 0.354076 -49.0397 5.77964 -44.7932 2.37119
0 0 919 59.6426 0.0666771 -56.9064 -5.32096 -44.9664 2.04344
0 0 920 53.6696 3.26512 -43.2313 -2.22602 -42.8404 2.68266
0 0 921 65.3577 0.202709 -46.8582 -6.88913 -44.8761 2.48161
0 0 922 68.9662 2.91325 -48.0692 -6.90054 -43.2659 2.41496
0 0 923 71.7989 0.569218 -45.6344 -5.52153 -44.6427 2.54801
0 0 924 65.9696 5.14792 -46.5716 -5.69424 -41.8461 2.4827
0 0 925 82.4932 1.65475 -48.1604 1.77728 -44.0161 2.4132
0 0 926 75.9701 2.78879 -57.5078 -1.8354 -43.6118 2.01985
0 0 927 83.7085 -2.57826 -54.1582 1.12084 -46.3628 2.14486
0 0 928 97.0888 -6.40199 -49.0199 -5.29918 -48.7203 2.35342
0 0 929 102.44 -0.405647 -49.3651 -0.462921 -45.2354 2.35554
0 0 930 107.996 -4.56798 -50.574 1.45349 -47.5806 2.29054
0 0 931 115.382 -1.81923 -51.808 -1.89902 -46.0056 2.24324
0 0 932 123.189 -7.17965 -50.7856 -5.41552 -49.0233 2.26853
0 0 933 135.881 -2.74325 -49.1863 -4.28947 -46.5961 2.36073
0 0 934 155.947 -5.2634 -42.4981 -5.26396 -48.5301 2.71674
0 0 935 151.732 -1.68945 -33.9595 -3.76643 -46.424 3.42025
0 0 936 162.09 -2.69524 -14.0472 -6.44982 -50.4307 8.13858
0 0 937 175.042 -3.51435 -13.0856 2.70436 0 0
0 0 938 183.768 2.75342 6.49741 3.44517 0 0
0 0 939 199.287 -4.27031 20.7955 -1.25457 50.8021 5.48424
0 0 940 213.513 0.906204 38.0741 3.47688 44.3183 3.05337
0 0 941 227.978 7.62035 43.0888 0.687365 39.9854 2.65993
0 0 942 245.164 7.05275 56.8988 7.95847 41.467 2.02912
0 0 943 263.007 13.0102 71.0173 9.07528 39.8093 1.6122
0 0 944 276.499 23.4708 81.738 5.02828 36.9894 1.37055
0 0 945 297.886 20.2606 92.0745 13.042 38.795 1.23516
0 0 946 294.793 23.2634 108.864 3.31576 38.9689 1.04596
0 0 947 314.89 23.4013 118.838 8.22137 39.43 0.961161
0 0 948 316.699 23.5775 114.964 19.4664 39.2051 0.992076
0 0 949 321.181 28.0055 124.365 9.87352 38.6547 0.913517
0 0 950 319.814 30.9363 114.771 15.0436 37.4573 0.980277
0 0 951 320.261 31.4042 108.512 16.698 36.9296 1.03179
0 0 952 306.102 28.1635 106.38 8.1944 37.5858 1.0588
0 0 953 297.492 27.8851 95.6892 8.12782 36.8766 1.16947
0 0 954 289.549 19.8179 70.7386 7.19241 37.1747 1.5864
0 0 955 272.273 22.3374 65.1822 -0.641194 35.5419 1.69301
0 0 956 263.155 17.6596 56.6182 3.54816 36.3385 1.96594
0 0 957 243.96 19.8009 54.1024 3.14911 34.9489 2.02561
0 0 958 228.251 14.9152 41.756 0.323205 35.1717 2.63155
0 0 959 218.898 12.2167 30.9571 5.76847 34.2321 3.50831
0 0 960 211.145 10.1163 21.2329 6.93704 32.2624 4.97174
0 0 961 207.69 12.0615 22.8555 4.55953 31.089 4.52924
0 0 962 193.237 0.768425 9.94501 0.0798651 0 0
0 0 963 178.203 4.55122 7.13823 -2.62299 0 0
0 0 964 176.843 0.974319 -1.28987 1.58889 0 0
0 0 965 165.212 1.63712 4.4674 -3.04167 0 0
0 0 966 158.627 -9.77961 2.12477 -4.62485 0 0
0 0 967 144.461 -2.51845 -11.0533 -6.10072 0 0
0 0 968 149.533 -6.65672 -2.99178 1.01232 0 0
0 0 969 149.565 -4.59723 -0.482424 -6.29664 0 0
0 0 970 138.893 -6.44324 -1.27345 -5.97164 0 0
0 0 971 133.467 0.966194 -12.7003 0.175879 0 0
0 0 972 139.937 -7.1381 -18.0624 -2.90679 -55.7817 6.01179
0 0 973 133.134 -2.2666 -20.0393 2.76917 -48.2266 5.76829
0 0 974 137.126 -7.90562 -8.36975 -0.64905 0 0
0 0 975 122.96 -6.29137 -10.6589 -14.595 0 0
0 0 976 127.939 -7.37321 -15.7884 -6.97152 -57.5164 6.70944
0 0 977 127.346 -7.95919 -16.0591 -4.1276 -58.1819 6.52653
0 0 978 114.149 -13.757 -14.023 -1.38874 -67.2257 6.00669
0 0 979 117.151 -13.6668 -12.7097 -8.61718 -68.5391 6.33095
0 0 980 109.77 -6.25835 -5.12901 -9.66263 0 0
0 0 981 109.491 -9.94017 -5.22643 -10.464 0 0
0 0 982 108.473 -10.3661 -18.9755 -2.97894 -59.3236 5.41526
0 0 983 95.6411 -0.145546 -16.9001 -12.3672 -45.2467 6.88051
0 0 984 96.5819 -10.2222 -15.1027 -8.16101 -62.0459 6.43666
0 0 985 90.1653 -6.59838 -12.4562 -5.52015 -58.9556 8.30402
0 0 986 83.5107 -8.25286 -11.3607 -5.97811 -62.998 8.36735
0 0 987 92.6566 -20.1062 -13.5763 -9.16933 -72.9858 4.89173
0 0 988 89.6037 -16.8726 -0.88334 -7.9141 -88.5015 7.08709
0 0 989 75.2009 -13.9443 -15.7087 -17.9579 -65.7975 5.6094
0 0 990 77.1461 -11.7231 -14.9621 -5.53122 -64.0397 6.18776
0 0 991 85.4056 -11.6711 -12.737 -3.66339 -66.2497 6.82345
0 0 992 74.2327 -12.9254 -5.80089 -17.1986 -77.9147 8.41204
0 0 993 68.7415 -12.8623 -12.1827 -9.8375 -68.2772 6.66767
0 0 994 61.0556 -12.6967 -4.13914 -2.86771 0 0
0 0 995 63.4414 -5.83447 -9.84688 -13.592 0 0
0 0 996 58.8796 -9.31762 -13.531 -3.7606 -62.2759 7.14666
0 0 997 55.349 -17.1285 -9.91152 -1.35589 -74.972 6.00777
0 0 998 61.7575 -14.5223 -3.5794 -7.85158 -83.077 7.99327
0 0 999 51.433 -6.5537 -9.10972 -7.82486 0 0
0 0 1000 50.2368 -11.7188 -4.13962 -3.71094 0 0
0 0 1001 44.887 -16.581 -11.048 -11.0622 -73.1622 5.95726
0 0 1002 46.7981 -5.32631 1.40822 -10.824 0 0
0 0 1003 37.2865 -9.85496 -12.0925 -9.7476 -64.5895 7.54381
0 0 1004 37.3262 -10.007 -15.5083 -8.87453 -61.4164 6.35623
0 0 1005 40.9187 -14.9451 -2.07263 -5.26496 -86.0522 7.93246
0 0 1006 33.5608 -8.88072 -9.40663 -9.18773 0 0
0 0 1007 30.2648 -3.5103 -9.70559 -4.03629 0 0
0 0 1008 30.0247 -15.93 -6.10027 -2.16518 -79.523 6.99451
0 0 1009 33.6112 -14.3506 -2.08557 -12.0843 -85.8656 8.253
0 0 1010 27.8872 -15.1966 -5.21717 -6.96336 -80.526 7.43066
0 0 1011 29.0955 -10.3541 -10.5574 -8.99755 -67.2216 7.97957
0 0 1012 25.8905 -13.1105 -7.42737 -7.2063 -75.2338 7.89197
0 0 1013 26.2565 -9.94349 -8.86773 -8.12812 0 0
0 0 1014 28.0659 -5.21307 -11.3974 -6.67719 0 0
0 0 1015 21.7992 -10.1811 -9.48843 -3.34013 -68.5085 8.48972
0 0 1016 11.0454 -6.23819 -5.3298 -2.27667 0 0
0 0 1017 19.9418 -8.81495 -1.61958 -12.6963 0 0
0 0 1018 31.5679 -4.90543 -14.7463 1.87104 -54.2 7.5051
0 0 1019 19.1349 -6.52546 0.274412 -1.91832 0 0
0 0 1020 13.2659 2.21106 -0.151469 -3.96042 0 0
0 0 1021 21.461 -7.05975 -0.681243 -1.60491 0 0
0 0 1022 17.5767 0.857596 -5.72971 -3.79312 0 0
0 0 1023 22.6322 1.24784 -7.63385 -0.0093182 0 0
