# File: uwl_221226_225820_Combined.rf.sbD2.RMC_aux Src: J1713+0747 Nsub: 1 Nch: 1 Npol: 4 Nbin: 1024 RMS: 1.91578
0 0 0 9.36808 -3.2388 -4.75069 -1.51263 0 0
0 0 1 6.36744 -7.4253 -2.4736 -1.9262 -80.7877 7.12648
0 0 2 10.7381 -2.10396 -2.22706 -2.93821 0 0
0 0 3 12.4389 -4.77841 -0.107616 1.61355 0 0
0 0 4 7.73164 -0.283624 1.57344 2.59739 0 0
0 0 5 7.26496 1.57472 1.13577 -0.598091 0 0
0 0 6 5.61368 -1.70992 -0.0693057 -1.01267 0 0
0 0 7 7.49627 -3.94775 -1.07435 -1.32291 0 0
0 0 8 4.14034 -0.28037 -2.20357 0.891998 0 0
0 0 9 5.79725 -1.30107 0.402701 -1.01412 0 0
0 0 10 4.11352 -0.53013 0.92074 -1.03127 0 0
0 0 11 6.16127 -3.45087 -2.25861 -2.15514 0 0
0 0 12 5.64171 0.75828 0.98665 -1.40155 0 0
0 0 13 7.47741 -0.129897 0.586733 0.412185 0 0
0 0 14 6.15791 0.428567 3.13984 -1.49143 0 0
0 0 15 5.84992 -0.214943 -0.322667 -0.101231 0 0
0 0 16 4.74489 -1.85378 -0.842759 -4.56104 0 0
0 0 17 9.00658 -3.75143 1.98317 -1.77755 0 0
0 0 18 4.52557 1.4916 -2.43011 1.06354 0 0
0 0 19 6.28503 -0.558413 6.35139 -0.54707 47.5123 8.57296
0 0 20 6.7539 2.68252 1.43328 0.831975 0 0
0 0 21 7.65144 -3.42718 4.43718 0.502912 0 0
0 0 22 8.11672 3.02871 1.87598 -0.414535 0 0
0 0 23 7.5337 2.05355 0.739856 -0.840775 0 0
0 0 24 4.83867 4.45424 1.76996 -1.8466 0 0
0 0 25 8.07381 3.09564 0.480552 -3.77525 0 0
0 0 26 5.55359 -1.00466 3.71052 -1.20136 0 0
0 0 27 7.67401 -0.954177 7.63629 1.25372 48.5612 7.10399
0 0 28 3.03502 0.878568 5.57628 1.87709 0 0
0 0 29 5.24511 -1.76666 4.85798 -1.16622 0 0
0 0 30 4.27395 -1.25684 7.08427 -0.407616 50.0302 7.6011
0 0 31 6.80035 -2.53106 0.209817 -0.9582 0 0
0 0 32 8.39609 0.696923 8.62411 1.05732 42.69 6.31731
0 0 33 6.57411 -1.93186 3.09636 -1.17161 0 0
0 0 34 7.52529 -2.30678 7.15577 -2.2573 53.9338 7.2847
0 0 35 7.6323 -2.35632 7.21614 -1.29769 54.0418 7.21529
0 0 36 8.29512 0.820206 10.6609 0.388541 42.8003 5.11186
0 0 37 7.29407 0.0891664 5.80849 -1.12093 0 0
0 0 38 5.14921 -4.15137 7.25148 0.308045 59.8953 6.5777
0 0 39 3.36395 -1.68147 6.55045 1.06111 52.1984 8.09256
0 0 40 7.43343 -1.35694 7.68711 -0.486795 50.0054 7.00602
0 0 41 9.50113 0.407298 10.7138 -0.025503 43.9114 5.09746
0 0 42 8.0311 -3.44457 11.4148 -2.1279 53.396 4.59238
0 0 43 12.0398 -1.04789 9.78447 -1.0306 48.0565 5.55514
0 0 44 8.26683 -4.09752 8.39827 -4.16638 58.0039 5.87431
0 0 45 7.28019 -3.59471 9.88283 -0.860641 54.994 5.21076
0 0 46 8.99794 -3.20288 7.03836 0.899961 57.2342 7.09528
0 0 47 12.5149 0.781997 8.21088 0.186836 42.2798 6.62726
0 0 48 7.69469 -2.61726 6.67631 1.5445 55.7031 7.64447
0 0 49 9.5742 -3.85506 5.62833 -0.632006 62.2044 8.06981
0 0 50 9.67336 -4.34084 6.12857 -1.85175 62.6549 7.33284
0 0 51 8.30222 -2.32478 7.08976 -4.39826 54.0773 7.34105
0 0 52 8.397 -1.6471 6.85667 -0.352939 51.7538 7.75972
0 0 53 10.8745 0.56304 7.86381 -1.8559 42.9523 6.9327
0 0 54 7.2689 -5.21685 5.26961 -2.25563 67.3558 7.45392
0 0 55 6.93884 1.70287 10.1263 0.147888 40.2272 5.32552
0 0 56 7.75404 -0.178342 4.6413 -1.59596 0 0
0 0 57 8.62244 -3.64175 9.79903 -2.2169 55.1936 5.24242
0 0 58 4.74677 -2.52008 10.8786 1.25248 51.5214 4.89984
0 0 59 7.01706 -4.18783 6.30937 -2.19993 61.787 7.26757
0 0 60 4.69444 -4.36985 4.25926 1.08284 0 0
0 0 61 5.97415 -2.02872 3.8152 -1.13777 0 0
0 0 62 5.23436 -5.30054 3.08834 -2.31199 0 0
0 0 63 6.17126 -3.39522 5.99861 -0.731269 59.755 7.97295
0 0 64 5.18538 -3.1899 1.00447 -0.643426 0 0
0 0 65 4.74831 -3.11316 2.07356 1.30998 0 0
0 0 66 2.12357 -0.470565 2.31442 -1.55214 0 0
0 0 67 5.26051 -0.588562 4.06192 0.495952 0 0
0 0 68 1.27096 -3.43035 0.382125 -1.685 0 0
0 0 69 4.64306 -3.70564 0.611577 3.01567 0 0
0 0 70 4.30959 -2.1534 3.39348 -1.08923 0 0
0 0 71 0.633729 -3.93873 0.0888643 4.05457 0 0
0 0 72 4.57732 -0.680513 3.74196 -5.18842 0 0
0 0 73 2.4797 -1.85704 3.18392 -0.0776186 0 0
0 0 74 4.1098 -1.49424 2.59089 -1.60933 0 0
0 0 75 3.05718 0.948508 4.02085 -3.57874 0 0
0 0 76 -0.346097 -2.81697 -0.365287 -1.93615 0 0
0 0 77 0.747048 -2.93059 2.3672 2.13182 0 0
0 0 78 0.43326 -1.42823 -0.899205 -0.552488 0 0
0 0 79 4.2951 1.92049 -1.50271 -1.38348 0 0
0 0 80 3.6823 -2.38414 -2.51157 -2.77088 0 0
0 0 81 2.66264 2.55812 1.76174 -0.575267 0 0
0 0 82 2.47381 0.103356 -1.26369 -0.793503 0 0
0 0 83 1.66649 -0.76762 -0.363609 2.17254 0 0
0 0 84 3.2934 1.8659 3.33074 -1.57414 0 0
0 0 85 4.51315 -5.21099 1.05356 -3.0632 0 0
0 0 86 -1.04756 -3.47293 3.42421 0.245652 0 0
0 0 87 1.91307 -1.87297 0.252945 0.715407 0 0
0 0 88 1.61048 -0.721009 2.80325 -2.29016 0 0
0 0 89 0.332674 -2.11637 1.71317 -2.97689 0 0
0 0 90 3.95871 0.606484 2.4188 0.529843 0 0
0 0 91 0.39453 -1.3926 -0.53073 -0.54412 0 0
0 0 92 3.47376 2.49353 1.71973 0.970199 0 0
0 0 93 2.60962 1.40027 1.38302 -2.86928 0 0
0 0 94 1.51602 2.03914 -0.0677373 -0.219041 0 0
0 0 95 2.69488 -1.80262 3.22587 0.0163157 0 0
0 0 96 1.83506 -1.32922 -2.45706 -0.555751 0 0
0 0 97 2.07927 2.48141 -0.990003 1.19512 0 0
0 0 98 2.89432 -1.52363 1.03062 -0.442865 0 0
0 0 99 4.95774 -0.930113 1.84083 2.34474 0 0
0 0 100 0.365844 1.67976 0.579238 0.215485 0 0
0 0 101 0.934972 1.41635 1.95423 -0.949543 0 0
0 0 102 -0.377968 -1.79799 4.73978 -1.04899 0 0
0 0 103 -1.38013 0.722848 0.320087 2.18576 0 0
0 0 104 4.66895 -1.1277 2.09103 3.89192 0 0
0 0 105 3.67598 0.0338637 -1.41143 1.93779 0 0
0 0 106 1.30376 -1.64173 1.44524 1.53011 0 0
0 0 107 2.09606 0.94983 2.09362 0.893848 0 0
0 0 108 -1.19982 -1.16592 1.05976 -1.49254 0 0
0 0 109 -2.5322 4.30812 1.74119 -0.482346 0 0
0 0 110 1.61064 2.4369 -2.16914 -3.20348 0 0
0 0 111 1.74584 -0.633818 0.333788 -1.19861 0 0
0 0 112 -2.35521 -1.32648 1.23462 -0.310204 0 0
0 0 113 1.50798 -2.83103 -0.135084 -0.124942 0 0
0 0 114 0.0978841 -0.615748 1.36376 0.793138 0 0
0 0 115 -0.56976 -0.808173 1.75375 -0.795592 0 0
0 0 116 3.02548 -2.91317 -3.06999 1.36729 0 0
0 0 117 3.29338 1.39983 -1.41696 0.024353 0 0
0 0 118 0.516057 -1.85618 -3.83446 0.280523 0 0
0 0 119 -3.01545 -1.49712 4.81387 -0.58947 0 0
0 0 120 2.1891 -2.01047 -0.0457729 -0.527314 0 0
0 0 121 -3.18355 1.8614 1.18253 1.45878 0 0
0 0 122 -2.16885 -2.87672 2.70616 2.48505 0 0
0 0 123 0.979217 -2.48335 -5.40372 0.0763137 0 0
0 0 124 -2.75599 -0.510146 -2.19757 -0.191142 0 0
0 0 125 -3.53031 0.109927 -0.17861 0.955931 0 0
0 0 126 -1.95858 -2.83038 -0.188721 1.89512 0 0
0 0 127 -1.92539 -2.25138 1.24173 1.92558 0 0
0 0 128 -0.189311 -0.626683 -0.613539 -0.696636 0 0
0 0 129 2.62334 -0.739052 -0.420723 1.67885 0 0
0 0 130 0.407954 -1.18825 0.408234 -0.457662 0 0
0 0 131 1.44738 -3.50602 3.01199 0.118331 0 0
0 0 132 -2.91487 1.07751 2.90524 0.171088 0 0
0 0 133 -0.643498 -0.0829289 -6.24566 0.477399 0 0
0 0 134 -0.125653 0.622354 2.34008 0.517866 0 0
0 0 135 -1.1628 1.06685 -0.554889 1.20433 0 0
0 0 136 0.320373 -2.48097 -1.87405 0.243615 0 0
0 0 137 3.00293 -1.36697 1.94645 1.0272 0 0
0 0 138 -2.01418 0.314719 -1.92775 0.606819 0 0
0 0 139 2.53306 1.16209 -0.903977 0.211739 0 0
0 0 140 -2.16116 -0.75589 -3.59063 4.14102 0 0
0 0 141 2.88526 2.32456 0.854249 -3.94349 0 0
0 0 142 1.14645 -4.34161 1.32931 3.02368 0 0
0 0 143 -2.56165 3.00646 1.47987 -0.957842 0 0
0 0 144 1.78391 -0.903119 2.59758 0.628265 0 0
0 0 145 0.651634 -1.58023 1.50656 0.394123 0 0
0 0 146 1.14549 -3.71433 2.17427 -1.27606 0 0
0 0 147 3.61566 -3.33637 -3.35965 0.46861 0 0
0 0 148 -1.02002 -1.22545 0.296016 0.213039 0 0
0 0 149 1.93833 4.20751 1.66009 0.588343 0 0
0 0 150 3.99341 -0.459026 -1.4013 1.5481 0 0
0 0 151 0.480587 -0.802607 -0.798888 0.250889 0 0
0 0 152 -1.02032 -0.262823 2.72178 -0.941777 0 0
0 0 153 0.340241 -1.09089 0.208264 -0.78431 0 0
0 0 154 3.0012 2.55488 -0.339333 -0.786866 0 0
0 0 155 -1.06212 0.250612 -0.37814 2.74868 0 0
0 0 156 0.684148 -4.10997 -0.488909 -2.31258 0 0
0 0 157 -2.5004 -1.12135 1.46402 -0.362942 0 0
0 0 158 3.33869 -1.26081 0.99903 1.27403 0 0
0 0 159 1.66616 -1.11045 6.0541 -0.949088 0 0
0 0 160 -0.732392 -2.15218 -1.04355 -0.544979 0 0
0 0 161 0.515866 -0.780185 2.24465 1.28118 0 0
0 0 162 -0.522608 -1.51655 1.65927 2.22764 0 0
0 0 163 0.821339 1.00535 -1.04852 0.921075 0 0
0 0 164 1.3893 -3.52982 -1.39072 -0.0813048 0 0
0 0 165 0.556569 -1.4262 2.10134 3.41145 0 0
0 0 166 -0.0165961 -1.3971 1.80075 -2.20727 0 0
0 0 167 1.35388 1.55213 1.89897 -0.09057 0 0
0 0 168 2.40529 -3.75538 -0.252924 -1.52899 0 0
0 0 169 2.29303 2.25554 1.55411 -0.961134 0 0
0 0 170 -0.0910916 0.0472745 2.36988 0.476182 0 0
0 0 171 2.55567 -1.6641 1.44396 0.704631 0 0
0 0 172 -0.888189 1.09923 -1.5565 -1.65699 0 0
0 0 173 1.98543 1.56273 1.31216 1.12894 0 0
0 0 174 -2.49465 1.94852 2.88325 2.14799 0 0
0 0 175 1.66383 2.70753 0.468866 -1.57821 0 0
0 0 176 1.6563 -3.43851 1.29033 -0.118322 0 0
0 0 177 -0.915128 -0.562678 -0.267365 0.287271 0 0
0 0 178 -0.229702 0.603454 -0.947009 1.68461 0 0
0 0 179 3.47902 0.645046 -0.221415 -0.197475 0 0
0 0 180 -2.83694 2.64638 -1.13983 0.968968 0 0
0 0 181 1.60069 -1.94585 -1.80372 1.91588 0 0
0 0 182 -2.04344 1.42881 -2.53171 0.595462 0 0
0 0 183 1.66417 -1.24996 -0.828654 -2.15721 0 0
0 0 184 -0.388272 -0.578257 -2.19511 1.67884 0 0
0 0 185 2.01681 0.300897 -2.7559 -1.28757 0 0
0 0 186 -1.16653 -0.851779 -0.449425 -4.80508 0 0
0 0 187 -1.59034 -2.06266 3.43599 1.77643 0 0
0 0 188 2.36711 2.92259 -0.873295 0.897059 0 0
0 0 189 2.62631 2.49849 1.01375 1.12116 0 0
0 0 190 0.103943 -3.25352 0.694467 1.72885 0 0
0 0 191 1.65716 1.2376 2.07123 -3.58861 0 0
0 0 192 -2.06128 -2.67808 1.95662 -2.05666 0 0
0 0 193 -1.36309 0.865566 0.585772 -0.161215 0 0
0 0 194 1.69824 -2.33292 0.583362 2.09117 0 0
0 0 195 2.91723 0.562402 1.62386 0.0796612 0 0
0 0 196 -2.48137 1.31822 -0.323834 -1.33401 0 0
0 0 197 2.65825 -1.16664 -0.740346 -1.49306 0 0
0 0 198 1.45292 -2.33073 0.628093 0.200645 0 0
0 0 199 -0.184437 2.94801 0.396342 -3.0012 0 0
0 0 200 0.583305 -0.63963 -1.37742 -0.892822 0 0
0 0 201 3.21868 -0.45706 -0.124297 -2.23658 0 0
0 0 202 -0.129782 -0.0788555 2.64701 -1.52578 0 0
0 0 203 1.21996 -0.682859 -0.0472379 -0.254999 0 0
0 0 204 -2.52866 -2.86215 -0.74132 2.85366 0 0
0 0 205 -0.718297 -0.0539476 -1.72915 2.37133 0 0
0 0 206 -1.46865 0.376195 -0.207548 -2.26728 0 0
0 0 207 1.88227 3.4144 1.23231 0.970598 0 0
0 0 208 0.0489857 -0.268932 1.83544 -1.56054 0 0
0 0 209 0.407588 -3.20017 1.92326 2.33799 0 0
0 0 210 0.917539 1.7844 -1.89147 5.72597 0 0
0 0 211 2.20314 2.43939 1.76777 3.37117 0 0
0 0 212 -0.292333 1.19914 -2.47153 -1.97169 0 0
0 0 213 1.61635 0.0674312 -1.81576 -0.355079 0 0
0 0 214 -0.275091 -0.694623 -0.523215 1.82004 0 0
0 0 215 0.602276 -0.39927 -2.02045 1.38817 0 0
0 0 216 1.8617 -0.468247 1.75626 2.46422 0 0
0 0 217 1.32874 -0.36437 2.96132 -0.288237 0 0
0 0 218 4.06454 -3.04293 2.41339 1.47504 0 0
0 0 219 -2.27173 -2.88355 -0.742543 1.30093 0 0
0 0 220 -2.26912 4.95635 -2.12907 0.279959 0 0
0 0 221 0.57206 -0.237299 -2.71071 -0.963746 0 0
0 0 222 0.846198 -0.29328 1.97575 -1.66871 0 0
0 0 223 1.113 -1.23953 1.29593 1.4747 0 0
0 0 224 0.119116 -1.95299 -2.3456 -2.00639 0 0
0 0 225 1.44415 -0.0841081 -1.95786 2.88402 0 0
0 0 226 1.44803 1.10343 -1.49603 1.99314 0 0
0 0 227 2.9864 0.158469 0.692532 0.350881 0 0
0 0 228 1.45405 -1.89274 -0.346248 1.28425 0 0
0 0 229 -1.71448 -1.99857 0.381884 0.607171 0 0
0 0 230 5.05329 0.578428 -0.0141817 -2.7708 0 0
0 0 231 -1.30673 0.0987863 0.898813 -3.20887 0 0
0 0 232 2.84635 -0.83165 -0.376154 2.46128 0 0
0 0 233 -4.34526 2.04868 1.15632 3.11365 0 0
0 0 234 0.484888 -0.628962 -0.656859 -0.91887 0 0
0 0 235 0.00178834 -0.152096 1.2865 -0.723876 0 0
0 0 236 0.0927256 0.337272 -0.307407 -0.623549 0 0
0 0 237 -1.18018 1.65865 1.22032 -3.18201 0 0
0 0 238 2.91273 -1.65285 -0.732429 -1.86451 0 0
0 0 239 2.50904 0.19533 -0.79577 -0.332082 0 0
0 0 240 0.95504 0.697468 1.14633 -2.0737 0 0
0 0 241 -2.94586 -3.99624 -1.59122 3.219 0 0
0 0 242 -0.0940087 -1.79175 -0.692103 -1.16286 0 0
0 0 243 1.74742 0.135292 2.38903 1.30289 0 0
0 0 244 -0.190406 -0.58123 0.272483 0.995265 0 0
0 0 245 0.0246731 -2.55708 0.778832 0.424956 0 0
0 0 246 1.62875 -2.31454 1.20819 0.337182 0 0
0 0 247 -0.496472 0.189028 -2.29982 -0.730402 0 0
0 0 248 0.0741001 2.43369 -0.929697 -2.09028 0 0
0 0 249 -0.760886 -2.04694 1.37591 -1.70238 0 0
0 0 250 1.35265 -0.359737 -1.86856 -1.36569 0 0
0 0 251 -0.396443 1.80498 -2.08404 3.63116 0 0
0 0 252 -0.381576 0.447238 1.05508 1.20861 0 0
0 0 253 1.54489 -0.28602 1.69758 4.58983 0 0
0 0 254 -0.871911 -3.22922 3.22581 2.38295 0 0
0 0 255 0.538312 -1.55038 -1.62752 0.959588 0 0
0 0 256 1.10443 -4.49297 -0.455909 -0.946265 0 0
0 0 257 1.21555 0.718326 -1.88897 0.700929 0 0
0 0 258 -1.27026 -0.655397 2.11119 -2.42688 0 0
0 0 259 5.04075 -1.69432 0.123911 2.841 0 0
0 0 260 1.00702 1.74912 -1.37704 -0.672799 0 0
0 0 261 -3.70961 -5.02282 4.28178 -2.44526 69.7768 8.3902
0 0 262 -1.69421 1.33538 0.843519 -0.470214 0 0
0 0 263 -1.27998 1.19484 2.29034 -1.2117 0 0
0 0 264 -0.188883 0.653512 -3.1268 0.130555 0 0
0 0 265 0.0145557 -1.02909 -0.896123 -0.478427 0 0
0 0 266 1.61629 1.34209 -3.2602 2.60067 0 0
0 0 267 0.0284936 -1.72312 -3.01204 -1.64754 0 0
0 0 268 -2.47457 0.270657 4.71098 -0.698954 0 0
0 0 269 -0.225316 -0.607806 -2.42664 1.50143 0 0
0 0 270 0.977568 -1.5661 2.19563 0.884555 0 0
0 0 271 -1.42619 1.53465 1.77749 2.53726 0 0
0 0 272 0.421604 -1.56287 -0.897314 -3.5293 0 0
0 0 273 1.47894 0.96738 -0.201402 0.926982 0 0
0 0 274 -3.07501 -0.0263922 -0.325149 0.58036 0 0
0 0 275 0.567429 -3.04878 -0.495597 0.643966 0 0
0 0 276 0.781813 4.03292 1.38261 -0.12509 0 0
0 0 277 0.753306 0.0509818 1.94201 -0.0769606 0 0
0 0 278 -0.0767887 -2.48421 -1.01864 -0.879474 0 0
0 0 279 0.0725684 -0.0433358 1.59539 -0.456621 0 0
0 0 280 0.60397 -2.54434 -0.789085 0.30169 0 0
0 0 281 0.24587 -1.78835 2.87657 3.30679 0 0
0 0 282 1.69126 1.27161 -1.57459 0.28878 0 0
0 0 283 0.0629369 1.2623 -1.09333 0.328763 0 0
0 0 284 2.7912 -2.98264 0.231542 2.98291 0 0
0 0 285 0.613044 -0.795234 -0.299268 1.44663 0 0
0 0 286 1.83086 -0.180822 -3.1115 -3.08911 0 0
0 0 287 -0.63293 1.9531 2.10179 1.9955 0 0
0 0 288 1.90687 1.63033 1.87027 3.87192 0 0
0 0 289 0.117532 -1.45683 0.971069 1.10139 0 0
0 0 290 2.66179 1.72107 -0.271074 0.123936 0 0
0 0 291 1.4496 1.5185 -1.42457 -1.03855 0 0
0 0 292 3.73349 -0.310821 1.3039 -1.06351 0 0
0 0 293 -3.54733 -0.837002 -0.0413213 2.67872 0 0
0 0 294 0.932154 -0.399238 2.75572 -3.71658 0 0
0 0 295 2.49632 1.62139 -1.08139 -0.617374 0 0
0 0 296 -1.3133 1.16253 2.51078 -1.02506 0 0
0 0 297 0.888732 -2.8932 -0.92665 1.4721 0 0
0 0 298 -4.41907 0.122133 -2.8283 1.54607 0 0
0 0 299 -0.0549521 0.888769 -0.283499 -2.52452 0 0
0 0 300 2.75897 0.902213 -0.998947 1.85634 0 0
0 0 301 0.339332 -2.81537 1.46409 -0.279973 0 0
0 0 302 -1.58377 -0.0960303 -0.278181 1.32777 0 0
0 0 303 -0.0632005 1.73482 2.62643 -0.109733 0 0
0 0 304 -1.10798 -2.71921 -0.331959 0.817469 0 0
0 0 305 0.594526 -1.65991 -3.0905 0.0773275 0 0
0 0 306 -0.805095 1.10133 0.276834 -1.893 0 0
0 0 307 0.398845 -1.60521 -1.96972 1.16715 0 0
0 0 308 -0.506573 -1.64383 1.70525 -0.718019 0 0
0 0 309 -0.469455 1.29142 0.0208723 -2.76927 0 0
0 0 310 -0.607527 4.08388 -2.36868 -0.252062 0 0
0 0 311 0.62271 0.136307 1.57086 -2.6662 0 0
0 0 312 2.03374 1.58241 0.596882 2.65859 0 0
0 0 313 -1.0901 -0.548382 -0.696921 1.11652 0 0
0 0 314 -1.78705 2.34583 -0.448756 -0.0748998 0 0
0 0 315 0.244752 2.10643 -1.04107 2.80853 0 0
0 0 316 -1.36685 -0.993981 3.60169 1.07374 0 0
0 0 317 -0.541665 0.301468 0.288042 -2.40701 0 0
0 0 318 -0.648865 -0.473392 -1.55281 0.973295 0 0
0 0 319 3.46259 -0.464249 -0.958544 1.55396 0 0
0 0 320 2.64971 -1.36662 1.61384 -0.161443 0 0
0 0 321 -0.00242972 -1.07323 -2.01908 -0.171392 0 0
0 0 322 2.33065 -2.05802 0.473888 -0.43479 0 0
0 0 323 -1.665 -0.157794 -2.0596 2.4577 0 0
0 0 324 2.10859 3.12138 -0.142457 0.834628 0 0
0 0 325 0.374437 1.00074 -2.59249 -1.96072 0 0
0 0 326 -2.16857 -1.10718 2.93546 0.490987 0 0
0 0 327 -0.204991 -4.00563 -0.810477 2.04016 0 0
0 0 328 -0.255376 -1.37252 1.07385 -0.355152 0 0
0 0 329 1.53198 -2.38538 -3.14936 -2.0153 0 0
0 0 330 -1.97697 -2.60775 -2.93143 1.22416 0 0
0 0 331 -1.269 1.08339 0.258057 4.05458 0 0
0 0 332 -2.05276 -0.433036 -0.167598 -1.50846 0 0
0 0 333 -0.56859 -4.16178 1.42442 1.18557 0 0
0 0 334 1.50805 0.276429 0.630562 2.17882 0 0
0 0 335 3.40578 1.12873 0.414941 0.803476 0 0
0 0 336 0.798165 -0.439137 -2.03534 -0.421661 0 0
0 0 337 2.57606 0.0863955 -4.23987 -3.12654 0 0
0 0 338 5.08203 -0.734129 -0.573718 -0.0105932 0 0
0 0 339 0.97741 -2.46555 -1.65686 -0.338774 0 0
0 0 340 1.77467 1.61671 -0.00795455 -2.42672 0 0
0 0 341 0.829128 1.26145 -0.5311 -1.88614 0 0
0 0 342 0.961567 0.372117 -4.24048 -3.48681 0 0
0 0 343 -3.01559 -1.61225 1.34433 0.269393 0 0
0 0 344 1.28394 -0.624338 1.28422 0.524812 0 0
0 0 345 2.64129 -0.960786 -2.60995 -0.745181 0 0
0 0 346 1.94775 2.24721 2.62148 -0.235672 0 0
0 0 347 1.09862 -0.357145 0.30774 -1.27169 0 0
0 0 348 -1.36943 2.15414 -2.39343 4.48176 0 0
0 0 349 -0.132594 -1.26259 -2.77372 -1.74197 0 0
0 0 350 -1.25448 0.0726997 -2.51319 -0.0564493 0 0
0 0 351 0.400959 1.85699 0.927533 0.388999 0 0
0 0 352 -0.330194 -0.375693 -0.991318 0.901791 0 0
0 0 353 2.60887 1.00675 0.345367 -4.23094 0 0
0 0 354 -3.06814 -3.99945 1.95166 3.40205 0 0
0 0 355 -1.7009 -0.716796 -0.563315 -2.98257 0 0
0 0 356 -1.78292 -0.61375 0.950142 -0.723195 0 0
0 0 357 0.930691 1.5455 -0.10889 -0.101165 0 0
0 0 358 2.01209 1.08466 -1.03219 0.677483 0 0
0 0 359 3.06172 1.23919 -0.376414 -1.65933 0 0
0 0 360 -0.345798 -3.02489 2.29112 0.84216 0 0
0 0 361 0.19764 1.00943 0.952189 0.555545 0 0
0 0 362 1.65475 0.565276 -1.1916 0.599975 0 0
0 0 363 -1.75754 4.04614 0.135698 -1.56006 0 0
0 0 364 2.75336 -0.340188 -0.231858 -1.83075 0 0
0 0 365 0.715416 -2.52736 -3.4506 1.8686 0 0
0 0 366 -0.71034 3.09462 -1.08033 1.01329 0 0
0 0 367 0.256545 -1.13347 0.488343 -1.81312 0 0
0 0 368 -0.43774 0.748896 2.27554 2.94917 0 0
0 0 369 1.59399 -2.4367 1.71035 1.16239 0 0
0 0 370 2.05341 1.34615 1.67879 2.36037 0 0
0 0 371 -1.87373 0.320739 -1.48851 -0.116385 0 0
0 0 372 -0.371201 0.793409 -0.617466 -1.17497 0 0
0 0 373 1.14975 -3.01823 -2.2843 -1.14135 0 0
0 0 374 0.161976 0.828758 0.114651 1.9755 0 0
0 0 375 -3.17942 -2.45663 -3.04073 -2.78978 0 0
0 0 376 0.773541 -0.626792 1.01912 -1.5187 0 0
0 0 377 -2.50297 -1.46853 0.180463 2.59061 0 0
0 0 378 -0.363955 -0.691722 -5.1578 2.92535 0 0
0 0 379 0.887869 -1.03091 1.95429 0.193203 0 0
0 0 380 -1.89437 -1.9276 -0.501382 0.914896 0 0
0 0 381 0.696737 1.99635 2.85592 1.90888 0 0
0 0 382 1.26714 0.0298472 0.870075 1.86053 0 0
0 0 383 1.71023 -1.10457 0.62878 1.85717 0 0
0 0 384 1.36971 -2.59761 -0.552313 0.463634 0 0
0 0 385 -0.733622 -0.999507 1.62137 0.715072 0 0
0 0 386 0.831088 1.6887 -1.43871 0.763356 0 0
0 0 387 1.70523 0.499771 -2.30796 -3.87425 0 0
0 0 388 -1.56361 -1.98292 -3.17259 -1.86092 0 0
0 0 389 0.285331 1.52427 -1.41302 0.36082 0 0
0 0 390 0.374724 0.568659 -1.97672 -1.8007 0 0
0 0 391 2.09698 -1.08947 1.94611 -1.13164 0 0
0 0 392 -0.769337 1.07037 1.68423 -2.57352 0 0
0 0 393 0.178818 0.453855 -1.00712 0.907421 0 0
0 0 394 2.77709 0.655701 -0.947088 -3.53845 0 0
0 0 395 -2.4048 -0.126235 -0.074112 -0.581211 0 0
0 0 396 -0.607991 2.2929 -0.519288 0.724262 0 0
0 0 397 -3.88419 -1.13026 -4.35248 -1.2733 0 0
0 0 398 0.225214 -1.33728 1.15661 -2.41684 0 0
0 0 399 -0.965163 3.03378 -1.19186 2.69147 0 0
0 0 400 -0.0907847 1.15854 -4.39608 2.35137 0 0
0 0 401 2.364 1.67288 -0.904373 0.219559 0 0
0 0 402 0.646021 -1.70941 -3.5262 1.76946 0 0
0 0 403 -1.62349 -3.53276 2.3042 1.69183 0 0
0 0 404 1.56153 -0.0203516 -4.55329 -0.601819 0 0
0 0 405 -0.129994 -1.77712 1.34893 2.94791 0 0
0 0 406 2.69109 3.20597 -0.961002 -1.19312 0 0
0 0 407 -5.38325 -1.8037 -1.31362 3.16483 0 0
0 0 408 -2.34244 2.16371 3.10377 -1.39666 0 0
0 0 409 -1.83153 1.51837 -0.559279 -0.810158 0 0
0 0 410 -3.73232 0.957706 0.953408 0.390157 0 0
0 0 411 2.88691 -2.5991 -2.88019 3.14993 0 0
0 0 412 -0.821345 -2.65496 1.06557 -2.5131 0 0
0 0 413 0.283979 -1.24022 -1.94151 2.10685 0 0
0 0 414 -2.67903 0.062179 2.93029 0.224915 0 0
0 0 415 -0.903679 -1.42255 2.11671 -0.640468 0 0
0 0 416 -3.63207 1.61011 2.31449 1.7354 0 0
0 0 417 -3.33236 1.09027 -3.17508 0.934332 0 0
0 0 418 0.92356 -0.241605 1.33809 2.27817 0 0
0 0 419 1.64745 0.959986 0.756786 -0.120861 0 0
0 0 420 1.10295 -1.73502 0.520105 0.883902 0 0
0 0 421 2.55541 2.4279 1.49582 -1.09368 0 0
0 0 422 0.55721 0.629571 -2.51558 -1.29321 0 0
0 0 423 4.35238 -1.96182 1.43439 -1.05894 0 0
0 0 424 -2.14583 2.93708 -1.35181 -1.62635 0 0
0 0 425 -1.65082 0.0920603 3.73578 -1.4049 0 0
0 0 426 -1.38897 -0.0510722 -2.53839 0.632667 0 0
0 0 427 0.860901 -0.58108 -2.84794 -0.30146 0 0
0 0 428 4.78289 -4.14071 -1.22935 2.03914 0 0
0 0 429 -0.0677481 -0.317046 -1.05628 -2.398 0 0
0 0 430 -0.833793 -2.20572 -0.528307 0.344698 0 0
0 0 431 -2.25179 -1.85364 2.0528 -0.72653 0 0
0 0 432 -1.40243 -0.533764 1.32083 -0.332174 0 0
0 0 433 -1.99735 -1.53029 0.00765327 1.51268 0 0
0 0 434 -1.22899 1.31816 1.51082 1.03441 0 0
0 0 435 1.2438 0.921066 -0.288206 -4.26065 0 0
0 0 436 2.01617 1.8245 -0.857135 0.192163 0 0
0 0 437 0.330251 0.586173 1.38864 -0.834362 0 0
0 0 438 1.07475 0.394967 0.44286 -1.98694 0 0
0 0 439 0.365564 0.28899 2.07569 -0.111062 0 0
0 0 440 -1.44905 1.37835 0.618681 1.07453 0 0
0 0 441 -1.45895 -0.448485 -1.19077 0.592404 0 0
0 0 442 -0.286789 -4.1159 0.560174 0.555799 0 0
0 0 443 -1.78035 2.8606 -0.5418 -3.16557 0 0
0 0 444 -0.149575 0.477161 1.11336 1.07998 0 0
0 0 445 0.353924 -1.22543 -1.04376 -1.34152 0 0
0 0 446 2.61757 3.81892 1.13545 3.84754 0 0
0 0 447 -1.77626 -0.0869612 -0.729856 -0.110641 0 0
0 0 448 -1.86382 1.01043 0.669647 0.882071 0 0
0 0 449 2.36348 0.0388302 -0.761607 -0.460758 0 0
0 0 450 -0.363783 0.886688 3.18785 -1.58691 0 0
0 0 451 -3.59662 1.25102 -1.23928 -3.21787 0 0
0 0 452 2.01053 -0.320115 1.51869 2.14154 0 0
0 0 453 4.385 -0.681306 0.828149 3.49152 0 0
0 0 454 -0.477304 -5.4868 1.91294 3.90802 0 0
0 0 455 1.51451 -0.318534 2.26631 -1.33887 0 0
0 0 456 2.20952 0.286904 -0.273313 -0.440152 0 0
0 0 457 0.0162384 -0.418157 3.29917 -0.521473 0 0
0 0 458 2.72049 -2.43285 0.117182 -2.45245 0 0
0 0 459 1.01323 1.47421 2.83321 1.53942 0 0
0 0 460 -1.0524 4.23667 -2.17658 -0.868076 0 0
0 0 461 0.909525 -0.90365 -0.781598 0.437407 0 0
0 0 462 1.21369 1.83308 2.79417 1.20225 0 0
0 0 463 -0.583252 1.04081 2.26612 2.08138 0 0
0 0 464 0.543329 -0.985738 2.23481 1.48043 0 0
0 0 465 2.22658 2.2805 0.701129 1.62021 0 0
0 0 466 -3.03349 0.645154 -0.772724 0.348599 0 0
0 0 467 2.87011 0.919586 -3.84869 -2.97393 0 0
0 0 468 -1.48704 0.85797 -0.51216 -0.51771 0 0
0 0 469 0.532409 2.09818 2.32286 0.147408 0 0
0 0 470 0.506277 3.51739 0.556186 -0.899078 0 0
0 0 471 -0.538936 -0.0559965 2.83313 0.340453 0 0
0 0 472 -2.22388 -3.47877 -2.54782 -2.06256 0 0
0 0 473 1.22534 0.625213 -0.387192 0.520871 0 0
0 0 474 -0.853767 0.879068 -0.496337 -2.05659 0 0
0 0 475 0.719447 4.38516 1.05161 3.64563 0 0
0 0 476 -1.40363 2.78274 1.28871 0.417812 0 0
0 0 477 1.84162 -0.106977 0.761049 -0.485267 0 0
0 0 478 -3.18408 1.18975 1.44396 -1.33886 0 0
0 0 479 -1.66777 0.850925 -0.946541 -1.36975 0 0
0 0 480 -0.481174 2.73279 2.87718 -1.03255 0 0
0 0 481 1.13294 1.3937 0.700041 0.428362 0 0
0 0 482 -1.70071 0.229219 1.85816 -2.7069 0 0
0 0 483 -0.895541 -3.87736 0.814765 1.07524 0 0
0 0 484 -0.260357 -0.777651 -1.02099 -1.06206 0 0
0 0 485 2.47301 0.750914 0.867788 -2.64313 0 0
0 0 486 1.62167 -1.46244 4.41289 2.38214 0 0
0 0 487 1.81835 -0.316523 -1.73357 -1.57877 0 0
0 0 488 -0.403581 1.58584 1.66996 -4.38601 0 0
0 0 489 1.2855 3.54691 -1.95193 -1.42182 0 0
0 0 490 -1.56881 -1.49179 0.809858 0.280768 0 0
0 0 491 1.03575 -1.09621 -1.15607 0.773863 0 0
0 0 492 1.32585 -0.401013 -1.00385 3.941 0 0
0 0 493 -0.345407 0.476281 0.405256 -0.503947 0 0
0 0 494 3.21053 -3.99974 1.78634 1.03411 0 0
0 0 495 2.05253 5.0692 -2.07679 -0.947274 0 0
0 0 496 -0.468229 0.905373 -1.95662 0.0042939 0 0
0 0 497 -1.00599 0.265007 -4.36945 0.746738 0 0
0 0 498 0.502058 -1.66558 1.09845 -1.29262 0 0
0 0 499 -1.12512 -2.81104 -1.40887 0.953458 0 0
0 0 500 0.0241588 -1.39738 0.106599 0.206532 0 0
0 0 501 -1.02074 -0.0416575 -4.01422 1.29503 0 0
0 0 502 1.10475 1.34064 -1.01854 -1.99397 0 0
0 0 503 -0.661775 -0.572587 -1.50219 -0.519973 0 0
0 0 504 -0.543497 -1.99458 2.93099 1.68749 0 0
0 0 505 2.24406 -2.51295 0.691056 -1.83321 0 0
0 0 506 4.33573 -0.455403 1.8111 0.837544 0 0
0 0 507 -2.73673 -2.28389 0.583059 -3.039 0 0
0 0 508 -0.311362 1.60262 -2.87361 1.18581 0 0
0 0 509 -2.47962 -0.749368 -1.36644 3.15016 0 0
0 0 510 -1.12119 3.45822 0.556334 -2.39968 0 0
0 0 511 0.843857 -2.27543 -2.31846 2.08144 0 0
0 0 512 -1.64001 -0.49099 -0.525515 -0.368977 0 0
0 0 513 -2.10785 1.23716 -2.59876 0.733707 0 0
0 0 514 2.29509 -1.50537 1.12892 0.414399 0 0
0 0 515 3.73201 3.43408 -0.328394 -0.0369164 0 0
0 0 516 4.15519 -0.771376 -0.186854 1.4276 0 0
0 0 517 -2.91289 1.11845 0.156794 0.702966 0 0
0 0 518 -0.00916666 1.14509 2.13808 -2.3804 0 0
0 0 519 -0.291353 -3.53753 3.61645 0.378882 0 0
0 0 520 -1.92778 -0.295036 -0.546885 -0.108129 0 0
0 0 521 0.886865 0.0363472 3.33405 -3.2624 0 0
0 0 522 -2.8304 -3.52783 -0.921623 1.32852 0 0
0 0 523 0.580915 1.12598 0.538885 -3.27915 0 0
0 0 524 1.40949 -0.729889 1.13308 -4.84655 0 0
0 0 525 1.96324 -2.32253 -3.01565 -0.916849 0 0
0 0 526 0.772742 -0.0875433 -1.79747 -1.71021 0 0
0 0 527 -0.347617 0.678649 3.28884 3.25287 0 0
0 0 528 -0.73804 0.474689 0.501959 0.796592 0 0
0 0 529 2.84817 -0.356037 2.59911 -0.96458 0 0
0 0 530 -2.12783 2.18114 2.53864 -2.36038 0 0
0 0 531 1.75086 1.8185 0.394523 -1.26956 0 0
0 0 532 -3.3363 -0.253002 -0.223897 -0.84761 0 0
0 0 533 0.849741 -2.114 -1.2237 -2.09093 0 0
0 0 534 -0.897485 1.92925 1.16042 2.13433 0 0
0 0 535 3.67864 1.06473 -0.512282 2.21582 0 0
0 0 536 1.98102 2.15822 -0.0189691 -1.70845 0 0
0 0 537 0.274792 1.60112 -3.98523 1.34652 0 0
0 0 538 -0.791414 -2.53245 -0.761234 0.844096 0 0
0 0 539 -1.12567 1.18815 0.829578 -0.302512 0 0
0 0 540 1.57204 -1.24017 -0.17169 1.75392 0 0
0 0 541 3.0101 0.199148 1.28303 -1.73517 0 0
0 0 542 -0.200959 -0.989494 1.95119 1.23079 0 0
0 0 543 -1.9646 1.21446 -3.14735 -0.109777 0 0
0 0 544 -1.23681 2.95733 2.72017 -0.0328093 0 0
0 0 545 1.56089 1.83715 1.04433 -2.73769 0 0
0 0 546 3.25267 0.42861 3.22025 -0.714908 0 0
0 0 547 -1.46899 1.10449 -0.765167 -0.139033 0 0
0 0 548 3.18292 -1.33979 0.476823 1.10038 0 0
0 0 549 1.54799 -0.0154718 -2.45207 -0.89683 0 0
0 0 550 -0.426314 2.49445 0.867421 -2.26683 0 0
0 0 551 0.935332 0.123918 -1.52794 -0.374794 0 0
0 0 552 0.874708 -0.14557 1.87226 -1.49104 0 0
0 0 553 -2.84943 -0.518661 1.50167 2.03566 0 0
0 0 554 -0.825231 0.121654 -0.289721 5.55434 0 0
0 0 555 -0.669065 1.00586 3.96498 -0.945796 0 0
0 0 556 1.7974 -1.0041 -3.54405 -0.189964 0 0
0 0 557 1.0034 2.92016 -0.0782522 0.126418 0 0
0 0 558 0.250911 -3.15555 -2.60703 -0.209384 0 0
0 0 559 -0.718393 3.87044 1.6309 -0.085835 0 0
0 0 560 0.428765 0.623108 -2.02353 0.351677 0 0
0 0 561 -2.27503 3.04052 1.75443 0.744823 0 0
0 0 562 -0.0190011 1.21325 0.112097 -1.24055 0 0
0 0 563 0.857936 3.40941 -0.971628 1.1641 0 0
0 0 564 -0.392422 -0.567696 -1.32916 -0.377782 0 0
0 0 565 2.73523 -0.623693 -0.297764 -2.58978 0 0
0 0 566 -4.32076 2.4041 0.202161 -0.96273 0 0
0 0 567 1.58625 0.3607 -0.359836 -0.553292 0 0
0 0 568 3.53247 0.213856 2.00362 -1.7202 0 0
0 0 569 -0.204079 -1.98087 1.02344 -0.466734 0 0
0 0 570 1.05821 -3.03964 -5.09903 -2.77682 0 0
0 0 571 1.63325 0.0530477 2.96935 -2.73095 0 0
0 0 572 -0.748195 -1.30553 -0.313586 2.06442 0 0
0 0 573 0.996877 -1.45205 1.47749 -1.12042 0 0
0 0 574 -1.72303 -1.14843 -0.543736 -1.02024 0 0
0 0 575 1.05544 0.498917 -0.953867 1.21024 0 0
0 0 576 -1.71239 1.0254 1.14041 0.829198 0 0
0 0 577 -2.62607 1.56458 0.48877 -1.72193 0 0
0 0 578 2.07107 0.776274 -2.09865 0.74228 0 0
0 0 579 -2.54446 2.95815 0.0791579 0.417517 0 0
0 0 580 -3.43012 0.253459 1.83347 -1.43613 0 0
0 0 581 -1.96091 -1.75082 -1.47982 -2.57316 0 0
0 0 582 1.07892 -3.88562 1.01209 -3.29225 0 0
0 0 583 2.92835 1.50316 0.360143 2.84896 0 0
0 0 584 -0.970672 -2.23064 0.760549 0.220628 0 0
0 0 585 2.46017 -2.53449 -1.18265 0.91844 0 0
0 0 586 3.07237 -0.111552 0.865468 0.289031 0 0
0 0 587 -0.351885 0.181981 -0.742178 -1.93126 0 0
0 0 588 2.95139 -1.38465 0.544387 1.17559 0 0
0 0 589 1.8797 -1.1274 -0.964206 -2.31649 0 0
0 0 590 1.08904 -1.28357 -1.47476 1.7992 0 0
0 0 591 0.325492 -0.915196 -1.18823 0.853001 0 0
0 0 592 -0.526755 1.78758 0.349855 0.0656577 0 0
0 0 593 -2.27381 1.52264 0.500022 2.40253 0 0
0 0 594 0.168644 -0.399463 2.84337 0.969838 0 0
0 0 595 2.07766 1.66055 -2.4683 1.43398 0 0
0 0 596 -2.84113 2.82963 -0.0175317 0.281783 0 0
0 0 597 0.649786 -0.0655385 0.992753 3.45274 0 0
0 0 598 0.0813187 0.469987 3.07739 -0.389499 0 0
0 0 599 1.11705 4.91295 -2.44502 -0.568891 0 0
0 0 600 -0.454997 1.79802 3.05712 -0.596816 0 0
0 0 601 0.0521708 -1.40796 -2.78079 -0.152399 0 0
0 0 602 2.04334 0.954426 -0.365423 1.03405 0 0
0 0 603 3.24464 1.65156 -1.23776 -2.85725 0 0
0 0 604 -0.779667 -0.0829552 -0.153906 -2.33522 0 0
0 0 605 -1.77318 -4.24349 -3.82448 -0.0464976 0 0
0 0 606 -1.05592 1.79983 1.47493 -1.70917 0 0
0 0 607 -0.523298 -0.253129 -0.644488 1.46882 0 0
0 0 608 1.13685 -0.445742 0.562702 -1.93174 0 0
0 0 609 -0.776175 0.571959 2.14142 -0.67587 0 0
0 0 610 -2.05731 -2.09082 0.117247 1.03193 0 0
0 0 611 1.91481 2.67787 -2.31668 -0.520021 0 0
0 0 612 -1.71107 -0.467847 0.484096 2.65552 0 0
0 0 613 -2.05353 -0.920023 -1.62201 3.29082 0 0
0 0 614 0.927527 0.0347773 2.85986 3.44923 0 0
0 0 615 -0.467377 -1.15565 -0.114272 1.85003 0 0
0 0 616 -0.300385 -0.896374 -1.73893 1.71483 0 0
0 0 617 5.01083 0.520124 0.303745 -0.496597 0 0
0 0 618 1.78708 -0.245541 -0.411294 0.5167 0 0
0 0 619 -1.30893 -2.62994 3.8153 -0.70669 0 0
0 0 620 3.07065 1.89791 2.16842 1.41143 0 0
0 0 621 0.500746 2.98668 -0.213763 0.688526 0 0
0 0 622 -1.34138 1.3481 2.34596 -0.688798 0 0
0 0 623 -1.21821 -0.629213 -0.583769 -1.51813 0 0
0 0 624 -0.671372 4.26325 -2.4395 1.11855 0 0
0 0 625 1.59352 -0.689623 0.10413 2.61272 0 0
0 0 626 2.33095 0.441428 2.12979 0.178237 0 0
0 0 627 -0.686437 -2.02851 -0.28898 -0.46418 0 0
0 0 628 1.8667 -3.49286 -0.813627 2.61178 0 0
0 0 629 1.7755 0.175746 0.771306 -0.639772 0 0
0 0 630 -3.33556 2.7752 3.44842 1.66475 0 0
0 0 631 -1.1611 0.823921 -0.322384 -2.39869 0 0
0 0 632 0.230765 4.48849 0.32668 -1.34008 0 0
0 0 633 -2.30265 -0.675229 -0.205909 -0.644626 0 0
0 0 634 -0.739124 -3.16136 0.625506 -5.84747 0 0
0 0 635 -1.68398 0.743834 2.60076 -0.288661 0 0
0 0 636 -3.08564 -0.706284 -2.92969 0.975376 0 0
0 0 637 -1.62914 0.822622 2.14525 -1.36654 0 0
0 0 638 -1.66347 0.415922 1.28569 -1.21311 0 0
0 0 639 -0.0973644 1.69876 -1.51374 0.865812 0 0
0 0 640 -0.624112 -0.779221 -0.733957 -2.3344 0 0
0 0 641 4.76718 0.382185 -1.76505 -1.28677 0 0
0 0 642 0.268955 0.733987 -2.98617 1.36399 0 0
0 0 643 -3.24353 1.56985 -1.98963 -1.89825 0 0
0 0 644 4.24238 -1.57035 2.24001 -2.20544 0 0
0 0 645 -1.46971 -1.40001 1.31882 1.3236 0 0
0 0 646 2.33142 -2.7605 0.638169 -1.81426 0 0
0 0 647 -1.19949 1.50545 -5.12315 6.95561 0 0
0 0 648 -0.84517 1.89429 -0.557045 -0.167077 0 0
0 0 649 -0.317204 1.26859 -2.3532 1.3133 0 0
0 0 650 -1.33828 0.0303212 1.5341 1.05734 0 0
0 0 651 -2.4517 2.93436 1.87078 0.855317 0 0
0 0 652 -1.67483 1.22786 -0.800819 -0.0294301 0 0
0 0 653 1.19767 -1.08145 -3.04719 0.400221 0 0
0 0 654 0.990961 -1.85344 0.319802 -0.196234 0 0
0 0 655 2.14411 0.573928 0.479329 0.217192 0 0
0 0 656 -2.2882 1.01191 0.183409 -2.46583 0 0
0 0 657 -1.6929 -0.369367 0.614085 -1.17555 0 0
0 0 658 -1.00566 1.62718 -2.41681 2.21498 0 0
0 0 659 -1.37586 0.414669 -1.53485 -1.92817 0 0
0 0 660 0.0460792 5.54919 -1.0076 3.92874 0 0
0 0 661 3.51769 -2.14615 0.376257 -1.72937 0 0
0 0 662 0.711999 4.06566 -3.68627 0.563788 0 0
0 0 663 1.79658 1.23854 -0.90875 -1.56052 0 0
0 0 664 -1.41829 0.670465 3.65529 2.78048 0 0
0 0 665 3.61314 1.09098 1.17093 1.86097 0 0
0 0 666 -3.14672 -0.903049 0.656989 -0.0867361 0 0
0 0 667 3.00761 1.59659 -0.409332 -2.14333 0 0
0 0 668 0.349603 -0.30944 0.308091 1.07029 0 0
0 0 669 -3.71897 0.000328898 -0.505356 0.248429 0 0
0 0 670 0.538809 -0.0945166 1.05637 0.763968 0 0
0 0 671 0.872951 -1.48012 3.89414 -0.458727 0 0
0 0 672 0.495099 -2.40812 0.569958 0.400084 0 0
0 0 673 2.05893 1.24419 5.05641 2.17574 0 0
0 0 674 5.21775 -1.49996 1.31397 3.58904 0 0
0 0 675 0.585711 -0.493703 1.10719 1.30148 0 0
0 0 676 -2.24641 -0.99664 0.291936 -0.937129 0 0
0 0 677 1.18393 1.64781 -0.254459 -0.0746505 0 0
0 0 678 -0.557435 -0.488128 0.527075 2.63843 0 0
0 0 679 1.40231 0.883919 1.44555 1.0215 0 0
0 0 680 2.592 1.89755 0.170173 -0.131794 0 0
0 0 681 -4.02321 -1.75529 -0.286952 0.0596925 0 0
0 0 682 0.971174 -1.5146 -0.431467 0.619017 0 0
0 0 683 0.638656 2.45563 1.49334 -0.84227 0 0
0 0 684 -1.4313 0.786269 3.57223 -1.57683 0 0
0 0 685 0.145968 0.0438803 2.24514 -0.472473 0 0
0 0 686 3.3006 -0.0652952 -0.99768 3.0286 0 0
0 0 687 1.35035 0.404972 0.273081 -1.66223 0 0
0 0 688 1.79274 -2.79111 -1.67683 -1.89927 0 0
0 0 689 4.31883 1.18271 -1.18086 3.20617 0 0
0 0 690 -1.07295 -0.556951 2.94829 -1.13431 0 0
0 0 691 1.36385 -0.607383 1.95108 -2.04234 0 0
0 0 692 -3.63742 -0.287746 0.747336 -1.65545 0 0
0 0 693 -0.34706 -3.19825 -0.895179 -0.17147 0 0
0 0 694 2.04811 -4.68104 -1.47832 -0.76751 0 0
0 0 695 -0.170453 -0.935318 2.10696 0.633286 0 0
0 0 696 2.09181 2.23593 2.36464 0.546752 0 0
0 0 697 0.125897 1.83443 0.781257 0.481433 0 0
0 0 698 3.17289 -0.892729 -1.43629 -1.58703 0 0
0 0 699 -2.06619 -0.796522 2.72951 0.754544 0 0
0 0 700 -2.72655 1.0841 1.86577 0.0815067 0 0
0 0 701 -1.02895 0.0851991 -3.92702 0.54282 0 0
0 0 702 -1.61614 1.44282 3.02321 3.86948 0 0
0 0 703 -0.619681 -1.12504 0.419833 -0.372227 0 0
0 0 704 4.08517 1.12544 -2.68331 1.43709 0 0
0 0 705 0.0826839 2.61358 2.36779 0.707959 0 0
0 0 706 -0.481181 0.891074 -0.156372 1.26211 0 0
0 0 707 1.4438 -0.854731 2.82192 -0.313453 0 0
0 0 708 -0.620383 1.50071 1.16051 1.4215 0 0
0 0 709 -1.27523 -0.276449 -1.56089 -0.750255 0 0
0 0 710 0.373943 5.46459 1.19402 0.24225 0 0
0 0 711 3.00603 -2.41844 1.27648 1.1544 0 0
0 0 712 1.72218 -0.922762 0.496316 0.154384 0 0
0 0 713 -3.63428 0.962052 1.37853 0.776693 0 0
0 0 714 1.19583 -4.24519 1.10992 -1.03065 0 0
0 0 715 2.36348 -0.694569 -2.36232 -0.754735 0 0
0 0 716 -0.548336 0.155756 0.592771 0.965157 0 0
0 0 717 0.346459 -0.899837 0.839749 -0.285725 0 0
0 0 718 -2.04079 -0.801466 0.279253 0.590037 0 0
0 0 719 3.89657 1.54027 4.05315 -2.6748 0 0
0 0 720 0.387166 -1.86693 0.931288 -3.06168 0 0
0 0 721 -0.542239 1.11748 1.25008 1.23253 0 0
0 0 722 -1.14898 -0.249791 2.28419 2.46439 0 0
0 0 723 -0.286024 -2.75092 0.0455621 0.78598 0 0
0 0 724 1.58969 -1.93619 -0.384657 -2.34143 0 0
0 0 725 1.00467 -0.832869 2.51584 -0.884606 0 0
0 0 726 -0.765101 -1.39636 -1.3408 -0.397883 0 0
0 0 727 0.296028 -1.10704 -0.894475 1.27282 0 0
0 0 728 -0.84515 0.186929 -0.0794962 -2.98818 0 0
0 0 729 -0.435238 -1.77347 -1.39873 0.545027 0 0
0 0 730 -1.20082 0.854389 1.64536 -2.84272 0 0
0 0 731 2.32891 -0.343481 -1.45106 -4.93315 0 0
0 0 732 1.66999 2.83894 2.67434 -1.84944 0 0
0 0 733 2.09432 -0.277751 0.631721 0.849388 0 0
0 0 734 1.45969 -1.26592 3.23741 1.93336 0 0
0 0 735 1.94737 -2.09185 -1.41975 0.628506 0 0
0 0 736 3.13291 1.04281 -0.354862 -0.266045 0 0
0 0 737 -0.944836 -1.66283 -0.595768 -1.87168 0 0
0 0 738 1.1448 0.582638 1.5975 -0.34661 0 0
0 0 739 -1.68069 0.608135 0.504552 -0.285949 0 0
0 0 740 2.57644 1.24422 -2.68833 -2.23995 0 0
0 0 741 0.515349 0.561545 0.875772 -1.80907 0 0
0 0 742 -0.240416 -2.54547 2.30874 2.28588 0 0
0 0 743 2.63643 0.321786 -0.772802 1.74627 0 0
0 0 744 -0.0405194 1.94211 0.355027 -1.73005 0 0
0 0 745 2.7644 1.74891 -1.19383 -1.51886 0 0
0 0 746 0.809226 -0.0732403 1.60732 0.00780121 0 0
0 0 747 1.31135 -0.436706 -0.793728 -1.93663 0 0
0 0 748 1.99295 2.11937 -1.25142 0.305806 0 0
0 0 749 -1.24886 0.993436 2.72577 1.41966 0 0
0 0 750 1.74275 2.13848 2.26792 -2.14781 0 0
0 0 751 -0.234143 1.36085 -0.956669 -1.27679 0 0
0 0 752 0.114855 -0.142819 1.79116 -3.79327 0 0
0 0 753 -0.546011 1.8798 -1.53392 -1.1486 0 0
0 0 754 2.71784 -0.31539 0.0154459 1.37956 0 0
0 0 755 3.98145 -1.76633 4.68473 0.831444 0 0
0 0 756 -0.851601 -1.89973 0.343443 1.73997 0 0
0 0 757 -1.5784 1.48583 -2.01502 2.43191 0 0
0 0 758 3.77631 2.13083 3.42761 1.52265 0 0
0 0 759 0.873172 -1.53279 1.87697 0.931024 0 0
0 0 760 -1.27441 -1.06695 -2.1604 2.91543 0 0
0 0 761 -1.23227 1.46205 0.163228 -1.74251 0 0
0 0 762 1.55017 1.79036 1.80956 0.93342 0 0
0 0 763 1.00915 -1.68444 3.61253 2.47523 0 0
0 0 764 -1.93483 -0.86399 -2.90733 0.168083 0 0
0 0 765 0.977662 -2.15368 2.81955 -2.1468 0 0
0 0 766 -3.50105 0.987107 -0.696261 4.08641 0 0
0 0 767 3.97024 -0.941945 1.5474 -1.52795 0 0
0 0 768 -1.96277 0.520303 2.5261 -1.70267 0 0
0 0 769 -4.0283 3.44925 -1.65298 0.98971 0 0
0 0 770 1.16243 -0.321947 -0.829559 -0.111295 0 0
0 0 771 1.00845 1.32402 0.554648 2.68059 0 0
0 0 772 -1.99123 2.52653 1.3255 -3.80791 0 0
0 0 773 1.118 0.243794 2.76048 2.44432 0 0
0 0 774 -0.791973 2.33485 0.932842 0.776945 0 0
0 0 775 0.164192 0.560998 -4.72883 -0.924717 0 0
0 0 776 0.434519 2.0385 -0.130296 0.0119128 0 0
0 0 777 -1.61235 -1.43709 1.96135 1.45503 0 0
0 0 778 0.447944 0.724079 -3.8076 -3.7172 0 0
0 0 779 0.509947 0.928695 0.466942 -1.46698 0 0
0 0 780 -0.132623 -0.506543 1.44926 -0.415211 0 0
0 0 781 2.25727 1.02857 0.127611 -0.638464 0 0
0 0 782 -2.34801 -0.647238 -0.286 2.46109 0 0
0 0 783 2.78367 -0.489708 1.9879 -1.91198 0 0
0 0 784 -0.899298 0.529974 0.360673 -3.16839 0 0
0 0 785 0.321685 0.165473 1.43238 0.0229155 0 0
0 0 786 0.414643 1.62422 -1.7861 -4.13834 0 0
0 0 787 -1.06243 -2.3377 1.46967 -0.232282 0 0
0 0 788 -0.707468 3.56734 -2.83897 2.59841 0 0
0 0 789 -1.0318 1.27637 2.33497 -0.00637827 0 0
0 0 790 1.56502 3.45438 -2.13489 2.0211 0 0
0 0 791 1.84716 -2.14151 3.57945 0.17446 0 0
0 0 792 0.806901 5.25437 1.43884 -0.332851 0 0
0 0 793 -0.043003 3.6202 3.7526 -0.496825 0 0
0 0 794 -1.80341 3.45871 2.097 -0.114293 0 0
0 0 795 -0.415419 -1.97916 3.16029 -1.34511 0 0
0 0 796 0.368345 2.05185 0.340808 -2.30351 0 0
0 0 797 1.32698 1.2252 0.829228 -1.18332 0 0
0 0 798 0.927728 0.930756 -0.199314 2.06021 0 0
0 0 799 -1.01578 -0.99557 0.83241 -0.982254 0 0
0 0 800 3.48435 2.84213 2.30299 2.6776 0 0
0 0 801 0.353693 0.89938 1.51779 -3.21566 0 0
0 0 802 1.12972 1.67631 0.0452413 -1.33415 0 0
0 0 803 -2.00358 0.116503 -2.87383 -0.677925 0 0
0 0 804 1.34547 -0.129161 2.92972 -0.457878 0 0
0 0 805 2.67693 2.79872 -0.227012 -0.324534 0 0
0 0 806 -1.61569 -0.123609 0.202111 -0.851481 0 0
0 0 807 -1.66009 0.569173 0.464645 -0.190184 0 0
0 0 808 0.839908 -0.357321 0.584904 1.44738 0 0
0 0 809 1.21189 -2.33949 0.747821 -0.550974 0 0
0 0 810 0.512717 2.12724 0.108339 0.316896 0 0
0 0 811 -0.950367 0.548824 -1.86526 -2.20269 0 0
0 0 812 -2.81719 0.559573 0.260958 -0.400797 0 0
0 0 813 3.10039 0.216297 -1.18772 -3.30193 0 0
0 0 814 0.509686 -0.300109 0.326732 -2.17088 0 0
0 0 815 -2.11975 -1.93586 -2.27294 1.04143 0 0
0 0 816 -0.391886 -1.67269 -0.896221 -0.636386 0 0
0 0 817 4.44122 0.0633643 2.94759 0.0372448 0 0
0 0 818 -0.826814 2.40497 -2.7823 4.23479 0 0
0 0 819 1.77904 0.417701 -0.471164 -1.66271 0 0
0 0 820 0.609294 -1.7909 0.111342 -0.476032 0 0
0 0 821 -0.431466 -0.935544 1.7322 2.61458 0 0
0 0 822 0.0701776 1.90903 -0.297921 0.936977 0 0
0 0 823 -0.258597 -1.63005 0.902674 -2.93871 0 0
0 0 824 1.03341 -0.939454 0.723966 -0.0140175 0 0
0 0 825 1.91363 0.831007 -1.55915 0.661297 0 0
0 0 826 2.25025 2.62459 0.502523 -1.23202 0 0
0 0 827 -1.93115 -0.669385 -4.17185 -2.66739 0 0
0 0 828 -1.04342 -4.24305 0.591474 -1.0728 0 0
0 0 829 2.03501 -0.328545 -0.933261 -1.60512 0 0
0 0 830 1.2236 -2.34004 0.929811 -0.312862 0 0
0 0 831 3.83566 -1.14847 -0.885238 1.14546 0 0
0 0 832 1.90072 1.22519 -1.15386 1.69554 0 0
0 0 833 1.818 -0.502767 1.4144 0.691818 0 0
0 0 834 0.459777 -0.0611691 -4.35073 -1.60856 0 0
0 0 835 2.1508 4.61593 -4.45418 1.17801 -21.9892 8.62108
0 0 836 2.51958 1.35969 -6.13315 1.8527 0 0
0 0 837 1.62816 1.85831 -4.15729 -0.282521 0 0
0 0 838 3.86922 2.76488 -1.82252 -2.26319 0 0
0 0 839 1.59041 1.38536 -2.20733 3.05239 0 0
0 0 840 4.97505 3.99473 -1.45975 0.73988 0 0
0 0 841 4.46076 3.91732 -5.27397 -1.5917 -26.6981 8.3867
0 0 842 5.17766 2.53341 -7.04163 -1.16307 -35.1062 7.32211
0 0 843 3.55408 0.568771 -8.87234 -0.692904 -43.166 6.14762
0 0 844 9.5486 1.69835 -7.84122 -1.39788 -38.8895 6.81875
0 0 845 9.69654 3.4177 -8.68416 -2.48307 -34.2588 5.87406
0 0 846 10.1299 0.899862 -8.26433 -2.3035 -41.8929 6.57575
0 0 847 12.5228 5.29625 -10.0402 -3.43034 -31.094 4.83857
0 0 848 12.3242 1.13522 -11.8567 -2.02721 -42.2654 4.58925
0 0 849 12.8204 2.5307 -14.9972 1.62283 -40.2109 3.59555
0 0 850 16.2093 7.30251 -17.5234 1.8786 -33.6886 2.88857
0 0 851 15.737 1.85777 -16.5209 0.36593 -41.792 3.28819
0 0 852 16.2899 2.91044 -15.686 3.3132 -39.7443 3.42821
0 0 853 20.1532 8.05554 -17.4669 0.0172035 -32.6207 2.8527
0 0 854 21.6052 4.06759 -19.2573 3.18148 -39.0365 2.77939
0 0 855 20.3416 4.29248 -22.2639 1.75909 -39.5436 2.41228
0 0 856 25.7441 4.29674 -21.8754 -1.18431 -39.4438 2.45352
0 0 857 24.2873 5.42332 -21.5749 -1.87831 -37.9449 2.46001
0 0 858 26.0873 3.7547 -25.8467 -1.59755 -40.8673 2.09345
0 0 859 30.9966 7.311 -20.1556 -2.21981 -35.0314 2.55577
0 0 860 25.9435 5.84014 -26.7984 -2.11106 -38.8529 1.99464
0 0 861 26.1364 5.9141 -21.0275 1.29496 -37.1455 2.50617
0 0 862 27.8294 6.81757 -26.3129 -0.716568 -37.7372 2.01348
0 0 863 28.4053 8.71438 -22.4654 0.921534 -34.3993 2.27484
0 0 864 22.9881 0.911747 -25.1786 -0.525336 -43.9631 2.16916
0 0 865 22.1903 4.95677 -22.764 0.426056 -38.8579 2.34823
0 0 866 24.4844 5.34486 -24.0786 0.178211 -38.7423 2.21814
0 0 867 23.9841 4.37917 -22.34 0.299452 -39.4547 2.40267
0 0 868 22.4188 1.62899 -22.7578 1.14526 -42.9529 2.39556
0 0 869 21.2188 5.47468 -20.7983 0.780807 -37.6264 2.54488
0 0 870 20.9235 2.67161 -22.7245 -2.01976 -41.6474 2.38922
0 0 871 20.609 4.95585 -22.0595 -3.33362 -38.6691 2.41985
0 0 872 19.8206 2.27211 -19.2431 2.22774 -41.633 2.82132
0 0 873 22.5582 2.84731 -21.6902 -0.501278 -41.2607 2.49914
0 0 874 21.3095 4.39594 -15.8671 2.63235 -37.2574 3.32469
0 0 875 20.0345 2.14299 -14.1452 -3.04686 -40.6926 3.82194
0 0 876 19.0754 3.2245 -19.4392 -1.40118 -40.2909 2.77517
0 0 877 17.3488 4.97364 -15.5643 0.841137 -36.1392 3.35181
0 0 878 18.4266 2.05888 -15.2717 -1.68884 -41.1609 3.54793
0 0 879 20.6263 2.16906 -19.5612 0.918363 -41.8363 2.77759
0 0 880 15.499 3.64382 -15.2452 -0.744138 -38.2788 3.49092
0 0 881 19.1111 0.169703 -15.5166 -2.98144 -44.6867 3.52186
0 0 882 14.5101 3.89852 -15.2178 0.229695 -37.8154 3.48383
0 0 883 17.8508 2.39482 -13.7033 -1.66779 -40.0435 3.93127
0 0 884 20.3306 2.11177 -17.6601 2.13553 -41.5905 3.07369
0 0 885 19.7439 2.56935 -16.7086 1.06823 -40.6289 3.23452
0 0 886 16.3498 4.53068 -12.6616 0.338543 -35.1557 4.07454
0 0 887 19.114 1.64235 -17.058 2.96662 -42.2502 3.18975
0 0 888 19.6084 1.64272 -20.5512 -1.10669 -42.7149 2.65117
0 0 889 25.2029 2.46514 -20.7417 -2.53902 -41.6111 2.61724
0 0 890 23.1614 4.17964 -20.3671 -3.63053 -39.2015 2.63096
0 0 891 27.1551 4.44102 -22.7767 -0.68301 -39.4834 2.35705
0 0 892 24.5944 4.52109 -20.5879 0.100303 -38.8072 2.59547
0 0 893 28.966 4.58283 -23.5451 -2.8656 -39.4928 2.28027
0 0 894 34.2952 7.27259 -27.0613 -2.47038 -37.4787 1.95334
0 0 895 27.4532 4.99398 -27.7911 1.23264 -39.9064 1.93687
0 0 896 33.9182 2.461 -28.3912 1.12357 -42.5229 1.91805
0 0 897 36.6783 1.75691 -31.7521 -1.91974 -43.4165 1.71866
0 0 898 34.7517 0.529463 -33.097 -0.0971952 -44.5418 1.65102
0 0 899 37.7855 2.52768 -30.7394 0.896634 -42.6496 1.77216
0 0 900 39.3081 3.18939 -36.393 -1.37613 -42.4958 1.49621
0 0 901 43.7249 1.7458 -38.1546 -0.46473 -43.6901 1.43092
0 0 902 43.5143 5.53048 -37.5954 0.562683 -40.8158 1.43888
0 0 903 46.1131 2.03997 -42.8659 -1.14658 -43.6377 1.27354
0 0 904 52.1304 2.52755 -49.7521 -0.800821 -43.5459 1.09711
0 0 905 54.6301 2.77105 -46.5662 -0.836606 -43.2972 1.17163
0 0 906 58.8146 3.12793 -49.2802 -0.655232 -43.1841 1.10685
0 0 907 59.9861 2.99293 -46.0459 -1.22749 -43.1405 1.18449
0 0 908 60.7335 4.69526 -50.0181 2.11726 -42.3186 1.08805
0 0 909 62.3741 0.57329 -54.2908 -1.87027 -44.6975 1.00657
0 0 910 67.8687 0.0215263 -52.8407 -2.37478 -44.9883 1.03425
0 0 911 66.0272 -0.0610237 -55.1505 -1.16085 -45.0317 0.990935
0 0 912 69.7169 4.37788 -55.1319 -3.37989 -42.7299 0.988303
0 0 913 70.4946 -1.07264 -55.384 -3.36791 -45.5548 0.98658
0 0 914 64.8961 -2.2733 -52.2399 -2.93792 -46.2459 1.0452
0 0 915 71.6386 -3.89449 -54.0844 -0.562489 -47.0593 1.00798
0 0 916 73.3183 0.571392 -52.2111 -4.74912 -44.6865 1.04666
0 0 917 73.2845 -4.74855 -47.5852 -1.76567 -47.8494 1.14306
0 0 918 76.7242 -3.97021 -57.0106 -3.44438 -46.9918 0.956395
0 0 919 81.1219 -4.22414 -52.2946 0.517552 -47.309 1.04182
0 0 920 88.8814 -7.16313 -51.9161 -2.36753 -48.9279 1.04324
0 0 921 96.2969 -4.28084 -53.8458 -1.98524 -47.2728 1.0119
0 0 922 99.0242 -8.50789 -52.2033 -1.62607 -49.6282 1.03386
0 0 923 104.094 -4.8299 -50.3225 -2.61635 -47.7412 1.08127
0 0 924 117.993 -8.37553 -45.946 1.07023 -50.1655 1.17104
0 0 925 130.199 -9.29478 -48.6419 -2.09934 -50.409 1.10446
0 0 926 144.051 -6.82967 -46.4519 -4.48601 -49.182 1.16455
0 0 927 156.535 -7.24511 -41.9889 -1.01083 -49.8949 1.28345
0 0 928 173.87 -6.05695 -34.4197 -1.22335 -49.9902 1.56483
0 0 929 187.341 -7.87174 -24.6754 -1.76315 -53.8466 2.11451
0 0 930 202.167 -1.36551 -7.35937 0.580092 -50.2558 7.30698
0 0 931 222.377 -1.8555 12.3251 2.71297 49.2807 4.38691
0 0 932 243.727 6.34097 22.2862 4.41765 37.0588 2.36269
0 0 933 271.557 4.65846 42.6716 5.3539 41.8848 1.27351
0 0 934 299.806 14.1814 64.7048 2.46328 38.819 0.825904
0 0 935 332.696 19.8604 87.7266 8.34455 38.6219 0.608273
0 0 936 369.16 22.4662 110.003 7.73081 39.2285 0.487214
0 0 937 399.805 29.8252 133.052 6.83908 38.6827 0.401242
0 0 938 421.791 37.641 152.27 11.0142 38.0575 0.348881
0 0 939 444.403 46.6357 170.062 9.07427 37.3324 0.310415
0 0 940 462.201 48.2721 179.64 12.2368 37.4795 0.294258
0 0 941 472.951 57.0984 184.144 13.841 36.3863 0.284041
0 0 942 479.157 52.3206 183.997 9.29615 37.0633 0.286186
0 0 943 475.44 55.434 182.123 12.6981 36.5355 0.287633
0 0 944 464.871 50.2736 172.806 9.74012 36.8895 0.304211
0 0 945 450.54 51.5153 153.885 10.8035 35.7457 0.337552
0 0 946 431.812 51.8514 137.593 10.8564 34.6756 0.372742
0 0 947 410.457 42.0728 120.93 6.30804 35.4083 0.427889
0 0 948 383.735 40.6827 110.45 7.07012 34.8897 0.465584
0 0 949 362.636 34.3565 91.6628 3.27297 34.7266 0.559872
0 0 950 341.736 31.9671 82.5735 1.82285 34.4184 0.61906
0 0 951 319.966 23.271 66.8498 4.12399 35.4033 0.773995
0 0 952 306.796 19.4682 53.5839 9.21488 35.0164 0.961176
0 0 953 284.335 16.4639 43.6338 5.39087 34.6638 1.17521
0 0 954 266.655 15.5528 37.8165 -0.455171 33.822 1.34099
0 0 955 256.702 11.5904 26.3409 3.1326 33.1249 1.90613
0 0 956 244.523 9.75728 23.7537 0.533488 33.8343 2.13526
0 0 957 233.881 6.63369 19.1108 1.01059 35.4286 2.70825
0 0 958 221.663 3.76105 13.2751 -0.645619 37.0908 3.96768
0 0 959 211.666 0.261757 6.40346 0.187957 43.8296 8.52774
0 0 960 205.329 1.93607 0.803124 -1.88236 0 0
0 0 961 198.791 -2.62992 -0.994485 -1.68182 0 0
0 0 962 192.94 -3.38354 -2.02269 -4.60124 0 0
0 0 963 186.027 -6.62083 -5.64255 -2.2587 -69.7805 6.36585
0 0 964 183.195 -4.92088 -9.49034 -2.12523 -58.7037 5.13714
0 0 965 174.308 -4.8107 -6.98163 -1.95893 -62.2844 6.49349
0 0 966 171.963 -6.00253 -10.4259 -6.0711 -59.9652 4.56875
0 0 967 166.779 -9.29823 -9.36791 -3.63824 -67.3931 4.18769
0 0 968 161.837 -9.65872 -13.1638 -5.24858 -63.1344 3.37417
0 0 969 156.545 -6.52006 -12.7824 -7.17456 -58.5126 3.82673
0 0 970 154.028 -6.84991 -10.3285 -11.9344 -61.7763 4.44062
0 0 971 146.504 -6.09533 -13.6857 -8.44995 -57.0036 3.66174
0 0 972 142.595 -8.29804 -13.1489 -12.5396 -61.1276 3.53792
0 0 973 138.874 -10.4159 -13.5586 -14.6132 -63.766 3.22368
0 0 974 136.068 -14.0062 -11.2748 -8.89895 -70.5831 3.08176
0 0 975 126.086 -13.5563 -11.2796 -11.2004 -70.1188 3.14094
0 0 976 122.341 -13.5286 -11.1272 -13.3495 -70.2814 3.1626
0 0 977 118.423 -16.6247 -6.06156 -13.4274 -79.9838 3.15076
0 0 978 114.646 -13.5948 -10.037 -11.5592 -71.7809 3.28203
0 0 979 113.136 -13.3015 -10.0896 -12.9716 -71.4093 3.32107
0 0 980 107.958 -15.8897 -7.20121 -13.4302 -77.81 3.19214
0 0 981 100.89 -15.211 -9.80165 -12.3766 -73.6016 3.06901
0 0 982 92.556 -12.9231 -11.1611 -12.2169 -69.5922 3.24257
0 0 983 93.3295 -14.1718 -6.57916 -13.0059 -77.5486 3.5636
0 0 984 88.0976 -17.2388 -8.16228 -10.9368 -77.3316 2.91882
0 0 985 79.9884 -16.8748 -9.26133 -10.8401 -75.6204 2.88907
0 0 986 79.3175 -11.7211 -9.76778 -14.0565 -70.0969 3.63036
0 0 987 75.9746 -13.7148 -6.38655 -9.55524 -77.515 3.68026
0 0 988 71.998 -15.0177 -6.20365 -9.6108 -78.7775 3.42912
0 0 989 71.0873 -15.6728 -4.53356 -9.13022 -81.9334 3.4203
0 0 990 62.2411 -18.6219 -10.2957 -10.6807 -75.5313 2.61339
0 0 991 62.4583 -18.2806 -5.92763 -9.64301 -81.0172 2.9026
0 0 992 57.7985 -12.1289 -7.84767 -5.72376 -73.5481 3.84411
0 0 993 54.4391 -14.7992 -6.67377 -6.15353 -77.8634 3.43035
0 0 994 53.6852 -16.2001 -4.95966 -10.2246 -81.489 3.29311
0 0 995 54.7635 -16.0406 -3.88459 -9.35905 -83.1933 3.38278
0 0 996 46.8775 -13.7771 -5.65627 -11.1156 -78.8396 3.74137
0 0 997 46.6008 -14.7655 -6.60395 -6.67157 -77.9516 3.44311
0 0 998 46.7012 -13.1705 -5.55007 -9.53519 -78.5747 3.89811
0 0 999 42.0841 -11.989 -5.80717 -9.90598 -77.0778 4.17852
0 0 1000 40.3669 -10.6823 -5.38378 -4.48115 -76.6262 4.65196
0 0 1001 38.7485 -11.9808 -3.96982 -8.0869 -80.8337 4.41922
0 0 1002 37.2146 -16.5511 -1.55935 -7.22558 -87.3089 3.36179
0 0 1003 35.1677 -8.78716 -8.95655 -5.45229 -67.2265 4.40464
0 0 1004 29.5275 -12.7067 -3.39095 -4.35399 -82.529 4.24417
0 0 1005 30.1733 -14.2987 -3.553 -0.977419 -83.0228 3.78911
0 0 1006 30.3691 -10.8553 -3.34315 -1.99267 -81.4413 4.91189
0 0 1007 25.4288 -11.3712 -2.32403 -4.03315 -84.2245 4.812
0 0 1008 27.1883 -9.40331 -3.60393 -5.66481 -79.5151 5.53513
0 0 1009 25.216 -7.50564 -4.3913 -1.54072 -74.8347 6.39189
0 0 1010 23.1896 -7.11882 -4.26474 -3.31335 -74.5375 6.69658
0 0 1011 17.3675 -5.96184 -1.32155 -4.10213 0 0
0 0 1012 19.309 -5.57614 -1.77358 -1.33902 0 0
0 0 1013 19.4216 -3.05782 -1.6196 -1.82724 0 0
0 0 1014 21.6404 -3.56089 -1.92005 -2.57179 0 0
0 0 1015 18.9581 -5.40913 -1.33942 -0.792724 0 0
0 0 1016 19.3383 -5.48563 0.780051 -1.6875 0 0
0 0 1017 16.9406 -4.09453 -0.279631 -0.789454 0 0
0 0 1018 14.3323 -6.88109 -3.57515 0.350015 -76.2727 7.1747
0 0 1019 14.8616 -5.35157 -1.25387 -2.36392 0 0
0 0 1020 13.2355 -6.7201 -2.68761 0.00230701 -79.1009 7.69981
0 0 1021 14.7979 -4.96022 -2.95664 -3.26747 0 0
0 0 1022 14.1602 -4.56177 -2.26592 -0.962602 0 0
0 0 1023 16.11 -4.35755 -1.54329 -0.102035 0 0
