# File: uwl_230307_214205_Combined.rf.sbD2.RMC_aux Src: J1713+0747 Nsub: 1 Nch: 1 Npol: 4 Nbin: 1024 RMS: 1.55906
0 0 0 4.32127 -2.44568 -0.162663 -1.76114 0 0
0 0 1 4.44894 -2.12309 -2.1196 0.219379 0 0
0 0 2 4.38962 0.323441 0.969787 -1.19512 0 0
0 0 3 3.92566 -0.0465559 0.755855 -1.62442 0 0
0 0 4 1.54342 -0.561666 0.389988 -0.463255 0 0
0 0 5 2.84641 -0.526264 0.271805 0.550064 0 0
0 0 6 1.22862 -0.93142 0.567549 0.526945 0 0
0 0 7 5.10195 0.837237 3.62381 -1.33682 0 0
0 0 8 1.14548 -1.07721 2.44274 1.94273 0 0
0 0 9 5.70131 -2.5589 0.148515 1.65217 0 0
0 0 10 3.24167 0.309402 -1.67778 -2.58167 0 0
0 0 11 2.4632 0.397768 1.00041 0.533917 0 0
0 0 12 3.48367 -3.22496 -0.808413 -1.20758 0 0
0 0 13 2.20576 0.703739 1.22288 -1.04487 0 0
0 0 14 2.60948 -0.286243 -1.67471 0.866162 0 0
0 0 15 1.32142 1.43169 1.88556 -0.35019 0 0
0 0 16 2.91141 -2.59724 3.22366 -0.18745 0 0
0 0 17 4.12971 0.0907557 -0.110944 2.23031 0 0
0 0 18 2.03278 -0.266585 -1.78739 -0.838246 0 0
0 0 19 1.8657 0.219274 -3.52336 0.68504 0 0
0 0 20 3.9429 -0.133935 0.890307 0.397845 0 0
0 0 21 5.19092 -4.41612 2.19412 -0.213323 0 0
0 0 22 1.55918 1.3202 0.304932 -2.04531 0 0
0 0 23 1.13658 -0.775662 1.87756 -0.817159 0 0
0 0 24 3.09611 1.24087 0.113294 0.140324 0 0
0 0 25 2.42909 -2.49519 1.23744 -0.0680888 0 0
0 0 26 2.05772 0.403365 3.71242 -0.348287 0 0
0 0 27 0.613213 1.65808 1.8436 -0.144777 0 0
0 0 28 4.45759 -0.150149 -0.233358 0.422986 0 0
0 0 29 -0.53215 0.117652 1.56387 -1.99997 0 0
0 0 30 1.18787 1.48892 1.0624 -0.645011 0 0
0 0 31 2.80426 -1.04341 2.67145 1.52386 0 0
0 0 32 0.501071 -0.504268 -1.68121 -0.587603 0 0
0 0 33 1.56826 -4.2334 3.64319 -2.37015 69.6426 7.78586
0 0 34 4.31543 1.45213 0.286894 0.730608 0 0
0 0 35 -0.0489773 -2.75454 3.10226 -1.55384 0 0
0 0 36 5.00728 -1.2347 1.73773 1.55113 0 0
0 0 37 5.20374 -1.6773 1.92263 -2.943 0 0
0 0 38 4.38455 -0.0611215 1.07697 -2.21975 0 0
0 0 39 4.96489 -3.14304 2.9893 -2.04528 0 0
0 0 40 0.525597 -0.53344 4.05619 2.32591 0 0
0 0 41 3.16843 -1.61284 3.56399 2.34277 0 0
0 0 42 2.25077 -1.53053 5.50418 -1.6016 52.7698 7.61951
0 0 43 1.94435 -2.47068 5.87715 2.45693 56.4006 6.82682
0 0 44 3.58042 -0.346503 4.49758 -1.98306 0 0
0 0 45 3.62086 0.0617466 5.52716 -0.549729 44.68 7.87638
0 0 46 4.11025 -3.45518 5.85433 -0.91902 60.2744 6.40105
0 0 47 4.24382 -1.58243 2.86035 -1.27408 0 0
0 0 48 1.85512 -3.47337 2.75597 -0.313972 0 0
0 0 49 6.04476 -2.94731 1.59611 -0.116405 0 0
0 0 50 4.21261 -1.17171 3.316 -1.30714 0 0
0 0 51 4.51474 0.513394 0.146035 1.62659 0 0
0 0 52 2.26658 -3.45814 2.30049 -1.06728 0 0
0 0 53 5.58685 -3.24192 4.72734 0.524606 62.2208 7.59018
0 0 54 4.41379 -2.00605 2.21846 1.43631 0 0
0 0 55 3.28686 -1.27967 3.74317 0.889138 0 0
0 0 56 2.69459 -0.8354 2.23012 -2.85288 0 0
0 0 57 3.29016 -0.691746 3.0958 1.06636 0 0
0 0 58 3.03949 -2.39342 0.528314 -3.88534 0 0
0 0 59 5.11618 -0.808072 3.75187 -2.13341 0 0
0 0 60 4.96507 1.08439 2.43954 1.16072 0 0
0 0 61 1.7967 -0.411269 2.89246 -2.80189 0 0
0 0 62 5.73926 -0.170861 1.41388 -0.176444 0 0
0 0 63 0.379145 -1.50386 -0.376717 1.64429 0 0
0 0 64 0.87212 -1.62786 1.10392 0.403715 0 0
0 0 65 0.00973442 -0.902727 -1.09112 -0.696103 0 0
0 0 66 4.93112 -3.12373 3.44218 1.54723 0 0
0 0 67 -0.377366 -3.89854 0.784146 0.0859068 0 0
0 0 68 0.881145 -1.8331 2.27058 1.5964 0 0
0 0 69 5.70254 2.45814 2.54001 -0.81743 0 0
0 0 70 -0.132363 -0.680192 0.095112 -0.00764387 0 0
0 0 71 1.00299 -0.953844 0.799706 0.843856 0 0
0 0 72 2.13378 -0.856051 1.56483 -0.764686 0 0
0 0 73 -0.293143 -1.74457 1.6087 0.682087 0 0
0 0 74 0.496094 0.869256 2.78111 0.43284 0 0
0 0 75 3.43995 -1.65275 2.28637 0.666707 0 0
0 0 76 0.893913 -1.59161 -0.292124 -0.388387 0 0
0 0 77 0.631402 -1.9014 0.603714 -1.59649 0 0
0 0 78 0.276847 -2.40599 2.01837 -0.579613 0 0
0 0 79 2.12827 -1.6222 0.787418 -0.920697 0 0
0 0 80 0.108524 -0.384285 -0.650895 0.805103 0 0
0 0 81 2.28343 -4.24021 1.32399 -2.47712 0 0
0 0 82 -0.509482 -1.2378 -0.313595 -0.448864 0 0
0 0 83 0.52204 0.411002 1.1963 -1.4161 0 0
0 0 84 2.0037 -0.281407 1.59105 0.25326 0 0
0 0 85 2.46494 -1.88095 -0.469661 -0.0300755 0 0
0 0 86 3.03738 -0.761607 -1.22717 1.52472 0 0
0 0 87 1.67281 -1.20071 1.4368 -0.63297 0 0
0 0 88 1.4967 0.876985 -2.14211 0.816007 0 0
0 0 89 2.11042 1.32664 0.128377 1.0971 0 0
0 0 90 1.04512 -0.45885 -0.129537 -0.807316 0 0
0 0 91 1.82641 1.8317 4.46935 2.27161 0 0
0 0 92 1.18638 0.442714 -1.09684 1.62441 0 0
0 0 93 -0.168027 1.29374 0.498863 -0.880057 0 0
0 0 94 0.528984 0.0697647 0.43276 -1.83607 0 0
0 0 95 2.36561 -0.656129 1.1297 -0.788067 0 0
0 0 96 1.62418 -1.11763 -1.09506 -0.152305 0 0
0 0 97 -1.41079 -1.29502 1.92189 0.425113 0 0
0 0 98 -0.732854 -1.41502 0.618755 1.36417 0 0
0 0 99 -0.717654 -4.31124 1.79568 0.961615 0 0
0 0 100 -1.49502 0.0296585 0.710487 -1.69493 0 0
0 0 101 -0.688154 0.976186 -2.58111 -0.540635 0 0
0 0 102 -0.92494 -0.748428 -1.05424 1.87104 0 0
0 0 103 2.97574 -2.07887 1.4155 0.630164 0 0
0 0 104 -0.303997 0.293353 1.53028 1.72985 0 0
0 0 105 1.08432 -2.62059 1.15161 2.5962 0 0
0 0 106 -1.39742 2.22638 -1.79455 -1.07321 0 0
0 0 107 2.48556 -2.15102 1.5525 1.77155 0 0
0 0 108 -0.54944 -0.939651 0.31169 1.37794 0 0
0 0 109 -0.645266 -0.244894 -1.94894 -1.69039 0 0
0 0 110 2.10817 2.43982 0.518893 -1.50631 0 0
0 0 111 1.29419 -0.630569 -1.96403 1.83595 0 0
0 0 112 1.08552 -0.417196 -0.628391 1.32545 0 0
0 0 113 0.144125 2.68169 1.33516 -1.98452 0 0
0 0 114 -1.00704 -0.182589 -0.952743 -2.96443 0 0
0 0 115 -1.77919 1.61177 -2.32301 1.06921 0 0
0 0 116 1.47971 0.0113143 1.81111 -2.63925 0 0
0 0 117 1.82688 -1.1835 -1.16373 -1.00008 0 0
0 0 118 -0.948897 0.27974 -2.22685 -3.03753 0 0
0 0 119 -0.976447 0.760989 -2.27134 -0.776257 0 0
0 0 120 0.367562 -0.55613 -0.150263 0.393579 0 0
0 0 121 1.24268 -1.1068 0.496933 -0.409397 0 0
0 0 122 -0.265254 -1.89663 -0.285092 0.58868 0 0
0 0 123 1.47197 -2.98251 -0.635073 -1.37208 0 0
0 0 124 -0.594712 -0.589322 1.20921 2.39129 0 0
0 0 125 -1.76115 1.55377 -1.14597 2.37001 0 0
0 0 126 -0.870366 -1.58644 -0.483809 0.973646 0 0
0 0 127 -1.4134 -0.0795133 0.698003 -1.20009 0 0
0 0 128 -0.39363 0.0785856 0.323963 -1.33447 0 0
0 0 129 -2.29835 1.03055 1.41233 0.363985 0 0
0 0 130 1.38345 -0.289499 1.8356 -1.14956 0 0
0 0 131 2.10569 -0.769449 -3.18172 -0.97294 0 0
0 0 132 1.76254 0.442574 -0.096312 -1.99012 0 0
0 0 133 -2.11064 0.166185 -1.77747 0.32785 0 0
0 0 134 0.0825684 0.677416 0.419258 1.34935 0 0
0 0 135 0.851111 -0.737353 3.02033 2.66018 0 0
0 0 136 0.0997253 1.53323 -1.97141 2.28339 0 0
0 0 137 0.955723 1.81494 -1.60554 1.06908 0 0
0 0 138 0.112566 -2.04923 -0.480662 -0.257437 0 0
0 0 139 -1.06994 0.790759 -0.454225 -1.8799 0 0
0 0 140 0.0161719 -1.47375 0.817061 -0.58928 0 0
0 0 141 0.7934 -2.14533 -1.30792 0.135646 0 0
0 0 142 -0.317278 -1.2757 0.662495 1.25478 0 0
0 0 143 -2.6775 -0.647741 -1.06858 -0.662526 0 0
0 0 144 0.0262105 2.11435 -0.606481 3.18928 0 0
0 0 145 2.67942 -1.30858 1.70203 -2.78849 0 0
0 0 146 1.77746 -1.15406 2.68481 1.4294 0 0
0 0 147 -0.0684792 0.887206 1.1026 -0.775078 0 0
0 0 148 -1.44198 -0.273611 0.921782 -1.54204 0 0
0 0 149 0.240316 -0.302844 -1.1464 0.498885 0 0
0 0 150 3.80887 -0.319537 -1.43193 -0.059423 0 0
0 0 151 3.70689 -1.12103 0.163437 0.865418 0 0
0 0 152 -2.20955 0.890144 -1.59435 1.30574 0 0
0 0 153 1.17442 -0.48775 0.114505 0.120744 0 0
0 0 154 3.26861 1.78947 -0.118942 -0.306955 0 0
0 0 155 1.29267 -1.12392 0.325898 -0.968824 0 0
0 0 156 0.73906 -2.32136 -2.4447 1.46982 0 0
0 0 157 0.427775 -1.55287 1.8096 -0.133588 0 0
0 0 158 3.4515 0.794146 -0.397495 -1.69228 0 0
0 0 159 1.68809 -0.112944 0.934609 0.464369 0 0
0 0 160 -0.02595 -1.32502 3.68306 -0.990907 0 0
0 0 161 3.04461 -0.967501 -2.01666 0.938239 0 0
0 0 162 2.3422 -1.39627 -0.543079 -0.888419 0 0
0 0 163 1.35353 -2.55395 1.52629 1.02361 0 0
0 0 164 -1.01727 -2.41819 0.363191 -1.11958 0 0
0 0 165 3.16909 2.03055 0.703765 -0.890602 0 0
0 0 166 -0.757135 -0.297965 -1.50306 2.85332 0 0
0 0 167 1.63656 -0.684695 -0.154889 1.92484 0 0
0 0 168 0.463986 -1.20186 3.03054 -1.38418 0 0
0 0 169 0.0500536 -2.31824 0.0381019 0.446058 0 0
0 0 170 1.34399 2.53487 -0.754878 0.647201 0 0
0 0 171 0.0218583 1.35844 -1.2852 3.01798 0 0
0 0 172 1.37705 0.194228 0.268361 -1.31826 0 0
0 0 173 -2.7087 0.0561115 -0.99847 -2.67025 0 0
0 0 174 -0.780592 0.757593 1.04548 0.0107574 0 0
0 0 175 0.972229 -3.41689 1.92833 0.580892 0 0
0 0 176 1.10583 -1.75904 -0.387776 -1.22807 0 0
0 0 177 1.92224 0.447749 0.305115 -1.54395 0 0
0 0 178 -1.0978 0.88505 0.571822 -0.0271718 0 0
0 0 179 1.90206 0.173457 -0.361587 2.02263 0 0
0 0 180 0.282252 -0.856266 -0.200803 -1.22052 0 0
0 0 181 0.993956 0.114274 1.51056 -2.37003 0 0
0 0 182 -4.29983 0.515865 -0.370658 -1.56966 0 0
0 0 183 -0.781559 -1.58249 -2.51227 -2.01628 0 0
0 0 184 0.902048 0.642148 0.179842 1.44933 0 0
0 0 185 1.16036 -1.33026 -0.831523 0.0675791 0 0
0 0 186 -1.0922 -1.89622 -1.08367 -0.815022 0 0
0 0 187 0.841967 0.741096 1.09563 0.703902 0 0
0 0 188 -1.51667 -2.0024 -2.35085 0.409815 0 0
0 0 189 -1.02161 -0.640552 -1.37112 2.95699 0 0
0 0 190 2.24509 -2.88342 1.11655 -0.0372518 0 0
0 0 191 3.73389 -1.54467 -2.26094 0.439764 0 0
0 0 192 0.649142 -1.26142 0.17262 -0.308563 0 0
0 0 193 2.14749 -0.355669 -1.30276 -1.48771 0 0
0 0 194 0.793574 -1.13672 -0.458938 0.890264 0 0
0 0 195 -0.533146 1.2294 -0.670823 -0.669054 0 0
0 0 196 -0.88568 2.99262 0.182008 0.320552 0 0
0 0 197 -0.210269 2.65916 -1.19948 -1.96681 0 0
0 0 198 -0.687405 -0.486443 1.62488 1.0657 0 0
0 0 199 0.86331 -1.02877 -0.54104 2.43014 0 0
0 0 200 -0.0334566 -2.78954 1.82943 -1.60975 0 0
0 0 201 -0.281894 -3.01801 -1.70364 2.07433 0 0
0 0 202 -2.51044 -2.67738 0.842521 -0.282432 0 0
0 0 203 -0.471588 -0.775968 -3.2492 -0.279169 0 0
0 0 204 0.193475 -0.552225 -1.54252 0.590691 0 0
0 0 205 0.848131 1.86648 -2.46262 -0.649773 0 0
0 0 206 0.131737 -0.533003 -0.924502 0.812272 0 0
0 0 207 1.74273 -0.894856 -0.361168 -1.80662 0 0
0 0 208 0.755595 -0.838813 1.07352 0.0904853 0 0
0 0 209 -0.72323 -0.91055 0.265135 1.89664 0 0
0 0 210 -0.451731 -2.44995 0.772303 5.33363 0 0
0 0 211 -0.686263 -1.69158 0.0470717 3.1152 0 0
0 0 212 0.101946 -0.113356 -2.29917 2.43945 0 0
0 0 213 0.302162 -3.47848 -0.410735 0.948847 0 0
0 0 214 -0.654394 0.463273 0.94214 1.2642 0 0
0 0 215 1.22284 -3.04621 0.510513 -4.02596 0 0
0 0 216 0.732344 -2.26674 -0.388782 -0.00338619 0 0
0 0 217 0.191195 -1.18614 -0.170825 -1.4578 0 0
0 0 218 2.95534 0.392058 -2.07973 0.00672856 0 0
0 0 219 -0.910177 -0.405807 -0.406069 2.77901 0 0
0 0 220 -1.79098 -0.662605 0.619529 0.886572 0 0
0 0 221 -0.95633 0.273416 0.117709 -2.86929 0 0
0 0 222 -3.10325 -1.12349 -0.325575 -0.0861588 0 0
0 0 223 0.473995 -1.36759 -0.52957 0.230636 0 0
0 0 224 0.745579 -0.350956 1.10869 0.832979 0 0
0 0 225 -0.0794008 2.66552 -2.06301 -1.58511 0 0
0 0 226 0.879822 -0.21931 0.844209 -2.1838 0 0
0 0 227 -2.57604 -0.283878 0.271846 -2.36188 0 0
0 0 228 0.987201 -2.78642 0.154269 -0.181748 0 0
0 0 229 -3.02227 -1.83616 2.65865 0.218611 0 0
0 0 230 -0.824767 0.160322 0.608849 1.91839 0 0
0 0 231 -1.04405 -0.54473 1.0232 2.78907 0 0
0 0 232 0.564332 -2.18894 0.284671 -1.25543 0 0
0 0 233 0.39011 -1.36082 -0.359655 1.55918 0 0
0 0 234 0.076538 -1.98904 0.749809 2.3739 0 0
0 0 235 -1.35892 2.90683 -0.647456 0.988839 0 0
0 0 236 2.13512 -2.70355 -0.862732 0.385841 0 0
0 0 237 1.33698 -0.396587 2.41102 0.603846 0 0
0 0 238 -0.56374 -0.280689 -0.281044 1.90745 0 0
0 0 239 1.05693 -0.405755 0.204379 0.22269 0 0
0 0 240 0.284775 -1.29673 -2.16877 0.585886 0 0
0 0 241 0.701371 -2.18391 -1.62771 -1.78628 0 0
0 0 242 -0.00738436 -1.96812 3.41298 -1.37728 0 0
0 0 243 -0.690566 0.877183 0.852191 -3.87417 0 0
0 0 244 -3.84968 -0.857004 -0.500463 0.68176 0 0
0 0 245 2.26835 0.601488 -3.53165 1.45232 0 0
0 0 246 -1.38814 0.902159 -0.567616 3.06306 0 0
0 0 247 3.77289 -1.19942 -0.704511 -2.41244 0 0
0 0 248 0.779329 -3.30857 -0.784022 -0.0273421 0 0
0 0 249 1.48787 -0.724715 -1.22185 -0.928779 0 0
0 0 250 -0.445894 0.141397 -1.53328 -1.15075 0 0
0 0 251 1.76167 0.248782 -1.7916 0.489858 0 0
0 0 252 0.547104 0.598702 -0.48505 1.63829 0 0
0 0 253 -2.83541 -1.19931 -1.88125 -0.954482 0 0
0 0 254 1.1146 -1.53657 1.02278 2.03934 0 0
0 0 255 1.44316 -0.21729 0.121141 -3.33353 0 0
0 0 256 3.57222 -0.314198 1.99915 -2.77643 0 0
0 0 257 -1.15875 2.36809 1.22243 1.3515 0 0
0 0 258 -1.12787 -1.75176 -0.0675881 0.715393 0 0
0 0 259 -0.669947 -1.49724 0.815729 -0.381017 0 0
0 0 260 -0.908061 -0.818014 -1.01771 0.371654 0 0
0 0 261 -1.99459 -3.22422 -2.62942 -1.79603 0 0
0 0 262 -0.187369 1.54624 -1.83433 0.00462887 0 0
0 0 263 -0.10017 2.18719 0.226823 0.148717 0 0
0 0 264 0.0550305 0.135236 -0.906507 0.511275 0 0
0 0 265 0.675238 -0.533254 -0.61163 -0.653125 0 0
0 0 266 1.14925 -1.99729 -0.722976 -2.67273 0 0
0 0 267 -1.26193 0.737719 -2.49564 0.194901 0 0
0 0 268 0.763259 -1.36065 1.08187 0.239259 0 0
0 0 269 -0.649541 0.870193 0.25329 2.26172 0 0
0 0 270 0.937247 2.66374 2.51001 0.764601 0 0
0 0 271 1.42149 1.24348 0.181621 1.9541 0 0
0 0 272 -0.986976 0.258258 -0.389497 -0.0122137 0 0
0 0 273 -0.247064 0.865793 0.855387 1.6547 0 0
0 0 274 2.52938 0.325105 -1.41292 1.67074 0 0
0 0 275 -1.65959 1.59372 3.2602 -0.713153 0 0
0 0 276 0.245444 0.0688169 -0.0613728 0.955868 0 0
0 0 277 -1.18582 2.83119 -1.53418 0.913784 0 0
0 0 278 0.637712 1.24091 0.33105 0.116527 0 0
0 0 279 -1.24948 -0.343443 -1.36718 -1.36659 0 0
0 0 280 1.78398 1.7318 -1.60495 1.19497 0 0
0 0 281 0.384325 0.767567 0.239293 -0.505903 0 0
0 0 282 3.98474 0.339242 0.330388 -0.620114 0 0
0 0 283 -1.8094 2.8242 0.525329 -0.382077 0 0
0 0 284 2.69142 -0.991715 0.849613 1.51941 0 0
0 0 285 0.441073 0.671276 0.847551 -2.69215 0 0
0 0 286 0.980549 -2.18281 0.991212 -2.38528 0 0
0 0 287 -0.868129 0.931984 -0.561345 2.15679 0 0
0 0 288 -0.70556 0.414891 -1.11609 0.110658 0 0
0 0 289 -3.17266 -0.799354 -1.91828 -0.894437 0 0
0 0 290 0.492304 -0.828964 2.71227 1.08729 0 0
0 0 291 0.834621 3.56419 0.0459428 -0.907997 0 0
0 0 292 1.92795 -1.15416 0.81435 -1.73002 0 0
0 0 293 0.852921 1.42998 0.917962 2.80626 0 0
0 0 294 -0.335466 -0.935133 3.23513 -2.0309 0 0
0 0 295 -2.02212 -2.34375 0.728226 -0.552142 0 0
0 0 296 1.36517 -0.169215 0.00329939 1.57085 0 0
0 0 297 -1.05097 0.745465 -1.10088 0.652407 0 0
0 0 298 1.33352 -0.231502 2.11875 0.195487 0 0
0 0 299 1.98624 -1.39397 -1.54858 -0.25271 0 0
0 0 300 2.51541 1.21256 -1.56797 0.155446 0 0
0 0 301 1.71479 -0.93101 -1.72474 1.16987 0 0
0 0 302 -1.04674 -0.44179 0.629787 -2.04794 0 0
0 0 303 -0.385651 -1.55773 2.51964 -1.30456 0 0
0 0 304 1.08174 -1.04421 0.0181654 2.30881 0 0
0 0 305 -0.49423 1.8214 -0.153745 1.06989 0 0
0 0 306 2.44457 1.30641 2.71202 -0.0924636 0 0
0 0 307 -1.36133 -2.3371 2.64564 0.917365 0 0
0 0 308 -0.85199 0.677884 -3.23944 -0.0326413 0 0
0 0 309 0.495219 0.883217 -1.04007 -0.315346 0 0
0 0 310 -0.807034 0.75221 1.10389 0.0942463 0 0
0 0 311 1.78095 2.52122 -1.43565 -0.0527256 0 0
0 0 312 2.00336 -1.87379 0.44828 -1.58436 0 0
0 0 313 -0.142117 -0.835861 -0.813772 -2.5468 0 0
0 0 314 1.06437 0.0823558 1.65727 0.629566 0 0
0 0 315 -2.43089 0.923897 -1.59777 -1.51723 0 0
0 0 316 -3.78861 0.786144 -2.34114 -0.0227184 0 0
0 0 317 0.840296 -0.211612 0.165738 0.30025 0 0
0 0 318 0.852431 1.53126 2.21052 0.21581 0 0
0 0 319 1.01227 -0.712336 -1.43221 3.01863 0 0
0 0 320 0.935881 -0.623164 0.465359 -2.28586 0 0
0 0 321 2.4021 -0.480721 0.164047 -0.876244 0 0
0 0 322 -0.178243 0.626414 -0.0244094 1.3639 0 0
0 0 323 1.20949 -2.19591 -0.988682 1.47487 0 0
0 0 324 1.3055 0.423553 -0.556598 -0.576665 0 0
0 0 325 0.00123978 2.79372 2.31942 -0.130983 0 0
0 0 326 -2.1774 0.422135 -0.884378 -0.0661981 0 0
0 0 327 0.326997 0.523156 -0.638201 -1.3188 0 0
0 0 328 -0.415019 1.06752 -1.90155 0.0604868 0 0
0 0 329 -0.246864 -1.78872 -2.2894 -2.7437 0 0
0 0 330 0.659639 -0.460965 0.31087 -0.556717 0 0
0 0 331 1.76433 -1.55833 -1.27855 1.77139 0 0
0 0 332 -0.38399 -0.13506 1.0619 -0.644424 0 0
0 0 333 -1.50316 -0.877031 2.67681 0.231342 0 0
0 0 334 -0.962027 1.03422 -0.692795 0.0489527 0 0
0 0 335 0.170879 -2.07253 0.307715 1.04229 0 0
0 0 336 2.47081 1.27044 2.91518 1.07866 0 0
0 0 337 -3.92476 2.51307 1.11731 -0.245309 0 0
0 0 338 -3.17625 0.664037 0.470895 -1.03957 0 0
0 0 339 2.22584 0.649937 -1.28467 -0.21814 0 0
0 0 340 1.35846 1.02642 -1.25012 -1.29123 0 0
0 0 341 0.134345 -0.912905 -1.65536 0.691401 0 0
0 0 342 1.82789 1.36876 1.7918 -0.259531 0 0
0 0 343 -1.61295 -1.37228 1.39801 -1.44396 0 0
0 0 344 -0.69038 -1.24678 0.673094 -0.308077 0 0
0 0 345 -0.00574768 -2.24201 0.171842 0.808226 0 0
0 0 346 -1.03587 0.0130145 -1.09177 0.14622 0 0
0 0 347 -0.652851 2.07946 0.630154 -1.16016 0 0
0 0 348 -0.549782 0.0332135 0.481116 2.63486 0 0
0 0 349 0.175577 -0.691902 4.3914 0.544909 0 0
0 0 350 -0.0239792 -0.549036 1.53548 0.404039 0 0
0 0 351 -1.06532 2.29217 0.53915 2.72028 0 0
0 0 352 -0.318927 1.8484 1.54655 1.29737 0 0
0 0 353 -2.05378 1.31916 1.16108 1.12967 0 0
0 0 354 -3.3769 -0.36495 0.646318 -0.495985 0 0
0 0 355 -2.91829 -4.77829 1.22046 -1.73985 0 0
0 0 356 1.06375 -0.248666 -0.171792 0.881916 0 0
0 0 357 0.587895 0.978704 -0.109514 1.02279 0 0
0 0 358 2.12259 -1.06751 1.37891 0.703582 0 0
0 0 359 0.489232 0.397692 0.0660527 -0.0826626 0 0
0 0 360 1.95233 1.01293 1.7074 -1.10646 0 0
0 0 361 -2.78977 -0.19685 1.75057 1.31596 0 0
0 0 362 -0.0927559 -3.18515 -5.09686 0.342732 -61.0011 7.23958
0 0 363 1.01566 0.313198 -1.63537 1.10141 0 0
0 0 364 -0.725223 0.178704 0.0670177 -1.45638 0 0
0 0 365 -1.00347 1.17297 -2.23986 2.59601 0 0
0 0 366 2.887 -3.641 -0.174554 -0.171783 0 0
0 0 367 0.809972 -0.678746 -0.353752 -0.480395 0 0
0 0 368 1.22833 -0.952043 -0.56492 -1.33632 0 0
0 0 369 2.70831 -1.58895 0.448902 1.97308 0 0
0 0 370 -1.0759 -0.069924 1.56099 0.304676 0 0
0 0 371 -0.169357 -0.365341 1.0365 0.0647298 0 0
0 0 372 -1.64137 0.184743 -0.56346 -0.241029 0 0
0 0 373 -2.87393 1.14699 -2.89541 -0.805562 0 0
0 0 374 -1.37229 0.512598 1.6634 -2.25735 0 0
0 0 375 0.180722 -2.48957 -0.342754 -1.75771 0 0
0 0 376 -2.46172 1.86317 1.23148 -0.634541 0 0
0 0 377 1.83878 1.21702 -0.420161 -0.460484 0 0
0 0 378 -0.783878 -1.27003 3.72345 0.814114 0 0
0 0 379 1.87442 0.489669 0.782554 -0.224825 0 0
0 0 380 0.708704 -1.16873 1.13478 -1.80107 0 0
0 0 381 1.96184 -0.918853 0.514476 -2.53282 0 0
0 0 382 -1.26985 3.22712 0.609527 1.7903 0 0
0 0 383 -1.59091 1.87868 -2.78234 1.50285 0 0
0 0 384 -1.26902 2.27973 -2.0444 2.04653 0 0
0 0 385 -1.13044 -1.0938 -0.231315 1.39016 0 0
0 0 386 -0.435211 0.862604 -0.682174 -2.3507 0 0
0 0 387 -1.90612 -0.317562 -1.14839 0.712117 0 0
0 0 388 -0.340914 -1.76667 0.033071 -0.858785 0 0
0 0 389 1.96744 0.775272 -1.16827 1.67162 0 0
0 0 390 2.00699 -0.0568513 -1.64715 0.0290828 0 0
0 0 391 -2.40361 -1.14418 -0.333022 -3.27376 0 0
0 0 392 -1.23223 1.55741 -1.22192 -1.34937 0 0
0 0 393 1.29027 -1.47864 0.0857266 -0.33627 0 0
0 0 394 1.37912 -2.17415 0.508992 3.11348 0 0
0 0 395 1.67995 0.493915 -0.858409 3.48804 0 0
0 0 396 1.32088 2.21882 -1.97917 0.0821983 0 0
0 0 397 0.69872 1.19157 -1.78948 0.541063 0 0
0 0 398 0.0923351 -0.412909 -1.7578 -1.8239 0 0
0 0 399 -0.095294 -4.66524 0.65753 -0.283601 0 0
0 0 400 -0.574272 0.22864 -1.65297 2.35291 0 0
0 0 401 0.174219 -2.34082 -1.21389 -2.69303 0 0
0 0 402 -2.46231 -0.211238 -0.191319 1.1584 0 0
0 0 403 -0.683521 -1.55381 -0.905282 -0.923498 0 0
0 0 404 0.883289 1.22877 -0.889519 -2.60762 0 0
0 0 405 0.508679 0.616012 -1.25251 -2.78071 0 0
0 0 406 -1.82636 -1.20946 0.732878 -0.746554 0 0
0 0 407 -1.5543 -1.58578 2.61846 1.08767 0 0
0 0 408 -1.55435 0.168602 -0.414685 1.08076 0 0
0 0 409 0.792836 2.20562 -1.1776 2.49123 0 0
0 0 410 -0.239785 1.34369 -0.773997 0.19186 0 0
0 0 411 0.683917 -0.218463 0.921085 1.75784 0 0
0 0 412 1.18502 -0.287495 0.105282 1.58652 0 0
0 0 413 -2.4545 -2.24726 -1.34084 -1.00199 0 0
0 0 414 0.849781 -0.373806 -0.134648 1.95799 0 0
0 0 415 -1.49887 -1.69191 -0.853152 0.716604 0 0
0 0 416 1.37434 -0.166939 -0.45682 -0.0232647 0 0
0 0 417 0.231304 1.40713 1.00139 -0.843526 0 0
0 0 418 0.261089 1.78911 -2.85745 2.294 0 0
0 0 419 0.946007 -0.185829 0.455724 0.767504 0 0
0 0 420 -0.220036 -1.89976 0.334555 0.294801 0 0
0 0 421 -1.79755 1.35207 1.79485 1.02705 0 0
0 0 422 -0.146928 -1.31748 0.0453848 1.75989 0 0
0 0 423 -0.965497 -3.12439 -1.05126 0.42745 0 0
0 0 424 1.93734 -0.55088 -1.55933 -1.17946 0 0
0 0 425 -2.2426 2.11198 2.83446 -4.14356 0 0
0 0 426 3.56818 0.28048 0.279318 0.249254 0 0
0 0 427 1.54792 2.40107 1.0561 -2.79261 0 0
0 0 428 0.610984 -1.23915 -1.00031 1.83206 0 0
0 0 429 0.720889 -1.6753 0.6409 -0.145586 0 0
0 0 430 0.992528 -0.721865 -0.918935 -0.820302 0 0
0 0 431 0.15447 0.410164 0.109479 1.28369 0 0
0 0 432 2.35861 1.64536 0.971523 -0.868964 0 0
0 0 433 0.49356 -0.759187 1.21516 1.33948 0 0
0 0 434 2.70927 0.629195 -0.980308 -1.37962 0 0
0 0 435 2.91972 -2.47695 0.671049 -0.220264 0 0
0 0 436 -0.384579 0.544352 -0.348431 2.28688 0 0
0 0 437 -1.63582 -0.46727 0.427804 0.662171 0 0
0 0 438 -2.32547 0.26523 -2.4138 1.31396 0 0
0 0 439 -1.24473 0.645204 -0.742512 -2.99941 0 0
0 0 440 -1.01013 1.23146 3.58732 2.52027 0 0
0 0 441 0.440227 -1.14612 -1.09537 -0.675632 0 0
0 0 442 0.944164 -0.46169 1.05663 -0.71518 0 0
0 0 443 0.181595 0.871156 -3.02404 1.77982 0 0
0 0 444 -0.623638 0.481526 0.146384 0.507489 0 0
0 0 445 -2.21604 -0.321839 1.22302 -1.06809 0 0
0 0 446 0.527684 -1.27872 1.12956 0.228359 0 0
0 0 447 -0.0245386 -2.13456 1.81934 -0.860981 0 0
0 0 448 0.411782 -2.30455 -0.050957 0.582401 0 0
0 0 449 1.08115 -4.95715 0.836373 -0.95177 0 0
0 0 450 1.21279 -1.79225 1.41022 -0.504353 0 0
0 0 451 0.129741 -3.01854 -2.76166 1.452 0 0
0 0 452 1.43826 0.411629 0.0783137 -1.6118 0 0
0 0 453 0.624037 -3.2526 -1.85368 2.02542 0 0
0 0 454 -1.29834 -0.471401 -2.78793 0.783937 0 0
0 0 455 0.948909 0.60824 -1.24154 3.22443 0 0
0 0 456 1.09035 0.661422 -1.45919 1.65176 0 0
0 0 457 2.56493 -0.595847 1.28045 -0.469701 0 0
0 0 458 0.149134 1.8925 -0.078011 0.585332 0 0
0 0 459 -0.330289 -2.44891 -1.99057 1.13376 0 0
0 0 460 1.29968 0.464426 -0.907661 0.574732 0 0
0 0 461 -1.42495 -1.85365 -1.92437 -0.428493 0 0
0 0 462 0.340206 -1.44793 1.35657 3.75762 0 0
0 0 463 0.69924 1.61186 -0.0640879 -2.37156 0 0
0 0 464 -4.48369 -1.32814 -1.01474 0.266809 0 0
0 0 465 2.53691 3.06659 2.11912 0.676294 0 0
0 0 466 -0.310976 -0.161017 0.435887 0.97544 0 0
0 0 467 1.67735 0.250212 -1.34655 -2.02393 0 0
0 0 468 -0.658555 1.17482 -0.0329944 1.94872 0 0
0 0 469 2.58222 0.394259 1.05555 -1.24004 0 0
0 0 470 -0.682247 -2.3651 2.21118 -2.25388 0 0
0 0 471 2.62415 0.0321066 0.514179 -1.49847 0 0
0 0 472 1.78386 1.61868 1.25641 0.340586 0 0
0 0 473 -2.4327 0.0373238 1.91483 0.501152 0 0
0 0 474 2.444 -1.04607 -0.53431 -2.87943 0 0
0 0 475 0.420985 0.369496 -0.538944 -0.797412 0 0
0 0 476 1.03069 1.05999 -1.10587 -0.815938 0 0
0 0 477 1.0143 1.76583 -1.86898 1.15201 0 0
0 0 478 0.76991 0.231121 -0.284912 2.68099 0 0
0 0 479 -2.31014 -0.195293 -0.0899451 1.06842 0 0
0 0 480 1.63578 -0.364682 1.03167 -0.338931 0 0
0 0 481 0.263746 -1.20888 0.927483 -0.684378 0 0
0 0 482 1.53588 0.0495166 -2.9059 -2.44535 0 0
0 0 483 1.35335 1.42781 -2.90192 -0.318407 0 0
0 0 484 -2.33055 1.16055 -0.616601 1.56045 0 0
0 0 485 -0.939846 -1.67013 -1.33427 1.5024 0 0
0 0 486 -0.419223 -0.715059 -1.67654 -2.46466 0 0
0 0 487 -1.24025 -4.197 1.14645 -2.68981 0 0
0 0 488 -0.290398 2.23088 0.324303 0.0564507 0 0
0 0 489 -0.432661 2.15016 -0.0666488 0.620171 0 0
0 0 490 1.45463 -2.42256 0.622279 1.15186 0 0
0 0 491 1.81047 0.763246 -0.388837 0.496168 0 0
0 0 492 0.965909 0.517439 0.23966 3.59721 0 0
0 0 493 -0.919588 3.51935 1.25879 1.03595 0 0
0 0 494 -0.163391 -0.734 -2.28495 -1.82394 0 0
0 0 495 -0.491099 -3.23509 -0.659521 2.24133 0 0
0 0 496 1.84938 2.80057 -0.19176 -1.25426 0 0
0 0 497 -1.58981 0.100488 -2.53007 0.161214 0 0
0 0 498 -0.284619 -1.48623 -0.597666 0.346699 0 0
0 0 499 -0.721975 2.31847 -0.239294 -2.12433 0 0
0 0 500 2.85367 0.906905 0.89791 -0.202169 0 0
0 0 501 -1.87803 1.02663 0.674318 -1.13026 0 0
0 0 502 -2.16141 1.39687 2.33292 -0.662251 0 0
0 0 503 -0.635937 -1.27623 -1.57582 2.45153 0 0
0 0 504 -1.66829 -0.0139956 -1.13829 -0.590695 0 0
0 0 505 0.379321 -1.29188 2.90773 1.65157 0 0
0 0 506 -0.0926127 -1.67404 -0.447804 -1.99236 0 0
0 0 507 2.92688 -1.75959 -0.983164 1.29952 0 0
0 0 508 -1.65325 0.682383 0.501528 0.913806 0 0
0 0 509 -0.726735 0.441929 -0.640754 3.26922 0 0
0 0 510 0.876571 -0.438214 0.251104 -0.811461 0 0
0 0 511 1.27672 -1.5178 -0.810097 0.55924 0 0
0 0 512 1.84791 -0.203425 -1.30451 2.01814 0 0
0 0 513 -0.166142 0.131618 -1.441 0.621677 0 0
0 0 514 -0.0510342 0.594206 -1.65258 -1.38972 0 0
0 0 515 -1.12323 -3.03113 -2.54518 -0.213619 0 0
0 0 516 1.53105 -0.110102 0.0522122 2.23842 0 0
0 0 517 3.15797 -1.17481 2.11212 3.47096 0 0
0 0 518 0.737201 -0.53358 1.22239 1.04193 0 0
0 0 519 -0.783108 1.45583 -2.88702 0.968979 0 0
0 0 520 -0.996663 -2.27443 1.01699 0.0408792 0 0
0 0 521 1.42943 1.36417 -0.17604 0.0631091 0 0
0 0 522 2.85362 -1.58909 -0.901102 -0.990944 0 0
0 0 523 -1.05223 1.92752 -0.531982 0.504175 0 0
0 0 524 2.02307 -1.09819 0.167501 -0.988018 0 0
0 0 525 3.71327 3.01682 2.32125 -0.691851 0 0
0 0 526 2.19073 1.65556 1.50522 -0.018164 0 0
0 0 527 -0.0917539 0.522285 2.60513 0.376331 0 0
0 0 528 1.85561 0.593579 -1.79889 0.121804 0 0
0 0 529 1.69323 -2.38748 0.561449 2.15812 0 0
0 0 530 0.558881 1.07188 0.586413 2.21551 0 0
0 0 531 -0.485172 0.589132 -0.152858 -1.29522 0 0
0 0 532 -0.624016 -0.50282 1.21699 0.375242 0 0
0 0 533 -0.834013 0.670487 1.86853 -0.358459 0 0
0 0 534 -1.10352 0.939855 -3.45052 0.0829903 0 0
0 0 535 -1.18363 -1.43187 -0.00158957 2.55054 0 0
0 0 536 -1.17869 -0.0537249 2.52885 0.754045 0 0
0 0 537 1.36916 -0.830533 0.359605 -0.897485 0 0
0 0 538 -1.81297 1.93665 -4.74962 -0.689919 -33.9084 8.48541
0 0 539 2.51929 -0.18353 1.10331 -0.0267685 0 0
0 0 540 -1.21396 1.39298 -1.32151 -0.0745701 0 0
0 0 541 -0.764356 -2.61196 0.75384 -0.0250014 0 0
0 0 542 1.29475 -1.20038 0.619007 1.57056 0 0
0 0 543 0.513318 -3.20509 0.138245 -2.11238 0 0
0 0 544 -2.62146 0.572765 -0.390568 -1.86451 0 0
0 0 545 -0.366233 0.863862 2.61398 1.05226 0 0
0 0 546 -2.02883 -0.370456 2.61954 -0.326038 0 0
0 0 547 1.6704 0.0995497 1.58377 -0.833317 0 0
0 0 548 -0.369534 -1.66107 0.531822 -2.01298 0 0
0 0 549 0.0579909 -2.50913 -0.116396 -0.320952 0 0
0 0 550 0.645314 2.53118 3.46333 -0.613754 0 0
0 0 551 -1.73082 -1.62886 -0.134622 0.0600267 0 0
0 0 552 -1.17497 -1.80495 3.00829 1.34745 0 0
0 0 553 -0.189626 1.58028 0.148079 -1.69936 0 0
0 0 554 -0.520592 -0.628027 -1.10822 -0.351943 0 0
0 0 555 -1.09128 0.150167 1.94091 -1.17001 0 0
0 0 556 1.226 0.28341 0.936547 -0.798165 0 0
0 0 557 -0.171876 0.723918 1.11442 4.0456 0 0
0 0 558 1.11168 -2.36392 0.199446 -1.22184 0 0
0 0 559 -0.477149 -2.83637 -0.538693 -0.322585 0 0
0 0 560 -1.35116 0.368643 0.410729 -1.93701 0 0
0 0 561 -2.05379 1.32333 -1.21506 0.0500924 0 0
0 0 562 0.428693 -1.2229 0.305674 2.10389 0 0
0 0 563 -2.73422 -1.36871 0.0674836 -1.39503 0 0
0 0 564 0.104008 -1.31483 -0.970057 -0.894775 0 0
0 0 565 -0.242372 -1.76589 -1.20242 -1.27971 0 0
0 0 566 -0.672949 0.979714 -1.31686 -0.895189 0 0
0 0 567 -1.9705 -1.79604 0.58301 -1.65325 0 0
0 0 568 2.27796 1.09936 -2.00219 0.872297 0 0
0 0 569 -0.113727 0.69695 0.489379 -0.50964 0 0
0 0 570 1.71476 0.661291 -0.196953 1.4221 0 0
0 0 571 -1.61256 -1.38704 1.76386 1.35172 0 0
0 0 572 2.14727 0.168155 0.131521 -1.89831 0 0
0 0 573 2.1457 -0.852037 -2.12322 -2.91729 0 0
0 0 574 0.778166 -0.996429 -0.610179 -0.00162262 0 0
0 0 575 -0.322226 0.492889 0.597816 -2.06498 0 0
0 0 576 -0.126366 1.16707 0.370327 -0.595073 0 0
0 0 577 -0.470574 0.0209463 -1.9541 0.537692 0 0
0 0 578 1.56771 2.76085 1.59636 2.21151 0 0
0 0 579 0.49322 1.85347 0.515748 1.06489 0 0
0 0 580 1.37127 -1.00595 -0.433772 -1.12571 0 0
0 0 581 -2.39786 -1.45898 0.982007 0.131701 0 0
0 0 582 0.119909 0.61371 -1.80512 1.95541 0 0
0 0 583 3.04139 0.0895991 4.27755 -0.265455 0 0
0 0 584 2.89358 -4.47146 -0.0976554 0.239483 0 0
0 0 585 3.14948 1.70208 -0.137085 0.846198 0 0
0 0 586 -0.414947 1.35102 -1.57716 -0.287513 0 0
0 0 587 0.428463 -2.80014 1.45207 1.31686 0 0
0 0 588 0.110208 1.34695 -1.06167 1.67195 0 0
0 0 589 0.180717 -1.28599 1.72468 0.217595 0 0
0 0 590 2.04611 0.0782479 -1.57724 0.188149 0 0
0 0 591 -0.0162892 2.24874 0.489502 -0.66249 0 0
0 0 592 1.17509 -1.92912 2.01027 -2.39346 0 0
0 0 593 -1.36768 0.508118 -0.456389 2.12866 0 0
0 0 594 2.38584 0.721655 1.14224 0.0147498 0 0
0 0 595 0.00185156 -5.33092 -1.66359 0.724407 -81.3344 7.78151
0 0 596 -0.576459 0.652432 -0.731403 -2.34912 0 0
0 0 597 -1.17096 2.19713 3.86303 -4.19132 0 0
0 0 598 1.45211 1.43035 -0.861463 -1.31206 0 0
0 0 599 1.3356 -3.03686 -0.0581309 -3.84409 0 0
0 0 600 -0.344224 -0.116984 -0.687088 -4.29589 0 0
0 0 601 -1.35231 -2.25214 0.947421 -2.29069 0 0
0 0 602 -0.134141 0.733671 1.15155 0.604943 0 0
0 0 603 -0.775747 -0.355088 3.84275 2.85882 0 0
0 0 604 0.00587869 -0.331824 0.0151184 -0.383112 0 0
0 0 605 -0.323093 1.2626 0.775254 1.54426 0 0
0 0 606 0.850778 0.764376 0.18259 1.57821 0 0
0 0 607 1.10763 0.119419 0.189022 0.363 0 0
0 0 608 1.44533 -0.251966 -2.25323 -0.166884 0 0
0 0 609 -1.15798 -0.649497 -1.07425 0.114815 0 0
0 0 610 2.75967 -2.01913 1.82411 -0.114366 0 0
0 0 611 -0.600529 -1.20958 -0.21371 1.63658 0 0
0 0 612 0.314147 -1.45894 2.38928 1.49015 0 0
0 0 613 1.64179 1.19249 0.822256 0.105065 0 0
0 0 614 -0.958373 0.667509 -2.12448 2.59793 0 0
0 0 615 -0.0908397 -1.72128 -1.01683 1.19943 0 0
0 0 616 -2.40283 2.59986 -3.01258 1.20281 0 0
0 0 617 -1.13088 -1.42287 -1.88341 -1.33852 0 0
0 0 618 0.236272 0.885655 1.59031 -1.05008 0 0
0 0 619 -0.196309 0.603198 -2.0141 0.0833551 0 0
0 0 620 -0.764554 1.99057 1.56745 -0.0335028 0 0
0 0 621 0.233221 1.7931 0.86812 1.07879 0 0
0 0 622 -1.38102 0.205743 2.36211 0.721147 0 0
0 0 623 0.172293 1.29377 -0.559056 -0.586711 0 0
0 0 624 -0.145965 1.59126 0.238464 -0.00797031 0 0
0 0 625 -0.666658 0.721679 -1.01451 -0.0579711 0 0
0 0 626 -1.53193 -0.59931 -0.971174 -1.11545 0 0
0 0 627 -0.305593 0.64047 -0.302857 0.0808147 0 0
0 0 628 -0.217267 -1.79839 -2.6698 -0.3369 0 0
0 0 629 0.113556 -1.11581 0.243463 -0.141361 0 0
0 0 630 -1.05902 -1.33339 -0.607914 -1.38796 0 0
0 0 631 1.25284 -0.126833 2.56887 2.96285 0 0
0 0 632 -1.03299 0.132409 -1.89921 0.560448 0 0
0 0 633 -0.799736 0.966055 -0.226204 3.80207 0 0
0 0 634 1.45094 0.878488 -0.533437 -0.416269 0 0
0 0 635 3.95326 0.202647 -3.8701 -0.866709 0 0
0 0 636 0.90791 -4.3821 -2.74643 -0.429968 -73.9615 8.40604
0 0 637 -0.439134 3.00689 0.136499 -0.125564 0 0
0 0 638 1.49283 0.701951 -1.67359 0.952747 0 0
0 0 639 1.21 -1.32112 1.21713 -0.336157 0 0
0 0 640 0.297071 -1.0694 -1.20502 -0.232944 0 0
0 0 641 0.404468 -0.10549 -2.13715 1.70625 0 0
0 0 642 -1.6191 -1.64866 1.12287 -1.30073 0 0
0 0 643 -0.18801 -0.523637 -2.26379 0.251812 0 0
0 0 644 2.27594 -1.87049 -0.245528 0.406246 0 0
0 0 645 2.6568 1.04827 -0.59657 -1.47935 0 0
0 0 646 0.650887 -2.99211 -2.34571 2.62038 0 0
0 0 647 1.0272 1.22207 0.0106948 3.61602 0 0
0 0 648 0.651249 -0.50354 0.365089 -1.71943 0 0
0 0 649 1.78615 0.890148 -1.08141 0.62245 0 0
0 0 650 2.87971 -1.84938 1.16297 2.2197 0 0
0 0 651 2.24921 -0.0510628 -3.25614 0.837416 0 0
0 0 652 -0.207951 1.73373 -0.433267 1.13144 0 0
0 0 653 0.816357 2.97828 0.235817 0.576807 0 0
0 0 654 0.303567 0.0319707 0.194746 -0.314854 0 0
0 0 655 -0.761906 -3.66759 1.05223 -1.83101 0 0
0 0 656 0.110377 0.617307 -0.194407 0.000550179 0 0
0 0 657 -0.830409 2.52311 4.32923 -0.853506 0 0
0 0 658 2.15773 2.00822 -0.570006 -3.78684 0 0
0 0 659 -0.787349 0.256888 0.878315 2.63327 0 0
0 0 660 -0.193871 1.67777 0.236518 0.713752 0 0
0 0 661 1.41985 -1.36403 0.0569505 -0.892829 0 0
0 0 662 -0.83507 2.16631 -0.626501 -1.11496 0 0
0 0 663 0.827257 0.396121 1.45084 1.97292 0 0
0 0 664 -1.21539 -3.28278 -0.738282 -0.925983 0 0
0 0 665 0.405155 -0.291169 -2.02349 1.31931 0 0
0 0 666 -1.01756 -0.396965 -0.24839 -3.13967 0 0
0 0 667 2.09687 0.574533 1.55817 -0.167132 0 0
0 0 668 0.940502 1.78475 -0.15487 -0.890399 0 0
0 0 669 0.0754393 1.093 1.17085 0.893508 0 0
0 0 670 0.629552 -0.692662 -1.59247 0.782036 0 0
0 0 671 -0.906254 1.37249 -2.95461 -0.7514 0 0
0 0 672 -0.857826 1.18507 -0.387688 -1.57488 0 0
0 0 673 -1.28139 -2.69133 0.0138131 -1.73665 0 0
0 0 674 2.54195 -1.02479 -0.448548 -1.92153 0 0
0 0 675 4.01645 -0.237377 0.272269 -0.775697 0 0
0 0 676 -0.650704 0.35832 0.912644 -1.33677 0 0
0 0 677 2.91841 1.44795 -4.22116 -3.93784 0 0
0 0 678 -1.1295 -1.05706 -1.07046 0.231363 0 0
0 0 679 0.685692 0.820297 0.177107 -2.27429 0 0
0 0 680 1.97999 0.584727 0.771971 1.00221 0 0
0 0 681 -0.606854 0.498187 1.77395 -1.87998 0 0
0 0 682 0.635745 1.93283 -1.7998 -1.38764 0 0
0 0 683 1.9064 -1.29226 -0.94581 -0.790389 0 0
0 0 684 0.74636 0.339382 -0.224624 2.97629 0 0
0 0 685 0.787647 -1.29269 2.24974 -1.86301 0 0
0 0 686 1.82247 -0.916587 1.14431 0.622288 0 0
0 0 687 0.745376 1.50231 -0.499221 1.40896 0 0
0 0 688 0.143345 0.775296 -1.57472 -1.70522 0 0
0 0 689 0.308501 0.486489 0.265187 0.0342229 0 0
0 0 690 0.258106 -0.282107 -0.6578 -3.08942 0 0
0 0 691 -1.44239 -0.0801377 -0.972799 -0.388134 0 0
0 0 692 3.47957 -0.192232 0.133498 1.47167 0 0
0 0 693 1.54789 1.15735 0.67929 -2.04807 0 0
0 0 694 0.123056 0.154855 0.83213 -1.13574 0 0
0 0 695 0.194976 -1.16536 1.03477 -1.83728 0 0
0 0 696 2.4367 -3.0078 -0.424471 1.60951 0 0
0 0 697 3.10443 0.0743591 -1.70904 -1.53248 0 0
0 0 698 1.48577 1.68912 -1.13525 -1.64096 0 0
0 0 699 1.0339 -1.07254 -2.50737 -1.09253 0 0
0 0 700 1.34039 -1.47773 -0.025211 -0.334735 0 0
0 0 701 -0.000131845 -2.9407 1.94924 -0.234089 0 0
0 0 702 -1.02768 -2.15902 -3.77224 -2.03513 0 0
0 0 703 -2.93121 -1.05906 1.69853 1.18025 0 0
0 0 704 -0.243687 -0.148836 0.53679 0.257309 0 0
0 0 705 -0.3738 0.761797 0.184428 -0.451993 0 0
0 0 706 0.928687 -0.0184841 1.48317 0.212751 0 0
0 0 707 2.45987 -1.38069 1.3213 1.35346 0 0
0 0 708 2.91275 0.172157 1.35904 -0.231974 0 0
0 0 709 0.130818 2.54845 -2.63089 -1.83805 0 0
0 0 710 -1.34394 1.45489 0.676294 -1.8863 0 0
0 0 711 -1.18898 -0.633799 1.43552 -0.0516796 0 0
0 0 712 1.17498 0.0468787 0.998921 0.129264 0 0
0 0 713 -0.983712 0.411882 1.06435 0.363868 0 0
0 0 714 -0.524502 0.16883 0.675601 -1.16146 0 0
0 0 715 -0.108956 -0.335479 1.66556 1.02988 0 0
0 0 716 -2.61246 -3.58403 0.0834582 0.167451 0 0
0 0 717 1.18569 -0.774176 0.443386 1.94128 0 0
0 0 718 1.28248 -1.36238 0.719797 -0.624115 0 0
0 0 719 -0.870482 0.160526 -3.53744 1.39916 0 0
0 0 720 1.82529 -1.24413 -1.82022 0.299568 0 0
0 0 721 -2.48322 -1.27877 3.18663 -2.48454 0 0
0 0 722 -0.329675 -1.98567 1.21083 -0.436255 0 0
0 0 723 -1.39706 2.26162 -1.01953 0.126302 0 0
0 0 724 0.653042 -0.377801 -0.815532 -0.0594668 0 0
0 0 725 0.601581 -0.0168912 -0.478907 -2.72337 0 0
0 0 726 -1.32128 -0.832842 0.036919 1.89386 0 0
0 0 727 -1.35358 -2.16227 2.29638 -0.284939 0 0
0 0 728 0.979087 -0.368274 -1.35281 -0.194157 0 0
0 0 729 0.991702 -0.730111 0.839978 0.369706 0 0
0 0 730 0.765613 -1.89802 -0.294562 1.68424 0 0
0 0 731 -0.011265 -0.512288 -0.722298 1.54749 0 0
0 0 732 1.18343 -1.59788 0.198191 0.906767 0 0
0 0 733 1.77798 0.354152 1.20267 -2.31387 0 0
0 0 734 -0.7259 0.290663 -0.283609 -0.21745 0 0
0 0 735 0.46303 -1.1462 0.0860953 -2.5525 0 0
0 0 736 -2.05378 -1.625 -0.981613 -3.42856 0 0
0 0 737 -0.314867 -1.45945 1.80535 -0.600194 0 0
0 0 738 1.9249 0.435438 -0.994905 -0.612911 0 0
0 0 739 1.7218 0.790211 1.73252 0.973319 0 0
0 0 740 2.52093 -0.757867 -0.099068 -1.28082 0 0
0 0 741 2.57531 0.481433 3.24952 -2.01938 0 0
0 0 742 0.772827 0.126459 -2.77839 -1.99392 0 0
0 0 743 -0.702594 -1.76024 -1.2231 -4.6106 0 0
0 0 744 0.853611 -2.90482 -2.35851 -0.726365 0 0
0 0 745 -0.302034 1.15097 0.664069 1.50263 0 0
0 0 746 0.957623 1.04267 0.321109 0.236832 0 0
0 0 747 -0.236864 -0.746858 0.680246 1.07987 0 0
0 0 748 0.0144483 0.149508 -4.61699 -1.15135 0 0
0 0 749 1.92818 -0.463335 0.14972 0.511111 0 0
0 0 750 3.52201 2.47176 -0.136359 -0.245947 0 0
0 0 751 -0.299346 -1.0683 -1.02572 -0.100786 0 0
0 0 752 0.237338 -0.95849 1.30233 -2.93696 0 0
0 0 753 0.121873 0.160091 -0.590715 -0.498068 0 0
0 0 754 2.33026 -1.94648 -2.24574 -1.04151 0 0
0 0 755 -0.693747 -1.20602 -0.111825 -1.56627 0 0
0 0 756 1.16702 1.81387 -2.09662 -0.380843 0 0
0 0 757 -0.485757 -2.40551 2.14723 -2.46462 0 0
0 0 758 0.52225 -0.100432 0.653328 2.63189 0 0
0 0 759 0.0417509 0.116674 1.62564 -0.653449 0 0
0 0 760 -1.12157 0.0822962 -1.91566 1.06669 0 0
0 0 761 1.37017 0.735086 -2.19719 0.139118 0 0
0 0 762 -0.0503715 -1.20906 0.16093 0.479809 0 0
0 0 763 0.258175 0.753991 -3.28318 0.0103292 0 0
0 0 764 2.27103 -0.114212 -0.782354 0.309985 0 0
0 0 765 -0.338454 1.62018 1.9434 0.406479 0 0
0 0 766 1.5922 -1.66783 -0.742736 0.493941 0 0
0 0 767 -2.15391 -0.0515856 -0.638859 0.714816 0 0
0 0 768 1.28103 -0.944575 -0.183351 -1.45339 0 0
0 0 769 -0.0276895 -0.806457 2.19255 0.444041 0 0
0 0 770 2.26645 -0.909266 0.657171 -2.14943 0 0
0 0 771 -0.580612 2.6766 -2.50459 -1.2955 0 0
0 0 772 -0.0474963 0.835589 0.705625 0.947657 0 0
0 0 773 -2.47189 -0.484875 -0.487648 1.9109 0 0
0 0 774 1.84308 3.33306 -0.229265 -1.13062 0 0
0 0 775 0.977063 1.65287 -1.47344 0.788605 0 0
0 0 776 3.77088 -1.25057 0.52904 -1.1536 0 0
0 0 777 2.5836 -1.04723 -0.619982 -3.60385 0 0
0 0 778 2.92256 -0.922422 1.01047 -1.86821 0 0
0 0 779 -2.33272 -0.0273358 -1.12859 1.09658 0 0
0 0 780 0.697652 -1.57662 1.3313 2.57711 0 0
0 0 781 -0.748058 -0.348553 2.81513 -0.499548 0 0
0 0 782 2.50666 -0.217549 1.38622 1.00145 0 0
0 0 783 1.29442 0.0815666 -0.58084 2.64092 0 0
0 0 784 0.243743 1.82127 -3.37666 0.987455 0 0
0 0 785 -0.261458 -1.63406 1.49612 -2.57758 0 0
0 0 786 2.28387 -0.400312 0.580754 -0.254608 0 0
0 0 787 0.314012 -1.41909 1.28583 -2.36159 0 0
0 0 788 -0.226141 2.9135 1.08074 0.725163 0 0
0 0 789 1.62582 0.539962 -1.81245 2.08051 0 0
0 0 790 1.81048 -0.236296 -0.90804 -1.22982 0 0
0 0 791 1.98607 0.839259 -0.138599 -0.61387 0 0
0 0 792 0.451073 -1.22363 -1.22621 1.8489 0 0
0 0 793 2.54945 -2.3304 0.76155 0.406031 0 0
0 0 794 -2.14547 -1.34208 -1.17385 -1.62123 0 0
0 0 795 0.692754 0.386736 -2.12678 -0.499295 0 0
0 0 796 2.38462 -1.57959 -0.477805 -2.09438 0 0
0 0 797 -1.57564 -1.45497 1.23876 0.919813 0 0
0 0 798 1.2461 0.306176 1.78229 -0.712791 0 0
0 0 799 -1.1468 1.67936 1.6612 -2.48357 0 0
0 0 800 0.327951 3.6471 -2.51444 4.40442 0 0
0 0 801 1.9153 1.55884 1.64924 0.0449301 0 0
0 0 802 -0.380699 -1.57497 2.08156 0.430738 0 0
0 0 803 1.00514 0.68375 -1.0995 2.70982 0 0
0 0 804 -0.57637 -1.80914 2.52864 0.174282 0 0
0 0 805 2.37339 -1.56977 -0.120888 -0.162553 0 0
0 0 806 1.81336 0.122722 -1.10417 -4.08752 0 0
0 0 807 -1.32235 -0.736702 -0.389019 0.153125 0 0
0 0 808 -1.25952 -1.98688 -0.286423 2.76238 0 0
0 0 809 -3.06878 0.534836 -0.522074 0.737009 0 0
0 0 810 0.0886998 -0.622423 -1.54849 -2.92673 0 0
0 0 811 0.290668 -0.00101635 0.509473 0.986439 0 0
0 0 812 2.37306 -0.540976 1.2168 0.109869 0 0
0 0 813 -0.521283 0.359064 0.737606 1.58507 0 0
0 0 814 -0.355039 0.447878 -0.481014 -1.33139 0 0
0 0 815 -0.519203 1.21738 -1.78091 -0.152837 0 0
0 0 816 4.04266 -0.169085 -1.80377 -1.18551 0 0
0 0 817 -0.119064 -1.30983 -0.195502 -0.250437 0 0
0 0 818 -3.5676 -0.35583 -0.45866 -1.09633 0 0
0 0 819 -0.494513 0.0365468 2.05564 -1.26292 0 0
0 0 820 0.44965 0.324778 -0.202102 -0.475893 0 0
0 0 821 1.01361 1.29369 -2.38496 1.29543 0 0
0 0 822 1.47772 -0.661013 -0.544044 1.65661 0 0
0 0 823 1.4174 2.06514 0.99739 -1.29465 0 0
0 0 824 1.17997 0.848641 1.73935 -0.783893 0 0
0 0 825 -0.0124324 -0.871933 -1.21656 -0.142847 0 0
0 0 826 -0.422439 -0.708255 -1.64358 0.505774 0 0
0 0 827 -0.0452077 0.0565895 0.185475 0.835558 0 0
0 0 828 0.74752 -0.889728 -1.6545 -1.81622 0 0
0 0 829 -1.00109 -0.8763 -3.59788 1.58439 0 0
0 0 830 3.31821 3.04893 1.065 -1.27545 0 0
0 0 831 1.13438 -1.21093 0.186708 -2.40929 0 0
0 0 832 2.36186 -1.70996 1.37491 0.467519 0 0
0 0 833 0.976236 -0.203322 -1.38937 -1.10712 0 0
0 0 834 1.14888 0.792363 1.23563 -0.283165 0 0
0 0 835 0.278921 0.73072 -1.54378 0.284062 0 0
0 0 836 1.72906 -1.78846 1.63203 0.217481 0 0
0 0 837 1.17877 1.47312 -1.01374 0.168456 0 0
0 0 838 1.69653 -0.210101 -1.72186 -0.303924 0 0
0 0 839 4.39289 0.567749 -1.63747 -1.09046 0 0
0 0 840 3.0214 -1.73864 -2.45776 -1.7378 0 0
0 0 841 1.50421 2.27328 1.66371 -2.5127 0 0
0 0 842 -0.308157 -2.54424 -2.27881 1.86186 0 0
0 0 843 2.62663 0.94871 -2.74975 -1.37156 0 0
0 0 844 2.82944 2.0944 -3.0128 1.26689 0 0
0 0 845 3.52808 -0.613876 -3.7886 0.186351 0 0
0 0 846 5.35419 -0.320743 -4.83687 0.881878 0 0
0 0 847 4.4808 1.64655 -4.17236 -1.56222 0 0
0 0 848 2.18376 1.14808 -2.80082 0.473333 0 0
0 0 849 5.94907 2.45294 -7.28098 -0.201093 -35.6908 5.6654
0 0 850 4.34983 0.128714 -3.17317 0.47239 0 0
0 0 851 7.74323 -0.441401 -6.18977 -1.32242 -47.0395 7.01577
0 0 852 4.62761 1.76407 -7.69183 -0.121373 -38.5415 5.51634
0 0 853 7.13756 3.63066 -4.92512 -0.593774 -26.8017 7.11023
0 0 854 9.07693 0.591587 -7.24588 -0.914499 -42.6662 5.98848
0 0 855 8.81912 -0.497566 -6.36151 -0.588903 -47.2361 6.82286
0 0 856 9.52212 2.00233 -9.25431 -1.64754 -38.8956 4.59766
0 0 857 13.4108 1.55609 -11.5935 -1.59963 -41.1777 3.72176
0 0 858 10.2298 -0.0848546 -10.7691 -0.609969 -45.2257 4.04262
0 0 859 8.10724 -0.423971 -9.83891 0.180794 -46.2337 4.42084
0 0 860 11.1524 4.5422 -8.60469 -3.25214 -31.0858 4.47251
0 0 861 13.4998 1.87759 -7.92552 0.536571 -38.336 5.3447
0 0 862 12.1101 1.69097 -12.7939 -0.503647 -41.2354 3.37347
0 0 863 12.2274 1.06695 -8.58252 -2.65017 -41.4568 5.03381
0 0 864 10.7399 3.61034 -7.05711 0.305354 -31.4531 5.48988
0 0 865 8.70176 6.21699 -8.97947 -0.0436163 -27.6515 3.98365
0 0 866 11.1441 1.45384 -8.70433 -3.83662 -40.2588 4.93312
0 0 867 9.09379 0.574221 -8.07802 -0.0567831 -42.967 5.37591
0 0 868 10.3479 2.65743 -10.0118 -2.08527 -37.5673 4.20246
0 0 869 9.72349 2.16745 -7.45584 -0.097433 -36.8953 5.60626
0 0 870 10.5674 0.427967 -10.6011 -1.50194 -43.8441 4.10345
0 0 871 10.8134 1.59275 -7.28404 2.18341 -38.8328 5.83849
0 0 872 9.09885 1.80425 -8.59222 -0.0595739 -39.0705 4.95842
0 0 873 8.15546 -0.547677 -9.08173 0.518863 -46.7255 4.78515
0 0 874 8.35316 0.394805 -9.95331 -0.207086 -43.8643 4.37065
0 0 875 6.44634 -4.72913 -9.70307 -1.90991 -57.992 4.03177
0 0 876 6.53742 2.20194 -6.71487 -0.0667123 -35.9223 6.15962
0 0 877 7.70349 1.69933 -7.28001 0.578116 -38.4305 5.82314
0 0 878 8.54233 1.81703 -9.43066 0.0938465 -39.5472 4.5328
0 0 879 7.81589 0.843903 -8.31442 0.34906 -42.1022 5.20942
0 0 880 9.80156 3.55606 -7.70071 -2.36821 -32.6067 5.13092
0 0 881 5.36928 1.83334 -5.1706 0.180154 -35.2385 7.93415
0 0 882 8.8884 0.0129151 -7.02551 -1.97653 -44.9473 6.19694
0 0 883 7.96446 0.368071 -5.87231 0.156461 -43.2067 7.39932
0 0 884 10.9121 0.638728 -9.86413 -0.865856 -43.1476 4.40438
0 0 885 7.87859 -1.15661 -8.70003 0.134436 -48.7863 4.96038
0 0 886 6.98278 -1.56807 -5.88119 -0.794793 -52.4646 7.15186
0 0 887 6.80558 -0.583097 -6.91461 -1.11321 -47.4101 6.27398
0 0 888 11.8678 0.991529 -7.24175 1.46814 -41.1018 5.95611
0 0 889 10.3448 0.447937 -5.75403 1.95862 -42.7743 7.54339
0 0 890 7.42662 2.99527 -10.1886 0.446633 -36.8088 4.09895
0 0 891 9.2766 0.926934 -8.00893 0.316643 -41.699 5.39983
0 0 892 12.0816 1.71425 -9.13465 0.563603 -39.6856 4.68401
0 0 893 13.0546 0.743791 -9.92448 -1.24189 -42.857 4.37449
0 0 894 11.0861 -0.717713 -11.4642 0.516094 -46.7912 3.79017
0 0 895 15.0665 2.58805 -11.6782 2.65372 -38.7522 3.63938
0 0 896 11.0292 0.669827 -11.3784 -0.769184 -43.3155 3.81962
0 0 897 17.8705 -0.802018 -12.5794 0.632298 -46.824 3.45392
0 0 898 16.2459 2.70533 -13.2899 -3.13684 -39.2469 3.20984
0 0 899 15.9276 1.67998 -12.6732 0.667159 -41.2244 3.40543
0 0 900 16.9653 1.40632 -13.8551 -2.51404 -42.1021 3.12617
0 0 901 16.3886 -1.87621 -12.0713 1.43734 -49.4173 3.56368
0 0 902 18.0513 -0.508748 -15.9901 -0.148028 -45.9112 2.72135
0 0 903 20.1874 1.19454 -19.9589 -1.84762 -43.2875 2.17741
0 0 904 23.1643 -0.426273 -17.1649 -1.27199 -45.7113 2.5356
0 0 905 22.3558 1.00149 -20.5219 -1.0098 -43.6031 2.11894
0 0 906 25.7215 3.82843 -20.6932 -0.730822 -39.7591 2.06867
0 0 907 24.9694 -0.295351 -21.9416 -0.916204 -45.3856 1.98403
0 0 908 27.5958 -0.27149 -22.1741 -2.3125 -45.3507 1.96326
0 0 909 24.3485 -0.855005 -20.0457 -0.00451432 -46.2212 2.16989
0 0 910 30.2588 -3.18188 -19.4262 -0.358766 -49.651 2.21155
0 0 911 26.2778 -1.04507 -25.4574 -0.146182 -46.1754 1.70874
0 0 912 28.0504 -0.464898 -21.4357 1.24866 -45.6212 2.03056
0 0 913 28.934 0.437328 -21.2871 -3.25367 -44.4115 2.04479
0 0 914 28.4929 -0.95858 -21.382 -3.47599 -46.2835 2.03409
0 0 915 27.8931 -3.24126 -22.0565 -0.328622 -49.18 1.95281
0 0 916 29.1041 -1.173 -18.5904 -1.11653 -46.8052 2.33723
0 0 917 31.9608 -0.333823 -21.3108 0.533796 -45.4487 2.04269
0 0 918 33.4642 -1.52167 -22.9477 -1.87963 -46.8969 1.89304
0 0 919 34.5083 -0.167807 -21.7848 -0.0849109 -45.2207 1.99843
0 0 920 38.4693 -1.93988 -24.644 0.941453 -47.2504 1.76116
0 0 921 36.7619 -5.08699 -21.9805 -0.969907 -51.5153 1.92949
0 0 922 38.8315 -5.68976 -24.6507 -0.698506 -51.4986 1.72072
0 0 923 42.101 -2.5863 -21.7161 -1.00455 -48.3959 1.99069
0 0 924 48.1899 -3.50522 -19.8022 -1.42088 -50.019 2.1648
0 0 925 52.9951 -2.44901 -22.4389 -0.682073 -48.1143 1.92874
0 0 926 58.9623 -1.8772 -21.2136 2.47093 -47.5285 2.04428
0 0 927 63.2734 -3.91553 -17.6372 -2.15005 -51.2585 2.40956
0 0 928 68.1244 -3.35247 -13.6815 -1.29035 -51.8841 3.09036
0 0 929 74.695 -0.990253 -9.0151 0.0590715 -48.1342 4.80032
0 0 930 80.9571 -0.40733 -4.50973 -1.1201 0 0
0 0 931 87.392 -0.623993 2.60137 -2.63934 0 0
0 0 932 99.0417 -0.165287 10.6102 -1.96265 45.4462 4.10277
0 0 933 108.731 6.90312 14.5324 1.98064 32.2958 2.70503
0 0 934 116.987 8.49483 24.3891 1.52236 35.3983 1.68539
0 0 935 130.081 7.71707 31.7211 0.8687 38.1634 1.33344
0 0 936 143.84 12.8698 37.3999 3.80216 35.5055 1.1005
0 0 937 155.601 14.4105 49.3442 3.04272 36.86 0.846794
0 0 938 167.611 14.7279 56.3529 4.9326 37.6766 0.747369
0 0 939 176.579 18.058 63.447 2.68621 37.0564 0.659879
0 0 940 186.607 22.922 67.0938 6.9153 35.5689 0.613916
0 0 941 188.02 23.2547 73.0138 1.43492 36.1667 0.568053
0 0 942 192.881 24.8848 73.9299 1.17098 35.6984 0.558007
0 0 943 191.56 24.0511 70.153 4.62663 35.5382 0.586928
0 0 944 187.672 21.8366 68.5489 0.820966 36.1652 0.605042
0 0 945 185.605 20.9975 61.4506 3.77259 35.5674 0.670282
0 0 946 177.151 21.5249 58.0001 0.235528 34.8196 0.703558
0 0 947 167.641 19.5154 47.7268 0.437399 33.8802 0.844101
0 0 948 156.024 15.9872 43.918 2.07013 34.9987 0.931297
0 0 949 149.28 11.6061 37.6534 0.612699 36.4344 1.10475
0 0 950 141.454 12.7688 30.7999 0.332013 33.7412 1.30538
0 0 951 132.038 12.3832 28.0092 -0.658021 33.0746 1.42116
0 0 952 124.458 9.61207 20.9916 -1.14411 32.6985 1.88505
0 0 953 117.322 5.53657 18.3224 -0.881776 36.5932 2.27419
0 0 954 111.409 3.96587 15.1211 0.520817 37.6519 2.78465
0 0 955 105.005 3.63791 13.9855 -1.69696 37.7097 3.01235
0 0 956 99.8621 2.31389 11.5301 0.558357 39.3263 3.7018
0 0 957 95.7096 3.20969 4.32467 -2.57313 26.7089 8.07803
0 0 958 93.3342 2.67798 4.97956 -1.58636 30.8644 7.69664
0 0 959 89.173 3.72919 3.70601 0.00736554 22.4107 8.27236
0 0 960 83.3237 0.459709 3.47947 -1.5201 0 0
0 0 961 83.508 -1.13035 -0.0835968 -2.46641 0 0
0 0 962 80.5787 0.469936 -0.632142 1.25038 0 0
0 0 963 75.0031 -1.89746 -1.47053 -1.01493 0 0
0 0 964 74.5389 -3.77523 -2.23529 1.70573 0 0
0 0 965 75.5726 0.120136 -1.47755 -1.45024 0 0
0 0 966 70.6557 -2.3552 -2.86471 -2.45343 0 0
0 0 967 68.5931 -0.437637 -5.89629 -0.412032 -47.1224 7.36341
0 0 968 66.4755 -3.50534 -4.5908 -2.57406 -63.6819 7.53177
0 0 969 63.6517 -3.00459 -3.88107 -4.48228 0 0
0 0 970 62.5588 -2.08804 -6.52706 -2.73002 -53.8699 6.35182
0 0 971 60.39 -2.07171 -6.09577 -6.22026 -54.3854 6.76082
0 0 972 59.9181 -5.7086 -5.54592 -6.83963 -67.9141 5.46439
0 0 973 59.776 -5.57004 -3.75861 -4.25054 -72.9945 6.47
0 0 974 56.9299 -7.11068 -4.21058 -3.34219 -74.6841 5.26038
0 0 975 49.8167 -2.67041 -6.03025 -4.08068 -56.9427 6.59919
0 0 976 51.4024 -4.48169 -6.74775 -4.59067 -61.7956 5.37122
0 0 977 50.8274 -4.15762 -5.53661 -6.16089 -63.452 6.28329
0 0 978 48.1738 -6.73079 -4.03784 -3.21781 -74.5201 5.5384
0 0 979 47.5141 -8.52753 -4.14068 -5.94976 -77.0502 4.58504
0 0 980 44.9407 -4.12988 -4.4272 -4.58301 -66.505 7.18406
0 0 981 42.508 -4.37078 -4.71968 -4.15996 -66.401 6.76169
0 0 982 38.1723 -3.37772 -4.03657 -6.59609 -64.961 8.26471
0 0 983 35.7459 -8.87061 -2.96624 -5.34276 -80.7553 4.64607
0 0 984 35.4393 -3.6052 -4.00561 -3.00044 -65.9942 8.07129
0 0 985 31.7785 -3.92895 -2.63555 -3.76371 0 0
0 0 986 31.751 -5.76687 -4.54478 -5.22398 -70.8795 5.92196
0 0 987 30.6076 -3.58038 -4.30915 -6.19668 -64.8612 7.76447
0 0 988 29.9608 -4.34182 -3.42947 -3.29947 -70.848 7.85883
0 0 989 29.743 -5.46522 -4.39198 -3.97685 -70.6069 6.20181
0 0 990 27.3772 -4.48624 -1.43583 -5.32825 0 0
0 0 991 24.9761 -5.19773 -0.545326 -5.04242 -87.0053 8.31352
0 0 992 23.907 -5.85957 -3.12716 -4.36197 -75.9559 6.54451
0 0 993 21.7998 -7.163 -1.91245 -6.59524 -82.5256 5.86109
0 0 994 23.1111 -6.98398 -3.72389 -2.98412 -75.9666 5.49194
0 0 995 19.8663 -7.26705 -3.31135 -5.37478 -77.7514 5.44244
0 0 996 20.6875 -7.62131 -1.59046 -3.22881 -84.1062 5.58107
0 0 997 20.3877 -6.54086 -1.54017 -2.97471 -83.375 6.46637
0 0 998 20.6847 -5.94225 -3.44311 -3.47447 -74.9554 6.32964
0 0 999 16.7709 -5.01881 -0.0663899 -2.56741 0 0
0 0 1000 18.5871 -5.10799 -4.14639 -4.21425 -70.4661 6.6093
0 0 1001 17.6829 -3.28992 -4.36525 -0.851782 -63.502 7.95887
0 0 1002 13.6561 -6.81092 -3.82807 -2.47245 -75.3309 5.56369
0 0 1003 14.7124 -5.11544 -3.0198 -1.82225 -74.7227 7.31795
0 0 1004 13.5869 -3.72983 -1.52469 -2.15832 0 0
0 0 1005 13.2341 -7.10871 -1.99036 -2.61354 -82.1792 5.88642
0 0 1006 9.80058 -4.95121 0.377876 -1.27919 0 0
0 0 1007 13.6528 -5.79469 -3.62828 -2.50011 -73.9739 6.35857
0 0 1008 9.17434 -2.78026 -1.8706 -2.08508 0 0
0 0 1009 11.1641 -3.56411 -0.879991 -0.041401 0 0
0 0 1010 8.68548 -3.85432 -0.470322 -0.110309 0 0
0 0 1011 7.76822 -4.5288 -1.57622 1.51937 0 0
0 0 1012 8.96242 -1.44353 0.0862393 0.334101 0 0
0 0 1013 7.98854 -6.85316 -0.307625 -0.0617227 -88.7149 6.33345
0 0 1014 9.62732 -2.93762 -0.869327 1.82527 0 0
0 0 1015 11.1704 -0.447069 -1.90604 -0.453669 0 0
0 0 1016 7.99421 -1.84517 -1.99935 0.453482 0 0
0 0 1017 7.86984 -2.12708 -1.18451 -3.18138 0 0
0 0 1018 5.2367 -1.80128 -0.760838 -2.3292 0 0
0 0 1019 7.25812 -3.63405 1.30082 -0.31109 0 0
0 0 1020 5.74399 -2.84548 -0.0584235 1.07362 0 0
0 0 1021 5.97569 -1.24813 -3.19191 0.907813 0 0
0 0 1022 4.58829 0.467644 0.339668 -0.333243 0 0
0 0 1023 5.26716 0.894007 -0.788806 -1.51843 0 0
