# File: uwl_190626_105234_b4.rf.sbD2.RMC_aux Src: J1713+0747 Nsub: 1 Nch: 1 Npol: 4 Nbin: 1024 RMS: 1.10101
0 0 0 -1.13477 1.30062 0.668419 0.0792465 0 0
0 0 1 2.32419 1.81945 -0.240976 1.27706 0 0
0 0 2 2.40351 0.188697 -0.390567 0.00548588 0 0
0 0 3 0.289065 1.9799 -1.36348 0.139292 0 0
0 0 4 -0.745332 -0.589074 -1.71605 0.1236 0 0
0 0 5 -0.737711 0.496794 -0.994517 0.326066 0 0
0 0 6 1.29657 -1.11905 -0.640811 1.64224 0 0
0 0 7 1.09482 1.68011 -2.5501 -0.500129 0 0
0 0 8 0.343646 1.00219 0.482376 1.94385 0 0
0 0 9 -0.57141 -1.1432 0.632444 2.1709 0 0
0 0 10 -0.321772 0.840947 -0.0378083 0.654814 0 0
0 0 11 -0.642303 -1.62456 1.90542 -1.92583 0 0
0 0 12 1.5346 -1.29453 -1.81223 -0.766568 0 0
0 0 13 -0.27614 0.0208261 1.00458 0.503657 0 0
0 0 14 -0.425533 0.514504 -2.31303 0.269339 0 0
0 0 15 0.450479 0.983769 1.29974 -0.0410834 0 0
0 0 16 -0.208014 -1.09248 -0.528731 -1.66204 0 0
0 0 17 0.544636 -1.95185 1.71465 -2.15261 0 0
0 0 18 -0.133758 0.458546 -1.28862 1.68487 0 0
0 0 19 -0.276885 0.295808 0.241502 -0.646675 0 0
0 0 20 -2.13944 -0.626388 -1.06159 -0.663032 0 0
0 0 21 0.605317 2.4477 0.434622 0.387037 0 0
0 0 22 1.48978 0.247735 2.26823 1.60523 0 0
0 0 23 -0.477393 -1.02223 -1.47225 0.40166 0 0
0 0 24 -0.11639 4.10216 -0.6642 0.905099 -4.59861 8.35807
0 0 25 -1.32556 0.195814 1.37772 -0.0978544 0 0
0 0 26 0.371751 -0.33859 -1.04914 -2.1621 0 0
0 0 27 0.95963 0.289702 -0.212088 0.37033 0 0
0 0 28 1.38533 1.67449 0.0606648 -0.258974 0 0
0 0 29 -0.285309 0.0585094 -0.514032 -0.567774 0 0
0 0 30 -1.36815 -1.40891 -0.195705 -1.28149 0 0
0 0 31 -0.750478 -0.11084 0.344104 -0.936894 0 0
0 0 32 -0.868858 -0.223846 2.67499 -0.405916 0 0
0 0 33 0.646093 0.562846 -0.534706 -1.27031 0 0
0 0 34 0.53052 -0.984399 -3.07003 0.276448 0 0
0 0 35 0.21933 0.464477 -1.2386 0.818716 0 0
0 0 36 0.601133 1.13633 0.440959 1.53392 0 0
0 0 37 -0.214468 -0.95572 0.792331 1.29223 0 0
0 0 38 0.4745 0.803244 -1.23975 -2.45181 0 0
0 0 39 -1.87957 -0.914345 -0.878756 -0.383 0 0
0 0 40 -1.0891 -1.44127 -0.648048 0.18917 0 0
0 0 41 -1.23586 -0.927517 0.233352 0.596397 0 0
0 0 42 0.00995162 0.922512 3.02958 1.66177 0 0
0 0 43 -1.45513 -1.11096 0.475582 -0.544116 0 0
0 0 44 0.0048903 0.0561903 -0.169177 1.45754 0 0
0 0 45 0.0940564 0.711822 -0.806622 -0.98695 0 0
0 0 46 0.606136 0.193427 -0.376262 -0.648673 0 0
0 0 47 -1.23861 2.0578 1.22695 -0.694137 0 0
0 0 48 -1.16207 -1.43042 -0.860588 1.26944 0 0
0 0 49 0.426554 -0.477407 -0.804461 0.383064 0 0
0 0 50 -1.79947 1.09434 0.575062 0.117692 0 0
0 0 51 -1.41839 -0.228855 0.42776 -1.08844 0 0
0 0 52 -0.263502 -1.05218 2.07424 0.262875 0 0
0 0 53 0.740131 0.676067 -0.868647 1.00614 0 0
0 0 54 1.46006 -0.253031 -1.23576 -1.65547 0 0
0 0 55 -0.492129 1.89787 -0.369179 -0.775217 0 0
0 0 56 0.862048 -0.48532 -0.075299 0.84362 0 0
0 0 57 -0.440045 -0.946127 1.64648 0.290802 0 0
0 0 58 -0.931917 0.587831 0.157589 0.70707 0 0
0 0 59 1.48512 -1.42219 0.393568 0.199264 0 0
0 0 60 0.559251 -0.0258579 -0.99711 -0.142667 0 0
0 0 61 0.315193 1.77935 1.4778 -0.707355 0 0
0 0 62 -0.20976 -1.37035 -0.438635 -0.178251 0 0
0 0 63 1.50821 0.337002 1.71608 -0.274264 0 0
0 0 64 2.45659 0.324478 -1.57568 1.16321 0 0
0 0 65 -1.14867 -1.3058 1.44291 2.16972 0 0
0 0 66 0.538812 3.81349 -0.385248 -0.135589 0 0
0 0 67 -0.217815 -0.551145 1.62052 -1.23474 0 0
0 0 68 0.487946 -1.28038 4.17018 -0.0923532 53.5341 8.00704
0 0 69 0.22986 -1.04079 0.673953 2.69162 0 0
0 0 70 -2.17743 0.551107 0.942664 -0.575932 0 0
0 0 71 -1.93458 0.0370759 0.378954 0.52988 0 0
0 0 72 1.2086 -2.32385 1.29709 1.30435 0 0
0 0 73 2.09794 0.00478411 -0.641589 0.215587 0 0
0 0 74 0.801797 -1.77067 -0.55854 2.09069 0 0
0 0 75 -0.283477 1.31933 -1.99479 -0.224438 0 0
0 0 76 -0.837135 -1.59196 1.44725 -0.814931 0 0
0 0 77 -1.03747 0.966206 0.677792 -1.10477 0 0
0 0 78 0.0199643 -0.550918 -0.384396 -1.13425 0 0
0 0 79 -1.43048 -0.902704 -0.0920781 1.50406 0 0
0 0 80 0.811748 -1.93317 -4.19334 0.0978009 -57.3751 7.56028
0 0 81 0.486488 0.822033 -2.59045 0.060019 0 0
0 0 82 -0.0641648 1.03839 0.660087 -0.221342 0 0
0 0 83 1.28241 -1.12552 0.140382 -0.968487 0 0
0 0 84 0.384639 0.569349 0.949854 -1.57447 0 0
0 0 85 -1.37835 -0.0255941 -0.929138 1.97757 0 0
0 0 86 -0.0284972 -1.2231 1.77319 -0.513187 0 0
0 0 87 0.412544 -0.490857 -0.229857 0.955913 0 0
0 0 88 -0.258707 -0.835886 0.282959 -0.0729539 0 0
0 0 89 -1.39938 -0.234453 -1.05392 0.854359 0 0
0 0 90 -0.861004 0.153949 -0.473887 0.189026 0 0
0 0 91 -0.652783 1.68083 -0.941856 -0.210347 0 0
0 0 92 1.0714 0.1828 1.21549 1.26913 0 0
0 0 93 -0.856491 2.31756 -0.818351 1.16382 0 0
0 0 94 -0.684605 -0.678824 0.0665868 0.78567 0 0
0 0 95 -1.71084 0.459023 -0.402092 0.641935 0 0
0 0 96 0.300723 -1.80643 0.836953 0.500498 0 0
0 0 97 1.03028 -0.060175 0.261456 -1.32802 0 0
0 0 98 -0.884075 0.549822 -0.518599 -0.885743 0 0
0 0 99 0.256679 1.28342 1.39752 -1.03161 0 0
0 0 100 0.595601 -1.16195 -0.79998 -1.13331 0 0
0 0 101 0.222732 0.185244 -0.273459 -0.336091 0 0
0 0 102 0.646911 -1.06864 0.37342 0.970968 0 0
0 0 103 -0.454318 -1.86267 0.515844 0.474286 0 0
0 0 104 -1.65209 0.13889 -1.79795 2.07464 0 0
0 0 105 0.308737 0.31258 -0.528834 -0.381602 0 0
0 0 106 1.17329 2.77956 0.841653 -0.0402128 0 0
0 0 107 -0.73456 2.20178 0.913526 -0.539326 0 0
0 0 108 0.0580213 0.702402 0.55803 -0.0435475 0 0
0 0 109 -0.521297 0.789485 -1.36223 -0.841847 0 0
0 0 110 0.191776 1.0916 -0.0156063 0.78402 0 0
0 0 111 0.407534 1.17656 0.684859 0.452875 0 0
0 0 112 2.69653 0.771973 -0.131888 -1.09831 0 0
0 0 113 0.236092 -2.3842 0.289679 -0.578443 0 0
0 0 114 0.474279 0.513255 -0.307847 0.768386 0 0
0 0 115 1.19438 0.990989 1.10169 1.6213 0 0
0 0 116 0.471586 0.200094 0.393936 1.43842 0 0
0 0 117 3.58949 1.28191 1.44124 0.267189 0 0
0 0 118 1.23781 1.7317 2.81595 -0.125245 0 0
0 0 119 -0.178695 1.24784 0.0286099 -3.61255 0 0
0 0 120 -0.732218 -1.88053 -1.50263 -0.758665 0 0
0 0 121 1.03897 0.494824 -0.478788 -0.227581 0 0
0 0 122 -0.87042 2.4156 0.145108 -0.894114 0 0
0 0 123 1.74104 -1.09863 -0.284613 -2.64114 0 0
0 0 124 1.00144 1.78752 0.971112 -2.30043 0 0
0 0 125 -0.46348 0.413456 1.17231 1.00854 0 0
0 0 126 0.560382 -0.476921 0.803087 -1.44018 0 0
0 0 127 0.593891 -1.40083 -0.832521 -1.08664 0 0
0 0 128 1.8108 -0.801238 -2.77858 2.25382 0 0
0 0 129 0.155073 0.760235 -0.522734 0.823978 0 0
0 0 130 2.66805 1.01395 -0.209722 0.676151 0 0
0 0 131 -0.84019 0.281871 -1.94129 3.15613 0 0
0 0 132 0.201055 -0.348366 0.183124 0.579042 0 0
0 0 133 -1.09955 -1.493 1.04426 -1.47608 0 0
0 0 134 -0.639863 -1.2281 0.887729 -0.539802 0 0
0 0 135 -0.344094 2.15631 -0.893582 0.109014 0 0
0 0 136 -1.16667 -0.431387 0.729696 -0.243025 0 0
0 0 137 -1.05713 0.399577 1.01766 -1.29897 0 0
0 0 138 -2.18163 1.55765 2.51205 -1.24364 0 0
0 0 139 0.32716 0.136975 1.38977 -1.95359 0 0
0 0 140 0.305909 -0.712746 -0.797276 -0.633417 0 0
0 0 141 0.068646 1.2752 -0.124554 -0.751756 0 0
0 0 142 0.0299254 -1.38335 -3.04525 0.691344 0 0
0 0 143 0.199334 -1.19433 0.0897095 0.812362 0 0
0 0 144 0.833159 -0.0374469 -1.92832 -0.443724 0 0
0 0 145 1.39087 -0.638105 1.89287 -1.82215 0 0
0 0 146 -1.17513 -1.1193 1.29124 -0.0689481 0 0
0 0 147 -1.11603 1.117 -0.277783 0.0738766 0 0
0 0 148 -0.895282 0.532583 0.0234982 -1.90099 0 0
0 0 149 -0.486701 1.58527 -0.240683 0.517748 0 0
0 0 150 -1.09336 -0.0102668 -1.14125 -1.28894 0 0
0 0 151 1.83066 -1.46535 0.64197 0.404477 0 0
0 0 152 3.2253 0.985039 0.522795 -0.414305 0 0
0 0 153 -2.00419 -0.0706881 -1.42725 1.66209 0 0
0 0 154 -0.182583 -0.46915 0.284815 0.537229 0 0
0 0 155 -0.555161 -0.538852 -0.0113137 2.58575 0 0
0 0 156 0.291392 -1.70161 -1.02829 1.20688 0 0
0 0 157 -0.665892 -0.83081 -0.1021 -1.30018 0 0
0 0 158 0.0105225 0.368543 -0.0811215 -0.494369 0 0
0 0 159 0.00403538 0.104471 -1.93582 0.370762 0 0
0 0 160 -1.29647 -1.51135 -0.413367 -0.237829 0 0
0 0 161 0.791603 -0.586968 1.16581 -0.844447 0 0
0 0 162 -0.284106 -1.59766 -1.11306 -1.90047 0 0
0 0 163 2.11589 1.34763 0.178883 0.571652 0 0
0 0 164 -0.9429 2.0236 1.44022 0.501223 0 0
0 0 165 -1.4618 1.57305 -0.455194 -0.860517 0 0
0 0 166 -0.998505 -2.35865 -0.295395 -0.124439 0 0
0 0 167 0.395795 0.0423388 0.179603 1.19881 0 0
0 0 168 2.52572 0.697368 -1.30618 -2.15635 0 0
0 0 169 0.560065 0.224577 -1.02226 0.910693 0 0
0 0 170 -0.752207 3.30974 -0.667922 -0.20242 0 0
0 0 171 0.223784 0.956819 -0.687089 0.596996 0 0
0 0 172 -1.0116 0.215639 0.9602 -0.0867273 0 0
0 0 173 -0.66151 -1.14959 -1.53204 1.24078 0 0
0 0 174 -0.0381256 -1.94792 -0.845835 0.931483 0 0
0 0 175 0.516305 0.0402922 2.16035 0.717768 0 0
0 0 176 -1.22384 -2.112 0.349848 0.639605 0 0
0 0 177 1.02332 -1.10365 -1.65507 1.52683 0 0
0 0 178 -1.02934 -1.97512 -0.371908 -0.532738 0 0
0 0 179 -0.828921 1.03418 0.76608 0.0706876 0 0
0 0 180 1.00629 0.225939 0.351097 1.28723 0 0
0 0 181 -0.474236 0.960453 -1.67842 -1.45248 0 0
0 0 182 0.134006 1.10135 -1.87777 0.54365 0 0
0 0 183 1.88729 0.983266 -1.3253 -1.18702 0 0
0 0 184 0.638278 1.92048 0.448426 1.18355 0 0
0 0 185 1.10136 -0.702112 0.0634265 -1.66567 0 0
0 0 186 1.09569 -0.487904 0.384825 0.514875 0 0
0 0 187 0.00153396 0.235178 1.4591 1.75148 0 0
0 0 188 0.995524 -0.254294 1.82633 1.62511 0 0
0 0 189 1.62582 -0.349102 1.59239 -0.864016 0 0
0 0 190 -0.52071 -0.36235 0.406568 0.12338 0 0
0 0 191 0.763231 1.36906 0.145274 0.0925725 0 0
0 0 192 0.957197 1.13204 -1.18074 -1.32793 0 0
0 0 193 -1.10844 1.57536 -2.93251 0.402506 0 0
0 0 194 -0.459191 -0.144561 -0.743176 0.209368 0 0
0 0 195 -0.67296 1.69292 1.86248 -0.824772 0 0
0 0 196 2.32923 -0.667085 -0.776006 0.942796 0 0
0 0 197 -0.917272 0.860536 -0.479504 0.204338 0 0
0 0 198 1.03377 0.703108 -2.0684 -1.07595 0 0
0 0 199 1.16948 0.631721 2.10228 2.71293 0 0
0 0 200 0.33469 -0.107493 0.0818001 1.10835 0 0
0 0 201 2.06228 -0.515256 -1.4311 0.452865 0 0
0 0 202 -0.0011154 0.378019 -0.595199 1.87361 0 0
0 0 203 -1.66313 0.689816 0.0910733 1.19372 0 0
0 0 204 0.070838 -0.0152136 0.575467 -2.23908 0 0
0 0 205 -0.402531 2.43487 0.51823 -0.218848 0 0
0 0 206 -0.642062 -0.418397 1.91064 1.28576 0 0
0 0 207 -0.105251 1.34479 -0.364987 -1.23769 0 0
0 0 208 -1.1788 -1.16526 0.385277 -0.0132004 0 0
0 0 209 -0.532771 0.178264 0.0838692 -1.22364 0 0
0 0 210 0.670751 0.719056 -0.613874 1.91481 0 0
0 0 211 0.7753 1.11604 0.694786 1.39555 0 0
0 0 212 2.46035 1.83167 3.05707 0.121841 0 0
0 0 213 0.233598 0.499916 -1.2705 1.16192 0 0
0 0 214 0.245907 -0.895555 -0.403445 -0.5108 0 0
0 0 215 -0.665289 1.52751 -1.40015 -0.36842 0 0
0 0 216 -0.225326 0.551759 -1.23888 -1.69404 0 0
0 0 217 -0.394956 -1.88335 0.325774 -1.47617 0 0
0 0 218 1.27279 1.02307 2.5059 -0.544355 0 0
0 0 219 1.06092 -1.31135 0.886581 1.45432 0 0
0 0 220 -0.125055 1.51596 1.8014 1.43329 0 0
0 0 221 0.0289971 -0.021927 0.507492 -0.371051 0 0
0 0 222 -0.299586 0.101664 1.46614 -0.29776 0 0
0 0 223 -0.611894 -0.673935 -0.903138 0.816829 0 0
0 0 224 -1.07016 1.27669 0.327654 0.479163 0 0
0 0 225 0.87303 -0.771557 -0.241297 -1.29792 0 0
0 0 226 -1.25101 0.581327 -0.243046 -1.15226 0 0
0 0 227 -1.44169 0.763774 1.06074 -0.379247 0 0
0 0 228 0.795724 -0.516413 0.178663 1.49544 0 0
0 0 229 0.724657 0.0424547 -1.93934 -1.18604 0 0
0 0 230 -0.237124 1.26016 2.68085 -1.77275 0 0
0 0 231 1.32558 -2.227 1.15301 -1.99844 0 0
0 0 232 0.650323 3.42862 -1.46579 -1.96742 0 0
0 0 233 -0.502043 1.80705 -1.38662 -1.25687 0 0
0 0 234 0.0660637 1.17518 -0.153567 -2.34403 0 0
0 0 235 -0.0332983 1.93918 2.12665 -1.79345 0 0
0 0 236 -0.0664926 -0.301514 -0.843168 -1.04817 0 0
0 0 237 0.729489 0.663511 -1.17067 0.562155 0 0
0 0 238 -0.675886 -0.0998293 -0.165519 -2.48698 0 0
0 0 239 -1.41963 0.781743 -2.55794 -1.05482 0 0
0 0 240 2.34021 0.820561 0.0962667 -0.149099 0 0
0 0 241 1.38406 -2.28336 0.179157 0.0750821 0 0
0 0 242 0.110593 -0.700124 -0.520758 -1.11072 0 0
0 0 243 1.6495 -0.0606179 1.40038 -0.00471808 0 0
0 0 244 -0.458225 2.57577 0.484606 -0.445806 0 0
0 0 245 0.832105 1.59429 -0.232344 -0.348304 0 0
0 0 246 -0.236915 -0.468251 0.396574 0.740646 0 0
0 0 247 0.147427 0.531223 -0.577446 0.78648 0 0
0 0 248 0.270628 0.379698 -0.0584472 -0.165169 0 0
0 0 249 1.65361 1.63255 -1.06679 -0.58202 0 0
0 0 250 -0.559028 2.53257 -0.817821 1.93408 0 0
0 0 251 1.18174 0.553216 -0.226126 -0.649609 0 0
0 0 252 -0.228864 -0.334319 -0.178072 2.23899 0 0
0 0 253 -1.1836 0.631434 -0.529093 1.13359 0 0
0 0 254 0.593843 -0.695521 -0.964785 0.00494508 0 0
0 0 255 -2.69723 0.138483 -1.78824 -0.374959 0 0
0 0 256 1.50257 1.23692 0.933397 1.61706 0 0
0 0 257 -1.12374 -1.91055 -1.84721 -1.10123 0 0
0 0 258 0.00612748 1.60985 -0.660463 -1.61977 0 0
0 0 259 -0.176214 -1.86892 0.655937 -0.699322 0 0
0 0 260 -1.25716 0.284858 2.03055 0.404484 0 0
0 0 261 0.405896 -0.16551 -0.0737145 1.58335 0 0
0 0 262 0.712953 0.193054 -1.75444 2.05928 0 0
0 0 263 0.725948 0.371811 1.39463 -0.134782 0 0
0 0 264 -0.699696 -0.557182 -1.48564 1.12372 0 0
0 0 265 1.15854 0.453309 -1.73058 0.186863 0 0
0 0 266 -0.409614 -0.465461 0.234071 1.65993 0 0
0 0 267 0.499258 -0.302978 -0.582187 -0.169723 0 0
0 0 268 0.310646 1.82305 -0.372223 1.32793 0 0
0 0 269 -0.846202 1.49182 1.16019 -1.16848 0 0
0 0 270 1.3747 0.294378 2.04028 0.689434 0 0
0 0 271 -0.891971 1.82381 0.243245 0.0245247 0 0
0 0 272 -1.73429 -0.284456 -1.88753 0.408177 0 0
0 0 273 -0.887515 -0.239965 0.432814 -0.0737517 0 0
0 0 274 0.558944 -0.416255 2.73843 1.02447 0 0
0 0 275 1.63978 2.75 1.74985 0.531882 0 0
0 0 276 -0.429389 1.63765 -0.392373 -0.522253 0 0
0 0 277 1.93008 -0.629457 -1.53255 1.33814 0 0
0 0 278 1.78851 -1.42707 0.0632025 -1.69152 0 0
0 0 279 1.77178 -0.396281 0.619273 0.704152 0 0
0 0 280 0.537076 0.318504 -2.2547 -0.777751 0 0
0 0 281 -0.463994 1.91182 0.453976 0.23029 0 0
0 0 282 0.657242 1.04083 1.14897 1.75521 0 0
0 0 283 -0.0759227 1.37164 -1.57727 -2.44658 0 0
0 0 284 1.41022 -0.854615 -2.24776 0.711407 0 0
0 0 285 -1.50595 1.86336 1.17217 -0.474003 0 0
0 0 286 0.544739 2.10702 -0.577038 -0.554321 0 0
0 0 287 -1.97829 0.245096 1.05771 -1.44088 0 0
0 0 288 0.195814 -0.0123028 -0.402245 -1.80317 0 0
0 0 289 -1.21309 1.21645 1.86271 -0.33726 0 0
0 0 290 -1.71499 -0.592482 -2.03951 0.395036 0 0
0 0 291 0.759138 0.550244 -0.668102 -1.76087 0 0
0 0 292 -2.12003 -0.784296 -2.40991 -0.362637 0 0
0 0 293 -1.62429 0.797 0.0115404 -0.0923956 0 0
0 0 294 -0.316871 2.48689 -0.529325 -0.217731 0 0
0 0 295 0.666913 2.17047 -1.40523 -0.957184 0 0
0 0 296 1.1756 1.40819 -1.51873 0.335796 0 0
0 0 297 1.03181 0.646782 0.165585 -0.540343 0 0
0 0 298 0.381198 0.324191 -1.34805 -0.798745 0 0
0 0 299 2.25254 0.162266 0.798795 -0.202489 0 0
0 0 300 -0.452152 -1.62114 2.37975 0.038868 0 0
0 0 301 -0.759507 -2.98009 -0.031219 -3.0178 0 0
0 0 302 -0.51511 -0.412472 0.977151 -0.200554 0 0
0 0 303 -0.253229 0.433884 -0.476426 0.435761 0 0
0 0 304 0.52284 0.699127 -0.525591 -1.37086 0 0
0 0 305 0.843561 1.03669 -2.39837 1.88113 0 0
0 0 306 1.56101 -0.31269 0.49517 -2.09976 0 0
0 0 307 1.65158 0.04615 1.14709 -0.337262 0 0
0 0 308 0.599962 0.479817 0.573454 0.747662 0 0
0 0 309 2.98105 -0.0841597 -0.244151 0.509343 0 0
0 0 310 -0.488137 -0.439357 1.68007 -1.17065 0 0
0 0 311 1.9243 1.00638 0.639524 0.733919 0 0
0 0 312 -0.609486 -0.712892 1.0715 0.402824 0 0
0 0 313 0.956114 -0.236828 -1.05125 2.02798 0 0
0 0 314 1.46351 -1.29661 0.430335 -2.06865 0 0
0 0 315 2.01806 -0.136228 -0.479125 1.99669 0 0
0 0 316 -0.707949 1.2073 0.639687 -1.16684 0 0
0 0 317 0.963898 -0.347969 -0.536276 -1.09563 0 0
0 0 318 -0.144015 1.02249 -3.504 -0.72235 0 0
0 0 319 1.07061 0.978449 1.65481 1.77734 0 0
0 0 320 0.385697 -0.132367 0.283789 -1.51425 0 0
0 0 321 -0.714334 0.378885 -0.148602 -0.22761 0 0
0 0 322 1.20795 0.69965 -1.0789 0.267275 0 0
0 0 323 0.359732 1.04846 -2.42735 -1.14411 0 0
0 0 324 -1.68353 -0.169368 0.732996 0.0929049 0 0
0 0 325 1.28139 -1.29892 -1.91378 -1.72842 0 0
0 0 326 2.04007 0.766653 -0.0582655 1.02958 0 0
0 0 327 0.186754 0.814109 -0.514166 -0.317913 0 0
0 0 328 -1.5943 0.68732 0.595909 -1.07132 0 0
0 0 329 0.291594 0.12625 -1.51146 1.58588 0 0
0 0 330 1.20258 1.19997 -1.08366 2.15189 0 0
0 0 331 -0.817056 -2.72643 -2.35307 1.76708 0 0
0 0 332 0.435654 2.12858 1.98584 2.51083 0 0
0 0 333 0.496443 0.513078 -1.93573 -0.523443 0 0
0 0 334 0.30907 -0.172604 1.43643 -0.381679 0 0
0 0 335 -0.149601 -1.74189 -0.51124 2.02559 0 0
0 0 336 -1.20166 0.821096 -1.30674 -0.207455 0 0
0 0 337 1.53833 -0.799925 0.589546 -0.139522 0 0
0 0 338 -1.36641 0.233719 -1.03435 0.664855 0 0
0 0 339 0.10062 -0.318985 1.15521 -1.66248 0 0
0 0 340 1.66444 -1.59745 -0.0565072 2.45094 0 0
0 0 341 1.64829 0.695119 0.618691 -0.655584 0 0
0 0 342 -0.042608 -0.21871 0.912866 0.880177 0 0
0 0 343 0.345717 -1.29558 1.17722 -1.9488 0 0
0 0 344 -0.142805 -1.35126 0.32946 -0.936256 0 0
0 0 345 0.34167 -0.0885567 0.947798 -0.422513 0 0
0 0 346 0.181313 -0.0578339 -0.85934 0.534464 0 0
0 0 347 2.62923 0.0644222 -0.229743 0.390687 0 0
0 0 348 0.0128224 -1.16146 -3.44514 0.123859 0 0
0 0 349 -1.51106 0.944066 0.106843 -0.388602 0 0
0 0 350 0.883575 -1.64865 -1.11734 3.29788 0 0
0 0 351 1.88043 -1.63052 -1.13816 0.453494 0 0
0 0 352 -0.470426 0.436155 0.701764 0.0300078 0 0
0 0 353 -1.54918 -1.33246 -1.69358 -0.289071 0 0
0 0 354 1.71644 -1.2288 1.01908 -0.396125 0 0
0 0 355 -0.330328 -1.50474 1.31695 2.40154 0 0
0 0 356 0.133913 2.16919 -1.83331 2.14261 0 0
0 0 357 -0.790556 -2.22689 0.574196 0.0898903 0 0
0 0 358 1.31511 -1.38128 -0.678501 1.28849 0 0
0 0 359 -0.380233 1.82365 -1.05872 1.22238 0 0
0 0 360 0.237479 0.220677 0.776416 -2.92624 0 0
0 0 361 -1.91605 -0.297237 0.11176 1.42185 0 0
0 0 362 -0.182338 -1.87229 3.03546 1.97644 0 0
0 0 363 -0.161479 0.529817 2.38455 -0.738423 0 0
0 0 364 2.34143 1.31268 0.781641 -0.195123 0 0
0 0 365 -0.293553 -0.565354 -0.323045 -0.291357 0 0
0 0 366 1.12043 -0.605299 -1.38889 0.98134 0 0
0 0 367 1.53991 -0.326949 0.175653 -0.0152436 0 0
0 0 368 1.98068 -0.402852 -1.11078 0.433578 0 0
0 0 369 1.51369 -1.14214 -0.995128 -1.26728 0 0
0 0 370 -0.441422 -0.35521 -0.091439 -0.913841 0 0
0 0 371 -1.10378 1.80508 -1.67256 1.3166 0 0
0 0 372 0.112557 -0.480718 -2.34308 -1.78336 0 0
0 0 373 -0.677698 2.3506 -2.50548 0.46203 0 0
0 0 374 1.1123 0.430697 -0.837969 -0.562818 0 0
0 0 375 0.358742 1.20753 -0.558658 0.433492 0 0
0 0 376 0.672213 0.381243 0.145757 0.52597 0 0
0 0 377 -0.573728 -0.382831 -0.877963 -1.28812 0 0
0 0 378 0.893153 -1.32837 -1.51457 0.548389 0 0
0 0 379 1.15234 3.01379 -0.326381 0.567387 0 0
0 0 380 1.75407 1.82089 -1.24495 -0.46088 0 0
0 0 381 1.62981 1.77565 -2.73114 -0.245497 0 0
0 0 382 0.390381 1.022 -2.2943 0.132155 0 0
0 0 383 -0.91591 0.477351 -1.56796 0.32783 0 0
0 0 384 1.61481 2.34396 1.97534 1.33565 0 0
0 0 385 0.961732 1.81688 -1.78297 -0.89203 0 0
0 0 386 1.84655 -0.301631 -0.669408 -0.708458 0 0
0 0 387 0.397822 1.30474 1.15104 2.18805 0 0
0 0 388 0.186695 -0.0930376 0.0616738 -0.197646 0 0
0 0 389 -1.39696 0.828193 0.245391 1.81386 0 0
0 0 390 0.299917 -1.81221 -1.58306 0.601634 0 0
0 0 391 0.87086 1.58216 -1.71124 -0.644964 0 0
0 0 392 0.757893 1.9047 -1.21739 2.78945 0 0
0 0 393 1.60473 2.11432 -1.01086 1.29227 0 0
0 0 394 0.858071 0.33861 -1.3698 -0.910895 0 0
0 0 395 1.60389 1.58967 -1.64513 2.16686 0 0
0 0 396 2.30356 0.296282 -1.63502 -0.729412 0 0
0 0 397 4.46491 1.54176 -2.41328 0.677099 0 0
0 0 398 0.482778 -0.0862268 -1.49718 2.45781 0 0
0 0 399 3.06708 0.55588 -4.64789 1.69283 -41.59 7.46529
0 0 400 5.20783 0.106289 -2.06418 0.922385 0 0
0 0 401 3.78255 3.28346 -1.37401 0.309579 0 0
0 0 402 3.25875 -0.0701414 -3.1999 0.999128 0 0
0 0 403 4.11835 2.53556 -4.53313 0.509145 -30.39 6.71837
0 0 404 4.10916 3.80747 -1.72049 -0.801243 -12.1584 8.32058
0 0 405 3.04061 2.73842 -3.39073 0.939328 -25.5375 7.99853
0 0 406 5.38567 1.9438 -3.45334 1.5547 0 0
0 0 407 3.13942 0.717783 -2.86959 -0.0189724 0 0
0 0 408 5.85006 1.21638 -3.60711 -0.301357 0 0
0 0 409 4.08352 -0.524305 -1.72668 0.755616 0 0
0 0 410 5.22426 0.00974584 -2.99916 0.772864 0 0
0 0 411 7.49762 -1.09509 -4.74057 0.52066 -51.5037 7.1807
0 0 412 3.89894 0.0398993 -3.76907 -0.341351 0 0
0 0 413 6.534 2.21148 -4.57217 -1.3578 -32.0939 6.8728
0 0 414 5.30926 3.85612 -5.53886 2.97468 -27.5773 5.16763
0 0 415 4.35925 2.81855 -2.04009 0.984403 0 0
0 0 416 3.81439 3.47844 -4.42091 -0.570226 -25.9019 6.19768
0 0 417 5.07572 2.25239 -4.8039 -0.182148 -32.4399 6.5794
0 0 418 3.56325 0.558134 -4.35615 1.30314 -41.3494 7.95687
0 0 419 5.13099 -0.124168 -4.43901 0.484472 -45.8011 7.86985
0 0 420 6.39774 1.68193 -3.49197 0.749849 0 0
0 0 421 3.55198 0.760253 -2.79971 -1.55973 0 0
0 0 422 2.96191 0.409607 -5.74536 1.5327 -42.961 6.06727
0 0 423 3.51973 1.12394 -2.91463 0.221368 0 0
0 0 424 3.38373 -1.25189 -1.64441 -0.809735 0 0
0 0 425 4.0965 -0.801685 -5.01 -1.65316 -49.5456 6.88698
0 0 426 3.40019 2.22145 -3.77552 -0.0412704 -29.7641 7.96505
0 0 427 4.6307 2.27301 -4.18651 0.451281 -30.7504 7.32572
0 0 428 4.58474 0.0952389 -4.4521 -1.0271 -44.3873 7.84802
0 0 429 3.03248 0.877867 -2.52626 0.05098 0 0
0 0 430 5.28942 0.0415077 -3.86411 0.158684 0 0
0 0 431 2.25845 -1.67612 -2.06087 -1.04166 0 0
0 0 432 5.13889 1.25778 -0.45901 -0.609013 0 0
0 0 433 3.37604 0.778643 -1.9553 1.11317 0 0
0 0 434 2.3043 1.56355 -1.4782 0.419646 0 0
0 0 435 3.88226 0.362231 -1.61182 -1.39812 0 0
0 0 436 1.63881 -0.917581 -3.5396 -0.576689 0 0
0 0 437 4.22682 -1.43423 -3.55674 1.37669 0 0
0 0 438 4.3085 0.350299 -2.94013 -0.679002 0 0
0 0 439 2.50364 0.0654402 -2.65114 -2.03372 0 0
0 0 440 2.50744 2.04495 -4.22939 -0.489969 -32.0979 7.43034
0 0 441 3.32471 -2.07373 -4.6601 -1.39044 -56.9944 6.84453
0 0 442 4.74489 2.38292 -4.02928 -0.705295 -29.7 7.45349
0 0 443 4.89148 -0.0644312 -2.55975 1.18638 0 0
0 0 444 5.50543 -0.603152 -4.94877 0.156075 -48.4744 7.00948
0 0 445 6.31577 2.17187 -2.8262 -1.94577 0 0
0 0 446 5.49152 0.963981 -3.7128 0.681315 0 0
0 0 447 4.34636 0.829449 -5.49795 -0.684067 -40.7104 6.28459
0 0 448 4.14978 -0.257706 -4.1548 1.75301 -46.7746 8.3952
0 0 449 5.41706 -0.835049 -5.15982 -0.933416 -49.5964 6.68508
0 0 450 6.39288 2.59264 -5.22048 -0.203073 -31.7948 5.98827
0 0 451 6.46406 -1.23506 -5.68474 -1.76068 -51.1288 6.00587
0 0 452 6.3551 -0.729288 -3.67917 -0.0393745 0 0
0 0 453 5.00985 1.29304 -6.48451 -0.336851 -39.3615 5.28416
0 0 454 7.29318 -0.000642538 -7.64674 -0.254391 -45.0024 4.57034
0 0 455 8.59279 0.966147 -7.21519 -0.26784 -41.1866 4.80032
0 0 456 9.9334 3.86209 -8.69894 -0.321245 -33.03 3.66809
0 0 457 8.78618 2.27543 -5.50332 -0.202548 -33.7683 5.86314
0 0 458 8.68131 0.018229 -7.2543 0.663641 -44.928 4.81757
0 0 459 8.67006 0.109204 -10.1934 1.57269 -44.6931 3.42832
0 0 460 9.87606 2.88048 -8.43221 -2.39361 -35.5698 3.91949
0 0 461 10.0524 1.99222 -8.63322 -1.45491 -38.5029 3.94319
0 0 462 11.5957 -0.0514784 -8.6143 0.321248 -45.1712 4.05693
0 0 463 11.6924 0.216414 -9.23406 -0.811977 -44.3287 3.78366
0 0 464 13.4639 -1.98349 -9.34485 0.220965 -50.9917 3.65734
0 0 465 11.3461 -0.675005 -10.0875 -0.300494 -46.9141 3.45668
0 0 466 11.7543 1.20507 -8.60121 0.788811 -41.0122 4.02338
0 0 467 10.739 -1.89138 -8.68966 0.741506 -51.1397 3.92868
0 0 468 11.7927 0.678906 -11.5095 0.708924 -43.3121 3.03113
0 0 469 13.7922 -0.264856 -10.0154 0.423756 -45.7574 3.48822
0 0 470 15.0829 -0.87569 -9.00907 1.19703 -47.7759 3.8608
0 0 471 15.5599 0.305104 -8.62525 -1.87639 -43.9871 4.04929
0 0 472 16.9311 0.892088 -11.2829 -0.0701496 -42.7396 3.08769
0 0 473 17.0177 -1.12002 -10.1181 -3.39472 -48.1583 3.43278
0 0 474 18.313 2.07892 -8.84732 -1.61708 -38.3883 3.84414
0 0 475 19.2409 -0.463532 -10.3611 0.420445 -46.2808 3.36963
0 0 476 18.528 -0.147856 -9.47677 -0.946263 -45.4469 3.68733
0 0 477 24.6505 1.59239 -9.42487 -2.54944 -40.2051 3.65563
0 0 478 25.175 -2.18199 -8.66362 2.44942 -52.0682 3.91027
0 0 479 27.5136 -0.230014 -7.83744 -1.53643 -45.8405 4.4572
0 0 480 29.1245 -1.57109 -7.17175 -1.22633 -51.1782 4.75878
0 0 481 32.7803 0.464693 -5.04266 1.87319 -42.3675 6.90091
0 0 482 35.4852 -2.06627 -3.18914 2.40243 0 0
0 0 483 38.174 0.161777 1.63385 0.99512 0 0
0 0 484 43.3111 0.568678 4.11243 1.1848 41.0635 8.4171
0 0 485 46.3211 -0.828854 6.23631 0.348027 48.7853 5.55453
0 0 486 51.6785 4.32172 11.4398 -0.453514 34.6523 2.85558
0 0 487 55.9378 2.79663 11.1994 -0.460876 37.9897 3.02644
0 0 488 62.1744 3.99033 16.9637 1.93308 38.3816 2.00478
0 0 489 66.4907 5.04842 21.0669 2.35479 38.262 1.61269
0 0 490 70.4014 3.18386 26.2614 0.851717 41.5437 1.32099
0 0 491 73.1458 5.84487 28.0104 3.08975 39.1067 1.22106
0 0 492 80.2902 7.33672 27.239 2.15092 37.4627 1.23834
0 0 493 79.3261 6.63591 28.9223 1.14322 38.5389 1.17738
0 0 494 82.5713 7.3341 31.2061 1.60503 38.3871 1.08985
0 0 495 82.7071 6.46496 29.9341 1.07448 38.9064 1.14087
0 0 496 81.3731 8.97375 27.4465 2.95106 35.9473 1.20954
0 0 497 81.3622 8.16932 28.0664 2.38554 36.8856 1.19499
0 0 498 74.9234 5.43378 24.7914 1.07756 38.8187 1.3766
0 0 499 75.6297 6.18518 23.1306 2.44377 37.5146 1.45901
0 0 500 70.6893 8.37546 18.959 1.46105 33.0829 1.68442
0 0 501 67.6057 5.9217 15.4702 0.117077 34.5271 2.10808
0 0 502 64.9179 5.63925 15.763 -0.804423 35.1576 2.08604
0 0 503 61.4187 4.3713 13.9732 0.233348 36.3143 2.38567
0 0 504 59.3785 2.23772 11.9111 -0.879964 39.68 2.88303
0 0 505 56.2915 3.31258 11.2547 0.876484 36.7996 2.97737
0 0 506 54.2906 3.56702 6.0401 1.7923 29.7179 4.97398
0 0 507 51.4638 1.6468 8.69382 -0.58668 39.637 3.9488
0 0 508 49.5331 1.79475 3.76907 -0.0498727 32.2686 8.36192
0 0 509 45.6231 3.83427 4.38757 0.675641 24.425 5.98136
0 0 510 45.7865 2.14208 4.92864 0.667567 33.2547 6.49667
0 0 511 40.3763 3.80713 2.09618 -0.180477 14.4185 8.00232
0 0 512 40.9181 1.0929 0.549619 0.511158 0 0
0 0 513 41.0735 -0.381144 -1.35277 -2.17175 0 0
0 0 514 37.8953 3.33345 -1.26995 -0.880171 0 0
0 0 515 36.1054 3.29988 -0.177278 1.32262 0 0
0 0 516 36.0928 -2.2928 -3.23566 -0.834781 0 0
0 0 517 32.7615 -0.219427 -0.57762 -0.287835 0 0
0 0 518 36.1141 -1.2533 -2.81491 -1.88665 0 0
0 0 519 34.0054 0.555031 -1.24511 -0.287536 0 0
0 0 520 31.2697 -2.00865 -1.43271 0.431051 0 0
0 0 521 30.9288 -0.609736 0.425134 -1.27293 0 0
0 0 522 28.2827 -0.57311 -3.55495 -2.85739 0 0
0 0 523 29.118 -3.59627 -0.637376 -3.49999 0 0
0 0 524 28.0448 -0.251542 -2.94117 -0.664755 0 0
0 0 525 27.8168 -1.12078 -2.72418 -1.02404 0 0
0 0 526 25.6308 0.238491 -2.35255 -2.30307 0 0
0 0 527 26.4786 -2.31971 -1.7351 0.821665 0 0
0 0 528 24.3338 -1.92696 -0.0333751 -1.37684 0 0
0 0 529 22.7607 0.633416 -2.26846 -2.30335 0 0
0 0 530 21.6897 -1.20805 -4.27701 -1.1507 -52.8862 7.85986
0 0 531 21.9067 -1.23648 -1.57078 -2.01959 0 0
0 0 532 19.4077 -2.04984 -0.901829 -1.65585 0 0
0 0 533 19.425 -2.26672 -1.84035 -2.63921 0 0
0 0 534 19.2924 -0.0726547 -3.02307 -1.72303 0 0
0 0 535 16.7038 -1.50298 -2.9018 -2.85024 0 0
0 0 536 18.1603 -0.982319 -0.781885 -0.994795 0 0
0 0 537 16.411 -2.70869 -0.0754656 -1.64455 0 0
0 0 538 15.0715 -0.805188 -0.981477 -3.12318 0 0
0 0 539 12.9048 -4.81137 0.220959 -0.137143 88.6853 7.21019
0 0 540 14.6406 -2.26669 -1.55871 -1.09629 0 0
0 0 541 12.4616 -2.34639 -0.19843 -2.73556 0 0
0 0 542 11.7264 -2.08903 -0.70208 -0.363788 0 0
0 0 543 10.8899 -3.73894 -0.37621 -4.16506 0 0
0 0 544 13.9168 -2.53265 -2.85174 0.687533 0 0
0 0 545 10.9476 -2.0082 -2.04033 -2.63767 0 0
0 0 546 10.7422 -2.50952 -0.587988 -1.71863 0 0
0 0 547 11.2713 -2.57603 -1.11248 0.31971 0 0
0 0 548 10.3266 -2.63249 -0.647782 -1.60559 0 0
0 0 549 7.31971 -3.25295 -2.46999 2.30759 -71.3952 8.52214
0 0 550 10.0914 -0.815834 -2.72594 -1.6266 0 0
0 0 551 7.13677 -1.78846 0.39958 -0.347449 0 0
0 0 552 7.92553 -0.874791 -1.82162 1.02046 0 0
0 0 553 7.39846 -2.82912 -1.4574 -0.817186 0 0
0 0 554 7.27229 -4.5453 -1.88294 -1.66475 -78.7488 7.0651
0 0 555 9.33062 -3.09897 1.59519 0.540907 0 0
0 0 556 6.03074 -2.62462 -1.68768 -0.540012 0 0
0 0 557 7.31907 -0.76614 -0.369966 -1.28057 0 0
0 0 558 3.97054 -1.82261 -1.15605 -0.825148 0 0
0 0 559 6.61145 -0.0534413 -1.46981 0.532635 0 0
0 0 560 6.72108 0.822793 -2.97287 -0.9263 0 0
0 0 561 4.83675 -2.07211 -0.497876 1.23238 0 0
0 0 562 0.54052 -2.63905 0.206619 1.66917 0 0
0 0 563 4.20756 -1.71941 -0.0330221 0.367906 0 0
0 0 564 3.3397 -0.472638 -1.51901 -1.55875 0 0
0 0 565 4.51099 -0.0116632 -0.0198403 -2.01064 0 0
0 0 566 3.63953 -0.472502 -0.57204 -1.50885 0 0
0 0 567 3.23666 -1.17093 -1.11499 1.08594 0 0
0 0 568 1.37503 -0.736296 -1.52494 0.63066 0 0
0 0 569 2.05102 -0.662354 -1.01611 1.26688 0 0
0 0 570 1.78396 -1.2298 -0.149498 0.266765 0 0
0 0 571 1.60329 0.761651 1.44052 -0.940385 0 0
0 0 572 2.80924 -0.781043 0.611637 1.40566 0 0
0 0 573 0.443458 0.166308 -0.265472 0.53913 0 0
0 0 574 3.04866 -0.582569 -0.597436 -0.693045 0 0
0 0 575 2.09344 0.0862511 -2.13288 -1.00628 0 0
0 0 576 2.54077 -0.857682 -2.36222 -1.39665 0 0
0 0 577 2.31509 0.674645 -0.719854 -1.73622 0 0
0 0 578 1.30743 -0.9063 -0.178414 -1.42618 0 0
0 0 579 0.749985 0.31481 -0.990022 0.233767 0 0
0 0 580 -0.866145 0.249054 -1.56068 -2.39803 0 0
0 0 581 1.22695 -0.504807 1.46303 0.169587 0 0
0 0 582 3.86513 -1.53574 -0.952788 0.690834 0 0
0 0 583 1.29985 -0.101075 -0.994265 -1.89277 0 0
0 0 584 -0.514819 -0.908708 -1.39049 -0.731091 0 0
0 0 585 1.05511 0.0440403 -0.862768 0.0606254 0 0
0 0 586 0.978466 1.54074 -0.332982 0.930039 0 0
0 0 587 2.44681 -0.0333519 0.442777 -0.431483 0 0
0 0 588 2.87099 -1.2403 0.183588 0.56669 0 0
0 0 589 2.68382 0.413263 0.770804 -1.42027 0 0
0 0 590 1.42286 0.9826 -0.346361 -0.123179 0 0
0 0 591 1.64035 0.358854 0.0393607 0.9698 0 0
0 0 592 1.58823 1.81924 0.98427 -1.0032 0 0
0 0 593 -0.503871 -1.57827 0.951486 0.937066 0 0
0 0 594 -0.195463 -0.649581 -0.363825 -1.64944 0 0
0 0 595 -0.116228 0.835795 -0.320038 -1.42254 0 0
0 0 596 0.934598 -0.899165 -0.732601 -0.015255 0 0
0 0 597 1.67366 -0.618379 -0.620011 -0.187766 0 0
0 0 598 2.70147 0.769078 2.15971 -0.554519 0 0
0 0 599 0.490719 0.714916 -0.0928271 0.306481 0 0
0 0 600 0.791297 0.953466 -0.32273 0.452666 0 0
0 0 601 1.30675 0.0053246 2.02811 1.66191 0 0
0 0 602 1.02701 -0.331597 -0.540271 -0.495633 0 0
0 0 603 2.06683 0.243704 -1.55301 -1.12782 0 0
0 0 604 1.15048 -0.435889 0.556692 -1.75607 0 0
0 0 605 0.763089 -1.00756 0.325905 -1.88661 0 0
0 0 606 1.19687 -2.69181 -0.751319 0.243533 0 0
0 0 607 0.616247 -1.10004 -1.65798 -0.582883 0 0
0 0 608 1.54982 -0.314709 1.41772 0.821174 0 0
0 0 609 1.08735 -0.668151 0.645017 0.723873 0 0
0 0 610 2.16431 0.301067 -0.228547 0.250467 0 0
0 0 611 1.74603 -1.32206 1.26188 0.465696 0 0
0 0 612 1.94106 -1.08327 2.09519 -1.44762 0 0
0 0 613 0.610536 -0.0737802 -0.296908 0.984003 0 0
0 0 614 0.0254191 1.93514 0.703205 0.0855846 0 0
0 0 615 1.84135 -0.704785 2.10917 0.148442 0 0
0 0 616 1.24329 -0.967985 0.397377 2.56725 0 0
0 0 617 1.15653 -0.592578 -0.215615 -0.462941 0 0
0 0 618 0.936218 -1.9285 1.96447 0.580625 0 0
0 0 619 3.61367 -0.659572 1.90561 -1.78637 0 0
0 0 620 3.9401 -0.719611 0.466747 -1.67681 0 0
0 0 621 0.221574 0.295767 3.46958 0.28184 0 0
0 0 622 -0.867358 -1.5688 2.30298 0.843725 0 0
0 0 623 1.24419 -1.68422 0.620837 -0.832799 0 0
0 0 624 0.271735 0.144575 -0.404842 2.20666 0 0
0 0 625 3.15224 -1.65405 0.921192 0.454659 0 0
0 0 626 3.41357 0.116646 1.18965 -0.152673 0 0
0 0 627 1.77203 0.261036 0.207894 -0.115509 0 0
0 0 628 1.75128 0.98225 2.48149 -1.87513 0 0
0 0 629 1.74034 -1.81589 -0.14352 -1.41876 0 0
0 0 630 2.56387 -0.275831 1.98159 2.03825 0 0
0 0 631 3.54947 -0.94549 1.89092 1.38945 0 0
0 0 632 0.571224 -2.19828 0.994968 1.48224 0 0
0 0 633 2.83754 0.612471 1.20128 0.841183 0 0
0 0 634 1.38907 0.409049 0.664988 -1.24583 0 0
0 0 635 2.04785 -0.463545 1.08108 -0.43955 0 0
0 0 636 0.476388 -0.526448 -0.259366 -1.06894 0 0
0 0 637 -2.28508 -1.13708 1.76672 1.87168 0 0
0 0 638 4.26146 1.46768 1.09509 0.196669 0 0
0 0 639 3.04155 -0.602282 1.41363 -0.589639 0 0
0 0 640 -2.77023 0.639166 0.802723 -1.39677 0 0
0 0 641 1.67123 -0.108865 2.87179 1.46623 0 0
0 0 642 -0.59444 -1.83567 2.28999 0.38379 0 0
0 0 643 1.16322 -0.978828 0.106301 -0.0138482 0 0
0 0 644 1.20182 -1.22104 0.690761 0.0923116 0 0
0 0 645 0.0725803 1.46124 0.591681 -0.887195 0 0
0 0 646 1.75656 1.21984 1.45217 0.182621 0 0
0 0 647 -1.59083 -1.13496 0.0262668 -1.26148 0 0
0 0 648 1.62649 -0.745244 0.0738769 0.398597 0 0
0 0 649 1.21466 1.44162 0.829174 -2.72167 0 0
0 0 650 -0.841255 -2.27243 0.676407 -0.306721 0 0
0 0 651 1.67649 0.946587 -0.620314 -1.05681 0 0
0 0 652 1.14897 -0.637131 -0.480134 1.2673 0 0
0 0 653 -0.788933 -0.433684 0.754678 1.09237 0 0
0 0 654 1.33755 1.82246 -0.82029 -1.30675 0 0
0 0 655 1.11288 0.818667 0.180457 0.427005 0 0
0 0 656 1.25045 -1.29791 -1.41888 -0.514815 0 0
0 0 657 1.17301 0.568789 0.670778 -0.25635 0 0
0 0 658 0.76403 2.02166 2.11624 -2.78107 0 0
0 0 659 -0.0113231 0.333919 1.22337 1.39284 0 0
0 0 660 1.27145 1.13354 -0.464723 -0.181215 0 0
0 0 661 1.16411 -1.33851 -0.284396 1.60977 0 0
0 0 662 1.73979 -0.131879 -1.13366 -0.775513 0 0
0 0 663 0.193199 -0.106212 -0.521715 0.168096 0 0
0 0 664 1.08356 1.62069 0.0809852 -0.322876 0 0
0 0 665 0.630137 -1.78682 -2.16523 0.129985 0 0
0 0 666 -1.47178 2.71777 -0.842522 -1.37388 0 0
0 0 667 1.7543 1.98528 1.01927 0.328085 0 0
0 0 668 -0.452203 -1.87631 2.88915 1.76383 0 0
0 0 669 1.63901 -0.283441 -0.664851 1.38859 0 0
0 0 670 1.85758 0.132159 -0.720565 0.0461212 0 0
0 0 671 0.289969 0.405061 -0.930002 1.22957 0 0
0 0 672 2.19915 0.184868 1.45894 0.536781 0 0
0 0 673 -0.545663 0.064403 0.796625 -1.23633 0 0
0 0 674 -0.448869 -1.73652 -0.71276 0.438492 0 0
0 0 675 -2.39898 1.14522 0.986141 1.2632 0 0
0 0 676 0.596597 -0.277353 0.155656 0.783009 0 0
0 0 677 0.0458424 0.522398 -1.44083 -0.0467592 0 0
0 0 678 -0.298943 1.5397 -0.329171 0.129323 0 0
0 0 679 -0.337217 0.357811 -0.499187 -0.14783 0 0
0 0 680 -0.974204 2.75284 0.36696 1.32486 0 0
0 0 681 -1.11833 0.09398 -0.415374 -0.115 0 0
0 0 682 0.0558013 1.43446 0.601017 -0.14913 0 0
0 0 683 1.04321 -0.577771 0.247901 -0.882578 0 0
0 0 684 -0.856545 -0.560328 0.163685 -1.43794 0 0
0 0 685 0.402767 -0.67263 0.132598 0.51882 0 0
0 0 686 0.906485 1.41457 0.25431 0.00489412 0 0
0 0 687 1.04189 0.295527 -0.955471 -0.87784 0 0
0 0 688 1.18317 -0.0294848 0.769945 2.38885 0 0
0 0 689 1.14586 -0.996549 -1.15582 -0.380849 0 0
0 0 690 0.433465 -3.02324 -0.388646 -1.24687 0 0
0 0 691 0.754986 -0.00888541 0.347646 -1.15779 0 0
0 0 692 -1.80201 1.31902 1.04559 0.844531 0 0
0 0 693 -1.41438 -0.617313 -0.407031 0.710975 0 0
0 0 694 -0.0702799 -0.24598 -0.898224 1.4049 0 0
0 0 695 0.419982 1.79779 0.00267327 0.811668 0 0
0 0 696 -1.79862 -0.173121 1.13621 1.52775 0 0
0 0 697 -0.9183 -0.643514 0.500632 -1.13771 0 0
0 0 698 -1.4136 -1.28904 0.192813 -0.61453 0 0
0 0 699 0.547894 2.76656 -1.62478 0.188318 0 0
0 0 700 0.0166346 -0.53942 0.259014 1.23904 0 0
0 0 701 0.463639 0.951985 -0.683005 1.05864 0 0
0 0 702 -2.4038 0.592199 -0.54344 1.22425 0 0
0 0 703 -0.939264 1.28916 1.13922 1.12465 0 0
0 0 704 0.023416 -1.19176 -0.290939 -1.07738 0 0
0 0 705 -0.596425 -0.746144 -0.242347 -1.36381 0 0
0 0 706 -0.722093 2.0738 0.244961 0.279261 0 0
0 0 707 1.85815 0.575943 0.90954 -0.0789369 0 0
0 0 708 0.316268 -0.455732 0.777755 -2.14254 0 0
0 0 709 0.173082 -0.442606 0.23378 -0.98504 0 0
0 0 710 -0.798429 -1.08642 1.00749 2.22145 0 0
0 0 711 0.224167 -0.481984 -0.579524 1.259 0 0
0 0 712 0.399687 0.562275 -2.01791 1.92607 0 0
0 0 713 -0.455959 -1.51849 -0.929026 0.572409 0 0
0 0 714 0.354276 2.25761 -2.117 -1.34866 0 0
0 0 715 -1.14263 -0.649794 -0.203788 2.9243 0 0
0 0 716 -0.683538 -1.50187 -3.16357 -0.927855 0 0
0 0 717 0.739069 -0.666133 0.751142 2.70633 0 0
0 0 718 0.9734 1.16291 -0.759348 -1.10485 0 0
0 0 719 2.38871 0.772715 -1.61765 -0.579132 0 0
0 0 720 0.16389 -0.273153 1.0255 -2.08689 0 0
0 0 721 -1.20675 0.39864 -1.36019 -0.84594 0 0
0 0 722 -0.940876 0.254757 -0.645332 0.2449 0 0
0 0 723 -0.0318395 0.984307 -1.3811 0.491861 0 0
0 0 724 0.832313 -0.269219 0.864957 0.974975 0 0
0 0 725 -0.0978538 0.360059 1.31313 1.70136 0 0
0 0 726 -1.69174 1.94398 -2.14166 -0.917052 0 0
0 0 727 0.77411 -1.01875 -0.254659 -1.55592 0 0
0 0 728 -0.557375 1.59417 0.403408 0.464962 0 0
0 0 729 -1.92752 -0.719174 1.20977 0.385102 0 0
0 0 730 3.29254 -2.16404 -1.89604 -0.931099 0 0
0 0 731 -0.832743 -0.136204 -0.282472 0.422541 0 0
0 0 732 1.94666 0.699945 0.670722 -1.59815 0 0
0 0 733 -0.22845 -0.654646 -0.555069 0.153407 0 0
0 0 734 0.293832 0.846127 -0.624441 0.145956 0 0
0 0 735 -0.13844 -1.17697 -0.962453 -2.00976 0 0
0 0 736 0.147043 -1.08206 0.352555 -1.45504 0 0
0 0 737 -0.279807 0.267001 1.33574 0.0884303 0 0
0 0 738 -0.875708 1.49149 0.619223 -0.116003 0 0
0 0 739 -1.24431 0.556949 -1.41637 -0.0810114 0 0
0 0 740 -1.22811 2.05806 -1.33226 -0.542064 0 0
0 0 741 -1.21945 -0.705489 0.629789 -1.72956 0 0
0 0 742 2.94403 -1.37628 0.342602 0.61173 0 0
0 0 743 -0.927806 -0.525721 2.52732 1.08628 0 0
0 0 744 -0.622061 -0.209456 2.115 -0.0778667 0 0
0 0 745 -0.347963 1.34823 -2.00433 -1.02205 0 0
0 0 746 -4.0497 -0.715029 -0.732635 -0.65708 0 0
0 0 747 -1.09865 -1.08226 -0.0530676 1.81254 0 0
0 0 748 1.24488 2.97386 -1.70636 1.13057 0 0
0 0 749 -0.512988 0.598101 0.0572662 -0.300315 0 0
0 0 750 1.00118 -1.06358 -1.28761 -1.9975 0 0
0 0 751 -0.962267 -1.62236 0.636162 -0.222796 0 0
0 0 752 0.640005 -0.240595 -1.57488 -0.881865 0 0
0 0 753 -0.221706 -1.56273 1.26973 0.724629 0 0
0 0 754 3.05624 0.206716 0.0767457 0.442176 0 0
0 0 755 2.1954 -1.34368 -0.442556 1.2816 0 0
0 0 756 1.59829 0.902367 -1.49173 2.08473 0 0
0 0 757 1.61203 2.32855 0.962214 2.0776 0 0
0 0 758 -0.973583 0.0541303 -0.0117059 2.37019 0 0
0 0 759 0.524902 1.58638 -1.27852 0.637346 0 0
0 0 760 0.268455 0.00150695 -0.0444612 -1.1706 0 0
0 0 761 -1.48431 0.173092 -0.905601 -0.123076 0 0
0 0 762 -0.429526 0.814852 -1.25361 0.608054 0 0
0 0 763 -0.0599194 1.51783 0.0599592 1.37017 0 0
0 0 764 0.711548 -1.02583 0.213533 -0.846775 0 0
0 0 765 -2.28316 1.28539 0.820757 -0.299371 0 0
0 0 766 1.00589 1.85416 -0.693752 0.208498 0 0
0 0 767 1.58581 0.139585 -1.25173 -0.263034 0 0
0 0 768 -0.972935 0.797295 -1.25384 -0.217658 0 0
0 0 769 -0.251494 -0.452364 -0.366621 0.158399 0 0
0 0 770 0.125537 0.643688 0.0935476 0.308887 0 0
0 0 771 -1.1972 -0.077081 -2.82069 -0.445125 0 0
0 0 772 1.5594 1.32535 0.245181 0.102731 0 0
0 0 773 -1.10387 0.956349 1.03056 0.272312 0 0
0 0 774 2.09954 0.641344 -1.67639 -0.419962 0 0
0 0 775 -0.221026 0.223998 0.99202 0.308246 0 0
0 0 776 0.428095 -0.471022 1.34867 2.51662 0 0
0 0 777 1.20212 -0.112794 -1.01206 -0.288894 0 0
0 0 778 -0.749264 2.0662 -0.378063 0.645652 0 0
0 0 779 0.0506366 0.735063 -0.924618 0.858835 0 0
0 0 780 1.28615 0.653449 1.22993 -0.444913 0 0
0 0 781 0.12612 0.292727 -2.31981 -0.884387 0 0
0 0 782 2.43791 0.578099 -2.30988 0.808802 0 0
0 0 783 0.687134 0.147802 -0.727038 -0.115946 0 0
0 0 784 -0.998926 -0.816198 -0.0241731 -0.458437 0 0
0 0 785 -1.80261 -2.80789 1.13563 0.929621 0 0
0 0 786 -0.123764 -1.05259 -0.951647 -0.897677 0 0
0 0 787 -3.75539 -0.380943 0.311657 -0.853865 0 0
0 0 788 1.32938 1.04685 -0.932168 1.51459 0 0
0 0 789 1.17102 -0.171493 2.11635 0.398454 0 0
0 0 790 -0.102071 0.423489 0.257719 2.15835 0 0
0 0 791 0.915239 0.0216602 -0.809408 1.87502 0 0
0 0 792 -0.672072 -1.99261 -0.703501 -1.47928 0 0
0 0 793 -0.497998 1.64179 -0.134622 -0.781086 0 0
0 0 794 0.133455 -1.48063 -1.2091 -0.0965464 0 0
0 0 795 -1.12769 1.11388 -0.439669 -0.253791 0 0
0 0 796 1.70428 -0.504234 -1.20687 1.26291 0 0
0 0 797 2.19216 -1.17263 -1.43696 -1.66737 0 0
0 0 798 0.475332 2.05025 -3.50538 0.106144 -29.8386 8.59211
0 0 799 0.300857 1.80537 -0.0984066 -1.62745 0 0
0 0 800 1.68659 0.091976 0.15761 -0.759311 0 0
0 0 801 1.53363 2.1312 -0.672339 -0.950705 0 0
0 0 802 -0.667799 -0.289764 0.998517 -0.8305 0 0
0 0 803 -0.992221 -0.424777 -0.353198 0.098035 0 0
0 0 804 -0.237901 0.770942 1.10558 -1.16882 0 0
0 0 805 -0.994247 -0.727765 -0.877416 0.609218 0 0
0 0 806 -1.00042 1.74468 -1.13955 -0.334853 0 0
0 0 807 0.231042 1.99582 -0.671126 -0.083202 0 0
0 0 808 0.861209 -1.95135 0.818552 -1.32036 0 0
0 0 809 2.0434 0.58316 0.866046 -0.253578 0 0
0 0 810 -0.472556 0.151358 1.31719 -0.757146 0 0
0 0 811 1.06891 1.21302 1.24962 1.18815 0 0
0 0 812 -0.463244 0.564463 0.362468 -1.12006 0 0
0 0 813 3.17536 -1.72637 -0.974485 -0.148101 0 0
0 0 814 1.44928 -1.35395 0.226403 1.72667 0 0
0 0 815 -1.76804 1.12723 1.06684 0.929049 0 0
0 0 816 -2.33955 0.157909 -1.32305 -0.742318 0 0
0 0 817 -1.05818 2.53594 0.540667 1.59493 0 0
0 0 818 0.0230874 -2.28239 -0.693388 -0.657986 0 0
0 0 819 0.884302 -0.233555 0.0239596 0.980743 0 0
0 0 820 0.617786 2.34238 -2.12416 1.04495 0 0
0 0 821 1.37437 0.224657 -1.89095 -0.741404 0 0
0 0 822 -0.0779473 0.425462 -1.69949 0.883869 0 0
0 0 823 0.871949 -2.24214 -0.256344 1.9642 0 0
0 0 824 0.867952 1.22756 -3.04728 -0.0951993 0 0
0 0 825 1.3097 -0.925327 1.17608 0.127607 0 0
0 0 826 -0.03202 -0.127337 -0.0942205 -0.629499 0 0
0 0 827 -0.880371 -0.759729 1.27545 0.813879 0 0
0 0 828 0.162121 -0.780099 -2.21656 1.23709 0 0
0 0 829 -0.44163 -0.474989 -2.58132 -1.02448 0 0
0 0 830 1.35783 1.39662 0.737297 1.75144 0 0
0 0 831 0.208264 3.39421 0.279674 -0.909545 0 0
0 0 832 1.49006 -0.614599 -0.402666 2.06437 0 0
0 0 833 -2.36407 -0.486202 0.85193 -1.25104 0 0
0 0 834 -0.607172 -0.570366 0.032948 0.58916 0 0
0 0 835 0.304249 -0.28542 0.913127 -3.45468 0 0
0 0 836 1.30352 -0.356839 -1.87849 -0.746893 0 0
0 0 837 1.28961 -0.249624 -2.18953 -0.765388 0 0
0 0 838 -0.216308 -1.12705 1.15467 0.578147 0 0
0 0 839 -0.243453 -0.0420478 -0.307194 0.909492 0 0
0 0 840 1.10623 -0.104902 0.0769608 0.787888 0 0
0 0 841 1.73475 -0.311208 0.0685352 -0.597615 0 0
0 0 842 0.629492 -0.898192 -0.295984 1.2698 0 0
0 0 843 -0.19401 -0.197774 0.344969 1.76729 0 0
0 0 844 -1.79088 -0.379428 1.01334 -0.872007 0 0
0 0 845 -1.30872 -0.0817428 0.0585181 -1.60987 0 0
0 0 846 0.28048 -1.10359 -1.76 -1.70426 0 0
0 0 847 1.16901 2.00854 -1.12777 0.701451 0 0
0 0 848 -0.672759 -1.52349 -1.7845 1.57406 0 0
0 0 849 -0.196198 0.823132 1.42878 0.612512 0 0
0 0 850 -0.122046 0.651117 1.12985 -1.71273 0 0
0 0 851 -1.29711 0.450671 -1.65937 0.690578 0 0
0 0 852 0.366351 -0.996268 2.02335 0.599925 0 0
0 0 853 -0.0812425 0.25839 -0.39479 -1.70837 0 0
0 0 854 -1.09248 -1.53783 -1.87589 2.43244 0 0
0 0 855 -1.0714 0.980036 -0.986833 -0.0980566 0 0
0 0 856 1.92616 0.225915 1.22826 -1.49175 0 0
0 0 857 0.767571 1.53562 0.00295441 -0.165212 0 0
0 0 858 0.307018 0.646875 0.23979 0.173641 0 0
0 0 859 0.114732 1.15229 -1.22897 -1.252 0 0
0 0 860 0.28561 0.622881 1.06413 -0.571855 0 0
0 0 861 -2.4857 0.460662 -1.17307 1.16082 0 0
0 0 862 -0.170623 -0.131688 1.15533 0.268031 0 0
0 0 863 -0.0491749 0.868462 0.220193 -1.64844 0 0
0 0 864 -0.194134 0.361279 0.490073 0.44159 0 0
0 0 865 0.813334 -0.0543898 -0.233031 -0.624478 0 0
0 0 866 -0.816979 0.903385 -0.441041 0.197724 0 0
0 0 867 1.31283 -0.11245 -2.05529 0.259271 0 0
0 0 868 -0.508552 0.0166063 -0.0592351 0.496527 0 0
0 0 869 -2.12705 -0.214688 1.95432 -0.326325 0 0
0 0 870 0.871104 1.26492 -1.09378 1.63945 0 0
0 0 871 -0.139912 2.36781 -1.57193 0.223367 0 0
0 0 872 0.606434 2.07997 0.0639309 -0.811623 0 0
0 0 873 0.226816 1.60088 -0.107692 1.50064 0 0
0 0 874 -1.88514 -1.71513 -0.178426 -0.106714 0 0
0 0 875 -0.389771 -1.04785 -0.545816 -0.481177 0 0
0 0 876 1.18514 -1.86559 -1.49758 1.10937 0 0
0 0 877 0.360103 -0.267107 0.0143038 0.740852 0 0
0 0 878 1.09056 0.0105596 -1.10922 1.06869 0 0
0 0 879 -0.72431 0.670404 0.899508 -2.143 0 0
0 0 880 -0.882264 -0.495261 0.0651554 -0.304589 0 0
0 0 881 -0.14408 2.02098 0.780826 -0.053455 0 0
0 0 882 0.549191 0.686673 -0.845241 0.0830426 0 0
0 0 883 -0.920702 0.490724 -1.68347 1.15617 0 0
0 0 884 1.12057 -0.371914 1.6065 1.42472 0 0
0 0 885 0.914314 1.18071 -0.0655308 0.71476 0 0
0 0 886 0.101994 1.09625 -1.38011 0.882894 0 0
0 0 887 1.26751 2.04743 0.0886481 -0.976132 0 0
0 0 888 0.737849 0.386791 -0.590496 -0.763412 0 0
0 0 889 -1.80831 -0.204016 1.32485 -1.18792 0 0
0 0 890 0.789519 1.63315 0.330225 -0.652262 0 0
0 0 891 1.12457 1.08383 0.572944 -0.482487 0 0
0 0 892 1.94917 3.06498 0.40852 0.793682 0 0
0 0 893 -0.274821 0.957121 -0.712678 0.172253 0 0
0 0 894 2.18524 0.262026 -0.469285 0.174813 0 0
0 0 895 0.105076 -0.889565 -0.333643 0.871224 0 0
0 0 896 -0.101755 -1.66662 1.61301 0.474245 0 0
0 0 897 -1.10738 -0.619336 1.27632 -0.678877 0 0
0 0 898 -0.297904 0.544834 1.31452 -0.384633 0 0
0 0 899 0.473926 -0.0842935 0.406845 1.5944 0 0
0 0 900 0.852113 0.0163353 -0.780255 -0.874345 0 0
0 0 901 0.52668 1.75997 1.33095 1.70397 0 0
0 0 902 -1.40725 -0.763158 -1.44477 0.432287 0 0
0 0 903 -1.39492 2.24999 0.361643 -0.0242857 0 0
0 0 904 0.884574 -0.0785097 1.13219 -1.63764 0 0
0 0 905 -0.3381 0.694556 1.36668 1.02829 0 0
0 0 906 -0.925041 0.996219 -1.36699 0.927927 0 0
0 0 907 0.665681 1.41783 1.39403 0.849501 0 0
0 0 908 -0.846695 -0.164103 -1.12738 -0.31567 0 0
0 0 909 0.38057 1.87854 1.31156 -2.07289 0 0
0 0 910 1.08003 1.81584 -0.0380743 0.280673 0 0
0 0 911 0.622087 -0.631603 0.60521 -0.894672 0 0
0 0 912 -0.272304 -0.170694 -0.85723 -0.608032 0 0
0 0 913 -0.796064 -0.847977 1.79628 -0.19644 0 0
0 0 914 1.88693 -0.988378 -0.564894 -1.58651 0 0
0 0 915 -2.25841 0.738566 0.137145 2.49837 0 0
0 0 916 -0.110034 -0.0173997 -1.43396 -0.716986 0 0
0 0 917 -0.869053 -0.220144 1.31191 0.971278 0 0
0 0 918 -0.310985 -0.710559 1.48536 2.02088 0 0
0 0 919 2.21251 -0.586738 -0.374892 -1.9473 0 0
0 0 920 1.81109 1.56736 0.771046 1.65606 0 0
0 0 921 -1.34011 1.6357 -0.0356545 -0.837483 0 0
0 0 922 -1.03191 0.0305638 0.515979 -2.18516 0 0
0 0 923 0.321059 0.266166 -1.26962 0.688541 0 0
0 0 924 0.534397 0.614204 -0.544631 -0.359733 0 0
0 0 925 -1.07009 1.02691 -0.556248 0.656978 0 0
0 0 926 0.805059 1.00984 -0.365069 -0.152804 0 0
0 0 927 -0.395847 0.92079 1.13262 -2.83993 0 0
0 0 928 0.692942 1.39817 0.983894 -1.76522 0 0
0 0 929 -0.183564 0.82942 -1.00728 -0.626166 0 0
0 0 930 0.582316 0.135024 1.97272 -0.0364982 0 0
0 0 931 0.362048 -1.45507 -1.63274 -0.583731 0 0
0 0 932 0.255656 2.05098 -1.70413 0.535126 0 0
0 0 933 -0.35278 1.63319 0.93058 -0.329695 0 0
0 0 934 2.27335 -0.161549 -0.898454 -0.71615 0 0
0 0 935 0.338826 0.243122 0.177738 0.57503 0 0
0 0 936 -1.11545 1.64696 -1.85911 2.42828 0 0
0 0 937 0.193869 0.656601 -1.28352 0.276116 0 0
0 0 938 -1.34366 -0.278115 -1.86789 -0.6579 0 0
0 0 939 -1.44156 -0.797882 -2.01522 -2.41035 0 0
0 0 940 -0.0848322 2.07731 0.291963 1.42418 0 0
0 0 941 1.35138 0.936036 -0.942171 -1.70445 0 0
0 0 942 1.218 2.18408 -0.468222 -0.337418 0 0
0 0 943 0.528191 0.154478 -1.58641 0.269975 0 0
0 0 944 -0.842314 -0.44547 1.49785 1.98077 0 0
0 0 945 1.43496 0.845632 -2.2563 0.386873 0 0
0 0 946 -0.299808 0.832015 -1.87849 0.404639 0 0
0 0 947 0.673241 -0.791109 1.4919 0.0135131 0 0
0 0 948 2.36876 -1.433 1.77531 0.0646887 0 0
0 0 949 0.764255 2.14352 -0.00743595 0.00557073 0 0
0 0 950 1.88975 -0.241914 1.93443 1.40733 0 0
0 0 951 0.124254 -0.178313 0.435222 -1.37009 0 0
0 0 952 -0.213343 -2.38318 1.43936 0.29384 0 0
0 0 953 -0.720495 1.89523 -0.581526 -0.600235 0 0
0 0 954 0.78549 1.38221 -0.445323 2.90427 0 0
0 0 955 0.978038 0.389179 -2.11635 0.931222 0 0
0 0 956 1.43675 1.66655 -0.813136 0.235258 0 0
0 0 957 -1.17967 1.4433 -0.0821489 -0.326052 0 0
0 0 958 -0.271357 0.159714 -2.80224 -0.869316 0 0
0 0 959 -0.878228 -1.01543 -1.41323 0.55539 0 0
0 0 960 -0.850712 0.0469999 -2.43275 1.22842 0 0
0 0 961 3.59616 1.87168 -1.87668 -1.57785 0 0
0 0 962 1.2605 0.861878 0.581235 -0.463642 0 0
0 0 963 -0.657771 2.67906 0.717282 1.22731 0 0
0 0 964 1.71484 -0.636232 0.220263 -0.826141 0 0
0 0 965 0.300596 0.845656 1.33245 -1.33985 0 0
0 0 966 -1.11988 1.53197 0.840544 0.812681 0 0
0 0 967 -1.1238 -1.6445 1.28806 -1.21012 0 0
0 0 968 -0.741409 -0.139607 -0.356393 1.02811 0 0
0 0 969 0.617082 1.77244 1.56423 -0.326161 0 0
0 0 970 -1.86768 0.0667722 -0.307652 1.12809 0 0
0 0 971 2.96557 2.7018 -0.12087 -1.13936 0 0
0 0 972 1.28968 -0.251687 0.782857 -0.423523 0 0
0 0 973 0.68078 1.55765 1.7252 -0.0713132 0 0
0 0 974 -0.282521 -0.840793 -0.0103817 0.168557 0 0
0 0 975 0.163732 1.37519 0.569914 0.676624 0 0
0 0 976 -0.350328 0.15575 -0.752185 -0.351044 0 0
0 0 977 -0.167188 -0.678228 0.341175 0.053491 0 0
0 0 978 1.76536 -1.11422 -0.282924 -0.445549 0 0
0 0 979 -0.358143 -0.349658 -0.847961 1.38465 0 0
0 0 980 0.501926 0.143208 -0.650682 -1.53069 0 0
0 0 981 0.275691 -0.646048 -0.852771 0.300369 0 0
0 0 982 -1.41574 -0.961755 -1.01208 -0.753225 0 0
0 0 983 3.15181 0.351874 -1.02231 1.01699 0 0
0 0 984 0.489128 0.964782 -0.860627 0.368494 0 0
0 0 985 -1.03661 -2.34027 0.480862 1.78506 0 0
0 0 986 0.459279 -0.0234231 -0.250179 0.258514 0 0
0 0 987 -1.09333 0.722127 -0.758444 0.65285 0 0
0 0 988 0.513224 0.138866 -2.14689 0.0581842 0 0
0 0 989 -1.38998 0.133036 1.551 -0.31352 0 0
0 0 990 -0.656221 1.45507 -0.770281 0.607374 0 0
0 0 991 -0.282256 -1.80068 -1.60548 1.18298 0 0
0 0 992 -0.61514 0.58641 0.133423 0.167882 0 0
0 0 993 -1.27984 -0.82609 -0.865887 3.095 0 0
0 0 994 0.541207 2.27132 -0.191154 0.465369 0 0
0 0 995 -0.14163 -1.50232 0.197699 0.860022 0 0
0 0 996 0.020202 -0.354244 -0.537497 1.12959 0 0
0 0 997 2.79734 -0.65146 0.0240281 -0.994017 0 0
0 0 998 -0.0650916 -0.264707 -1.58512 -1.66245 0 0
0 0 999 -0.0903525 0.551199 -0.781027 1.44175 0 0
0 0 1000 0.270721 -0.569168 0.118869 3.03759 0 0
0 0 1001 2.73906 0.120961 0.842913 -2.15386 0 0
0 0 1002 0.854004 -1.16463 0.731245 0.914848 0 0
0 0 1003 0.784194 0.34358 -0.297246 -2.33705 0 0
0 0 1004 -0.0613641 1.53962 -1.1575 -1.37482 0 0
0 0 1005 0.393375 -3.11061 -0.174871 -0.648331 0 0
0 0 1006 -2.04635 -1.44703 -0.108832 -0.836534 0 0
0 0 1007 -0.844927 1.06624 -0.50326 -0.186855 0 0
0 0 1008 -1.53799 -1.31516 2.04839 -1.31459 0 0
0 0 1009 -0.641483 -1.2039 -0.936934 -0.3486 0 0
0 0 1010 0.537018 -0.473476 -0.31979 -0.21827 0 0
0 0 1011 -1.16019 -2.26474 -0.161166 -0.529096 0 0
0 0 1012 1.44369 0.103361 2.29364 -1.65599 0 0
0 0 1013 -0.529926 -0.976598 0.213163 2.70344 0 0
0 0 1014 0.65526 0.692277 -0.484636 -0.199009 0 0
0 0 1015 1.13234 -0.665154 -2.52618 -2.10974 0 0
0 0 1016 -0.782929 0.141243 -0.0295623 -1.55548 0 0
0 0 1017 0.548175 -0.243264 -1.67737 -1.42023 0 0
0 0 1018 2.837 0.204568 0.577636 0.462448 0 0
0 0 1019 1.07536 -0.36377 -0.811839 0.663246 0 0
0 0 1020 1.98462 1.75726 -0.443968 -2.35977 0 0
0 0 1021 2.2404 1.74426 -0.987092 2.1426 0 0
0 0 1022 0.0940236 1.18472 1.78365 -1.06643 0 0
0 0 1023 -2.28288 0.767874 -0.615886 1.00097 0 0
