# File: uwl_191222_232912_b4.rf.sbD2.RMC_aux Src: J1713+0747 Nsub: 1 Nch: 1 Npol: 4 Nbin: 1024 RMS: 1.34068
0 0 0 2.51445 -0.822071 -1.32399 0.931998 0 0
0 0 1 2.18997 -0.113738 -1.26814 1.13343 0 0
0 0 2 -0.939121 1.06203 -0.122109 0.71678 0 0
0 0 3 1.7014 1.12486 0.621078 -0.153628 0 0
0 0 4 -1.765 1.42633 -0.810843 2.25416 0 0
0 0 5 -0.916422 -1.80126 -0.936027 2.49419 0 0
0 0 6 -0.365826 1.77873 -3.90019 0.326796 0 0
0 0 7 1.20747 -1.15589 0.615463 2.33612 0 0
0 0 8 2.08079 -0.643815 0.630019 0.105081 0 0
0 0 9 0.869895 2.95744 -0.773157 -0.703035 0 0
0 0 10 -0.0421853 -2.75863 0.528015 1.95048 0 0
0 0 11 2.01302 -0.30438 -3.55393 -0.953624 0 0
0 0 12 0.671149 0.0507682 -1.13334 -0.282852 0 0
0 0 13 -0.0145539 -1.21326 1.42405 -1.4947 0 0
0 0 14 1.17641 0.657124 -1.16884 0.225158 0 0
0 0 15 0.543058 0.620914 -0.801724 1.05996 0 0
0 0 16 -1.38212 -2.73536 -2.34495 0.711728 0 0
0 0 17 0.892595 1.23942 -0.0589158 -2.04179 0 0
0 0 18 -0.0825624 0.884816 0.512067 -0.0341815 0 0
0 0 19 -1.2081 0.328597 1.07008 -0.89572 0 0
0 0 20 -0.725353 -0.714013 -0.0697757 1.23205 0 0
0 0 21 1.04447 0.391602 0.959363 0.256746 0 0
0 0 22 0.270341 0.562729 -0.672099 0.551889 0 0
0 0 23 1.20428 0.511483 1.68323 -0.452662 0 0
0 0 24 0.59971 2.02283 2.15289 2.22125 0 0
0 0 25 1.06494 -1.52138 0.0308895 0.21038 0 0
0 0 26 -0.913319 2.48575 -0.340123 -1.35832 0 0
0 0 27 -0.930133 1.96866 0.556374 0.269724 0 0
0 0 28 -1.07658 1.63294 -2.13455 1.72179 0 0
0 0 29 0.960588 0.197266 -0.326355 0.996293 0 0
0 0 30 4.04831 1.50083 0.478408 -0.895182 0 0
0 0 31 -1.07997 2.961 -0.290987 -0.690926 0 0
0 0 32 1.69962 1.43344 -2.71057 1.13959 0 0
0 0 33 -0.00643647 1.38913 -0.294238 -0.872867 0 0
0 0 34 0.0520166 -0.229895 -1.60881 -1.0741 0 0
0 0 35 -0.485115 1.87531 0.899264 1.41118 0 0
0 0 36 1.95466 -0.791755 -0.0852639 -0.00382834 0 0
0 0 37 -2.82573 -1.65994 -0.558557 -0.0462041 0 0
0 0 38 -0.763319 -1.11285 0.489998 1.74708 0 0
0 0 39 0.547607 -1.14255 -1.37546 -0.211202 0 0
0 0 40 0.51341 -1.4271 -0.124267 1.40311 0 0
0 0 41 0.408959 0.325731 1.0526 0.938911 0 0
0 0 42 -0.81905 -0.445028 -1.94842 1.01009 0 0
0 0 43 -0.782193 -1.31439 -0.384752 0.21544 0 0
0 0 44 1.67796 -0.292922 0.665086 -1.31656 0 0
0 0 45 -0.766543 0.345009 -1.05397 -1.86568 0 0
0 0 46 -1.15197 -1.72154 -0.703792 -0.116001 0 0
0 0 47 3.62996 2.52868 -1.64432 -0.857118 0 0
0 0 48 2.56746 0.491708 -2.67919 -1.88195 0 0
0 0 49 -0.533808 2.46064 -1.08003 -0.340379 0 0
0 0 50 -0.028905 -0.538485 0.375336 0.910188 0 0
0 0 51 0.652141 0.0298835 0.40193 -0.340357 0 0
0 0 52 4.33659 3.1146 -0.18453 -0.044919 0 0
0 0 53 -1.46439 3.74543 -1.12545 0.185231 0 0
0 0 54 -1.28304 -1.2105 -0.30203 2.14206 0 0
0 0 55 -0.278997 -0.622653 -0.559384 -1.406 0 0
0 0 56 0.940342 1.3341 -1.18979 2.12403 0 0
0 0 57 1.62138 0.593202 0.429015 2.18035 0 0
0 0 58 2.39056 1.08747 -0.659039 0.51696 0 0
0 0 59 -2.14545 0.555085 -0.54443 -1.43318 0 0
0 0 60 0.735807 -0.887783 -2.36422 -1.26935 0 0
0 0 61 2.17081 -1.45645 0.587398 0.581852 0 0
0 0 62 0.889158 -0.149594 1.24255 2.3311 0 0
0 0 63 -1.5171 0.0873857 0.0776319 -1.47932 0 0
0 0 64 3.01991 1.91827 0.321205 0.618702 0 0
0 0 65 0.835303 -0.17606 -0.343693 -0.935313 0 0
0 0 66 -3.15902 -2.30408 -0.710297 0.29114 0 0
0 0 67 1.90221 0.842256 -1.85499 -0.575247 0 0
0 0 68 0.197269 0.344806 -1.35004 0.394807 0 0
0 0 69 0.19349 0.993521 2.48496 1.04273 0 0
0 0 70 1.2452 -1.43032 -1.73132 1.18652 0 0
0 0 71 0.0489496 1.64762 -1.72609 -2.62578 0 0
0 0 72 0.798268 1.51747 1.53816 0.393535 0 0
0 0 73 2.41352 -1.63143 0.938881 -0.18491 0 0
0 0 74 0.59632 1.8947 -1.60599 -1.06155 0 0
0 0 75 1.25732 -1.39078 0.550278 0.283233 0 0
0 0 76 0.0228301 0.0755902 -0.279345 -2.08521 0 0
0 0 77 0.358959 -0.505335 -1.42968 -1.03098 0 0
0 0 78 0.415348 0.321905 0.931141 -0.808128 0 0
0 0 79 -0.556248 -1.2723 -0.958032 -0.101376 0 0
0 0 80 -0.602447 -0.0537612 -0.119561 0.469183 0 0
0 0 81 0.632289 1.59224 -0.296695 -2.39887 0 0
0 0 82 0.356708 -0.479913 -1.542 2.91997 0 0
0 0 83 -1.03434 -1.88167 2.04835 -1.99389 0 0
0 0 84 2.82285 1.01653 -2.44835 1.33354 0 0
0 0 85 -1.30789 0.309611 -2.6483 0.642182 0 0
0 0 86 0.823562 2.85693 0.823451 0.10077 0 0
0 0 87 -1.86155 0.221052 1.30417 0.201167 0 0
0 0 88 -0.0937598 0.487074 -0.130651 -0.176571 0 0
0 0 89 1.34565 -2.46924 -1.06514 0.247582 0 0
0 0 90 -1.54291 -0.045389 0.0935551 -0.278799 0 0
0 0 91 0.579201 1.25973 2.09777 -0.663844 0 0
0 0 92 0.234955 -0.82965 0.772498 -0.173123 0 0
0 0 93 -1.30121 2.34641 1.14249 0.200231 0 0
0 0 94 1.43358 -0.775597 -0.792673 -1.02044 0 0
0 0 95 0.727554 1.30129 -1.18662 -0.623306 0 0
0 0 96 3.32171 2.83281 0.320562 -0.931533 0 0
0 0 97 -0.150393 -0.754992 -1.93719 0.508755 0 0
0 0 98 2.25347 0.814801 -2.02002 2.35634 0 0
0 0 99 0.133852 0.884842 1.93509 0.292288 0 0
0 0 100 -1.94403 0.882647 -0.649731 2.55013 0 0
0 0 101 -0.623538 1.42342 -0.199332 -0.696083 0 0
0 0 102 0.52666 -0.608542 -0.47554 0.229323 0 0
0 0 103 1.46674 -1.38498 -0.0370933 -0.464032 0 0
0 0 104 1.51599 0.978829 0.862061 1.94152 0 0
0 0 105 1.62555 2.67524 0.367578 1.0868 0 0
0 0 106 1.56953 -0.389457 1.08432 -1.32525 0 0
0 0 107 -2.89471 -2.04059 -1.55502 -0.511444 0 0
0 0 108 0.296304 0.705069 -2.45851 -2.07496 0 0
0 0 109 0.261242 -1.13539 -0.200931 2.12082 0 0
0 0 110 1.27688 0.901557 1.35699 1.85854 0 0
0 0 111 2.08025 -1.27062 0.244739 1.22308 0 0
0 0 112 0.327255 -1.7453 0.464878 -1.795 0 0
0 0 113 0.744407 -4.35634 1.42314 -0.770507 80.9543 8.15043
0 0 114 1.36887 2.64901 0.151898 1.57192 0 0
0 0 115 -2.51639 -1.27281 -1.16101 -3.45073 0 0
0 0 116 -1.08109 -3.03093 0.31097 0.269703 0 0
0 0 117 -0.63914 -0.0592782 -0.0506118 0.288551 0 0
0 0 118 1.65714 -0.881743 -1.31962 0.79377 0 0
0 0 119 -1.26934 -0.0972245 0.96623 -0.648591 0 0
0 0 120 -0.628257 0.956361 -2.17453 1.18436 0 0
0 0 121 1.31304 3.53944 0.370111 -1.13102 0 0
0 0 122 0.667589 -0.780228 1.03579 0.662086 0 0
0 0 123 1.82768 1.43109 -2.9454 1.10708 0 0
0 0 124 0.088523 0.439652 0.480524 -1.95947 0 0
0 0 125 -1.44057 0.754188 -0.260683 -2.07337 0 0
0 0 126 0.419308 -0.265431 -0.777277 -0.624883 0 0
0 0 127 1.89826 -1.00085 1.08996 -0.991962 0 0
0 0 128 -0.506993 0.782636 0.01914 3.59842 0 0
0 0 129 -0.729194 -0.123176 -1.48945 -0.172029 0 0
0 0 130 0.109207 0.931002 0.343297 3.01996 0 0
0 0 131 0.75888 0.147938 1.37613 -0.650115 0 0
0 0 132 0.254793 -0.618134 -2.88454 -2.30122 0 0
0 0 133 1.24355 1.02224 -2.91726 -0.0740033 0 0
0 0 134 1.41571 -0.191089 1.21384 -0.754218 0 0
0 0 135 3.19834 -0.631526 -0.107262 0.878725 0 0
0 0 136 0.805178 0.568324 -0.653157 0.381237 0 0
0 0 137 0.402016 0.308671 -1.09233 -0.235015 0 0
0 0 138 -1.16931 0.666396 0.384862 0.566566 0 0
0 0 139 -0.570416 0.344282 0.860367 -0.571162 0 0
0 0 140 0.841648 1.89869 1.12995 0.225237 0 0
0 0 141 -1.13651 -0.00205058 -2.17338 -1.85071 0 0
0 0 142 -1.83616 -1.7921 -0.872222 -1.409 0 0
0 0 143 -1.52154 0.0851483 0.790041 1.75163 0 0
0 0 144 -0.000881433 -1.77081 0.810918 3.48313 0 0
0 0 145 1.78605 -1.35325 1.31396 1.0089 0 0
0 0 146 -2.21626 0.932006 0.347086 -2.1521 0 0
0 0 147 0.809278 -0.669883 -0.0958521 -1.63255 0 0
0 0 148 0.209016 -0.902383 0.0910934 1.01821 0 0
0 0 149 1.32198 0.915906 1.86421 -1.79848 0 0
0 0 150 0.868987 2.75927 -0.765993 3.2544 0 0
0 0 151 -2.47113 -0.719344 -1.05196 -1.34463 0 0
0 0 152 -1.05949 1.10888 -0.395742 1.5903 0 0
0 0 153 -0.293877 -0.453793 0.676886 -1.28991 0 0
0 0 154 0.632066 1.20749 -1.53666 1.31832 0 0
0 0 155 -0.948702 1.06722 0.169082 -0.531696 0 0
0 0 156 -0.506732 1.80246 -0.355879 -2.1504 0 0
0 0 157 0.46494 0.648285 -0.618597 0.749967 0 0
0 0 158 -1.1017 2.92495 0.123774 -0.750537 0 0
0 0 159 -0.236468 1.33827 -0.852083 -3.3646 0 0
0 0 160 -1.34402 0.772225 2.91888 0.101838 0 0
0 0 161 0.685499 0.86989 -1.38196 -0.389178 0 0
0 0 162 0.164638 0.734216 1.04445 0.641611 0 0
0 0 163 1.99271 -2.21194 -1.6936 1.413 0 0
0 0 164 0.0614858 -1.69361 0.406364 -0.282575 0 0
0 0 165 -0.381855 0.663393 0.596957 -0.638624 0 0
0 0 166 -1.09932 -0.770054 1.81815 -2.27229 0 0
0 0 167 -1.14258 1.6331 0.289254 0.967802 0 0
0 0 168 -0.00839818 -0.802217 2.45058 0.0227283 0 0
0 0 169 1.84351 0.143757 -2.62915 0.746171 0 0
0 0 170 -1.16279 -0.102594 -1.5817 0.211145 0 0
0 0 171 0.297012 0.861876 -0.346473 4.10803 0 0
0 0 172 1.42304 1.0318 -1.1398 1.07623 0 0
0 0 173 0.182714 1.899 0.313519 2.84466 0 0
0 0 174 -0.971216 0.216443 2.89705 0.803467 0 0
0 0 175 2.42249 0.0715628 0.313452 -1.77353 0 0
0 0 176 -0.350075 2.03914 0.767541 -0.47894 0 0
0 0 177 2.29119 0.687331 0.923975 2.03049 0 0
0 0 178 -1.34482 0.811095 0.494187 -0.0923582 0 0
0 0 179 -0.633046 0.758991 2.03056 -0.315813 0 0
0 0 180 -4.00261 -0.581033 -1.1999 -0.095111 0 0
0 0 181 -0.244188 -0.108001 -0.85357 -0.872134 0 0
0 0 182 0.193549 0.637727 -0.0589182 -0.538596 0 0
0 0 183 0.471977 -0.674503 -1.009 -1.1271 0 0
0 0 184 -1.80215 0.278226 0.170474 -0.908922 0 0
0 0 185 -0.0267642 -1.68146 -0.459973 -0.571877 0 0
0 0 186 -1.95474 0.0630094 1.40226 0.859662 0 0
0 0 187 -1.86323 -0.644966 -0.174948 -0.496993 0 0
0 0 188 -1.16735 -0.452009 -2.91174 -0.468217 0 0
0 0 189 -0.475163 1.01016 -0.0296622 -0.0574638 0 0
0 0 190 -1.31162 -0.796167 0.203186 -0.695507 0 0
0 0 191 -0.528733 0.206518 -0.180165 -0.476591 0 0
0 0 192 1.04054 0.30877 1.09674 1.00831 0 0
0 0 193 0.971863 1.0205 0.950604 -1.14172 0 0
0 0 194 0.0766008 1.74431 -1.73825 0.195121 0 0
0 0 195 2.10942 -0.911381 -0.416594 0.361057 0 0
0 0 196 -0.0290204 1.90212 -0.203659 -0.328636 0 0
0 0 197 0.253941 -0.9896 -1.32771 0.156962 0 0
0 0 198 2.06937 -0.502525 0.323338 1.76569 0 0
0 0 199 -1.58379 -0.350138 -0.277085 0.710362 0 0
0 0 200 -0.0766225 1.71457 1.08133 -0.841554 0 0
0 0 201 2.68833 1.58921 -1.06045 2.51129 0 0
0 0 202 2.35387 -2.3706 0.0544851 0.285024 0 0
0 0 203 2.38702 1.5025 0.750889 -1.74035 0 0
0 0 204 0.142663 -0.862593 0.345161 -1.44428 0 0
0 0 205 1.67986 -1.58494 -0.0799869 0.350057 0 0
0 0 206 0.836857 -1.34055 -0.106945 0.242697 0 0
0 0 207 2.49165 -1.1324 0.266836 0.421599 0 0
0 0 208 -0.0828008 0.945443 -2.2707 0.33412 0 0
0 0 209 -1.16969 -1.45271 -0.210522 2.38128 0 0
0 0 210 0.141975 -1.3298 -2.06772 -0.176747 0 0
0 0 211 3.92713 -2.40088 0.183162 0.087474 0 0
0 0 212 1.89809 -0.154758 0.930783 -3.16235 0 0
0 0 213 0.276998 -2.01148 -0.0801836 -0.0158965 0 0
0 0 214 -0.366233 -0.991452 1.06464 -0.604671 0 0
0 0 215 -1.39291 0.16815 1.24568 0.357065 0 0
0 0 216 -0.330849 1.39098 -0.139932 0.77162 0 0
0 0 217 -0.642272 0.52382 -0.450606 -0.313779 0 0
0 0 218 0.0175176 -0.316884 -2.29411 -0.584339 0 0
0 0 219 1.30164 -0.452905 2.71986 -0.557039 0 0
0 0 220 1.19501 -1.3935 -0.424147 1.65442 0 0
0 0 221 -0.300217 -1.33859 1.01819 -1.93279 0 0
0 0 222 -1.71977 0.097212 -1.34143 -2.17575 0 0
0 0 223 -0.224469 -0.168278 -2.9438 -0.332511 0 0
0 0 224 -0.844793 -1.84721 1.55009 -1.7319 0 0
0 0 225 0.478679 1.29199 0.030355 1.33261 0 0
0 0 226 1.04654 -3.048 2.32516 -1.53881 0 0
0 0 227 -1.47872 -1.81328 0.901811 2.10172 0 0
0 0 228 2.95581 -0.837661 -1.22791 1.10074 0 0
0 0 229 0.707545 -1.60478 2.27957 -0.348279 0 0
0 0 230 0.446908 -0.262116 0.818218 -1.92456 0 0
0 0 231 0.260735 -2.91252 -0.816363 1.60083 0 0
0 0 232 0.06604 -0.302281 1.91881 0.282638 0 0
0 0 233 1.1521 1.62162 -0.591045 0.466848 0 0
0 0 234 -0.422003 0.337494 1.13144 -1.06901 0 0
0 0 235 0.659626 1.15176 1.43574 -0.820662 0 0
0 0 236 0.78421 0.583193 -2.63209 -0.204076 0 0
0 0 237 0.593271 0.610107 -0.748207 2.00606 0 0
0 0 238 -1.37673 -0.721326 0.349743 1.75413 0 0
0 0 239 -1.09526 1.65634 3.06556 1.69839 0 0
0 0 240 -1.17829 -1.43389 -0.90846 -0.788638 0 0
0 0 241 -1.03371 1.13826 -1.53569 1.69021 0 0
0 0 242 0.224955 1.28057 -1.66142 0.999212 0 0
0 0 243 -1.99224 2.12409 -1.58645 -0.386033 0 0
0 0 244 0.223657 0.30497 -0.0715887 0.48904 0 0
0 0 245 -2.17972 -1.21876 0.698063 -0.572362 0 0
0 0 246 2.94869 0.70444 1.48037 1.17339 0 0
0 0 247 0.35657 0.42297 -1.0454 -0.17959 0 0
0 0 248 1.41487 0.939501 -0.0594458 0.268752 0 0
0 0 249 -0.251833 0.445973 0.506136 0.919159 0 0
0 0 250 0.283207 -0.61099 1.3707 0.969901 0 0
0 0 251 1.54779 2.72543 2.09835 0.814987 0 0
0 0 252 -1.15985 -0.131298 1.45541 -0.139736 0 0
0 0 253 -2.43951 -3.29211 1.75692 -1.43331 0 0
0 0 254 0.319287 0.771828 1.61006 -0.312027 0 0
0 0 255 0.798579 -0.472684 -1.05029 -1.63133 0 0
0 0 256 -1.34011 -0.840451 -1.72565 -1.9738 0 0
0 0 257 -0.916912 1.37755 -1.20079 -0.108143 0 0
0 0 258 -0.411899 0.291235 -1.19931 0.562005 0 0
0 0 259 0.540805 1.19786 0.701962 -1.05512 0 0
0 0 260 -0.975652 0.341467 0.0221633 -0.0454093 0 0
0 0 261 1.1025 0.866792 0.636805 -0.798204 0 0
0 0 262 -0.0220584 -0.03092 -0.484265 0.917252 0 0
0 0 263 0.0638374 -2.43033 1.19185 0.943397 0 0
0 0 264 -3.39673 -0.548622 -0.822357 2.60332 0 0
0 0 265 -1.15169 -0.682153 -3.34199 1.75091 0 0
0 0 266 -0.747252 1.34983 -1.02987 -1.64761 0 0
0 0 267 -3.65816 -0.299082 0.766303 -0.937132 0 0
0 0 268 -0.517404 0.869649 -1.43197 0.289926 0 0
0 0 269 -1.41464 -0.319973 -0.807343 -1.46347 0 0
0 0 270 -0.0787217 -0.0128537 -0.0748223 -0.939815 0 0
0 0 271 -0.743772 -0.3017 -0.625391 -0.568612 0 0
0 0 272 -1.96636 -1.19677 -1.78311 1.08636 0 0
0 0 273 1.10705 -2.09829 0.491971 0.528352 0 0
0 0 274 -0.9435 1.0249 -0.975243 -0.768414 0 0
0 0 275 0.035694 1.08262 0.0484193 -0.139382 0 0
0 0 276 1.68786 -0.26706 0.154002 1.53962 0 0
0 0 277 -0.489325 0.819656 -0.571394 2.17637 0 0
0 0 278 1.87111 0.197079 0.203028 -0.761446 0 0
0 0 279 0.792263 -1.47449 -0.666158 -0.848109 0 0
0 0 280 -0.268003 -1.99367 0.758354 0.10462 0 0
0 0 281 0.0210869 1.08178 1.42451 0.87235 0 0
0 0 282 0.222969 0.585837 0.338986 -0.944051 0 0
0 0 283 0.217845 -2.36524 -0.643979 -3.43205 0 0
0 0 284 0.266314 1.47963 -2.04377 0.694977 0 0
0 0 285 2.78547 -0.112139 4.41418 -0.988695 45.7276 8.20851
0 0 286 0.180055 -0.493041 -0.72299 -1.98992 0 0
0 0 287 1.13527 -0.843122 -1.18415 0.933358 0 0
0 0 288 -0.987017 -0.125305 0.771409 -0.66223 0 0
0 0 289 -0.931015 -3.15264 0.357944 0.724669 0 0
0 0 290 2.00153 -1.69921 1.76905 0.897741 0 0
0 0 291 -0.180288 -0.00159033 -1.52668 -0.102167 0 0
0 0 292 -1.25096 0.665025 0.107678 1.19827 0 0
0 0 293 1.81551 1.8873 0.675394 -1.28703 0 0
0 0 294 1.54525 0.221968 2.62869 1.34458 0 0
0 0 295 0.806305 0.529107 -1.04092 -0.191284 0 0
0 0 296 0.613959 -1.44253 0.68259 1.90398 0 0
0 0 297 1.13592 -2.45155 -1.75021 -1.10214 0 0
0 0 298 -1.54473 -0.638402 1.58871 -0.0504636 0 0
0 0 299 0.560316 -2.65715 -0.34737 0.688911 0 0
0 0 300 -0.643087 1.29891 1.50418 -1.25876 0 0
0 0 301 -0.153609 -2.36076 -0.42872 0.433252 0 0
0 0 302 -0.554836 0.0491391 0.0901331 0.826684 0 0
0 0 303 -0.408828 -1.47189 -0.549326 -2.02227 0 0
0 0 304 0.00922318 -0.267227 2.48062 -2.56996 0 0
0 0 305 0.16152 -0.333254 2.52314 -0.123917 0 0
0 0 306 -1.04692 2.51366 -0.0474756 -0.70424 0 0
0 0 307 -2.16061 1.59027 -0.103829 -0.441641 0 0
0 0 308 1.73943 1.75897 0.0951613 -3.00702 0 0
0 0 309 -2.21282 -0.144589 -1.67496 0.0208614 0 0
0 0 310 -0.987624 0.249868 -0.359788 2.03823 0 0
0 0 311 2.10906 1.22357 -1.64675 -2.51582 0 0
0 0 312 -1.10833 0.428996 -0.45384 -2.44995 0 0
0 0 313 -2.76997 0.11304 0.721828 -0.30634 0 0
0 0 314 -0.0881214 -0.94296 -1.18903 -0.905518 0 0
0 0 315 -0.163567 -0.622847 -0.258166 0.0325016 0 0
0 0 316 1.25313 3.75806 -0.144911 -0.00530824 0 0
0 0 317 -2.65095 -0.470019 -0.149204 0.519174 0 0
0 0 318 0.652864 -0.252364 -0.991021 -0.177746 0 0
0 0 319 -0.233107 -1.13713 -2.10675 1.06967 0 0
0 0 320 0.78441 -4.20102 -0.566145 -0.113554 0 0
0 0 321 2.36019 -2.50971 0.241881 -0.595543 0 0
0 0 322 0.764734 -0.819994 2.7079 0.443493 0 0
0 0 323 -0.419093 -0.180897 2.26712 1.31092 0 0
0 0 324 -0.317527 -0.100292 0.128667 -1.04269 0 0
0 0 325 1.59964 2.40367 -0.252672 0.465656 0 0
0 0 326 -2.86791 0.0644752 -0.0196435 0.0301731 0 0
0 0 327 1.70189 -1.52539 0.379272 0.127418 0 0
0 0 328 0.142417 -1.12243 1.11941 0.238846 0 0
0 0 329 -2.0223 -0.715275 2.66957 1.06539 0 0
0 0 330 0.956306 0.384202 -0.946065 1.81058 0 0
0 0 331 -1.05297 -0.61214 0.668224 -0.945965 0 0
0 0 332 2.40167 0.520369 0.730324 1.99765 0 0
0 0 333 0.0290578 -1.13309 0.648059 0.463974 0 0
0 0 334 -0.176656 1.82831 0.64638 1.67197 0 0
0 0 335 -1.12098 0.456327 1.19472 -0.651452 0 0
0 0 336 0.433283 2.05117 -0.943447 0.402361 0 0
0 0 337 0.893504 -0.445416 -0.44107 -3.05329 0 0
0 0 338 0.858806 -1.43035 -1.60968 -1.31927 0 0
0 0 339 -0.747977 -1.01641 1.88897 0.205006 0 0
0 0 340 -3.01862 -0.554614 -0.5776 -0.950292 0 0
0 0 341 -0.103178 -1.61264 -1.23233 -0.601541 0 0
0 0 342 -0.715653 -2.35176 0.24261 0.317609 0 0
0 0 343 0.886057 1.77818 -0.43946 1.25357 0 0
0 0 344 -2.56965 -0.840832 -0.570179 -1.21708 0 0
0 0 345 1.87513 2.35915 -2.74522 -2.23635 0 0
0 0 346 2.37509 -0.340747 1.56665 -1.21265 0 0
0 0 347 -1.07338 -0.585835 -1.44788 1.8204 0 0
0 0 348 0.311129 -1.25432 -3.23978 0.774027 0 0
0 0 349 0.433991 1.17392 -3.25292 -1.18916 0 0
0 0 350 0.260871 -0.436408 -0.332509 -1.33708 0 0
0 0 351 0.685991 -0.246047 -3.03976 1.22185 0 0
0 0 352 0.95263 0.435085 -0.803132 -0.131236 0 0
0 0 353 0.475044 0.547482 -0.216019 0.719025 0 0
0 0 354 -0.907962 0.110056 -1.12079 -1.99956 0 0
0 0 355 3.94942 -0.653388 -0.0941344 -0.687367 0 0
0 0 356 -0.838533 -0.112754 -3.25395 1.23597 0 0
0 0 357 0.493783 -0.749716 -2.63953 1.17829 0 0
0 0 358 0.829717 -0.0936728 -1.48455 -1.11017 0 0
0 0 359 1.0497 0.301382 -2.46533 0.91028 0 0
0 0 360 0.156485 1.13225 -3.72802 2.0123 0 0
0 0 361 2.54083 0.0308678 -3.95381 0.887876 0 0
0 0 362 3.68599 0.792473 -1.73335 -1.46182 0 0
0 0 363 1.64718 -1.48645 -4.44122 -0.740354 -54.2525 7.76575
0 0 364 3.49616 -0.0865415 -5.51157 -3.53628 -45.4498 6.57536
0 0 365 3.45029 1.47741 -0.545888 3.10936 0 0
0 0 366 5.04795 4.15523 -4.83055 1.19191 -24.649 5.77078
0 0 367 4.6622 0.58292 -3.25585 -1.53249 0 0
0 0 368 5.48198 -1.97575 -6.93467 0.347322 -52.9514 5.03952
0 0 369 6.55392 1.85371 -7.53067 -0.609625 -38.0857 4.68261
0 0 370 8.65021 3.65054 -7.36042 0.944614 -31.81 4.44131
0 0 371 11.2619 2.70083 -6.48985 -1.32001 -33.7024 5.18223
0 0 372 9.97796 0.91667 -9.01244 -0.600732 -42.0962 4.0024
0 0 373 8.96881 1.69518 -10.6098 0.6695 -40.4612 3.37624
0 0 374 9.53913 1.50879 -8.13359 -1.80489 -39.7455 4.38644
0 0 375 8.58659 0.463573 -8.30528 -0.945193 -43.4026 4.35774
0 0 376 11.5364 1.6499 -7.18493 0.292872 -38.5336 4.92504
0 0 377 10.656 -0.409253 -9.78251 -0.646723 -46.1978 3.70204
0 0 378 9.69781 -0.149689 -9.73474 0.649692 -45.4405 3.72283
0 0 379 10.8373 1.96745 -7.28646 0.433253 -37.4448 4.81347
0 0 380 11.8847 3.61777 -10.5078 -1.36783 -35.5008 3.27329
0 0 381 10.3694 0.628036 -8.98984 -2.26714 -43.0019 4.02261
0 0 382 8.41338 1.66569 -9.06023 -0.459946 -39.7913 3.9389
0 0 383 11.2591 1.18233 -9.16481 -1.50803 -41.3245 3.92447
0 0 384 9.02654 -0.475729 -7.20292 -0.0951358 -46.8894 5.02176
0 0 385 9.80255 1.73035 -9.7029 1.03967 -39.9443 3.68133
0 0 386 9.56353 0.656804 -7.24795 1.11393 -42.411 4.98167
0 0 387 10.1192 1.54176 -7.68378 -0.253463 -39.3271 4.63101
0 0 388 6.50233 -0.479863 -6.81839 0.202398 -47.0129 5.30352
0 0 389 7.03971 2.68201 -8.22734 1.44534 -35.9724 4.20227
0 0 390 9.0778 0.353002 -7.38213 -1.30547 -43.6311 4.90457
0 0 391 5.10347 0.999027 -6.55862 -0.659317 -40.6696 5.46752
0 0 392 7.30666 2.77636 -3.11367 0.399857 0 0
0 0 393 8.35321 2.45609 -4.77908 -1.96214 -31.4001 6.79361
0 0 394 5.42748 0.309316 -8.14331 -1.25288 -43.9124 4.44787
0 0 395 7.20014 3.61485 -5.91574 0.794408 -29.2864 5.27663
0 0 396 4.49257 0.390405 -4.44018 0.324053 -42.4876 8.13367
0 0 397 5.80483 -1.0241 -5.17825 0.197184 -50.5935 6.8753
0 0 398 6.38435 -0.188042 -4.80707 2.16107 -46.1201 7.53452
0 0 399 6.5229 -0.0200696 -2.99342 -3.36614 0 0
0 0 400 4.09899 -0.0820627 -6.59889 1.62359 -45.3562 5.49216
0 0 401 6.27078 2.10112 -8.29051 0.248958 -37.8893 4.24663
0 0 402 5.68405 0.410551 -7.25134 -1.63144 -43.3798 4.99091
0 0 403 8.30189 0.306335 -6.4528 -2.78353 -43.641 5.61101
0 0 404 8.23797 -0.829753 -5.60658 2.57984 -49.2092 6.39973
0 0 405 7.29218 -0.668136 -4.25603 -0.725597 0 0
0 0 406 8.55735 0.866778 -6.63559 0.641251 -41.2789 5.41928
0 0 407 10.4873 0.299125 -7.53972 0.722459 -43.864 4.80365
0 0 408 9.65689 1.05574 -6.44632 1.00214 -40.3495 5.5536
0 0 409 10.1625 1.22643 -6.19106 3.30446 -39.3975 5.75021
0 0 410 11.2934 -0.951374 -8.98259 1.12518 -48.0229 4.01408
0 0 411 13.6695 1.187 -8.5527 -1.5785 -41.0493 4.2003
0 0 412 11.9788 -2.84297 -8.87887 0.622725 -53.8774 3.9001
0 0 413 12.4314 -0.92947 -11.9336 0.289504 -47.2268 3.02866
0 0 414 13.1673 0.789872 -9.95113 -0.609203 -42.7308 3.63164
0 0 415 12.0795 -0.633874 -11.4004 -2.3811 -46.5912 3.17468
0 0 416 13.4674 1.82552 -14.5151 -0.603713 -41.4158 2.47885
0 0 417 14.7222 -0.665323 -12.5453 -0.00388021 -46.5179 2.88533
0 0 418 16.0709 1.64263 -14.8701 -0.350836 -41.8482 2.42369
0 0 419 14.5977 1.11881 -12.349 2.02024 -42.4116 2.92388
0 0 420 16.6154 2.16647 -13.6573 1.00563 -40.4931 2.6233
0 0 421 21.0486 1.06884 -13.7483 0.311969 -42.7773 2.62892
0 0 422 19.9946 1.01088 -16.8166 1.47012 -43.28 2.15167
0 0 423 20.0284 1.3216 -18.7435 -0.751438 -42.9834 1.92926
0 0 424 23.9367 -0.818676 -18.5147 -0.0678431 -46.2659 1.95584
0 0 425 23.4014 -2.04926 -18.8521 -1.46567 -48.1019 1.91209
0 0 426 21.9419 0.00562 -19.5313 -1.17 -44.9918 1.85572
0 0 427 25.1252 -0.929688 -18.721 0.964564 -46.4215 1.93382
0 0 428 25.2731 -1.45902 -18.5675 -1.6949 -47.2465 1.94646
0 0 429 22.8905 -2.20431 -18.4957 -0.727055 -48.3982 1.94679
0 0 430 26.905 2.14052 -22.824 -0.576519 -42.3211 1.58155
0 0 431 26.9999 -3.02575 -18.2583 -0.0931816 -49.7047 1.9602
0 0 432 26.0503 -1.88342 -20.1065 -0.423249 -47.6757 1.79532
0 0 433 27.9797 -0.692945 -19.6767 -1.4597 -46.0085 1.84095
0 0 434 30.3985 -2.893 -19.3277 2.15018 -49.2565 1.85601
0 0 435 29.6721 -1.1947 -21.7083 0.319535 -46.575 1.66728
0 0 436 32.3796 -2.90159 -18.2779 -2.01921 -49.5102 1.96011
0 0 437 32.8407 -2.089 -19.9683 -3.99229 -47.9862 1.80594
0 0 438 33.5502 0.875771 -19.5394 -1.01099 -43.7168 1.85323
0 0 439 34.1653 -1.72699 -19.6887 -1.03367 -47.5064 1.83433
0 0 440 36.8261 -3.09222 -18.8972 -1.19947 -49.6466 1.89451
0 0 441 44.4038 -5.81746 -18.2303 0.0959002 -53.8492 1.90006
0 0 442 47.2753 -3.84963 -20.4289 -0.291452 -50.3358 1.74556
0 0 443 53.1974 -3.67811 -18.6317 1.14696 -50.5836 1.91095
0 0 444 56.1263 -0.557043 -17.0756 0.483327 -45.9342 2.12155
0 0 445 62.8574 -4.12757 -13.2171 -2.66031 -53.6715 2.62556
0 0 446 68.0032 -2.48632 -8.36841 -2.69509 -53.2736 4.16332
0 0 447 73.8533 -3.87284 -3.06694 -0.21908 -70.812 7.49006
0 0 448 80.5284 -1.05448 0.756635 -0.291671 0 0
0 0 449 86.7827 -1.41085 6.04726 -0.201234 51.5662 5.84717
0 0 450 95.3226 1.96747 13.1366 0.212656 40.7411 2.73069
0 0 451 105.535 6.02281 20.281 -0.01698 36.7301 1.71794
0 0 452 115.824 5.72358 24.9186 0.351746 38.532 1.42005
0 0 453 125.362 8.66609 35.2679 -0.365902 38.0973 0.999959
0 0 454 136.192 10.2257 42.5929 3.03078 38.25 0.828992
0 0 455 142.117 12.9825 45.8963 3.11767 37.1028 0.761825
0 0 456 154.854 14.7086 52.3652 2.75824 37.1554 0.668037
0 0 457 158.885 16.955 58.3101 5.23825 36.8935 0.598462
0 0 458 165.92 17.7213 59.284 4.17091 36.6787 0.587412
0 0 459 168.646 20.7727 63.0979 4.18431 35.8889 0.547443
0 0 460 169.268 22.5788 60.3674 2.58232 34.7465 0.56472
0 0 461 170.106 20.0295 58.5934 2.56975 35.5638 0.587426
0 0 462 167.66 21.3542 56.5525 3.22213 34.6567 0.602148
0 0 463 162.676 16.1963 50.4753 1.34669 36.1049 0.685921
0 0 464 155.694 16.7101 44.2351 1.76327 34.6528 0.76978
0 0 465 152.05 16.3808 40.6989 5.16467 34.0379 0.830099
0 0 466 143.411 13.1934 35.5327 -1.81227 34.8149 0.96022
0 0 467 137.017 13.3214 32.9394 -1.01847 33.9903 1.025
0 0 468 131.019 10.6814 26.1246 4.10491 33.881 1.29049
0 0 469 125.232 8.66123 24.046 4.83294 35.0956 1.4237
0 0 470 119.785 6.67093 17.3744 -0.0765859 34.4978 1.95606
0 0 471 112.666 8.70297 16.4286 -0.246146 31.0439 1.96416
0 0 472 108.823 4.52554 13.6844 3.32987 35.8503 2.52317
0 0 473 100.167 3.63385 10.9289 2.26991 35.804 3.15776
0 0 474 98.2483 3.80278 8.26828 0.776191 32.6506 4.00638
0 0 475 92.9748 4.32558 7.26381 -0.188092 29.6132 4.32556
0 0 476 88.8105 0.918423 5.97575 2.83643 40.6312 5.99966
0 0 477 85.3035 0.062439 1.30802 -0.784212 0 0
0 0 478 81.5418 -1.49472 1.68066 -0.124572 0 0
0 0 479 81.6771 -0.430058 1.86944 -2.10125 0 0
0 0 480 77.7972 -2.32389 -1.11463 0.448261 0 0
0 0 481 76.291 -3.0897 -1.81482 -0.197626 0 0
0 0 482 72.3267 -2.12727 -2.59017 -3.70788 0 0
0 0 483 71.2143 -1.42411 -2.90425 -2.2011 0 0
0 0 484 70.2193 -1.65537 0.161149 -0.871787 0 0
0 0 485 65.1677 -4.44494 -3.7763 -2.99032 -69.8249 6.33704
0 0 486 66.4784 -3.2965 -4.54899 -1.5897 -62.9648 6.52756
0 0 487 63.1266 -3.71282 -3.39337 -2.93601 -68.787 7.33946
0 0 488 61.5037 -2.30141 -4.12672 -1.66815 -59.5739 7.73297
0 0 489 60.028 -2.84463 -6.31777 -4.07996 -57.12 5.26134
0 0 490 58.1884 -3.53213 -6.72661 -4.78139 -58.8519 4.80585
0 0 491 53.9997 -4.84813 -4.29271 -4.70198 -69.2386 5.70398
0 0 492 53.5028 -4.10653 -4.38955 -4.61376 -66.546 6.12567
0 0 493 49.1162 -3.48914 -4.03669 -3.81252 -65.4193 6.89201
0 0 494 46.9611 -5.13047 -2.32919 -4.62046 -77.7912 6.61338
0 0 495 46.2543 -5.49408 -4.3451 -5.39817 -70.8303 5.28261
0 0 496 45.7101 -9.10846 -2.65973 -3.84282 -81.8609 3.93876
0 0 497 41.6369 -2.65525 -4.07859 -2.71856 -61.5325 7.52318
0 0 498 40.674 -3.36456 -2.77017 -4.16961 -70.2671 8.48494
0 0 499 39.8067 -2.88373 -1.93877 -5.80796 0 0
0 0 500 38.2104 -7.78959 -2.17432 -4.99786 -82.202 4.62226
0 0 501 37.1256 -5.13704 -3.1179 -5.51581 -74.3723 6.18109
0 0 502 30.6387 -5.98198 -3.92337 -7.21943 -73.3703 5.18675
0 0 503 31.6085 -3.98968 -1.83161 -4.56511 -77.6704 8.48715
0 0 504 31.7056 -3.67002 -1.37074 -3.2655 0 0
0 0 505 27.4935 -6.83171 -3.78718 -3.25833 -75.499 4.76045
0 0 506 28.2745 -6.00667 -4.28115 -6.4036 -72.2606 5.02442
0 0 507 26.4203 -4.64569 -4.03527 -2.39789 -69.5111 6.00429
0 0 508 23.7972 -5.27922 -3.17719 -2.28295 -74.4796 6.02891
0 0 509 23.3897 -7.39271 -0.311459 -3.10484 -88.7938 5.06359
0 0 510 23.4979 -6.08903 -2.16581 -3.09976 -80.21 5.77672
0 0 511 21.1024 -6.77525 -3.89709 0.61664 -75.0463 4.75537
0 0 512 20.7774 -3.31329 -4.23204 -3.85805 -64.0288 6.83097
0 0 513 19.8002 -5.48306 -3.42491 -1.03524 -74.0048 5.74331
0 0 514 17.0324 -4.8961 -5.10573 -3.84704 -66.8997 5.20734
0 0 515 15.0742 -5.3341 -2.23498 -1.94779 -78.6332 6.44753
0 0 516 16.1275 -4.02847 -2.62966 -1.70584 -73.4324 7.71338
0 0 517 15.6539 -4.47535 -0.741485 -2.63921 -85.2963 8.25261
0 0 518 16.9975 -4.72201 -0.8566 -2.04409 -84.859 7.79954
0 0 519 13.6311 -3.80094 -1.87855 -2.94745 0 0
0 0 520 12.8542 -4.33504 -1.35139 -2.39855 -81.343 8.22811
0 0 521 11.8269 -5.95451 -3.12902 -1.48384 -76.1393 5.53141
0 0 522 12.221 -6.89366 -1.54852 -1.74175 -83.6699 5.29494
0 0 523 14.5634 -5.66926 -0.196051 -1.3868 -89.0097 6.60495
0 0 524 11.7311 -5.08538 -4.13155 -3.20833 -70.4541 5.64502
0 0 525 10.8982 -4.32905 -0.148912 -1.46472 -89.015 8.6498
0 0 526 10.7014 -1.55495 -2.81202 0.403506 0 0
0 0 527 6.47055 -5.14221 -4.50807 -0.660461 -69.3798 5.40206
0 0 528 8.2104 -2.5455 -4.28793 0.365869 -60.3476 7.33323
0 0 529 9.43258 -0.767107 -0.850386 -2.14086 0 0
0 0 530 5.85264 -1.11531 -0.0892081 -1.8579 0 0
0 0 531 6.18353 -3.76441 -0.899971 0.779092 0 0
0 0 532 6.31855 -3.70434 -2.67124 -1.40515 -72.1021 8.11355
0 0 533 5.92855 -1.42687 -1.32338 -0.947724 0 0
0 0 534 4.97754 -1.30984 -2.42968 -1.10777 0 0
0 0 535 6.41432 -0.583051 0.214401 -2.57649 0 0
0 0 536 5.09812 -2.55124 0.103259 0.0203131 0 0
0 0 537 5.33249 -2.58749 -0.970476 -0.286138 0 0
0 0 538 5.93165 -0.854968 -1.26291 -0.822894 0 0
0 0 539 4.92276 -2.18619 -0.16529 0.812606 0 0
0 0 540 5.25906 -2.73481 -0.44329 0.709974 0 0
0 0 541 5.58949 -1.29538 -0.460777 -3.08369 0 0
0 0 542 3.11996 -0.48207 -0.141337 0.970988 0 0
0 0 543 2.64443 -2.86344 -0.198318 0.994964 0 0
0 0 544 3.90258 -0.0652663 -2.73877 1.3202 0 0
0 0 545 3.99452 0.779732 1.87007 -0.864278 0 0
0 0 546 5.26039 -3.39807 -3.12756 0.83063 -68.6869 7.9927
0 0 547 3.84894 0.520424 1.24901 -0.056945 0 0
0 0 548 0.100726 -1.7558 2.79907 0.551821 0 0
0 0 549 1.66435 -0.824396 1.0486 0.401378 0 0
0 0 550 3.03919 0.549326 0.344087 -1.42963 0 0
0 0 551 3.9261 1.421 0.0123127 -1.27536 0 0
0 0 552 2.83714 -0.54554 -0.355354 -0.0571392 0 0
0 0 553 1.37899 0.283868 -0.300355 0.201614 0 0
0 0 554 2.16815 2.03593 0.196531 0.0305977 0 0
0 0 555 5.40753 -1.35619 0.33816 -1.61875 0 0
0 0 556 1.90488 0.0241491 0.470984 -3.53031 0 0
0 0 557 2.34168 -0.450678 1.17138 1.37468 0 0
0 0 558 1.84122 0.196383 1.26833 -0.217047 0 0
0 0 559 -1.98268 2.05037 1.44781 -3.23081 0 0
0 0 560 1.27696 1.81825 -1.61162 -0.206792 0 0
0 0 561 3.34399 0.733599 0.978326 -1.19302 0 0
0 0 562 0.884811 0.860676 -0.375635 0.527795 0 0
0 0 563 -0.127103 -0.134752 -1.63847 1.66143 0 0
0 0 564 0.303083 -0.952882 0.243814 -0.831121 0 0
0 0 565 3.94249 0.925545 0.529086 0.723924 0 0
0 0 566 4.75574 0.941892 -0.564438 -1.07926 0 0
0 0 567 1.3796 1.22741 2.22375 1.69306 0 0
0 0 568 3.14492 0.605956 0.891912 0.0234244 0 0
0 0 569 1.60682 1.58714 1.30681 -0.372198 0 0
0 0 570 3.43276 0.0686311 3.83292 0.305333 0 0
0 0 571 2.21993 0.429342 2.47738 -1.36905 0 0
0 0 572 3.63833 0.031962 0.137986 0.846542 0 0
0 0 573 0.22199 -0.151725 0.329458 -2.64329 0 0
0 0 574 2.41239 1.2618 1.00876 1.78188 0 0
0 0 575 2.39491 -0.379145 1.63544 -2.36648 0 0
0 0 576 3.9277 -1.3305 1.71772 -1.92889 0 0
0 0 577 2.88829 -0.582356 1.71992 2.07392 0 0
0 0 578 4.16102 -0.688712 -0.844379 -0.345679 0 0
0 0 579 2.82775 -0.672958 3.53628 3.06057 0 0
0 0 580 4.10626 -0.699191 3.59655 0.693186 0 0
0 0 581 2.07679 -1.88009 3.55432 -0.758637 0 0
0 0 582 5.00232 -1.34107 1.74578 3.11674 0 0
0 0 583 5.93244 1.77559 1.94776 -1.94724 0 0
0 0 584 2.92462 -2.56849 0.545218 0.228747 0 0
0 0 585 4.90835 -1.45269 3.01413 -1.03469 0 0
0 0 586 2.9813 -2.09641 3.51615 -0.649905 0 0
0 0 587 3.14476 0.221611 2.14832 0.485037 0 0
0 0 588 4.32602 0.705882 0.732135 -0.790602 0 0
0 0 589 4.80854 -1.70087 1.83892 1.46972 0 0
0 0 590 1.87928 -0.367923 3.23799 -1.60728 0 0
0 0 591 4.12025 -2.62772 3.39437 0.372551 0 0
0 0 592 5.27005 -0.587949 0.470883 -0.203655 0 0
0 0 593 3.36561 -1.56705 1.03262 -0.991262 0 0
0 0 594 6.68344 -2.27854 2.03354 -0.711347 0 0
0 0 595 2.48968 -0.203753 4.42825 0.941658 46.3172 8.17683
0 0 596 3.68423 -0.787345 1.61597 -0.873019 0 0
0 0 597 1.7125 -0.497193 1.82201 0.584483 0 0
0 0 598 2.92492 -1.29238 1.69317 -1.87851 0 0
0 0 599 2.45072 -0.118905 -0.414501 -1.69038 0 0
0 0 600 3.3981 -2.797 2.39766 -0.355809 0 0
0 0 601 2.38782 1.48219 2.38747 1.23762 0 0
0 0 602 6.81219 0.805066 0.876116 -1.14034 0 0
0 0 603 2.60265 -0.267205 2.02389 -4.43234 0 0
0 0 604 3.21662 -1.11744 -0.473417 -4.56543 0 0
0 0 605 1.78952 -1.78588 0.293247 -0.429219 0 0
0 0 606 3.10402 -0.50264 0.827297 1.28127 0 0
0 0 607 0.656209 0.087736 -1.14298 -0.636188 0 0
0 0 608 0.51953 -2.64338 1.80924 -0.423687 0 0
0 0 609 2.59918 0.92615 -1.06623 -2.76338 0 0
0 0 610 -0.506221 -0.986522 1.87709 0.0666502 0 0
0 0 611 0.168525 -3.84353 0.661079 -1.79745 0 0
0 0 612 0.860747 -0.209044 1.44601 -1.05329 0 0
0 0 613 1.21934 -0.397235 1.91547 -0.413776 0 0
0 0 614 2.00133 -0.179053 2.39648 0.741096 0 0
0 0 615 0.343987 -0.755668 2.52286 0.784201 0 0
0 0 616 0.0183911 -1.45184 0.755812 -2.84697 0 0
0 0 617 0.710637 -1.20874 0.842482 1.11212 0 0
0 0 618 -0.338596 -2.99055 0.472616 -2.28923 0 0
0 0 619 -0.880654 -1.91853 3.75819 0.38166 0 0
0 0 620 0.108672 0.0700107 2.72676 0.621329 0 0
0 0 621 0.932254 -2.85033 0.831248 -1.0465 0 0
0 0 622 -0.383092 -2.96649 -0.800625 1.01877 0 0
0 0 623 0.204092 -1.46232 1.97917 0.305034 0 0
0 0 624 1.71105 -0.0773253 1.72372 1.91587 0 0
0 0 625 2.90422 -0.491123 1.07162 2.30145 0 0
0 0 626 1.43009 -0.96973 1.19921 -0.607099 0 0
0 0 627 -0.380956 0.923964 0.79094 -1.07276 0 0
0 0 628 1.57846 -0.173314 3.38732 -1.5922 0 0
0 0 629 0.0763235 -0.81726 0.208715 -0.610932 0 0
0 0 630 -1.4133 -1.88133 -0.349349 -0.726955 0 0
0 0 631 0.0555182 -2.10884 1.59868 1.94882 0 0
0 0 632 1.95958 -3.10486 2.1682 -0.136974 0 0
0 0 633 0.774133 -0.1825 -0.903232 0.616616 0 0
0 0 634 1.42043 -1.13829 0.802061 0.152738 0 0
0 0 635 1.91319 0.27339 -0.780257 -0.317394 0 0
0 0 636 -0.0732172 -1.07293 -0.526327 0.0918341 0 0
0 0 637 0.447444 1.34275 1.21679 0.864306 0 0
0 0 638 0.972169 1.36065 0.327416 0.400219 0 0
0 0 639 1.37778 -0.894279 1.6246 -1.95182 0 0
0 0 640 1.01803 -0.484646 1.36102 0.85278 0 0
0 0 641 1.79409 1.51185 0.260209 0.955324 0 0
0 0 642 0.502141 0.839507 0.797639 -1.63601 0 0
0 0 643 2.35257 1.93503 1.9581 -2.73814 0 0
0 0 644 0.44213 -2.62932 1.1374 -1.09441 0 0
0 0 645 0.620412 2.15047 1.3913 1.40857 0 0
0 0 646 0.553174 -1.12953 0.403806 4.24423 0 0
0 0 647 -1.48919 0.357145 -0.384229 -3.59902 0 0
0 0 648 0.81912 -1.09958 2.12176 1.2487 0 0
0 0 649 -1.16502 -1.14318 0.569266 -1.84024 0 0
0 0 650 1.02809 -0.0443894 2.20107 -1.61025 0 0
0 0 651 0.666158 2.75221 0.212241 -2.0815 0 0
0 0 652 -0.375096 -1.02849 1.64973 0.178203 0 0
0 0 653 -1.09291 -1.46431 -1.28808 0.467828 0 0
0 0 654 0.751154 -0.599442 1.02545 0.190325 0 0
0 0 655 0.649991 1.87584 -1.92939 0.300074 0 0
0 0 656 1.13296 -0.0885336 -1.22172 0.385068 0 0
0 0 657 -2.07428 0.216151 -0.428868 0.706411 0 0
0 0 658 1.00649 0.228345 1.83602 -1.41061 0 0
0 0 659 0.187291 2.49651 -1.01862 -1.48269 0 0
0 0 660 -2.15923 -1.91692 -0.224879 0.211291 0 0
0 0 661 0.887453 -0.617019 -0.778097 -1.88217 0 0
0 0 662 -1.00264 -0.750309 2.29482 1.66613 0 0
0 0 663 2.98438 -1.80255 -1.14628 2.5306 0 0
0 0 664 0.94638 2.5103 -1.25726 -0.316931 0 0
0 0 665 -0.797917 1.47193 1.66583 -0.825735 0 0
0 0 666 1.88818 -0.814717 0.454675 1.88326 0 0
0 0 667 -1.27782 1.27899 -2.29217 -2.93348 0 0
0 0 668 1.32779 0.647241 -1.26913 -0.839924 0 0
0 0 669 -0.854122 -0.224409 1.63653 -1.15502 0 0
0 0 670 0.890945 0.129086 0.225833 -1.52032 0 0
0 0 671 0.0100908 2.20294 -3.42935 0.203347 0 0
0 0 672 2.23411 -0.691371 -0.275733 0.430016 0 0
0 0 673 -0.260744 0.594882 1.01053 1.19383 0 0
0 0 674 -0.572747 1.02007 -0.475981 -0.0218161 0 0
0 0 675 -0.218524 -0.684197 1.45933 2.31859 0 0
0 0 676 3.69688 -3.47124 1.53048 0.907642 0 0
0 0 677 -0.494056 -0.899871 -1.66813 0.520245 0 0
0 0 678 2.85179 0.782631 1.1448 1.01559 0 0
0 0 679 -1.01677 -0.0283557 1.33717 0.167729 0 0
0 0 680 0.0485168 -2.46402 -1.21643 0.927395 0 0
0 0 681 1.42286 0.0320034 0.999271 -0.521392 0 0
0 0 682 0.937657 1.57133 1.6 -0.486889 0 0
0 0 683 -1.48147 0.576616 0.140244 0.155196 0 0
0 0 684 2.17749 0.92064 1.00475 0.952804 0 0
0 0 685 -1.4564 1.94453 -2.26095 -0.468064 0 0
0 0 686 -1.22225 -1.5244 0.0614341 1.42553 0 0
0 0 687 -1.23191 0.194473 1.69304 2.83882 0 0
0 0 688 1.10129 -1.77051 -1.39082 -0.160215 0 0
0 0 689 -0.981995 -1.75745 -0.775967 1.82983 0 0
0 0 690 -1.24631 -1.60795 1.09303 -0.838163 0 0
0 0 691 1.54736 -0.593739 -1.37445 1.82838 0 0
0 0 692 -0.573812 -0.858318 -1.56159 -0.821443 0 0
0 0 693 -1.9195 0.681409 -2.53989 1.22301 0 0
0 0 694 -0.691843 1.35385 -1.12657 0.686813 0 0
0 0 695 0.535675 0.235647 -0.377264 -0.277238 0 0
0 0 696 -0.837031 1.16455 1.79838 0.780085 0 0
0 0 697 -1.06413 -0.276312 1.80855 -0.0712959 0 0
0 0 698 -0.888923 1.59363 -0.280891 -0.954343 0 0
0 0 699 0.118977 -0.590011 2.12589 1.75742 0 0
0 0 700 -0.0880346 -1.26861 -0.243411 0.901544 0 0
0 0 701 0.664088 0.983721 -0.90636 -0.432788 0 0
0 0 702 -0.87244 1.35702 1.44492 -0.678528 0 0
0 0 703 1.08538 -2.19798 -1.26488 1.0952 0 0
0 0 704 -1.00182 -1.21652 1.51099 0.737957 0 0
0 0 705 1.73539 1.26574 0.743642 -1.6726 0 0
0 0 706 1.99108 -1.57773 -0.998942 0.821445 0 0
0 0 707 0.980906 -0.9326 1.57914 -0.79459 0 0
0 0 708 0.417242 0.647561 -1.33284 0.432777 0 0
0 0 709 -1.849 -1.33272 0.390614 1.64703 0 0
0 0 710 1.71579 -1.86792 -0.0303476 -1.31524 0 0
0 0 711 0.66448 -0.634711 0.458191 1.2664 0 0
0 0 712 -1.21651 1.22149 -0.0247956 2.31647 0 0
0 0 713 3.32231 0.331596 -0.250058 1.99819 0 0
0 0 714 1.95355 0.924409 -0.447546 -0.0766494 0 0
0 0 715 0.852082 0.287818 -0.766269 0.739689 0 0
0 0 716 -0.586303 -2.96875 0.0502742 -1.89429 0 0
0 0 717 0.376791 -2.19483 -2.22957 0.156684 0 0
0 0 718 1.66687 -1.49148 2.48031 0.934138 0 0
0 0 719 -0.269671 -0.197202 1.84176 2.1345 0 0
0 0 720 -2.67018 0.459833 -0.0597867 0.444528 0 0
0 0 721 -3.08076 -1.03824 -0.937316 0.460634 0 0
0 0 722 1.31378 -0.628981 -0.875456 -2.15207 0 0
0 0 723 1.5491 0.207969 0.0608189 -1.4857 0 0
0 0 724 -0.528442 -2.15686 1.24366 2.75052 0 0
0 0 725 -0.621777 2.22911 -0.798768 1.87771 0 0
0 0 726 -1.79764 3.04818 -0.0415312 2.8806 0 0
0 0 727 -0.926764 -0.587743 -0.594653 -0.0154884 0 0
0 0 728 -1.3573 1.67651 0.791487 0.186689 0 0
0 0 729 0.239182 -0.949137 1.30034 0.416469 0 0
0 0 730 0.873121 0.0150518 1.09038 -0.765401 0 0
0 0 731 3.73971 -0.480196 0.430544 0.462382 0 0
0 0 732 2.53949 2.01901 -3.46901 1.77716 0 0
0 0 733 -0.13522 0.744955 0.987599 -1.11206 0 0
0 0 734 0.164678 3.26174 -0.721893 -0.863259 0 0
0 0 735 1.35862 -2.00906 -2.20862 1.014 0 0
0 0 736 0.33784 1.49365 -0.478789 1.52745 0 0
0 0 737 1.66286 -1.85211 -0.440488 0.9146 0 0
0 0 738 0.456892 0.802388 2.05895 -1.46502 0 0
0 0 739 -0.079103 0.229912 -0.948108 0.97412 0 0
0 0 740 -2.23014 0.0351802 2.18585 0.496694 0 0
0 0 741 -0.526165 2.28846 3.48211 1.20049 0 0
0 0 742 2.82627 0.583596 -0.536379 1.58921 0 0
0 0 743 1.82636 0.931654 0.904399 -0.352587 0 0
0 0 744 -1.48449 -2.00823 -2.10372 -1.17097 0 0
0 0 745 0.642803 1.19701 -1.61498 -0.180424 0 0
0 0 746 0.596853 0.73923 -2.14222 0.262909 0 0
0 0 747 -0.248373 -1.01634 -0.649583 0.021596 0 0
0 0 748 -0.502535 -1.84804 1.74521 2.11681 0 0
0 0 749 1.15026 1.58269 -2.02665 2.40935 0 0
0 0 750 1.82873 -1.18562 4.07511 -0.920434 0 0
0 0 751 0.882009 0.131757 2.90849 -1.8205 0 0
0 0 752 -1.74365 0.185869 1.623 2.88288 0 0
0 0 753 -0.764093 2.41559 -1.72681 0.621208 0 0
0 0 754 -1.80474 0.41035 1.8858 -1.22521 0 0
0 0 755 0.543462 -2.15378 -2.64714 1.98965 0 0
0 0 756 1.91961 -0.260536 -0.544757 -0.556326 0 0
0 0 757 1.40917 -0.825034 1.70208 -1.91739 0 0
0 0 758 2.49577 -1.3971 -2.10971 0.348454 0 0
0 0 759 1.17246 -2.20407 -1.56098 -2.5412 0 0
0 0 760 -1.07149 -1.25561 -0.767922 1.22156 0 0
0 0 761 0.32179 2.0537 -0.593229 0.145456 0 0
0 0 762 0.95742 -2.33732 -0.86108 -1.20152 0 0
0 0 763 -0.341371 0.153724 0.648366 1.67513 0 0
0 0 764 2.70091 -0.228128 -0.844269 0.603817 0 0
0 0 765 -0.2911 -0.903859 -0.978334 -0.0388624 0 0
0 0 766 -1.19328 -0.943621 -0.904265 2.84002 0 0
0 0 767 -1.61624 2.34296 1.80573 0.0698162 0 0
0 0 768 -1.69834 -0.184737 -0.928439 0.937671 0 0
0 0 769 1.4846 0.77147 1.88153 -0.35354 0 0
0 0 770 0.999275 -0.748142 -0.597699 1.78834 0 0
0 0 771 -3.03992 0.633748 -2.434 0.673208 0 0
0 0 772 2.38811 0.349193 0.472319 -0.305287 0 0
0 0 773 -0.246066 0.489439 -2.97375 -0.433919 0 0
0 0 774 -3.05123 0.22519 -1.10812 -1.67424 0 0
0 0 775 -0.743899 1.25952 0.0953235 0.549827 0 0
0 0 776 -1.088 1.28633 2.85305 2.41543 0 0
0 0 777 -0.554874 -0.130696 0.0833098 -1.01734 0 0
0 0 778 -1.00308 0.0199805 -0.373238 -0.220009 0 0
0 0 779 -1.49385 -0.249775 0.164921 -1.39056 0 0
0 0 780 -1.38055 3.05917 1.57597 1.42234 0 0
0 0 781 -1.94516 -0.960721 -0.954346 -0.593451 0 0
0 0 782 1.96326 -0.672052 -0.544018 -3.00864 0 0
0 0 783 -3.26489 -0.240109 1.08077 0.177989 0 0
0 0 784 -0.0867624 0.0138913 -0.741293 -0.659252 0 0
0 0 785 1.33706 -0.0926865 -0.930365 -1.1294 0 0
0 0 786 0.880591 0.610426 0.998099 0.563812 0 0
0 0 787 2.09407 0.759731 0.459313 -0.39743 0 0
0 0 788 1.44522 -0.803786 0.02256 1.87701 0 0
0 0 789 -2.38947 -0.634941 -0.779161 -1.99022 0 0
0 0 790 -0.69345 1.62001 1.35464 -1.91371 0 0
0 0 791 1.405 -0.464712 -0.129895 3.55252 0 0
0 0 792 4.35243 1.32226 -0.0541718 0.640558 0 0
0 0 793 -0.365573 0.734317 2.05585 -0.582694 0 0
0 0 794 -0.737384 0.146284 -2.02451 -0.93057 0 0
0 0 795 0.521586 1.06297 -0.0355342 -1.55436 0 0
0 0 796 0.616558 -1.35569 -4.21343 0.120928 -53.9179 8.2151
0 0 797 0.558232 -2.00979 -0.444091 -0.202861 0 0
0 0 798 -1.96708 1.76362 0.173359 -0.950389 0 0
0 0 799 0.193191 0.165507 -1.17209 -0.684446 0 0
0 0 800 -0.679254 -0.637084 0.845991 -0.501945 0 0
0 0 801 -1.18477 -1.00992 0.0412983 1.35887 0 0
0 0 802 -1.30027 -0.204598 1.54493 -0.303958 0 0
0 0 803 2.82373 -1.35424 -1.1949 0.514804 0 0
0 0 804 -0.962188 0.727571 0.207498 -0.412877 0 0
0 0 805 -0.908 0.153706 0.770969 -4.23095 0 0
0 0 806 1.03992 2.70601 -0.107164 0.626611 0 0
0 0 807 -0.0257925 1.83717 -0.593071 1.59258 0 0
0 0 808 -1.5357 1.75575 1.75928 0.511344 0 0
0 0 809 -0.013598 2.52338 0.455384 1.55029 0 0
0 0 810 1.23984 -1.72384 -1.16094 2.81145 0 0
0 0 811 1.1932 -0.884125 -0.690159 -1.81668 0 0
0 0 812 0.178651 -2.80381 0.0878228 -0.415853 0 0
0 0 813 -1.68077 -0.392704 -2.55147 -0.0571553 0 0
0 0 814 0.967451 1.54936 -1.08573 -0.0688533 0 0
0 0 815 0.754169 0.190123 -1.91212 -0.355388 0 0
0 0 816 -0.707996 -0.067531 -1.68615 0.511345 0 0
0 0 817 0.475837 1.1222 1.89434 0.136536 0 0
0 0 818 -0.649407 -1.26218 0.309357 1.1231 0 0
0 0 819 0.968609 -1.3675 0.129393 0.419399 0 0
0 0 820 1.13841 -2.06308 -2.03551 0.512159 0 0
0 0 821 0.367875 -0.230837 -1.28871 -0.648569 0 0
0 0 822 0.583359 1.91499 -1.66912 1.36166 0 0
0 0 823 -2.26125 0.517399 0.920428 -1.70129 0 0
0 0 824 1.91194 0.760122 1.31397 -0.216388 0 0
0 0 825 -0.471052 -1.5437 -0.299249 1.64892 0 0
0 0 826 0.857791 1.67063 -0.119786 0.0172922 0 0
0 0 827 1.26923 2.36432 -0.692069 -0.676116 0 0
0 0 828 -1.2457 -0.48153 -0.399325 -1.7783 0 0
0 0 829 0.339494 1.28657 0.0349606 -2.46898 0 0
0 0 830 -0.674134 -0.482827 -0.551032 2.11738 0 0
0 0 831 1.79525 0.253052 0.161858 -1.1585 0 0
0 0 832 -0.337715 0.714194 -1.06256 -0.408737 0 0
0 0 833 -1.31889 -1.57102 -1.4242 1.97763 0 0
0 0 834 0.141988 0.573382 -1.21206 0.0443619 0 0
0 0 835 1.28244 1.1176 -0.347777 3.11942 0 0
0 0 836 2.30854 -0.421681 -0.351565 -1.25241 0 0
0 0 837 0.0749944 -2.14953 1.50132 2.4498 0 0
0 0 838 -3.19699 -1.12511 -0.905851 -0.223464 0 0
0 0 839 0.858998 -0.409388 -1.58596 1.17961 0 0
0 0 840 2.24718 1.25729 -0.0984369 1.53282 0 0
0 0 841 0.366133 -0.0465128 -0.482023 0.51228 0 0
0 0 842 0.383535 0.222038 2.57689 -2.47471 0 0
0 0 843 2.60825 1.77432 0.662491 0.581045 0 0
0 0 844 1.03327 -1.49066 0.43077 1.65916 0 0
0 0 845 0.0799813 0.193758 1.27035 -0.651778 0 0
0 0 846 -0.200635 -0.553283 1.95152 -0.164728 0 0
0 0 847 2.74111 -2.41598 1.8253 -0.127937 0 0
0 0 848 -2.83119 -0.719153 0.0761579 -0.555379 0 0
0 0 849 0.719035 0.717037 1.67858 -0.890076 0 0
0 0 850 -1.77855 -0.880356 1.76444 0.447939 0 0
0 0 851 0.326953 -1.54404 1.25696 -1.90818 0 0
0 0 852 0.391088 -1.0697 1.07697 -0.28318 0 0
0 0 853 0.0941413 -1.79627 -0.73499 2.66557 0 0
0 0 854 2.02349 0.543687 0.847011 0.890429 0 0
0 0 855 1.34 1.23044 0.22093 -0.400968 0 0
0 0 856 -0.0625565 -0.624128 -0.673251 0.981786 0 0
0 0 857 0.992321 -0.3546 0.235773 -2.01659 0 0
0 0 858 -1.99507 0.464235 -0.727843 -1.49295 0 0
0 0 859 0.323968 -2.64488 -0.161039 -0.80391 0 0
0 0 860 0.533409 1.60107 -1.3039 -0.839174 0 0
0 0 861 -0.265069 0.261258 0.52806 -1.51974 0 0
0 0 862 0.570157 1.76094 -2.56691 0.673195 0 0
0 0 863 0.577391 -0.726193 0.946758 0.497046 0 0
0 0 864 -0.386135 -2.96113 -0.170518 -1.00037 0 0
0 0 865 1.11862 -0.127756 -0.987063 1.34356 0 0
0 0 866 0.920987 -3.36262 -0.536034 -0.0914197 0 0
0 0 867 0.530198 0.479277 0.430963 -2.05955 0 0
0 0 868 2.51154 1.7471 0.869325 -0.417106 0 0
0 0 869 1.57354 -1.58873 1.39896 2.49059 0 0
0 0 870 0.544214 0.266442 -2.63214 -0.609474 0 0
0 0 871 0.48972 1.90845 2.69048 1.20249 0 0
0 0 872 2.2276 0.9054 1.16196 1.00167 0 0
0 0 873 1.13819 -0.73329 -0.212079 -0.206751 0 0
0 0 874 0.131073 2.41128 0.894615 0.336037 0 0
0 0 875 1.08614 -2.04335 -0.0745718 2.36155 0 0
0 0 876 0.188012 -0.744547 0.566177 0.990635 0 0
0 0 877 -0.0794896 0.699094 0.0104048 1.28371 0 0
0 0 878 0.046887 -1.88658 0.262717 0.56195 0 0
0 0 879 0.373192 -1.10952 0.675001 -2.6232 0 0
0 0 880 -0.634483 -2.15406 -1.13044 -1.29968 0 0
0 0 881 -1.78051 -1.62622 1.01507 -2.28875 0 0
0 0 882 0.416957 -1.22301 0.468165 0.171588 0 0
0 0 883 -1.25361 -1.88707 0.00382693 -3.08306 0 0
0 0 884 -0.170673 0.127908 -2.42992 -0.287425 0 0
0 0 885 -0.825002 -3.21265 -0.587614 0.962591 0 0
0 0 886 -2.28245 -0.691425 0.156716 -1.70918 0 0
0 0 887 1.24795 -0.87126 3.25581 -0.382638 0 0
0 0 888 0.58486 -1.43352 -1.48799 -0.906633 0 0
0 0 889 -1.0043 -1.00504 -1.73949 0.811271 0 0
0 0 890 0.424745 -0.780399 3.58078 0.44437 0 0
0 0 891 -1.75402 1.66814 -0.184064 0.476535 0 0
0 0 892 1.24332 -1.24631 2.62266 0.987491 0 0
0 0 893 1.90357 1.352 1.18978 0.56002 0 0
0 0 894 0.134519 1.36153 1.63717 0.344536 0 0
0 0 895 0.280389 -0.0199218 0.652908 0.0219365 0 0
0 0 896 1.19689 -2.2984 -0.293119 -0.41531 0 0
0 0 897 -0.227342 -1.48911 -0.614028 -3.26611 0 0
0 0 898 -1.52766 1.47828 -0.12221 2.34195 0 0
0 0 899 -2.54781 -0.209835 -0.925746 0.394707 0 0
0 0 900 0.826552 -0.525346 1.91967 0.910844 0 0
0 0 901 -0.660165 -0.613073 0.888017 -0.586108 0 0
0 0 902 -2.61256 -1.07563 -0.66168 -0.862196 0 0
0 0 903 0.973613 -2.30057 -2.08729 -1.22236 0 0
0 0 904 -0.335509 0.768363 -0.446709 -0.104379 0 0
0 0 905 -0.950379 0.208501 0.904953 -1.68692 0 0
0 0 906 1.38891 0.675985 -0.522487 3.56647 0 0
0 0 907 0.680089 -0.164252 0.349118 0.318713 0 0
0 0 908 0.290705 -0.353141 -0.319861 -0.621802 0 0
0 0 909 -0.719321 1.10659 0.59912 1.53573 0 0
0 0 910 2.31095 -0.403526 -1.56811 1.27485 0 0
0 0 911 -0.658542 -1.47129 0.619339 0.824628 0 0
0 0 912 1.71845 -0.692758 -0.175401 0.719788 0 0
0 0 913 3.40163 1.47421 0.0195763 -0.808422 0 0
0 0 914 -0.612735 2.1577 -1.4485 3.33796 0 0
0 0 915 1.3254 -1.06287 -2.66188 0.330866 0 0
0 0 916 1.68993 -0.749252 -1.42002 0.107773 0 0
0 0 917 1.53787 -1.35538 -1.64221 0.0352129 0 0
0 0 918 -1.15757 -0.805545 1.44332 0.566656 0 0
0 0 919 -1.78625 -1.0439 -0.480018 -2.35552 0 0
0 0 920 1.60123 1.34101 -0.374161 -1.42489 0 0
0 0 921 -1.15147 -2.17476 0.482806 0.280744 0 0
0 0 922 0.259834 -0.815916 1.93688 -0.140696 0 0
0 0 923 0.085261 -0.604007 -1.06484 -0.137454 0 0
0 0 924 -0.227239 1.73648 -0.278679 -0.905621 0 0
0 0 925 1.15007 0.709934 0.547535 1.26704 0 0
0 0 926 -0.18069 1.6359 0.0815039 -1.47914 0 0
0 0 927 2.10046 -0.817165 0.43246 1.7518 0 0
0 0 928 2.70032 -0.593149 -1.28322 0.85296 0 0
0 0 929 2.10868 -1.69064 0.696043 1.10051 0 0
0 0 930 -0.058787 3.91907 -1.45057 1.11861 0 0
0 0 931 -1.18039 0.544607 2.48741 -1.95609 0 0
0 0 932 0.0920621 -1.59373 0.89452 1.37546 0 0
0 0 933 0.674827 2.8358 0.869836 -1.79238 0 0
0 0 934 -1.54573 0.319531 -1.65454 2.25233 0 0
0 0 935 -1.29494 -2.73444 -1.00509 -2.29217 0 0
0 0 936 2.0007 -1.01235 -1.76375 0.079372 0 0
0 0 937 0.587899 0.113231 -0.108588 -1.67783 0 0
0 0 938 0.24109 -0.666005 -0.997459 1.91249 0 0
0 0 939 -2.70865 -1.72542 -0.0245875 -1.3112 0 0
0 0 940 2.36915 1.28282 0.822888 0.6373 0 0
0 0 941 -1.37744 0.225246 1.62704 0.613034 0 0
0 0 942 0.913703 1.92905 0.231448 0.965756 0 0
0 0 943 -0.310817 -2.68142 0.881082 -1.355 0 0
0 0 944 0.793827 -0.00865677 -0.764262 0.502452 0 0
0 0 945 -1.73284 -0.520759 -0.586552 -0.78942 0 0
0 0 946 -0.0572879 1.14639 -0.237185 1.46794 0 0
0 0 947 -0.9802 -0.312319 0.645629 -0.227506 0 0
0 0 948 1.5217 0.298849 -2.26117 -0.389067 0 0
0 0 949 0.891634 1.04902 0.951273 1.48447 0 0
0 0 950 -0.7985 0.656244 -0.592425 2.33076 0 0
0 0 951 3.87359 1.49856 -1.25127 -1.93999 0 0
0 0 952 -1.14847 1.43158 2.82236 2.06849 0 0
0 0 953 1.77468 1.67307 -2.18676 -0.836818 0 0
0 0 954 -0.804899 0.458251 -0.949724 0.282241 0 0
0 0 955 -1.84434 -2.17237 -0.618337 0.61766 0 0
0 0 956 -0.748089 0.686746 -0.457591 1.60444 0 0
0 0 957 1.5691 1.31047 1.5313 -3.73761 0 0
0 0 958 -0.419654 -0.83464 0.306191 1.04726 0 0
0 0 959 -2.49643 -1.50453 -0.417359 1.5788 0 0
0 0 960 -2.14864 -2.14013 1.39773 4.46591 0 0
0 0 961 -1.86809 -0.0379058 0.0799901 0.261287 0 0
0 0 962 -1.93397 1.5935 -2.84776 -0.71282 0 0
0 0 963 1.97712 -1.5539 -2.20839 -0.675125 0 0
0 0 964 2.15733 1.06568 1.27604 -1.43939 0 0
0 0 965 3.55884 -0.136241 0.116722 -0.245032 0 0
0 0 966 -1.23933 0.397877 0.218228 -1.13822 0 0
0 0 967 0.826726 -1.41302 -1.06665 -0.114568 0 0
0 0 968 0.653515 -0.783225 -1.28122 -1.63626 0 0
0 0 969 3.29678 -0.383383 -1.05484 -1.03315 0 0
0 0 970 -0.315593 -0.164964 -5.75264 -2.32562 -45.8213 6.29813
0 0 971 0.659713 -1.10959 2.21321 -2.27213 0 0
0 0 972 1.74763 1.16927 1.30917 -1.41118 0 0
0 0 973 1.098 -1.48457 3.04399 -1.65376 0 0
0 0 974 -1.18556 -1.17477 -0.730475 1.10114 0 0
0 0 975 2.44026 0.281161 -0.437225 -0.588412 0 0
0 0 976 -0.0109054 0.362674 -1.29082 -0.650002 0 0
0 0 977 1.46336 1.73913 2.58842 -1.11449 0 0
0 0 978 1.34753 -0.359062 1.77125 1.47347 0 0
0 0 979 1.31296 -0.380674 -0.326533 0.853392 0 0
0 0 980 -2.02035 -4.10702 -1.57162 0.0330437 -79.5299 8.48555
0 0 981 1.12773 1.14178 -0.712537 0.428252 0 0
0 0 982 -0.0636468 -2.30031 0.17771 2.2972 0 0
0 0 983 0.100815 -1.13959 -0.661518 1.16232 0 0
0 0 984 1.51213 -0.470122 -0.611058 2.59641 0 0
0 0 985 -0.130997 0.467978 -1.30569 -2.18291 0 0
0 0 986 2.48828 1.98778 2.28803 -0.525026 0 0
0 0 987 2.56316 1.5087 -0.320751 -0.747186 0 0
0 0 988 1.10286 0.738299 -0.856702 -1.01026 0 0
0 0 989 -0.977311 -0.666412 1.23957 2.85188 0 0
0 0 990 2.2274 1.61753 1.56959 -0.0357756 0 0
0 0 991 -0.031485 1.36053 1.00874 1.57762 0 0
0 0 992 0.323697 -1.48455 0.215892 1.87569 0 0
0 0 993 -2.30323 0.976593 -2.41426 -0.391228 0 0
0 0 994 -0.743326 -1.04656 0.976955 -0.367097 0 0
0 0 995 1.87546 0.223072 -0.261729 2.05516 0 0
0 0 996 1.71837 1.23745 -1.10198 0.455787 0 0
0 0 997 2.13109 -0.482786 1.66696 -1.33788 0 0
0 0 998 -0.204594 -1.56929 -1.06945 -1.06915 0 0
0 0 999 -0.0108367 -0.0332105 0.450991 0.661097 0 0
0 0 1000 -1.17881 -1.25288 1.1081 -1.02761 0 0
0 0 1001 -2.27661 -0.331038 1.14083 0.739284 0 0
0 0 1002 2.6277 -0.748548 1.03776 1.18368 0 0
0 0 1003 -2.42976 -0.481941 0.163748 1.2695 0 0
0 0 1004 -0.55557 0.801242 -0.240831 -0.415955 0 0
0 0 1005 0.0127728 -0.627791 0.440717 1.11855 0 0
0 0 1006 0.714829 0.630252 0.983463 -0.187123 0 0
0 0 1007 2.53543 1.52423 0.719018 -0.636796 0 0
0 0 1008 0.354033 -0.205028 -0.757619 -1.30081 0 0
0 0 1009 -1.27391 -1.99193 -1.27727 -1.91142 0 0
0 0 1010 2.03117 -1.07921 -1.08311 1.10372 0 0
0 0 1011 0.421638 -1.69688 1.34671 1.40052 0 0
0 0 1012 0.0572025 1.01403 0.811497 -0.790229 0 0
0 0 1013 0.528807 0.178696 0.304025 -2.21343 0 0
0 0 1014 -0.548054 0.325721 -0.723522 0.0752518 0 0
0 0 1015 -0.0478093 1.33118 0.53024 2.36292 0 0
0 0 1016 2.11122 1.5157 0.646259 -1.20794 0 0
0 0 1017 1.12505 0.814312 -0.678645 0.105437 0 0
0 0 1018 1.48963 -0.0487238 -0.677763 -0.871371 0 0
0 0 1019 1.07452 -1.90612 -0.996133 1.3962 0 0
0 0 1020 -0.797363 -0.484916 -1.54303 1.02134 0 0
0 0 1021 5.02945 -0.130008 -0.0337853 1.72651 0 0
0 0 1022 0.280708 -1.01545 0.12247 -0.829091 0 0
0 0 1023 1.07274 0.30635 0.806525 -2.67673 0 0
