# File: uwl_220722_125105_Combined.rf.sbD2.RMC_aux Src: J1713+0747 Nsub: 1 Nch: 1 Npol: 4 Nbin: 1024 RMS: 1.16322
0 0 0 6.81246 -0.324643 -0.782377 -1.93307 0 0
0 0 1 2.54919 -0.851673 1.48913 -0.390321 0 0
0 0 2 2.21055 -2.27686 -2.0629 0.430477 0 0
0 0 3 2.45526 -0.794288 -2.20708 0.856992 0 0
0 0 4 3.47179 -2.66794 0.462497 -0.927252 0 0
0 0 5 4.84621 1.0127 0.325233 -4.01042 0 0
0 0 6 6.30122 -1.02878 0.430275 -0.0356646 0 0
0 0 7 1.79958 -0.748475 -0.414141 -0.0548984 0 0
0 0 8 1.85902 -1.55263 0.718095 0.0289602 0 0
0 0 9 2.35476 -1.46134 -0.607941 0.315609 0 0
0 0 10 4.22365 -0.334747 -0.704606 -0.0907536 0 0
0 0 11 3.55623 0.870197 0.521738 -0.842371 0 0
0 0 12 3.26433 0.07523 -0.0605986 0.376264 0 0
0 0 13 1.23267 1.0725 0.792913 2.5734 0 0
0 0 14 2.37413 0.718727 -0.55881 -0.684067 0 0
0 0 15 0.35094 0.54561 -0.967844 1.12404 0 0
0 0 16 3.85596 -0.809874 2.32402 0.967168 0 0
0 0 17 4.28662 -2.04052 0.204787 -1.22023 0 0
0 0 18 0.0967761 1.17295 0.688795 0.665993 0 0
0 0 19 1.02806 0.896127 0.317273 0.171086 0 0
0 0 20 0.913504 -0.287182 0.311226 0.486439 0 0
0 0 21 3.71911 -1.49005 -1.06737 0.983542 0 0
0 0 22 0.197834 -0.0203163 0.289649 0.95934 0 0
0 0 23 0.875767 -1.0848 -0.91484 -0.131178 0 0
0 0 24 2.65406 0.0109209 0.677424 -0.112926 0 0
0 0 25 1.48272 -1.7916 -0.615864 0.0122586 0 0
0 0 26 -0.244683 -0.348415 1.94623 0.661201 0 0
0 0 27 0.808242 -2.36033 0.250388 -1.17128 0 0
0 0 28 0.0946395 -1.22575 0.882858 -0.624662 0 0
0 0 29 1.2637 -0.793043 -0.3129 -0.100958 0 0
0 0 30 3.40303 1.45591 0.0545031 -2.80513 0 0
0 0 31 4.36934 1.60321 2.69666 -2.13971 0 0
0 0 32 3.32251 0.945458 2.03773 -3.18387 0 0
0 0 33 2.4597 4.16673 2.60168 1.44401 15.9902 7.36436
0 0 34 1.25105 -0.131024 2.74606 -1.46207 0 0
0 0 35 2.78135 -0.968009 3.0431 0.167121 0 0
0 0 36 3.04361 0.644971 1.41978 0.0904885 0 0
0 0 37 1.76579 1.67385 -0.874438 -1.70892 0 0
0 0 38 2.22812 -0.686156 2.97972 -0.625893 0 0
0 0 39 1.59779 0.357108 1.63548 -1.30221 0 0
0 0 40 3.46623 0.92945 1.2048 1.1292 0 0
0 0 41 2.81088 -1.20524 1.23303 -1.83516 0 0
0 0 42 0.571929 0.594569 1.50081 -1.5596 0 0
0 0 43 1.45542 -3.22416 1.15803 -1.90822 0 0
0 0 44 3.90509 -0.781322 1.41008 2.55917 0 0
0 0 45 0.910175 -2.01164 0.768878 0.262254 0 0
0 0 46 2.58077 0.506803 2.31148 -1.18444 0 0
0 0 47 2.65466 -1.52494 0.115264 2.12124 0 0
0 0 48 3.16895 -2.45486 0.999427 -1.37404 0 0
0 0 49 1.58998 -0.130276 1.25013 1.84818 0 0
0 0 50 4.0749 -3.05536 1.30222 -0.169156 0 0
0 0 51 3.42209 -0.400829 1.88756 -1.83386 0 0
0 0 52 4.00544 -2.25551 3.44375 -1.50489 0 0
0 0 53 1.19709 -0.772847 3.82644 2.74786 0 0
0 0 54 3.01794 0.323532 0.777403 1.78151 0 0
0 0 55 3.47415 -2.21797 3.34705 -2.6663 0 0
0 0 56 0.771092 -0.0969327 1.33423 -1.53785 0 0
0 0 57 2.67584 0.0141443 0.0183794 -0.32423 0 0
0 0 58 2.22707 -0.139968 2.64207 -0.0695537 0 0
0 0 59 0.920646 -0.828533 1.67727 0.620592 0 0
0 0 60 5.81521 -1.31884 0.304696 -1.71536 0 0
0 0 61 -0.582249 -5.22299 0.942138 1.34162 84.8874 6.85142
0 0 62 2.07727 -0.957599 -0.642562 -0.258525 0 0
0 0 63 0.949767 0.37961 1.42382 -0.838227 0 0
0 0 64 3.19563 -1.19325 -0.584919 0.604088 0 0
0 0 65 3.65718 -1.05406 0.774226 -2.05291 0 0
0 0 66 0.155763 0.884925 0.636484 -0.0235976 0 0
0 0 67 1.63733 -0.661921 0.610516 0.321745 0 0
0 0 68 3.18672 -0.933212 -0.806782 -0.663812 0 0
0 0 69 0.770954 -1.98651 0.132033 -1.97974 0 0
0 0 70 1.01797 0.091863 0.0544916 -0.240562 0 0
0 0 71 -2.12984 -2.14206 1.1958 1.21639 0 0
0 0 72 0.175736 -0.144252 1.04163 -0.500342 0 0
0 0 73 -0.807604 -0.667859 2.59038 0.321671 0 0
0 0 74 0.909761 0.129996 2.36832 1.461 0 0
0 0 75 0.939954 1.03793 0.388926 0.534445 0 0
0 0 76 1.94456 -2.00286 0.724948 -0.713603 0 0
0 0 77 -1.27751 0.641396 -0.811953 -1.05061 0 0
0 0 78 0.155266 -0.481792 1.31625 1.35072 0 0
0 0 79 0.452817 -3.27758 1.51315 -0.814517 0 0
0 0 80 1.32914 1.81711 0.584706 0.528238 0 0
0 0 81 0.565908 -0.684629 0.0273494 -0.593738 0 0
0 0 82 -0.0837439 -2.26247 -0.595047 1.31756 0 0
0 0 83 2.74557 -1.38776 -0.434536 0.575528 0 0
0 0 84 0.484049 -0.853022 -0.164993 0.807647 0 0
0 0 85 -1.46891 0.239323 -0.439056 -0.312216 0 0
0 0 86 0.97452 -0.945998 0.104037 -1.15866 0 0
0 0 87 -0.171992 -2.13439 -0.0901765 1.35636 0 0
0 0 88 -0.483587 -1.04363 0.487348 -1.53058 0 0
0 0 89 0.508449 -2.4002 0.0113753 0.573515 0 0
0 0 90 -2.03045 -1.04668 -1.27907 1.62913 0 0
0 0 91 -0.769904 1.08828 -1.16276 1.66697 0 0
0 0 92 -0.847705 0.437593 0.532404 -2.29395 0 0
0 0 93 0.0933994 0.244253 -0.388748 1.82654 0 0
0 0 94 -0.412825 0.4681 -0.214799 -1.33154 0 0
0 0 95 1.80089 -0.991116 1.14164 -0.981844 0 0
0 0 96 0.766183 -1.14001 -0.94887 0.176231 0 0
0 0 97 1.16365 -0.901831 0.672847 0.383625 0 0
0 0 98 1.7027 0.123265 2.65939 -0.136352 0 0
0 0 99 2.23682 -0.253459 -0.252194 1.18633 0 0
0 0 100 -0.683263 -0.323902 1.76896 -2.18168 0 0
0 0 101 -0.251194 -0.24969 0.7871 -0.842672 0 0
0 0 102 -2.09151 -2.5485 1.11623 0.207991 0 0
0 0 103 -0.214638 0.426702 -0.442802 1.96621 0 0
0 0 104 0.209725 1.15773 0.199617 -1.57693 0 0
0 0 105 2.9755 0.251303 -0.902089 -0.840795 0 0
0 0 106 -2.42074 1.13686 1.21275 2.18291 0 0
0 0 107 0.265807 -1.80026 0.514613 0.999384 0 0
0 0 108 -0.0754236 -2.48315 0.276124 -1.57813 0 0
0 0 109 0.00484967 1.11859 0.870699 -0.94504 0 0
0 0 110 0.289412 1.88497 1.6625 -0.293124 0 0
0 0 111 1.98884 1.37333 1.59514 0.943599 0 0
0 0 112 0.603526 -0.108148 -0.985766 2.64004 0 0
0 0 113 2.02175 0.319411 1.18461 -1.0517 0 0
0 0 114 0.699544 1.17173 -0.972884 -0.772526 0 0
0 0 115 -0.289151 -3.03447 -1.48674 1.15589 0 0
0 0 116 1.01968 -0.309348 -1.9583 0.292742 0 0
0 0 117 -1.5299 1.69824 -1.52676 0.0572405 0 0
0 0 118 -1.13566 -0.947584 -2.64807 -0.418823 0 0
0 0 119 1.02307 1.03917 -1.41843 -0.645796 0 0
0 0 120 3.61937 -0.16911 -0.290442 0.216347 0 0
0 0 121 0.377769 0.948456 -2.76022 0.393141 0 0
0 0 122 2.22842 0.539265 -0.718436 -0.494154 0 0
0 0 123 -0.86784 -0.266199 2.64496 -1.18797 0 0
0 0 124 -0.649339 0.0954402 -0.470558 -0.260252 0 0
0 0 125 1.99278 -0.956248 -0.595924 0.0849538 0 0
0 0 126 0.597296 -1.41016 0.555919 1.66141 0 0
0 0 127 0.690216 -0.559784 -1.36042 2.69605 0 0
0 0 128 0.663429 -2.34738 -0.90906 -1.09059 0 0
0 0 129 -1.7175 1.14659 -0.797871 -0.240689 0 0
0 0 130 0.346043 -0.526145 0.516294 1.10815 0 0
0 0 131 1.64829 0.859717 -0.929213 0.63451 0 0
0 0 132 -0.798678 1.08851 0.369222 -0.894646 0 0
0 0 133 3.25209 -0.776966 -0.220506 -0.564815 0 0
0 0 134 -0.175548 0.830656 0.919272 -1.03564 0 0
0 0 135 1.97798 -0.566507 0.360116 0.4629 0 0
0 0 136 2.43025 -1.24496 -1.88181 0.141296 0 0
0 0 137 -0.818824 -0.881523 -0.53807 0.779905 0 0
0 0 138 0.817572 -1.25444 0.452821 -2.312 0 0
0 0 139 0.133838 1.69548 -1.33354 -0.0132082 0 0
0 0 140 0.164007 -0.18213 -4.82354 -0.869205 -46.0812 7.38179
0 0 141 -1.10337 2.20139 0.103842 -1.57262 0 0
0 0 142 -0.313229 -0.817166 -1.81667 0.00583832 0 0
0 0 143 -1.40394 2.54959 1.61501 -0.0215026 0 0
0 0 144 -2.11322 0.473205 0.464888 0.988709 0 0
0 0 145 1.70125 -1.75556 -0.348039 -0.099066 0 0
0 0 146 -0.820492 1.70019 0.808754 -0.100252 0 0
0 0 147 0.918097 1.33307 -1.48659 -2.3215 0 0
0 0 148 0.210948 -1.95245 -0.214668 3.19019 0 0
0 0 149 0.75863 0.158269 -0.438789 -1.10341 0 0
0 0 150 -0.719847 -0.433067 -0.352873 1.52806 0 0
0 0 151 2.61093 0.381354 -0.860434 -0.888133 0 0
0 0 152 -0.954877 -1.70071 -0.759927 -2.28226 0 0
0 0 153 -1.51436 0.2122 -0.774685 0.532096 0 0
0 0 154 -1.95196 -0.199209 0.279813 0.604446 0 0
0 0 155 0.653737 2.36339 -0.0426082 -0.44593 0 0
0 0 156 -0.102087 -1.11871 -0.815859 0.294117 0 0
0 0 157 -0.290049 -0.970646 -0.951971 -2.37048 0 0
0 0 158 -3.20484 -1.51247 -0.687867 -0.327361 0 0
0 0 159 1.52404 0.357009 0.406112 0.32017 0 0
0 0 160 1.53699 -0.991435 -1.20478 0.102885 0 0
0 0 161 -0.193508 -1.38903 -1.20565 -0.445259 0 0
0 0 162 -1.52025 -1.10307 0.420947 1.24863 0 0
0 0 163 -0.116866 -0.148336 1.50363 -0.453849 0 0
0 0 164 1.41255 -1.23684 -0.0709975 -0.1923 0 0
0 0 165 0.773306 -1.26964 -0.378754 0.909224 0 0
0 0 166 -0.987672 -2.81201 -1.09878 -0.644904 0 0
0 0 167 1.08703 -0.13934 0.588917 -0.516039 0 0
0 0 168 2.17916 0.806578 -0.577127 -1.64577 0 0
0 0 169 1.06466 0.809794 1.81602 -1.45858 0 0
0 0 170 1.65216 0.615517 -1.651 -0.929594 0 0
0 0 171 0.154837 0.10388 1.36342 0.400305 0 0
0 0 172 -0.807128 1.41147 -1.01677 1.53697 0 0
0 0 173 2.19509 -0.50622 -0.184788 -0.850049 0 0
0 0 174 0.598522 -0.749096 0.0218579 -0.021291 0 0
0 0 175 1.43938 0.631154 0.614234 0.895269 0 0
0 0 176 3.24599 -1.11163 0.0452762 0.434199 0 0
0 0 177 -2.65409 0.604547 0.300794 2.50085 0 0
0 0 178 0.468994 2.57701 0.619853 0.342843 0 0
0 0 179 1.19824 -1.16825 -0.0045167 0.253177 0 0
0 0 180 0.0814239 0.765811 0.280779 0.81021 0 0
0 0 181 -0.932988 0.486681 0.127063 -0.63352 0 0
0 0 182 -3.31755 -1.02016 -0.393623 1.03275 0 0
0 0 183 2.75209 -0.924578 -1.30116 -0.583192 0 0
0 0 184 -0.250263 -0.982382 -0.359091 -1.79662 0 0
0 0 185 -0.349264 -1.16044 0.869632 0.0106176 0 0
0 0 186 -0.907642 0.146327 -1.9573 0.814755 0 0
0 0 187 -0.485806 -1.55385 1.15326 -0.11884 0 0
0 0 188 -0.472567 0.0794806 1.77492 -1.86665 0 0
0 0 189 -0.547548 0.888655 1.02887 2.1571 0 0
0 0 190 1.50529 0.297071 -1.06603 -2.1892 0 0
0 0 191 -0.633142 0.679067 3.20453 0.0535881 0 0
0 0 192 0.420466 -0.958579 0.992856 -1.01071 0 0
0 0 193 0.415877 2.60797 -0.407654 -0.357265 0 0
0 0 194 2.00807 -1.30881 -2.04922 -1.09869 0 0
0 0 195 -0.105162 1.82391 -0.456421 0.406794 0 0
0 0 196 0.65556 -0.172087 0.590105 0.441968 0 0
0 0 197 -0.225165 -0.267399 0.528006 0.562716 0 0
0 0 198 0.38849 -0.354587 0.376273 -0.227185 0 0
0 0 199 0.385121 -1.72191 1.48486 0.967523 0 0
0 0 200 0.618084 1.125 -0.502086 -2.33896 0 0
0 0 201 -0.173783 0.290092 -1.01977 1.53915 0 0
0 0 202 1.33977 -1.37576 0.00492126 -0.067652 0 0
0 0 203 -0.819546 -1.1685 0.342071 1.87923 0 0
0 0 204 0.560942 -0.825522 -0.981862 1.60659 0 0
0 0 205 -0.554719 -0.549413 2.70327 -1.32676 0 0
0 0 206 -3.14791 2.37881 -2.03064 -0.241151 0 0
0 0 207 -0.269163 0.956536 -0.296959 -0.873303 0 0
0 0 208 1.22421 1.33811 0.80741 -1.6552 0 0
0 0 209 0.720408 0.64486 -1.78523 2.15789 0 0
0 0 210 0.376945 -2.97571 -0.0749404 0.22676 0 0
0 0 211 -0.667369 -1.33283 -2.96188 -0.589034 0 0
0 0 212 -0.378567 -1.74636 -1.35512 0.380061 0 0
0 0 213 1.81473 0.441061 -0.395355 0.850184 0 0
0 0 214 1.0638 0.313489 0.349311 -0.498505 0 0
0 0 215 -0.782271 0.959894 0.332359 -1.30826 0 0
0 0 216 0.0674884 -1.28315 1.27523 2.28754 0 0
0 0 217 -1.91075 0.392738 -1.38117 2.22684 0 0
0 0 218 0.61853 -0.211726 -0.386206 -0.544992 0 0
0 0 219 2.17648 0.0666125 0.0611216 -1.67053 0 0
0 0 220 1.81107 1.49664 0.792832 0.683052 0 0
0 0 221 0.786996 0.366551 -1.49856 -1.86704 0 0
0 0 222 -0.256543 0.628282 -0.289172 0.13325 0 0
0 0 223 0.138558 -2.29743 1.35616 0.386303 0 0
0 0 224 0.196629 -0.314898 0.500006 -1.665 0 0
0 0 225 2.85115 -0.621386 1.82933 1.35781 0 0
0 0 226 0.384256 0.391476 -0.845554 -2.69806 0 0
0 0 227 1.28341 -1.12456 1.77543 0.123504 0 0
0 0 228 0.277857 0.16258 0.302506 0.0840882 0 0
0 0 229 -0.398725 0.408135 -0.917507 0.972793 0 0
0 0 230 -1.00291 -2.59328 0.490354 0.274498 0 0
0 0 231 0.320797 -1.04337 -1.72823 2.20316 0 0
0 0 232 2.10818 1.94294 -0.189181 -0.963977 0 0
0 0 233 0.198786 0.201457 1.18957 -2.67384 0 0
0 0 234 -0.656261 2.63747 -0.183142 -1.44311 0 0
0 0 235 -2.04489 -0.346341 -0.268942 1.22497 0 0
0 0 236 0.754347 0.0837994 0.892182 -1.88364 0 0
0 0 237 0.487756 1.52384 0.502206 0.756985 0 0
0 0 238 -0.909374 -0.615878 -1.13567 -2.03839 0 0
0 0 239 -1.73592 1.33747 -0.306495 2.52856 0 0
0 0 240 0.665451 -2.5244 1.92498 2.8005 0 0
0 0 241 0.150296 0.962793 0.0286979 1.21533 0 0
0 0 242 0.18524 -0.168351 0.694513 -0.70408 0 0
0 0 243 1.16871 -2.10229 -0.335613 -1.21365 0 0
0 0 244 0.0241138 -0.388038 -0.928214 -1.4321 0 0
0 0 245 0.609709 -0.609802 2.098 -1.21403 0 0
0 0 246 -1.07507 1.06769 0.346044 -0.0249221 0 0
0 0 247 -1.07738 0.376473 -0.498178 1.02907 0 0
0 0 248 0.152201 -0.097125 -1.10335 0.259403 0 0
0 0 249 -1.95729 -1.11607 -1.98562 0.222148 0 0
0 0 250 1.91774 -2.45528 -1.29816 -0.174948 0 0
0 0 251 0.8067 -0.695065 -0.287265 0.371365 0 0
0 0 252 1.44328 -0.87023 0.686211 -0.229038 0 0
0 0 253 0.537498 1.01731 -1.14779 0.581569 0 0
0 0 254 -1.62823 1.58397 0.48248 -0.378594 0 0
0 0 255 -0.391964 -2.40995 -0.98599 2.48064 0 0
0 0 256 0.0416813 -1.45273 1.13028 1.37079 0 0
0 0 257 2.17305 -0.479328 -0.562449 1.54184 0 0
0 0 258 0.632681 -0.467228 -0.950502 -2.62881 0 0
0 0 259 0.279077 2.86117 0.178252 -2.03963 0 0
0 0 260 0.393027 0.130383 -0.103246 -1.92306 0 0
0 0 261 1.27985 2.0245 1.51781 0.693241 0 0
0 0 262 -0.114874 0.274275 -0.550034 0.20963 0 0
0 0 263 -1.90412 -1.51294 -1.83334 -0.754365 0 0
0 0 264 1.14516 0.192015 0.0996718 -0.0470019 0 0
0 0 265 0.210644 0.350938 -0.662263 -1.82872 0 0
0 0 266 1.13824 0.923482 -0.684893 0.281076 0 0
0 0 267 0.676577 0.817539 0.101108 2.14271 0 0
0 0 268 1.01151 0.803307 -0.144013 0.774495 0 0
0 0 269 0.0905954 1.63663 -0.197396 1.27701 0 0
0 0 270 -0.920023 1.55944 -0.841717 -0.923024 0 0
0 0 271 0.697162 0.0584962 1.33491 1.15962 0 0
0 0 272 0.80989 0.967664 -1.49362 -1.30571 0 0
0 0 273 0.910769 0.767401 -1.25218 -0.492128 0 0
0 0 274 -0.320224 0.619075 1.20962 0.871621 0 0
0 0 275 -1.17889 3.02818 -2.21037 0.640513 0 0
0 0 276 -0.0421071 -0.139961 -0.504493 0.821374 0 0
0 0 277 0.0137551 -1.01593 0.430517 -0.367766 0 0
0 0 278 -0.340263 0.0874082 1.08724 -0.579239 0 0
0 0 279 -0.249387 -1.27999 1.19134 -0.4585 0 0
0 0 280 1.92187 0.61403 1.69051 0.66265 0 0
0 0 281 0.587099 1.26769 -0.56388 -0.633762 0 0
0 0 282 0.0281384 1.69729 0.942359 -1.10206 0 0
0 0 283 0.859746 -0.614163 -2.11016 0.286554 0 0
0 0 284 -1.01222 -1.57041 -1.02871 0.248793 0 0
0 0 285 0.87911 -1.83839 0.612387 0.917581 0 0
0 0 286 0.69952 2.16275 -0.445618 -2.33157 0 0
0 0 287 0.225276 2.13808 0.732509 0.336192 0 0
0 0 288 -0.434835 0.560724 -2.08475 -0.0131323 0 0
0 0 289 1.14356 1.16192 -2.83325 1.323 0 0
0 0 290 0.914754 -0.518487 1.24719 0.0836515 0 0
0 0 291 -0.046178 -1.59743 0.745334 -0.164303 0 0
0 0 292 0.0800961 0.772485 0.44297 -1.6591 0 0
0 0 293 -1.77938 -0.393576 0.187215 -1.88455 0 0
0 0 294 0.717944 -0.285017 -0.423324 -2.1802 0 0
0 0 295 -1.70586 0.851062 -0.701698 -2.46362 0 0
0 0 296 -1.03561 0.636828 -0.0602243 -1.85756 0 0
0 0 297 0.686101 -0.812328 1.79077 -1.412 0 0
0 0 298 1.70567 -2.50449 -0.963677 2.07885 0 0
0 0 299 -0.559487 -0.2503 -1.13855 -1.74207 0 0
0 0 300 1.01276 -2.2154 -1.07724 0.180241 0 0
0 0 301 0.98721 2.27397 -0.898676 0.101392 0 0
0 0 302 -1.09685 -1.00076 0.257223 0.13304 0 0
0 0 303 2.70447 0.610619 0.0515429 -1.94828 0 0
0 0 304 0.515676 -0.724155 -1.12047 -1.13232 0 0
0 0 305 -0.497535 1.34819 -1.68911 -0.62224 0 0
0 0 306 0.922584 -1.54976 -0.250865 -1.76771 0 0
0 0 307 0.925614 -0.630686 -1.46739 1.97015 0 0
0 0 308 0.00132525 -1.49556 -1.29022 1.98011 0 0
0 0 309 0.3959 1.99683 0.352587 -0.301611 0 0
0 0 310 0.174543 0.182482 -0.688287 1.13748 0 0
0 0 311 1.85639 -1.17327 -2.73931 -0.388267 0 0
0 0 312 1.57231 -0.38691 -2.03784 -3.91929 0 0
0 0 313 2.32345 2.00334 -0.263558 -0.351478 0 0
0 0 314 1.3641 -0.543771 0.47022 2.13904 0 0
0 0 315 -0.406707 -0.708926 1.22367 -1.35217 0 0
0 0 316 -0.754738 1.24905 1.17454 -0.826772 0 0
0 0 317 0.935555 -0.323818 1.51543 -0.522135 0 0
0 0 318 -1.93597 -1.25681 -0.0089543 1.55513 0 0
0 0 319 1.32862 -0.0763719 0.20808 0.331026 0 0
0 0 320 2.84755 -0.244596 1.84709 1.22127 0 0
0 0 321 0.583195 -0.683835 -0.441593 -0.503226 0 0
0 0 322 2.11773 0.623072 2.65863 -0.56067 0 0
0 0 323 1.25558 -2.32488 -2.29805 -1.54394 0 0
0 0 324 -0.0536083 -0.603327 -1.09737 1.76956 0 0
0 0 325 0.885909 0.425698 -0.0285467 -0.847737 0 0
0 0 326 -1.60423 -1.8832 -0.607278 0.274866 0 0
0 0 327 -1.70949 0.827424 -1.29488 -0.44981 0 0
0 0 328 -0.944089 -2.80775 3.45236 0.953251 64.5605 8.07495
0 0 329 -0.82602 -0.435887 0.4984 -0.686733 0 0
0 0 330 -1.06151 0.471781 -0.547467 1.06502 0 0
0 0 331 -0.656666 -0.00120211 0.315013 -1.8598 0 0
0 0 332 -0.678257 -0.380477 1.82942 -0.803973 0 0
0 0 333 1.05331 0.187214 -0.548434 0.409367 0 0
0 0 334 -0.898082 0.259765 -1.73617 0.838392 0 0
0 0 335 -1.68672 -1.76958 -0.895042 -1.03007 0 0
0 0 336 1.10576 1.96331 -0.918202 -0.602576 0 0
0 0 337 -1.04066 -1.12835 -0.987846 -0.526977 0 0
0 0 338 -2.23121 -1.34951 2.32595 0.477176 0 0
0 0 339 0.031269 -1.92955 -0.332472 1.36691 0 0
0 0 340 0.717989 -1.17628 0.380303 0.0428437 0 0
0 0 341 -0.446944 1.60292 -1.3983 -1.49928 0 0
0 0 342 0.846236 0.00414324 -2.08814 -0.469942 0 0
0 0 343 -2.33214 2.25875 0.0983142 0.620782 0 0
0 0 344 0.785375 -0.313462 -1.12404 -0.373667 0 0
0 0 345 0.257692 0.339723 -0.597669 1.02551 0 0
0 0 346 -0.521075 0.697069 0.157195 0.360053 0 0
0 0 347 -2.21742 -0.533198 -0.184723 1.03775 0 0
0 0 348 -0.0438161 -0.586516 -1.09229 -1.74071 0 0
0 0 349 -0.317373 -0.94872 0.921531 0.276874 0 0
0 0 350 0.360387 0.312612 -1.50515 -1.04167 0 0
0 0 351 -0.563545 0.83042 -0.773552 -0.304198 0 0
0 0 352 -0.63891 -0.522691 1.76143 -0.393623 0 0
0 0 353 -0.424966 -1.41102 -1.23963 1.13549 0 0
0 0 354 0.986713 0.884934 1.3121 1.64686 0 0
0 0 355 -0.644723 1.13224 -0.455191 1.12929 0 0
0 0 356 -1.56467 0.702877 -2.01621 0.500126 0 0
0 0 357 0.388402 -0.739659 -1.00905 0.88511 0 0
0 0 358 -1.77869 -1.711 0.284963 0.984546 0 0
0 0 359 0.251101 -0.29709 -0.586891 0.735898 0 0
0 0 360 0.971858 0.786099 -0.0249561 -0.29185 0 0
0 0 361 0.169799 2.14228 0.551295 -0.940993 0 0
0 0 362 -1.90408 -0.097438 1.05347 -0.427824 0 0
0 0 363 -0.824946 -0.516228 -0.810671 1.31436 0 0
0 0 364 -0.596832 -0.0464818 -2.15133 1.29521 0 0
0 0 365 -0.571823 -0.041785 0.422998 -0.562083 0 0
0 0 366 0.056422 -1.08928 1.94172 -0.754948 0 0
0 0 367 -0.4585 -1.95707 0.208883 0.700008 0 0
0 0 368 1.77737 -1.05057 -0.581344 -0.270746 0 0
0 0 369 0.219127 1.21208 0.675587 0.0926777 0 0
0 0 370 0.529775 1.65828 -0.282684 -1.6495 0 0
0 0 371 -0.234472 -0.927092 0.673287 1.57731 0 0
0 0 372 0.380059 0.502855 0.206142 -0.812382 0 0
0 0 373 0.870203 1.54974 -0.656119 -0.0130719 0 0
0 0 374 -0.133902 0.704794 0.551018 -0.889657 0 0
0 0 375 1.2791 -2.14186 -0.841269 0.254331 0 0
0 0 376 -0.358189 0.994883 -0.99873 0.505069 0 0
0 0 377 2.223 -1.41998 1.3031 0.502686 0 0
0 0 378 -0.445174 -0.254371 0.1715 1.35798 0 0
0 0 379 0.556803 2.57366 0.372674 -1.29634 0 0
0 0 380 -2.98295 1.43899 2.01358 0.970843 0 0
0 0 381 -2.12304 0.616658 -1.2331 -1.14311 0 0
0 0 382 1.18178 -1.93081 -0.789321 0.791568 0 0
0 0 383 -2.12071 0.103842 -0.0360329 0.614103 0 0
0 0 384 2.05709 0.894982 -0.734417 1.76635 0 0
0 0 385 1.46189 0.180598 -0.158277 0.36121 0 0
0 0 386 0.776207 -1.98571 0.0367422 -0.865725 0 0
0 0 387 -1.16704 1.03772 -1.58824 1.28161 0 0
0 0 388 -0.781278 1.21562 0.613219 -0.0265854 0 0
0 0 389 -2.46671 -1.44539 -0.750545 -2.58852 0 0
0 0 390 -1.92072 0.459211 2.77687 -0.0362133 0 0
0 0 391 -0.101482 -0.027181 -0.549925 -1.73107 0 0
0 0 392 0.852384 0.90231 1.10834 0.491998 0 0
0 0 393 -0.473965 -0.999731 -1.10474 -1.52919 0 0
0 0 394 1.00635 -1.56133 0.200137 0.251424 0 0
0 0 395 1.72005 0.0336419 2.36579 -0.985011 0 0
0 0 396 -0.444537 -2.1846 -0.448388 -0.22217 0 0
0 0 397 0.229334 0.51996 2.20803 0.653453 0 0
0 0 398 1.71373 1.95274 -0.515096 -1.35084 0 0
0 0 399 0.200862 1.91959 0.634578 -0.524445 0 0
0 0 400 0.383856 -1.39104 1.47164 -1.04052 0 0
0 0 401 -0.933589 1.75856 -0.39235 -2.54406 0 0
0 0 402 -0.945794 -0.07911 -1.15238 -1.31245 0 0
0 0 403 0.243991 0.662652 3.03577 0.0494791 0 0
0 0 404 -0.526119 0.465192 0.383813 -0.112591 0 0
0 0 405 -1.0228 -1.13982 -1.0254 0.2869 0 0
0 0 406 0.287385 0.945291 1.84311 0.448548 0 0
0 0 407 1.25925 -1.45663 0.256153 0.814772 0 0
0 0 408 -0.372166 0.668379 1.03668 -1.50046 0 0
0 0 409 1.75445 -0.10525 -1.02019 0.509515 0 0
0 0 410 -0.953906 0.402013 2.31979 -0.697657 0 0
0 0 411 -0.277983 1.0481 1.51303 1.83899 0 0
0 0 412 -0.367272 -0.177698 -1.73988 1.67925 0 0
0 0 413 -0.756199 2.78133 1.52116 0.38649 0 0
0 0 414 2.30362 0.101833 2.23685 0.0569838 0 0
0 0 415 -0.227612 -0.265003 -0.974251 -0.0479566 0 0
0 0 416 0.338885 0.280105 0.0535679 -0.310495 0 0
0 0 417 -1.14687 1.44063 -1.08157 1.43496 0 0
0 0 418 0.200523 1.36556 -0.764868 -2.34572 0 0
0 0 419 1.73625 -0.757515 -0.369153 -1.77699 0 0
0 0 420 0.342269 -1.57847 -2.56544 1.36864 0 0
0 0 421 -0.533728 0.589952 1.13148 0.929986 0 0
0 0 422 0.462751 -0.0642417 -1.34395 0.914913 0 0
0 0 423 0.553552 -0.130809 1.67307 -0.712379 0 0
0 0 424 -0.308497 -1.35562 0.538724 0.925552 0 0
0 0 425 0.372818 -0.216532 2.07899 -2.18911 0 0
0 0 426 1.76523 -0.0494736 -1.03134 -1.00921 0 0
0 0 427 1.08228 -1.15496 0.379588 1.85269 0 0
0 0 428 2.53924 -0.798475 -0.329146 -1.90934 0 0
0 0 429 -0.198747 0.293644 -0.698206 0.467345 0 0
0 0 430 0.849431 -0.890674 -1.77592 -0.193932 0 0
0 0 431 0.48674 0.014861 1.07045 -1.44397 0 0
0 0 432 -0.664848 -0.922922 -1.24153 1.11538 0 0
0 0 433 -0.300554 0.0962987 0.15516 1.37379 0 0
0 0 434 0.157467 1.34878 1.39804 0.919466 0 0
0 0 435 0.131834 1.05462 -0.0349027 0.454489 0 0
0 0 436 1.16469 -1.04525 0.87685 1.31033 0 0
0 0 437 1.52714 -1.71345 -0.188419 0.0538208 0 0
0 0 438 0.349174 -1.08483 1.19119 0.809125 0 0
0 0 439 -1.81309 0.732352 0.769278 -1.20642 0 0
0 0 440 1.88366 0.777187 -0.788036 -0.734783 0 0
0 0 441 0.376399 -0.00683227 2.10209 0.000877581 0 0
0 0 442 3.05752 -1.69268 -1.85246 -0.904117 0 0
0 0 443 0.383656 -1.3765 -1.45456 1.12522 0 0
0 0 444 -1.54583 0.140694 0.522836 2.25291 0 0
0 0 445 -0.0686478 1.01082 -0.103055 0.243183 0 0
0 0 446 -0.209329 -1.9938 0.991264 -0.120703 0 0
0 0 447 1.64983 -0.350497 0.113729 0.631584 0 0
0 0 448 0.749323 -0.642536 1.17626 0.382831 0 0
0 0 449 -0.775203 0.217744 -1.57239 -1.56372 0 0
0 0 450 2.77569 -0.901165 0.0818971 -0.690973 0 0
0 0 451 1.41876 1.85439 -1.51652 0.519256 0 0
0 0 452 -0.399206 2.53347 2.50337 0.252088 0 0
0 0 453 0.816833 -1.62644 -1.72156 -0.0999151 0 0
0 0 454 1.63747 -0.070671 -0.208628 -1.02545 0 0
0 0 455 0.597154 0.7747 -2.73142 -1.35703 0 0
0 0 456 0.00909519 -2.88329 -0.667416 1.00032 0 0
0 0 457 -0.295986 2.41069 0.51288 0.769884 0 0
0 0 458 0.103355 -1.065 0.0565422 2.16729 0 0
0 0 459 -0.203981 -1.49641 -1.07586 0.978231 0 0
0 0 460 -1.2771 2.05555 -0.432517 0.154194 0 0
0 0 461 -0.943912 0.920125 -0.621845 -0.35842 0 0
0 0 462 -0.328557 -0.339459 0.811929 -1.24722 0 0
0 0 463 0.404108 1.9093 -0.233965 0.167529 0 0
0 0 464 1.25004 -1.5495 -1.09151 -0.726805 0 0
0 0 465 0.154688 -2.36798 2.31591 -2.7047 0 0
0 0 466 -1.29582 0.417416 -1.18737 -2.20728 0 0
0 0 467 0.803915 2.7589 4.03789 -1.44186 27.8285 7.33534
0 0 468 -0.442033 0.842082 -0.259466 -0.295231 0 0
0 0 469 -1.30529 0.639876 -0.842845 0.506804 0 0
0 0 470 0.510436 0.414954 0.146239 0.408729 0 0
0 0 471 -1.59349 -1.07099 -0.290006 -0.506705 0 0
0 0 472 -2.69019 -1.81257 -1.82368 -1.41928 0 0
0 0 473 1.7516 1.65592 -0.233131 -1.51524 0 0
0 0 474 -0.836192 1.07726 -0.729128 3.61339 0 0
0 0 475 1.10043 0.587155 -1.92143 0.568798 0 0
0 0 476 -0.32201 1.03247 0.650378 2.99246 0 0
0 0 477 1.19399 0.843868 0.926545 1.5304 0 0
0 0 478 -0.877612 1.145 -0.492471 -0.585892 0 0
0 0 479 -1.74468 -0.741591 -0.471875 0.357315 0 0
0 0 480 0.194314 1.27357 0.245066 3.08919 0 0
0 0 481 0.677816 0.822549 0.960435 0.20909 0 0
0 0 482 0.562733 -1.01635 -1.1038 -1.41928 0 0
0 0 483 -2.1367 1.08017 0.356616 0.354048 0 0
0 0 484 0.311847 0.417581 -1.62754 -0.198458 0 0
0 0 485 -1.59456 0.126911 3.21026 0.274771 0 0
0 0 486 1.45886 -0.616715 -0.816823 -1.53986 0 0
0 0 487 -1.17433 1.35849 -1.79923 0.0854581 0 0
0 0 488 -0.788459 -1.16288 0.234137 -1.19598 0 0
0 0 489 1.7912 1.35732 -0.945777 1.2923 0 0
0 0 490 -0.819176 -0.881491 0.313255 0.276331 0 0
0 0 491 -0.181993 0.38238 0.0530297 1.64972 0 0
0 0 492 -0.485454 -1.64285 2.56581 -2.27239 0 0
0 0 493 -1.87612 -1.95425 2.4227 -0.889692 0 0
0 0 494 -0.59289 -1.13642 1.18891 0.265079 0 0
0 0 495 -1.07364 1.37109 0.867814 1.37344 0 0
0 0 496 0.298192 -0.523606 -1.17138 0.456973 0 0
0 0 497 0.0708736 0.347927 2.11863 1.57199 0 0
0 0 498 -1.15006 1.02243 1.00019 0.622524 0 0
0 0 499 -1.07686 -3.2185 -2.00648 -1.60334 0 0
0 0 500 0.363183 1.10158 0.456597 0.601564 0 0
0 0 501 0.772086 0.0774405 -2.08001 -0.142563 0 0
0 0 502 0.360266 0.0577321 -0.702883 -1.44886 0 0
0 0 503 -1.56008 0.326563 0.553777 -1.93574 0 0
0 0 504 1.56292 0.422032 0.877997 -2.02337 0 0
0 0 505 -1.59627 1.62486 -1.18862 0.95242 0 0
0 0 506 0.428929 0.428592 1.4596 -0.538908 0 0
0 0 507 3.32467 2.24599 0.322374 -1.84784 0 0
0 0 508 0.561795 -0.256463 -1.545 1.86224 0 0
0 0 509 1.59399 -3.52588 -0.153434 -0.971714 0 0
0 0 510 0.204685 2.10322 0.877343 0.637967 0 0
0 0 511 0.971692 0.870624 -1.51663 0.801211 0 0
0 0 512 0.676076 0.260342 -1.17146 -0.64688 0 0
0 0 513 1.63518 -1.15172 0.187698 -0.55599 0 0
0 0 514 0.414303 0.95879 -0.799085 -1.09299 0 0
0 0 515 0.36876 -1.05468 1.78652 -0.18438 0 0
0 0 516 -1.00504 0.0237103 -0.859274 -0.596737 0 0
0 0 517 -1.16504 0.371493 1.73003 0.0553713 0 0
0 0 518 1.68407 1.27964 -1.54419 0.824565 0 0
0 0 519 0.254585 1.18664 0.555125 0.510441 0 0
0 0 520 1.38826 -0.54174 0.899039 -2.42038 0 0
0 0 521 1.89587 1.0205 -1.17262 -1.21136 0 0
0 0 522 0.0984661 -1.97898 -2.07363 -0.999227 0 0
0 0 523 0.336988 1.51102 -0.223777 1.37349 0 0
0 0 524 -1.48142 2.21681 1.03417 -1.05834 0 0
0 0 525 0.356953 -0.898919 0.975972 0.680429 0 0
0 0 526 -0.78766 -1.20919 0.543613 -0.732683 0 0
0 0 527 3.49288 -0.882986 0.148637 1.43358 0 0
0 0 528 0.904746 -0.399908 0.94169 -1.70356 0 0
0 0 529 -0.467123 0.794179 -0.207728 0.162064 0 0
0 0 530 -1.98235 -0.941262 -2.98514 1.33343 0 0
0 0 531 -0.771677 -1.37737 -1.4487 -1.52709 0 0
0 0 532 -0.425685 1.80543 0.24191 1.21302 0 0
0 0 533 -1.64362 -1.39943 -0.855521 -0.496077 0 0
0 0 534 1.15744 -1.76595 -0.37805 1.44267 0 0
0 0 535 -3.06873 -1.12409 0.954021 0.235452 0 0
0 0 536 -0.793567 0.297523 1.13599 1.26759 0 0
0 0 537 1.50242 1.25896 -3.09953 0.272137 0 0
0 0 538 -3.21974 -0.878352 -0.658286 0.211025 0 0
0 0 539 0.256282 0.672305 -2.38303 0.193207 0 0
0 0 540 0.206625 0.706879 -1.54718 0.447893 0 0
0 0 541 -2.06499 1.79329 0.0340127 -0.0364031 0 0
0 0 542 0.390022 2.81225 1.62557 -1.2025 0 0
0 0 543 0.303363 -0.85412 0.3995 -0.510549 0 0
0 0 544 0.376188 0.9753 1.36734 0.240872 0 0
0 0 545 -0.956629 -0.071151 0.271174 -0.157185 0 0
0 0 546 -0.897636 1.49009 -0.455545 0.0675375 0 0
0 0 547 0.0704179 1.29806 -0.555183 -1.72367 0 0
0 0 548 1.3518 0.97976 -1.76863 -0.162082 0 0
0 0 549 0.786303 1.86389 0.459488 -0.743379 0 0
0 0 550 2.11104 -3.88402 -0.101566 -0.427141 0 0
0 0 551 -0.00798333 -1.19334 -0.380451 1.11613 0 0
0 0 552 -1.40289 -1.10348 0.400643 -1.42924 0 0
0 0 553 1.50775 0.0202491 -1.09883 1.03001 0 0
0 0 554 -1.25828 1.33752 0.859472 -1.23023 0 0
0 0 555 2.23341 -0.165267 -1.06236 0.273802 0 0
0 0 556 0.407914 0.550284 -0.0169174 -0.312074 0 0
0 0 557 -0.563474 0.617676 0.564053 0.415074 0 0
0 0 558 -0.987782 1.12729 -2.29587 1.038 0 0
0 0 559 0.533205 1.77216 1.27078 1.04901 0 0
0 0 560 -0.247077 -1.96366 1.00397 -0.266783 0 0
0 0 561 -0.0306794 -1.17175 0.961675 -0.689038 0 0
0 0 562 -1.02825 0.733313 0.797832 -0.00428136 0 0
0 0 563 1.73107 0.667192 -0.731846 0.152943 0 0
0 0 564 0.73623 -0.156636 -1.06051 -0.745096 0 0
0 0 565 -1.94778 0.557634 0.704877 0.198597 0 0
0 0 566 -0.717862 0.362446 1.38443 -1.19455 0 0
0 0 567 -0.206577 -0.0686566 1.24701 -0.0693643 0 0
0 0 568 -0.259655 1.42033 -1.44439 -0.350186 0 0
0 0 569 -0.507645 0.17349 -1.0136 -2.23002 0 0
0 0 570 -0.713652 1.48058 0.84186 -2.69301 0 0
0 0 571 -0.610565 1.78132 -1.33798 -1.24372 0 0
0 0 572 0.66105 0.816208 -2.03235 -0.737682 0 0
0 0 573 0.241552 -0.982769 0.778875 0.145426 0 0
0 0 574 0.79028 -0.410972 -1.38303 1.17053 0 0
0 0 575 0.674813 -1.86211 0.351024 0.724656 0 0
0 0 576 -0.487075 -1.42398 -0.558222 -0.880417 0 0
0 0 577 2.19623 -2.65504 0.0587743 1.36448 0 0
0 0 578 1.97249 1.77655 -0.871309 0.815433 0 0
0 0 579 1.20963 -0.10938 1.66518 0.264297 0 0
0 0 580 -0.276496 -0.47282 0.652073 -0.838145 0 0
0 0 581 0.790139 -1.19426 0.358385 0.519862 0 0
0 0 582 -1.21477 -0.571106 -0.35948 -1.01299 0 0
0 0 583 -1.35351 -0.155421 -0.0507282 2.26174 0 0
0 0 584 -0.225872 1.1746 0.234961 -0.409425 0 0
0 0 585 -0.506073 -1.03425 0.357938 -0.70754 0 0
0 0 586 2.62975 2.23188 -1.46792 0.864305 0 0
0 0 587 0.459524 2.67474 -0.502481 1.80543 0 0
0 0 588 2.17932 0.0197542 -0.286771 -0.363844 0 0
0 0 589 2.45338 -0.52082 -0.148636 -0.338303 0 0
0 0 590 0.431879 -1.49606 0.814957 0.260121 0 0
0 0 591 -0.33933 -1.36029 0.855489 -0.0419176 0 0
0 0 592 -0.201099 0.500536 0.223984 1.24884 0 0
0 0 593 -1.75785 0.992826 1.86712 -0.868192 0 0
0 0 594 -0.695934 -0.785911 -0.999833 0.971193 0 0
0 0 595 1.80118 1.16854 -1.3942 -0.711368 0 0
0 0 596 2.3903 -0.118415 0.3204 -0.738055 0 0
0 0 597 -1.8088 1.54641 -0.223453 0.893511 0 0
0 0 598 -0.0962141 -0.00747141 0.662335 0.0605515 0 0
0 0 599 1.28619 1.21617 -0.0865944 -0.514714 0 0
0 0 600 0.476899 -1.11897 -0.554284 -1.0767 0 0
0 0 601 0.666313 -0.339218 -2.33341 0.725997 0 0
0 0 602 0.143112 0.419708 2.54389 -0.448014 0 0
0 0 603 1.51912 1.22407 -1.05514 -1.35097 0 0
0 0 604 2.15555 0.929145 -0.663279 1.76781 0 0
0 0 605 1.02545 -1.30743 -1.06551 0.0511364 0 0
0 0 606 2.72979 -2.54454 -1.38848 -0.165086 0 0
0 0 607 -0.634732 -0.955256 0.0551856 -0.149857 0 0
0 0 608 -2.58876 -1.30335 -1.59319 -0.580132 0 0
0 0 609 0.392863 -0.134458 0.308836 -0.417189 0 0
0 0 610 -3.58551 -0.286916 0.15555 1.74513 0 0
0 0 611 -1.12474 -0.0573162 -0.311506 0.655245 0 0
0 0 612 -0.322351 -1.24009 2.77285 0.207416 0 0
0 0 613 -1.61711 0.22897 -0.339334 0.588723 0 0
0 0 614 0.0939378 -0.413002 -0.340104 0.43379 0 0
0 0 615 1.58067 -0.522126 1.42759 -0.107368 0 0
0 0 616 -1.13509 0.523337 -1.15225 0.37222 0 0
0 0 617 -0.348797 -1.39307 -2.1238 -0.263889 0 0
0 0 618 -0.843162 -0.929695 -1.21856 -0.815193 0 0
0 0 619 0.155219 0.824794 -1.40984 -1.07121 0 0
0 0 620 0.983027 0.794573 0.42625 0.220697 0 0
0 0 621 0.0825765 -1.04822 -1.6768 -0.121956 0 0
0 0 622 -2.28378 -1.53498 0.923949 -1.09687 0 0
0 0 623 1.4309 -0.176386 -2.3484 -0.890103 0 0
0 0 624 0.332694 0.401871 -0.580212 -1.32084 0 0
0 0 625 1.41406 -1.44149 -0.685746 0.960966 0 0
0 0 626 -0.711077 0.733554 0.964973 -0.1758 0 0
0 0 627 -0.551306 0.185121 0.00533543 -0.0821612 0 0
0 0 628 1.20603 -0.635701 -0.245171 -0.650678 0 0
0 0 629 1.60137 -0.139572 -0.180371 0.755177 0 0
0 0 630 -0.92604 1.11533 1.21347 1.56426 0 0
0 0 631 0.55515 0.215114 1.36688 1.21465 0 0
0 0 632 -0.0548105 0.701805 2.20444 -0.711435 0 0
0 0 633 1.11579 0.485853 -2.23291 -0.499936 0 0
0 0 634 0.172843 -0.25765 -0.876377 -0.169217 0 0
0 0 635 -1.58689 0.962387 -0.71923 -0.867257 0 0
0 0 636 1.11717 -0.123313 1.41049 -0.872883 0 0
0 0 637 1.3994 0.337627 -1.60811 0.750307 0 0
0 0 638 -0.673565 1.85765 -1.37034 -1.23685 0 0
0 0 639 -1.29626 0.384044 0.524472 2.77449 0 0
0 0 640 -0.00224382 -0.53352 -1.09282 -1.56726 0 0
0 0 641 0.393335 0.293706 1.49923 0.718025 0 0
0 0 642 1.40085 -0.94108 -0.522108 -0.526481 0 0
0 0 643 -0.168797 0.936816 -0.710478 0.469946 0 0
0 0 644 -0.367259 0.585949 0.968259 1.37152 0 0
0 0 645 -0.232022 1.4393 1.15373 1.46145 0 0
0 0 646 1.09062 0.351939 -1.09376 0.728737 0 0
0 0 647 -0.545482 1.22011 -1.03351 -0.717923 0 0
0 0 648 -0.196814 0.783817 -1.12859 2.07818 0 0
0 0 649 -0.396783 0.290322 3.64242 -0.89235 0 0
0 0 650 -0.96182 -0.286065 -0.68735 1.09473 0 0
0 0 651 1.51854 -0.230657 1.11561 -0.913033 0 0
0 0 652 2.24554 -0.236017 0.575237 -0.614998 0 0
0 0 653 -1.25305 0.027937 0.770929 0.741886 0 0
0 0 654 -2.24534 -0.662036 -2.57442 -0.0201013 0 0
0 0 655 2.09498 1.28795 -0.0157841 -0.406223 0 0
0 0 656 2.9866 1.46521 1.05785 0.0909126 0 0
0 0 657 1.31746 -0.071631 -1.10649 -1.16516 0 0
0 0 658 0.637458 -0.868019 -0.462726 1.40786 0 0
0 0 659 -0.0428698 0.468353 -0.467746 0.141083 0 0
0 0 660 0.704997 -0.7114 0.452107 -2.06763 0 0
0 0 661 0.770645 0.878343 -0.557359 -0.877521 0 0
0 0 662 0.622401 2.07842 -1.22285 0.698057 0 0
0 0 663 0.261113 1.14889 -0.879437 -0.354534 0 0
0 0 664 1.1687 1.18031 0.925298 -1.67218 0 0
0 0 665 2.26338 -0.207985 -0.266391 -1.8435 0 0
0 0 666 0.432022 0.318846 -2.15883 3.00351 0 0
0 0 667 -0.812142 -0.0262124 -0.884799 0.232309 0 0
0 0 668 -0.362397 0.254651 -1.28908 0.615335 0 0
0 0 669 -1.0347 -1.67907 -0.255119 1.12984 0 0
0 0 670 1.10844 0.697731 0.210778 1.02025 0 0
0 0 671 0.14028 -0.868385 -0.481615 1.50077 0 0
0 0 672 0.178832 0.122625 -0.304075 -1.58366 0 0
0 0 673 -2.19046 -0.294185 -1.85924 0.210347 0 0
0 0 674 -3.15758 1.20506 0.321647 -0.538819 0 0
0 0 675 0.746992 0.272706 1.0343 0.250256 0 0
0 0 676 0.574532 -1.32575 -0.514674 1.6169 0 0
0 0 677 -2.06658 0.066529 1.41578 0.232509 0 0
0 0 678 -2.20074 -2.26955 2.0981 1.91922 0 0
0 0 679 -0.489074 0.94094 0.0779241 -0.616558 0 0
0 0 680 0.0633341 -1.73447 -2.05335 -1.08549 0 0
0 0 681 -0.117027 0.853751 1.63898 0.485003 0 0
0 0 682 -1.14609 0.916407 1.62973 -0.682164 0 0
0 0 683 0.435615 0.366388 0.0494509 -0.979103 0 0
0 0 684 -3.01429 2.36722 1.24734 -2.54181 0 0
0 0 685 -0.898287 0.570572 -1.25278 -2.04874 0 0
0 0 686 -0.298006 1.16077 1.579 -2.00428 0 0
0 0 687 -0.830246 0.159072 -0.532094 1.43997 0 0
0 0 688 0.899342 1.06857 1.61774 0.0125655 0 0
0 0 689 0.363356 0.618418 1.2391 1.22511 0 0
0 0 690 1.22967 0.409896 0.678665 0.235258 0 0
0 0 691 1.77183 -0.53009 1.16552 1.71258 0 0
0 0 692 1.70352 1.45892 -0.21126 1.16761 0 0
0 0 693 0.643993 -1.23538 1.97003 0.269541 0 0
0 0 694 0.303414 -0.551528 -1.37404 0.830698 0 0
0 0 695 1.45976 1.13408 1.1737 -3.86635 0 0
0 0 696 -0.118228 2.0659 -1.90172 0.132507 0 0
0 0 697 -0.312208 0.420151 0.152457 -0.725961 0 0
0 0 698 -0.631003 1.67646 0.769617 -0.219992 0 0
0 0 699 -0.829355 -1.09836 0.408164 -0.904409 0 0
0 0 700 -0.634295 0.542185 -2.07122 1.16992 0 0
0 0 701 -0.696152 -2.76681 1.15774 -0.511494 0 0
0 0 702 1.80086 0.0106195 -1.3215 0.643346 0 0
0 0 703 0.286237 -1.64442 1.04875 1.69412 0 0
0 0 704 -1.29508 -0.119752 -1.60768 -0.685503 0 0
0 0 705 1.80292 0.278176 0.374593 -0.831978 0 0
0 0 706 -1.1803 0.529129 0.691221 -0.389916 0 0
0 0 707 -0.450227 0.6317 1.35862 0.191712 0 0
0 0 708 0.648194 -2.51507 -0.0240863 -0.541463 0 0
0 0 709 -0.18227 -0.174453 -1.79302 -0.852695 0 0
0 0 710 0.594132 -0.757941 -2.4443 0.57167 0 0
0 0 711 1.97701 0.440721 1.69751 1.15467 0 0
0 0 712 -0.479905 -1.36473 0.179791 -0.876674 0 0
0 0 713 -0.315393 0.303118 0.345244 0.288543 0 0
0 0 714 1.11748 1.90711 0.105155 0.857469 0 0
0 0 715 -0.471925 -0.903007 -1.84179 -0.500476 0 0
0 0 716 0.332193 1.1453 -1.21235 0.205568 0 0
0 0 717 1.79708 0.216094 -1.25567 -0.81827 0 0
0 0 718 1.08904 1.01108 1.0556 2.20007 0 0
0 0 719 -1.08386 0.935225 0.340584 -0.813322 0 0
0 0 720 1.46118 0.366735 0.934736 -0.606437 0 0
0 0 721 -2.01891 -0.0124364 2.08128 -1.0725 0 0
0 0 722 0.721398 -0.476212 1.85291 -1.23672 0 0
0 0 723 1.45329 1.52735 0.838536 -0.017089 0 0
0 0 724 1.11816 -1.54555 0.403266 0.199738 0 0
0 0 725 -2.14699 -1.89495 0.854886 1.29046 0 0
0 0 726 -1.90471 -1.1386 -1.25314 -0.179361 0 0
0 0 727 -0.494827 -0.660558 0.164979 0.846102 0 0
0 0 728 -0.967925 -1.18558 0.808872 -2.4716 0 0
0 0 729 0.119255 -1.12224 0.415314 -1.04172 0 0
0 0 730 0.206187 -1.62829 -0.2105 0.403593 0 0
0 0 731 1.81729 -0.607047 2.12332 -1.04106 0 0
0 0 732 -0.465469 0.722917 -0.748857 0.70042 0 0
0 0 733 1.00949 -1.57842 1.67248 1.20125 0 0
0 0 734 -1.49608 0.568286 1.07924 0.0534682 0 0
0 0 735 -1.28037 0.703028 0.246393 -0.984872 0 0
0 0 736 0.433845 0.114631 -0.273288 -1.62913 0 0
0 0 737 -1.32367 -0.772288 -2.90603 1.10169 0 0
0 0 738 -0.845609 -1.51442 1.20987 2.34605 0 0
0 0 739 -0.777233 0.0543581 0.858595 -1.72124 0 0
0 0 740 0.456593 -0.511146 -0.140918 0.263121 0 0
0 0 741 1.31245 0.874866 -0.862566 0.289926 0 0
0 0 742 2.15264 -0.623545 1.22876 2.96999 0 0
0 0 743 -0.545681 1.17779 -0.756482 -0.806621 0 0
0 0 744 -1.35536 1.55549 -1.23231 -4.18622 0 0
0 0 745 1.61549 0.971592 -1.08336 -1.93373 0 0
0 0 746 -0.563397 -1.9774 -1.61144 -3.1998 0 0
0 0 747 -0.592383 0.391078 -1.96857 0.0857606 0 0
0 0 748 0.763114 -1.04628 -1.12713 -1.05708 0 0
0 0 749 2.98484 -0.519402 -2.42609 0.920327 0 0
0 0 750 1.60575 -0.181702 0.984601 -1.52068 0 0
0 0 751 -0.403804 -0.859801 -0.968249 2.06007 0 0
0 0 752 1.64466 0.50858 -2.93972 0.216312 0 0
0 0 753 0.438085 -0.852517 0.100828 2.62721 0 0
0 0 754 0.203675 -0.0356113 0.390586 -0.0904085 0 0
0 0 755 -0.991085 -1.96574 2.80393 0.206984 0 0
0 0 756 0.345583 0.0380671 -0.0499905 0.876583 0 0
0 0 757 -0.234309 1.51673 -0.801922 -2.16828 0 0
0 0 758 2.55999 -2.66378 -2.36155 0.447894 0 0
0 0 759 -0.790907 0.148751 -3.27242 2.08999 0 0
0 0 760 -0.730298 0.305853 0.175361 0.353389 0 0
0 0 761 0.733067 0.662787 -1.04051 1.18778 0 0
0 0 762 0.391176 1.22864 -1.07042 -0.666716 0 0
0 0 763 3.02814 0.818518 -1.90148 0.855604 0 0
0 0 764 0.360318 -1.89496 1.05239 0.677804 0 0
0 0 765 -0.643256 -0.383985 0.176007 -1.32284 0 0
0 0 766 1.00138 0.620282 -0.171287 -0.941364 0 0
0 0 767 0.630405 0.092344 0.173375 1.88055 0 0
0 0 768 0.409705 -0.652895 1.05747 -0.592044 0 0
0 0 769 -0.781904 -0.168977 -1.38861 0.676587 0 0
0 0 770 -0.54043 1.25884 0.785243 -0.979623 0 0
0 0 771 0.28015 0.242791 -0.120205 -0.22395 0 0
0 0 772 0.994009 0.90386 1.12717 -0.555614 0 0
0 0 773 4.138 -0.372705 -0.262414 0.848851 0 0
0 0 774 0.87548 1.31906 -1.12818 -2.24578 0 0
0 0 775 -0.410935 1.96121 1.78105 0.5285 0 0
0 0 776 0.854575 2.28899 0.799627 -1.39768 0 0
0 0 777 0.395356 -0.231177 -0.328388 -2.19982 0 0
0 0 778 0.0236264 -0.629647 -1.34122 0.253026 0 0
0 0 779 0.524562 -1.42781 0.988683 1.18667 0 0
0 0 780 -0.332101 -0.954025 0.0962361 1.94196 0 0
0 0 781 0.338384 1.68679 -0.410384 0.0861541 0 0
0 0 782 -1.99742 -0.491933 2.8405 0.0655309 0 0
0 0 783 2.24609 -3.00126 -0.441207 -0.954656 0 0
0 0 784 1.26651 0.680427 -0.967186 0.0339318 0 0
0 0 785 -0.703723 2.50875 -1.19615 2.52333 0 0
0 0 786 -1.28447 -0.0050633 -0.181331 0.116792 0 0
0 0 787 0.0550016 -2.29549 -0.225617 -1.03835 0 0
0 0 788 1.3752 -0.207344 2.33178 -0.376315 0 0
0 0 789 -0.469423 0.262059 -0.125014 0.994254 0 0
0 0 790 0.736703 0.993441 -1.15064 0.602112 0 0
0 0 791 -0.876542 0.290043 -0.24788 0.461735 0 0
0 0 792 1.40168 0.566972 -0.0954771 0.590173 0 0
0 0 793 -0.0583266 -1.26626 0.127619 -0.394253 0 0
0 0 794 -0.0201502 -1.05584 -0.559944 -1.02078 0 0
0 0 795 0.0542952 -0.001397 -1.64117 -0.798633 0 0
0 0 796 0.517773 -1.01868 -1.87899 2.20528 0 0
0 0 797 -2.29054 1.34001 -2.08634 -0.543634 0 0
0 0 798 0.135313 0.0436776 -0.704755 0.135455 0 0
0 0 799 0.260148 1.14459 -0.0284883 0.755825 0 0
0 0 800 -2.39974 -0.924579 1.71257 -0.101405 0 0
0 0 801 -1.20918 -0.635723 -0.184646 0.911534 0 0
0 0 802 -0.482331 1.35544 -3.55555 1.3337 0 0
0 0 803 1.57656 -0.229628 -0.966395 -0.556856 0 0
0 0 804 -1.78319 0.635418 -1.50173 -0.727527 0 0
0 0 805 0.038371 -2.04717 1.13623 0.0865115 0 0
0 0 806 1.59431 1.60882 -0.88848 1.67359 0 0
0 0 807 -0.703147 0.485349 -0.890866 -0.340833 0 0
0 0 808 0.725498 -0.459239 -0.541083 -1.48083 0 0
0 0 809 -0.156227 -0.0716049 -1.54471 1.47756 0 0
0 0 810 0.0381388 1.02462 -1.38666 -0.0939109 0 0
0 0 811 -1.20854 -0.867361 0.773969 -0.0319517 0 0
0 0 812 0.8556 -0.509218 0.250365 0.25029 0 0
0 0 813 1.28529 0.487402 -0.755659 -1.10735 0 0
0 0 814 1.0728 0.965875 1.73984 0.215627 0 0
0 0 815 -0.502239 -0.152059 1.04827 -0.492574 0 0
0 0 816 0.684984 0.872743 0.375722 1.08061 0 0
0 0 817 1.24316 1.59363 0.303059 1.30331 0 0
0 0 818 -0.39192 0.291976 -0.823787 -1.08285 0 0
0 0 819 0.385758 0.258592 0.685269 1.49011 0 0
0 0 820 -0.0678807 -0.149218 0.717519 0.218548 0 0
0 0 821 -0.527149 -1.61154 -1.89773 0.300453 0 0
0 0 822 0.79982 0.942753 -0.603352 -0.557161 0 0
0 0 823 -1.11746 1.01222 0.628399 1.37177 0 0
0 0 824 1.83433 0.0357751 -3.29768 0.489648 0 0
0 0 825 1.75727 1.14391 2.1663 -0.0818006 0 0
0 0 826 0.253017 2.94206 -1.65574 -0.900335 0 0
0 0 827 -0.260081 1.00108 0.216141 0.468332 0 0
0 0 828 0.119287 0.08327 0.551292 -0.529156 0 0
0 0 829 1.4887 2.76792 -1.79631 0.716553 0 0
0 0 830 -0.680839 -0.215816 0.504866 -2.10048 0 0
0 0 831 -1.10641 3.32998 0.246909 -0.324618 0 0
0 0 832 -0.608038 -1.7736 -1.10271 1.17203 0 0
0 0 833 0.27471 -2.66697 -0.77942 1.22169 0 0
0 0 834 0.242746 1.62181 2.37859 0.10171 0 0
0 0 835 -0.426064 0.515426 0.713264 -1.62669 0 0
0 0 836 2.70431 -0.596136 -1.90146 -0.123862 0 0
0 0 837 2.45671 2.84548 0.452396 -2.53398 0 0
0 0 838 1.04228 0.544698 -1.47399 1.34445 0 0
0 0 839 0.389755 0.916704 -1.28582 0.708225 0 0
0 0 840 1.80113 0.0437723 -1.46899 2.6181 0 0
0 0 841 -1.32725 0.816036 1.99232 -1.40874 0 0
0 0 842 -0.103252 -0.350254 1.05782 0.00920122 0 0
0 0 843 3.61832 -0.0472304 -0.451935 -1.15125 0 0
0 0 844 1.52326 -0.341294 -3.91081 0.916521 0 0
0 0 845 3.00381 3.49047 0.7643 -0.10708 0 0
0 0 846 3.91254 1.46614 -2.41415 -0.619889 0 0
0 0 847 1.55339 -0.896907 -2.1527 -0.300759 0 0
0 0 848 2.83419 0.659446 -3.04119 -1.58286 0 0
0 0 849 1.4899 -0.0362204 -2.51715 -0.468006 0 0
0 0 850 2.39073 1.9013 -1.69455 0.499668 0 0
0 0 851 2.22961 2.36599 -2.61027 -2.35995 0 0
0 0 852 1.83634 2.13269 -2.88448 0.220329 0 0
0 0 853 3.84792 1.01141 -3.17563 1.29727 0 0
0 0 854 4.60847 2.38265 -5.79448 -2.27035 -33.8239 5.70465
0 0 855 4.70199 -1.29384 -6.54292 -0.0263228 -50.5929 5.34654
0 0 856 5.09101 -0.197562 -4.04362 0.327853 0 0
0 0 857 7.3698 0.914648 -6.283 -1.36857 -40.8587 5.61431
0 0 858 6.04278 1.89 -5.9712 0.372923 -36.2182 5.70001
0 0 859 6.05295 1.61441 -7.44221 0.620025 -38.8803 4.68333
0 0 860 7.45698 1.98877 -6.14865 0.0412514 -36.0382 5.52482
0 0 861 5.71829 4.17713 -5.51616 -2.31814 -26.4325 5.18953
0 0 862 6.49676 -1.11725 -5.13772 -0.129277 -51.1343 6.78329
0 0 863 5.76497 0.795642 -4.75936 0.967419 -40.2547 7.38827
0 0 864 5.78608 3.60193 -8.58881 -0.808456 -33.624 3.83794
0 0 865 7.64468 1.87091 -6.45819 0.0158414 -36.922 5.30803
0 0 866 7.15341 1.04957 -5.64647 1.92387 -39.735 6.20843
0 0 867 8.02587 1.60092 -7.88156 -0.489569 -39.2591 4.43405
0 0 868 6.97845 1.40875 -4.25065 -1.2622 -35.8319 7.97365
0 0 869 7.81938 4.08255 -5.31775 -2.14912 -26.2429 5.35677
0 0 870 6.34983 2.14586 -5.44265 0.180277 -34.2411 6.10783
0 0 871 6.25407 2.01529 -7.58022 -0.193372 -37.5558 4.5491
0 0 872 7.14479 0.358546 -4.73221 1.1403 -42.8336 7.50879
0 0 873 7.50867 0.289992 -5.31642 0.669718 -43.4389 6.69248
0 0 874 8.59362 0.745381 -4.5626 -1.7469 -40.3608 7.71141
0 0 875 5.52004 -0.222784 -6.26085 -0.674061 -46.019 5.68758
0 0 876 4.71592 1.29763 -4.47744 0.867612 -36.9188 7.65599
0 0 877 7.47836 1.63602 -3.97736 1.89606 -33.8205 8.31051
0 0 878 5.06089 2.48219 -6.81995 -0.718608 -35.0002 4.92171
0 0 879 7.72414 1.99208 -4.34272 0.77505 -32.6792 7.48523
0 0 880 4.13082 1.65261 -4.17048 -3.04113 -34.1917 7.96572
0 0 881 5.43621 0.984782 -5.39032 1.26012 -39.8233 6.507
0 0 882 5.11372 0.570942 -4.20193 0.466124 -41.1311 8.40565
0 0 883 2.55435 1.86881 -6.8184 -0.55993 -37.3363 5.04734
0 0 884 5.93573 3.11429 -2.38366 0.0597692 0 0
0 0 885 5.57853 -0.528137 -5.18321 -0.0604164 -47.909 6.84035
0 0 886 5.12622 -0.298585 -6.76364 0.0494025 -46.2639 5.26307
0 0 887 4.41573 0.592199 -5.2649 -1.88577 -41.7912 6.72697
0 0 888 4.3255 0.178389 -3.20889 -1.08972 0 0
0 0 889 6.38219 1.89861 -5.41911 -0.895664 -35.346 6.2197
0 0 890 5.8146 -1.1025 -5.09895 -2.39422 -51.1004 6.83655
0 0 891 7.24204 -1.00032 -6.4243 0.318516 -49.4252 5.48298
0 0 892 7.68064 1.63353 -3.04369 0.252409 0 0
0 0 893 5.93608 0.639573 -6.07107 -0.878151 -41.9931 5.83801
0 0 894 6.33366 2.16582 -4.6164 -0.207996 -32.433 7.01445
0 0 895 6.07839 1.7633 -5.16073 -1.19094 -35.568 6.54797
0 0 896 8.37405 0.967874 -6.87446 0.883771 -40.9929 5.13457
0 0 897 8.0874 1.06909 -9.83103 0.0596503 -41.8968 3.60397
0 0 898 10.4851 2.09387 -8.36035 -1.07626 -37.9697 4.1394
0 0 899 10.2804 1.58633 -10.8503 -0.766354 -40.8411 3.25076
0 0 900 8.51216 3.44882 -7.25679 1.65653 -32.2902 4.4521
0 0 901 12.2295 1.9677 -10.1488 0.571663 -39.5137 3.44933
0 0 902 10.2887 1.63043 -8.17968 1.23815 -39.3636 4.27546
0 0 903 10.8292 1.95734 -9.45354 -0.0491612 -39.1511 3.694
0 0 904 12.06 4.62186 -9.60889 -1.35304 -32.1563 3.35505
0 0 905 14.6746 3.06776 -10.3653 -2.88117 -36.7566 3.30183
0 0 906 14.4473 4.45005 -12.2655 -2.14342 -35.0294 2.73757
0 0 907 13.2624 2.62423 -12.6303 0.384183 -39.1312 2.76452
0 0 908 16.5589 2.21178 -15.0464 -1.42113 -40.8188 2.34393
0 0 909 15.6006 1.60303 -14.327 -0.546729 -41.8079 2.4722
0 0 910 18.1705 1.64582 -16.2088 -2.16423 -42.1011 2.18747
0 0 911 17.2467 2.87659 -12.633 -1.85786 -38.5861 2.75295
0 0 912 17.4508 0.0359392 -15.9819 -1.00255 -44.9356 2.22944
0 0 913 18.6706 3.31514 -16.578 -2.34107 -39.3458 2.10928
0 0 914 20.8138 2.32491 -16.1812 0.0252233 -40.9119 2.18055
0 0 915 18.3076 3.41354 -15.8041 -2.18891 -38.9059 2.2058
0 0 916 22.1082 1.1498 -15.4659 -0.725779 -42.8741 2.29775
0 0 917 20.3597 0.877471 -16.319 -3.7368 -43.4611 2.18037
0 0 918 22.441 2.83037 -15.581 0.846453 -39.8521 2.25153
0 0 919 21.0597 1.90506 -17.433 -1.49216 -41.8818 2.03228
0 0 920 20.9315 2.61914 -17.9274 -1.72575 -40.844 1.9675
0 0 921 23.5453 0.394546 -17.1298 -0.994211 -44.3403 2.07951
0 0 922 26.0347 -2.05543 -14.8429 -0.60338 -48.9421 2.37878
0 0 923 27.8377 1.9408 -17.589 -0.839406 -41.8517 2.01403
0 0 924 28.1122 0.739557 -17.011 0.418015 -43.7553 2.09267
0 0 925 32.6591 1.69019 -14.5342 0.735586 -41.6834 2.43579
0 0 926 32.0831 -1.884 -16.5435 -2.43113 -48.2485 2.14052
0 0 927 36.4359 -0.509808 -17.2119 -0.858907 -45.8483 2.06926
0 0 928 40.5453 -1.68407 -13.8541 -0.30274 -48.4654 2.55385
0 0 929 44.3414 -1.21519 -14.1298 0.578992 -47.4577 2.51279
0 0 930 47.3165 0.352312 -13.684 0.865402 -44.2626 2.60299
0 0 931 49.6756 0.38615 -10.1195 -1.4825 -43.9074 3.51853
0 0 932 56.351 -0.548151 -3.39082 1.38924 0 0
0 0 933 59.5466 0.809181 -1.75122 -0.346413 0 0
0 0 934 64.6529 0.80579 3.83394 1.44002 0 0
0 0 935 67.6241 0.398815 6.5768 0.578831 43.2649 5.40812
0 0 936 77.2452 1.89982 12.1461 1.66196 40.5551 2.89975
0 0 937 86.0174 2.71911 19.218 0.331976 40.9734 1.83651
0 0 938 90.7069 4.54644 23.2427 2.76119 39.4661 1.50566
0 0 939 102.674 4.32916 28.325 2.48512 40.6551 1.24409
0 0 940 109.582 5.23528 35.8905 1.06206 40.8505 0.982804
0 0 941 113.992 6.39288 42.6809 2.00108 40.7407 0.825994
0 0 942 118.112 6.95634 46.7087 2.88992 40.7646 0.754856
0 0 943 121.041 11.0949 47.4267 3.71861 38.4166 0.732342
0 0 944 124.681 10.2069 47.3953 3.42572 38.9233 0.735624
0 0 945 124.425 11.8113 48.3177 2.20299 38.1317 0.717197
0 0 946 123.809 9.01223 46.4961 1.83647 39.5153 0.752898
0 0 947 121.322 11.7638 41.9241 3.53443 37.163 0.819561
0 0 948 117.509 9.16151 41.223 2.00313 38.735 0.844604
0 0 949 109.642 8.77547 34.5072 1.13745 37.8658 1.00201
0 0 950 104.655 6.78253 32.2455 1.64488 39.0608 1.0823
0 0 951 99.9026 5.34351 26.0147 1.1304 39.1964 1.34279
0 0 952 92.0995 4.10278 22.711 1.46502 39.8799 1.54493
0 0 953 86.0913 4.61973 19.9741 4.04709 38.4886 1.73986
0 0 954 78.522 5.75171 13.2731 0.418335 33.2856 2.47144
0 0 955 78.2701 4.17668 13.5144 -0.841677 36.413 2.52364
0 0 956 70.4535 3.3244 9.36474 -0.0905565 35.2278 3.59414
0 0 957 67.7107 3.1317 5.18004 0.558387 29.422 5.91998
0 0 958 64.167 -0.243824 5.27476 1.63842 46.3233 6.74804
0 0 959 62.0549 1.40791 2.28666 -0.177523 0 0
0 0 960 56.9095 1.481 2.50148 0.0670124 0 0
0 0 961 57.1239 1.52495 0.734138 -1.60355 0 0
0 0 962 52.8201 -1.52517 -1.92477 -0.133206 0 0
0 0 963 53.4327 -1.96796 -2.2945 -1.66289 0 0
0 0 964 49.2595 -0.337643 -1.69955 0.753678 0 0
0 0 965 49.0395 -2.31113 -3.90287 0.80621 -60.3162 7.89895
0 0 966 46.1586 -2.20322 -3.71235 -1.403 -60.3442 8.29967
0 0 967 44.9067 -0.625351 -5.6763 -2.23366 -48.1434 6.24095
0 0 968 44.1291 -2.49061 -1.6858 -2.66005 0 0
0 0 969 43.9479 -1.81019 -4.67619 -1.04286 -55.5809 7.12557
0 0 970 43.8294 -0.465992 -4.91272 -2.8377 -47.7093 7.2217
0 0 971 40.6573 -3.56247 -5.5996 -2.08455 -61.2323 5.40172
0 0 972 41.1598 -2.9211 -7.34613 -4.32906 -55.8423 4.52018
0 0 973 38.594 -2.69415 -5.02505 -4.51471 -59.0989 6.27894
0 0 974 39.5196 -3.14951 -5.69193 -3.0281 -59.4785 5.50471
0 0 975 38.5996 -2.42782 -4.28295 -4.6594 -59.7735 7.2749
0 0 976 36.8565 -2.52844 -7.74221 -3.29641 -54.043 4.38377
0 0 977 35.5771 -2.93203 -5.67521 -2.67197 -58.6613 5.60299
0 0 978 35.8814 -3.88937 -5.63739 -4.32362 -62.3014 5.23822
0 0 979 34.3812 -1.98898 -4.4619 -4.61661 -57.0129 7.31955
0 0 980 30.5311 -2.315 -3.5088 -5.93077 -61.7078 8.53096
0 0 981 30.9335 -3.20691 -4.35224 -2.23474 -63.1921 6.64029
0 0 982 29.4816 -5.46133 -4.40598 -2.57339 -70.5524 5.14321
0 0 983 28.3326 -3.56594 -2.91208 -2.94902 -70.3818 7.83802
0 0 984 28.3709 -2.7738 -3.81649 -4.53908 -63.0047 7.60778
0 0 985 25.1824 -3.42755 -4.1525 -2.27854 -64.7685 6.67464
0 0 986 24.2038 -4.33554 -0.70295 -3.64526 -85.3952 8.27994
0 0 987 24.3758 -2.32943 -3.65294 -2.25199 -61.2626 8.27489
0 0 988 23.7379 -3.43541 -1.74419 -3.55845 0 0
0 0 989 22.3806 -3.25935 -0.876591 -5.9048 0 0
0 0 990 20.6737 -2.07905 -2.75469 -4.66932 0 0
0 0 991 21.1007 -2.90791 -4.44795 -2.97617 -61.5876 6.74774
0 0 992 19.3451 -5.43586 -2.04602 -2.02689 -79.687 6.24864
0 0 993 17.2151 -2.33623 -1.78911 -4.34845 0 0
0 0 994 15.7943 -3.45966 -3.10427 -3.41579 -69.0496 7.75593
0 0 995 17.1546 -6.73086 -2.48794 -3.23124 -79.857 5.05801
0 0 996 16.0852 -3.64579 -3.43998 -3.05477 -68.3318 7.18846
0 0 997 13.7809 -4.45305 -3.10403 -4.08716 -72.5606 6.65804
0 0 998 14.6692 -4.10123 -2.07067 -1.31978 -76.6056 7.88667
0 0 999 14.2129 -3.66378 -2.93827 -1.072 -70.6356 7.68498
0 0 1000 14.2939 -4.24918 -1.33211 -1.5389 -81.297 8.15591
0 0 1001 11.2809 -0.816207 -2.19834 -2.68116 0 0
0 0 1002 14.872 -4.3972 -2.30039 -3.26544 -76.1919 7.29964
0 0 1003 11.3932 -3.63434 -0.175354 -2.66713 0 0
0 0 1004 14.5461 -1.71793 -1.11553 -2.98347 0 0
0 0 1005 8.63528 -3.83357 -0.929075 -0.456029 0 0
0 0 1006 9.65297 -4.53852 -1.08426 -1.98588 -83.2819 7.78906
0 0 1007 10.0642 -2.62382 -0.634296 -0.634835 0 0
0 0 1008 10.1341 -3.99248 -2.55623 -0.647239 -73.6851 7.62926
0 0 1009 9.52697 -0.974633 -1.06344 -2.3371 0 0
0 0 1010 8.30991 -2.91667 -3.75125 -1.85977 -63.9329 7.55877
0 0 1011 8.10777 -1.70518 -0.697101 -0.407875 0 0
0 0 1012 8.40945 -0.591028 -1.94222 0.596256 0 0
0 0 1013 5.54408 -3.70976 0.981263 -2.31217 0 0
0 0 1014 6.24966 -2.63889 -0.7545 -0.803322 0 0
0 0 1015 5.46125 -1.19959 -0.227979 -0.588686 0 0
0 0 1016 4.14135 0.791431 -1.74892 -1.18924 0 0
0 0 1017 6.25379 -0.296194 -2.56769 -2.0922 0 0
0 0 1018 4.44946 -1.223 -1.57139 -2.09376 0 0
0 0 1019 4.43347 -0.903998 -0.576593 0.450539 0 0
0 0 1020 4.62323 -2.18501 -1.84378 -0.789 0 0
0 0 1021 6.32283 0.175713 0.465871 -0.23704 0 0
0 0 1022 4.62645 -2.06399 -0.956979 -0.675932 0 0
0 0 1023 3.92852 -0.665616 -1.37349 1.01461 0 0
