# File: uwl_221109_042201_Combined.rf.sbD2.RMC_aux Src: J1713+0747 Nsub: 1 Nch: 1 Npol: 4 Nbin: 1024 RMS: 1.33604
0 0 0 5.69961 1.25617 -0.453479 -0.814527 0 0
0 0 1 0.791708 -1.37018 -1.48502 -0.34487 0 0
0 0 2 1.95284 -1.23548 0.5533 2.17908 0 0
0 0 3 0.167801 -1.25159 -0.492252 -0.794219 0 0
0 0 4 1.21138 -2.62883 -1.36415 -2.25718 0 0
0 0 5 3.75031 -0.479287 -0.0416837 -0.861256 0 0
0 0 6 1.38978 -0.0397188 -1.69149 2.20169 0 0
0 0 7 1.89342 0.518161 -2.18863 0.269531 0 0
0 0 8 2.50859 -0.528472 0.365228 -0.292691 0 0
0 0 9 -0.12924 2.18993 -3.85241 -0.499693 0 0
0 0 10 1.39989 0.362012 -1.88298 -0.445097 0 0
0 0 11 1.39629 0.00185674 -0.0930577 -2.92107 0 0
0 0 12 -0.174913 0.754942 -0.556573 0.244361 0 0
0 0 13 2.24223 -1.54107 -0.696184 0.0583532 0 0
0 0 14 0.582101 -0.805051 0.800652 0.761571 0 0
0 0 15 1.69166 -1.57461 -0.932506 1.7082 0 0
0 0 16 3.92935 0.270176 0.118954 -0.262766 0 0
0 0 17 3.05434 0.420492 1.05959 0.861799 0 0
0 0 18 1.11663 -0.432669 0.456317 1.43785 0 0
0 0 19 1.59364 -0.817484 0.850193 -0.844493 0 0
0 0 20 -0.1979 -0.66723 2.24268 -1.6076 0 0
0 0 21 0.976795 -0.247273 -0.699056 1.37421 0 0
0 0 22 -0.648088 0.570496 2.45468 -0.56212 0 0
0 0 23 2.90088 0.536993 0.0507099 -1.44967 0 0
0 0 24 2.70661 0.506445 3.33216 -0.979532 0 0
0 0 25 0.909968 -1.03661 0.588103 -0.355344 0 0
0 0 26 3.83936 -1.29295 -0.0380636 -0.71046 0 0
0 0 27 1.78368 -1.80741 3.01437 -0.0913998 0 0
0 0 28 0.0829649 0.104175 -1.05049 -1.12041 0 0
0 0 29 3.82818 -1.21395 -0.792023 -1.76362 0 0
0 0 30 1.51997 -0.0256554 0.0155985 0.390602 0 0
0 0 31 5.13696 -2.50952 0.181139 1.9621 0 0
0 0 32 4.36787 -0.921063 -2.09216 1.68046 0 0
0 0 33 4.07792 2.92023 -0.0531091 -1.31019 0 0
0 0 34 0.348718 -0.159614 1.37768 -1.10181 0 0
0 0 35 3.63025 0.622099 -0.22411 -1.28154 0 0
0 0 36 0.231644 1.57945 0.502261 -1.52536 0 0
0 0 37 1.75267 -2.34032 2.16484 -1.84987 0 0
0 0 38 3.15597 0.661717 0.943663 -0.74104 0 0
0 0 39 3.97667 0.286754 2.43046 -0.573572 0 0
0 0 40 2.41895 -0.0768284 2.26751 -0.056086 0 0
0 0 41 1.25735 -1.8573 -1.58217 0.847726 0 0
0 0 42 2.20709 -0.997485 1.42325 -1.14716 0 0
0 0 43 2.81631 1.25241 1.51655 1.96801 0 0
0 0 44 2.48021 -0.10662 1.05845 2.04028 0 0
0 0 45 3.34251 -0.492764 2.09307 2.59595 0 0
0 0 46 2.46646 -1.2943 1.25921 1.14159 0 0
0 0 47 -0.481202 -1.84485 2.07164 -0.804058 0 0
0 0 48 2.74698 -0.820223 4.3721 0.222414 0 0
0 0 49 3.60733 0.114682 4.14784 2.01315 0 0
0 0 50 3.38188 -0.954406 0.684858 -1.10583 0 0
0 0 51 1.13 -3.15127 0.639801 -1.3264 0 0
0 0 52 2.17269 -0.40028 1.4978 -1.90095 0 0
0 0 53 0.0709378 -2.00749 2.29038 1.1963 0 0
0 0 54 2.45618 -1.09287 0.978554 0.913449 0 0
0 0 55 1.0597 0.273659 0.337113 0.903585 0 0
0 0 56 3.84577 -0.522758 4.62396 -1.00731 48.2251 8.15233
0 0 57 2.1164 0.211255 -0.487028 2.1349 0 0
0 0 58 2.93164 -0.625347 0.336728 -0.282123 0 0
0 0 59 -0.936143 -0.629769 1.34165 -1.42954 0 0
0 0 60 1.34639 0.177634 2.33811 1.04045 0 0
0 0 61 0.803937 2.82684 0.491084 -0.799484 0 0
0 0 62 2.77294 -0.498825 2.38905 -0.826027 0 0
0 0 63 1.86656 -1.44566 1.01265 0.712999 0 0
0 0 64 1.25049 1.35262 1.41319 2.7376 0 0
0 0 65 0.253593 -1.17333 2.0401 0.470706 0 0
0 0 66 -0.0854375 -0.254195 1.51716 2.22865 0 0
0 0 67 0.587248 -1.6989 -1.34626 0.373562 0 0
0 0 68 1.9116 -2.98111 1.98855 -2.08785 0 0
0 0 69 0.231052 -1.14092 2.24977 -1.51623 0 0
0 0 70 0.345286 -1.17749 -0.0862964 -1.33441 0 0
0 0 71 1.10799 1.49583 -0.291209 -2.03289 0 0
0 0 72 1.43503 -1.27517 1.92773 0.635491 0 0
0 0 73 2.3753 1.06352 0.510002 -1.37931 0 0
0 0 74 3.22939 3.29954 1.55881 0.247349 0 0
0 0 75 2.63083 0.350838 -0.564632 0.96539 0 0
0 0 76 0.74429 1.03195 -0.374414 0.773852 0 0
0 0 77 2.4956 -0.766248 -0.574623 -1.56367 0 0
0 0 78 2.82983 1.24033 2.2194 0.92488 0 0
0 0 79 2.56927 -0.029978 0.379582 -1.95917 0 0
0 0 80 1.29925 -0.850616 -0.330385 -0.740494 0 0
0 0 81 3.19877 -0.534378 -2.94428 -0.207943 0 0
0 0 82 0.645507 -2.42283 1.64659 3.09242 0 0
0 0 83 0.53683 -0.317938 -1.24218 1.70962 0 0
0 0 84 1.58631 -1.48153 0.400216 -0.839771 0 0
0 0 85 -0.637545 -0.57285 -0.61462 -1.90331 0 0
0 0 86 -0.648909 -1.66776 -0.421711 -0.413411 0 0
0 0 87 2.07973 1.62253 1.17562 0.613109 0 0
0 0 88 1.45914 -1.78677 0.986753 -0.991087 0 0
0 0 89 0.298634 -1.88546 0.0229607 2.15406 0 0
0 0 90 2.05728 -1.74637 -3.15475 1.73728 0 0
0 0 91 -1.66139 1.48556 -1.49517 -0.314349 0 0
0 0 92 -0.563503 -2.37222 -0.424671 -1.18192 0 0
0 0 93 1.87713 0.390687 0.0894295 0.691445 0 0
0 0 94 0.0646196 -1.59618 -0.812633 0.159226 0 0
0 0 95 -0.603044 -0.514272 -0.101986 0.32033 0 0
0 0 96 1.88829 -1.5035 0.712485 0.46752 0 0
0 0 97 2.80862 -2.10306 -1.53194 -0.490438 0 0
0 0 98 0.02896 0.132861 1.38834 2.48966 0 0
0 0 99 -0.144117 1.23108 -1.37832 -2.48572 0 0
0 0 100 -0.0515522 -1.24957 -0.534626 0.506372 0 0
0 0 101 0.561112 0.692885 -2.40695 -0.0260518 0 0
0 0 102 -0.606739 -1.96532 0.207634 0.042264 0 0
0 0 103 1.92448 0.564878 -1.20297 0.393949 0 0
0 0 104 -1.96682 0.683099 -0.91081 2.41022 0 0
0 0 105 2.31568 0.52226 1.46166 -0.780351 0 0
0 0 106 1.70904 -1.84032 0.0403792 0.626444 0 0
0 0 107 -0.490009 1.65423 0.622521 -0.348019 0 0
0 0 108 1.13396 -1.12629 0.76868 -1.79767 0 0
0 0 109 0.894695 -0.10744 -0.927736 -1.20273 0 0
0 0 110 -1.4798 -2.37893 -1.21386 -0.539028 0 0
0 0 111 1.92036 -2.87371 -3.52311 -3.25532 0 0
0 0 112 1.2937 -1.2675 0.39168 -0.463868 0 0
0 0 113 -0.58841 -0.167745 -1.20152 0.481455 0 0
0 0 114 0.931788 -2.14555 -1.64138 -0.667973 0 0
0 0 115 -0.423745 -1.10111 -1.87861 -1.28376 0 0
0 0 116 0.643321 -0.582279 -1.05031 -0.648339 0 0
0 0 117 -0.878218 -0.0795349 -0.373641 -1.73809 0 0
0 0 118 0.498735 0.731108 0.850475 1.09962 0 0
0 0 119 3.09393 1.71523 0.606817 0.711477 0 0
0 0 120 1.32927 -1.36286 1.68345 -3.08741 0 0
0 0 121 -2.47881 -0.00950408 1.02883 0.28162 0 0
0 0 122 0.553321 0.000896841 0.437955 -2.77355 0 0
0 0 123 1.05284 1.90689 -0.426938 -0.854557 0 0
0 0 124 0.664005 -2.20931 -1.4309 0.391673 0 0
0 0 125 -2.00975 1.63904 0.499102 1.43056 0 0
0 0 126 -0.790778 -1.99721 0.0623377 -1.06066 0 0
0 0 127 0.923564 -0.774346 -2.31328 0.493755 0 0
0 0 128 -2.34682 -1.34166 -1.33574 0.28877 0 0
0 0 129 1.48634 1.41607 -0.125298 0.938546 0 0
0 0 130 -1.47812 -1.87211 -0.683195 -0.648028 0 0
0 0 131 0.773238 -0.374309 0.586288 0.345599 0 0
0 0 132 0.202224 1.36358 -0.720469 2.22508 0 0
0 0 133 0.497687 -1.36473 0.613631 -0.762382 0 0
0 0 134 -0.504063 1.55658 0.794173 -0.600247 0 0
0 0 135 -0.185653 -0.832101 0.0357789 0.824238 0 0
0 0 136 0.341154 1.60314 1.68517 0.452722 0 0
0 0 137 0.385792 -0.635806 -1.07952 -0.30824 0 0
0 0 138 -0.259268 0.338059 2.98953 -0.232081 0 0
0 0 139 0.0664589 1.88709 0.373405 -0.164908 0 0
0 0 140 -1.35856 1.12168 0.117207 -0.548834 0 0
0 0 141 -0.857412 1.2028 2.55723 -0.683936 0 0
0 0 142 0.529021 0.830971 0.280536 0.118665 0 0
0 0 143 0.21564 -0.995047 -0.541063 -0.132842 0 0
0 0 144 2.29661 2.12478 0.158653 -0.313447 0 0
0 0 145 0.850408 -2.40161 -2.16584 0.0287492 0 0
0 0 146 0.956005 1.40928 0.701882 0.328797 0 0
0 0 147 -2.40419 2.40211 0.430363 1.22176 0 0
0 0 148 -1.95344 -0.274865 0.805908 -0.00115369 0 0
0 0 149 0.70732 -1.26841 -0.458311 -0.789856 0 0
0 0 150 -1.92462 -0.877337 0.00645926 -1.01831 0 0
0 0 151 -2.86913 1.65212 2.68163 0.527132 0 0
0 0 152 -0.0505638 -0.522473 -2.51941 -0.647582 0 0
0 0 153 0.516305 0.919426 0.0478795 0.649184 0 0
0 0 154 0.561949 2.48717 -1.17181 -0.847237 0 0
0 0 155 -1.52511 0.320356 0.79548 -0.778619 0 0
0 0 156 0.475035 1.46419 1.18666 -0.947401 0 0
0 0 157 -0.540397 -0.248268 -1.20767 0.489694 0 0
0 0 158 2.38146 2.80627 0.324222 0.318729 0 0
0 0 159 1.15391 0.324785 -0.731188 1.27203 0 0
0 0 160 0.399429 -1.67539 -0.0844295 -1.41876 0 0
0 0 161 -0.0105823 0.863651 -0.669443 -0.186056 0 0
0 0 162 -2.62432 1.45848 -0.415936 -0.443877 0 0
0 0 163 -1.76239 -1.29415 -0.482818 -1.97266 0 0
0 0 164 1.8194 -4.01476 -0.309326 -0.68 0 0
0 0 165 2.27435 1.81493 -2.38605 1.02603 0 0
0 0 166 1.13345 -1.58386 -0.0991394 -0.572046 0 0
0 0 167 0.723694 -2.41188 -0.125531 2.17646 0 0
0 0 168 0.738809 -0.757836 2.37157 -1.68402 0 0
0 0 169 -0.75079 -1.24854 -1.0285 -0.208958 0 0
0 0 170 0.773226 3.97876 -0.600799 -1.93626 0 0
0 0 171 2.27447 1.10463 0.93154 0.0776166 0 0
0 0 172 -2.15803 -0.0351142 0.932667 -0.580691 0 0
0 0 173 -2.56203 0.70761 -1.86501 1.76471 0 0
0 0 174 1.26138 1.6488 1.25528 0.39294 0 0
0 0 175 2.18785 -2.22535 -1.89005 -0.797884 0 0
0 0 176 0.826282 -1.81131 0.0301182 0.348595 0 0
0 0 177 1.6542 -1.02205 1.95766 2.10764 0 0
0 0 178 0.686253 -0.524983 -0.857516 0.851222 0 0
0 0 179 1.22281 -0.539529 -0.802659 0.442754 0 0
0 0 180 1.78882 0.797474 -1.12317 0.082272 0 0
0 0 181 1.60258 -0.906865 -1.29512 -1.22938 0 0
0 0 182 3.11553 -1.31655 -2.03247 0.828335 0 0
0 0 183 -0.0528547 0.50045 1.44969 -0.163469 0 0
0 0 184 -0.582846 0.516201 -1.34422 -2.22778 0 0
0 0 185 0.25719 0.693074 -0.447487 -0.795103 0 0
0 0 186 1.51459 -0.0958165 -1.7626 0.603523 0 0
0 0 187 1.41408 -0.202405 0.21374 1.9356 0 0
0 0 188 0.607923 -1.01251 -1.59095 1.18282 0 0
0 0 189 2.57354 -0.706206 0.323341 1.51396 0 0
0 0 190 1.39132 -0.472816 2.59044 0.467124 0 0
0 0 191 -0.0931014 1.54133 0.115077 -1.3779 0 0
0 0 192 2.48319 1.34096 -1.40446 2.99632 0 0
0 0 193 0.485469 -0.821466 1.15504 1.74869 0 0
0 0 194 -0.524573 1.54569 0.76219 -1.99814 0 0
0 0 195 2.92495 -0.989873 -0.489413 -0.0551343 0 0
0 0 196 -0.0947009 -1.63304 -2.2288 2.8019 0 0
0 0 197 1.90222 2.38951 -0.0228008 1.24909 0 0
0 0 198 1.70902 0.101641 -0.152293 -0.137905 0 0
0 0 199 -0.800247 2.3109 0.429346 1.7755 0 0
0 0 200 -1.52451 0.347251 2.10751 -0.183262 0 0
0 0 201 0.756674 -1.02959 -1.64792 -2.40072 0 0
0 0 202 0.178308 -0.492381 0.142454 0.67345 0 0
0 0 203 0.839926 -2.27203 0.990468 0.0813741 0 0
0 0 204 -0.0965886 0.140872 2.09238 0.972236 0 0
0 0 205 -1.45601 -1.03735 -0.273779 -0.754034 0 0
0 0 206 -0.468014 -1.34398 0.872814 0.223781 0 0
0 0 207 1.83362 -3.54287 1.30291 2.50441 0 0
0 0 208 0.731091 1.52787 -2.11753 -0.994964 0 0
0 0 209 1.12264 -0.0600046 0.328161 1.24849 0 0
0 0 210 0.57978 0.476326 0.320357 0.0452309 0 0
0 0 211 -0.105034 -0.0974868 3.05413 2.77669 0 0
0 0 212 -0.432546 -1.43256 -0.783158 -2.99744 0 0
0 0 213 -0.563239 0.0386144 -1.82138 1.59239 0 0
0 0 214 0.597003 2.73649 -0.696848 0.908887 0 0
0 0 215 -2.1824 1.59233 -0.566616 -2.7558 0 0
0 0 216 0.719917 0.372035 -1.68228 -1.32099 0 0
0 0 217 -0.546671 2.718 2.05169 -0.522058 0 0
0 0 218 -0.605487 0.396169 0.0802458 0.247384 0 0
0 0 219 -0.670723 -0.117916 -0.16769 0.944459 0 0
0 0 220 1.30958 1.18426 -2.14775 0.124696 0 0
0 0 221 0.329088 -2.19907 0.00766269 -2.72516 0 0
0 0 222 2.62938 -0.252452 -0.616917 -0.302177 0 0
0 0 223 -1.7242 0.14057 -0.767198 -0.0459236 0 0
0 0 224 -0.328587 0.282355 -1.56653 -0.692346 0 0
0 0 225 0.657484 -0.291194 -0.248115 2.24354 0 0
0 0 226 -1.39849 0.69876 -0.185715 -2.63695 0 0
0 0 227 -0.549717 0.371728 1.44247 0.099908 0 0
0 0 228 -0.211701 -0.691192 -2.05591 1.23744 0 0
0 0 229 2.7744 -0.583035 0.0952851 0.654569 0 0
0 0 230 0.236082 -2.7614 0.602679 0.624698 0 0
0 0 231 1.98061 0.96146 1.26588 2.29361 0 0
0 0 232 0.198832 -0.750424 1.18368 3.05114 0 0
0 0 233 -1.14275 -0.0217278 0.429284 -0.363023 0 0
0 0 234 1.329 -1.6304 0.849067 -1.99984 0 0
0 0 235 1.81265 1.09705 -1.28457 -0.607631 0 0
0 0 236 0.793294 2.48327 1.84807 -2.39928 0 0
0 0 237 0.927151 -0.816743 -2.44585 -1.62066 0 0
0 0 238 -0.477662 -1.97882 -0.61122 1.12698 0 0
0 0 239 0.0292633 1.33924 -1.59671 -2.07492 0 0
0 0 240 -1.30004 -0.150973 -0.179005 -0.63835 0 0
0 0 241 -0.094792 -0.112897 -0.205759 -1.75043 0 0
0 0 242 -0.266646 1.21084 0.552972 1.20747 0 0
0 0 243 0.203087 1.88089 -1.4751 0.313049 0 0
0 0 244 0.30314 1.03263 0.966785 -1.39064 0 0
0 0 245 -2.36104 0.0949607 2.75575 0.0356525 0 0
0 0 246 1.50679 3.54803 -0.28437 -2.21517 0 0
0 0 247 1.82277 -0.932841 -0.316317 -0.637154 0 0
0 0 248 2.0306 1.31432 -1.50357 -0.668563 0 0
0 0 249 0.871206 1.76908 -2.35764 0.908803 0 0
0 0 250 1.06082 -0.500408 1.65939 0.468987 0 0
0 0 251 2.63689 0.615834 -3.66385 0.535977 0 0
0 0 252 1.258 -2.32405 -2.05677 -0.938406 0 0
0 0 253 1.71032 0.54629 -2.27541 -3.17823 0 0
0 0 254 -0.0449265 1.42807 0.963102 0.229581 0 0
0 0 255 -0.920761 -0.409226 -1.83721 -1.41931 0 0
0 0 256 0.256679 2.84842 -1.84295 1.87506 0 0
0 0 257 2.33156 0.239117 -1.3112 -0.165915 0 0
0 0 258 0.572976 1.44251 -0.190991 -1.55723 0 0
0 0 259 -0.711111 -1.28952 -0.108681 -0.0539207 0 0
0 0 260 0.805698 -1.085 0.65597 -0.584037 0 0
0 0 261 -0.590735 -1.01527 -2.32849 -0.762205 0 0
0 0 262 -1.41823 -0.140294 -0.338972 -1.2644 0 0
0 0 263 1.11607 -0.351096 -1.85228 -0.867431 0 0
0 0 264 -0.728794 -1.64749 0.112709 -0.508935 0 0
0 0 265 0.500428 -1.16525 -0.577829 0.171278 0 0
0 0 266 0.28438 1.2857 -0.219847 -0.352557 0 0
0 0 267 0.288492 2.58067 0.8415 -0.968585 0 0
0 0 268 2.04369 0.42752 1.40116 -1.71516 0 0
0 0 269 -2.25122 -1.17235 0.495506 1.96939 0 0
0 0 270 -2.57884 -1.00639 0.141794 1.56347 0 0
0 0 271 -0.511949 1.47665 -0.00194918 1.28597 0 0
0 0 272 0.603082 -0.815375 0.2325 -0.287152 0 0
0 0 273 0.610862 1.5906 -1.44732 0.0330565 0 0
0 0 274 -0.46789 -0.103814 0.182988 0.527775 0 0
0 0 275 0.818959 -2.01412 -0.0185264 -0.107774 0 0
0 0 276 -0.0658498 -2.37325 -1.2255 -0.611094 0 0
0 0 277 -0.562014 2.8537 3.16823 -1.74825 0 0
0 0 278 1.5805 -0.141235 0.976778 1.28605 0 0
0 0 279 -1.80209 -0.452969 2.04 -0.968385 0 0
0 0 280 1.08867 1.41041 1.08876 -0.479971 0 0
0 0 281 -3.03908 1.08401 0.497038 2.31897 0 0
0 0 282 -0.467058 0.830842 0.869091 0.420507 0 0
0 0 283 0.238957 1.2771 1.24714 0.205141 0 0
0 0 284 -0.747039 -1.53763 -0.00221714 -2.38476 0 0
0 0 285 -1.23131 1.46995 2.68516 -0.946688 0 0
0 0 286 0.876854 -0.341587 1.38666 0.73008 0 0
0 0 287 2.386 0.289825 1.01466 0.687923 0 0
0 0 288 -1.21772 1.61768 -0.27931 -1.73053 0 0
0 0 289 0.231208 -0.927982 -0.782937 -1.00424 0 0
0 0 290 -2.77936 0.846953 1.04333 -0.0629344 0 0
0 0 291 0.149125 -0.367913 -1.56807 1.25261 0 0
0 0 292 -2.02275 -2.13946 0.949805 1.64629 0 0
0 0 293 0.701579 3.29425 0.915518 0.723418 0 0
0 0 294 -1.87548 -0.905222 -1.36887 -0.671505 0 0
0 0 295 -0.22428 -1.65457 1.50709 -0.895658 0 0
0 0 296 -0.372245 -0.182117 -0.791181 1.15434 0 0
0 0 297 1.12025 -1.08148 1.72927 3.55013 0 0
0 0 298 -0.925984 3.28761 -0.506117 -0.785463 0 0
0 0 299 -0.266611 2.11338 -2.5294 -1.92011 0 0
0 0 300 1.34128 -1.23007 1.07812 -0.516763 0 0
0 0 301 3.65182 -2.0325 -0.0149933 -0.30759 0 0
0 0 302 0.334935 -0.62471 1.171 -2.81756 0 0
0 0 303 -0.344572 0.730385 -0.836811 1.87267 0 0
0 0 304 -1.53973 2.08477 1.02852 1.54604 0 0
0 0 305 -0.816903 -1.13935 0.660919 -1.26343 0 0
0 0 306 1.60435 1.83579 -1.2768 0.266098 0 0
0 0 307 -0.138261 0.162833 2.81046 0.872442 0 0
0 0 308 1.21617 2.30569 0.854576 -2.80245 0 0
0 0 309 0.678344 -1.03206 -1.08372 -0.914737 0 0
0 0 310 -0.64595 0.273753 -1.16529 -1.30209 0 0
0 0 311 -0.0512261 -1.20575 -0.735692 -1.76516 0 0
0 0 312 0.726817 -0.92847 -0.547061 2.13052 0 0
0 0 313 0.539023 1.3637 0.158531 0.0699288 0 0
0 0 314 -0.512717 -1.05876 0.254273 -0.505924 0 0
0 0 315 -2.60837 -2.20822 0.695325 2.82892 0 0
0 0 316 0.0445741 1.41581 0.820376 -1.05031 0 0
0 0 317 -2.67704 0.636161 0.20938 -1.39556 0 0
0 0 318 1.60676 2.52333 -3.52245 -0.00785692 0 0
0 0 319 -0.812918 2.48772 0.230416 0.31439 0 0
0 0 320 0.787372 0.230041 0.871669 -0.427013 0 0
0 0 321 0.936277 -1.06467 -0.71616 2.52736 0 0
0 0 322 -0.209506 -1.81852 1.38928 -2.621 0 0
0 0 323 0.152471 1.65467 -0.0900715 -0.100852 0 0
0 0 324 -0.159737 1.66114 -0.481093 -1.70655 0 0
0 0 325 0.413247 -1.57516 -1.12974 -2.77748 0 0
0 0 326 -0.887033 2.23414 -1.92955 -0.0036793 0 0
0 0 327 0.548974 0.381993 1.52096 -1.05956 0 0
0 0 328 0.605226 -0.171853 -1.52981 -0.652338 0 0
0 0 329 0.950698 3.53949 0.039611 2.03525 0 0
0 0 330 3.29374 0.0300694 1.89634 0.932973 0 0
0 0 331 3.00433 0.556818 0.180534 0.869084 0 0
0 0 332 1.92555 0.109502 2.20212 -0.0376438 0 0
0 0 333 -0.0929351 1.09369 0.171647 -2.54144 0 0
0 0 334 -0.357675 0.000328586 2.55665 -1.7702 0 0
0 0 335 1.84413 1.97227 -2.27674 0.637093 0 0
0 0 336 -0.763929 -2.77446 -1.66266 -2.35888 0 0
0 0 337 0.0765136 0.639739 0.431347 -1.49662 0 0
0 0 338 0.520794 1.82043 -2.64143 0.560941 0 0
0 0 339 -0.338032 0.840629 -0.530457 0.170758 0 0
0 0 340 0.925663 1.76723 -0.865116 0.693868 0 0
0 0 341 2.29625 2.82174 0.602983 -0.186545 0 0
0 0 342 -1.77376 -0.129942 3.53768 -0.4057 0 0
0 0 343 1.14646 -1.94708 -1.38293 1.9346 0 0
0 0 344 1.10243 0.706899 2.08446 -0.418918 0 0
0 0 345 0.597315 -1.11311 0.710296 1.09563 0 0
0 0 346 1.8859 2.14309 0.129037 0.120626 0 0
0 0 347 0.49979 1.22922 -1.53974 -1.07166 0 0
0 0 348 -1.41657 -1.48395 0.179275 -1.08331 0 0
0 0 349 -0.799633 -0.16902 0.0894819 -1.50921 0 0
0 0 350 0.787688 -2.44501 1.16814 -0.0768009 0 0
0 0 351 -0.267552 -1.565 0.258103 2.33915 0 0
0 0 352 -0.328465 0.769114 -1.08475 -0.0199426 0 0
0 0 353 3.59695 1.28659 -1.95155 1.38042 0 0
0 0 354 0.869603 2.90707 1.01571 -1.11882 0 0
0 0 355 2.49278 -1.88081 0.227487 -0.00591219 0 0
0 0 356 -1.01898 0.0041678 0.441649 -0.816504 0 0
0 0 357 -0.924468 1.71806 -0.13942 1.05446 0 0
0 0 358 -3.31192 1.21651 -0.464033 1.02626 0 0
0 0 359 0.98908 -0.697728 0.471852 1.33992 0 0
0 0 360 0.424105 2.13964 0.235844 -0.880916 0 0
0 0 361 0.481069 -1.89064 1.73034 -1.16843 0 0
0 0 362 -2.14525 2.09456 -1.45717 -0.405369 0 0
0 0 363 -1.6267 1.57796 1.90657 -0.521045 0 0
0 0 364 1.44093 -0.347104 0.175464 -1.26515 0 0
0 0 365 1.83387 0.769736 -0.442279 -0.501422 0 0
0 0 366 0.641225 -0.138851 -0.874388 -1.32206 0 0
0 0 367 0.519434 -1.40169 0.749932 -1.5217 0 0
0 0 368 -1.16467 -0.2073 0.386727 -0.801261 0 0
0 0 369 -0.0643053 1.26678 1.3781 1.30817 0 0
0 0 370 -2.56648 -1.36602 -1.06391 -0.215517 0 0
0 0 371 1.59431 -0.0368024 0.153884 1.1777 0 0
0 0 372 -0.135037 2.57435 -0.804185 -2.17583 0 0
0 0 373 1.18355 0.284105 -2.32099 0.20518 0 0
0 0 374 2.81153 1.41636 -1.06139 0.589846 0 0
0 0 375 0.49543 -0.403828 -0.199138 0.130371 0 0
0 0 376 -0.730292 2.63538 -1.2696 -1.11504 0 0
0 0 377 -0.652099 0.758681 -0.259714 0.762907 0 0
0 0 378 1.54156 3.09992 0.278376 0.762841 0 0
0 0 379 -1.78131 -0.108239 -1.05604 0.977983 0 0
0 0 380 -2.38073 0.462807 1.60588 -0.461453 0 0
0 0 381 0.0894009 1.79193 -0.832618 0.292451 0 0
0 0 382 -0.732167 -3.88718 -0.491053 -1.13797 0 0
0 0 383 0.612196 -1.53058 -1.28188 -2.04567 0 0
0 0 384 0.874792 -1.96174 -1.09199 0.731048 0 0
0 0 385 2.21744 -1.60597 -1.15933 1.89622 0 0
0 0 386 2.34223 0.284152 1.97844 -0.0282278 0 0
0 0 387 0.327377 -1.44213 -0.901723 -0.0522642 0 0
0 0 388 2.18034 1.44441 0.337941 -1.02429 0 0
0 0 389 1.7801 0.643989 0.0520687 1.55577 0 0
0 0 390 -1.89578 0.0747713 -1.14455 0.754375 0 0
0 0 391 1.16163 1.05013 0.266173 2.30034 0 0
0 0 392 -0.493706 -1.63622 -0.777435 -1.74604 0 0
0 0 393 0.0503315 -1.06514 -1.13262 -2.20576 0 0
0 0 394 1.32619 -1.00321 0.209715 0.640717 0 0
0 0 395 2.4455 2.16158 2.33584 -2.22963 0 0
0 0 396 2.32132 -2.05269 -0.7012 0.125282 0 0
0 0 397 0.428367 -1.53427 -0.937838 -0.857803 0 0
0 0 398 -1.64672 0.763986 0.424671 -0.843488 0 0
0 0 399 1.43133 1.81533 0.824844 -0.904907 0 0
0 0 400 2.30198 1.92445 -1.08099 -0.372256 0 0
0 0 401 0.498947 0.843182 -2.39513 -2.27291 0 0
0 0 402 0.688506 0.107651 -0.129952 0.705786 0 0
0 0 403 1.03166 -0.417514 0.281861 2.72657 0 0
0 0 404 0.399864 -0.0676468 -1.94194 -1.69707 0 0
0 0 405 -0.889362 -0.0150774 -0.621909 -0.857936 0 0
0 0 406 0.373937 -0.932279 -1.76916 2.76009 0 0
0 0 407 2.74665 1.35584 -1.25719 -0.739274 0 0
0 0 408 -0.332545 0.569924 -0.789643 -1.49956 0 0
0 0 409 -0.148404 1.01864 -0.660912 0.134822 0 0
0 0 410 -1.70998 -1.52376 -0.127779 0.241464 0 0
0 0 411 0.779258 1.81767 -0.740064 -1.29815 0 0
0 0 412 0.953812 1.4585 0.429688 0.684291 0 0
0 0 413 0.0705217 1.0766 -0.522084 0.279229 0 0
0 0 414 0.289755 -0.363451 -2.9481 0.807462 0 0
0 0 415 0.331132 2.778 0.952112 -1.15523 0 0
0 0 416 0.257868 0.902936 -0.147656 -0.463341 0 0
0 0 417 -2.67556 2.10358 -0.0423508 -1.94852 0 0
0 0 418 -1.49971 -1.16368 -1.89632 1.74573 0 0
0 0 419 -0.192241 -0.936078 -0.7166 0.582535 0 0
0 0 420 -1.31408 -1.41283 3.10041 -0.0730092 0 0
0 0 421 -0.490598 -3.30733 -2.63966 1.29842 0 0
0 0 422 -0.699928 -1.10255 -1.26162 -0.82239 0 0
0 0 423 -0.132039 -1.37663 -0.0204211 1.98741 0 0
0 0 424 -0.515779 0.32483 0.454625 -0.72595 0 0
0 0 425 0.842164 0.68938 -0.0939394 -0.217581 0 0
0 0 426 0.25109 -1.16272 1.57141 0.497696 0 0
0 0 427 -0.825731 0.3856 -1.84062 1.88302 0 0
0 0 428 -0.465207 -1.07766 -1.10684 0.303102 0 0
0 0 429 -0.670859 -0.00111583 -0.00962062 -0.100985 0 0
0 0 430 -1.73681 -0.586469 0.324877 0.952789 0 0
0 0 431 -1.38882 -0.540917 0.630515 1.00867 0 0
0 0 432 2.108 -0.0823829 0.077783 2.13497 0 0
0 0 433 2.41268 -0.431453 0.821174 0.489616 0 0
0 0 434 0.158915 0.0608619 -0.382561 1.42854 0 0
0 0 435 0.265971 1.91283 0.93336 -0.534798 0 0
0 0 436 1.56873 0.212808 0.159761 -0.162385 0 0
0 0 437 1.82299 0.337487 -0.411898 2.10219 0 0
0 0 438 -0.329357 -0.774531 -0.638317 0.398933 0 0
0 0 439 2.93401 -0.158291 -1.13012 0.052766 0 0
0 0 440 0.826243 -0.92412 -0.474607 -0.332019 0 0
0 0 441 2.68529 -0.842303 2.04126 0.123426 0 0
0 0 442 1.39279 1.67365 -1.89966 -0.994619 0 0
0 0 443 -0.537646 2.29013 -0.534355 -5.08484 0 0
0 0 444 1.91582 0.923963 -3.24094 -1.23172 0 0
0 0 445 3.86293 -2.74306 0.168877 -0.841506 0 0
0 0 446 0.926155 -1.50339 -1.62173 -0.884032 0 0
0 0 447 -0.014205 -0.690357 -0.277 1.56466 0 0
0 0 448 -0.0931541 2.97721 -0.276688 -0.10084 0 0
0 0 449 -2.01606 -0.994654 -2.54848 1.34863 0 0
0 0 450 1.4098 0.0207039 0.795664 1.23703 0 0
0 0 451 1.79708 -0.670151 0.895155 -0.982343 0 0
0 0 452 -0.354089 0.25908 -1.9884 2.18521 0 0
0 0 453 1.07498 -0.665491 -1.34769 -0.3108 0 0
0 0 454 -0.182997 1.44582 -0.48721 2.50881 0 0
0 0 455 1.63734 -1.06719 -2.74007 1.53159 0 0
0 0 456 -0.885943 2.34985 -0.170504 -1.43099 0 0
0 0 457 -0.405072 -2.97828 0.681098 0.861974 0 0
0 0 458 -0.639048 -1.02136 -2.50179 -0.62721 0 0
0 0 459 0.70267 -0.498858 -0.523047 2.77016 0 0
0 0 460 0.0216805 0.0790427 0.134939 -2.95678 0 0
0 0 461 0.118271 -2.28413 2.01499 0.161974 0 0
0 0 462 -0.413259 1.1676 -0.585376 0.69652 0 0
0 0 463 0.750078 -0.733818 2.01024 -0.362407 0 0
0 0 464 0.979036 -0.638135 -1.12572 -0.657647 0 0
0 0 465 0.265125 -0.470293 -0.321092 -1.26471 0 0
0 0 466 2.90013 0.296558 -0.903161 -0.578699 0 0
0 0 467 1.57272 1.25106 -1.44197 -0.719565 0 0
0 0 468 -1.67249 -1.259 -0.36333 -2.06727 0 0
0 0 469 -0.866108 -1.96948 -0.895314 1.80973 0 0
0 0 470 -0.946165 3.49864 -0.775542 -6.41273 0 0
0 0 471 -0.639054 -0.295544 0.698761 -2.37558 0 0
0 0 472 0.913918 1.64745 -1.62325 0.247032 0 0
0 0 473 1.03562 -0.365415 -1.99103 1.57078 0 0
0 0 474 0.678263 1.18473 2.35709 -0.66032 0 0
0 0 475 2.90765 1.17511 0.677527 -0.906766 0 0
0 0 476 -0.00279075 1.43494 -1.9337 -1.2259 0 0
0 0 477 1.80616 -0.0489871 0.609751 -0.809822 0 0
0 0 478 -0.724346 2.31042 -2.26796 1.22498 0 0
0 0 479 -1.97038 0.536468 0.413903 1.67192 0 0
0 0 480 -1.51196 -1.71505 0.279613 -1.6182 0 0
0 0 481 -0.130576 -2.05205 0.0687573 -0.688993 0 0
0 0 482 2.44829 1.46418 -1.34813 -0.383945 0 0
0 0 483 2.47315 2.27781 -2.39443 -0.303126 0 0
0 0 484 -2.22542 -0.152146 -0.858767 0.979297 0 0
0 0 485 2.62832 -0.459345 -0.173359 1.17191 0 0
0 0 486 0.285533 -1.92906 -0.0569069 1.3213 0 0
0 0 487 0.708106 0.841132 1.12522 -1.76267 0 0
0 0 488 -0.694835 -1.35502 -0.267884 -0.395168 0 0
0 0 489 -0.520301 -0.0756564 1.47546 0.0195898 0 0
0 0 490 0.329504 -0.34451 0.43358 -1.17412 0 0
0 0 491 -1.26311 -1.00648 2.83765 -0.360135 0 0
0 0 492 1.27792 0.742601 -0.776672 -0.00974986 0 0
0 0 493 2.06914 0.645677 1.0765 0.767563 0 0
0 0 494 0.876075 1.53144 -2.71002 0.974453 0 0
0 0 495 1.86286 -0.402485 -0.76065 -1.53797 0 0
0 0 496 1.40242 -1.08805 -0.540925 -2.14192 0 0
0 0 497 2.13802 -0.142718 0.100104 -1.06018 0 0
0 0 498 -1.69422 -0.780053 0.399928 -1.32455 0 0
0 0 499 0.220775 -0.273755 3.25682 -0.102661 0 0
0 0 500 0.760196 0.218123 1.00432 -1.82273 0 0
0 0 501 -0.47072 0.0171981 0.129572 -0.342203 0 0
0 0 502 2.2135 2.30982 1.3163 -1.08849 0 0
0 0 503 0.555636 0.219961 -3.09207 -0.459872 0 0
0 0 504 1.25216 0.440763 -0.463961 -1.96226 0 0
0 0 505 -0.10948 1.43249 4.10767 2.83935 0 0
0 0 506 -0.00594354 1.47644 1.10227 0.396096 0 0
0 0 507 0.926076 0.140026 0.19102 0.988088 0 0
0 0 508 0.708603 0.328317 0.275523 -0.0513827 0 0
0 0 509 0.932871 -0.301943 -0.207021 -0.34743 0 0
0 0 510 1.90862 -0.9237 -0.172475 0.798865 0 0
0 0 511 1.25993 2.13205 -0.763309 1.3054 0 0
0 0 512 0.988907 1.00946 -0.928536 2.2465 0 0
0 0 513 0.775273 1.1758 -2.07972 1.89566 0 0
0 0 514 -1.96392 0.190835 0.666779 1.42849 0 0
0 0 515 -0.127168 -0.176788 -0.837336 -1.4529 0 0
0 0 516 1.98789 0.266409 0.236508 0.0258764 0 0
0 0 517 1.80614 -2.07593 -1.12791 1.583 0 0
0 0 518 0.66452 0.848069 -2.446 -0.936979 0 0
0 0 519 -1.51049 0.538548 -0.0506198 1.16451 0 0
0 0 520 1.32162 0.231592 -1.30878 -1.56968 0 0
0 0 521 -0.22038 -2.56556 -0.361817 1.34255 0 0
0 0 522 1.36108 -0.507943 0.848306 2.16696 0 0
0 0 523 -0.040984 0.231992 -1.15512 0.0977669 0 0
0 0 524 0.786014 1.05925 -1.55809 2.98823 0 0
0 0 525 -0.640163 1.23849 -3.09634 0.607549 0 0
0 0 526 -0.4868 1.03984 0.387202 -2.43247 0 0
0 0 527 1.51357 0.243464 -2.62152 -1.72453 0 0
0 0 528 0.159029 -1.33633 0.39331 1.31443 0 0
0 0 529 -0.810211 -0.174869 -0.88913 0.241129 0 0
0 0 530 1.48737 -1.5507 0.412414 -1.58859 0 0
0 0 531 0.829756 -0.237042 1.53672 -0.0420325 0 0
0 0 532 -1.0389 1.86307 2.13521 -0.909876 0 0
0 0 533 -1.04073 -2.2475 0.547904 0.230739 0 0
0 0 534 2.42929 -2.07789 1.14053 1.46906 0 0
0 0 535 0.0525199 2.32212 -2.93452 -0.472461 0 0
0 0 536 0.223126 -1.35732 -0.896045 1.81133 0 0
0 0 537 -1.52846 1.48084 1.9205 0.304173 0 0
0 0 538 -2.3114 -1.05752 -0.84857 1.74718 0 0
0 0 539 -0.233357 1.86399 -0.553136 0.511819 0 0
0 0 540 -0.523769 0.349304 2.34105 0.549236 0 0
0 0 541 -2.94981 0.489754 1.51585 -1.43333 0 0
0 0 542 -1.31515 0.711799 0.363151 -0.344975 0 0
0 0 543 1.3833 -0.704215 -1.05703 -2.04094 0 0
0 0 544 1.09727 0.643313 -1.27309 -1.38505 0 0
0 0 545 -0.179029 0.185885 -1.00174 -0.263193 0 0
0 0 546 -2.27462 0.249011 2.29338 -0.0353631 0 0
0 0 547 2.92572 1.34096 -2.0504 -1.45694 0 0
0 0 548 1.49935 -1.72087 -1.31258 1.50619 0 0
0 0 549 1.04213 -1.92304 0.939418 -2.54059 0 0
0 0 550 1.13055 -0.0698059 -2.44184 -0.440684 0 0
0 0 551 -0.836603 -2.02324 -0.724116 0.948373 0 0
0 0 552 2.95416 -3.10552 -0.853618 -1.6724 0 0
0 0 553 0.52789 1.37719 -0.256402 1.49878 0 0
0 0 554 2.13705 0.478061 -0.311902 -1.58964 0 0
0 0 555 -0.691222 0.766605 -1.61014 -3.35961 0 0
0 0 556 0.0980314 -2.61301 0.201002 -1.31265 0 0
0 0 557 0.889799 1.20186 -1.05309 1.45053 0 0
0 0 558 -0.506931 0.754199 -0.568579 -0.981786 0 0
0 0 559 0.177019 -2.41446 -0.449437 0.760268 0 0
0 0 560 2.17084 -1.41943 -2.19921 -1.62593 0 0
0 0 561 -0.000292897 2.6055 0.54412 1.77668 0 0
0 0 562 -1.72156 -1.01129 1.29441 -2.05873 0 0
0 0 563 1.44964 1.85444 -1.25316 -1.37467 0 0
0 0 564 0.0401212 0.0443482 -0.350328 1.60286 0 0
0 0 565 1.28527 -0.924267 -2.89432 0.259341 0 0
0 0 566 0.288663 -0.404746 2.48984 0.569126 0 0
0 0 567 0.643269 0.430054 -0.663722 3.31104 0 0
0 0 568 1.444 -1.09117 0.599789 0.858705 0 0
0 0 569 0.634914 2.94308 -2.23684 -1.79742 0 0
0 0 570 -0.589574 0.972433 2.35445 1.79811 0 0
0 0 571 1.54025 -1.13686 1.51003 -0.880693 0 0
0 0 572 -1.18551 2.32469 -0.882104 0.75477 0 0
0 0 573 0.750346 0.00551686 1.54347 -2.45532 0 0
0 0 574 0.186167 0.66211 -1.15134 1.23177 0 0
0 0 575 0.221 -0.272179 -1.75876 -0.885341 0 0
0 0 576 -1.63314 0.403277 -1.71134 2.60033 0 0
0 0 577 2.12475 -1.18466 0.348731 -0.478167 0 0
0 0 578 -0.476402 0.213616 -1.36619 0.457803 0 0
0 0 579 1.36334 -1.30741 -1.98885 0.669835 0 0
0 0 580 -0.23065 -1.70886 0.648943 -1.67595 0 0
0 0 581 0.379039 0.142147 -0.0379694 -1.58535 0 0
0 0 582 -3.17567 -0.553467 -0.317592 -1.02665 0 0
0 0 583 -0.422813 -1.22334 -2.35736 -1.79412 0 0
0 0 584 2.47983 -0.843542 -0.0438622 -0.668494 0 0
0 0 585 -0.11337 4.40103 -1.96281 -3.16781 -12.0181 8.52935
0 0 586 0.895146 1.69686 -0.536757 -0.912403 0 0
0 0 587 2.02899 -0.98498 0.42435 0.567654 0 0
0 0 588 0.263518 2.64604 0.185883 -0.0213973 0 0
0 0 589 0.449194 -0.0275431 -0.970179 -0.257672 0 0
0 0 590 -0.178117 -0.10605 -1.53191 -0.705674 0 0
0 0 591 0.456553 1.59906 1.60599 -0.118787 0 0
0 0 592 -0.352942 0.668222 0.54345 0.397575 0 0
0 0 593 -0.226351 -1.00816 1.10851 0.110569 0 0
0 0 594 0.762692 -0.953897 3.79169 -2.17758 0 0
0 0 595 -0.963182 0.839491 2.94888 -1.80913 0 0
0 0 596 -0.293172 -1.4049 0.948459 0.852458 0 0
0 0 597 -0.151712 0.429376 1.48771 -0.595372 0 0
0 0 598 -0.628747 -0.810914 -2.14999 0.888755 0 0
0 0 599 0.756186 0.913973 1.96392 -0.738232 0 0
0 0 600 -2.63251 0.126993 -0.113043 1.6789 0 0
0 0 601 -0.130066 -0.972072 0.238487 0.467018 0 0
0 0 602 1.18623 2.07731 -3.08648 1.4525 0 0
0 0 603 1.59937 1.77019 0.557624 -1.77719 0 0
0 0 604 -0.77909 0.084044 1.43707 -1.30295 0 0
0 0 605 0.356257 -0.310888 1.4112 0.409953 0 0
0 0 606 0.240819 -1.19325 0.78311 2.61938 0 0
0 0 607 -1.29727 -1.10593 0.820527 0.301176 0 0
0 0 608 1.60414 -0.50728 0.372035 -0.296518 0 0
0 0 609 2.08562 1.06152 0.750002 0.404145 0 0
0 0 610 2.70946 -2.22528 1.47521 -1.35184 0 0
0 0 611 0.814804 2.03384 -0.461 -0.435676 0 0
0 0 612 0.845132 -0.603471 0.480538 -2.11722 0 0
0 0 613 1.05054 -0.714307 1.41881 -0.681947 0 0
0 0 614 -0.239001 0.310567 3.08504 -0.56032 0 0
0 0 615 0.647271 0.442101 1.04861 0.304368 0 0
0 0 616 -0.686911 -2.1728 1.43227 -1.96955 0 0
0 0 617 0.299864 0.131459 0.473014 -1.0877 0 0
0 0 618 -1.2533 0.680838 1.06783 -2.13898 0 0
0 0 619 -0.721306 -3.08196 0.41403 -0.700161 0 0
0 0 620 0.0247549 1.44226 1.66034 1.036 0 0
0 0 621 -0.285873 -1.68267 0.76378 1.28738 0 0
0 0 622 1.06 0.748111 0.752172 0.552885 0 0
0 0 623 0.217236 1.13148 0.172896 -0.934694 0 0
0 0 624 -2.2982 -1.00775 0.3305 1.91136 0 0
0 0 625 -1.00427 -0.940276 1.14746 0.3375 0 0
0 0 626 0.78293 -1.57262 -2.02785 0.537188 0 0
0 0 627 -3.83034 -1.23381 -1.77991 -1.00888 0 0
0 0 628 1.63426 -2.88763 -2.7587 -1.68305 0 0
0 0 629 -1.53239 -0.548793 -1.61477 1.45271 0 0
0 0 630 -0.0809752 0.183316 1.76637 0.864904 0 0
0 0 631 -0.353069 0.880921 -1.26583 -0.455526 0 0
0 0 632 1.07387 -1.83518 -1.1186 1.26566 0 0
0 0 633 0.815115 -0.183181 1.37916 0.433562 0 0
0 0 634 -1.51714 -0.137469 0.849627 1.07295 0 0
0 0 635 -1.38034 -2.84107 1.36151 -1.99313 0 0
0 0 636 -0.312542 -0.721324 -0.695868 -1.90215 0 0
0 0 637 -0.258048 -0.527707 0.390181 1.76634 0 0
0 0 638 -1.51142 -0.746026 0.295963 -1.12381 0 0
0 0 639 0.366187 0.517895 0.657335 -2.91841 0 0
0 0 640 0.0658395 2.0305 1.89476 1.21648 0 0
0 0 641 -1.76942 -2.48192 0.132864 2.85332 0 0
0 0 642 0.277446 1.03804 1.54975 0.315418 0 0
0 0 643 0.30042 -0.513194 1.40484 -1.48918 0 0
0 0 644 0.547999 -0.263412 0.630371 0.720347 0 0
0 0 645 -2.53866 -0.395123 -1.49015 0.783877 0 0
0 0 646 0.791613 2.14225 -2.97408 -0.123556 0 0
0 0 647 1.16758 2.01057 1.25773 -1.67134 0 0
0 0 648 -1.09887 0.402021 -0.498982 1.17611 0 0
0 0 649 0.272436 1.6703 -0.346898 2.25718 0 0
0 0 650 -2.37976 0.0685592 2.68727 -1.01836 0 0
0 0 651 0.461365 0.870711 -1.55615 2.10384 0 0
0 0 652 1.23373 -1.09972 -2.83347 0.932641 0 0
0 0 653 2.00878 -1.04675 0.233973 -1.69804 0 0
0 0 654 0.945815 1.86849 -1.42783 0.102812 0 0
0 0 655 1.4826 1.61687 -1.26603 -0.421525 0 0
0 0 656 0.197539 0.896085 0.689967 3.29646 0 0
0 0 657 -3.00079 0.301814 -0.895724 1.99416 0 0
0 0 658 -0.393217 -0.0431244 -1.51591 0.31542 0 0
0 0 659 1.96403 0.357258 0.890787 2.3356 0 0
0 0 660 0.402039 1.03614 0.944076 0.555231 0 0
0 0 661 1.09682 0.947536 -1.39672 -1.91543 0 0
0 0 662 2.51649 0.0878096 2.54075 1.48786 0 0
0 0 663 1.23494 -1.5026 1.50976 0.316482 0 0
0 0 664 -1.22318 -0.52884 0.0622431 -2.34543 0 0
0 0 665 -0.871863 -0.183396 -1.82552 0.603213 0 0
0 0 666 -0.0222094 1.04432 -0.642815 0.0754933 0 0
0 0 667 1.79828 -0.373563 0.213516 1.13713 0 0
0 0 668 0.262537 -1.05519 -1.83336 -0.155268 0 0
0 0 669 -1.84754 0.982672 -1.85565 0.205361 0 0
0 0 670 -0.303908 -0.587415 -1.64222 0.202073 0 0
0 0 671 -1.30242 1.60364 1.17028 0.383055 0 0
0 0 672 2.22615 -0.182607 0.430517 1.5739 0 0
0 0 673 0.125471 2.18296 -1.99064 -1.44484 0 0
0 0 674 -1.94227 -0.048892 -0.982286 -0.218089 0 0
0 0 675 1.49882 -1.19934 2.28408 -0.00965011 0 0
0 0 676 0.60544 -0.237513 1.10783 1.82412 0 0
0 0 677 -1.01366 0.654478 -0.775752 -0.119491 0 0
0 0 678 0.361826 0.372491 -0.97919 2.62496 0 0
0 0 679 -0.901778 2.22265 0.0986481 -3.03657 0 0
0 0 680 2.07303 1.07313 0.810071 -1.8229 0 0
0 0 681 -0.259305 -0.436306 -2.3113 0.450429 0 0
0 0 682 -0.0170938 1.38707 0.593399 0.919805 0 0
0 0 683 -1.71295 2.75762 -1.71199 1.15529 0 0
0 0 684 0.0856527 -0.177019 -1.03028 1.05286 0 0
0 0 685 0.976782 -1.58139 0.817693 0.198254 0 0
0 0 686 -1.35442 -0.0971095 1.18186 -1.86514 0 0
0 0 687 1.13972 2.02754 -0.258663 -0.12082 0 0
0 0 688 -0.27366 -1.36881 -2.62283 -1.06674 0 0
0 0 689 -1.50589 0.152024 -0.685535 -0.0665462 0 0
0 0 690 1.6673 -0.300726 1.13108 0.685283 0 0
0 0 691 0.628402 2.18673 1.60412 1.44097 0 0
0 0 692 1.05497 -0.441292 -2.24442 0.965272 0 0
0 0 693 -1.48026 0.114032 -0.523203 0.156561 0 0
0 0 694 -0.669923 0.630668 0.139869 0.90824 0 0
0 0 695 -0.803985 3.18833 1.15568 1.32685 0 0
0 0 696 1.07697 -1.59446 1.192 -0.947002 0 0
0 0 697 -1.76764 0.000528693 1.53226 -0.424756 0 0
0 0 698 -0.864439 -0.295533 -0.968784 -2.52929 0 0
0 0 699 -1.68162 1.7888 -0.159928 0.488512 0 0
0 0 700 -0.214668 -2.78837 0.523931 1.32809 0 0
0 0 701 -0.999217 -2.39687 1.77075 -2.03675 0 0
0 0 702 -2.56688 -0.676811 1.12723 -0.740447 0 0
0 0 703 -3.10163 -0.710421 1.26548 0.981409 0 0
0 0 704 1.2509 0.0260798 0.433696 1.71828 0 0
0 0 705 1.55657 -1.38331 0.52109 1.71277 0 0
0 0 706 1.34848 0.933196 -2.94144 -0.00179281 0 0
0 0 707 -1.14365 -0.952608 -0.108633 1.43622 0 0
0 0 708 1.04158 -1.09846 -0.381686 -0.453914 0 0
0 0 709 1.3587 1.75464 2.53723 0.0560221 0 0
0 0 710 -0.81998 0.509842 -0.547231 0.111586 0 0
0 0 711 -0.912297 -0.431722 -0.186828 0.598036 0 0
0 0 712 -0.503978 0.143491 -1.12804 0.34201 0 0
0 0 713 2.83326 -0.23343 -2.00579 -0.908481 0 0
0 0 714 -1.74134 1.87925 -3.00149 0.189991 0 0
0 0 715 1.59497 -0.733252 0.247314 0.539596 0 0
0 0 716 -1.91817 0.071397 0.0813548 -0.955879 0 0
0 0 717 2.57015 1.00337 -0.970807 -0.0608383 0 0
0 0 718 0.212571 -0.591754 2.84801 0.142009 0 0
0 0 719 -0.0630123 1.11378 1.85024 -0.856115 0 0
0 0 720 0.588326 1.02832 -2.26961 1.04831 0 0
0 0 721 1.03912 -2.79182 0.0778106 -0.239673 0 0
0 0 722 1.52853 -2.21318 1.1581 -1.43181 0 0
0 0 723 -0.0317363 -0.200942 -1.07187 -3.17165 0 0
0 0 724 -2.56187 -1.46146 -2.34985 0.465325 0 0
0 0 725 -0.780322 0.0770604 0.775565 -0.404602 0 0
0 0 726 0.140757 1.38679 -0.0431218 2.24138 0 0
0 0 727 0.102982 -0.375502 -2.00076 0.0770142 0 0
0 0 728 0.0286548 -1.43425 2.24742 0.84644 0 0
0 0 729 2.23506 2.47635 -0.396868 -2.60983 0 0
0 0 730 0.440501 -0.028235 -0.270544 -2.85668 0 0
0 0 731 -0.555257 -2.16932 0.187856 1.48958 0 0
0 0 732 0.123093 0.426609 0.170627 -1.1976 0 0
0 0 733 1.71891 -0.534181 -1.23727 0.221243 0 0
0 0 734 -1.75548 -1.465 -2.14133 -0.359952 0 0
0 0 735 0.411814 0.857279 0.688103 0.253496 0 0
0 0 736 3.11323 -1.37035 -2.57834 -0.357986 0 0
0 0 737 -1.34357 1.33305 2.27189 -0.893868 0 0
0 0 738 0.174284 -0.276771 0.00779755 0.814161 0 0
0 0 739 0.411309 -1.23092 -1.7709 1.11495 0 0
0 0 740 -0.115785 0.886842 0.573097 1.72214 0 0
0 0 741 0.521353 -0.00919968 0.187597 1.43343 0 0
0 0 742 1.45621 0.667066 -1.32438 1.82528 0 0
0 0 743 -1.83918 0.669488 -0.811346 0.388831 0 0
0 0 744 1.43645 -0.650392 0.15244 1.13519 0 0
0 0 745 0.862013 1.21117 -0.714168 0.0335839 0 0
0 0 746 1.40509 -0.824291 -1.10142 -0.686209 0 0
0 0 747 1.81529 -0.669491 -3.23343 -0.326508 0 0
0 0 748 2.07489 1.90339 -2.76128 -0.921518 0 0
0 0 749 0.929562 -1.72733 1.25756 1.90671 0 0
0 0 750 -1.06419 0.544329 -4.00508 -1.24998 0 0
0 0 751 0.0803836 -0.556255 -1.27814 1.84592 0 0
0 0 752 -1.45243 0.860176 -1.76321 -0.567927 0 0
0 0 753 2.82699 0.731812 -0.3995 1.59042 0 0
0 0 754 2.17591 -2.10676 -0.97764 1.88946 0 0
0 0 755 1.15019 1.61307 -0.29447 -0.125502 0 0
0 0 756 -1.2105 0.455818 -1.27604 0.0104421 0 0
0 0 757 0.499344 1.53568 0.336415 -0.577466 0 0
0 0 758 0.237824 -1.14515 0.687319 -0.569946 0 0
0 0 759 -1.27375 0.485518 -1.20341 2.75697 0 0
0 0 760 -0.83856 -1.38482 2.73672 1.69921 0 0
0 0 761 -2.47688 -0.0234666 -0.50963 1.2267 0 0
0 0 762 1.05907 0.0739767 0.306917 -0.395038 0 0
0 0 763 0.504444 -1.70546 -1.36588 -1.24323 0 0
0 0 764 2.37244 1.67929 -1.82307 1.20437 0 0
0 0 765 -0.591913 0.555676 -0.60907 4.07947 0 0
0 0 766 1.44114 -0.105445 -1.51948 2.50717 0 0
0 0 767 -0.193297 2.35942 0.682072 -1.26897 0 0
0 0 768 0.342822 -2.0462 -0.8539 -1.90241 0 0
0 0 769 2.36574 0.692597 1.50867 0.321097 0 0
0 0 770 -1.31387 -0.78973 1.27682 -1.37684 0 0
0 0 771 0.277456 -1.14166 -3.70356 2.38528 0 0
0 0 772 0.221964 0.0141489 1.82195 -1.59246 0 0
0 0 773 -0.609543 -2.16532 0.975783 -0.347445 0 0
0 0 774 1.06415 -1.94377 -1.00182 -0.426213 0 0
0 0 775 0.955907 2.57736 -0.936556 -0.239092 0 0
0 0 776 -0.0851628 1.41457 -0.0189928 -0.450257 0 0
0 0 777 -1.30727 1.69442 0.698431 -0.57909 0 0
0 0 778 -0.597025 0.0816701 -0.985396 -2.37515 0 0
0 0 779 2.15766 -0.919447 -1.91702 -0.577782 0 0
0 0 780 -1.16878 0.950172 0.680587 -2.57083 0 0
0 0 781 -0.349471 0.146381 0.439194 -0.555344 0 0
0 0 782 2.55826 0.68513 0.397467 -0.0637987 0 0
0 0 783 1.49479 2.21701 -1.88819 -1.87422 0 0
0 0 784 0.197111 -0.658679 -1.44199 -0.247867 0 0
0 0 785 -1.66107 0.596489 0.619252 -0.420437 0 0
0 0 786 -0.645029 1.49659 0.686648 2.98069 0 0
0 0 787 1.88835 0.00461662 2.15934 -2.42998 0 0
0 0 788 -0.612201 0.904017 0.199986 -1.535 0 0
0 0 789 0.673022 0.934117 -0.948415 0.389751 0 0
0 0 790 0.501663 0.602321 -0.289983 -1.9104 0 0
0 0 791 1.01926 0.221414 -1.1729 -1.52786 0 0
0 0 792 0.765931 0.270053 -0.84085 0.799588 0 0
0 0 793 -0.154599 0.600293 1.96171 0.237376 0 0
0 0 794 1.05188 0.722915 0.086912 -0.0268199 0 0
0 0 795 0.31686 -0.824104 2.14212 0.190566 0 0
0 0 796 -0.513822 1.11193 -1.2339 0.809541 0 0
0 0 797 -0.202496 0.904589 -0.570518 -1.82897 0 0
0 0 798 2.09586 -0.420373 -0.444804 -0.00653936 0 0
0 0 799 -0.537709 -0.792156 2.74847 -0.424354 0 0
0 0 800 2.31861 0.574319 -0.309092 -1.29935 0 0
0 0 801 -0.483911 -0.112681 -0.394129 -2.83101 0 0
0 0 802 -0.81978 0.278985 -0.233845 2.20261 0 0
0 0 803 -1.63352 -2.9505 -1.40997 0.960523 0 0
0 0 804 0.938264 -0.882658 -0.387336 0.769132 0 0
0 0 805 -0.524402 1.59973 -1.48255 0.691795 0 0
0 0 806 -1.827 0.0993377 1.51821 -1.17694 0 0
0 0 807 -1.9948 0.490959 -3.50499 1.27589 0 0
0 0 808 3.11091 0.621098 1.28477 -1.50184 0 0
0 0 809 -2.39056 2.16232 1.29589 1.61813 0 0
0 0 810 -3.1983 1.52384 2.95147 -0.0761407 0 0
0 0 811 -2.25745 0.438631 2.28333 -0.28763 0 0
0 0 812 -0.25213 0.561996 -0.911926 -1.59794 0 0
0 0 813 0.431674 2.04012 0.772024 0.838772 0 0
0 0 814 1.65495 -0.0819236 -1.01219 -0.315011 0 0
0 0 815 3.56372 -0.348344 0.968639 0.714774 0 0
0 0 816 -1.17849 0.412863 1.01945 -1.77335 0 0
0 0 817 -0.649589 0.471599 0.751097 1.64816 0 0
0 0 818 -1.90594 -0.528804 1.1821 0.390469 0 0
0 0 819 0.60078 1.69062 0.492191 -0.619003 0 0
0 0 820 0.726362 0.0867674 -1.33551 -0.330443 0 0
0 0 821 -1.5813 0.932802 -1.45371 -0.685149 0 0
0 0 822 0.733229 -1.69457 0.268799 -2.45302 0 0
0 0 823 -1.97238 0.584326 0.0182003 1.89727 0 0
0 0 824 0.981371 2.15006 -2.57214 -3.76303 0 0
0 0 825 -0.571801 2.52953 -0.0651714 -0.307746 0 0
0 0 826 -3.70626 0.05881 0.701342 -1.04054 0 0
0 0 827 -0.223909 -1.07008 0.366239 -0.722775 0 0
0 0 828 -1.67464 1.57179 0.726277 -1.03293 0 0
0 0 829 0.467395 0.483796 -1.03988 0.911209 0 0
0 0 830 1.25313 1.61603 -0.394163 -2.60255 0 0
0 0 831 1.86621 0.324141 -2.20065 0.580801 0 0
0 0 832 -1.95054 -1.43678 -0.00747528 -0.11477 0 0
0 0 833 0.827222 -0.0996282 -1.40396 -1.6118 0 0
0 0 834 -0.874624 -0.373079 1.36084 1.10367 0 0
0 0 835 4.13731 0.449061 -2.75639 -0.530741 0 0
0 0 836 0.298465 -0.15371 0.938537 0.129381 0 0
0 0 837 1.13262 1.22113 -0.136964 -1.20392 0 0
0 0 838 1.09345 2.84325 -2.19115 -0.0422793 0 0
0 0 839 1.29453 0.443563 -2.17797 -2.36387 0 0
0 0 840 2.0925 -0.142629 -0.206047 -1.30848 0 0
0 0 841 0.485361 2.99067 -1.49119 -2.04049 0 0
0 0 842 2.46192 1.03958 -2.79514 -0.787218 0 0
0 0 843 -0.419697 1.99631 -1.70499 -0.57262 0 0
0 0 844 2.36107 -1.12002 -3.66154 -1.14949 0 0
0 0 845 1.18303 0.115143 -1.99437 -1.30761 0 0
0 0 846 0.0976324 0.431286 -2.59082 0.500461 0 0
0 0 847 3.43522 -0.049629 -3.03196 1.58885 0 0
0 0 848 1.19113 0.471719 -0.68766 1.03745 0 0
0 0 849 3.65962 1.59919 -3.35363 0.718341 0 0
0 0 850 2.80063 0.537711 -4.34745 -0.430529 0 0
0 0 851 3.84619 -0.0674188 -2.32165 -0.0432357 0 0
0 0 852 2.29509 -0.554388 -2.59083 -3.6062 0 0
0 0 853 1.95635 0.724349 -4.80467 2.36589 -40.7133 7.8154
0 0 854 7.59566 0.327182 -3.52299 -0.961442 0 0
0 0 855 5.92385 3.95699 -6.62097 -0.177676 -29.5678 5.04701
0 0 856 4.51532 1.59386 -5.39037 -0.397432 -36.7639 6.79715
0 0 857 4.94747 0.782028 -2.2053 0.179096 0 0
0 0 858 6.44118 3.29424 -6.1613 0.784082 -30.934 5.54898
0 0 859 4.99548 -0.446587 -3.81484 -0.398652 0 0
0 0 860 5.3036 2.51861 -3.73264 -0.464482 0 0
0 0 861 9.50083 2.65547 -8.72228 -2.02242 -36.5336 4.19246
0 0 862 5.34313 2.16008 -6.6128 0.686487 -35.9552 5.50136
0 0 863 7.48252 2.22867 -6.37924 2.14673 -35.3712 5.67091
0 0 864 5.50964 1.98023 -5.7858 -0.66613 -35.5531 6.26376
0 0 865 6.18356 2.19916 -3.02202 0.278891 0 0
0 0 866 6.69072 1.18904 -5.36196 0.391512 -38.7484 6.93225
0 0 867 4.85336 0.648127 -7.20418 -1.79966 -42.4296 5.24212
0 0 868 5.1464 -0.412439 -7.74669 0.0405839 -46.5238 4.88508
0 0 869 4.93468 0.759574 -5.96269 0.15097 -41.3702 6.31349
0 0 870 4.72748 3.19266 -4.52744 0.587946 -27.4046 7.07552
0 0 871 4.49825 -1.44432 -5.9189 -2.55338 -51.8566 6.25528
0 0 872 2.3062 1.75279 -3.98393 0.0108486 0 0
0 0 873 4.85364 2.27538 -6.69336 0.953148 -35.6124 5.41755
0 0 874 2.81631 1.30005 -4.07122 0.816283 0 0
0 0 875 5.87601 1.38948 -5.14516 2.71024 -37.4438 7.15975
0 0 876 3.81453 -0.478845 -4.82697 -2.02885 -47.8327 7.81843
0 0 877 3.59983 -0.20814 -5.18851 1.52828 -46.1486 7.29718
0 0 878 3.62913 -2.26806 -5.04512 0.347925 -57.1033 6.97017
0 0 879 4.08841 0.300971 -1.21895 0.954408 0 0
0 0 880 3.31605 2.95231 -2.3921 -1.27365 0 0
0 0 881 4.98416 1.88167 -2.63011 0.736514 0 0
0 0 882 5.52605 1.13746 -7.54827 2.18077 -40.7152 4.97474
0 0 883 4.01018 1.87708 -3.59221 -0.71219 0 0
0 0 884 3.43719 2.69545 -2.47016 0.89504 0 0
0 0 885 4.72461 1.61381 -5.90359 -0.411552 -37.3555 6.23574
0 0 886 5.78921 -0.0490928 -3.69332 -2.31124 0 0
0 0 887 5.79625 0.811279 -3.40294 -2.66654 0 0
0 0 888 2.86972 0.541827 -4.90588 0.335356 -41.8488 7.6856
0 0 889 4.26154 -0.43615 -1.17776 -0.867121 0 0
0 0 890 5.41664 3.40779 -2.12996 -1.19837 0 0
0 0 891 4.85599 0.111585 -5.65011 -0.547876 -44.4343 6.70423
0 0 892 3.34363 0.749476 -3.33787 2.8579 0 0
0 0 893 3.36332 1.56326 -3.85648 1.03248 0 0
0 0 894 8.13656 0.137302 -4.61128 0.811437 0 0
0 0 895 8.68301 1.6528 -6.95828 -0.804157 -38.3191 5.32721
0 0 896 6.21798 1.64239 -4.99957 -1.43192 -35.9072 7.27326
0 0 897 6.93289 3.85255 -8.00508 1.61104 -32.1501 4.34878
0 0 898 7.82827 0.821456 -9.86794 0.11072 -42.6207 3.82881
0 0 899 5.68678 2.31294 -6.41725 1.16555 -35.0898 5.62131
0 0 900 7.88695 3.39711 -5.68848 -1.61449 -29.5774 5.87534
0 0 901 7.40214 2.43526 -7.40493 -1.24409 -35.8978 4.91024
0 0 902 10.1803 1.01392 -9.3287 1.16902 -41.8985 4.0424
0 0 903 9.35087 1.10864 -7.01394 -0.815264 -40.509 5.349
0 0 904 11.5545 0.592296 -8.60286 1.2806 -43.0307 4.39562
0 0 905 11.5677 0.824244 -8.70972 0.528446 -42.297 4.33452
0 0 906 11.5731 1.99448 -10.2034 0.379777 -39.4699 3.65827
0 0 907 10.2122 3.63085 -10.8891 0.481987 -35.7798 3.33543
0 0 908 14.8679 2.93082 -9.44058 -0.085272 -36.3765 3.86819
0 0 909 14.5365 1.32689 -10.6298 -2.99249 -41.4424 3.54238
0 0 910 12.4561 1.4262 -14.008 -1.02778 -42.0933 2.69357
0 0 911 11.719 4.23566 -9.07644 0.813442 -32.4916 3.85356
0 0 912 13.7951 2.34418 -12.8035 0.994699 -39.8123 2.92062
0 0 913 17.9172 0.0687733 -12.2293 1.42098 -44.8389 3.09788
0 0 914 14.8406 -0.991542 -13.7562 -3.03877 -47.0614 2.74844
0 0 915 13.0578 0.447269 -8.5186 0.96803 -43.4972 4.44256
0 0 916 16.5934 1.26393 -10.864 -0.899794 -41.682 3.4688
0 0 917 17.7856 1.88573 -13.2586 1.42999 -40.9526 2.8349
0 0 918 19.1421 2.59013 -11.8839 0.987274 -38.8522 3.1298
0 0 919 17.4918 -1.12365 -11.1955 -2.92192 -47.8657 3.37063
0 0 920 18.3069 -0.492884 -12.3127 -0.420846 -46.1462 3.07501
0 0 921 16.9964 0.661472 -10.732 0.912333 -43.2365 3.52487
0 0 922 16.2014 1.27853 -15.5373 2.57923 -42.6479 2.43187
0 0 923 22.0024 2.99404 -13.4343 0.25826 -38.718 2.76631
0 0 924 21.4948 -0.131526 -14.3957 -1.44113 -45.2617 2.63164
0 0 925 27.1874 -1.12135 -12.7608 -2.80514 -47.511 2.95989
0 0 926 28.2935 -1.06017 -14.8496 -2.15712 -47.0418 2.54618
0 0 927 31.8556 -2.14356 -12.8753 -2.24607 -49.7261 2.91084
0 0 928 35.899 -1.45911 -10.7259 -1.58267 -48.8734 3.50665
0 0 929 39.8728 -0.566704 -7.9245 -0.486677 -47.0452 4.7712
0 0 930 41.0692 0.81472 -4.42337 -2.46106 0 0
0 0 931 42.7871 0.110394 -3.3717 0.0311131 0 0
0 0 932 49.9273 -0.0943241 0.991067 0.568151 0 0
0 0 933 53.1036 -0.347429 4.07594 1.53442 0 0
0 0 934 57.2876 -0.676144 8.86337 2.24184 47.1812 4.26462
0 0 935 64.7681 3.57622 13.9357 1.73099 37.8036 2.65048
0 0 936 71.3931 1.75588 16.3355 -2.05646 41.9325 2.30873
0 0 937 75.7096 6.12916 19.8218 1.7489 36.4088 1.84283
0 0 938 82.7284 3.31722 26.5129 -0.1991 41.4342 1.4202
0 0 939 88.789 5.19828 28.2965 -0.220761 39.7952 1.32139
0 0 940 92.3177 9.24441 34.2709 2.59469 37.452 1.07498
0 0 941 97.9871 8.06902 38.2046 1.80817 39.037 0.97463
0 0 942 99.0226 9.42133 39.665 1.40876 38.3193 0.934532
0 0 943 98.772 8.09135 37.2325 1.50124 38.8696 0.999076
0 0 944 99.7865 7.82879 38.2968 0.0274903 39.2233 0.973332
0 0 945 97.9526 8.66717 36.1168 -0.928141 38.2528 1.02589
0 0 946 95.1665 9.27023 33.6345 1.85958 37.2955 1.094
0 0 947 92.7325 5.73349 28.5374 -0.133668 39.3199 1.30691
0 0 948 89.0199 9.11672 25.7636 1.28597 35.2566 1.40254
0 0 949 81.9276 6.85454 22.4767 1.0034 36.5201 1.62673
0 0 950 78.1356 3.10139 19.2708 -1.21155 40.4287 1.94617
0 0 951 73.5071 4.26495 16.1603 0.934806 37.6079 2.28236
0 0 952 69.3609 3.92162 14.5475 0.87058 37.4566 2.5325
0 0 953 64.4005 2.27723 12.5744 -0.269348 39.8675 2.97466
0 0 954 60.8728 3.5666 8.74711 1.27789 33.9085 4.07083
0 0 955 56.1211 2.05832 6.62019 0.434475 36.3643 5.51555
0 0 956 56.5322 1.5894 5.54233 -0.100484 36.9992 6.62357
0 0 957 50.0093 3.23325 4.73956 0.856086 27.8494 6.82219
0 0 958 51.7164 0.826441 1.85364 -3.33259 0 0
0 0 959 48.0045 1.18587 3.09725 1.88492 0 0
0 0 960 43.919 -2.39606 -0.450885 0.9665 0 0
0 0 961 42.487 0.801292 -1.77491 -0.633668 0 0
0 0 962 41.3929 1.13413 -1.08285 -0.633099 0 0
0 0 963 40.0776 0.799601 -1.09795 -2.21801 0 0
0 0 964 38.9932 0.906952 -2.51014 -2.63745 0 0
0 0 965 38.8151 1.16163 -0.620501 -0.192438 0 0
0 0 966 36.5793 -0.583418 -0.47742 -2.73952 0 0
0 0 967 36.7609 -2.46592 -1.66394 -0.0560383 0 0
0 0 968 35.7993 -0.0878658 -2.67535 -1.37238 0 0
0 0 969 34.1199 -1.82484 -3.15163 -0.315505 0 0
0 0 970 33.6604 -1.21482 -4.17901 -0.900478 0 0
0 0 971 32.2191 -0.123718 -4.78611 -0.618576 -45.7404 7.91363
0 0 972 31.6856 -3.68173 -3.74001 -2.67794 -67.275 7.58648
0 0 973 31.8491 1.49676 -3.80577 -2.31355 0 0
0 0 974 30.0352 -1.11701 -3.93478 -1.54281 0 0
0 0 975 27.4122 -0.651252 -1.27541 -4.3638 0 0
0 0 976 28.5916 -0.41369 -5.12599 -2.10317 -47.307 7.37196
0 0 977 27.8378 -3.07314 -5.11943 -2.75518 -60.488 6.52082
0 0 978 25.5549 -2.83979 -2.12587 -1.73603 0 0
0 0 979 23.9651 -3.22084 -5.31761 -1.88063 -60.6015 6.26502
0 0 980 25.499 -1.11252 -2.42458 -4.6149 0 0
0 0 981 23.0143 1.60747 -2.39281 -1.39528 0 0
0 0 982 21.2456 -0.217389 -3.7564 -2.38104 0 0
0 0 983 23.3667 -2.52681 -3.7729 -2.43955 0 0
0 0 984 20.5219 -1.25523 -4.35646 -1.74623 0 0
0 0 985 21.1476 -3.96922 -1.44928 -2.7827 0 0
0 0 986 16.306 -3.88526 1.20991 -0.178513 0 0
0 0 987 17.9877 -3.83096 -3.12254 -0.457614 -70.4086 8.13958
0 0 988 15.6142 -4.03549 0.0354024 -3.60042 0 0
0 0 989 15.6292 -2.7259 -1.63196 -4.73665 0 0
0 0 990 13.127 -2.82605 -2.7533 -3.19565 0 0
0 0 991 15.9845 -2.05735 -2.3457 -2.69456 0 0
0 0 992 17.3812 -2.89014 -3.78951 -2.31184 -63.6658 8.25374
0 0 993 14.2183 -3.06309 -0.0578441 -3.40922 0 0
0 0 994 12.2908 -1.32407 -2.97854 -1.74591 0 0
0 0 995 13.3102 -2.53842 -3.31297 -0.286876 0 0
0 0 996 13.0235 0.292104 -0.905099 -0.664137 0 0
0 0 997 13.8313 -3.81552 -2.81362 -1.11929 -71.7972 8.52306
0 0 998 11.1309 -1.53427 -2.77657 -0.964533 0 0
0 0 999 8.53253 -0.886137 -3.01132 -0.10757 0 0
0 0 1000 7.92908 -2.69956 -2.02734 -1.19419 0 0
0 0 1001 9.361 -1.89509 0.0736778 0.646417 0 0
0 0 1002 7.94341 -0.655493 1.99563 -0.7771 0 0
0 0 1003 7.76364 -2.90366 0.0711663 -2.79943 0 0
0 0 1004 6.00999 -1.26773 -1.34888 -0.875516 0 0
0 0 1005 7.0446 -1.8474 -0.854415 -2.56281 0 0
0 0 1006 8.16219 -3.10407 -2.83187 -1.6255 0 0
0 0 1007 5.75129 -3.35855 -0.208548 -1.45755 0 0
0 0 1008 4.96998 -1.95887 -1.74043 -1.8096 0 0
0 0 1009 5.2144 0.765864 -0.601542 -2.77959 0 0
0 0 1010 6.12687 0.32429 1.39856 -1.44225 0 0
0 0 1011 3.89514 -1.39035 -0.707913 -1.44116 0 0
0 0 1012 5.49419 -1.38146 2.30406 0.338428 0 0
0 0 1013 4.13598 -1.5043 -0.202847 0.250919 0 0
0 0 1014 5.46435 -1.89592 0.156542 1.78453 0 0
0 0 1015 6.96338 -0.791836 0.253935 -1.95329 0 0
0 0 1016 3.67507 -3.87767 -1.81615 -0.387721 0 0
0 0 1017 5.27805 -1.00713 -0.400587 -0.558948 0 0
0 0 1018 4.09609 -1.64217 -1.1416 -1.30763 0 0
0 0 1019 3.3987 -3.46902 -2.86018 -1.41074 0 0
0 0 1020 4.3343 -1.36154 -1.18625 1.9211 0 0
0 0 1021 2.01561 -3.12006 0.247571 -0.736457 0 0
0 0 1022 1.59778 -0.803416 1.57759 0.517276 0 0
0 0 1023 3.29979 0.157848 -4.81433 -1.30539 -44.0611 7.86598
