# File: uwl_221117_014338_Combined.rf.sbD2.RMC_aux Src: J1713+0747 Nsub: 1 Nch: 1 Npol: 4 Nbin: 1024 RMS: 1.42374
0 0 0 1.89226 -0.914175 0.911919 1.36563 0 0
0 0 1 -0.213256 -2.56919 -0.430066 -0.52516 0 0
0 0 2 3.80389 -1.85162 -1.61084 0.553912 0 0
0 0 3 2.6636 -2.53774 2.00722 -1.98098 0 0
0 0 4 3.28425 2.32046 -3.15898 -2.01625 0 0
0 0 5 2.32255 -1.16605 3.58334 0.302205 0 0
0 0 6 2.90049 -0.617523 -1.64093 -1.84627 0 0
0 0 7 2.0736 0.184359 -1.71308 -0.949846 0 0
0 0 8 2.65998 -0.104927 -0.961482 0.698346 0 0
0 0 9 0.0829549 -1.25206 0.171718 1.53705 0 0
0 0 10 2.00445 0.467713 2.57604 -1.66203 0 0
0 0 11 3.34304 -2.34665 2.37381 1.18823 0 0
0 0 12 2.37508 -0.324161 1.4285 -2.49556 0 0
0 0 13 4.73667 -0.504802 -0.648626 -1.33601 0 0
0 0 14 0.859038 -1.0383 -2.19404 -1.44065 0 0
0 0 15 3.35265 -1.12784 -2.67442 -0.433172 0 0
0 0 16 1.13057 0.184287 -0.44528 -0.368411 0 0
0 0 17 1.80392 -0.934264 -0.536531 0.668822 0 0
0 0 18 2.8968 1.16656 -0.180744 0.215023 0 0
0 0 19 1.75624 0.303939 0.077094 -3.68095 0 0
0 0 20 1.84763 -1.16174 0.715847 -0.722122 0 0
0 0 21 0.713467 -0.320524 2.12926 -0.925999 0 0
0 0 22 -0.922701 -1.82824 0.46532 -1.6301 0 0
0 0 23 2.73686 -2.27842 2.24473 -0.361942 0 0
0 0 24 1.77522 -1.89455 2.89741 -2.25293 0 0
0 0 25 1.60984 -0.0493635 3.50232 -2.05507 0 0
0 0 26 2.81339 2.58369 2.81854 1.09246 0 0
0 0 27 4.40872 -0.0326676 -2.19028 -1.0854 0 0
0 0 28 3.85479 -2.40627 3.72528 1.2339 0 0
0 0 29 1.59642 -1.66723 -0.178831 1.1615 0 0
0 0 30 2.07203 -1.24633 0.973041 -3.71086 0 0
0 0 31 3.95211 0.232725 1.63729 2.07916 0 0
0 0 32 2.41682 1.36373 2.34893 -1.96408 0 0
0 0 33 0.768155 1.71761 0.953051 -0.475011 0 0
0 0 34 3.35218 -2.4562 2.41171 1.35442 0 0
0 0 35 0.264161 -0.645796 2.36732 3.70906 0 0
0 0 36 1.319 -3.63062 3.69514 -0.551624 67.2477 7.75504
0 0 37 3.75785 0.997419 -1.53571 -0.47224 0 0
0 0 38 3.28362 -0.453305 1.14619 -0.712032 0 0
0 0 39 2.26584 -0.765575 0.804046 0.389262 0 0
0 0 40 0.388305 -1.87066 0.932211 -0.815224 0 0
0 0 41 0.997801 -0.986491 1.41373 2.3184 0 0
0 0 42 2.63273 0.808277 0.393036 -0.308127 0 0
0 0 43 1.03207 -0.858368 0.198824 -0.147609 0 0
0 0 44 4.19578 -0.337553 2.72624 -0.834766 0 0
0 0 45 1.14613 -1.98981 -0.757524 2.34097 0 0
0 0 46 1.21149 -0.242352 1.10846 -3.3915 0 0
0 0 47 1.0735 -1.65358 2.75129 -2.94748 0 0
0 0 48 -1.1304 -1.08652 1.79939 -0.0872074 0 0
0 0 49 3.21064 -2.26888 4.53235 0.539626 58.2962 8.16119
0 0 50 1.28051 -0.45575 1.77973 -1.9216 0 0
0 0 51 1.69918 -2.12197 1.06504 -0.562216 0 0
0 0 52 3.3014 -2.09033 0.158977 0.782882 0 0
0 0 53 4.87348 1.68628 2.79326 -2.11731 0 0
0 0 54 0.873503 -2.02548 1.2048 1.52877 0 0
0 0 55 1.68193 0.712364 0.869133 -1.83929 0 0
0 0 56 2.33252 -1.97422 3.50749 -0.426468 0 0
0 0 57 3.04793 -2.12827 1.40469 1.62277 0 0
0 0 58 2.96529 -2.67214 1.31232 -1.38763 0 0
0 0 59 1.1372 -1.20086 2.38164 -0.522277 0 0
0 0 60 2.40299 0.442711 3.39737 0.632689 0 0
0 0 61 1.10601 -2.78196 -3.67481 1.25304 0 0
0 0 62 2.23709 0.933594 1.56199 2.52075 0 0
0 0 63 1.34703 -2.61621 2.20733 -2.86754 0 0
0 0 64 -0.507161 -1.3427 -1.62827 -0.291829 0 0
0 0 65 -0.0231309 -5.09521 1.15788 0.375448 83.5985 7.31343
0 0 66 1.14259 1.11689 0.885248 0.226582 0 0
0 0 67 1.98175 -1.14622 0.503833 0.181492 0 0
0 0 68 1.56893 0.982393 1.69066 -4.85901 0 0
0 0 69 3.29832 -0.748885 0.617971 2.77037 0 0
0 0 70 -0.816762 -2.21066 -0.587737 -0.996273 0 0
0 0 71 -0.485841 -1.16205 0.983741 -0.416013 0 0
0 0 72 -0.104976 -2.93917 1.91859 2.724 0 0
0 0 73 -1.84937 -0.113408 1.06037 -1.86416 0 0
0 0 74 2.28971 0.364418 1.00546 1.33827 0 0
0 0 75 0.891605 1.237 0.852637 -1.67715 0 0
0 0 76 0.96203 -2.37866 3.32047 -1.84679 0 0
0 0 77 3.57862 -1.47085 0.0307866 1.00131 0 0
0 0 78 1.34934 -1.97491 0.360117 -2.19529 0 0
0 0 79 2.31956 3.64017 -1.92048 -0.0210213 0 0
0 0 80 -0.343804 1.80515 -1.84753 -0.115708 0 0
0 0 81 2.66621 -3.09294 -0.509871 -1.53434 0 0
0 0 82 1.44852 -0.977419 -2.38528 -0.540871 0 0
0 0 83 2.05489 -0.0825014 1.78662 0.288735 0 0
0 0 84 -0.287533 1.18245 1.5171 -0.923168 0 0
0 0 85 2.99054 0.738902 1.23966 -0.75961 0 0
0 0 86 0.854597 1.64999 1.16974 -1.41861 0 0
0 0 87 1.64497 1.821 -2.41288 -2.63787 0 0
0 0 88 -0.820087 -1.79152 -1.49372 1.01707 0 0
0 0 89 -0.418022 -1.08882 -0.113623 -1.01007 0 0
0 0 90 0.251653 -4.40197 1.11192 0.577588 0 0
0 0 91 -1.45617 -1.31753 0.0238053 0.674455 0 0
0 0 92 2.14606 -0.867229 2.27986 0.435791 0 0
0 0 93 0.589713 0.649819 -0.669839 -1.90409 0 0
0 0 94 -0.626885 -0.640628 0.327355 1.51883 0 0
0 0 95 4.27579 1.12736 -0.156367 0.434791 0 0
0 0 96 -0.611965 -1.56611 0.74716 1.81944 0 0
0 0 97 -0.200883 3.16548 2.31691 -1.88337 0 0
0 0 98 3.32626 0.2569 -1.70607 0.966294 0 0
0 0 99 -0.488406 -1.59383 1.96617 4.04938 0 0
0 0 100 1.54838 -1.72282 0.0705063 -0.555934 0 0
0 0 101 -0.622198 0.524459 0.229882 0.118944 0 0
0 0 102 1.21082 0.0080784 -2.00489 -2.73685 0 0
0 0 103 -0.828402 -1.02167 -2.02025 -2.81318 0 0
0 0 104 0.0352723 -0.00592586 -0.454084 -0.414427 0 0
0 0 105 -1.49205 2.25753 -0.469946 -2.29826 0 0
0 0 106 1.75272 -2.94333 1.29221 2.35405 0 0
0 0 107 0.265239 -1.03073 0.286738 0.897022 0 0
0 0 108 -0.535911 -0.549559 0.741191 -3.45976 0 0
0 0 109 -1.6496 1.21642 2.2016 2.44375 0 0
0 0 110 0.747754 -0.385155 -2.70318 -0.0894512 0 0
0 0 111 0.122933 -2.85173 -2.36747 -1.45332 0 0
0 0 112 0.722962 1.18441 -1.47998 1.66292 0 0
0 0 113 2.77671 -0.559827 -1.21414 0.0872825 0 0
0 0 114 -1.03335 -0.150311 3.27375 1.60474 0 0
0 0 115 2.21869 -0.3126 1.47767 -0.0505113 0 0
0 0 116 0.549628 -0.692856 0.734426 0.741681 0 0
0 0 117 0.259483 -2.2792 1.71152 -2.82166 0 0
0 0 118 -0.267489 -2.86889 -2.57707 -0.585165 0 0
0 0 119 -0.440989 2.41406 -0.0782953 0.0604391 0 0
0 0 120 2.55249 1.44999 -2.16565 -0.660636 0 0
0 0 121 -1.96293 0.836975 0.176222 -0.831281 0 0
0 0 122 0.268523 -1.66816 0.778828 3.28561 0 0
0 0 123 -1.69809 -2.39612 1.46327 1.51067 0 0
0 0 124 -0.416145 -1.22891 0.252748 -2.2566 0 0
0 0 125 -1.84281 -0.124239 0.0126181 -0.64 0 0
0 0 126 -2.19238 -0.401001 2.37532 -0.110556 0 0
0 0 127 -1.1824 2.81188 -1.38585 0.0631489 0 0
0 0 128 -0.747457 1.16415 -0.517555 -1.59226 0 0
0 0 129 -0.548393 -0.270422 1.05278 0.889937 0 0
0 0 130 0.974414 -0.0179896 1.42063 0.795777 0 0
0 0 131 1.88107 1.49984 -2.70056 -0.518678 0 0
0 0 132 1.51549 1.09689 -1.0207 1.0268 0 0
0 0 133 1.30986 -0.669295 -0.794893 -0.480696 0 0
0 0 134 -0.154784 -1.46723 1.18067 -1.39343 0 0
0 0 135 -1.61513 0.161395 2.85349 -0.99051 0 0
0 0 136 1.98705 -0.162602 0.26716 0.201317 0 0
0 0 137 0.874316 -1.0501 1.88575 -1.57634 0 0
0 0 138 0.0895451 0.28303 -1.09481 2.22708 0 0
0 0 139 0.789128 -0.527041 0.00838099 -0.58309 0 0
0 0 140 0.623883 -3.16236 0.580229 0.840445 0 0
0 0 141 0.517814 -1.01164 -1.04172 -3.06804 0 0
0 0 142 1.2092 -1.81247 -0.0542765 -1.44536 0 0
0 0 143 3.18143 0.820385 2.08436 -2.25913 0 0
0 0 144 0.681581 -0.606145 0.9621 -0.38893 0 0
0 0 145 0.522802 -0.229502 -1.12664 0.886135 0 0
0 0 146 0.362899 1.17126 1.34067 0.437345 0 0
0 0 147 2.42217 -0.726069 -2.50101 -1.31064 0 0
0 0 148 0.0462943 0.167157 -0.251815 1.2549 0 0
0 0 149 0.899327 0.807006 -0.0154878 1.8654 0 0
0 0 150 2.96297 2.3475 -1.26028 1.51584 0 0
0 0 151 3.35937 -1.08329 1.48877 -1.1132 0 0
0 0 152 1.54957 0.360578 -3.04543 -0.057898 0 0
0 0 153 2.7784 1.49881 -2.6714 0.334323 0 0
0 0 154 -0.468312 -1.94498 -0.607672 1.80786 0 0
0 0 155 1.25825 -1.29513 -0.546884 -0.665593 0 0
0 0 156 1.00361 1.84103 1.88266 -0.676784 0 0
0 0 157 1.8526 -1.30902 -0.628381 -0.781045 0 0
0 0 158 1.25142 -0.643239 -0.944145 -0.0474191 0 0
0 0 159 3.16616 -1.66281 -1.52842 1.66075 0 0
0 0 160 -1.2741 0.175988 -0.504719 0.34089 0 0
0 0 161 0.288976 0.424094 1.29492 -0.698221 0 0
0 0 162 0.918004 -0.82877 2.16136 -1.51938 0 0
0 0 163 1.24637 -2.4589 2.16063 -1.6375 0 0
0 0 164 1.0894 -0.35106 0.641187 -2.33518 0 0
0 0 165 0.474728 -1.66019 -1.00594 1.59567 0 0
0 0 166 -0.31235 1.44238 0.225143 0.94286 0 0
0 0 167 1.83933 1.85528 -0.0812155 -0.724045 0 0
0 0 168 -1.02513 0.598873 1.35199 0.626007 0 0
0 0 169 -1.27152 0.997006 1.83026 1.85947 0 0
0 0 170 0.225753 0.109926 -0.0373329 0.0313777 0 0
0 0 171 -0.000809133 0.550273 0.698511 -0.653707 0 0
0 0 172 -1.55865 0.531587 0.518068 -0.336357 0 0
0 0 173 -0.221647 -2.23243 2.57892 0.159906 0 0
0 0 174 1.62153 0.980824 1.54643 2.9602 0 0
0 0 175 1.68756 -1.12539 -0.249901 0.893198 0 0
0 0 176 0.78194 2.30002 -0.94951 0.862047 0 0
0 0 177 0.0551943 0.679504 -1.71495 0.802622 0 0
0 0 178 1.36596 4.06938 0.415969 -1.48477 0 0
0 0 179 0.252052 0.794884 -2.24607 0.435516 0 0
0 0 180 1.03556 1.34219 -2.22316 0.789712 0 0
0 0 181 3.226 -0.627701 -1.45991 -3.43349 0 0
0 0 182 0.025977 -0.0111366 0.579757 -0.173361 0 0
0 0 183 0.041785 0.556326 -0.813811 -0.518272 0 0
0 0 184 1.01597 -0.271202 1.90184 -0.276687 0 0
0 0 185 -0.259991 0.279397 -1.09964 -1.59449 0 0
0 0 186 -1.96227 0.297154 -1.74008 0.0909627 0 0
0 0 187 -1.06856 -0.968593 -0.643936 -0.148994 0 0
0 0 188 1.25479 1.06198 0.426137 -2.95825 0 0
0 0 189 -0.351207 -1.37737 -1.50828 -0.133986 0 0
0 0 190 2.07191 -0.671833 2.03642 1.46738 0 0
0 0 191 0.905024 0.678458 1.37777 -1.72274 0 0
0 0 192 1.12043 2.95362 -1.98893 1.5546 0 0
0 0 193 -0.934918 1.60947 0.178132 -3.64372 0 0
0 0 194 -0.0433838 0.568131 0.915858 0.286969 0 0
0 0 195 -2.5108 0.0330014 -0.861562 1.79498 0 0
0 0 196 -1.1626 -0.455644 0.344112 -0.485761 0 0
0 0 197 1.45363 1.01772 -0.720633 -1.23623 0 0
0 0 198 1.54919 -0.568335 0.0939036 1.45133 0 0
0 0 199 2.1295 -0.134277 0.0417323 -0.762948 0 0
0 0 200 0.36952 -0.644453 -0.318047 1.04549 0 0
0 0 201 0.475771 -2.44525 1.7782 -1.75817 0 0
0 0 202 3.39385 -0.835371 0.484377 -0.450505 0 0
0 0 203 1.62697 -0.575959 0.285715 -1.3686 0 0
0 0 204 -0.105446 -1.09866 -3.17193 -0.354586 0 0
0 0 205 -2.10946 -1.13416 -2.75743 -0.066234 0 0
0 0 206 -0.791353 -2.8094 -1.87251 -0.491128 0 0
0 0 207 -1.00383 -0.464821 -1.21117 -0.475556 0 0
0 0 208 0.900295 -1.75511 -0.0539441 0.431979 0 0
0 0 209 -0.957846 -0.352921 0.678015 0.370349 0 0
0 0 210 1.38649 0.117601 -0.977583 0.754744 0 0
0 0 211 0.44549 0.442296 -0.674048 1.25112 0 0
0 0 212 1.55049 -1.62255 0.038557 0.69356 0 0
0 0 213 -2.00434 -0.65767 0.875586 2.06722 0 0
0 0 214 -0.0876166 -0.290371 2.30284 -0.860451 0 0
0 0 215 -1.88563 -3.44239 -0.283777 1.59681 0 0
0 0 216 -1.4113 -2.92036 -0.593838 -0.679161 0 0
0 0 217 -1.66371 -0.48562 -1.80002 -2.54416 0 0
0 0 218 -0.467736 -1.59746 -0.601891 2.70246 0 0
0 0 219 0.624431 0.668811 -1.11277 1.57683 0 0
0 0 220 1.56876 0.673959 -1.42621 -0.22771 0 0
0 0 221 0.323144 -0.117142 -0.105894 1.86809 0 0
0 0 222 1.66623 1.28097 0.753303 -0.960485 0 0
0 0 223 1.32668 -1.04286 -1.11885 0.380275 0 0
0 0 224 1.59472 -1.88653 0.782653 -1.79516 0 0
0 0 225 1.61483 0.345882 0.58995 -0.209583 0 0
0 0 226 1.70952 -0.831737 -3.25908 0.477576 0 0
0 0 227 -0.449786 0.359606 3.84787 0.297322 0 0
0 0 228 -0.243393 0.438945 1.49218 2.21117 0 0
0 0 229 2.81648 1.27749 -2.76597 1.88397 0 0
0 0 230 -1.25939 -2.44005 2.51671 0.384495 0 0
0 0 231 0.877872 -0.785771 -0.541941 -0.49213 0 0
0 0 232 0.799563 0.978441 0.223561 0.278056 0 0
0 0 233 1.04501 1.17654 0.0546623 -1.38254 0 0
0 0 234 -0.513258 0.565578 1.44555 -1.94274 0 0
0 0 235 -1.76084 2.26809 -0.297274 0.874829 0 0
0 0 236 -0.673626 0.232383 0.240503 2.06858 0 0
0 0 237 0.0318002 1.15895 -0.315535 -1.78669 0 0
0 0 238 1.66607 0.866119 0.669155 0.921079 0 0
0 0 239 1.42625 0.825347 -0.81106 0.618744 0 0
0 0 240 0.316805 0.0793418 0.303379 1.53984 0 0
0 0 241 0.609481 2.65471 -1.67152 -1.45202 0 0
0 0 242 1.89276 0.720293 0.186693 -2.60108 0 0
0 0 243 1.68784 -0.976522 1.18773 -1.97329 0 0
0 0 244 -0.345926 -2.2342 -1.2441 -3.3443 0 0
0 0 245 2.39252 -0.93202 -0.959785 2.85421 0 0
0 0 246 3.41936 0.849437 -1.49307 -0.484612 0 0
0 0 247 0.0917992 0.365213 -0.405666 0.814421 0 0
0 0 248 0.0684505 -0.721609 0.104494 -0.0646612 0 0
0 0 249 -2.78368 -3.38008 -2.46504 2.70239 0 0
0 0 250 0.395482 -0.673102 2.06988 0.275371 0 0
0 0 251 0.045315 1.45431 2.57776 0.146516 0 0
0 0 252 2.11746 1.08377 1.86502 -0.904059 0 0
0 0 253 -1.08146 -1.068 0.922972 -0.887469 0 0
0 0 254 1.82628 0.145072 2.00583 0.306274 0 0
0 0 255 -0.955784 2.91001 0.181981 3.57778 0 0
0 0 256 -1.50284 0.29388 -0.947314 -2.26573 0 0
0 0 257 0.248565 -0.435855 -0.14596 3.15641 0 0
0 0 258 -1.05665 0.340167 -0.737805 2.09987 0 0
0 0 259 0.2409 -2.16377 0.0043713 -0.942103 0 0
0 0 260 0.868636 -0.726762 0.331878 1.811 0 0
0 0 261 1.68774 -0.928098 -3.06992 1.23006 0 0
0 0 262 1.41257 0.594019 -1.24066 -1.26512 0 0
0 0 263 1.05369 0.808813 -0.512932 -0.0697847 0 0
0 0 264 -0.328865 -0.145801 0.11425 -1.72186 0 0
0 0 265 0.157988 0.468816 1.18439 -0.181856 0 0
0 0 266 -0.840645 -0.168656 1.16765 2.97783 0 0
0 0 267 -0.689284 0.119055 0.800557 0.280643 0 0
0 0 268 -0.895342 1.20772 1.53286 -0.518512 0 0
0 0 269 0.133018 1.73919 -0.513209 1.80494 0 0
0 0 270 -0.514576 0.784069 -1.07045 0.626882 0 0
0 0 271 0.0932575 -1.07242 0.88545 0.707137 0 0
0 0 272 0.518961 1.89745 -0.400015 -2.24402 0 0
0 0 273 -1.40902 -2.74623 1.40219 0.229249 0 0
0 0 274 0.558267 -0.219666 -0.864336 -0.831355 0 0
0 0 275 0.0728358 -1.56177 -1.86028 -1.33966 0 0
0 0 276 0.684269 1.13283 -1.71161 1.23863 0 0
0 0 277 0.39115 1.09717 -1.32099 1.72764 0 0
0 0 278 -0.781757 0.378259 0.539261 -1.77903 0 0
0 0 279 1.25676 1.77844 0.0859731 -0.182322 0 0
0 0 280 0.816494 -1.83538 -1.71611 -1.41965 0 0
0 0 281 2.16484 1.40045 1.4621 -0.478519 0 0
0 0 282 -1.40131 -0.0283607 -1.87013 -0.0111823 0 0
0 0 283 0.276527 -1.3938 -0.159423 -0.209816 0 0
0 0 284 0.450666 -2.32925 1.09373 -0.476728 0 0
0 0 285 0.851892 -1.96576 1.0084 -3.41025 0 0
0 0 286 1.17456 -1.37494 -2.237 0.530085 0 0
0 0 287 -0.737367 2.49806 2.76202 -0.280255 0 0
0 0 288 -0.910285 -2.20521 -1.733 0.754153 0 0
0 0 289 -1.45048 0.121535 -2.15406 1.89878 0 0
0 0 290 -1.34349 -1.07495 0.692667 0.203572 0 0
0 0 291 -0.439313 0.271196 1.12826 0.126206 0 0
0 0 292 1.77438 0.346916 -0.266996 0.280743 0 0
0 0 293 -1.06658 0.305576 1.00871 -0.737756 0 0
0 0 294 -0.671305 -0.0114742 1.49463 2.7338 0 0
0 0 295 0.937591 -1.81297 -0.660236 2.96867 0 0
0 0 296 0.423579 1.79225 0.448495 -1.18051 0 0
0 0 297 1.64362 0.704825 -0.70605 1.35393 0 0
0 0 298 1.70623 -1.91061 0.226582 0.716195 0 0
0 0 299 1.08404 1.45947 -1.64849 -0.619094 0 0
0 0 300 0.64091 1.01381 2.54166 1.33869 0 0
0 0 301 -0.827958 1.9307 0.903664 0.331463 0 0
0 0 302 2.66218 0.285861 -1.94163 -0.547617 0 0
0 0 303 0.668933 -0.280425 2.36369 -2.74319 0 0
0 0 304 -0.0156275 0.304974 -1.48069 1.37638 0 0
0 0 305 0.844617 -3.23234 -0.604818 0.247053 0 0
0 0 306 0.953013 -0.702272 -1.9917 -0.282421 0 0
0 0 307 -1.81573 -3.18476 0.734788 -1.22971 0 0
0 0 308 1.05965 -2.23469 -0.306828 -1.12903 0 0
0 0 309 -1.68903 -0.304018 1.27856 -1.26894 0 0
0 0 310 -2.29536 1.80025 0.599819 0.687088 0 0
0 0 311 0.273387 1.40289 -1.11302 4.15337 0 0
0 0 312 0.386711 2.56648 0.634281 -0.557416 0 0
0 0 313 -0.0296345 1.0551 0.0016683 -0.074594 0 0
0 0 314 -2.07325 0.695231 1.63741 -1.75728 0 0
0 0 315 0.86356 1.34386 0.321296 -1.73058 0 0
0 0 316 4.04181 -0.185359 -1.12597 0.88562 0 0
0 0 317 1.46269 0.0828557 -2.64156 3.1767 0 0
0 0 318 0.663831 0.136812 1.84321 -1.58004 0 0
0 0 319 -1.23982 -0.903146 -1.01883 -1.4898 0 0
0 0 320 0.113195 -1.3139 -1.16459 1.08124 0 0
0 0 321 1.51184 0.263927 0.722883 0.396428 0 0
0 0 322 1.20517 3.01217 -1.44855 0.47061 0 0
0 0 323 0.726609 1.31466 3.43084 -1.19562 0 0
0 0 324 2.03677 -1.59091 -1.58456 1.3741 0 0
0 0 325 1.5777 0.615006 -1.02029 -2.01225 0 0
0 0 326 0.805112 -0.759498 -0.0546831 -1.13868 0 0
0 0 327 -0.597329 -0.0971467 0.997393 0.950727 0 0
0 0 328 1.75483 -2.20387 -0.990843 2.5419 0 0
0 0 329 1.48781 -1.85514 0.110125 0.732801 0 0
0 0 330 0.402235 0.764147 -2.88015 -1.48875 0 0
0 0 331 1.95846 -0.231748 -0.841758 -0.059336 0 0
0 0 332 2.12822 0.161181 2.85344 -0.342338 0 0
0 0 333 -1.2358 -0.219191 1.17698 -0.120445 0 0
0 0 334 -1.3168 0.684839 1.35204 1.95383 0 0
0 0 335 3.73923 0.552455 0.643706 -0.630096 0 0
0 0 336 2.26594 -0.157979 -1.11716 -0.150752 0 0
0 0 337 -0.390983 -0.432215 -1.14172 0.938313 0 0
0 0 338 0.245949 2.16638 -1.77247 1.19901 0 0
0 0 339 -0.701937 -2.19031 1.55767 0.815078 0 0
0 0 340 -2.06362 -1.42851 -1.63004 0.0602551 0 0
0 0 341 1.29086 2.24625 2.30549 1.12727 0 0
0 0 342 0.32228 -0.696568 -0.059821 0.882643 0 0
0 0 343 -1.40699 2.14923 2.88923 -0.137334 0 0
0 0 344 -0.267334 1.22794 -2.33595 -0.863562 0 0
0 0 345 1.99852 2.1859 1.17805 0.324111 0 0
0 0 346 -0.0834001 -0.0172647 -0.858057 -1.86351 0 0
0 0 347 -0.479807 -0.256585 -0.0131962 -1.82079 0 0
0 0 348 1.1104 -1.37726 0.27497 1.39063 0 0
0 0 349 -0.785712 -2.87175 -2.46185 0.668807 0 0
0 0 350 0.838791 1.37536 1.47543 -0.750759 0 0
0 0 351 1.40336 2.08816 -0.730393 -0.577053 0 0
0 0 352 -1.88868 0.730924 2.01621 0.492482 0 0
0 0 353 0.230722 -1.22373 2.48652 0.536687 0 0
0 0 354 3.43071 -1.38021 0.569656 -0.638862 0 0
0 0 355 1.79453 2.43923 1.22064 -0.293368 0 0
0 0 356 1.59184 -1.42149 1.42951 0.0426041 0 0
0 0 357 0.261861 -0.482251 3.02109 -0.254455 0 0
0 0 358 0.193219 -1.80288 0.348208 -1.4825 0 0
0 0 359 0.0592245 1.59436 -2.30562 -0.308408 0 0
0 0 360 -0.236516 0.662567 0.100162 -1.54562 0 0
0 0 361 -2.11785 -1.13559 1.01093 1.36974 0 0
0 0 362 -1.30795 -0.855302 -0.0172484 -1.09769 0 0
0 0 363 -0.917952 -2.54668 -1.14681 1.16312 0 0
0 0 364 -0.152186 -2.50475 1.71144 1.0702 0 0
0 0 365 1.10261 0.495262 3.22966 0.474769 0 0
0 0 366 -0.103267 1.14864 -0.465311 0.520243 0 0
0 0 367 0.551045 1.08078 -0.43586 -1.17744 0 0
0 0 368 2.20107 -1.68952 -0.39985 -0.182821 0 0
0 0 369 1.91964 3.55604 0.77407 -3.14584 0 0
0 0 370 -0.902482 -1.79394 2.00015 -0.0791652 0 0
0 0 371 -3.55088 -0.253401 -1.06538 -0.324854 0 0
0 0 372 0.0135963 1.01498 -0.384981 -1.26859 0 0
0 0 373 2.88752 2.5065 0.190582 -0.370227 0 0
0 0 374 -3.37905 -0.292309 -2.09186 2.34965 0 0
0 0 375 0.248622 -0.638043 -1.20463 -0.280009 0 0
0 0 376 2.03175 -1.1105 -0.702995 -0.596616 0 0
0 0 377 1.30528 -0.682409 -2.28644 1.50761 0 0
0 0 378 -1.55452 0.888776 -0.858469 1.03958 0 0
0 0 379 -0.825073 -1.29266 0.923345 1.60523 0 0
0 0 380 -0.716043 -1.36676 -3.21076 -2.15997 0 0
0 0 381 -2.0329 -0.255479 2.03962 -1.16931 0 0
0 0 382 0.853523 -0.946686 -2.46029 -0.675462 0 0
0 0 383 0.105314 -0.17459 2.8323 0.337716 0 0
0 0 384 -0.913655 -1.95719 0.0432464 2.15238 0 0
0 0 385 0.19535 -0.14476 0.0578149 0.682909 0 0
0 0 386 -0.706674 -0.764566 1.0057 1.55796 0 0
0 0 387 -0.556967 0.459829 -0.88771 4.39064 0 0
0 0 388 -0.630474 -1.52355 0.369356 -0.451151 0 0
0 0 389 1.51869 0.5747 2.98537 1.39272 0 0
0 0 390 1.11123 -1.59803 -1.97982 0.313033 0 0
0 0 391 -0.472547 -1.30187 0.0577159 1.32042 0 0
0 0 392 1.97631 0.508698 -1.52124 1.66159 0 0
0 0 393 -2.0755 -0.281468 0.515581 -0.349395 0 0
0 0 394 0.124907 0.397871 0.28316 0.580246 0 0
0 0 395 -0.0472906 -0.87027 -0.86646 1.10534 0 0
0 0 396 0.481267 -0.378654 -1.66399 1.71026 0 0
0 0 397 -2.55901 -0.219686 0.387211 0.0749249 0 0
0 0 398 -0.910835 0.218638 1.56967 -2.76302 0 0
0 0 399 0.791527 -1.38422 1.86026 2.13468 0 0
0 0 400 -1.19008 -0.60596 -1.50215 0.406879 0 0
0 0 401 -2.41425 -1.77856 1.17563 2.65704 0 0
0 0 402 -3.28754 -0.208386 0.453468 -0.512488 0 0
0 0 403 -1.1707 -0.12469 0.215726 -0.753541 0 0
0 0 404 1.87544 -1.443 -0.999519 1.02252 0 0
0 0 405 -1.57769 -0.248197 1.93127 -1.97582 0 0
0 0 406 1.06309 -0.133703 -0.209734 -2.60208 0 0
0 0 407 0.520669 -1.65789 -1.87564 -1.12501 0 0
0 0 408 0.599464 2.21274 -0.670001 0.409568 0 0
0 0 409 0.637317 -1.94342 -2.23451 -0.175402 0 0
0 0 410 0.101874 -0.030868 -0.699198 2.28646 0 0
0 0 411 -0.48613 2.07065 -0.582917 -1.05868 0 0
0 0 412 2.98237 2.51207 0.672676 -0.246861 0 0
0 0 413 -1.68565 -3.08128 0.0732063 2.31864 0 0
0 0 414 0.897489 -1.20048 -1.16447 1.44531 0 0
0 0 415 -0.484893 -0.307493 -0.174305 0.889324 0 0
0 0 416 -0.265934 -0.651899 3.07251 -1.24306 0 0
0 0 417 -1.21166 -0.787598 -2.1982 0.991605 0 0
0 0 418 2.57349 -1.0694 -1.20003 0.0364943 0 0
0 0 419 3.63773 1.04982 -2.16905 -0.599996 0 0
0 0 420 0.253177 0.0398765 -4.45354 -1.34042 0 0
0 0 421 -0.190141 0.398636 -3.70223 -1.63487 0 0
0 0 422 2.26648 -0.44843 -1.89641 -1.17038 0 0
0 0 423 0.299645 -0.107867 -0.527119 -0.24119 0 0
0 0 424 -0.223871 -0.979994 -1.78156 0.0419151 0 0
0 0 425 1.43236 -1.24176 0.459253 2.30207 0 0
0 0 426 0.114129 -1.65524 1.96291 -0.692546 0 0
0 0 427 2.7023 0.352371 -2.01226 -0.388357 0 0
0 0 428 2.17333 -1.63848 -1.30399 0.388656 0 0
0 0 429 1.37562 1.25687 -1.33454 1.07281 0 0
0 0 430 1.56675 0.0206952 -0.637001 0.764842 0 0
0 0 431 -2.64173 1.60957 -2.86546 -0.562605 0 0
0 0 432 -1.3771 -1.11005 -1.06987 -0.211517 0 0
0 0 433 -1.37466 -2.49683 -1.36428 1.29245 0 0
0 0 434 0.712275 -2.32763 -0.965424 2.24923 0 0
0 0 435 -0.221494 -2.32076 -3.57939 -1.12655 0 0
0 0 436 0.705934 -0.346127 -1.84822 2.92952 0 0
0 0 437 0.760301 -2.59675 -1.28571 -0.523395 0 0
0 0 438 1.98529 0.107248 -1.32537 1.76437 0 0
0 0 439 -0.101024 0.457832 1.20896 0.0645174 0 0
0 0 440 0.838328 0.840326 0.622237 -0.769166 0 0
0 0 441 1.52877 0.126751 0.969443 -1.1268 0 0
0 0 442 -0.480166 -2.47941 -0.627356 1.45472 0 0
0 0 443 2.2517 -3.13186 0.602739 0.69276 0 0
0 0 444 0.252168 -0.577118 1.10867 1.50573 0 0
0 0 445 1.82498 1.5703 -2.27703 -2.43585 0 0
0 0 446 1.53907 -1.70473 -1.06522 1.52249 0 0
0 0 447 3.50138 -1.11132 0.372805 -1.24655 0 0
0 0 448 1.83486 1.50398 1.90979 -1.32947 0 0
0 0 449 -0.258103 2.25438 -1.488 -0.907361 0 0
0 0 450 0.0130371 0.120885 0.370117 -1.66426 0 0
0 0 451 -0.757284 0.272833 1.34309 -0.500793 0 0
0 0 452 0.790589 0.375683 -1.14316 -0.016285 0 0
0 0 453 2.93853 -0.18384 -0.437486 -1.43025 0 0
0 0 454 2.96211 0.689823 -2.30821 -2.37984 0 0
0 0 455 0.519603 0.654014 0.316304 -0.742297 0 0
0 0 456 2.02754 -0.138524 -1.18303 -2.31648 0 0
0 0 457 -0.353599 -0.682588 -1.41673 -0.752254 0 0
0 0 458 1.17012 0.184756 -0.78432 3.60436 0 0
0 0 459 2.67658 -0.111297 -0.736318 0.737685 0 0
0 0 460 0.812078 0.300554 0.872631 1.60057 0 0
0 0 461 0.255 -0.81606 -0.949254 -2.09008 0 0
0 0 462 -0.665312 1.86529 -0.545231 2.59058 0 0
0 0 463 -0.182417 -1.83124 1.57314 0.142924 0 0
0 0 464 -0.19708 0.216371 1.32848 2.73852 0 0
0 0 465 -0.0616586 2.07956 0.423534 0.884403 0 0
0 0 466 1.25196 1.81442 0.0512471 0.0924673 0 0
0 0 467 -0.261545 -0.412087 0.690853 0.52764 0 0
0 0 468 0.212477 -2.22786 -0.589931 -0.74599 0 0
0 0 469 0.708672 0.375288 -1.3733 1.03467 0 0
0 0 470 -0.287706 0.591108 -1.64565 0.326558 0 0
0 0 471 -1.7466 0.134416 -0.00675141 -1.39762 0 0
0 0 472 0.498775 -0.290055 0.433217 -0.765155 0 0
0 0 473 1.82228 0.926723 -0.638027 -1.71126 0 0
0 0 474 1.68867 -0.363826 -2.63131 -1.77098 0 0
0 0 475 0.282396 0.924895 0.925685 0.57189 0 0
0 0 476 -2.09205 -0.193778 0.756603 -0.477293 0 0
0 0 477 1.64485 -0.43979 -0.11285 2.3221 0 0
0 0 478 -2.62607 0.239827 2.38889 -0.553024 0 0
0 0 479 -1.64949 -2.07848 -0.303974 0.970605 0 0
0 0 480 0.140198 1.31128 2.35903 -0.236541 0 0
0 0 481 -0.0078865 0.786812 2.64462 1.60451 0 0
0 0 482 3.0851 0.556915 0.560434 -0.591588 0 0
0 0 483 2.97316 -0.314422 0.492049 -3.14949 0 0
0 0 484 0.89401 0.78608 0.672503 -2.04679 0 0
0 0 485 -2.6388 -2.34668 1.47574 0.82643 0 0
0 0 486 1.13509 1.09121 2.16708 2.12354 0 0
0 0 487 2.6247 1.60033 -0.966462 0.402611 0 0
0 0 488 0.856477 -0.0213943 0.505457 0.198796 0 0
0 0 489 0.837841 -0.953102 2.93324 1.05398 0 0
0 0 490 -0.183745 -1.71396 0.29041 -1.17832 0 0
0 0 491 0.0970675 3.54692 1.60519 -2.0944 0 0
0 0 492 0.213249 -0.282814 0.72311 -3.30313 0 0
0 0 493 -0.450068 -0.0337037 0.925789 -1.5528 0 0
0 0 494 1.40557 -0.0431672 1.84608 0.589773 0 0
0 0 495 0.851248 -2.07672 1.28368 -0.804823 0 0
0 0 496 1.80439 2.65477 0.797384 1.33402 0 0
0 0 497 -0.121517 0.859609 2.62143 -1.45044 0 0
0 0 498 1.20801 -1.29097 0.356817 1.12294 0 0
0 0 499 -2.00163 0.698275 0.6245 1.49315 0 0
0 0 500 1.71667 0.475496 1.68634 -0.120529 0 0
0 0 501 2.14313 0.603813 -2.47449 1.04663 0 0
0 0 502 1.20042 -0.764801 0.0179758 -0.338189 0 0
0 0 503 1.56997 0.323576 -0.374115 2.12369 0 0
0 0 504 1.32285 2.54036 0.970117 -0.0887945 0 0
0 0 505 1.4865 0.0652481 1.41135 -0.623413 0 0
0 0 506 -0.655888 1.0021 0.662802 0.407839 0 0
0 0 507 1.47682 -0.820365 -3.37018 0.219322 0 0
0 0 508 1.22525 0.29071 -0.901065 0.661804 0 0
0 0 509 -0.274546 2.19107 -2.87735 -1.81289 0 0
0 0 510 0.776879 0.584504 2.07094 -0.0995706 0 0
0 0 511 4.53472 0.342248 1.98637 1.63027 0 0
0 0 512 -0.551374 -1.03689 -2.32324 0.872407 0 0
0 0 513 1.96313 3.18747 0.483672 0.0401246 0 0
0 0 514 -0.639892 -0.171126 0.45395 -0.899309 0 0
0 0 515 -0.502766 -0.357248 -2.34332 1.14006 0 0
0 0 516 0.154255 0.160373 -0.244729 -2.70007 0 0
0 0 517 -0.791064 0.60162 -1.11792 -1.14051 0 0
0 0 518 2.22871 1.90866 1.5837 0.244495 0 0
0 0 519 2.13555 1.24733 0.379638 0.216268 0 0
0 0 520 -2.24836 -1.81288 -1.27647 0.440237 0 0
0 0 521 -0.573944 -1.86778 1.41994 -0.495032 0 0
0 0 522 0.242635 0.926449 1.10162 0.960545 0 0
0 0 523 2.78862 0.698156 -1.18574 -2.25518 0 0
0 0 524 0.844505 -0.782051 2.30275 1.27428 0 0
0 0 525 -0.115208 1.16831 0.365965 0.399489 0 0
0 0 526 -2.29455 -0.241992 0.00851561 -2.15615 0 0
0 0 527 -1.11297 -0.285266 0.742246 -1.06759 0 0
0 0 528 1.1825 1.1862 0.0711334 -0.0366669 0 0
0 0 529 -0.502561 -0.843472 1.70947 0.332441 0 0
0 0 530 2.4502 -0.622715 -0.975226 -0.816454 0 0
0 0 531 -0.317513 2.09441 -0.668916 -1.69435 0 0
0 0 532 -1.23227 -0.752447 0.381873 -2.07861 0 0
0 0 533 -1.1584 -1.74561 0.0455155 -2.40276 0 0
0 0 534 -0.152747 -1.20663 1.16539 -0.793136 0 0
0 0 535 0.0998375 -1.23218 -1.68374 -2.17496 0 0
0 0 536 0.00797123 -0.00442088 2.1932 0.877055 0 0
0 0 537 -0.261637 -2.36046 -0.419392 0.271057 0 0
0 0 538 -1.76789 -0.67717 -0.242202 2.91487 0 0
0 0 539 -0.365661 1.32494 0.0434719 -0.49766 0 0
0 0 540 0.465996 -0.0640976 -0.109801 2.10819 0 0
0 0 541 -2.12979 -0.417531 -0.496834 0.257924 0 0
0 0 542 1.8187 1.65344 -0.413491 3.09407 0 0
0 0 543 2.2587 -1.32008 -0.455711 1.51961 0 0
0 0 544 1.07771 -0.962157 -2.41292 0.290224 0 0
0 0 545 0.8732 -2.72308 2.55233 1.36415 0 0
0 0 546 0.961019 2.3715 -2.27731 2.1333 0 0
0 0 547 0.650648 2.96962 2.82076 1.69735 0 0
0 0 548 -0.062436 -0.497737 1.67107 2.71225 0 0
0 0 549 -0.544066 -0.0703828 -1.5778 -0.405095 0 0
0 0 550 -0.533473 -0.605432 -1.51565 -0.166789 0 0
0 0 551 0.406623 0.257008 -1.05477 -0.87289 0 0
0 0 552 -0.000223994 -1.34898 -2.22465 -0.571698 0 0
0 0 553 0.790333 -0.647782 1.22737 -3.05995 0 0
0 0 554 -0.500773 0.144271 1.39935 0.198668 0 0
0 0 555 -0.410639 -1.31348 -0.253201 0.173998 0 0
0 0 556 -1.75484 -0.995983 0.216904 1.80818 0 0
0 0 557 -1.33721 0.33534 -0.440069 0.655699 0 0
0 0 558 0.972679 -0.52006 -2.96289 0.0381372 0 0
0 0 559 -0.583495 0.277507 -2.69683 -1.78188 0 0
0 0 560 0.950125 3.57276 3.14006 1.11317 20.656 8.38186
0 0 561 0.888054 -1.44954 -2.18315 0.872265 0 0
0 0 562 0.0208885 -1.11495 1.11801 4.40662 0 0
0 0 563 -0.202305 -1.33938 -1.31686 2.86666 0 0
0 0 564 0.132669 0.95864 0.753376 3.83905 0 0
0 0 565 -1.72655 -0.796268 0.868274 1.16041 0 0
0 0 566 -2.15973 3.28276 -2.07547 1.01497 0 0
0 0 567 0.410481 0.916901 -0.651557 -3.90516 0 0
0 0 568 0.2101 -1.76595 0.793051 -1.86609 0 0
0 0 569 0.376335 1.9608 2.10806 0.313163 0 0
0 0 570 -0.854813 -0.948996 -1.06204 1.02828 0 0
0 0 571 -0.563918 3.37243 -1.16948 3.19279 0 0
0 0 572 -1.54589 -0.969482 0.705574 -0.926294 0 0
0 0 573 -2.30939 -0.75015 -1.81911 0.197778 0 0
0 0 574 -0.367029 -2.86263 1.67403 0.00796438 0 0
0 0 575 1.14446 -0.828362 1.54804 0.780709 0 0
0 0 576 0.126022 -1.82861 -1.00831 -1.17649 0 0
0 0 577 -0.240984 2.50582 1.0859 0.668026 0 0
0 0 578 2.48885 1.10853 2.71516 1.85357 0 0
0 0 579 2.39927 2.55506 -0.0890375 -1.72907 0 0
0 0 580 0.257327 -1.84984 -1.58479 -1.54348 0 0
0 0 581 -0.419697 1.04571 0.162925 0.0675836 0 0
0 0 582 -0.058225 -0.366759 -0.153636 3.59955 0 0
0 0 583 -1.80138 1.92371 -1.21929 0.270574 0 0
0 0 584 1.41508 1.46066 1.52134 -2.11772 0 0
0 0 585 -0.652198 0.460464 -0.0367892 -1.76852 0 0
0 0 586 1.17514 1.3736 1.50437 4.35703 0 0
0 0 587 1.06206 0.639535 0.137214 0.664105 0 0
0 0 588 1.76108 1.35726 -1.26518 -0.868416 0 0
0 0 589 1.55188 -1.37913 -2.81263 -0.370849 0 0
0 0 590 -1.49424 1.86822 0.560118 0.805379 0 0
0 0 591 1.29557 -0.800443 -1.20026 0.566044 0 0
0 0 592 -0.058449 3.90509 0.37399 -0.645729 0 0
0 0 593 0.520495 -2.04351 -0.359863 -0.25237 0 0
0 0 594 0.263651 -1.41351 -0.359829 0.0157886 0 0
0 0 595 -1.9798 -0.662866 0.127211 0.721354 0 0
0 0 596 -1.30631 -0.159279 1.55875 -1.32171 0 0
0 0 597 0.453144 -1.81063 -0.761726 0.0252069 0 0
0 0 598 1.05509 0.241381 -1.5224 2.44244 0 0
0 0 599 1.12125 1.56712 0.630864 1.69951 0 0
0 0 600 -0.437149 0.0046078 0.897275 -0.790541 0 0
0 0 601 0.903461 1.55719 2.24838 0.807649 0 0
0 0 602 0.786849 -2.32328 -0.275065 -0.957864 0 0
0 0 603 1.08164 -0.370515 0.501367 -0.00348881 0 0
0 0 604 1.00909 0.574984 -2.95932 0.977645 0 0
0 0 605 -0.896669 0.985382 -0.172562 0.886254 0 0
0 0 606 1.62654 1.58846 -1.33425 -1.67594 0 0
0 0 607 -0.300448 0.79029 1.57689 -1.71154 0 0
0 0 608 0.90508 -0.40108 -2.66445 -3.23821 0 0
0 0 609 1.19379 2.0969 0.151086 0.777609 0 0
0 0 610 1.4707 1.49956 0.904214 -1.55881 0 0
0 0 611 -1.70734 0.344075 -0.0949105 -0.709519 0 0
0 0 612 2.97761 0.201152 1.4823 -1.79719 0 0
0 0 613 0.423184 -2.68194 0.0980214 -1.59011 0 0
0 0 614 0.806849 0.486521 -4.14552 -0.0741838 0 0
0 0 615 2.17412 1.41028 0.784021 1.34771 0 0
0 0 616 -0.487839 -0.841235 0.672092 -0.566256 0 0
0 0 617 -2.68746 -0.251999 -0.290602 2.24021 0 0
0 0 618 -0.131577 -2.59301 -2.92718 0.532371 0 0
0 0 619 -1.1742 -1.50637 0.299732 -0.282467 0 0
0 0 620 -0.62077 -0.393045 1.89316 0.0574474 0 0
0 0 621 -1.20678 2.41047 -0.156394 -0.321257 0 0
0 0 622 1.28193 -1.88196 -0.498775 -0.257452 0 0
0 0 623 1.39959 0.573575 0.0889253 -0.826323 0 0
0 0 624 2.27814 3.68722 0.306371 -2.17851 0 0
0 0 625 -0.603945 -0.4073 -0.254837 -0.174002 0 0
0 0 626 1.43757 -0.867437 0.825729 -0.42597 0 0
0 0 627 1.63098 0.695762 -3.35829 -0.52121 0 0
0 0 628 3.77678 0.0522242 0.537553 -1.06658 0 0
0 0 629 -1.57612 -0.578624 2.00407 1.37328 0 0
0 0 630 2.42239 0.252811 -0.801326 2.05533 0 0
0 0 631 -3.12036 -0.591251 -2.4033 0.268081 0 0
0 0 632 2.72337 -2.17926 -1.91092 0.477711 0 0
0 0 633 -0.27462 0.804589 -1.58958 0.930666 0 0
0 0 634 2.90434 1.14891 1.14714 -1.38174 0 0
0 0 635 0.51592 -1.11281 0.11749 -3.50326 0 0
0 0 636 -2.06854 2.76567 3.2513 1.57619 0 0
0 0 637 2.12094 -1.87131 0.985294 -1.12224 0 0
0 0 638 2.25009 0.403802 1.04357 0.278116 0 0
0 0 639 1.02724 -1.43194 1.09787 -0.714316 0 0
0 0 640 -2.18057 -0.63039 0.465323 0.438529 0 0
0 0 641 -1.1404 3.08055 0.517239 -0.907115 0 0
0 0 642 0.288803 1.22 -0.745567 -0.265986 0 0
0 0 643 0.491918 -1.49664 1.19767 -0.220719 0 0
0 0 644 -0.105189 -0.323914 -2.28559 0.750367 0 0
0 0 645 0.583999 -0.125766 0.316246 0.476786 0 0
0 0 646 -1.4206 -0.274433 3.23882 -1.32487 0 0
0 0 647 -1.73635 0.0717484 0.994826 2.37876 0 0
0 0 648 0.590152 -2.5538 0.814776 -0.355089 0 0
0 0 649 0.771883 0.696551 0.359527 -1.25228 0 0
0 0 650 0.476674 -0.331025 -1.29756 2.09802 0 0
0 0 651 -1.41869 -0.711716 0.905369 0.238645 0 0
0 0 652 -0.236886 0.992333 2.40359 -1.45402 0 0
0 0 653 -1.25333 1.65192 0.597364 3.518 0 0
0 0 654 -0.427656 0.416562 2.12108 1.08363 0 0
0 0 655 -0.4592 0.795153 -1.58679 -0.568816 0 0
0 0 656 1.32231 1.91107 -1.58152 1.94806 0 0
0 0 657 1.97046 1.59697 1.33448 0.566072 0 0
0 0 658 -0.941578 0.71309 0.661162 2.05145 0 0
0 0 659 2.4565 0.534745 1.50273 -0.156291 0 0
0 0 660 2.55186 -0.379502 0.827007 -0.759385 0 0
0 0 661 -1.01387 0.509583 -1.53749 1.7524 0 0
0 0 662 -0.443598 0.28724 -1.26003 0.0329455 0 0
0 0 663 -1.65158 -0.105977 -3.35782 2.16029 0 0
0 0 664 0.673103 -2.23666 -2.00706 3.07344 0 0
0 0 665 1.07507 0.646971 -0.50817 1.74917 0 0
0 0 666 2.23743 -1.0564 0.571316 -1.65714 0 0
0 0 667 0.911774 1.27127 0.162468 -2.3489 0 0
0 0 668 1.28445 -0.199008 -1.9077 -0.504656 0 0
0 0 669 2.55642 -2.28295 -1.41853 0.518156 0 0
0 0 670 -1.6947 -0.613995 -0.6472 0.793296 0 0
0 0 671 0.902706 -2.23182 0.261417 -1.57832 0 0
0 0 672 -1.71645 0.906604 -2.28918 -0.41405 0 0
0 0 673 2.92837 -3.14961 -0.659143 -0.702683 0 0
0 0 674 -0.0420245 0.449069 0.85183 0.395262 0 0
0 0 675 -0.987862 4.23631 1.39241 -0.417129 0 0
0 0 676 0.355916 -1.32266 2.08435 -1.02952 0 0
0 0 677 2.7619 -2.85063 1.85472 -0.932422 0 0
0 0 678 -0.424135 0.905916 0.469151 0.607187 0 0
0 0 679 -0.803616 -2.06717 -0.0545967 1.83184 0 0
0 0 680 0.985876 0.595747 -0.233132 -0.148325 0 0
0 0 681 0.0659468 -0.292971 -1.81099 -2.77952 0 0
0 0 682 -2.28915 -1.79045 -1.64975 0.791273 0 0
0 0 683 1.31 -1.28181 -1.19782 0.954891 0 0
0 0 684 -1.52184 -1.09216 -2.09401 -1.01721 0 0
0 0 685 0.597724 1.85754 -0.536348 -1.22824 0 0
0 0 686 1.29106 1.70329 0.494413 -0.285704 0 0
0 0 687 2.18168 -0.890715 -0.459853 -2.34273 0 0
0 0 688 -1.16305 -0.759629 -0.0480955 1.30834 0 0
0 0 689 0.29297 0.896657 0.841012 2.04132 0 0
0 0 690 2.12337 -1.13127 1.16739 0.340808 0 0
0 0 691 0.872426 1.21132 2.05475 -1.49113 0 0
0 0 692 -1.21473 -1.84589 0.958406 0.0375568 0 0
0 0 693 1.18797 -1.87622 -1.5856 -2.72271 0 0
0 0 694 -2.04188 0.650809 -0.205651 -0.00256929 0 0
0 0 695 -1.01541 -4.74643 2.62998 0.465015 75.5047 7.19036
0 0 696 -3.22835 0.248491 0.456475 -0.160823 0 0
0 0 697 -1.5853 0.584732 -0.0944976 1.45937 0 0
0 0 698 -1.29854 -1.67471 -0.790269 0.899177 0 0
0 0 699 1.69813 2.16628 -3.50073 -0.912538 0 0
0 0 700 -1.96085 -1.60802 -2.21719 1.24742 0 0
0 0 701 0.99981 2.58136 0.979857 1.04381 0 0
0 0 702 2.50789 0.94142 0.215747 1.69624 0 0
0 0 703 -2.08897 -0.864876 1.28471 -0.460194 0 0
0 0 704 -2.23584 1.27455 -0.652907 -1.02162 0 0
0 0 705 1.69544 1.2318 -1.28345 1.73197 0 0
0 0 706 0.901798 0.357437 2.98757 0.552143 0 0
0 0 707 -0.564321 0.51146 0.205414 -0.096912 0 0
0 0 708 -0.650233 2.03705 0.472133 0.394838 0 0
0 0 709 -2.29065 0.861111 1.37288 -3.61831 0 0
0 0 710 -0.787772 -1.24433 -0.884143 1.60619 0 0
0 0 711 2.7252 -0.0738397 0.451144 2.04608 0 0
0 0 712 -2.32445 0.16051 0.479599 1.10354 0 0
0 0 713 0.902956 -0.797543 -1.08434 -1.64665 0 0
0 0 714 2.35658 -0.83713 1.85088 1.42943 0 0
0 0 715 -2.65821 -1.96436 -0.201487 1.24991 0 0
0 0 716 -0.406068 1.49929 1.55826 1.5426 0 0
0 0 717 1.37797 -0.897168 0.668128 -0.501803 0 0
0 0 718 -0.708415 -0.223952 2.77012 -0.877497 0 0
0 0 719 -2.6454 -0.0227457 0.710801 1.42445 0 0
0 0 720 -0.997396 -1.04982 0.492902 -1.75939 0 0
0 0 721 -1.37221 3.54066 -0.595194 -0.739296 0 0
0 0 722 -0.752753 0.286214 0.670474 -0.968115 0 0
0 0 723 0.637089 -0.589009 -0.682275 0.682997 0 0
0 0 724 1.78313 -1.26919 0.233493 -1.63722 0 0
0 0 725 2.77914 -1.11512 -0.120761 -0.613529 0 0
0 0 726 -0.954709 1.31297 -0.0415128 0.0888731 0 0
0 0 727 1.64553 -0.895974 0.737917 -1.48645 0 0
0 0 728 1.84507 0.235546 1.66141 -0.00948975 0 0
0 0 729 1.09676 0.383041 -1.6532 3.90657 0 0
0 0 730 0.935532 -0.29463 0.14926 0.742351 0 0
0 0 731 -0.684177 -0.334884 1.57253 -1.44951 0 0
0 0 732 -1.1414 -0.326882 -0.173411 -0.472388 0 0
0 0 733 1.28992 1.41307 0.794438 0.464378 0 0
0 0 734 1.48397 0.433357 1.22899 1.99319 0 0
0 0 735 -0.573854 -0.268899 -1.58044 1.19111 0 0
0 0 736 -1.73906 1.65937 -0.513171 -0.293949 0 0
0 0 737 0.0235097 0.569898 0.47532 -0.26067 0 0
0 0 738 -0.478029 1.58408 -0.157881 -0.12393 0 0
0 0 739 -0.329268 0.268708 3.01402 -0.788913 0 0
0 0 740 1.84379 2.06789 0.176579 -1.62938 0 0
0 0 741 0.0409838 -3.73589 0.413543 -3.58724 0 0
0 0 742 2.48517 -0.954879 -2.33744 -4.0743 0 0
0 0 743 1.6719 -0.11605 0.383784 0.426112 0 0
0 0 744 -0.459277 2.37953 0.147032 -2.99551 0 0
0 0 745 -0.704506 3.71291 1.34939 0.0529419 0 0
0 0 746 1.38819 0.430148 0.625174 -0.214368 0 0
0 0 747 -0.892695 0.987314 0.195096 -2.89681 0 0
0 0 748 -0.476914 0.163653 -1.35076 -1.61347 0 0
0 0 749 -0.838635 0.937456 -0.33283 -0.722966 0 0
0 0 750 0.590361 -0.125146 -0.0594757 -1.73136 0 0
0 0 751 0.952174 -2.17918 1.15636 0.594279 0 0
0 0 752 0.756375 1.60483 -0.273813 1.33697 0 0
0 0 753 -2.25519 -1.78579 1.11968 0.163819 0 0
0 0 754 -0.439919 -2.39075 -1.14795 0.481479 0 0
0 0 755 -2.5975 -0.313736 0.524456 -1.88245 0 0
0 0 756 0.240821 -0.589766 0.564017 -0.572265 0 0
0 0 757 0.0736407 -0.354524 -0.349184 -1.85204 0 0
0 0 758 -0.657627 -1.54254 -2.71399 0.776392 0 0
0 0 759 2.41835 -1.96693 -0.0177282 -1.99001 0 0
0 0 760 -1.18292 -0.0274974 -1.51197 -2.3541 0 0
0 0 761 2.67289 2.9691 -0.435346 1.82581 0 0
0 0 762 0.778856 -0.201023 -0.193248 0.593202 0 0
0 0 763 -1.23345 -1.80498 1.39536 1.12569 0 0
0 0 764 0.763667 2.37486 -0.844251 0.635823 0 0
0 0 765 -0.22579 0.011339 -0.389963 0.340388 0 0
0 0 766 0.268828 2.21299 1.87632 0.015199 0 0
0 0 767 0.619015 -0.195898 -1.20721 0.902209 0 0
0 0 768 -0.456453 -1.379 -0.0771564 2.42495 0 0
0 0 769 0.623241 1.10841 -0.0995441 -0.102803 0 0
0 0 770 0.377425 -1.90747 -0.807137 -2.48189 0 0
0 0 771 0.0393533 -0.753725 -1.51871 2.50635 0 0
0 0 772 1.60454 0.270718 2.34083 0.320871 0 0
0 0 773 -0.215429 -0.471682 1.36751 0.582259 0 0
0 0 774 -1.91391 -3.06226 -1.1892 -1.70186 0 0
0 0 775 -0.590803 -0.308363 1.20445 -0.809426 0 0
0 0 776 0.174686 -0.285135 -1.93647 0.584052 0 0
0 0 777 1.32255 -1.3077 0.329284 -0.648714 0 0
0 0 778 0.636357 1.63462 0.92366 1.68055 0 0
0 0 779 -0.412773 1.51137 0.705333 0.701793 0 0
0 0 780 2.47357 0.771601 -0.160461 0.134654 0 0
0 0 781 -1.1447 2.64799 -0.341101 -0.903329 0 0
0 0 782 2.17514 -0.0945004 -0.52103 1.50674 0 0
0 0 783 0.672071 1.93564 2.51476 1.42677 0 0
0 0 784 -2.66071 0.0182071 -0.103068 -3.5411 0 0
0 0 785 0.70207 -0.363326 -0.995516 -1.60885 0 0
0 0 786 0.121378 -1.41174 0.948228 -0.603426 0 0
0 0 787 -1.32575 -0.0598556 -1.62305 -0.895026 0 0
0 0 788 -0.497427 -2.33185 1.27819 2.69636 0 0
0 0 789 -0.933079 -0.792257 -2.783 -0.153494 0 0
0 0 790 -1.39251 -1.1719 -2.7393 2.37239 0 0
0 0 791 1.74075 0.424888 0.0769348 -0.414745 0 0
0 0 792 1.08826 -1.08384 1.77883 -0.957908 0 0
0 0 793 1.13921 -0.715764 -2.31025 -1.81117 0 0
0 0 794 -0.52568 2.61742 0.176304 -1.52286 0 0
0 0 795 1.83178 0.554549 -0.86087 2.14493 0 0
0 0 796 -0.913132 -0.36094 -0.705336 -0.527692 0 0
0 0 797 1.43331 -1.54715 -0.048915 2.45212 0 0
0 0 798 -1.70693 0.0328781 1.59252 -1.79773 0 0
0 0 799 -0.445043 -0.513761 -1.77307 1.98358 0 0
0 0 800 0.854787 -0.200686 0.50129 -0.599492 0 0
0 0 801 1.52251 2.43785 -1.62353 -1.05465 0 0
0 0 802 -0.07004 1.49001 -2.37936 -1.09124 0 0
0 0 803 -1.33054 1.28742 1.2025 -2.62397 0 0
0 0 804 2.53363 1.64163 -0.753265 -0.534835 0 0
0 0 805 1.66246 -1.32413 -1.35343 1.14516 0 0
0 0 806 1.16383 0.16186 1.02856 0.672087 0 0
0 0 807 0.430866 -0.590784 -0.0173573 1.01321 0 0
0 0 808 -2.07771 -1.31361 -0.905732 -0.825284 0 0
0 0 809 -0.405857 -0.897211 -0.519541 0.138659 0 0
0 0 810 2.26253 0.274605 -3.34685 0.0940669 0 0
0 0 811 -2.77762 1.25345 0.993215 -0.245203 0 0
0 0 812 0.467965 -0.0729599 0.298616 0.148824 0 0
0 0 813 -0.585961 0.524162 0.512988 -0.929427 0 0
0 0 814 -1.39015 2.13697 -0.694907 2.10416 0 0
0 0 815 -0.408585 0.338809 -2.67864 2.36423 0 0
0 0 816 0.494372 -3.40542 0.331252 0.633839 0 0
0 0 817 -0.544958 1.09762 0.375458 1.99655 0 0
0 0 818 -0.130356 -1.36578 1.85111 0.341664 0 0
0 0 819 -0.205029 -0.38754 0.645057 -0.84283 0 0
0 0 820 -1.51946 0.764335 -0.204476 -0.122691 0 0
0 0 821 0.613741 -2.29342 -1.23507 0.747062 0 0
0 0 822 -0.691652 -0.679778 -1.08202 1.49537 0 0
0 0 823 -0.931253 1.61282 1.90509 1.31036 0 0
0 0 824 -1.35026 0.344622 2.35738 1.88666 0 0
0 0 825 -3.24564 -1.67955 2.77086 -0.780123 0 0
0 0 826 1.23993 1.65732 -0.198133 0.830099 0 0
0 0 827 -0.852634 -1.95157 0.917695 1.88757 0 0
0 0 828 -0.339224 -0.423138 -3.45609 -1.70694 0 0
0 0 829 1.8048 1.26047 -0.159681 -0.252498 0 0
0 0 830 0.25492 -1.41004 1.02037 4.77444 0 0
0 0 831 0.0671312 1.22902 -0.0374761 1.46453 0 0
0 0 832 0.682636 -1.95713 0.567571 -1.25657 0 0
0 0 833 -0.877179 2.25623 -0.406046 2.03218 0 0
0 0 834 0.544824 -1.4648 0.379832 -1.64019 0 0
0 0 835 -2.61825 1.99003 -1.29868 -1.42025 0 0
0 0 836 -0.0265473 -1.35274 -2.22855 -0.358762 0 0
0 0 837 -0.680452 1.49742 -1.54939 -0.374928 0 0
0 0 838 0.804831 0.395639 -0.280992 -1.5774 0 0
0 0 839 0.73364 -1.45879 -0.0900424 1.25895 0 0
0 0 840 1.93791 0.649461 -3.52021 -0.808944 0 0
0 0 841 2.35228 0.879286 -0.987506 -0.00575997 0 0
0 0 842 3.37775 -0.200931 -2.22819 -3.42903 0 0
0 0 843 4.34447 0.914227 -1.07957 -3.61262 0 0
0 0 844 2.52507 -1.36044 -2.73085 2.11527 0 0
0 0 845 3.14785 1.38209 -3.50082 2.35757 0 0
0 0 846 0.607753 0.320954 1.30342 0.388912 0 0
0 0 847 2.88138 1.08349 -3.78671 0.911923 0 0
0 0 848 2.48258 -2.08344 -1.67935 -1.96755 0 0
0 0 849 0.121612 1.60666 -5.98695 0.400157 -37.489 6.75936
0 0 850 5.12081 -3.4076 -4.97287 -0.32005 -62.2102 6.78147
0 0 851 0.219508 2.35024 -4.4413 1.16331 -31.0566 8.2174
0 0 852 3.39641 -3.86006 -4.06122 1.22143 -66.7726 7.18227
0 0 853 3.75751 1.2546 -3.4004 0.549453 0 0
0 0 854 6.31464 -1.78856 -4.9041 0.420551 -55.0186 7.98823
0 0 855 7.20588 -0.108989 -5.82642 1.01753 -45.5358 7.23568
0 0 856 4.46149 -0.894306 -5.4389 -1.85915 -49.6687 7.63116
0 0 857 6.47072 1.25493 -4.20531 1.72613 0 0
0 0 858 7.41099 -0.175129 -6.20137 -0.168512 -45.8088 6.79639
0 0 859 6.27535 1.40332 -3.77151 1.58029 0 0
0 0 860 7.03139 0.542645 -5.51321 1.17832 -42.1893 7.6047
0 0 861 7.13082 -0.738611 -7.24308 -1.83598 -47.9113 5.78604
0 0 862 6.67672 3.15003 -3.48817 1.11521 0 0
0 0 863 5.16418 -0.812278 -5.96145 -1.63461 -48.8795 6.99649
0 0 864 7.55656 -0.769454 -5.84128 1.18305 -48.7521 7.14547
0 0 865 5.45011 0.754745 -6.40468 0.628244 -41.6396 6.5301
0 0 866 6.72888 0.880302 -3.98053 1.74133 0 0
0 0 867 7.5438 3.58777 -7.40321 -1.3146 -32.072 5.03313
0 0 868 4.34869 4.06946 -4.57555 -1.15522 -24.1752 6.59418
0 0 869 7.12011 1.62305 -6.9924 0.667332 -38.4661 5.84593
0 0 870 6.98277 1.23217 -4.4376 -0.568719 0 0
0 0 871 6.00833 1.24862 -4.34873 -0.21141 0 0
0 0 872 6.44326 1.03817 -6.46339 -4.3543 -40.4375 6.42616
0 0 873 5.57591 0.667648 -7.66237 -0.659245 -42.5101 5.47846
0 0 874 4.71062 0.784219 -6.37113 1.04479 -41.4914 6.55964
0 0 875 4.54397 1.49267 -0.941595 1.35862 0 0
0 0 876 3.55568 1.49606 -7.4945 -1.67722 -39.3555 5.49762
0 0 877 6.13932 1.94135 -5.31946 0.1139 -34.9752 7.3638
0 0 878 8.47551 -1.03932 -4.63309 -2.01347 -51.3218 8.84047
0 0 879 6.36827 -2.19805 -5.80598 1.32218 -55.3679 6.71172
0 0 880 5.37889 0.0193582 -6.82822 1.49672 -44.9188 6.17536
0 0 881 6.5973 0.0798881 -3.45266 0.574905 0 0
0 0 882 4.58251 1.02917 -4.65491 1.01694 -38.7664 8.80616
0 0 883 5.57717 2.64684 -3.9475 -0.139647 -28.0789 8.60966
0 0 884 4.29902 0.146924 -3.62733 -1.39341 0 0
0 0 885 5.90436 0.827789 -2.48754 -0.0473477 0 0
0 0 886 6.48364 -0.323291 -2.08716 -1.2706 0 0
0 0 887 6.79284 -0.0411069 -4.26095 2.30855 0 0
0 0 888 3.45565 -1.61442 -5.99705 0.21418 -52.5335 6.74631
0 0 889 5.78824 1.60648 -4.07162 -2.05006 0 0
0 0 890 7.08433 -0.705763 -3.10633 0.350469 0 0
0 0 891 6.87239 2.25679 -6.43761 -0.307175 -35.3406 6.11736
0 0 892 7.36559 3.37704 -7.26732 -2.09129 -32.5381 5.17333
0 0 893 7.82605 0.943799 -7.09014 1.21083 -41.2088 5.88561
0 0 894 11.9312 1.1341 -7.50056 0.831316 -40.7009 5.54696
0 0 895 6.54383 1.16136 -8.48482 0.190518 -41.103 4.91526
0 0 896 9.01804 -0.829545 -6.92691 -0.0674946 -48.4145 6.03618
0 0 897 7.55486 1.88543 -7.31042 0.432473 -37.769 5.55245
0 0 898 6.30622 0.568998 -9.09214 -3.65332 -43.2095 4.62698
0 0 899 7.1213 -0.681727 -7.45213 0.184268 -47.6135 5.63044
0 0 900 10.8605 0.647881 -10.4364 2.31419 -43.2238 4.03115
0 0 901 11.701 2.31904 -9.65813 -1.36409 -38.2491 4.22348
0 0 902 12.0097 -2.15608 -11.535 -1.91826 -50.2937 3.58192
0 0 903 11.0264 -0.969482 -9.34556 -0.276934 -47.9613 4.48339
0 0 904 12.2827 1.43336 -11.3559 0.657054 -41.403 3.67854
0 0 905 14.1526 -2.03311 -10.1455 0.506224 -50.6659 4.06038
0 0 906 14.147 0.369576 -13.8822 1.02175 -44.2375 3.03619
0 0 907 13.6764 -0.642777 -13.1759 -0.834423 -46.3965 3.1958
0 0 908 13.9517 -4.59158 -14.2972 -0.512835 -53.9023 2.78328
0 0 909 16.1976 -0.81541 -15.3325 -1.31373 -46.5221 2.74556
0 0 910 18.9399 -0.27004 -14.7233 -3.06891 -45.5254 2.86338
0 0 911 18.2263 0.203465 -12.7521 -1.91724 -44.543 3.30616
0 0 912 16.4494 -0.00551224 -13.7285 -1.98213 -45.0115 3.07148
0 0 913 20.3612 0.855955 -14.5281 -2.74876 -43.3141 2.89646
0 0 914 18.9731 -0.0539236 -14.0933 -0.457032 -45.1096 2.99197
0 0 915 16.6121 -3.55387 -11.7916 1.44256 -53.3861 3.39698
0 0 916 21.1663 1.67745 -13.7721 -1.68633 -41.5278 3.03511
0 0 917 18.4135 0.630101 -10.2239 -0.17604 -43.2367 4.11507
0 0 918 19.3995 -0.0576134 -13.1201 0.435115 -45.1258 3.21387
0 0 919 21.4532 -1.21411 -16.9179 -1.47033 -47.0524 2.48485
0 0 920 23.5832 -2.97649 -13.9833 -0.242082 -51.0083 2.9374
0 0 921 25.3061 -1.02757 -12.6796 -2.90042 -47.3166 3.31267
0 0 922 25.3523 -2.84255 -13.6741 1.2575 -50.8716 3.00738
0 0 923 26.7071 -4.33781 -15.2038 -2.38903 -52.962 2.64809
0 0 924 28.7335 -1.12259 -12.0581 -0.972689 -47.6594 3.47912
0 0 925 32.5289 -2.84097 -12.01 -1.69045 -51.6543 3.39963
0 0 926 36.6499 -1.71762 -13.2473 -1.93248 -48.6938 3.15172
0 0 927 40.5382 0.0725174 -13.6104 1.09613 -44.8474 3.0981
0 0 928 41.6324 -3.39761 -8.69053 -2.2839 -55.6766 4.46231
0 0 929 48.0449 -2.4862 -7.90649 -0.416383 -53.7279 5.0444
0 0 930 50.283 -1.57001 -2.65306 0.526138 0 0
0 0 931 56.728 -0.756393 2.37346 -1.53128 0 0
0 0 932 61.7628 0.505289 3.34311 -1.21993 0 0
0 0 933 66.4929 1.77763 11.8814 0.256327 40.7454 3.50268
0 0 934 69.7827 3.38976 15.5933 2.3452 38.8678 2.63122
0 0 935 79.7893 5.43097 19.1374 2.71529 37.0783 2.10477
0 0 936 85.2056 3.38913 25.7493 1.26499 41.2509 1.62099
0 0 937 93.9649 8.85828 29.0808 1.98262 36.5294 1.37595
0 0 938 100.333 10.3807 35.035 0.0412625 36.7479 1.14519
0 0 939 107.37 7.83337 40.1997 2.00905 39.4867 1.02602
0 0 940 110.791 11.8045 41.6649 5.64394 37.0908 0.966899
0 0 941 111.695 16.1417 42.3669 3.40632 34.5716 0.918916
0 0 942 113.861 16.0936 45.2357 3.22787 35.2079 0.868912
0 0 943 115.221 14.5582 41.9391 2.33581 35.4284 0.940184
0 0 944 111.605 15.7382 41.8752 2.11229 34.701 0.931565
0 0 945 109.236 12.0105 37.4538 3.6884 36.1101 1.06263
0 0 946 103.816 11.3166 33.158 2.97576 35.5778 1.19168
0 0 947 99.2755 12.3483 30.8584 0.623753 34.0953 1.2521
0 0 948 94.5178 9.89841 23.784 0.128216 33.702 1.61395
0 0 949 88.1889 8.24049 23.0126 -1.82615 35.1491 1.70655
0 0 950 82.8083 4.90803 18.0934 0.106766 37.4116 2.2347
0 0 951 78.4101 5.5952 14.7323 -0.350991 34.6018 2.64385
0 0 952 71.7209 5.11356 10.6876 0.0624224 32.2154 3.49616
0 0 953 70.1527 4.62755 12.0709 0.328501 34.5125 3.22228
0 0 954 66.9416 4.30033 4.64829 2.0007 23.6134 6.36377
0 0 955 60.8487 1.19592 5.81446 -1.12434 39.1887 7.07624
0 0 956 60.6158 3.24988 5.14031 -2.15765 28.8487 6.74501
0 0 957 55.926 2.2899 4.09578 -0.620437 0 0
0 0 958 56.328 1.48949 -0.171769 -1.42485 0 0
0 0 959 54.6896 -0.166443 2.15196 -0.206366 0 0
0 0 960 50.5332 -0.258083 -0.402663 -0.772127 0 0
0 0 961 45.8724 -2.1661 -1.69805 -2.4445 0 0
0 0 962 46.5122 -0.20682 -3.59659 0.946751 0 0
0 0 963 47.9692 -0.188444 -2.92168 -0.918476 0 0
0 0 964 43.0505 -2.29991 -4.91707 -0.636994 -57.5337 7.63572
0 0 965 44.6641 -2.10661 -0.866431 0.898892 0 0
0 0 966 41.9803 0.712194 -2.16494 -0.498628 0 0
0 0 967 43.0991 0.109068 -3.10892 -2.29888 0 0
0 0 968 37.7321 1.65322 -3.61042 -3.03376 0 0
0 0 969 39.2963 -2.46063 -6.10091 -0.730496 -55.9826 6.32503
0 0 970 35.0352 -4.12358 -5.51713 -2.9023 -63.3875 5.91212
0 0 971 34.4823 -3.56778 -3.08238 -2.86137 -69.5873 8.44841
0 0 972 35.472 -0.539852 -3.34334 -1.80249 0 0
0 0 973 31.5164 -1.60051 -5.0729 -2.87659 -53.7553 7.85929
0 0 974 33.2888 -1.6884 -2.96286 -3.91901 0 0
0 0 975 33.0436 -2.84244 -3.82212 -0.686774 -63.3187 8.55125
0 0 976 31.6326 -2.67482 -3.22575 0.412026 0 0
0 0 977 29.4405 -2.33506 -4.49207 -2.89606 -58.7331 8.16069
0 0 978 27.857 -5.19357 -2.62203 -1.88928 -76.6063 6.68299
0 0 979 27.9201 -6.86403 -1.83502 -1.7727 -82.5163 5.38915
0 0 980 24.7148 -5.85955 -1.54725 -5.86654 -82.6041 6.31705
0 0 981 26.803 -1.46637 -2.7779 -4.56595 0 0
0 0 982 27.7898 -2.10973 -3.98415 -4.72276 0 0
0 0 983 23.5624 -5.54263 -1.92084 -7.32012 -80.4429 6.55755
0 0 984 21.8202 -3.41585 -3.02408 -2.3764 0 0
0 0 985 19.0397 -5.82493 0.107246 -2.27289 89.4726 6.52253
0 0 986 19.5673 -4.20745 -2.20051 -2.33988 -76.1951 8.19924
0 0 987 17.6031 -0.605446 -2.73981 -4.69427 0 0
0 0 988 15.4311 -5.19434 -2.23251 -2.14806 -78.3711 6.84104
0 0 989 17.0892 -4.69193 -0.264586 -2.01369 0 0
0 0 990 17.2021 -3.99297 -1.72161 -2.35436 0 0
0 0 991 16.6758 -1.96829 -2.58184 -4.87232 0 0
0 0 992 15.852 -4.27662 -0.269007 -1.05558 0 0
0 0 993 13.0154 -2.14262 -1.46998 -1.1404 0 0
0 0 994 11.0904 -1.7087 1.22977 -0.371343 0 0
0 0 995 13.2839 -5.4522 -0.395609 -1.88504 -87.925 6.95526
0 0 996 11.6343 -4.38189 -4.02225 -1.11089 -68.7252 6.7179
0 0 997 12.8191 -2.55958 0.725448 -2.49903 0 0
0 0 998 13.019 -4.40833 -1.59163 -2.32708 0 0
0 0 999 11.0757 -2.19637 -2.06771 -1.73196 0 0
0 0 1000 9.03723 -1.19157 0.445785 -1.34214 0 0
0 0 1001 9.59287 -0.0372691 -0.245039 -2.18801 0 0
0 0 1002 9.34999 -4.29368 0.239138 -0.394404 0 0
0 0 1003 8.92186 -3.80828 -2.05879 -0.530243 0 0
0 0 1004 8.42263 -4.39899 0.20752 1.14115 0 0
0 0 1005 8.22101 -3.43481 -0.686209 -2.36807 0 0
0 0 1006 7.21597 -3.41079 0.755185 0.392918 0 0
0 0 1007 6.59179 -1.74658 -1.23291 -2.72872 0 0
0 0 1008 6.62778 -2.32452 -0.57132 -2.3174 0 0
0 0 1009 5.40388 -2.83447 -2.67876 -0.0430292 0 0
0 0 1010 7.91204 -0.368329 1.65036 -0.971804 0 0
0 0 1011 4.89551 -2.77372 -1.65013 -1.06492 0 0
0 0 1012 4.61831 -1.00602 1.68099 0.815735 0 0
0 0 1013 4.4244 -0.821064 2.57515 -0.44894 0 0
0 0 1014 8.46863 -2.74623 0.430449 -0.848987 0 0
0 0 1015 7.07165 0.0762877 -1.20201 0.342456 0 0
0 0 1016 4.70767 -2.32793 -2.62371 -1.77277 0 0
0 0 1017 5.75019 -2.43644 -3.37744 -2.03505 0 0
0 0 1018 6.28201 -0.55234 -1.7895 1.28464 0 0
0 0 1019 4.16402 -1.04235 -1.46021 -0.717408 0 0
0 0 1020 3.81488 1.29794 1.10718 -0.204031 0 0
0 0 1021 4.35235 -1.18734 1.16527 -1.51743 0 0
0 0 1022 4.43782 -1.06455 1.28332 0.768017 0 0
0 0 1023 4.47947 1.74048 1.09947 0.826733 0 0
