# File: uwl_240101_213858_Combined.rf.sbD2.RMC_aux Src: J1713+0747 Nsub: 1 Nch: 1 Npol: 4 Nbin: 1024 RMS: 1.20398
0 0 0 6.84362 -1.74646 -0.888926 -0.147378 0 0
0 0 1 8.94817 -1.26422 -1.52312 0.534907 0 0
0 0 2 7.85221 -2.82091 -0.271127 -0.92866 0 0
0 0 3 5.75862 -1.49281 -0.201023 1.68045 0 0
0 0 4 7.92819 -1.8812 1.65294 0.299233 0 0
0 0 5 6.68874 -2.11888 1.51002 -0.95919 0 0
0 0 6 4.75715 0.91525 -1.29578 -2.08466 0 0
0 0 7 7.06769 0.240032 -1.39286 2.3862 0 0
0 0 8 4.33765 -2.55262 -2.17004 -0.121902 0 0
0 0 9 6.84856 -1.95387 -1.80972 0.637431 0 0
0 0 10 3.01289 -0.0895396 0.139118 2.413 0 0
0 0 11 6.43768 1.58166 0.204163 -1.02474 0 0
0 0 12 5.26115 1.50667 0.140189 -0.021879 0 0
0 0 13 6.32499 -1.31978 1.21912 -0.679123 0 0
0 0 14 4.56467 2.4761 1.56144 -1.09335 0 0
0 0 15 6.2672 -1.95399 -1.39814 -0.113177 0 0
0 0 16 4.21191 -2.28265 1.50845 -0.646632 0 0
0 0 17 4.29973 -1.06888 1.21134 -0.826582 0 0
0 0 18 4.05641 -2.64245 2.56176 0.299368 0 0
0 0 19 4.85235 0.32125 0.743932 -0.438078 0 0
0 0 20 2.51708 2.51651 1.96225 0.265557 0 0
0 0 21 3.87004 -1.67397 -0.238841 -2.06664 0 0
0 0 22 2.77483 0.452241 3.17427 -0.450499 0 0
0 0 23 3.3741 0.0319991 3.64023 -1.30216 0 0
0 0 24 4.14686 -1.06323 0.600713 -0.147782 0 0
0 0 25 3.77119 -0.792843 3.0147 0.816731 0 0
0 0 26 2.40788 -1.05683 1.61799 -0.934808 0 0
0 0 27 6.50128 -0.568508 2.45755 1.56939 0 0
0 0 28 6.00078 -0.307526 1.59179 -1.23348 0 0
0 0 29 3.93095 -2.06358 3.01707 -0.16003 0 0
0 0 30 3.09996 -1.70362 4.3631 2.02197 55.6643 7.32699
0 0 31 4.81376 -1.49104 3.49358 -0.842398 0 0
0 0 32 3.5954 -1.94491 0.886909 0.445121 0 0
0 0 33 5.29268 -1.13251 3.08672 -0.291825 0 0
0 0 34 3.77942 -0.513215 3.88377 1.3127 0 0
0 0 35 5.17724 1.46988 5.1377 -0.512483 37.0172 6.39472
0 0 36 6.66672 -0.601766 3.37908 -3.09684 0 0
0 0 37 3.3587 -3.38886 4.9698 0.184505 62.1448 5.78426
0 0 38 5.00459 -0.819218 4.98221 0.847322 49.6688 6.74259
0 0 39 7.42328 -0.861541 4.67886 -1.02823 50.2166 7.15939
0 0 40 5.81009 -1.49907 4.56088 1.11887 54.0973 7.12966
0 0 41 5.41813 -2.38508 3.81002 -1.47207 61.0233 7.72024
0 0 42 6.98586 -1.83578 4.53586 -0.847284 56.0172 7.01796
0 0 43 5.40349 -2.48149 8.04471 1.94395 53.5715 4.06254
0 0 44 6.58603 -3.68646 3.75681 1.30353 67.2293 6.69378
0 0 45 5.79556 -1.14108 5.86876 -0.365598 50.5015 5.69867
0 0 46 6.35582 0.111868 5.93659 -1.40391 44.4602 5.72221
0 0 47 5.82583 -0.668948 4.59653 -0.486927 49.1402 7.32614
0 0 48 5.95357 -1.0387 5.41882 -0.31162 50.4255 6.17454
0 0 49 5.80484 -2.1196 5.67388 -3.21101 55.2421 5.66192
0 0 50 5.20783 -2.93068 3.77123 -0.40459 63.9257 7.31647
0 0 51 6.40222 -3.18947 7.10018 -1.07411 57.095 4.4209
0 0 52 5.54951 -1.98034 5.95155 -1.81839 54.2022 5.45799
0 0 53 7.19434 -2.42931 2.77195 0.0575049 0 0
0 0 54 6.69982 -2.00004 6.58875 0.99316 53.4429 4.96613
0 0 55 5.20917 -2.97891 3.6552 -2.49674 64.5896 7.42287
0 0 56 5.57708 -1.84923 4.6202 0.621779 55.9068 6.89915
0 0 57 5.41108 -3.44546 4.26902 -0.668251 64.4532 6.37801
0 0 58 5.23936 -4.29797 3.04167 0.110958 72.3565 6.77474
0 0 59 4.23959 -1.14347 5.5852 -1.34714 50.7852 5.9779
0 0 60 4.64859 -4.85535 3.48529 0.812682 72.1642 5.96574
0 0 61 6.54549 -2.15424 3.28687 -0.279039 0 0
0 0 62 5.95268 -2.04362 3.90769 -0.904785 58.8042 7.83056
0 0 63 7.11617 -2.33935 2.29835 -0.190322 0 0
0 0 64 4.32919 -1.49999 2.72345 0.182232 0 0
0 0 65 4.18912 -2.36295 2.35174 -0.547296 0 0
0 0 66 3.1965 -3.027 1.09073 -0.0475341 0 0
0 0 67 2.21166 -0.643888 3.91382 0.555515 0 0
0 0 68 4.79829 -5.45647 1.41229 -0.807146 82.7443 6.44727
0 0 69 4.22372 -0.63425 0.43882 0.232662 0 0
0 0 70 5.1203 -1.0509 0.269867 0.578587 0 0
0 0 71 5.2524 -1.99567 0.749347 -0.114836 0 0
0 0 72 2.20539 -1.11356 0.494033 -0.455035 0 0
0 0 73 3.80367 -3.01627 3.16937 -1.62482 66.7911 8.04382
0 0 74 4.21021 -1.75304 0.0730601 -1.71951 0 0
0 0 75 3.79292 -1.23621 3.61652 0.973482 0 0
0 0 76 1.31279 -0.300454 1.61729 1.73114 0 0
0 0 77 3.10605 -1.58059 1.30928 -0.180293 0 0
0 0 78 3.00813 -0.809945 0.888808 -2.07336 0 0
0 0 79 3.4177 -2.02518 3.00527 -0.938566 0 0
0 0 80 2.2509 -1.80049 2.79178 -1.92193 0 0
0 0 81 4.47644 2.00555 1.60754 -0.01254 0 0
0 0 82 2.76231 -0.453463 1.06461 -0.951124 0 0
0 0 83 1.09709 -2.04665 2.68491 -2.79653 0 0
0 0 84 2.22642 0.550489 0.139183 -1.74835 0 0
0 0 85 0.934736 0.511155 1.53626 -0.75833 0 0
0 0 86 2.21524 -3.77938 -0.900775 0.386748 0 0
0 0 87 2.67281 -1.65163 -0.551584 1.23079 0 0
0 0 88 3.19791 -0.702508 -1.36182 0.197634 0 0
0 0 89 1.45657 2.12253 3.16088 -1.36876 0 0
0 0 90 2.67802 -1.1922 2.2494 -0.117408 0 0
0 0 91 2.67671 -2.69598 1.21301 1.04352 0 0
0 0 92 1.57387 -0.00215644 1.50479 2.45029 0 0
0 0 93 1.37775 -1.08269 2.56736 -1.72659 0 0
0 0 94 -0.645752 -1.23372 1.43075 1.35055 0 0
0 0 95 2.78661 -0.481439 -1.99686 0.0275065 0 0
0 0 96 1.36402 -0.534744 1.60792 -0.414132 0 0
0 0 97 1.0191 0.454675 1.0348 -1.5477 0 0
0 0 98 2.41203 0.573526 2.85212 -0.913978 0 0
0 0 99 1.975 -1.55897 -0.90204 -0.995416 0 0
0 0 100 -0.0269779 -0.0173181 1.54623 -0.137408 0 0
0 0 101 -1.16995 -0.228262 2.18239 -0.0710819 0 0
0 0 102 1.97228 0.356015 1.69573 -0.758517 0 0
0 0 103 3.56672 1.153 0.708922 -0.663532 0 0
0 0 104 0.892306 1.4729 1.31618 1.32689 0 0
0 0 105 -1.71528 0.462773 -0.620899 0.880796 0 0
0 0 106 0.117085 0.786694 1.76408 1.1575 0 0
0 0 107 0.532706 1.52238 1.37643 1.02651 0 0
0 0 108 0.930335 -0.939309 2.33993 0.307521 0 0
0 0 109 -1.03083 -2.79464 2.50135 -0.747688 0 0
0 0 110 -0.440595 -0.501546 -1.51238 -0.955219 0 0
0 0 111 1.59258 -1.89582 -1.69165 2.11085 0 0
0 0 112 -0.117063 1.17903 1.04749 0.312938 0 0
0 0 113 0.341418 -1.54481 0.541708 -2.0926 0 0
0 0 114 1.59558 1.72362 -0.754786 -0.837574 0 0
0 0 115 -0.497478 -1.42503 -0.242177 -1.52587 0 0
0 0 116 0.182056 0.605012 1.68337 -1.90837 0 0
0 0 117 -0.32034 -1.97278 0.993268 -1.10833 0 0
0 0 118 -1.45385 0.0298437 -0.322255 -2.64368 0 0
0 0 119 -1.58332 -1.09639 2.13227 -2.79914 0 0
0 0 120 0.66522 -0.380806 -0.0921869 -1.0135 0 0
0 0 121 -0.499664 -0.662108 0.783363 -0.358881 0 0
0 0 122 -1.57783 1.416 1.14077 0.468717 0 0
0 0 123 1.73339 -0.14766 1.47608 1.0803 0 0
0 0 124 -0.523105 0.214355 -0.0612291 -0.95708 0 0
0 0 125 0.680786 0.338371 -1.54342 0.530171 0 0
0 0 126 2.17942 -0.511953 0.890496 0.751027 0 0
0 0 127 2.4429 -0.489593 0.149195 0.926833 0 0
0 0 128 1.74621 0.740879 0.774753 0.418042 0 0
0 0 129 -0.564098 0.0916467 -2.01583 0.236119 0 0
0 0 130 -1.22992 -2.02644 -2.19901 0.362293 0 0
0 0 131 0.664 -1.14953 2.4026 -0.556254 0 0
0 0 132 -0.99656 1.54127 1.06187 0.111627 0 0
0 0 133 0.986708 1.71626 0.550606 1.08577 0 0
0 0 134 1.32959 1.77169 -0.275624 -0.44135 0 0
0 0 135 1.06693 0.0623811 1.90092 1.24539 0 0
0 0 136 1.39934 0.471799 -0.597447 0.335304 0 0
0 0 137 1.68332 1.30061 2.29162 0.26311 0 0
0 0 138 0.672189 0.288475 -0.414012 -0.213372 0 0
0 0 139 2.28626 -1.04036 1.34714 0.845136 0 0
0 0 140 -2.14335 -0.645978 -1.5349 1.1337 0 0
0 0 141 0.116318 -0.0620375 0.254077 3.05176 0 0
0 0 142 2.3705 0.192286 -1.42104 1.91746 0 0
0 0 143 0.735909 0.625109 0.650537 -0.182708 0 0
0 0 144 0.195116 -0.373263 0.436869 0.883421 0 0
0 0 145 1.53571 -0.446957 0.131183 0.603135 0 0
0 0 146 2.24352 -0.8418 1.80383 0.543932 0 0
0 0 147 2.51578 -0.0939897 0.338139 -1.15738 0 0
0 0 148 3.30141 0.154628 0.514006 0.0449182 0 0
0 0 149 2.52847 1.36556 0.782432 1.24332 0 0
0 0 150 2.11009 -1.2767 0.876596 -0.550426 0 0
0 0 151 1.96054 0.639467 1.27829 -1.26134 0 0
0 0 152 3.35448 3.52016 0.881604 0.465986 0 0
0 0 153 2.74803 -0.386909 0.956476 -0.153335 0 0
0 0 154 2.2517 -0.623194 -0.404099 -0.510422 0 0
0 0 155 1.10941 -1.38308 3.95231 0.733038 54.6435 8.1816
0 0 156 2.68673 0.953816 -0.487426 0.661073 0 0
0 0 157 1.40902 -0.177706 1.01632 -4.65002 0 0
0 0 158 3.17977 -1.48473 -0.886377 1.95063 0 0
0 0 159 3.96201 -0.909088 0.3781 -0.60841 0 0
0 0 160 2.41194 1.21875 -1.0674 -0.729429 0 0
0 0 161 3.90215 2.53103 0.382769 -0.868604 0 0
0 0 162 0.527233 -1.10975 1.71297 -2.54008 0 0
0 0 163 1.02541 0.376553 -0.680874 -0.272464 0 0
0 0 164 0.204984 2.10823 0.205837 -0.0748724 0 0
0 0 165 3.29706 -0.705208 -1.28011 1.04868 0 0
0 0 166 1.51111 -1.10273 0.991761 0.371586 0 0
0 0 167 -0.111946 0.926672 0.603807 -1.34687 0 0
0 0 168 3.46425 -0.127039 0.987839 -2.94233 0 0
0 0 169 1.16569 -0.407166 1.4185 -0.321717 0 0
0 0 170 2.14574 -0.9534 2.36715 2.03628 0 0
0 0 171 2.49377 0.626275 0.398437 0.513753 0 0
0 0 172 0.281102 -0.373182 1.07141 -0.388117 0 0
0 0 173 1.56417 -0.500623 -1.42581 1.46161 0 0
0 0 174 1.88392 1.85052 -0.130162 0.350184 0 0
0 0 175 1.06787 -0.759446 0.196238 -1.36994 0 0
0 0 176 1.42226 -0.267115 -0.0685177 -1.8179 0 0
0 0 177 0.526353 -0.621454 -0.158947 0.0191642 0 0
0 0 178 0.582119 1.21989 0.0504144 -1.24008 0 0
0 0 179 1.93637 -0.97616 1.72971 3.56047 0 0
0 0 180 2.24645 -1.67846 -1.40149 1.49778 0 0
0 0 181 0.198928 -0.848964 1.68787 0.523733 0 0
0 0 182 1.29039 1.94346 0.222784 -0.774322 0 0
0 0 183 -0.960458 -2.14489 -0.558853 -1.95291 0 0
0 0 184 1.56846 -0.190353 -0.559826 1.90712 0 0
0 0 185 1.50572 -1.00027 0.759962 -0.554357 0 0
0 0 186 1.87969 1.01307 0.411416 0.947152 0 0
0 0 187 1.63782 1.48927 0.640724 -0.790805 0 0
0 0 188 2.79051 -1.12385 2.83986 0.76475 0 0
0 0 189 3.16197 -0.726175 -0.143489 -1.41625 0 0
0 0 190 1.84396 -1.86168 0.835131 1.32728 0 0
0 0 191 -0.384398 0.820306 -1.06993 1.05125 0 0
0 0 192 0.310767 -1.72925 0.589575 -0.853974 0 0
0 0 193 -1.50355 1.3744 -1.1427 -1.34537 0 0
0 0 194 1.73942 0.148523 0.123913 -1.10841 0 0
0 0 195 0.458627 0.716759 -0.0615107 1.41272 0 0
0 0 196 0.481405 -0.83938 0.697762 0.0160139 0 0
0 0 197 -0.268134 0.52089 1.87575 2.23899 0 0
0 0 198 0.82844 -0.88948 0.869622 1.88887 0 0
0 0 199 2.19637 0.0877073 -0.250439 -1.46829 0 0
0 0 200 -1.83067 -2.99418 -0.252327 -0.993723 0 0
0 0 201 -0.883414 -0.00654349 1.25347 0.753838 0 0
0 0 202 0.242195 1.11438 -1.59362 1.34467 0 0
0 0 203 1.00997 0.490208 0.340522 0.400395 0 0
0 0 204 0.0854681 -0.161544 0.0520014 -0.340811 0 0
0 0 205 -1.14971 1.73036 1.48999 -0.862433 0 0
0 0 206 -0.729416 1.33859 1.49535 1.06451 0 0
0 0 207 -1.60042 -0.221945 0.831094 -1.19599 0 0
0 0 208 -0.323777 -1.18051 1.54891 -0.0291178 0 0
0 0 209 1.38463 -0.191941 0.566193 -2.21711 0 0
0 0 210 -0.176289 -1.25646 1.48364 0.161521 0 0
0 0 211 -0.220335 -0.545145 -0.640551 0.729936 0 0
0 0 212 2.23908 0.550511 0.228521 0.670626 0 0
0 0 213 -0.293861 0.64336 -0.146989 -1.71152 0 0
0 0 214 0.443342 -0.173614 -2.61575 0.264102 0 0
0 0 215 0.802995 0.527848 -1.94037 -0.0204396 0 0
0 0 216 2.36195 0.845164 0.495587 -0.409286 0 0
0 0 217 0.35917 1.97056 -0.21689 -1.24021 0 0
0 0 218 1.53024 -2.16548 -1.8162 -0.708289 0 0
0 0 219 -0.240053 0.290337 -0.140785 -2.46488 0 0
0 0 220 -0.189502 0.745502 0.637469 -0.304115 0 0
0 0 221 3.84407 0.355161 0.796652 0.331129 0 0
0 0 222 2.76967 1.62709 -0.495966 -1.63917 0 0
0 0 223 0.578149 4.35608 0.497467 -0.319548 3.25749 8.3159
0 0 224 1.86323 -0.222747 0.816377 -0.367661 0 0
0 0 225 1.34618 -0.59412 -0.908023 -0.450327 0 0
0 0 226 1.49106 1.50254 0.88549 -1.05883 0 0
0 0 227 -0.253732 -2.52638 -1.81449 2.06027 0 0
0 0 228 2.27602 1.33178 -1.9852 -1.24366 0 0
0 0 229 3.48744 2.58496 0.345031 1.05048 0 0
0 0 230 0.26672 1.09609 1.60982 -0.0862248 0 0
0 0 231 1.78842 1.95253 -0.988093 -0.0289295 0 0
0 0 232 1.57052 -0.085784 -2.03389 -1.67075 0 0
0 0 233 -0.0141857 -1.46556 -0.400289 0.288479 0 0
0 0 234 0.548459 2.66037 -0.131115 1.00466 0 0
0 0 235 0.889338 -0.149886 -0.489548 3.22369 0 0
0 0 236 -0.465144 0.353568 -0.677369 1.69411 0 0
0 0 237 0.108964 -0.190648 1.78927 1.30395 0 0
0 0 238 1.21699 0.771799 0.0693374 0.107548 0 0
0 0 239 1.466 0.0371294 -0.119098 -1.38365 0 0
0 0 240 0.847331 -1.32197 -1.12533 -1.39997 0 0
0 0 241 -1.16543 -0.846872 1.33942 -0.849337 0 0
0 0 242 0.851113 -0.249998 -0.2741 -1.65719 0 0
0 0 243 0.582179 -0.416559 0.376626 -0.105563 0 0
0 0 244 0.125954 -0.352211 1.2168 0.517011 0 0
0 0 245 -0.154995 -0.167044 1.04668 -0.134098 0 0
0 0 246 0.340942 1.754 2.46577 -1.66144 0 0
0 0 247 0.349247 1.76441 0.809394 -0.390354 0 0
0 0 248 0.44825 -0.61378 -0.457021 -0.825842 0 0
0 0 249 1.41495 2.9153 -0.0335227 -0.661885 0 0
0 0 250 0.751286 1.34139 -0.281804 0.146861 0 0
0 0 251 0.187186 -2.34025 -0.0950331 1.15392 0 0
0 0 252 -0.549094 1.31202 2.17737 -0.328619 0 0
0 0 253 0.166349 -0.390124 3.52255 0.551088 0 0
0 0 254 -0.356656 -0.745967 -0.455565 0.882924 0 0
0 0 255 -0.346211 0.111594 0.456457 0.839543 0 0
0 0 256 1.12955 2.69722 -0.586812 2.11438 0 0
0 0 257 0.226797 -0.747663 -0.545144 -0.537073 0 0
0 0 258 -0.10595 0.226401 0.980126 -2.04387 0 0
0 0 259 -1.00831 -3.5171 1.88001 -2.29606 0 0
0 0 260 2.0621 0.237612 -1.12172 -2.10484 0 0
0 0 261 1.56901 1.93965 0.406125 -0.650835 0 0
0 0 262 -1.57563 -1.68687 -2.09274 0.428066 0 0
0 0 263 2.14221 0.787378 1.31384 -0.768822 0 0
0 0 264 -1.25464 0.566649 -2.12629 0.700012 0 0
0 0 265 -2.13374 0.0696018 -2.01491 -0.920486 0 0
0 0 266 1.63479 -0.596942 -0.62156 -0.539661 0 0
0 0 267 -1.27043 0.924956 -1.76989 0.303369 0 0
0 0 268 0.954573 -1.05391 1.75385 -0.238543 0 0
0 0 269 1.3604 -1.0641 0.388011 -2.63905 0 0
0 0 270 1.19605 0.580354 1.04197 -0.321754 0 0
0 0 271 1.1392 -0.157045 1.60577 -0.0144983 0 0
0 0 272 0.688742 1.47143 1.12679 -1.27482 0 0
0 0 273 0.522533 -1.44755 2.12819 -1.45941 0 0
0 0 274 -1.94757 -2.41047 1.16736 -0.232686 0 0
0 0 275 3.12312 -0.0626957 1.74029 -0.657991 0 0
0 0 276 1.86722 -0.923906 0.0829181 0.963702 0 0
0 0 277 0.810859 -0.559004 -0.432721 -0.59422 0 0
0 0 278 -0.209492 -2.18838 0.770578 0.2003 0 0
0 0 279 0.116485 -1.46459 2.09008 0.299097 0 0
0 0 280 0.135051 -0.722041 0.295445 1.48196 0 0
0 0 281 0.252027 -1.33253 1.87239 -0.436726 0 0
0 0 282 0.120646 -0.29719 -0.883466 -1.75899 0 0
0 0 283 -0.296676 -0.0641618 1.04447 0.231091 0 0
0 0 284 0.743579 1.77251 0.206868 -0.299221 0 0
0 0 285 -1.18835 1.63386 2.66576 0.894089 0 0
0 0 286 -0.273113 1.28392 0.826996 -0.972702 0 0
0 0 287 -0.420805 0.616937 -0.623418 1.3646 0 0
0 0 288 1.65339 -0.837474 1.20259 -0.352359 0 0
0 0 289 0.0705209 0.455187 2.83011 1.04668 0 0
0 0 290 -0.293867 -1.04234 0.738298 1.25752 0 0
0 0 291 -1.28324 1.1072 -0.324088 -0.305058 0 0
0 0 292 1.37734 0.763524 1.10746 1.61741 0 0
0 0 293 -0.268796 -0.150473 1.18147 0.0611153 0 0
0 0 294 -1.50879 0.0837801 1.885 1.18103 0 0
0 0 295 1.85624 1.75948 1.73783 -1.22245 0 0
0 0 296 3.07328 0.832341 -1.24591 -0.0786919 0 0
0 0 297 0.396189 -1.09692 0.29376 0.34249 0 0
0 0 298 0.514387 -0.842843 -0.845759 -0.675514 0 0
0 0 299 2.05892 -0.350058 0.800292 0.610117 0 0
0 0 300 1.6374 -1.20425 -0.393291 -0.21657 0 0
0 0 301 -1.65319 -0.780737 0.0209434 1.22836 0 0
0 0 302 1.09749 2.23814 0.798015 -0.284931 0 0
0 0 303 0.855826 -1.21991 -0.130933 -3.07633 0 0
0 0 304 0.225351 0.904295 -0.224428 0.866133 0 0
0 0 305 -0.0709183 -2.66907 1.17619 0.334857 0 0
0 0 306 2.13903 -2.95255 -0.319585 0.158064 0 0
0 0 307 -0.241935 3.08862 0.586613 1.50871 0 0
0 0 308 -1.56588 0.0814586 -1.63769 0.615616 0 0
0 0 309 1.14874 -1.26258 1.00379 -0.269967 0 0
0 0 310 1.77144 2.04832 -0.453199 -0.268818 0 0
0 0 311 -0.222072 2.0499 0.423588 -0.438703 0 0
0 0 312 -1.7002 1.33388 0.180266 -0.552783 0 0
0 0 313 0.380941 0.107452 -0.821595 1.40427 0 0
0 0 314 -0.472222 -0.540801 -1.37377 -0.631318 0 0
0 0 315 1.76226 0.690137 1.54954 -2.37242 0 0
0 0 316 1.27365 0.663442 -0.76327 -2.46076 0 0
0 0 317 -0.742153 0.541217 0.808168 -0.0746015 0 0
0 0 318 -1.55942 2.38069 -1.14142 1.53142 0 0
0 0 319 1.21672 -0.19653 2.17628 1.25802 0 0
0 0 320 -0.108263 1.14579 0.491919 0.583503 0 0
0 0 321 0.848339 -0.542303 -0.0261071 -0.892566 0 0
0 0 322 1.02044 0.366969 -0.867809 0.57161 0 0
0 0 323 2.13235 0.990295 -1.49131 -0.235192 0 0
0 0 324 1.18592 -0.872771 -1.17148 0.482721 0 0
0 0 325 1.04775 3.10073 -1.37851 0.105581 0 0
0 0 326 3.40399 -0.473114 1.80957 -0.340335 0 0
0 0 327 0.501195 0.373696 -0.125718 2.44665 0 0
0 0 328 1.32332 0.439334 1.44274 1.18836 0 0
0 0 329 -2.35225 0.167564 -0.206552 -2.61196 0 0
0 0 330 -2.21687 3.08169 0.204378 -0.00438514 0 0
0 0 331 4.60897 0.261347 2.76526 -0.806904 0 0
0 0 332 1.67841 0.974917 0.663477 -1.43309 0 0
0 0 333 0.518123 -0.818953 -0.672751 1.49451 0 0
0 0 334 0.0761875 0.832123 -2.3017 -0.465965 0 0
0 0 335 0.376712 0.298124 2.64234 -0.115103 0 0
0 0 336 -0.625183 1.48064 -0.0387685 -2.69126 0 0
0 0 337 1.47941 1.06525 1.48944 -0.919431 0 0
0 0 338 -0.415174 0.175211 -1.15763 1.00733 0 0
0 0 339 -1.50492 -0.797395 0.589896 2.00284 0 0
0 0 340 0.776111 -1.28524 1.72597 0.933431 0 0
0 0 341 -0.751165 -0.693581 -0.547692 1.51412 0 0
0 0 342 0.560951 0.100951 1.92932 1.49435 0 0
0 0 343 -0.0639485 1.07009 0.276919 -0.488422 0 0
0 0 344 -2.42751 -1.70373 -1.06013 -1.26178 0 0
0 0 345 -0.0102795 0.790039 -0.157051 0.513833 0 0
0 0 346 -1.7982 -0.400333 -0.28231 -0.857063 0 0
0 0 347 1.06134 -0.159853 0.400224 1.77433 0 0
0 0 348 0.787275 0.394912 -0.757964 1.18134 0 0
0 0 349 1.15722 1.83111 -0.203782 -1.9978 0 0
0 0 350 0.471215 1.14603 2.62965 0.398188 0 0
0 0 351 -0.592065 -2.41588 1.6298 -2.06014 0 0
0 0 352 0.345574 -0.519228 0.392937 -0.499755 0 0
0 0 353 -2.33472 -0.469548 -0.662343 0.530555 0 0
0 0 354 -0.448323 -2.46182 1.56117 0.461983 0 0
0 0 355 0.100575 2.09006 0.292572 -0.0141969 0 0
0 0 356 1.74282 -0.7052 1.21618 -0.846754 0 0
0 0 357 0.0605584 -0.883871 0.143742 -3.26353 0 0
0 0 358 0.00844009 -0.411525 -1.10441 -2.77667 0 0
0 0 359 -0.649799 0.683082 -0.611588 -0.24656 0 0
0 0 360 -1.27942 -2.14136 -0.499723 1.76691 0 0
0 0 361 0.501111 -0.253667 2.46756 -0.141545 0 0
0 0 362 -0.0827983 -0.136899 -0.795699 -0.615563 0 0
0 0 363 0.22769 -0.830596 -0.627158 -2.52496 0 0
0 0 364 1.21438 -0.801984 0.994416 -1.77 0 0
0 0 365 0.40345 0.501604 -0.628026 0.933981 0 0
0 0 366 -0.151175 -0.992637 0.49877 -0.214015 0 0
0 0 367 -0.255333 -0.650708 0.37809 -1.65678 0 0
0 0 368 1.37742 -1.04366 -0.639427 1.82573 0 0
0 0 369 0.5168 -0.823563 -1.20391 -0.44591 0 0
0 0 370 -0.707938 0.750482 0.655992 0.350138 0 0
0 0 371 -0.245935 -0.0884412 -0.439095 0.375512 0 0
0 0 372 0.0767046 -0.720478 0.99597 -0.133087 0 0
0 0 373 0.401612 1.2383 1.0966 -0.751356 0 0
0 0 374 1.86225 -1.10973 2.23322 3.03334 0 0
0 0 375 -1.27707 -0.165591 -0.752492 0.813431 0 0
0 0 376 -0.728201 0.781186 -2.95961 -0.355788 0 0
0 0 377 -1.77597 -1.06412 0.108985 1.17355 0 0
0 0 378 1.39643 -1.04746 0.0971829 1.6789 0 0
0 0 379 -0.168171 -1.91764 -0.18743 -1.67069 0 0
0 0 380 1.75606 -1.71442 0.0729497 0.14301 0 0
0 0 381 1.47182 0.211545 -0.567339 -1.06113 0 0
0 0 382 -0.425009 2.18429 0.0561207 1.92462 0 0
0 0 383 1.01029 -0.738788 0.454691 -1.81859 0 0
0 0 384 0.487888 -1.10853 -0.00793263 -0.8876 0 0
0 0 385 1.1757 1.74337 -0.10493 1.17511 0 0
0 0 386 0.0809141 -0.474872 1.23636 -0.0797624 0 0
0 0 387 1.76184 0.437901 1.10176 -2.04998 0 0
0 0 388 0.490617 -2.00441 0.527263 2.20025 0 0
0 0 389 -0.776343 -0.978564 1.08435 0.650695 0 0
0 0 390 -0.635856 -0.32252 0.916102 -0.55127 0 0
0 0 391 0.119631 0.0156685 1.94373 2.3895 0 0
0 0 392 0.870214 0.536426 2.20068 -1.04643 0 0
0 0 393 1.57922 0.873785 -1.07997 0.119297 0 0
0 0 394 -0.157414 -1.79938 0.173722 0.386092 0 0
0 0 395 0.660945 1.4277 0.722351 1.49543 0 0
0 0 396 -0.603465 0.654883 0.272588 -0.0354714 0 0
0 0 397 1.77099 -0.295977 -0.00699611 2.23196 0 0
0 0 398 1.54514 0.232549 -0.29977 0.251783 0 0
0 0 399 -2.31743 -0.268862 1.61252 -0.0210626 0 0
0 0 400 0.526073 -0.380991 0.84655 -1.43821 0 0
0 0 401 0.337229 -0.113389 -1.3173 -0.649989 0 0
0 0 402 0.0903226 0.387637 0.625923 -3.00887 0 0
0 0 403 2.29409 -0.333604 -1.08676 0.795353 0 0
0 0 404 -1.22977 0.481722 -0.963071 1.42226 0 0
0 0 405 -0.0533785 1.5812 -1.00904 -0.0638566 0 0
0 0 406 1.30443 -1.50901 0.566667 1.07072 0 0
0 0 407 1.50189 -2.54565 -1.42896 -2.45509 0 0
0 0 408 1.7476 0.430699 -1.03507 1.37069 0 0
0 0 409 1.54199 -0.0807964 -0.918919 -1.08697 0 0
0 0 410 2.80084 -0.391336 1.5244 0.83795 0 0
0 0 411 0.0919324 -1.09272 1.16853 0.520868 0 0
0 0 412 0.0867777 -1.24156 -0.444487 -0.390287 0 0
0 0 413 0.333121 -0.746535 1.26575 0.412802 0 0
0 0 414 -2.0271 1.41311 -1.28235 1.20053 0 0
0 0 415 -1.06236 1.26535 -0.259591 1.88345 0 0
0 0 416 -0.552888 2.43633 1.03168 0.801922 0 0
0 0 417 0.162906 0.555707 -0.78202 0.56288 0 0
0 0 418 -0.220478 -1.82545 -0.96721 0.600853 0 0
0 0 419 1.49063 2.27685 0.0660252 0.022414 0 0
0 0 420 0.576492 -0.335539 -0.182844 0.51364 0 0
0 0 421 -1.45838 -0.230399 0.368324 -2.72592 0 0
0 0 422 -0.915411 -1.10954 2.61227 1.33648 0 0
0 0 423 1.47457 1.67032 0.0952324 -1.05129 0 0
0 0 424 -1.54236 -0.538448 0.134723 0.939624 0 0
0 0 425 -0.804077 0.686814 1.8813 -1.89701 0 0
0 0 426 -0.868274 -1.16787 -0.485479 0.0428015 0 0
0 0 427 -1.68631 -2.00075 2.64466 -1.48501 0 0
0 0 428 -0.847625 0.234161 -0.875381 2.92007 0 0
0 0 429 -1.19216 -2.80075 0.554974 -0.408798 0 0
0 0 430 1.0525 -0.785084 0.931468 -1.33906 0 0
0 0 431 2.36694 -2.75102 0.829814 -1.14508 0 0
0 0 432 1.26897 -1.39104 -0.583027 -0.099003 0 0
0 0 433 0.412839 1.0073 0.0995278 1.31484 0 0
0 0 434 0.922746 -0.0227115 0.320396 -1.56515 0 0
0 0 435 2.04189 -2.64543 0.164629 2.40545 0 0
0 0 436 0.0473363 0.94014 0.0328371 0.399566 0 0
0 0 437 0.325583 -0.995065 -1.23429 -0.38333 0 0
0 0 438 1.85826 0.440705 0.996201 1.09713 0 0
0 0 439 -0.892739 -0.940479 -0.442392 -0.058075 0 0
0 0 440 -0.297345 -1.439 -0.698709 1.09563 0 0
0 0 441 -0.866852 2.2391 -0.986095 -0.237356 0 0
0 0 442 0.586347 0.188453 0.226339 -2.87804 0 0
0 0 443 0.0404574 -1.37601 -2.07008 0.113164 0 0
0 0 444 -0.0556486 -0.128355 -1.12185 1.90163 0 0
0 0 445 2.69012 0.16747 0.452853 -0.170007 0 0
0 0 446 0.103326 -0.396211 -0.781153 -1.95356 0 0
0 0 447 0.689869 1.55854 1.53607 0.205627 0 0
0 0 448 0.406368 0.768286 1.98052 -1.11762 0 0
0 0 449 0.331551 -0.660508 -0.419095 0.388825 0 0
0 0 450 -0.563625 -0.959073 -1.10151 0.243598 0 0
0 0 451 1.70571 0.267898 2.14956 0.747477 0 0
0 0 452 1.11766 -0.132745 0.694453 0.775622 0 0
0 0 453 -1.65362 -0.422487 -1.35728 1.18722 0 0
0 0 454 0.484445 -0.552167 2.63315 0.91205 0 0
0 0 455 -2.55373 -2.42047 0.604731 -1.4489 0 0
0 0 456 0.827805 -1.63757 0.794886 0.315608 0 0
0 0 457 1.61687 2.02078 -0.300928 0.730805 0 0
0 0 458 -1.02412 -0.736141 -2.85572 -1.45004 0 0
0 0 459 0.370334 -2.45062 -0.118543 -0.904942 0 0
0 0 460 -0.640992 -2.04588 0.782506 1.37991 0 0
0 0 461 1.23883 -0.296085 -2.20063 0.251294 0 0
0 0 462 0.647637 1.24691 1.19771 0.410437 0 0
0 0 463 -1.30937 2.8702 -1.20517 0.353811 0 0
0 0 464 2.12456 0.820969 0.709244 -0.811638 0 0
0 0 465 1.56957 0.891545 -0.653447 -1.55967 0 0
0 0 466 2.68097 1.21087 0.00107827 -1.4607 0 0
0 0 467 0.456536 1.30274 -0.140858 0.857253 0 0
0 0 468 1.98639 0.586808 0.530615 1.20862 0 0
0 0 469 0.487055 2.22316 -0.13462 0.119401 0 0
0 0 470 0.694958 0.494735 0.610905 -2.04077 0 0
0 0 471 -0.631977 -0.282367 -1.24548 -0.459738 0 0
0 0 472 2.22925 -0.438325 -0.0163303 1.05594 0 0
0 0 473 0.550142 2.25404 0.78516 -1.32317 0 0
0 0 474 0.909455 -2.23321 0.103447 -2.40149 0 0
0 0 475 1.50256 -2.38134 1.76645 -1.24243 0 0
0 0 476 0.20331 0.258358 -1.37155 0.628856 0 0
0 0 477 1.04308 1.97978 0.592083 2.35031 0 0
0 0 478 -0.723179 0.113087 -0.0784319 -1.09305 0 0
0 0 479 -1.37336 -1.67851 1.21049 1.94928 0 0
0 0 480 0.757636 -0.276451 -0.400313 -1.34582 0 0
0 0 481 1.58219 1.07303 0.823417 1.17892 0 0
0 0 482 0.836977 1.2402 0.133858 2.38184 0 0
0 0 483 1.4772 -0.00589418 -0.990803 1.14433 0 0
0 0 484 0.265133 0.0962275 -1.63742 -0.370547 0 0
0 0 485 0.0307963 -2.06693 -2.05814 0.125404 0 0
0 0 486 0.884321 -0.228122 -0.187136 0.882533 0 0
0 0 487 1.30092 0.362355 0.15933 -0.415452 0 0
0 0 488 0.270304 -2.16564 0.870545 -1.55071 0 0
0 0 489 -0.769788 2.68891 0.981899 -2.28126 0 0
0 0 490 0.241465 -0.218733 -0.387899 -0.759669 0 0
0 0 491 -1.75179 0.516807 0.780333 0.313766 0 0
0 0 492 -1.05512 0.0567826 -0.960439 -2.82044 0 0
0 0 493 -1.19249 0.515004 0.682163 -0.432481 0 0
0 0 494 2.23098 -0.503914 0.553368 1.47566 0 0
0 0 495 0.166329 -1.37865 -0.574621 0.934994 0 0
0 0 496 0.502297 -1.40579 1.5009 -1.30425 0 0
0 0 497 1.26777 -0.216336 1.46179 -0.7266 0 0
0 0 498 -1.09318 -0.555166 -1.23369 0.412969 0 0
0 0 499 1.58551 -0.129585 2.65853 -0.869416 0 0
0 0 500 -1.57868 0.196848 1.12889 -1.45066 0 0
0 0 501 1.52042 -1.10345 0.261182 1.22714 0 0
0 0 502 1.44425 -1.8514 -1.56274 -0.135543 0 0
0 0 503 0.164313 0.497668 1.12503 0.482563 0 0
0 0 504 -0.234187 1.53937 1.73941 0.680983 0 0
0 0 505 0.148467 1.96896 -0.0136572 1.46348 0 0
0 0 506 1.41454 -0.475844 -2.50251 0.27791 0 0
0 0 507 -0.273226 2.87777 0.532175 -0.928168 0 0
0 0 508 -0.875149 1.23531 2.01485 1.45406 0 0
0 0 509 0.221279 1.18867 -1.71524 -0.696165 0 0
0 0 510 0.288722 1.49672 1.9897 1.13764 0 0
0 0 511 -0.524563 0.427185 0.124825 1.18693 0 0
0 0 512 1.91226 3.06985 -0.0406447 -1.55391 0 0
0 0 513 -0.221859 2.75019 0.188458 -0.376392 0 0
0 0 514 1.50795 1.29497 0.905102 -0.567554 0 0
0 0 515 0.0242636 -0.408816 0.337509 1.54887 0 0
0 0 516 0.769084 -0.464105 1.00014 1.87135 0 0
0 0 517 0.472901 0.326139 0.200225 2.17478 0 0
0 0 518 0.108428 -1.69937 0.440605 -0.518507 0 0
0 0 519 0.574274 2.87827 1.99067 -0.741731 0 0
0 0 520 2.7556 1.894 0.00794831 -0.423147 0 0
0 0 521 0.380259 -2.71676 1.90815 1.46999 0 0
0 0 522 0.0910376 1.68734 1.37521 -1.24979 0 0
0 0 523 0.426534 -1.48432 -1.49162 0.248253 0 0
0 0 524 0.573499 -2.4624 1.31608 -0.297274 0 0
0 0 525 -1.58977 0.434048 -1.48514 0.230411 0 0
0 0 526 2.36155 1.55544 0.462944 0.499511 0 0
0 0 527 -0.186067 0.504333 1.24764 1.76321 0 0
0 0 528 -1.41949 -0.592279 2.29879 1.0505 0 0
0 0 529 0.73679 -1.12637 0.288693 0.649206 0 0
0 0 530 0.15076 0.732413 0.512091 -0.0466337 0 0
0 0 531 -1.13674 1.3749 -0.160029 -1.14457 0 0
0 0 532 0.866148 -0.907306 -1.24799 1.32192 0 0
0 0 533 -2.16214 -0.0405203 3.46353 0.994348 0 0
0 0 534 -2.42634 -1.45159 0.539984 2.80863 0 0
0 0 535 -0.352293 1.07377 0.787371 -0.529323 0 0
0 0 536 1.78769 -0.40992 0.974593 1.69429 0 0
0 0 537 -1.00136 -0.314838 -0.516652 -0.0980087 0 0
0 0 538 -1.24531 1.86377 -0.240406 0.813553 0 0
0 0 539 1.53951 0.202953 1.32117 2.60195 0 0
0 0 540 -2.76639 -1.45358 -2.70477 -0.612184 0 0
0 0 541 -0.572943 0.996581 0.472344 2.45927 0 0
0 0 542 -0.490796 -0.493364 -1.47534 2.35327 0 0
0 0 543 -0.117677 0.672035 0.201539 -2.38842 0 0
0 0 544 -0.174919 -3.68841 -1.61202 0.381237 0 0
0 0 545 1.77619 0.793106 0.213366 0.994261 0 0
0 0 546 0.135982 -1.43463 -0.341199 -1.92564 0 0
0 0 547 -2.03872 -1.24152 2.28249 -0.91515 0 0
0 0 548 1.05254 -0.397377 -1.17054 1.04763 0 0
0 0 549 0.0503436 -0.0893686 1.31131 0.261385 0 0
0 0 550 0.935337 -1.60652 2.21627 0.878253 0 0
0 0 551 1.99857 -0.104238 0.363577 0.504734 0 0
0 0 552 1.22143 -0.00409567 -0.924952 0.972816 0 0
0 0 553 -0.241572 0.67292 2.30591 0.375822 0 0
0 0 554 0.0441365 1.45989 0.16866 -1.74021 0 0
0 0 555 0.657193 0.165506 2.11593 0.782421 0 0
0 0 556 0.159404 2.5812 -0.859779 -0.0641807 0 0
0 0 557 0.182735 -0.713612 0.439157 -1.17508 0 0
0 0 558 1.90225 -1.73998 1.61261 0.268959 0 0
0 0 559 1.93909 0.967563 0.406898 -0.0110747 0 0
0 0 560 -1.80378 0.592771 -1.43416 -0.301253 0 0
0 0 561 -0.637062 -1.98696 -2.46499 1.30634 0 0
0 0 562 1.43252 0.458355 1.37564 2.08214 0 0
0 0 563 -1.33719 2.27596 0.858353 -0.22164 0 0
0 0 564 1.09284 1.0217 1.67684 0.480009 0 0
0 0 565 0.0509643 -0.701745 0.888055 -0.66013 0 0
0 0 566 1.23081 -0.357926 1.88141 1.72311 0 0
0 0 567 -1.2837 -1.18046 -0.89764 1.14461 0 0
0 0 568 0.476074 1.37815 -0.188341 1.14266 0 0
0 0 569 -2.02463 1.75109 0.494823 -0.460369 0 0
0 0 570 -1.00213 0.980658 0.615188 1.75745 0 0
0 0 571 -0.217032 -0.544383 0.151308 0.260502 0 0
0 0 572 0.274148 0.745462 2.32652 -0.891123 0 0
0 0 573 2.17373 1.28719 0.848198 -0.907159 0 0
0 0 574 -0.373805 -0.634442 1.67737 -1.21767 0 0
0 0 575 1.23543 -0.680354 -0.680622 1.81728 0 0
0 0 576 2.07733 -0.986764 -0.602333 -1.54256 0 0
0 0 577 1.55496 0.504136 0.785779 0.380936 0 0
0 0 578 -0.427194 0.55369 0.94259 -1.13167 0 0
0 0 579 1.90666 -1.71366 1.73438 0.367772 0 0
0 0 580 -0.160839 -0.199359 0.191861 -0.576619 0 0
0 0 581 0.888047 -0.494399 -0.0200467 2.57942 0 0
0 0 582 0.870919 -0.57465 -0.826812 1.82336 0 0
0 0 583 1.51869 -1.97536 -1.28355 -0.782072 0 0
0 0 584 -0.53025 -2.86488 0.663355 2.2154 0 0
0 0 585 -2.21392 -1.40775 -1.43321 -1.83254 0 0
0 0 586 -1.37129 -0.25381 -0.151046 -0.705635 0 0
0 0 587 1.02391 -1.9298 0.973564 0.385648 0 0
0 0 588 0.106253 -1.46353 1.3518 0.030772 0 0
0 0 589 1.34053 0.880031 1.77125 -0.88875 0 0
0 0 590 -1.70421 -1.20534 0.958626 -0.74707 0 0
0 0 591 1.87945 -1.63798 -0.89648 -1.65033 0 0
0 0 592 3.20336 2.59146 -1.09721 -2.40936 0 0
0 0 593 -2.15845 0.168609 -2.41552 3.1256 0 0
0 0 594 -1.11934 -1.60356 -2.5915 -0.62314 0 0
0 0 595 -1.17433 -1.31346 -1.15168 -0.0681784 0 0
0 0 596 -2.3304 0.372724 0.377349 0.164749 0 0
0 0 597 0.162481 0.339436 0.244231 -0.735706 0 0
0 0 598 0.625988 -1.93624 0.371677 -1.14863 0 0
0 0 599 -0.754082 -1.4175 -0.334015 0.130798 0 0
0 0 600 -0.409196 -2.27352 1.91319 -0.0960771 0 0
0 0 601 0.130992 -0.195431 1.49124 1.77198 0 0
0 0 602 2.75771 -0.2312 1.35624 0.149631 0 0
0 0 603 0.46854 0.736802 0.837141 0.118306 0 0
0 0 604 0.243891 1.42857 -0.829912 -0.913183 0 0
0 0 605 0.223708 0.913118 0.180004 -1.93752 0 0
0 0 606 0.466529 0.977827 -0.78384 -3.29563 0 0
0 0 607 0.497754 1.79654 0.836706 -0.480374 0 0
0 0 608 0.268854 0.73982 1.69519 -0.0538245 0 0
0 0 609 -1.56893 -0.311246 -1.06603 4.5049 0 0
0 0 610 -0.714211 0.0033595 0.0265579 0.420798 0 0
0 0 611 0.0252482 -1.56323 -0.13769 -0.46635 0 0
0 0 612 -0.107603 -0.540357 -1.50166 -2.19299 0 0
0 0 613 -1.3957 0.154484 -0.806981 -0.872088 0 0
0 0 614 2.24912 0.883945 -0.529699 2.55163 0 0
0 0 615 1.03468 1.04717 -2.06203 0.679661 0 0
0 0 616 -2.45341 -0.598295 -0.262138 -1.45332 0 0
0 0 617 1.70005 -0.0677422 -0.715071 -0.104516 0 0
0 0 618 -0.00774503 -3.06856 -0.213438 0.372263 0 0
0 0 619 1.02457 -0.711982 -0.375775 -0.605724 0 0
0 0 620 -1.52763 -0.427339 -0.433625 -2.0627 0 0
0 0 621 -0.727276 -1.19096 -0.693308 -2.31548 0 0
0 0 622 -0.172873 -1.13398 1.36951 1.27277 0 0
0 0 623 -0.370827 0.455692 -0.116967 1.27797 0 0
0 0 624 -0.850813 0.881528 -0.517125 0.336918 0 0
0 0 625 -0.225931 -3.10349 0.933202 -0.408332 0 0
0 0 626 -0.576229 0.182252 -0.846635 0.379049 0 0
0 0 627 -0.695386 -1.85702 1.69101 -1.01988 0 0
0 0 628 -0.220711 -1.36801 -1.39648 1.19986 0 0
0 0 629 2.45093 1.52457 0.665119 0.504745 0 0
0 0 630 -0.535999 -0.0857771 2.21118 -0.855827 0 0
0 0 631 -0.199234 -1.79608 -1.42189 0.0526126 0 0
0 0 632 -0.74105 -0.096379 -0.656468 -0.482211 0 0
0 0 633 -0.251676 0.241974 -1.00624 0.491027 0 0
0 0 634 1.67367 1.31012 -0.716839 -4.80634 0 0
0 0 635 0.8228 0.790424 0.403247 0.415796 0 0
0 0 636 -2.1419 -0.487841 2.01524 -0.108734 0 0
0 0 637 -0.924217 -0.164501 1.74357 -1.23117 0 0
0 0 638 0.846694 0.473173 -1.65937 0.0407992 0 0
0 0 639 -0.309288 0.313642 0.572195 -0.242997 0 0
0 0 640 1.09215 -0.660532 1.82842 -0.37322 0 0
0 0 641 0.782656 -0.0410294 1.87634 -0.813679 0 0
0 0 642 -0.908748 -0.655443 -0.668648 -0.836093 0 0
0 0 643 -0.718597 1.52733 0.102563 1.07123 0 0
0 0 644 0.714548 0.385875 0.801401 -1.00551 0 0
0 0 645 0.23072 1.0737 -2.31387 1.02171 0 0
0 0 646 0.557224 0.503577 1.82589 -0.383073 0 0
0 0 647 0.118084 0.224556 -1.41487 -0.548027 0 0
0 0 648 1.45269 -0.721712 -3.156 -1.56365 0 0
0 0 649 -1.74237 1.722 0.566976 -0.405161 0 0
0 0 650 -1.55786 0.758933 -1.33073 0.953898 0 0
0 0 651 0.118269 0.746835 -1.86604 0.672831 0 0
0 0 652 1.83247 -0.271478 -1.88937 0.506387 0 0
0 0 653 0.0624596 -0.478114 0.270558 -1.30931 0 0
0 0 654 -0.456729 0.0195088 -1.68753 0.81262 0 0
0 0 655 0.103364 -0.81057 1.40069 0.802495 0 0
0 0 656 -0.0285496 -2.14343 -0.777715 -0.763179 0 0
0 0 657 -1.76405 0.314992 0.576616 1.49506 0 0
0 0 658 -0.650272 1.88954 0.0443128 0.745502 0 0
0 0 659 -1.0604 0.431318 0.623036 -0.212615 0 0
0 0 660 1.73539 -0.071113 -0.537691 -0.501992 0 0
0 0 661 0.913802 -0.783651 -1.0109 -0.396045 0 0
0 0 662 0.83148 -0.160099 -0.469544 2.21132 0 0
0 0 663 1.64012 0.731217 -0.969509 -0.848792 0 0
0 0 664 0.788368 1.34865 0.510483 1.87182 0 0
0 0 665 0.190174 -0.0102006 1.19658 -0.790632 0 0
0 0 666 -0.275255 1.00993 -0.483614 -2.85494 0 0
0 0 667 -0.456417 -0.00117189 1.09725 -2.65651 0 0
0 0 668 0.457794 0.500268 -0.51131 1.32587 0 0
0 0 669 -0.24364 1.41402 1.44912 -1.20364 0 0
0 0 670 -2.27069 -0.312175 0.517719 2.00168 0 0
0 0 671 0.778985 -1.30258 1.17378 0.295232 0 0
0 0 672 -0.607565 -0.397698 0.693819 1.79286 0 0
0 0 673 -0.70404 0.631982 0.984264 2.11788 0 0
0 0 674 -0.640313 2.55319 -0.33079 -0.569232 0 0
0 0 675 -0.817825 0.156511 0.294909 -0.835033 0 0
0 0 676 0.419291 -0.914971 0.102863 3.10511 0 0
0 0 677 2.49355 0.338613 -1.71994 -1.35706 0 0
0 0 678 1.09753 0.744563 -1.70254 0.0534754 0 0
0 0 679 -0.234073 2.07473 0.449425 0.38069 0 0
0 0 680 1.92578 -0.697475 -0.79218 0.718442 0 0
0 0 681 -0.548583 1.3465 -1.30776 0.186872 0 0
0 0 682 2.10847 1.78787 -0.937448 -0.488991 0 0
0 0 683 -0.51896 0.871246 -4.38399 -0.872167 -39.3799 7.62339
0 0 684 0.334136 -0.417514 -0.751121 0.521263 0 0
0 0 685 0.514643 1.03503 0.498094 -0.0365014 0 0
0 0 686 1.27526 -0.289071 0.955416 -0.899858 0 0
0 0 687 -0.776993 -1.28747 0.563356 -1.33811 0 0
0 0 688 0.318377 -0.4539 0.397052 0.282495 0 0
0 0 689 -0.882406 1.90527 -0.821342 0.745103 0 0
0 0 690 0.55936 -2.75011 1.38942 3.13625 0 0
0 0 691 -1.93978 2.75863 2.0691 1.01778 0 0
0 0 692 1.71921 0.839866 2.44343 0.080097 0 0
0 0 693 -1.0106 -0.903505 -0.128359 0.974657 0 0
0 0 694 0.435729 0.27064 -2.25619 0.655132 0 0
0 0 695 -2.14357 1.00489 -0.119412 1.82129 0 0
0 0 696 -0.510113 -0.343782 1.79993 -0.33954 0 0
0 0 697 0.582471 1.11697 -0.865278 -1.63209 0 0
0 0 698 -0.268457 -0.442278 2.14876 -0.387418 0 0
0 0 699 -0.298491 -0.380408 1.19806 -0.862699 0 0
0 0 700 -1.90689 -1.27521 -0.706375 0.794024 0 0
0 0 701 1.78173 2.93386 0.941691 -0.0474635 0 0
0 0 702 0.747418 0.0156819 0.179046 0.681029 0 0
0 0 703 0.576343 0.121414 0.257719 0.0834442 0 0
0 0 704 0.323407 -0.906406 1.39893 0.632713 0 0
0 0 705 -2.39043 0.725207 2.22103 1.0239 0 0
0 0 706 0.243793 -1.49749 0.33913 0.4485 0 0
0 0 707 0.456372 -0.671581 -0.981892 0.969919 0 0
0 0 708 0.101131 -0.0292116 0.936424 0.0501402 0 0
0 0 709 -0.690433 -0.752758 2.19338 -1.28721 0 0
0 0 710 0.72783 1.88122 0.61912 1.07 0 0
0 0 711 0.488925 0.31157 2.1269 -2.69038 0 0
0 0 712 0.146269 -0.84845 0.465341 0.954689 0 0
0 0 713 -0.187689 2.0602 0.236256 0.601533 0 0
0 0 714 0.197142 -0.260019 -1.19998 0.641654 0 0
0 0 715 -2.40477 -0.266775 -0.910188 1.27017 0 0
0 0 716 -0.823488 2.39969 -1.49416 0.6585 0 0
0 0 717 1.55936 -0.0967172 -1.22034 1.84043 0 0
0 0 718 -0.412034 -0.604041 2.02038 0.573228 0 0
0 0 719 2.3786 0.269772 0.459391 -1.95371 0 0
0 0 720 -1.42753 0.702301 2.00504 0.127157 0 0
0 0 721 -1.297 0.112326 -0.12513 1.31916 0 0
0 0 722 -1.91937 0.388841 -0.731688 -0.638306 0 0
0 0 723 -0.69452 0.30567 -0.976704 -2.98349 0 0
0 0 724 0.119864 -0.185945 -0.749094 0.0680988 0 0
0 0 725 0.181806 -1.04233 0.254052 -1.06317 0 0
0 0 726 -1.1515 -0.944329 0.773911 0.504681 0 0
0 0 727 0.466569 1.49474 1.64979 0.514502 0 0
0 0 728 0.258139 2.18157 -0.886396 -0.50027 0 0
0 0 729 1.97411 0.389839 -0.999022 0.540216 0 0
0 0 730 -2.64461 0.467451 0.453973 0.202389 0 0
0 0 731 1.30517 0.339557 -2.82488 0.11071 0 0
0 0 732 -0.964001 1.78485 1.32841 1.08334 0 0
0 0 733 2.31982 -1.65639 -1.22733 -0.296525 0 0
0 0 734 -0.833535 0.147022 3.99694 -1.92177 0 0
0 0 735 1.2705 -0.255746 2.95303 0.478046 0 0
0 0 736 0.577721 2.44812 -1.39445 0.944015 0 0
0 0 737 -0.384629 -0.542103 0.427932 0.693946 0 0
0 0 738 0.615381 -2.71906 2.18287 -1.30243 0 0
0 0 739 0.31089 -2.65919 -1.32533 0.627867 0 0
0 0 740 2.42734 -0.0714279 -1.60581 -1.63459 0 0
0 0 741 -1.57391 1.57981 2.93059 0.96587 0 0
0 0 742 0.67253 0.739576 -0.178142 -0.219638 0 0
0 0 743 0.506344 -0.083508 -0.221503 -1.15289 0 0
0 0 744 0.896568 -1.30005 1.8795 -2.48807 0 0
0 0 745 0.936222 0.313781 0.271192 -1.45109 0 0
0 0 746 1.66211 1.10965 -0.123982 -0.714511 0 0
0 0 747 1.21406 -0.187614 0.717438 -0.62664 0 0
0 0 748 2.07527 0.332238 0.272451 0.403768 0 0
0 0 749 1.79477 2.39444 -2.42795 -1.33544 0 0
0 0 750 0.493154 0.413284 -0.445006 -1.10351 0 0
0 0 751 -0.340761 0.241636 0.065981 1.75593 0 0
0 0 752 0.836771 -0.871873 0.481249 1.68917 0 0
0 0 753 -0.706156 0.0220054 0.422342 -1.59196 0 0
0 0 754 0.69003 -0.939177 0.555395 0.970843 0 0
0 0 755 1.34926 0.356406 2.15941 -0.0270213 0 0
0 0 756 1.57647 0.0210099 1.37801 -0.628791 0 0
0 0 757 1.51775 0.378684 2.51275 0.445906 0 0
0 0 758 1.7417 0.0481294 3.11671 -1.65197 0 0
0 0 759 0.384336 0.957095 -0.6805 0.801765 0 0
0 0 760 1.54424 -1.81862 1.1193 2.05707 0 0
0 0 761 -0.753101 -0.227089 0.806964 -1.60716 0 0
0 0 762 2.31177 0.229197 -0.650139 0.0744276 0 0
0 0 763 3.33594 -1.80272 0.576237 -0.162616 0 0
0 0 764 -0.507907 0.395145 1.40658 0.429542 0 0
0 0 765 -0.769984 -0.248188 0.60428 1.23758 0 0
0 0 766 1.96855 0.126737 0.00524598 -1.51719 0 0
0 0 767 2.42285 -0.123348 -0.504374 -2.26866 0 0
0 0 768 -0.683356 -0.383528 2.41137 -0.887401 0 0
0 0 769 2.03302 -1.94392 0.644478 -2.00416 0 0
0 0 770 0.529703 1.26911 0.333669 -0.391411 0 0
0 0 771 1.49654 -0.234283 0.671216 -0.404052 0 0
0 0 772 1.83965 0.719871 1.40274 0.110696 0 0
0 0 773 2.51508 -0.683228 0.796263 1.36351 0 0
0 0 774 -0.69291 -1.68296 -2.48609 1.68596 0 0
0 0 775 1.28742 0.834882 -1.5097 0.421004 0 0
0 0 776 -0.867998 -1.87767 -0.113403 0.598495 0 0
0 0 777 -0.427821 0.38719 -2.03405 0.284643 0 0
0 0 778 0.539706 -4.09154 0.254804 0.950582 88.2182 8.89924
0 0 779 -0.166323 -0.431624 -0.855881 1.24747 0 0
0 0 780 -0.741981 -0.178845 0.121926 -0.0747742 0 0
0 0 781 1.64695 -0.888962 0.739109 1.12264 0 0
0 0 782 1.28249 1.77572 0.829121 0.530131 0 0
0 0 783 0.498747 -0.251062 0.00547367 1.61387 0 0
0 0 784 -0.268548 0.171673 1.50592 -1.32406 0 0
0 0 785 0.234493 -0.173499 -1.17193 -0.380245 0 0
0 0 786 -0.178437 -0.586209 0.00930056 -1.87914 0 0
0 0 787 -0.0987906 0.829872 -1.75441 1.66392 0 0
0 0 788 3.30861 -0.6455 1.77493 1.92164 0 0
0 0 789 0.744824 -1.58573 0.667845 -0.267 0 0
0 0 790 1.27431 1.65425 1.59205 -1.33174 0 0
0 0 791 -1.2425 -0.358474 -1.87683 2.33458 0 0
0 0 792 -1.07571 -0.405622 0.535918 -1.04718 0 0
0 0 793 1.81703 1.8863 1.53841 -1.30151 0 0
0 0 794 0.0578157 1.13885 -2.00135 -0.4731 0 0
0 0 795 1.24407 1.05429 0.842299 -0.0206811 0 0
0 0 796 -0.500549 1.29282 2.49317 0.529226 0 0
0 0 797 0.310347 -0.0864 0.941996 0.446214 0 0
0 0 798 -3.00354 0.652772 -0.226573 1.82055 0 0
0 0 799 0.107491 0.244838 1.34398 -1.12185 0 0
0 0 800 1.32118 1.28871 -1.24729 1.05868 0 0
0 0 801 -1.32144 -0.738245 -0.527394 -0.361041 0 0
0 0 802 -0.172732 1.59436 -0.702815 1.63977 0 0
0 0 803 2.92292 0.608056 1.2734 0.448344 0 0
0 0 804 0.583897 0.899995 0.905638 0.980379 0 0
0 0 805 -0.637679 0.759592 -0.114535 0.0695272 0 0
0 0 806 -0.740298 1.0776 1.16262 -0.423678 0 0
0 0 807 1.42603 1.37815 1.45623 -0.391124 0 0
0 0 808 -0.101116 1.11937 0.854145 1.34236 0 0
0 0 809 -0.480139 -1.5812 -1.46291 -2.03532 0 0
0 0 810 1.8725 1.92141 -2.32421 0.195805 0 0
0 0 811 -0.780108 0.818621 0.637979 1.01335 0 0
0 0 812 -0.599786 -0.185356 -0.429248 1.24149 0 0
0 0 813 -0.348983 1.93613 -1.24433 -0.443877 0 0
0 0 814 0.0411869 -0.144545 2.81256 1.08053 0 0
0 0 815 0.677115 0.00273475 -0.331247 -0.888712 0 0
0 0 816 -0.0402775 0.325667 0.13537 -0.811426 0 0
0 0 817 2.07327 -1.83917 -0.155049 -0.805377 0 0
0 0 818 0.222704 1.86964 0.746061 -0.189445 0 0
0 0 819 -0.257587 -0.436044 -0.651943 -0.61548 0 0
0 0 820 1.58678 -1.06083 -0.200342 -1.38025 0 0
0 0 821 1.5114 -0.047412 1.15834 -1.04079 0 0
0 0 822 1.28659 -1.61917 -1.00964 3.47023 0 0
0 0 823 0.699235 -0.611352 -0.833994 0.484461 0 0
0 0 824 -1.0959 0.294743 2.15096 1.4207 0 0
0 0 825 0.33434 -0.461697 0.416253 0.665436 0 0
0 0 826 1.17432 -0.346374 0.893864 -1.03008 0 0
0 0 827 -1.35397 0.0200543 -1.90996 -1.12143 0 0
0 0 828 -0.150286 1.45847 -1.83737 -0.41248 0 0
0 0 829 1.62342 0.0547814 1.06538 -0.306297 0 0
0 0 830 1.1765 -0.641391 -1.70319 -1.49243 0 0
0 0 831 -0.950403 -2.20261 0.786359 1.77117 0 0
0 0 832 -1.21266 -0.396873 -1.73833 1.05263 0 0
0 0 833 2.08242 -0.134749 0.35067 -0.298705 0 0
0 0 834 1.5741 -1.81508 -1.9695 -2.48811 0 0
0 0 835 1.59055 -0.825604 -0.476041 0.234301 0 0
0 0 836 1.31942 0.857169 -0.986774 -1.30803 0 0
0 0 837 1.23927 0.0048694 0.138188 -1.13858 0 0
0 0 838 1.45669 0.788912 -0.843357 -0.112535 0 0
0 0 839 1.14881 1.20451 -0.719108 -2.37159 0 0
0 0 840 3.70054 0.188214 -0.628738 1.90191 0 0
0 0 841 3.22771 0.65784 0.192756 -0.153677 0 0
0 0 842 2.18343 0.239614 -0.349507 -0.700844 0 0
0 0 843 1.33111 1.49158 -4.5854 1.97193 -35.9905 7.09767
0 0 844 4.18415 1.45253 -3.02261 2.05083 0 0
0 0 845 4.62582 -0.763213 -2.502 0.429414 0 0
0 0 846 5.6422 1.55664 -5.25737 0.535539 -36.7533 6.23478
0 0 847 7.44659 -0.375444 -5.77447 -0.798093 -46.86 5.87324
0 0 848 7.50134 4.1745 -6.21259 -1.01564 -28.0506 4.64641
0 0 849 7.62505 2.76037 -6.57694 -0.79967 -33.616 4.8178
0 0 850 7.53953 3.56241 -8.15364 -0.15362 -33.1995 3.86509
0 0 851 9.78737 0.739581 -7.06485 1.28444 -42.0119 4.78693
0 0 852 10.8289 2.5402 -7.82029 -1.3108 -36.0025 4.16219
0 0 853 10.0803 2.95634 -7.53373 0.0124288 -34.2871 4.24093
0 0 854 13.782 0.393786 -11.9009 -0.205722 -44.0524 2.85355
0 0 855 14.6449 4.18809 -8.40986 -1.00398 -31.7634 3.67111
0 0 856 13.716 4.29684 -11.3171 -1.63238 -34.6047 2.83367
0 0 857 14.8797 2.25785 -12.236 -0.0226188 -39.7725 2.73748
0 0 858 16.7928 3.81662 -13.5313 -2.23486 -37.1242 2.43023
0 0 859 11.6502 3.67923 -13.2121 1.24854 -37.2194 2.49094
0 0 860 16.7663 4.2227 -15.8826 -1.1819 -37.5556 2.0778
0 0 861 18.4515 4.65479 -13.8266 -1.36021 -35.697 2.34696
0 0 862 16.8156 4.39102 -13.3639 2.51744 -35.9054 2.43331
0 0 863 15.8836 6.12078 -15.2018 1.69716 -34.0343 2.09531
0 0 864 18.0869 2.18082 -12.9347 0.695471 -40.2149 2.59563
0 0 865 16.5963 5.06601 -17.1293 0.126647 -36.7622 1.91375
0 0 866 16.293 6.17765 -13.7974 -0.294718 -32.94 2.27611
0 0 867 16.4181 5.47396 -13.2063 1.85607 -33.7431 2.40322
0 0 868 16.1903 3.52242 -14.3881 -0.210463 -38.1218 2.30357
0 0 869 15.4765 6.06846 -14.0571 -0.376204 -33.3251 2.24562
0 0 870 14.4343 4.18573 -13.3 -1.7322 -36.2652 2.45353
0 0 871 14.809 4.70534 -14.2434 -0.881717 -35.8594 2.28201
0 0 872 12.1532 3.70809 -10.9049 0.320269 -35.61 2.97314
0 0 873 16.1432 2.30771 -14.589 1.32731 -40.5057 2.30455
0 0 874 12.2717 2.0056 -11.5172 -0.190422 -40.0608 2.9128
0 0 875 13.7089 1.81535 -11.2608 0.103607 -40.4211 2.98448
0 0 876 12.4266 3.0655 -10.4891 1.92444 -36.8544 3.1278
0 0 877 11.0944 2.90352 -12.2569 -1.45548 -38.3365 2.70829
0 0 878 13.0654 3.02042 -9.89335 0.173411 -36.5113 3.30595
0 0 879 9.84321 2.51557 -11.1654 -0.370738 -38.6516 2.9795
0 0 880 13.4503 4.61691 -12.4698 -1.67677 -34.8416 2.57865
0 0 881 14.1305 4.48585 -8.43552 0.877661 -30.9984 3.61582
0 0 882 11.7244 5.13216 -11.0643 -3.05585 -32.5579 2.82326
0 0 883 12.1959 2.30387 -10.5634 0.805825 -38.8483 3.1534
0 0 884 10.7263 1.55317 -11.7333 -0.0608807 -41.2297 2.87441
0 0 885 9.13842 0.925934 -10.2614 1.12965 -42.4219 3.29966
0 0 886 14.5333 2.51471 -10.5945 1.88621 -38.3237 3.13296
0 0 887 12.3992 3.13808 -11.561 -0.215232 -37.4069 2.85108
0 0 888 11.5939 1.38081 -9.36611 0.567361 -40.8068 3.59456
0 0 889 11.3579 1.23913 -10.8137 -0.746392 -41.7315 3.12459
0 0 890 15.4934 2.90388 -12.3563 -0.444246 -38.3874 2.68746
0 0 891 13.1604 0.203163 -11.2735 1.42703 -44.4838 3.01334
0 0 892 13.5101 4.32711 -12.6858 -3.24865 -35.5828 2.55504
0 0 893 16.5401 1.86714 -13.9331 -0.0864274 -41.1837 2.42015
0 0 894 18.0075 1.50489 -15.1902 -1.02088 -42.1711 2.22743
0 0 895 19.0596 2.77378 -16.5953 -1.81874 -40.2556 2.02349
0 0 896 19.6014 2.07509 -15.3228 1.05743 -41.1438 2.20029
0 0 897 22.0381 1.46519 -19.3342 -0.567839 -42.8331 1.75302
0 0 898 21.9127 2.50675 -20.5171 -0.139717 -41.5171 1.64559
0 0 899 23.2437 1.10577 -20.35 1.28063 -43.4449 1.66747
0 0 900 24.0286 3.71614 -18.8646 -1.60819 -39.428 1.77212
0 0 901 24.1581 4.03621 -20.0471 -0.592616 -39.3082 1.66641
0 0 902 26.2398 3.99393 -22.9678 0.078398 -40.0677 1.46068
0 0 903 28.0404 4.56076 -23.8895 -1.28474 -39.5958 1.40073
0 0 904 29.28 4.69694 -26.1009 0.337429 -39.8993 1.2842
0 0 905 28.4159 4.39827 -24.7044 -0.257579 -39.9525 1.35718
0 0 906 32.8223 2.28751 -30.4862 -0.507498 -42.8545 1.11181
0 0 907 37.2216 3.57105 -30.3032 1.85563 -41.6395 1.11465
0 0 908 39.1561 4.64986 -31.1457 -2.4836 -40.7544 1.08071
0 0 909 40.2215 3.35434 -32.7419 -0.0152841 -42.0753 1.0331
0 0 910 41.2064 2.83179 -34.2188 -0.467975 -42.6346 0.990025
0 0 911 40.0846 0.705637 -30.8263 -1.06747 -44.3443 1.10191
0 0 912 39.544 2.53816 -34.9405 -2.52402 -42.9226 0.970217
0 0 913 44.4617 2.45229 -34.2198 -2.84251 -42.9505 0.99071
0 0 914 43.0665 2.94047 -34.0662 -0.899366 -42.5333 0.994207
0 0 915 44.5012 0.993275 -31.8257 -1.6132 -44.1062 1.06711
0 0 916 43.5994 1.21782 -30.3635 -1.77008 -43.8516 1.1182
0 0 917 47.6116 1.44921 -33.8271 -1.68548 -43.7734 1.00361
0 0 918 48.6658 1.90899 -33.6393 -2.19449 -43.376 1.00862
0 0 919 50.15 1.82348 -36.623 -1.35756 -43.5748 0.926737
0 0 920 52.7819 -1.0174 -32.9108 -2.17565 -45.8853 1.03193
0 0 921 54.999 0.775171 -35.6229 0.593282 -44.3767 0.953564
0 0 922 58.917 0.139599 -36.1646 -2.79295 -44.8894 0.939461
0 0 923 62.769 -1.04778 -32.9863 0.25535 -45.9097 1.02955
0 0 924 66.3102 -1.62878 -32.8959 -1.07817 -46.4173 1.03175
0 0 925 69.2822 -2.9093 -32.0384 0.289347 -47.5943 1.05678
0 0 926 78.2554 -2.76143 -30.6395 -1.77073 -47.575 1.10509
0 0 927 84.6898 -2.94944 -31.82 -1.65148 -47.6478 1.06388
0 0 928 93.2505 -3.11483 -30.0427 -2.64946 -47.9596 1.1258
0 0 929 102.682 -4.33568 -26.1462 -0.530602 -49.7077 1.28457
0 0 930 110.935 -3.80588 -20.3961 0.755314 -50.2849 1.64175
0 0 931 119.671 -2.33829 -10.5201 -1.01697 -51.2657 3.16401
0 0 932 131.633 -2.01347 -4.57968 0.388914 -56.8664 6.87532
0 0 933 143.005 -1.02801 6.57347 -0.399097 49.4442 5.11587
0 0 934 155.334 2.02787 19.281 3.92538 41.998 1.75393
0 0 935 173.48 5.24362 29.1927 1.26408 39.9085 1.14825
0 0 936 189.839 4.55145 40.9342 2.75588 41.8277 0.825693
0 0 937 210.142 7.5042 55.349 1.46695 41.1395 0.609119
0 0 938 228.157 12.6925 66.6961 7.00134 39.6126 0.501768
0 0 939 244.304 14.187 82.9334 6.45755 40.1463 0.404687
0 0 940 262.132 17.4588 92.9322 5.59257 39.6801 0.360248
0 0 941 275.447 21.965 102.791 7.68363 38.9691 0.324314
0 0 942 287.185 25.0357 112.103 7.35069 38.7054 0.296865
0 0 943 292.332 28.3412 116.037 5.49001 38.1373 0.285664
0 0 944 298.111 28.4721 115.605 8.47733 38.0821 0.286616
0 0 945 297.491 28.3879 112.914 6.78783 37.9438 0.293146
0 0 946 289.974 28.1338 107.231 4.3971 37.6494 0.307983
0 0 947 284.965 27.7874 98.0154 5.20804 37.086 0.335391
0 0 948 272.952 21.7492 87.9925 5.5735 38.0582 0.376492
0 0 949 259.354 23.4447 79.726 5.68763 36.8066 0.411334
0 0 950 245.895 19.6843 72.4572 4.04814 37.4007 0.454885
0 0 951 234.775 21.0122 60.8176 4.78336 35.4701 0.532327
0 0 952 221.892 16.6961 50.0334 2.56505 35.7731 0.649076
0 0 953 209.894 13.8144 45.1772 1.98618 36.4986 0.723886
0 0 954 200.57 12.3715 36.0991 -0.774231 35.5415 0.897498
0 0 955 189.653 8.38084 30.8038 3.34931 37.3899 1.0699
0 0 956 177.949 6.70827 25.5659 1.3292 37.6488 1.29177
0 0 957 171.794 5.04637 21.3017 -1.24067 38.3362 1.55833
0 0 958 161.964 4.57336 16.679 0.393494 37.3332 1.97504
0 0 959 154.924 1.89322 10.1193 -1.44679 39.7015 3.30878
0 0 960 149.991 2.49935 9.6462 0.932547 37.737 3.42601
0 0 961 141.851 1.69627 5.16078 -2.36913 35.9026 6.30089
0 0 962 138.351 1.15588 3.95984 0.260352 36.8637 8.28581
0 0 963 133.328 -0.824211 2.29926 -1.49911 0 0
0 0 964 127.225 -0.805992 -0.507023 -0.450217 0 0
0 0 965 121.684 -3.07127 -3.20853 0.718147 -66.8739 7.92538
0 0 966 119.133 -1.8887 -2.03735 -1.65222 0 0
0 0 967 116.602 -2.0947 -3.68403 -4.55866 -59.811 8.16607
0 0 968 112.307 -4.13584 -5.37379 -4.22377 -63.7915 5.15149
0 0 969 110.051 -6.24626 -5.79045 -2.00467 -68.5843 4.15046
0 0 970 107.651 -4.74693 -6.79391 -3.80547 -62.4711 4.20137
0 0 971 104.146 -3.03593 -8.31162 -5.64365 -55.0327 3.87415
0 0 972 103.136 -4.12978 -7.27834 -3.97428 -59.7854 4.13523
0 0 973 97.3167 -5.52223 -6.56674 -4.30225 -65.0309 4.08385
0 0 974 94.6724 -5.3858 -7.60866 -4.84581 -62.6464 3.73694
0 0 975 92.6335 -8.91395 -8.47869 -6.5509 -68.2168 2.87091
0 0 976 88.5674 -5.52602 -8.55206 -6.42723 -61.4345 3.41144
0 0 977 86.8449 -7.88058 -5.57262 -6.58902 -72.3673 3.69594
0 0 978 83.0984 -7.6831 -8.53496 -9.08781 -65.9966 3.05859
0 0 979 79.7835 -7.50798 -4.55281 -8.78009 -74.3838 4.08089
0 0 980 77.0799 -6.68397 -7.06864 -6.16295 -66.6989 3.6168
0 0 981 72.8953 -10.1217 -7.08176 -7.37726 -72.5105 2.88867
0 0 982 69.5183 -8.75129 -7.27431 -8.23564 -70.1329 3.11823
0 0 983 65.9118 -7.90805 -6.23257 -6.67769 -70.8786 3.53054
0 0 984 63.5656 -9.94201 -6.66385 -8.57263 -73.0836 2.98532
0 0 985 61.8378 -8.4395 -5.75329 -6.00001 -72.8587 3.49642
0 0 986 58.1957 -8.21462 -4.12406 -6.18234 -76.6708 3.91647
0 0 987 54.1596 -8.23526 -4.04993 -5.39264 -76.9065 3.92442
0 0 988 52.3148 -8.75619 -5.02587 -5.69777 -75.0725 3.55431
0 0 989 49.9904 -8.99996 -5.42195 -5.8518 -74.4667 3.41094
0 0 990 46.4359 -9.35753 -4.48178 -6.66302 -77.204 3.47314
0 0 991 43.121 -10.6921 -4.42611 -7.12046 -78.7561 3.12258
0 0 992 41.0896 -9.75549 -2.92249 -4.78176 -81.6616 3.56358
0 0 993 41.7867 -10.5835 -6.39399 -5.37482 -74.4309 2.89819
0 0 994 38.3015 -8.03717 -4.52916 -4.87525 -75.2988 3.89153
0 0 995 34.4617 -10.6965 -3.71599 -5.12739 -80.4213 3.19943
0 0 996 35.1823 -7.93088 -2.37677 -6.38941 -81.6586 4.38327
0 0 997 31.57 -8.58146 -4.8617 -5.69128 -75.2335 3.63952
0 0 998 32.8909 -8.71497 -3.4531 -4.84993 -79.1926 3.85745
0 0 999 29.4324 -10.4183 -1.01284 -5.54716 -87.2237 3.48404
0 0 1000 27.003 -6.20852 -3.43418 -1.81551 -75.5256 5.0624
0 0 1001 28.7194 -6.8741 -2.52913 -3.74186 -79.9002 4.94234
0 0 1002 26.5462 -8.96343 -0.793125 -3.78045 -87.4717 4.05321
0 0 1003 25.981 -6.13432 -4.31482 -3.27215 -72.4389 4.75722
0 0 1004 23.8212 -5.90192 -2.40527 -2.79671 -78.9136 5.6712
0 0 1005 20.5272 -8.69988 -2.02422 -5.18073 -83.451 4.07136
0 0 1006 23.5466 -7.97452 -2.4996 -1.65567 -81.2982 4.34045
0 0 1007 17.7758 -4.94076 -1.25341 -1.34225 -82.8825 7.13015
0 0 1008 18.3604 -9.92026 -4.08259 0.0819311 -78.8154 3.36872
0 0 1009 19.5592 -5.09954 -1.12633 -0.32768 -83.7725 6.96576
0 0 1010 16.4815 -6.62901 -3.38915 -2.34469 -76.4606 4.8333
0 0 1011 16.3278 -6.25039 -2.19554 -0.794529 -80.3227 5.4679
0 0 1012 15.5616 -5.46503 -2.92553 -4.13037 -75.9195 5.79891
0 0 1013 15.3486 -7.58758 -2.20318 -3.79533 -81.9042 4.59464
0 0 1014 14.5651 -6.25627 -3.2568 -1.58365 -76.25 5.09979
0 0 1015 11.6412 -3.25893 -3.62909 0.0725232 -65.9619 7.20047
0 0 1016 13.079 -5.35014 -2.62004 -2.00569 -76.9542 6.04618
0 0 1017 12.8267 -3.2177 -1.7177 -1.27169 0 0
0 0 1018 10.5745 -3.41994 -1.26015 -1.06669 0 0
0 0 1019 12.8695 -0.832484 -2.24844 -0.0556263 0 0
0 0 1020 9.89351 -3.17167 -2.46958 0.148891 0 0
0 0 1021 11.8142 -3.62261 -1.32733 -1.83844 0 0
0 0 1022 8.9865 -2.81161 -2.12894 -1.19156 0 0
0 0 1023 9.08968 -2.9318 -0.513975 -1.5886 0 0
