# File: uwl_200813_082907_b4.rf.sbD2.RMC_aux Src: J1713+0747 Nsub: 1 Nch: 1 Npol: 4 Nbin: 1024 RMS: 1.04227
0 0 0 -0.366171 1.39335 -1.31686 -0.713379 0 0
0 0 1 1.09183 -0.486074 0.586886 0.900006 0 0
0 0 2 1.25048 -1.1744 0.739296 0.855592 0 0
0 0 3 -0.0159247 -0.6929 -0.0863015 1.35633 0 0
0 0 4 0.473044 -1.19351 -0.367977 -1.13917 0 0
0 0 5 -0.572649 -0.807021 -0.717494 -0.802201 0 0
0 0 6 -0.536125 0.0557952 0.678246 1.59106 0 0
0 0 7 2.0663 -0.0875026 1.21258 -0.633584 0 0
0 0 8 -0.888993 0.246893 -0.644137 0.104163 0 0
0 0 9 -0.0823885 2.10785 3.29222 -0.889427 28.6852 8.05267
0 0 10 2.83817 0.768684 -1.3042 -1.27601 0 0
0 0 11 -1.47554 1.18704 0.388705 0.955153 0 0
0 0 12 -0.00262347 0.234917 -2.6109 0.782873 0 0
0 0 13 2.16991 2.65135 -0.333686 0.704002 0 0
0 0 14 0.684069 -1.12305 -3.11771 -0.58848 0 0
0 0 15 0.116093 0.200344 0.503371 2.37322 0 0
0 0 16 -2.48481 1.29151 0.128152 -1.40233 0 0
0 0 17 1.26493 -0.083536 1.93545 2.63031 0 0
0 0 18 -1.50083 1.31849 0.940115 0.821548 0 0
0 0 19 -0.513104 0.349523 2.15395 0.389063 0 0
0 0 20 0.710707 -0.31623 1.1482 1.77805 0 0
0 0 21 -0.419337 -0.421577 -1.31175 -0.818345 0 0
0 0 22 -0.817463 -1.09249 1.75002 -0.396622 0 0
0 0 23 -0.534379 0.143057 1.28777 -0.748021 0 0
0 0 24 -0.495759 -2.21343 1.05729 -1.74022 0 0
0 0 25 -1.09787 0.185728 -0.67447 0.0290663 0 0
0 0 26 0.408232 -0.0501965 2.02611 -2.82294 0 0
0 0 27 -1.04312 0.196104 -0.0718972 2.04249 0 0
0 0 28 0.11623 1.15641 -2.20559 -0.161509 0 0
0 0 29 0.525676 3.01364 -0.641271 0.431074 0 0
0 0 30 1.11591 0.0281637 -0.31796 -0.291873 0 0
0 0 31 1.40452 -0.924903 -0.178325 0.610013 0 0
0 0 32 -0.896016 0.084651 -3.16516 2.45235 0 0
0 0 33 0.644605 0.17982 1.40409 -0.828679 0 0
0 0 34 0.0875956 2.25134 0.558748 1.41564 0 0
0 0 35 2.27349 -0.661372 1.94872 -0.814192 0 0
0 0 36 0.664723 -0.580433 -0.921355 -0.0832841 0 0
0 0 37 1.15932 0.833898 0.693593 0.390256 0 0
0 0 38 2.85044 -0.911834 -1.56492 -0.969706 0 0
0 0 39 1.84898 0.853677 -0.729341 1.02971 0 0
0 0 40 1.35409 1.58632 0.0109483 -1.47073 0 0
0 0 41 -0.249179 0.480991 1.84449 0.289667 0 0
0 0 42 1.13854 0.264849 -2.37801 -0.382166 0 0
0 0 43 -1.31162 0.554082 0.308161 2.759 0 0
0 0 44 2.40962 -1.73041 -0.469633 1.52207 0 0
0 0 45 1.21278 -0.537886 0.499037 0.544542 0 0
0 0 46 -0.89297 1.50165 -1.02691 -1.95221 0 0
0 0 47 1.53769 0.252941 -0.674814 0.54182 0 0
0 0 48 1.47423 -0.323692 0.92876 -0.132864 0 0
0 0 49 0.107993 0.474568 0.17517 1.45955 0 0
0 0 50 0.787846 0.468952 -1.76496 2.17585 0 0
0 0 51 -1.5608 0.782668 1.89728 -0.800335 0 0
0 0 52 -0.545483 0.360385 0.934385 0.304536 0 0
0 0 53 -0.434862 2.30221 1.24019 1.93491 0 0
0 0 54 0.739371 1.38479 0.619671 -0.0745328 0 0
0 0 55 2.05855 -1.45335 -0.619692 0.16651 0 0
0 0 56 -1.32111 -1.66275 0.360742 0.187818 0 0
0 0 57 0.412859 0.0150352 1.08532 -1.02496 0 0
0 0 58 0.287166 -0.302036 1.41877 -0.106476 0 0
0 0 59 -1.07302 0.420179 1.31546 -0.453764 0 0
0 0 60 -0.702039 1.98938 -2.09343 -0.368862 0 0
0 0 61 -0.655613 0.372191 -0.752369 1.67085 0 0
0 0 62 0.376896 0.140231 -0.780478 -0.154032 0 0
0 0 63 -0.0349792 -1.21865 0.17179 1.13845 0 0
0 0 64 1.86838 1.36356 -0.366974 -0.260071 0 0
0 0 65 -2.10344 0.939519 1.96813 -1.24856 0 0
0 0 66 0.537129 0.561058 0.0896177 0.508435 0 0
0 0 67 -0.700932 0.91451 -0.000708486 1.32578 0 0
0 0 68 1.89469 1.47989 -0.0871973 0.223611 0 0
0 0 69 -1.18076 0.796281 1.23292 -0.0697465 0 0
0 0 70 1.48117 1.09912 0.772333 0.595886 0 0
0 0 71 0.920971 -1.78548 -0.402496 1.95881 0 0
0 0 72 0.730605 0.867837 -1.31639 -0.194583 0 0
0 0 73 -1.32365 0.361145 0.15671 0.732535 0 0
0 0 74 0.628533 0.267049 0.467446 1.17405 0 0
0 0 75 -0.696964 -0.580204 2.41742 0.76365 0 0
0 0 76 -0.752093 -0.883286 -1.69422 1.64716 0 0
0 0 77 0.133709 0.607484 2.16615 -0.342622 0 0
0 0 78 1.57018 1.19975 0.649969 0.810134 0 0
0 0 79 0.0138211 0.658875 -1.19601 1.25414 0 0
0 0 80 -2.22066 -0.759463 1.53239 -0.365102 0 0
0 0 81 0.6027 -0.0353222 -0.20989 -1.25671 0 0
0 0 82 0.0496305 1.09385 0.854617 0.246207 0 0
0 0 83 0.426088 1.07958 -1.08535 -0.668107 0 0
0 0 84 -1.13685 0.155674 -0.103108 -0.788677 0 0
0 0 85 -0.151421 1.02067 -0.822225 -1.15316 0 0
0 0 86 0.0398854 0.272164 -1.12471 0.387198 0 0
0 0 87 0.872511 0.934195 -1.28302 1.02702 0 0
0 0 88 1.3087 0.846768 -0.114673 -0.510661 0 0
0 0 89 0.210111 2.25365 0.662268 -0.684583 0 0
0 0 90 0.69702 2.12555 -0.153315 2.94791 0 0
0 0 91 0.815396 0.0900433 0.467139 0.65418 0 0
0 0 92 0.17899 0.114447 2.52467 -0.224654 0 0
0 0 93 0.0137826 -0.175477 1.17413 -0.247726 0 0
0 0 94 -0.452334 0.364134 1.3723 0.524758 0 0
0 0 95 -1.01988 0.923368 1.31364 0.269746 0 0
0 0 96 -2.93493 0.296407 -0.571858 0.670425 0 0
0 0 97 -0.0559042 -0.156342 1.43594 -0.479809 0 0
0 0 98 -0.918932 1.08059 -0.952839 0.450432 0 0
0 0 99 -1.09388 -0.830859 -0.324421 -0.356683 0 0
0 0 100 2.42876 -2.66688 -2.98038 0.126357 -65.9113 7.88801
0 0 101 0.994575 -0.000966311 -0.665448 0.839468 0 0
0 0 102 -1.05047 -1.1108 2.52855 -1.25956 0 0
0 0 103 1.00724 0.60709 -1.02842 1.95685 0 0
0 0 104 1.58236 1.5969 -0.472733 -1.14234 0 0
0 0 105 0.41705 0.250612 0.705104 0.62437 0 0
0 0 106 2.10696 0.168817 -2.28995 0.91613 0 0
0 0 107 -3.3446 -0.142672 -0.968823 -1.56188 0 0
0 0 108 -0.0921901 -0.61108 0.899326 0.688748 0 0
0 0 109 -0.416417 0.149207 -0.827316 0.110966 0 0
0 0 110 -1.31011 1.47999 0.417336 1.44775 0 0
0 0 111 0.210234 -1.10479 -0.305126 0.372911 0 0
0 0 112 -0.31238 -0.573638 -1.56163 -0.11132 0 0
0 0 113 -1.81216 -0.459903 0.0976749 1.67484 0 0
0 0 114 -0.414228 1.01673 -0.0898638 -0.768755 0 0
0 0 115 0.686646 -0.845501 -0.390014 0.625195 0 0
0 0 116 1.71228 -0.138515 -1.77202 0.110338 0 0
0 0 117 0.204405 2.82805 -0.992224 -2.16988 0 0
0 0 118 0.295682 0.793697 -1.08463 0.126653 0 0
0 0 119 0.147649 1.16191 0.0369174 1.88356 0 0
0 0 120 0.326742 -1.36593 -0.0304933 1.3796 0 0
0 0 121 -0.59937 0.786155 -1.76512 0.912763 0 0
0 0 122 1.52877 1.65023 -1.45483 -1.22282 0 0
0 0 123 -1.67907 -0.202862 1.06851 0.748636 0 0
0 0 124 -0.00591254 2.28051 0.2454 -0.766124 0 0
0 0 125 0.0122262 -0.493809 -0.295872 -0.0699649 0 0
0 0 126 -0.798775 0.627477 1.17074 -0.510341 0 0
0 0 127 0.65333 1.1625 -0.40444 1.04988 0 0
0 0 128 -0.911931 -1.03341 -0.333046 -0.247958 0 0
0 0 129 -1.69469 0.244002 0.980912 2.2108 0 0
0 0 130 -0.191575 0.433806 -1.58958 1.46264 0 0
0 0 131 2.32565 0.207383 -0.41147 -0.412443 0 0
0 0 132 -1.16191 0.528083 0.520298 -0.519509 0 0
0 0 133 2.06251 -0.922349 -0.99939 0.543908 0 0
0 0 134 -1.52913 -1.99104 0.233433 -1.18427 0 0
0 0 135 0.689013 0.898829 -1.17882 0.897243 0 0
0 0 136 0.442761 0.634076 0.170131 0.945656 0 0
0 0 137 -1.02442 -0.461246 -0.904158 0.961688 0 0
0 0 138 -0.0855029 -0.696845 -1.53054 0.533883 0 0
0 0 139 1.67371 0.203372 -0.562045 0.342344 0 0
0 0 140 -0.805464 0.838536 1.09227 0.945561 0 0
0 0 141 0.724836 0.546377 2.44816 2.09661 0 0
0 0 142 1.28011 -1.30687 -0.235808 -0.641512 0 0
0 0 143 0.3293 -0.0846388 0.50786 1.71184 0 0
0 0 144 -0.07797 1.17173 0.897789 -0.0357943 0 0
0 0 145 -1.10855 -1.04954 1.87687 0.311688 0 0
0 0 146 0.426489 2.09495 1.25005 2.14882 0 0
0 0 147 -1.80028 2.79389 1.15737 1.83255 0 0
0 0 148 0.595682 -0.774866 0.237566 -0.669844 0 0
0 0 149 -0.489686 -0.830564 -0.641072 -0.685768 0 0
0 0 150 -0.163935 0.763843 0.440339 0.548256 0 0
0 0 151 -1.69557 -0.0874105 0.610134 -0.162303 0 0
0 0 152 -0.154618 0.958733 0.282246 -1.19364 0 0
0 0 153 -0.100804 0.694201 -0.438008 -0.806192 0 0
0 0 154 0.898748 0.572163 1.6714 2.18199 0 0
0 0 155 -3.92203 0.0706097 -0.340325 0.700139 0 0
0 0 156 0.0556955 0.472811 -0.217437 4.2505 0 0
0 0 157 0.757362 0.706261 0.737859 0.739429 0 0
0 0 158 1.51644 0.363502 0.277523 -0.471438 0 0
0 0 159 -0.132734 0.165696 -2.13189 -0.366136 0 0
0 0 160 -2.32124 1.14825 -1.51244 1.76314 0 0
0 0 161 0.369338 1.00727 -0.178118 0.107293 0 0
0 0 162 -0.223923 -0.257549 0.883446 0.704038 0 0
0 0 163 2.24956 1.21304 0.487231 0.356561 0 0
0 0 164 -0.0179373 -0.217753 -0.82631 -0.22463 0 0
0 0 165 0.710932 -0.203764 -1.51813 -1.56925 0 0
0 0 166 -0.483997 -1.92952 0.313621 -1.26698 0 0
0 0 167 -0.783803 -0.106981 0.684841 -1.02431 0 0
0 0 168 -0.0643259 0.546136 -0.0270298 1.86852 0 0
0 0 169 -1.10273 1.50756 -0.269047 0.632832 0 0
0 0 170 0.0938805 -0.581298 1.37163 -0.431492 0 0
0 0 171 2.82249 -0.12606 -0.188341 2.06154 0 0
0 0 172 -0.691929 -0.681473 0.518269 -0.32867 0 0
0 0 173 0.70358 1.78242 -1.37265 0.600896 0 0
0 0 174 -0.325942 -0.473764 1.69072 1.14082 0 0
0 0 175 2.22639 1.6384 2.30139 0.905506 0 0
0 0 176 2.65258 0.230785 -1.9371 -1.07849 0 0
0 0 177 -1.3996 3.0518 0.9033 -0.524073 0 0
0 0 178 1.25755 -0.240013 -0.689413 1.10152 0 0
0 0 179 4.58824 0.86461 -1.50843 -0.916222 0 0
0 0 180 1.17021 -0.0978196 -0.0648067 -0.152915 0 0
0 0 181 0.693144 0.37863 -0.941989 -0.209937 0 0
0 0 182 -0.656024 -0.241435 -0.763428 -1.90977 0 0
0 0 183 1.41004 1.20301 0.568504 0.54713 0 0
0 0 184 -0.0674254 0.173368 -2.30983 2.27502 0 0
0 0 185 -0.0265993 2.26583 -0.86198 0.175412 0 0
0 0 186 1.30201 1.33411 -0.46923 -0.411 0 0
0 0 187 -0.465333 0.119642 0.00482002 2.02173 0 0
0 0 188 0.57242 1.98373 -0.793161 1.62922 0 0
0 0 189 1.32252 0.485901 1.23885 2.73848 0 0
0 0 190 -0.884593 -1.07746 1.40267 -0.0756652 0 0
0 0 191 -1.02313 -1.0535 0.779811 -0.0968924 0 0
0 0 192 0.28005 -0.528866 -0.927267 0.180187 0 0
0 0 193 -0.23024 0.0453837 1.43255 -1.5199 0 0
0 0 194 0.608409 -0.567027 -1.12507 0.439918 0 0
0 0 195 0.110612 -1.14364 0.45261 -0.0832216 0 0
0 0 196 -0.797843 -0.505074 1.71198 -0.513536 0 0
0 0 197 -0.653475 -0.0562019 -0.103703 -1.15814 0 0
0 0 198 -0.438867 1.24447 -1.41533 -0.0845617 0 0
0 0 199 0.395102 -0.131275 0.902186 0.442467 0 0
0 0 200 -0.833277 -1.88309 0.984666 -0.0411686 0 0
0 0 201 -0.849034 -0.569686 0.670099 0.920735 0 0
0 0 202 0.241124 -0.31368 0.519645 -1.0848 0 0
0 0 203 1.64469 1.15966 0.460195 -0.692227 0 0
0 0 204 3.04196 0.764622 -0.825929 -0.421197 0 0
0 0 205 1.00177 -0.294231 -4.20873 0.956062 -46.9995 7.43144
0 0 206 0.459363 0.805299 -0.262154 -1.39549 0 0
0 0 207 -0.582388 -1.3941 0.237706 0.602609 0 0
0 0 208 0.28881 1.17095 0.528497 1.69014 0 0
0 0 209 2.68066 -0.38829 -0.662303 -1.13172 0 0
0 0 210 0.949749 0.294736 -1.22478 1.376 0 0
0 0 211 -2.57358 1.00631 -0.246154 -1.6788 0 0
0 0 212 0.749266 0.319895 0.165225 -1.15418 0 0
0 0 213 1.55072 -0.322277 -1.60488 -0.76952 0 0
0 0 214 -0.148473 1.49348 -1.74073 -1.02014 0 0
0 0 215 0.0153314 0.187117 -0.0371378 1.14851 0 0
0 0 216 0.459501 0.440521 -2.00367 -0.336551 0 0
0 0 217 0.947504 -0.990283 -2.05574 -0.879807 0 0
0 0 218 0.342645 0.204999 0.950227 -0.837533 0 0
0 0 219 -2.04624 -1.27495 -0.113027 0.268544 0 0
0 0 220 0.23605 1.25853 0.160695 0.0543128 0 0
0 0 221 2.19662 0.479957 0.0406648 0.570049 0 0
0 0 222 -0.939576 0.396672 0.242839 -1.58422 0 0
0 0 223 0.453605 -0.741001 -2.33114 0.121165 0 0
0 0 224 0.361241 -0.105408 -0.438833 -0.548045 0 0
0 0 225 1.52208 0.242489 -0.116955 -0.98746 0 0
0 0 226 -0.568003 1.30269 -0.375703 0.545536 0 0
0 0 227 -0.503711 1.23522 -0.167131 1.00596 0 0
0 0 228 1.10818 1.19209 1.30789 -1.34963 0 0
0 0 229 1.03457 1.17601 0.925548 0.537749 0 0
0 0 230 1.16701 -0.0170922 -0.593612 -2.41429 0 0
0 0 231 -0.278791 -0.580553 -0.122645 -0.610007 0 0
0 0 232 0.526424 1.17767 -0.898583 0.0367847 0 0
0 0 233 -0.59693 0.616124 0.127465 -1.86592 0 0
0 0 234 -1.32752 0.953373 1.81389 -0.364691 0 0
0 0 235 1.55098 0.178152 0.0709223 -1.02804 0 0
0 0 236 0.524592 -0.089663 0.320526 0.949431 0 0
0 0 237 0.307763 1.59269 1.64396 0.527565 0 0
0 0 238 -0.460898 2.6929 -0.675991 -0.611419 0 0
0 0 239 0.00388485 1.59112 0.749912 -0.145221 0 0
0 0 240 -2.20864 0.361122 -0.0903653 -3.03723 0 0
0 0 241 0.483945 0.764771 -1.09305 2.58133 0 0
0 0 242 0.67063 -0.88677 0.432709 -1.07833 0 0
0 0 243 -1.25119 2.4257 0.800672 0.215623 0 0
0 0 244 -0.584257 0.431792 -0.0776258 0.959499 0 0
0 0 245 -1.37641 1.53235 -0.0304129 0.0592777 0 0
0 0 246 1.06178 -0.349669 -1.00452 0.179328 0 0
0 0 247 0.791804 1.50229 -0.0572843 0.261012 0 0
0 0 248 -0.896563 -0.364458 -0.322044 1.1883 0 0
0 0 249 0.322831 0.966218 0.649629 -0.379737 0 0
0 0 250 -0.301495 1.14701 -1.28262 -0.40726 0 0
0 0 251 1.34108 -1.15942 -1.49976 0.607717 0 0
0 0 252 0.0390944 -0.253592 0.983919 0.844653 0 0
0 0 253 1.02508 0.212645 -1.60561 0.96789 0 0
0 0 254 0.627977 -1.17826 -0.0206892 0.080745 0 0
0 0 255 -0.081634 -0.166441 -1.06823 0.441857 0 0
0 0 256 0.541785 0.0742591 -2.01111 -0.681051 0 0
0 0 257 -0.811702 1.96423 1.50682 1.31383 0 0
0 0 258 -1.39351 1.05662 1.56031 -3.6361 0 0
0 0 259 0.668477 -0.156989 -0.620934 1.93424 0 0
0 0 260 -0.0440871 1.98423 -0.570896 0.375558 0 0
0 0 261 0.986464 -1.04888 -0.144127 -0.794282 0 0
0 0 262 1.66031 0.395262 -0.189168 -0.0264145 0 0
0 0 263 2.7745 3.32089 -1.22656 -0.642771 0 0
0 0 264 -0.334644 0.272485 0.660752 2.09117 0 0
0 0 265 -0.237212 -0.691591 0.03764 -0.063196 0 0
0 0 266 1.64961 0.819241 0.804351 -0.63596 0 0
0 0 267 0.297147 1.33371 0.355938 0.728937 0 0
0 0 268 1.86938 -1.48352 -0.806962 4.07528 0 0
0 0 269 0.258549 -2.85625 1.2189 -1.18276 0 0
0 0 270 -0.476453 1.10383 -1.85313 0.204577 0 0
0 0 271 1.0266 0.277997 -0.5043 0.856525 0 0
0 0 272 -1.37924 -0.348189 1.41114 2.11836 0 0
0 0 273 -1.15121 0.274465 -0.0293581 0.165453 0 0
0 0 274 0.549932 -0.617788 1.20322 1.32847 0 0
0 0 275 0.7563 -0.62556 0.680439 -0.764086 0 0
0 0 276 1.06993 0.862972 1.37484 1.49682 0 0
0 0 277 0.282661 -1.19593 0.162897 1.11242 0 0
0 0 278 1.2241 -0.0999551 -0.484391 1.01239 0 0
0 0 279 0.839832 0.210219 0.396879 0.580306 0 0
0 0 280 0.693172 0.578284 -0.00534341 1.10256 0 0
0 0 281 0.247893 0.640396 1.48252 -2.33382 0 0
0 0 282 2.0249 -0.218466 2.22668 -0.978052 0 0
0 0 283 -0.489292 1.48614 -0.368147 -0.945488 0 0
0 0 284 -1.83831 1.28573 0.77489 -0.964667 0 0
0 0 285 -0.495213 -2.11052 1.64308 -0.391671 0 0
0 0 286 -1.46291 -1.05496 -0.270533 -0.464533 0 0
0 0 287 0.223425 -0.332939 -1.42048 0.27638 0 0
0 0 288 1.13775 0.44997 -0.249676 -0.132955 0 0
0 0 289 1.04796 0.253917 0.29765 0.643156 0 0
0 0 290 0.689363 -0.188994 0.291514 -1.34461 0 0
0 0 291 2.23388 0.518563 0.0572488 -0.969389 0 0
0 0 292 1.23258 2.38992 -0.425963 0.00448427 0 0
0 0 293 -2.64997 -0.04732 -0.614349 -0.372744 0 0
0 0 294 1.18446 -0.049028 1.72826 0.608399 0 0
0 0 295 0.500676 -2.16737 -1.46614 -2.2315 0 0
0 0 296 -0.613754 0.111445 1.11036 -1.20172 0 0
0 0 297 3.23214 0.233824 -0.849404 -0.599088 0 0
0 0 298 -0.647026 0.734336 -0.129952 1.2126 0 0
0 0 299 2.44327 -1.07009 1.3535 -0.482507 0 0
0 0 300 -0.770952 -0.104686 1.3797 2.05109 0 0
0 0 301 0.35483 0.914254 2.5912 -0.208593 0 0
0 0 302 0.519947 -2.90022 0.376522 -0.542773 0 0
0 0 303 1.96874 -1.15585 0.443088 1.33589 0 0
0 0 304 1.24066 0.548111 1.29705 -0.694178 0 0
0 0 305 2.02194 -1.0907 1.04193 -1.32755 0 0
0 0 306 0.555739 0.447413 1.84484 -0.410636 0 0
0 0 307 -0.977351 -0.673942 -0.146365 0.605743 0 0
0 0 308 -0.151177 -0.18598 -1.46044 -1.09637 0 0
0 0 309 1.06215 0.813073 0.460482 0.561518 0 0
0 0 310 1.89268 1.4367 0.613678 0.87874 0 0
0 0 311 1.74845 -0.766257 -3.02046 0.189778 0 0
0 0 312 -0.621264 0.82307 -0.270508 0.590657 0 0
0 0 313 1.16434 1.29481 0.733976 0.642261 0 0
0 0 314 0.748302 0.660545 0.105072 -1.9971 0 0
0 0 315 2.19896 0.395086 1.38315 -0.0750486 0 0
0 0 316 1.29129 1.67466 -2.2341 0.168044 0 0
0 0 317 1.43597 -0.345778 0.580436 -1.088 0 0
0 0 318 1.965 1.22606 -1.45013 -0.240346 0 0
0 0 319 0.689104 0.584007 1.00811 0.633582 0 0
0 0 320 0.0117648 0.348805 0.806584 0.248511 0 0
0 0 321 1.51893 0.834736 -0.627825 -1.69068 0 0
0 0 322 -1.02647 -0.944331 1.38175 1.01847 0 0
0 0 323 1.04435 1.28584 -0.672961 1.70116 0 0
0 0 324 1.76852 1.32699 -1.32703 -2.44903 0 0
0 0 325 1.10191 -0.589081 -0.747825 0.248805 0 0
0 0 326 0.122765 0.0905391 0.295688 1.62752 0 0
0 0 327 1.40025 -0.144513 -0.209091 -1.05739 0 0
0 0 328 1.01921 1.09153 -1.94538 1.9817 0 0
0 0 329 1.93738 1.65083 0.838883 1.00234 0 0
0 0 330 1.12455 2.15737 -0.517775 0.498 0 0
0 0 331 0.727317 0.900617 -0.417434 0.8325 0 0
0 0 332 -0.0479787 -0.114255 -1.05715 -2.07216 0 0
0 0 333 0.43464 0.797161 -1.40383 -1.21439 0 0
0 0 334 0.55486 -0.129932 -1.55344 -0.342578 0 0
0 0 335 0.428924 -0.576202 0.838055 0.565362 0 0
0 0 336 -0.418407 -1.32175 -1.71152 1.45748 0 0
0 0 337 -1.56094 -1.87569 0.884544 -2.79522 0 0
0 0 338 -0.667257 0.316663 -0.387044 -0.0190996 0 0
0 0 339 0.953328 -0.812442 -0.465537 0.918911 0 0
0 0 340 0.63229 -0.780612 0.631532 2.35644 0 0
0 0 341 0.415407 0.516225 -1.79821 1.17993 0 0
0 0 342 -0.101147 -0.72104 -0.522942 0.993486 0 0
0 0 343 0.159033 -1.73767 -0.503826 -0.364116 0 0
0 0 344 1.82231 -1.07574 -1.28142 0.125027 0 0
0 0 345 -0.180218 0.677458 0.542331 1.06045 0 0
0 0 346 -0.872065 -0.38723 -0.430619 1.44063 0 0
0 0 347 1.71171 1.55195 -1.13194 -0.190778 0 0
0 0 348 1.07438 1.20344 -2.69458 -1.28837 0 0
0 0 349 1.69409 0.411497 0.191082 1.17914 0 0
0 0 350 2.00033 0.770177 -1.79799 0.78108 0 0
0 0 351 0.539039 0.46499 2.49112 2.1612 0 0
0 0 352 -0.969092 -0.498398 0.407923 -0.195403 0 0
0 0 353 0.0402011 -0.483354 2.0885 0.370705 0 0
0 0 354 -0.0506006 0.917923 -1.59025 1.06391 0 0
0 0 355 2.83645 -0.0308685 1.51325 0.161886 0 0
0 0 356 1.96381 1.29835 0.257863 -0.754281 0 0
0 0 357 -0.907739 0.452224 -0.11844 0.172448 0 0
0 0 358 -1.49316 -2.87453 1.56537 0.190614 0 0
0 0 359 1.99081 0.999958 -0.795501 1.19565 0 0
0 0 360 -0.133263 -0.875127 -0.106794 -0.0349326 0 0
0 0 361 0.604357 -0.192532 -1.62602 -0.507272 0 0
0 0 362 0.199382 0.479793 -1.21649 1.54697 0 0
0 0 363 1.45263 -0.17623 0.089939 0.640364 0 0
0 0 364 3.47055 2.29176 -0.176679 -0.992091 0 0
0 0 365 0.966936 0.035217 -0.59852 1.22991 0 0
0 0 366 0.658948 0.0185638 -0.232438 1.13994 0 0
0 0 367 -0.498401 -0.0492654 0.790748 -0.393243 0 0
0 0 368 1.69213 0.16648 -1.17393 -1.34682 0 0
0 0 369 0.0913556 1.19305 -1.88641 0.549473 0 0
0 0 370 1.41703 -0.921473 -0.158289 0.429922 0 0
0 0 371 1.2449 1.63535 -2.41384 -0.264744 0 0
0 0 372 1.7665 -1.32739 -2.11911 2.65444 0 0
0 0 373 1.34572 -1.85139 -2.02414 0.551166 0 0
0 0 374 0.395671 1.28832 -0.560578 0.507246 0 0
0 0 375 2.27864 2.07425 -1.98627 0.874186 0 0
0 0 376 2.49515 0.521469 -1.00802 -0.0482063 0 0
0 0 377 3.43892 -0.435498 -2.55397 -0.807552 0 0
0 0 378 4.37913 1.39347 -1.01203 -1.86371 0 0
0 0 379 3.62257 1.92039 -0.830416 1.49123 0 0
0 0 380 1.6225 0.122652 -1.63759 -0.527507 0 0
0 0 381 4.79208 0.643034 -3.07994 0.909281 0 0
0 0 382 2.72276 2.15609 -4.13003 0.742466 -31.2165 6.7495
0 0 383 5.0268 0.365561 -2.98018 -2.53329 0 0
0 0 384 7.68559 2.7133 -6.80857 1.12692 -34.1361 4.28576
0 0 385 5.89791 1.27986 -7.1177 0.151165 -39.9032 4.33706
0 0 386 6.99367 1.34744 -7.87102 0.179673 -40.1428 3.92757
0 0 387 8.12248 3.17354 -7.32849 2.19044 -33.2927 3.93443
0 0 388 6.88027 2.49547 -7.55422 1.4475 -35.8597 3.94616
0 0 389 10.7144 3.25558 -10.26 0.654571 -36.1977 2.9163
0 0 390 12.4807 0.780068 -11.8467 0.202946 -43.1163 2.64084
0 0 391 11.1665 1.60405 -8.90836 0.806526 -39.8963 3.46513
0 0 392 13.0714 2.89111 -11.1422 -0.967232 -37.727 2.72595
0 0 393 12.8276 2.94555 -12.0116 -0.957877 -38.1107 2.537
0 0 394 12.9202 3.91944 -13.8683 -2.40432 -37.1094 2.17768
0 0 395 15.148 3.61814 -12.9241 -0.00451521 -37.1801 2.33836
0 0 396 15.7754 4.49154 -13.6407 1.33836 -35.8873 2.18606
0 0 397 16.5539 3.14977 -14.4032 -0.374996 -38.8322 2.1278
0 0 398 13.4166 3.66286 -13.8373 -1.07281 -37.5867 2.19228
0 0 399 18.2962 3.22483 -14.2413 -0.137292 -38.6205 2.14855
0 0 400 15.2355 3.32368 -14.2454 0.720024 -38.4334 2.14479
0 0 401 17.1999 2.14296 -13.4594 0.0416004 -40.4768 2.30113
0 0 402 17.3011 1.50547 -14.4586 1.18634 -42.0278 2.15701
0 0 403 14.7642 4.73255 -12.5356 -1.21993 -34.6585 2.34389
0 0 404 13.5886 2.37997 -12.1146 2.3274 -39.4428 2.54067
0 0 405 12.6045 4.2431 -11.5202 1.51251 -34.8902 2.55799
0 0 406 15.523 0.375971 -11.5447 -0.838564 -44.0674 2.71422
0 0 407 11.6936 3.41761 -10.5465 -0.375123 -36.0225 2.83166
0 0 408 13.3387 1.52912 -11.9045 -0.827568 -41.3402 2.61269
0 0 409 11.3608 3.48638 -9.86878 0.239984 -35.2715 3.00006
0 0 410 10.3352 2.35948 -10.5807 1.30427 -38.7144 2.89396
0 0 411 10.9991 3.04851 -11.2749 -0.147478 -37.4351 2.6868
0 0 412 10.7608 2.79026 -9.39135 0.369225 -36.7264 3.2037
0 0 413 11.0186 0.226123 -10.4671 0.807043 -44.3812 2.99452
0 0 414 12.0953 0.293906 -10.9263 -0.396666 -44.2296 2.86832
0 0 415 11.8317 0.971465 -8.46862 1.81994 -41.728 3.67859
0 0 416 9.49047 -0.0522046 -7.90585 -1.15495 -45.1892 3.96548
0 0 417 11.1513 -0.190004 -8.28791 0.0685804 -45.6567 3.78179
0 0 418 10.7952 3.18462 -8.56338 1.65076 -34.8002 3.43734
0 0 419 12.346 3.72221 -8.42764 1.50811 -33.0853 3.41073
0 0 420 11.0349 1.231 -10.2374 0.498275 -41.5717 3.04112
0 0 421 9.87237 4.3121 -10.135 0.705059 -33.4759 2.85257
0 0 422 11.8935 0.650456 -10.5991 1.28531 -43.2441 2.9525
0 0 423 12.3091 2.66321 -10.3327 -1.20366 -37.7734 2.94071
0 0 424 12.1221 0.305472 -9.05249 0.863853 -44.0337 3.46135
0 0 425 11.8881 1.31397 -9.49575 1.51395 -41.0609 3.2713
0 0 426 12.1786 2.49424 -9.70673 -0.175699 -37.7945 3.13094
0 0 427 13.4675 2.10406 -11.2182 -0.537156 -39.6886 2.74808
0 0 428 15.087 2.22486 -14.7152 -0.0104546 -40.7011 2.10724
0 0 429 14.8831 3.08314 -12.1279 -0.206488 -37.8683 2.50749
0 0 430 14.5466 2.6566 -13.2084 -0.25439 -39.3139 2.32825
0 0 431 14.3989 1.84636 -14.5843 1.16452 -41.3924 2.13309
0 0 432 18.4855 2.25276 -15.517 0.115434 -40.8697 2.00006
0 0 433 20.0734 2.92743 -18.1011 -1.46778 -40.4066 1.7104
0 0 434 18.8765 1.98267 -17.4519 -0.553129 -41.7593 1.78527
0 0 435 22.5994 0.583117 -18.4828 2.61617 -44.0965 1.69541
0 0 436 21.6974 -0.476351 -19.028 0.988138 -45.717 1.64713
0 0 437 22.3049 2.41211 -17.1545 0.0173822 -40.998 1.81027
0 0 438 23.3379 0.919218 -19.2046 -0.423971 -43.6298 1.63066
0 0 439 23.4203 2.57854 -20.8397 -0.58381 -41.4733 1.49333
0 0 440 26.1754 3.70493 -22.6324 -0.777529 -40.3516 1.36754
0 0 441 27.3223 2.82812 -22.4794 0.668855 -41.4147 1.38406
0 0 442 29.0208 2.21324 -24.9398 2.0918 -42.4643 1.25229
0 0 443 29.5382 3.17619 -26.4115 1.63133 -41.5713 1.17877
0 0 444 33.7854 0.415768 -27.3407 -0.793039 -44.5644 1.14656
0 0 445 33.1343 1.54385 -28.099 -0.754396 -43.4276 1.1141
0 0 446 36.6581 3.99301 -30.0292 -1.93458 -41.2129 1.03516
0 0 447 35.3742 1.3883 -30.0636 0.40661 -43.678 1.04175
0 0 448 37.9292 3.65671 -31.0532 0.724733 -41.642 1.00286
0 0 449 36.1952 -0.5189 -30.6919 -0.0288232 -45.4843 1.02134
0 0 450 40.4916 4.31562 -31.6322 -0.597635 -41.1155 0.982271
0 0 451 38.8623 -0.16926 -33.6022 -2.02251 -45.1443 0.932998
0 0 452 40.5919 1.56603 -28.7361 0.100154 -43.4403 1.08943
0 0 453 42.002 -0.507994 -31.7128 -0.980198 -45.4589 0.988472
0 0 454 43.3699 -1.14149 -33.0554 -1.91386 -45.9889 0.947893
0 0 455 44.2649 0.981604 -31.0652 -1.23731 -44.0951 1.00871
0 0 456 46.6137 -2.41789 -33.6443 0.0121559 -47.0553 0.929511
0 0 457 48.8481 -1.96695 -31.4303 0.487916 -46.7905 0.995589
0 0 458 53.2515 -1.70376 -30.0803 0.309496 -46.6209 1.04063
0 0 459 53.7849 -5.23176 -31.9203 -0.671323 -49.654 0.969594
0 0 460 58.9147 -1.89393 -31.9752 0.303216 -46.6949 0.978816
0 0 461 60.0744 -3.1098 -29.2398 -1.4139 -48.0354 1.06636
0 0 462 67.7428 -2.6212 -28.48 -2.26765 -47.6293 1.09631
0 0 463 74.1079 -4.18383 -28.8967 0.094897 -49.1192 1.07405
0 0 464 79.3277 -5.134 -28.828 -2.04298 -50.049 1.07114
0 0 465 88.8007 -2.7971 -24.6516 0.562558 -48.2367 1.26389
0 0 466 98.1552 -1.02316 -21.7629 0.166508 -46.3459 1.43903
0 0 467 107.236 -1.66299 -12.79 -0.670683 -48.7041 2.43133
0 0 468 115.157 -1.95008 -4.01463 -1.75209 -57.9539 7.04325
0 0 469 128.262 -2.4584 4.08076 0.497532 60.5332 6.60541
0 0 470 141.158 1.575 13.7564 0.594372 41.7343 2.26465
0 0 471 155.85 1.18005 24.0461 2.16903 43.5952 1.30227
0 0 472 168.833 5.64304 33.5358 0.709178 40.2242 0.922252
0 0 473 189.096 7.6545 44.2723 3.43809 40.0954 0.698075
0 0 474 203.09 10.1918 58.1274 3.85579 40.0276 0.531471
0 0 475 220.716 14.6814 68.9735 3.26514 38.9918 0.44485
0 0 476 237.949 16.8353 79.2213 5.03291 39.0013 0.387333
0 0 477 249.482 22.6595 89.1297 4.36232 37.8679 0.341194
0 0 478 262.642 23.7589 97.8169 5.34348 38.1739 0.311697
0 0 479 268.158 28.4014 100.431 6.41087 37.1047 0.300698
0 0 480 272.778 25.898 100.424 6.30228 37.7696 0.302564
0 0 481 274.006 27.1983 98.7353 2.6841 37.2995 0.306429
0 0 482 271.091 28.1614 95.6352 6.02495 36.796 0.314823
0 0 483 264.375 27.0731 89.4769 3.13119 36.5829 0.335764
0 0 484 256.792 26.4726 82.0006 5.13376 36.0541 0.364321
0 0 485 247.935 22.513 76.0682 7.15044 36.7567 0.395649
0 0 486 238.287 22.2224 66.0049 1.82564 35.6964 0.450799
0 0 487 227.727 21.4972 59.2921 1.1257 35.0356 0.497907
0 0 488 217.436 17.9959 48.9096 1.25633 34.8997 0.602583
0 0 489 204.87 13.3277 44.7106 2.63854 36.7006 0.672755
0 0 490 193.812 12.4535 35.7245 2.58273 35.3907 0.829937
0 0 491 184.933 12.4826 31.0353 1.57989 34.0448 0.939048
0 0 492 174.922 8.64806 24.5183 0.700896 35.2857 1.20775
0 0 493 167.541 7.94524 20.6475 -0.225565 34.4765 1.41968
0 0 494 159.696 7.39351 16.7001 -0.211367 33.06 1.72056
0 0 495 153.287 3.97677 12.684 1.73318 36.2962 2.36148
0 0 496 148.582 2.01453 9.99436 0.144041 39.3019 3.07673
0 0 497 141.222 1.3895 7.60674 1.81556 39.824 4.05625
0 0 498 135.592 0.182259 4.84164 -1.34138 43.9221 6.47086
0 0 499 132.087 -0.532463 2.39132 -0.883777 0 0
0 0 500 127.896 -2.16507 2.15377 0.280571 0 0
0 0 501 123.687 -1.53484 -1.31388 -2.57595 0 0
0 0 502 118.565 -2.90956 -0.715239 -0.90146 0 0
0 0 503 113.428 -2.6663 -5.22799 -2.49207 -58.5109 5.35766
0 0 504 110.257 -2.7281 -3.66061 -2.05981 -63.3478 6.90164
0 0 505 109.913 -3.50721 -5.67077 -3.26087 -60.8678 4.72025
0 0 506 103.351 -3.95469 -5.94641 -1.48443 -61.8131 4.409
0 0 507 102.056 -4.03026 -6.65368 -5.4582 -60.602 4.04539
0 0 508 97.0727 -3.99243 -6.00369 -4.50878 -61.8119 4.36705
0 0 509 94.3496 -5.00214 -6.48472 -5.1142 -63.8228 3.84814
0 0 510 91.4313 -3.78104 -5.52481 -4.8438 -62.1934 4.70394
0 0 511 87.1558 -5.18928 -6.11892 -5.51252 -65.1502 3.9306
0 0 512 85.7822 -4.30881 -4.65727 -6.47392 -66.3872 4.97328
0 0 513 83.0315 -5.95922 -6.32723 -3.44463 -66.6422 3.63083
0 0 514 77.2165 -5.17594 -6.60624 -5.52812 -64.0392 3.75562
0 0 515 73.6338 -6.87762 -6.44246 -5.81441 -68.4356 3.35171
0 0 516 73.1161 -4.28514 -6.63691 -6.61863 -61.4242 3.98489
0 0 517 69.6895 -7.68056 -5.13524 -6.26735 -73.1166 3.42619
0 0 518 66.1271 -5.80974 -5.25006 -8.35869 -68.9485 4.03469
0 0 519 64.723 -8.44804 -6.83401 -7.57699 -70.5145 2.90969
0 0 520 60.5545 -8.64139 -5.49858 -8.71459 -73.7655 3.09146
0 0 521 56.6123 -8.596 -3.63063 -6.53943 -78.5513 3.39975
0 0 522 55.7294 -8.61896 -6.43157 -7.25807 -71.6346 2.94154
0 0 523 51.1599 -7.30893 -4.01961 -5.80597 -75.5955 3.79899
0 0 524 48.8491 -7.52837 -5.43658 -6.6693 -72.0826 3.40725
0 0 525 47.6312 -7.61724 -3.34938 -4.83547 -78.1322 3.81191
0 0 526 43.654 -8.05786 -4.73479 -3.49938 -74.7808 3.38947
0 0 527 43.1279 -9.07637 -3.54927 -5.85115 -79.3211 3.25603
0 0 528 38.1179 -8.17309 -2.98759 -5.51016 -79.9603 3.64727
0 0 529 38.6969 -10.4861 -4.60215 -6.31853 -78.1522 2.76988
0 0 530 34.3493 -8.59027 -2.27685 -4.77913 -82.5775 3.57396
0 0 531 35.0546 -8.18573 -3.44079 -5.39412 -78.6005 3.57279
0 0 532 33.3901 -6.25719 -4.56247 -4.42774 -71.951 4.08557
0 0 533 31.7141 -6.83533 -3.5527 -3.98977 -76.2683 4.11466
0 0 534 27.9943 -6.12372 -4.83114 -4.60371 -70.8646 4.05415
0 0 535 27.2836 -7.01768 -2.01946 -4.17516 -81.973 4.34876
0 0 536 26.3088 -6.11028 -2.46216 -1.6844 -79.0264 4.81641
0 0 537 24.6993 -7.20649 -3.72845 -3.00838 -76.3221 3.90662
0 0 538 23.7549 -7.86597 -4.9553 -4.86079 -73.8952 3.40615
0 0 539 20.3219 -7.94452 -2.21858 -2.8531 -82.1986 3.85022
0 0 540 21.3894 -7.02962 -4.10103 -3.53953 -74.8705 3.89254
0 0 541 20.8467 -6.95238 -2.83358 -4.26162 -78.9128 4.22607
0 0 542 18.1519 -6.56797 -0.580263 -3.27537 -87.4756 4.82086
0 0 543 17.9072 -7.26274 -1.57531 -2.7339 -83.881 4.27503
0 0 544 16.9105 -5.06085 -2.29818 -0.578881 -77.7884 5.70604
0 0 545 15.3884 -7.26764 -2.01805 -2.28183 -82.2407 4.21058
0 0 546 17.127 -5.56422 -0.50273 0.127018 -87.4187 5.68948
0 0 547 14.0505 -4.61055 -1.6916 -1.159 -79.926 6.46259
0 0 548 12.9564 -5.06785 -1.89759 -1.08093 -79.7361 5.86466
0 0 549 15.1376 -2.47695 -1.67731 -3.14915 0 0
0 0 550 13.0135 -4.95593 -1.25009 -1.53028 -82.9215 6.21462
0 0 551 11.7568 -4.97011 -2.77545 -1.88888 -75.4099 5.56627
0 0 552 9.41115 -4.76884 -1.43915 -1.15655 -81.6036 6.37461
0 0 553 11.8904 -2.33152 -3.03952 -1.8887 -63.7453 8.2267
0 0 554 9.6291 -2.23517 -0.683858 -0.26275 0 0
0 0 555 9.90523 -2.75975 0.0270733 -1.32676 0 0
0 0 556 8.12322 -4.25579 -2.13766 1.40214 -76.6649 6.65662
0 0 557 10.2496 -3.72377 -2.67028 -2.04665 -72.178 6.9053
0 0 558 9.13039 -2.26961 -2.06488 -1.5097 0 0
0 0 559 7.82059 -2.95843 -2.75403 -1.50846 -68.5246 7.81489
0 0 560 5.82761 -3.23464 -1.04345 0.119221 0 0
0 0 561 7.26772 -1.74061 -0.297935 1.55826 0 0
0 0 562 6.81014 -2.52698 -2.00072 -0.709823 0 0
0 0 563 8.02936 -2.45661 -0.736249 -0.488822 0 0
0 0 564 7.5036 -3.11032 -0.754132 0.842127 0 0
0 0 565 6.36744 -0.626431 -0.410466 -0.350024 0 0
0 0 566 7.36952 -2.82341 -0.841575 -1.75086 0 0
0 0 567 5.1425 -2.1896 0.230039 0.692241 0 0
0 0 568 7.67308 -0.349635 0.921181 -1.68696 0 0
0 0 569 5.00007 -1.74399 -0.116699 1.94951 0 0
0 0 570 3.97639 0.311524 -0.00899007 0.022583 0 0
0 0 571 4.32684 1.50016 1.22221 -0.946684 0 0
0 0 572 3.49813 -2.13161 -0.0598566 0.264473 0 0
0 0 573 3.98922 0.552791 -1.09434 0.700787 0 0
0 0 574 3.52739 0.671563 1.36285 0.54752 0 0
0 0 575 5.14433 -0.672076 0.310091 -1.17557 0 0
0 0 576 3.05712 1.50938 1.45908 0.372058 0 0
0 0 577 2.93007 0.761127 1.16114 -1.43456 0 0
0 0 578 2.57378 0.26649 1.75941 1.94769 0 0
0 0 579 4.08684 -1.92476 1.07662 0.388928 0 0
0 0 580 1.65374 -1.20494 2.03623 -1.46292 0 0
0 0 581 1.27602 -0.247734 1.80962 -0.290353 0 0
0 0 582 2.74435 0.149323 1.23613 -0.112442 0 0
0 0 583 2.76128 -0.916934 0.705596 0.0361351 0 0
0 0 584 4.38962 -1.47867 0.479463 -0.600414 0 0
0 0 585 4.56702 -0.113451 -0.885528 -0.163491 0 0
0 0 586 3.65663 -0.223049 3.41436 -1.47608 0 0
0 0 587 4.42288 1.97099 0.75268 -0.129316 0 0
0 0 588 2.54831 0.0668302 1.82484 0.0756354 0 0
0 0 589 3.7784 1.4301 1.70643 0.909679 0 0
0 0 590 4.40012 -1.72775 2.89989 0.646627 0 0
0 0 591 2.66047 0.193406 2.42468 -0.847913 0 0
0 0 592 6.36589 2.6203 2.47046 0.478147 0 0
0 0 593 3.48 0.480897 3.60997 -0.543663 0 0
0 0 594 0.590806 -0.796105 2.52987 0.769555 0 0
0 0 595 3.84268 -0.708149 5.01886 -0.409381 49.0156 6.18709
0 0 596 3.96269 0.533632 4.23107 0.761796 41.4058 7.35313
0 0 597 4.24792 -0.654265 3.63086 -0.017802 50.1074 8.50154
0 0 598 5.6975 1.27552 3.94692 -1.87455 36.0454 7.56837
0 0 599 3.79027 -1.51255 3.84247 -4.034 55.7433 7.60643
0 0 600 5.23203 0.996634 3.89542 -0.425872 37.8244 7.80381
0 0 601 6.67683 -0.346332 6.35571 -1.33509 46.5595 4.92565
0 0 602 3.35153 -0.539202 3.68049 0.227197 49.1673 8.43072
0 0 603 4.60637 -1.78658 4.48159 -0.590515 55.8673 6.51076
0 0 604 6.77091 -0.953383 3.48652 0.211352 0 0
0 0 605 4.58136 -2.1359 2.63114 -1.13878 0 0
0 0 606 4.79808 -3.14366 5.6692 -0.7523 59.5045 4.8523
0 0 607 5.86483 -1.82782 1.81301 -1.24144 0 0
0 0 608 5.51025 -2.38139 3.02263 -1.16277 64.1165 8.19119
0 0 609 7.61412 -0.776606 3.44797 0.0707213 0 0
0 0 610 3.88254 -0.542816 4.36962 -0.372508 48.5406 7.1216
0 0 611 6.76632 -2.01628 3.8874 0.162683 58.7072 7.18048
0 0 612 4.30951 -1.61346 3.30894 -0.520331 57.9971 8.53922
0 0 613 4.83598 -1.44673 4.37228 -0.0679762 54.1543 6.81692
0 0 614 5.7191 -2.30139 3.39169 -0.985 62.0792 7.68281
0 0 615 5.93761 -1.84554 2.33373 0.12426 0 0
0 0 616 6.42735 -3.23517 5.18822 1.69185 60.973 5.14775
0 0 617 2.43909 -3.4874 3.46033 0.451814 67.6116 6.42666
0 0 618 3.50601 -2.25658 3.7275 -0.498585 60.5951 7.22217
0 0 619 3.81749 -4.2618 3.68833 1.55875 69.5629 5.60712
0 0 620 7.25553 -1.77251 2.53989 -0.466026 0 0
0 0 621 6.01321 -2.63992 4.34705 -1.47755 60.635 6.18773
0 0 622 4.38717 -2.00702 3.25514 1.43867 60.8284 8.22998
0 0 623 3.45733 -1.14596 3.39464 0.178046 0 0
0 0 624 4.75513 -2.76021 4.33365 0.00520889 61.2471 6.12656
0 0 625 2.584 -1.95898 1.93187 -0.589471 0 0
0 0 626 3.70229 -2.15073 1.63366 -0.779808 0 0
0 0 627 5.16217 0.0645781 1.19351 1.30383 0 0
0 0 628 2.94082 1.01636 4.03985 -1.1561 37.9392 7.53226
0 0 629 1.87266 -2.0088 2.25742 0.329768 0 0
0 0 630 1.62086 -1.33753 0.87612 0.397254 0 0
0 0 631 3.51138 -1.11661 3.95463 0.585806 52.8837 7.63735
0 0 632 4.09874 -1.12231 1.08188 -1.66411 0 0
0 0 633 3.04183 -1.52111 -0.407198 0.360347 0 0
0 0 634 2.54776 0.0966959 0.923856 -0.110385 0 0
0 0 635 2.8674 -0.557711 0.144617 -0.537015 0 0
0 0 636 3.26886 -1.05256 1.67249 0.745569 0 0
0 0 637 2.81518 -3.26 2.24627 -1.07986 72.7158 7.99437
0 0 638 2.44769 -1.99826 0.977614 0.0291603 0 0
0 0 639 0.222864 0.384553 1.91717 0.834421 0 0
0 0 640 0.275132 -1.09074 3.17632 -1.30991 0 0
0 0 641 2.37585 -0.158968 -1.02495 0.0116629 0 0
0 0 642 2.82544 -0.713838 1.51454 -0.106378 0 0
0 0 643 0.514991 -0.702844 1.22056 -0.300986 0 0
0 0 644 1.90303 -0.818763 0.545079 1.61864 0 0
0 0 645 2.42885 -0.928224 0.43584 -0.529273 0 0
0 0 646 1.69456 0.61639 0.0651329 -0.032325 0 0
0 0 647 1.76319 -1.27692 0.935033 -0.374519 0 0
0 0 648 1.23555 0.082927 1.25453 -0.0548254 0 0
0 0 649 3.52631 -2.38806 0.503417 -0.521091 0 0
0 0 650 1.11587 0.778194 -0.0533952 -0.491087 0 0
0 0 651 -0.124159 -0.866618 -1.09167 -0.941385 0 0
0 0 652 0.85589 0.558331 1.06965 2.21927 0 0
0 0 653 0.759162 -0.432361 1.67341 1.71012 0 0
0 0 654 -0.971417 1.69125 0.350784 0.3172 0 0
0 0 655 -0.909479 -0.344134 -1.87241 0.360683 0 0
0 0 656 -1.90283 -2.72388 1.21011 -0.0999871 0 0
0 0 657 1.0241 -0.621644 -0.511511 -0.758991 0 0
0 0 658 1.54799 -0.03346 2.93744 1.27853 0 0
0 0 659 3.24763 0.116641 -0.505578 -0.170429 0 0
0 0 660 0.175246 0.516694 0.499695 -0.586812 0 0
0 0 661 0.933617 -0.95607 0.799301 0.401063 0 0
0 0 662 1.60441 -1.0205 -1.40072 0.186718 0 0
0 0 663 0.910241 -0.7597 -0.390691 -0.713033 0 0
0 0 664 2.72195 -0.436138 1.22274 -1.56302 0 0
0 0 665 0.230789 0.713515 -0.168847 -0.40871 0 0
0 0 666 2.05569 -1.66496 1.00837 1.33551 0 0
0 0 667 0.433535 -0.871089 0.368728 1.57273 0 0
0 0 668 -0.0220422 1.76593 -0.591764 0.100063 0 0
0 0 669 0.909245 0.969891 -0.174841 0.823669 0 0
0 0 670 -0.179843 -0.425862 1.83459 1.81321 0 0
0 0 671 0.12112 -1.72902 0.0988544 2.52652 0 0
0 0 672 -0.838191 -0.0467043 -0.868248 -0.376302 0 0
0 0 673 0.494811 -1.95736 -0.0484262 0.437145 0 0
0 0 674 -0.35347 -1.24382 0.316733 1.30953 0 0
0 0 675 -0.218973 0.212634 0.0751663 -0.457697 0 0
0 0 676 2.95677 1.28752 -0.779749 0.931788 0 0
0 0 677 0.495642 3.56119 0.112165 0.796189 0 0
0 0 678 0.00924531 0.0385109 0.0645834 0.50691 0 0
0 0 679 0.960312 1.1991 -0.463496 -2.97252 0 0
0 0 680 -2.9112 -0.508336 2.0265 1.22027 0 0
0 0 681 1.30456 0.978568 0.198776 0.939084 0 0
0 0 682 -0.0894684 -1.49686 -1.09248 1.29588 0 0
0 0 683 2.03953 0.586162 -2.03279 -0.977297 0 0
0 0 684 -0.774988 -0.217815 1.17028 0.564623 0 0
0 0 685 2.35821 1.86849 0.63937 0.568502 0 0
0 0 686 0.475047 1.64681 -0.521488 -1.05701 0 0
0 0 687 0.35243 -0.22043 -1.01052 -2.21603 0 0
0 0 688 -0.550569 -0.250203 0.112912 0.431441 0 0
0 0 689 -0.835999 0.820719 -0.670316 3.21548 0 0
0 0 690 -0.11231 0.485783 -0.25252 -0.22292 0 0
0 0 691 2.5885 0.458083 -0.934177 0.559999 0 0
0 0 692 -0.913827 1.76586 -0.202046 0.459673 0 0
0 0 693 2.53622 -1.03402 0.0549924 -2.66669 0 0
0 0 694 1.36929 -1.65189 -1.39821 -0.263846 0 0
0 0 695 0.370811 -1.21733 -0.250668 -0.180827 0 0
0 0 696 -0.571992 0.95539 0.408923 0.189081 0 0
0 0 697 2.14766 0.55429 -1.59245 1.40835 0 0
0 0 698 1.9452 0.128839 -1.06776 -0.120988 0 0
0 0 699 -1.54473 0.225322 -2.22883 -0.371029 0 0
0 0 700 -1.81508 0.0396468 -0.43523 0.188474 0 0
0 0 701 -1.28985 1.15063 -0.591327 -0.0786895 0 0
0 0 702 0.758892 1.8024 0.0310827 -1.66643 0 0
0 0 703 1.04261 1.25822 -3.88639 0.877537 -36.0303 7.68496
0 0 704 0.887083 -1.29207 1.49156 -1.71787 0 0
0 0 705 -0.233943 -0.430358 0.14965 0.751058 0 0
0 0 706 -0.0827614 0.0686056 1.1766 0.198705 0 0
0 0 707 -1.13935 -1.23615 -1.16301 -0.924992 0 0
0 0 708 -0.137981 -1.00416 -1.57055 1.72666 0 0
0 0 709 -0.159722 -0.0459553 -0.54044 0.335769 0 0
0 0 710 -1.18151 1.18652 -2.47378 2.32505 0 0
0 0 711 1.03452 0.445083 -0.362977 -1.42525 0 0
0 0 712 -1.90173 -0.0324107 -1.82009 0.480395 0 0
0 0 713 -0.175583 -0.857002 0.48902 -0.0600782 0 0
0 0 714 2.53205 0.956612 -0.176708 1.41186 0 0
0 0 715 0.936587 -0.47228 0.322468 0.224609 0 0
0 0 716 0.797559 -0.509505 0.496317 0.993464 0 0
0 0 717 1.35565 -0.067997 -0.143387 0.206979 0 0
0 0 718 -0.120471 -0.415636 -1.41524 0.402645 0 0
0 0 719 0.191151 -0.510552 1.45574 -0.111067 0 0
0 0 720 -0.21897 -0.56722 0.675497 0.769026 0 0
0 0 721 1.24783 0.903457 0.701046 0.0900507 0 0
0 0 722 -0.17567 0.126597 -0.702665 -0.322389 0 0
0 0 723 1.49007 1.01261 1.6814 1.52485 0 0
0 0 724 -0.497842 -1.48412 -0.0937411 0.634848 0 0
0 0 725 1.0202 1.51128 0.459805 1.55442 0 0
0 0 726 1.02075 0.323018 1.24389 -0.227213 0 0
0 0 727 0.274432 0.949708 -2.70343 -1.40289 0 0
0 0 728 -0.775479 -0.442825 1.01153 1.27879 0 0
0 0 729 0.187297 0.121356 -1.33707 -0.0680891 0 0
0 0 730 -0.543238 -0.298953 0.276957 -0.21579 0 0
0 0 731 0.730124 0.36114 -0.196141 -0.0744876 0 0
0 0 732 0.944849 -0.130223 -1.21067 -0.279896 0 0
0 0 733 -0.307774 -0.641361 -0.0999862 -2.17479 0 0
0 0 734 1.31895 1.05873 -1.29607 -1.4787 0 0
0 0 735 -0.652339 -0.242552 1.50408 1.44183 0 0
0 0 736 -1.20291 1.27023 -0.105967 0.241619 0 0
0 0 737 -0.923054 -1.03319 -1.547 0.682247 0 0
0 0 738 1.32526 -0.259149 0.782096 -1.78217 0 0
0 0 739 1.16768 1.17977 -0.692472 -0.431799 0 0
0 0 740 0.335534 -0.108114 -1.20017 -1.61473 0 0
0 0 741 1.8263 1.37959 0.195568 -0.0846029 0 0
0 0 742 1.31816 0.236137 0.31759 -0.469811 0 0
0 0 743 0.820876 0.173211 0.970195 -0.617144 0 0
0 0 744 -1.08733 1.27668 -2.17248 -0.176747 0 0
0 0 745 1.51885 -0.725567 -0.286239 1.05661 0 0
0 0 746 -0.469324 2.45465 -0.777727 -0.395933 0 0
0 0 747 1.99156 -1.74758 -0.373985 0.745641 0 0
0 0 748 -1.03745 -2.71782 0.567333 -0.0050811 0 0
0 0 749 -0.777558 1.31509 0.0439659 1.1547 0 0
0 0 750 -0.591453 1.53562 -0.18637 -0.175004 0 0
0 0 751 1.36764 0.306083 -2.08052 2.09269 0 0
0 0 752 -0.833059 0.910107 -1.63791 2.95797 0 0
0 0 753 1.66542 0.141849 -0.109074 2.02033 0 0
0 0 754 1.07329 1.35034 -0.912562 -0.759489 0 0
0 0 755 1.19466 -1.21274 -0.0260724 1.20366 0 0
0 0 756 -0.678102 -1.75284 0.883452 1.22062 0 0
0 0 757 -0.730095 0.968311 -2.61381 -0.165596 0 0
0 0 758 2.37541 1.93556 -3.72866 -0.365756 -31.283 7.48489
0 0 759 2.53998 -0.266605 -1.42924 -0.00413929 0 0
0 0 760 0.0845019 0.23471 -1.03855 2.0903 0 0
0 0 761 1.38125 0.5773 1.12216 -1.66635 0 0
0 0 762 0.816396 3.27766 -1.25745 -0.688181 0 0
0 0 763 1.07197 -0.400114 -2.56893 -0.354439 0 0
0 0 764 1.22435 -0.468454 0.970884 0.857121 0 0
0 0 765 1.28526 -1.38118 -2.02443 0.545865 0 0
0 0 766 -0.61805 0.839585 0.788745 -1.12422 0 0
0 0 767 -0.148911 -0.79724 -1.04225 0.47409 0 0
0 0 768 2.12499 1.3629 -0.135132 1.9086 0 0
0 0 769 -1.63781 0.507641 -0.246105 0.798064 0 0
0 0 770 1.37957 -0.755146 -1.80851 -0.00778016 0 0
0 0 771 0.618926 0.962728 -0.379818 -1.21925 0 0
0 0 772 -0.581974 -2.47143 1.02007 0.169214 0 0
0 0 773 0.745949 0.260182 1.5732 1.58538 0 0
0 0 774 2.00436 1.13678 1.10994 0.501487 0 0
0 0 775 -1.49887 -2.19295 1.62494 0.310453 0 0
0 0 776 2.92246 1.43783 1.70349 -0.320729 0 0
0 0 777 -0.197186 -0.121711 -0.00325973 1.3962 0 0
0 0 778 0.796741 -0.311112 0.1581 -0.745637 0 0
0 0 779 0.573188 1.03896 1.09591 -0.00778862 0 0
0 0 780 0.508019 1.43655 -1.41532 -0.00476458 0 0
0 0 781 0.551737 1.38327 -0.792387 0.804008 0 0
0 0 782 -1.269 0.719469 0.298103 -3.77028 0 0
0 0 783 0.547665 0.565091 -2.06577 0.36602 0 0
0 0 784 -1.12124 0.422846 0.724794 0.507713 0 0
0 0 785 1.27679 0.424137 -0.936639 1.17263 0 0
0 0 786 0.21705 -0.321057 -0.983584 -0.788177 0 0
0 0 787 1.85307 -2.73468 0.876706 0.387464 0 0
0 0 788 -0.787179 0.0245804 0.727347 0.121219 0 0
0 0 789 -1.01144 0.126112 2.26628 -0.60253 0 0
0 0 790 -1.3607 1.65938 -1.68902 1.12724 0 0
0 0 791 -1.07742 -0.358092 -0.438152 -0.704168 0 0
0 0 792 0.515413 -0.342615 1.02684 0.446625 0 0
0 0 793 -0.842993 0.0411184 0.0360179 -1.17137 0 0
0 0 794 0.625421 0.712025 0.454504 -0.929955 0 0
0 0 795 -0.672816 -0.675219 0.88792 0.857704 0 0
0 0 796 -0.708015 2.50376 0.615615 -0.104317 0 0
0 0 797 1.51206 -0.63673 0.253696 -1.14812 0 0
0 0 798 0.0327394 0.760595 -0.254247 -0.913645 0 0
0 0 799 -0.580015 -0.465607 2.19501 0.0259102 0 0
0 0 800 -0.753181 -0.550244 -1.63622 -2.70405 0 0
0 0 801 0.31379 -1.31664 0.194862 1.55074 0 0
0 0 802 -0.488731 -0.697296 -0.952047 0.427234 0 0
0 0 803 0.661141 -0.160776 0.0926521 1.14599 0 0
0 0 804 -1.07218 0.268869 0.0132891 -0.251739 0 0
0 0 805 -0.819524 -0.579753 0.651853 1.38523 0 0
0 0 806 1.22879 1.16679 1.49732 1.23272 0 0
0 0 807 1.78201 3.35128 0.277966 0.133295 0 0
0 0 808 0.797415 -2.47533 0.00801783 -1.43896 0 0
0 0 809 0.241484 -1.50535 0.341145 2.67045 0 0
0 0 810 -1.12117 -0.593975 0.11777 0.472146 0 0
0 0 811 -1.15559 -1.93193 -0.315728 -2.21491 0 0
0 0 812 -0.470552 -1.07434 0.256685 -0.162161 0 0
0 0 813 0.672998 -0.42716 -0.977279 3.29573 0 0
0 0 814 0.480875 0.1787 0.325867 -0.238045 0 0
0 0 815 -0.740448 -0.838488 -1.99068 1.25776 0 0
0 0 816 -0.977104 -0.764038 -2.0435 -0.961872 0 0
0 0 817 -2.06974 0.765185 0.0634157 -1.17376 0 0
0 0 818 2.01377 0.38702 -0.194657 -1.09588 0 0
0 0 819 0.353225 1.04367 -1.29481 0.630761 0 0
0 0 820 0.314517 0.502951 0.869093 -0.802888 0 0
0 0 821 0.0128966 -0.539309 0.00574485 -0.963376 0 0
0 0 822 0.274878 -0.855022 -0.646528 0.336981 0 0
0 0 823 1.10291 0.359504 -1.82307 0.741511 0 0
0 0 824 -1.14768 0.987886 -2.09602 -1.17378 0 0
0 0 825 0.355754 1.9874 -0.521811 -1.23755 0 0
0 0 826 -0.0557632 -0.443675 0.339361 0.645563 0 0
0 0 827 -0.333697 -0.969253 -0.0646018 -0.751909 0 0
0 0 828 0.0598921 -0.680259 1.0723 -2.02129 0 0
0 0 829 1.03251 -1.26437 -0.451009 -0.123959 0 0
0 0 830 -1.24274 -1.08194 -0.777216 1.46286 0 0
0 0 831 -0.360538 0.817129 0.928942 1.5966 0 0
0 0 832 2.24901 0.624576 0.388865 0.301113 0 0
0 0 833 1.3546 -0.284501 -1.63736 0.187879 0 0
0 0 834 1.12129 -0.0702814 0.482399 1.4635 0 0
0 0 835 -0.163688 -0.190385 -0.292884 0.667225 0 0
0 0 836 0.460438 -1.53134 0.577543 -0.585892 0 0
0 0 837 1.04503 -0.025917 1.30504 1.87016 0 0
0 0 838 1.03541 1.0867 0.925564 -0.613675 0 0
0 0 839 0.748621 1.41971 0.531362 -0.43582 0 0
0 0 840 -0.704861 -0.498498 -0.576662 -2.02927 0 0
0 0 841 1.19712 0.710953 0.866699 0.286548 0 0
0 0 842 0.693628 0.365376 0.172687 -0.450282 0 0
0 0 843 0.531709 -1.15328 0.620588 0.763734 0 0
0 0 844 -1.14147 -1.326 0.799287 -2.16834 0 0
0 0 845 0.647711 -1.50788 -0.150541 1.87044 0 0
0 0 846 -1.6238 0.600947 0.138129 -1.27154 0 0
0 0 847 0.407576 -1.60305 0.63587 0.177319 0 0
0 0 848 0.296986 1.24828 -1.43499 0.737955 0 0
0 0 849 1.06673 -2.33528 0.971016 0.713112 0 0
0 0 850 -0.815895 0.630142 -0.423365 -1.58305 0 0
0 0 851 0.447952 1.46637 0.924731 -0.401266 0 0
0 0 852 0.585021 0.293742 1.70272 2.83451 0 0
0 0 853 0.243662 0.766422 -0.402389 -0.0876179 0 0
0 0 854 0.993938 1.21986 -0.241679 0.302674 0 0
0 0 855 -2.39602 0.838338 1.65485 -2.1169 0 0
0 0 856 0.952835 -2.00054 0.640307 -0.439555 0 0
0 0 857 -1.49017 -2.20092 -1.14191 0.594196 0 0
0 0 858 0.211008 1.89239 0.652154 1.32139 0 0
0 0 859 1.39488 0.886922 -0.0730082 -0.801264 0 0
0 0 860 -0.500511 0.897995 0.475642 -0.386238 0 0
0 0 861 1.53221 -0.100215 -0.100635 2.89232 0 0
0 0 862 -1.64598 0.159897 0.570729 -0.552424 0 0
0 0 863 1.02761 -1.64518 1.74969 -1.74298 0 0
0 0 864 1.71121 1.28329 -1.02189 0.0672878 0 0
0 0 865 0.0278043 -0.964032 0.622107 -1.2059 0 0
0 0 866 -0.470353 -0.660891 3.5517 -2.49187 0 0
0 0 867 0.971408 0.929632 -1.14376 -0.609012 0 0
0 0 868 1.41195 1.20021 -0.283419 0.207234 0 0
0 0 869 -1.01859 -1.17406 0.202318 0.0459952 0 0
0 0 870 -0.814878 -0.0116557 -1.39664 -1.3477 0 0
0 0 871 -0.402945 -0.57971 1.28904 -1.32425 0 0
0 0 872 -0.945341 0.656138 -0.331146 -0.831089 0 0
0 0 873 -2.0831 1.10668 -0.187201 0.314274 0 0
0 0 874 -3.04812 1.03757 1.15446 -1.43547 0 0
0 0 875 0.610476 -0.105005 1.1275 0.692928 0 0
0 0 876 1.3135 -0.380379 0.719131 0.246014 0 0
0 0 877 -0.474143 -0.412862 0.85302 2.84244 0 0
0 0 878 0.390454 1.03648 0.172002 0.89799 0 0
0 0 879 -0.126893 0.810504 -2.04501 1.03827 0 0
0 0 880 -0.767438 0.102408 0.914567 0.312351 0 0
0 0 881 0.6904 -0.0905327 0.73221 0.171567 0 0
0 0 882 -0.10047 0.650205 0.654314 -0.795961 0 0
0 0 883 0.17943 -0.389139 2.50519 -1.08689 0 0
0 0 884 0.449913 0.990319 0.174961 -0.643838 0 0
0 0 885 -0.517527 1.5245 -0.548637 1.0876 0 0
0 0 886 -0.628456 0.1032 0.248368 0.913179 0 0
0 0 887 0.964821 0.590836 0.489894 1.67341 0 0
0 0 888 0.747117 0.0476505 -2.3573 0.307358 0 0
0 0 889 -0.629417 -0.187405 -0.312257 0.021254 0 0
0 0 890 0.163024 -0.715896 -0.569622 -1.87245 0 0
0 0 891 -1.00264 0.199568 -0.498544 0.496871 0 0
0 0 892 -0.572735 1.22056 0.202435 -0.83118 0 0
0 0 893 1.52112 1.83505 -0.37638 -0.966059 0 0
0 0 894 0.109802 0.229028 -0.607009 1.87337 0 0
0 0 895 1.72906 2.41048 0.326027 -0.203248 0 0
0 0 896 0.373159 0.487073 0.107429 -1.51577 0 0
0 0 897 0.0993649 0.59661 1.41635 0.423074 0 0
0 0 898 -2.28414 0.293644 2.00174 0.218524 0 0
0 0 899 -0.859563 -0.346214 -1.17124 0.932753 0 0
0 0 900 1.32356 -1.54327 3.05417 -0.177784 0 0
0 0 901 1.55065 1.22514 -0.290874 -1.13586 0 0
0 0 902 1.23085 -0.421431 0.807846 -0.712583 0 0
0 0 903 -2.63902 -0.464338 -0.486978 0.330772 0 0
0 0 904 0.994684 -0.3571 -0.826579 0.645596 0 0
0 0 905 -2.07317 0.711001 -1.71883 -0.917149 0 0
0 0 906 -1.58348 -0.456894 -0.0887519 0.941397 0 0
0 0 907 7.15852e-05 -1.9363 -1.08255 -0.170372 0 0
0 0 908 -1.00175 0.167837 -0.387486 -1.65301 0 0
0 0 909 0.289373 0.982784 2.09972 1.48507 0 0
0 0 910 1.13996 2.73069 -2.15545 -0.539093 0 0
0 0 911 -0.54588 -0.77431 -3.79079 -2.0492 -50.7722 8.10761
0 0 912 0.537009 -1.32459 -1.65962 0.234376 0 0
0 0 913 0.788198 0.0355331 0.0194793 1.07122 0 0
0 0 914 0.261395 0.639793 -0.581447 -0.273698 0 0
0 0 915 -0.0844912 0.076689 1.79973 1.96924 0 0
0 0 916 -0.796344 0.773952 1.1787 2.67128 0 0
0 0 917 -0.221514 -0.354438 0.110518 0.959271 0 0
0 0 918 0.544678 0.485391 -0.984213 -1.25612 0 0
0 0 919 0.218414 -0.837232 -0.0982732 1.54727 0 0
0 0 920 -1.73456 -1.27457 -0.651061 -0.467386 0 0
0 0 921 -0.307373 -0.407504 -1.7489 -0.336707 0 0
0 0 922 2.6606 -1.41472 0.408278 -0.510437 0 0
0 0 923 0.151867 -1.21857 1.15026 -0.744618 0 0
0 0 924 0.461453 1.40769 -0.0391359 -0.110597 0 0
0 0 925 -0.0104299 1.83174 -1.2551 -0.695232 0 0
0 0 926 -1.27612 0.999215 -0.85997 0.971154 0 0
0 0 927 0.601076 0.86762 -0.382095 0.356654 0 0
0 0 928 -0.53917 -0.0674119 -1.67272 1.51298 0 0
0 0 929 -0.249254 0.208072 -0.203642 0.0653749 0 0
0 0 930 0.552074 -0.291762 -0.156375 1.36799 0 0
0 0 931 0.0769826 -1.84046 -0.747214 0.215303 0 0
0 0 932 -0.660425 -0.0133785 0.907352 0.153825 0 0
0 0 933 -2.01572 0.541504 -1.14089 -0.273557 0 0
0 0 934 0.0323222 -1.11181 -2.02216 0.367031 0 0
0 0 935 -0.318103 -1.11873 0.0178937 2.20334 0 0
0 0 936 0.648612 0.236635 -0.368464 -0.969865 0 0
0 0 937 0.770841 -2.30773 1.13344 -1.26945 0 0
0 0 938 -0.403956 -1.23092 0.247549 -0.412283 0 0
0 0 939 -0.89676 -0.664481 0.316331 -1.30835 0 0
0 0 940 -0.0390122 0.956826 -3.05064 0.733006 0 0
0 0 941 0.237544 2.13241 0.741522 0.18749 0 0
0 0 942 -0.28678 1.55266 -1.97592 -1.13868 0 0
0 0 943 -1.25831 -0.28909 0.353735 0.551668 0 0
0 0 944 0.416555 -0.225306 -0.751606 -0.485479 0 0
0 0 945 1.36197 -0.829616 0.132914 -0.623936 0 0
0 0 946 1.98942 -1.25916 0.950431 -0.288189 0 0
0 0 947 1.13608 0.852337 1.21184 -0.914251 0 0
0 0 948 -0.394832 -1.23113 0.446665 0.153282 0 0
0 0 949 -0.511075 -0.286218 1.8031 0.487972 0 0
0 0 950 -0.0842479 -0.173652 1.34755 1.59082 0 0
0 0 951 -0.750191 1.85994 -0.889052 1.6838 0 0
0 0 952 -0.38072 -1.23882 0.141851 -2.15416 0 0
0 0 953 0.846756 -0.138846 -0.09419 0.12609 0 0
0 0 954 -0.929045 -1.25431 -1.75837 0.735676 0 0
0 0 955 -0.0145125 0.475628 -0.0342146 0.223729 0 0
0 0 956 2.25013 0.0977575 2.1211 2.34971 0 0
0 0 957 0.652138 0.576439 -0.983644 -0.0111995 0 0
0 0 958 -0.775215 1.41823 -0.604844 0.232361 0 0
0 0 959 -0.968072 1.33413 -0.81638 1.53885 0 0
0 0 960 -0.268902 -0.0585757 -0.498214 2.66196 0 0
0 0 961 -0.00817359 -0.171089 0.0238599 -0.177857 0 0
0 0 962 -0.125443 1.53478 -1.24025 -0.295014 0 0
0 0 963 0.321165 0.691574 -0.0461964 1.44557 0 0
0 0 964 3.18373 0.385965 0.242731 -0.18304 0 0
0 0 965 -2.3675 2.52482 -0.743092 1.82978 0 0
0 0 966 0.305279 -0.0649158 -0.153196 0.960403 0 0
0 0 967 2.11356 -0.0320528 1.23413 0.112894 0 0
0 0 968 -1.0278 -0.691745 0.372699 0.85694 0 0
0 0 969 0.429104 0.652311 -0.69114 0.196807 0 0
0 0 970 1.03796 2.6747 -0.26987 -1.3035 0 0
0 0 971 -0.296025 -2.46234 -1.17029 0.59157 0 0
0 0 972 -0.523108 0.108395 0.562543 1.08468 0 0
0 0 973 -1.68789 -0.105745 1.98639 0.082285 0 0
0 0 974 1.53519 -0.780012 0.980519 1.11012 0 0
0 0 975 -1.55606 2.56237 -2.46859 -1.99508 0 0
0 0 976 -1.20113 0.550058 -0.977447 1.49011 0 0
0 0 977 1.34806 0.370449 -0.549125 -1.1636 0 0
0 0 978 -0.164602 -1.17274 0.0963119 -0.45969 0 0
0 0 979 0.932086 -0.824502 -1.15729 0.460774 0 0
0 0 980 0.524835 0.397448 0.793242 0.038506 0 0
0 0 981 -0.893381 -0.222385 -0.117687 -0.465826 0 0
0 0 982 -0.258493 2.21454 1.22359 -1.17508 0 0
0 0 983 2.13619 -0.761589 -1.03297 -0.525017 0 0
0 0 984 -0.344636 -1.37467 -1.08079 0.61487 0 0
0 0 985 0.445983 0.00234802 0.973605 -0.690849 0 0
0 0 986 2.90382 0.233874 -0.0280055 2.13638 0 0
0 0 987 0.32954 -0.0346618 0.0952091 -0.202834 0 0
0 0 988 2.04217 0.529297 0.746601 2.01098 0 0
0 0 989 1.9994 -1.22752 0.170777 -2.1467 0 0
0 0 990 0.435784 1.41163 -0.463529 -0.797388 0 0
0 0 991 0.457921 0.785141 -0.657369 -1.27042 0 0
0 0 992 1.66553 -2.48531 -1.10768 -0.332945 0 0
0 0 993 2.06549 0.693263 0.01566 -2.78778 0 0
0 0 994 -1.54753 -0.434768 -0.76575 -0.487244 0 0
0 0 995 -1.19418 -1.46788 1.43067 0.5366 0 0
0 0 996 -0.52033 -0.910872 0.0641167 1.58316 0 0
0 0 997 0.667446 0.490261 -0.538865 -0.640817 0 0
0 0 998 0.341523 0.0825274 -0.0844536 0.729677 0 0
0 0 999 0.945473 -0.0433557 -0.490719 0.543771 0 0
0 0 1000 0.897246 -0.00710592 0.411421 -1.08901 0 0
0 0 1001 0.834302 0.450461 0.719883 1.20428 0 0
0 0 1002 1.23273 0.705951 0.328971 -0.0385714 0 0
0 0 1003 0.839072 0.409672 -1.65564 -0.510979 0 0
0 0 1004 2.82936 -0.707711 -1.70157 -0.0886171 0 0
0 0 1005 -1.15796 -1.88271 0.498095 -2.13641 0 0
0 0 1006 -1.96103 1.95222 -0.413259 0.511179 0 0
0 0 1007 1.03257 -0.697136 -0.880394 1.52925 0 0
0 0 1008 -0.652887 0.0900556 0.440899 -1.16113 0 0
0 0 1009 1.94945 -1.8523 1.32308 -1.1485 0 0
0 0 1010 1.18964 0.51849 -3.04244 1.38742 0 0
0 0 1011 1.50313 1.82578 0.362083 0.833756 0 0
0 0 1012 -0.0179117 -0.468498 0.137113 -0.683402 0 0
0 0 1013 0.508594 -0.733295 0.907679 -0.728045 0 0
0 0 1014 -0.747101 -0.217191 -1.44075 -1.39233 0 0
0 0 1015 -0.690527 -0.0491199 0.150041 -0.448377 0 0
0 0 1016 0.214524 -1.17172 0.297373 0.605089 0 0
0 0 1017 1.53844 0.131809 0.190322 0.72709 0 0
0 0 1018 -0.314157 -0.710124 -0.76584 0.958885 0 0
0 0 1019 -0.259724 0.985452 -1.45912 0.610738 0 0
0 0 1020 0.763024 -2.03604 0.960196 2.31931 0 0
0 0 1021 0.758441 -0.7042 1.80506 1.89674 0 0
0 0 1022 -0.528179 0.502029 -0.687426 1.27548 0 0
0 0 1023 0.117352 1.10038 0.842383 -0.232045 0 0
