# File: uwl_231007_033403_Combined.rf.sbD2.RMC_aux Src: J1713+0747 Nsub: 1 Nch: 1 Npol: 4 Nbin: 1024 RMS: 1.34168
0 0 0 6.4896 -2.79762 -0.591558 -2.32073 0 0
0 0 1 5.15211 -3.08945 0.88922 0.377775 0 0
0 0 2 5.48366 -1.96852 0.119205 1.77294 0 0
0 0 3 3.91099 0.291542 -0.995022 -1.9619 0 0
0 0 4 4.26384 -0.05323 0.778035 -0.0497673 0 0
0 0 5 6.63806 -1.85431 -1.80628 -1.19888 0 0
0 0 6 4.04012 -2.51141 -0.789614 1.40975 0 0
0 0 7 3.74501 0.0083288 -0.493927 0.15287 0 0
0 0 8 7.39703 1.08601 1.64521 -0.00877424 0 0
0 0 9 3.3469 0.285476 -3.42298 -0.785314 0 0
0 0 10 5.30502 -2.47862 -1.04561 1.02983 0 0
0 0 11 4.55591 1.4857 1.77841 -0.162136 0 0
0 0 12 4.72286 0.637202 0.897824 1.65617 0 0
0 0 13 7.38921 -1.54103 1.31814 -2.21636 0 0
0 0 14 1.93518 -1.30534 -0.163435 -2.39732 0 0
0 0 15 2.72341 1.23063 3.01579 0.914052 0 0
0 0 16 2.13211 1.09463 1.53652 0.253257 0 0
0 0 17 1.99761 -0.0817575 0.574819 -0.173091 0 0
0 0 18 3.46723 -0.143911 -0.666974 1.77688 0 0
0 0 19 2.24735 -0.0954411 2.74765 1.21197 0 0
0 0 20 3.13911 -0.252814 1.1722 -1.13231 0 0
0 0 21 3.39568 -1.35062 0.834578 -2.03291 0 0
0 0 22 2.73204 -0.185071 -0.866443 -3.17625 0 0
0 0 23 0.424186 -1.55008 1.42481 -1.16298 0 0
0 0 24 4.56023 1.40321 0.964308 -0.660026 0 0
0 0 25 2.84768 -0.0582099 1.95785 0.307082 0 0
0 0 26 3.31871 0.889504 0.84361 1.08389 0 0
0 0 27 0.344814 -1.39268 2.15603 0.932266 0 0
0 0 28 2.6138 0.752985 -0.348635 -1.4538 0 0
0 0 29 3.6219 -1.67213 1.03134 1.536 0 0
0 0 30 2.56693 0.00825107 1.93695 -0.0790149 0 0
0 0 31 4.03659 -0.315012 0.398772 0.675728 0 0
0 0 32 3.87482 0.800182 4.03874 -1.38585 0 0
0 0 33 3.75386 -1.74854 1.04196 -1.02358 0 0
0 0 34 3.95076 0.813371 1.95628 0.864279 0 0
0 0 35 4.35367 0.104372 1.73997 -0.218563 0 0
0 0 36 5.37459 -0.978739 3.68075 0.624937 0 0
0 0 37 2.33489 -0.349709 4.23857 -2.66468 0 0
0 0 38 3.59335 -1.09733 2.81019 -0.149561 0 0
0 0 39 4.77791 -0.661939 3.68783 0.400192 0 0
0 0 40 5.01736 -1.61711 3.67164 2.53637 0 0
0 0 41 3.18812 -0.640627 5.12925 0.904938 48.5596 7.31417
0 0 42 3.04797 -3.19188 4.10063 1.05831 63.9484 7.27466
0 0 43 3.65946 -1.23354 2.63575 0.121346 0 0
0 0 44 4.2829 0.046314 1.25042 0.58258 0 0
0 0 45 3.76281 -2.54478 3.12363 -1.78593 0 0
0 0 46 6.45582 -2.87889 0.057984 1.10608 0 0
0 0 47 4.88186 -1.44245 2.61786 2.1553 0 0
0 0 48 2.55583 -1.1211 2.79237 -0.144802 0 0
0 0 49 4.6846 1.6046 2.49927 -1.16306 0 0
0 0 50 3.77044 -0.973562 3.54396 0.353474 0 0
0 0 51 4.20251 -2.43239 5.51015 0.0235886 56.9093 6.27672
0 0 52 3.99783 0.525858 1.87814 -1.15323 0 0
0 0 53 2.35706 -1.36713 6.38027 -0.380526 51.0471 5.79414
0 0 54 3.82271 -2.56619 2.49928 -0.111307 0 0
0 0 55 2.96417 -1.31294 3.46795 -0.577828 0 0
0 0 56 3.05967 -1.826 3.42033 3.31569 0 0
0 0 57 2.27571 -0.352674 1.40324 -1.81 0 0
0 0 58 3.67562 -1.82081 3.62561 -0.581767 0 0
0 0 59 2.45694 -0.977393 0.964259 0.18949 0 0
0 0 60 3.77863 0.404941 2.12975 -1.9157 0 0
0 0 61 0.656605 -0.671573 0.941574 -0.294142 0 0
0 0 62 0.977683 1.70609 3.22213 -1.57657 0 0
0 0 63 0.665849 1.1683 0.540385 0.281424 0 0
0 0 64 3.43386 -3.51617 1.70306 1.31637 0 0
0 0 65 0.521876 -1.12859 3.53883 0.0713275 0 0
0 0 66 4.4606 -0.957807 1.46202 -0.00636637 0 0
0 0 67 1.43726 -1.99519 1.27009 2.05156 0 0
0 0 68 3.46627 -3.20358 2.47638 -0.304577 0 0
0 0 69 2.19186 1.35699 0.35482 -1.76118 0 0
0 0 70 1.86717 -2.19339 0.165469 -0.734887 0 0
0 0 71 -0.296387 -1.24841 2.29811 -0.741166 0 0
0 0 72 2.04521 -0.0158314 1.47816 -2.87504 0 0
0 0 73 1.47885 -3.00229 2.05502 1.83426 0 0
0 0 74 2.55502 0.812841 1.15046 -0.482205 0 0
0 0 75 1.93085 -0.885857 -1.60105 -1.15617 0 0
0 0 76 0.391518 -2.59402 -0.770633 1.07008 0 0
0 0 77 2.60868 -1.29783 1.9675 -0.786517 0 0
0 0 78 2.63908 -0.40022 1.96266 0.476563 0 0
0 0 79 2.28957 0.137935 0.885812 -0.774412 0 0
0 0 80 -0.254464 1.19435 -1.6565 0.534027 0 0
0 0 81 0.732971 -3.54953 -0.0203933 0.195726 0 0
0 0 82 0.829975 0.0859714 -0.262057 0.586362 0 0
0 0 83 1.91599 -0.342046 2.17634 -0.774172 0 0
0 0 84 0.768559 -0.17865 1.63142 -0.162766 0 0
0 0 85 3.247 0.0705011 0.655147 1.864 0 0
0 0 86 -0.486375 -0.0562669 -0.340466 -0.945261 0 0
0 0 87 2.09305 -1.19359 2.48655 2.82625 0 0
0 0 88 0.769678 -1.74461 0.760549 -1.33802 0 0
0 0 89 2.62758 -0.0367697 0.733877 -0.919505 0 0
0 0 90 0.05284 0.561219 -0.582111 -1.35804 0 0
0 0 91 2.66603 0.320705 1.72841 -2.2757 0 0
0 0 92 0.0212579 -1.74285 -1.72316 0.590734 0 0
0 0 93 3.6656 -0.64843 0.0413256 -0.662306 0 0
0 0 94 -0.0787209 1.22182 1.45098 -0.37974 0 0
0 0 95 -0.466977 -0.230814 1.64932 -1.39202 0 0
0 0 96 -0.817876 2.53582 0.835607 0.479292 0 0
0 0 97 -1.38944 -2.66118 1.78379 3.47095 0 0
0 0 98 -0.537295 0.217872 -1.04865 0.389951 0 0
0 0 99 0.279711 -2.75678 -0.204882 1.90158 0 0
0 0 100 1.23635 -4.63934 -1.65325 -1.2332 -80.1931 7.67398
0 0 101 2.61755 -1.07282 -0.161305 -1.09768 0 0
0 0 102 0.934149 0.319787 -0.278111 -1.50487 0 0
0 0 103 -0.0804815 0.654243 -0.0164927 0.77981 0 0
0 0 104 1.92009 1.34526 1.69597 0.662806 0 0
0 0 105 0.740013 -0.761407 1.08378 -1.70392 0 0
0 0 106 2.91376 -0.900312 1.20873 -0.312863 0 0
0 0 107 1.58358 1.0631 1.80696 1.87512 0 0
0 0 108 1.96396 1.43259 1.10241 -1.48093 0 0
0 0 109 0.757459 -1.69064 0.908378 0.0137544 0 0
0 0 110 -0.0583425 0.0592275 0.809387 1.34239 0 0
0 0 111 2.59092 -0.540243 1.70059 1.17332 0 0
0 0 112 -1.90816 -1.05783 0.440447 -0.805196 0 0
0 0 113 -1.23643 -0.178878 -1.21381 -0.424221 0 0
0 0 114 1.7546 -1.02267 0.891522 0.516129 0 0
0 0 115 0.668762 0.340658 -1.16337 -0.448118 0 0
0 0 116 1.3899 -1.26744 0.038573 -1.04898 0 0
0 0 117 0.655806 0.392565 3.76658 -0.790877 0 0
0 0 118 -0.777278 -0.593427 0.341902 1.2875 0 0
0 0 119 -0.0311868 1.61303 1.84211 1.95224 0 0
0 0 120 3.38533 1.23982 -1.03007 2.06281 0 0
0 0 121 -1.75089 1.98364 3.34362 0.839426 0 0
0 0 122 -0.691994 0.517835 1.58081 0.44692 0 0
0 0 123 0.0232866 -0.645714 -0.287046 -0.873828 0 0
0 0 124 -2.35762 0.733626 -1.67197 1.7847 0 0
0 0 125 1.48339 0.00358838 0.37252 1.33691 0 0
0 0 126 -2.19513 -0.85145 0.465526 1.23187 0 0
0 0 127 1.13675 -1.95014 1.26803 -1.6648 0 0
0 0 128 -1.05813 -0.253947 -0.680907 -0.564585 0 0
0 0 129 -0.368904 0.540727 2.32793 -0.938786 0 0
0 0 130 -2.66264 0.651371 0.598064 0.156521 0 0
0 0 131 -1.71927 -0.749238 -0.577937 -0.258749 0 0
0 0 132 -1.11787 -0.12603 -0.0783347 1.08147 0 0
0 0 133 -1.49996 1.48708 -0.0200437 -0.154407 0 0
0 0 134 0.910683 -0.640677 -0.722162 0.457153 0 0
0 0 135 -0.68747 -0.996938 0.746086 -0.61584 0 0
0 0 136 -0.948578 -1.57234 -2.20066 1.20095 0 0
0 0 137 -1.22957 -3.49583 -0.0642979 -1.97467 0 0
0 0 138 -4.38717 0.28355 -1.02016 -2.18278 0 0
0 0 139 -0.975097 -0.851833 0.791964 1.03438 0 0
0 0 140 -0.118311 -0.948505 -2.37309 -1.65374 0 0
0 0 141 -2.08229 0.97633 -0.061153 -1.81616 0 0
0 0 142 -0.586138 1.27105 1.09103 -0.605828 0 0
0 0 143 -2.11103 -1.09361 0.556284 0.0375948 0 0
0 0 144 3.28711 1.84978 0.0315648 -4.17208 0 0
0 0 145 0.114664 -1.17368 -0.673442 0.192782 0 0
0 0 146 0.271894 -1.79253 -1.50424 -0.657772 0 0
0 0 147 0.491721 1.49441 0.2777 -2.99362 0 0
0 0 148 -0.636742 1.03594 -1.76936 -0.888192 0 0
0 0 149 -0.501495 1.49335 -0.107617 0.858367 0 0
0 0 150 1.79599 0.195357 0.0418925 -0.00543087 0 0
0 0 151 -1.24981 -2.74834 -0.935324 0.415197 0 0
0 0 152 1.45957 0.816069 -2.27194 0.702641 0 0
0 0 153 1.48355 1.25237 0.222509 0.57373 0 0
0 0 154 0.0346315 0.62241 1.44369 0.223682 0 0
0 0 155 -0.754585 0.144273 1.07277 1.41193 0 0
0 0 156 -1.42639 -0.104505 1.59177 -3.05295 0 0
0 0 157 -2.1688 -1.02112 0.285132 -1.74319 0 0
0 0 158 -0.731672 -2.54095 1.16062 -1.05342 0 0
0 0 159 -1.43976 1.54924 1.1063 1.42121 0 0
0 0 160 -1.81342 -1.29366 1.43667 -1.72614 0 0
0 0 161 -2.46913 -1.86451 1.42534 -0.0616363 0 0
0 0 162 -1.39358 -0.443826 0.310454 -1.09404 0 0
0 0 163 -0.0209004 -1.59545 -2.77964 -0.771081 0 0
0 0 164 -0.450181 -0.857474 -0.822388 0.532285 0 0
0 0 165 -1.02776 1.16734 1.52828 -0.297961 0 0
0 0 166 -0.384303 1.3125 1.17723 -1.90217 0 0
0 0 167 0.067709 -0.283739 1.03573 1.79217 0 0
0 0 168 1.00312 1.28489 1.08468 -1.59734 0 0
0 0 169 0.410255 -0.173395 1.05497 -1.08543 0 0
0 0 170 -1.13636 1.64336 -0.360099 -0.648355 0 0
0 0 171 -0.48641 -0.961682 -0.599475 -1.25138 0 0
0 0 172 1.86832 -1.59031 1.81862 0.225475 0 0
0 0 173 -0.378622 0.796021 -0.327099 0.114855 0 0
0 0 174 -0.284885 -0.921268 0.970639 -0.380134 0 0
0 0 175 1.60929 1.70945 -0.922105 -1.16403 0 0
0 0 176 1.97249 -1.76546 1.80275 0.772989 0 0
0 0 177 1.19916 -0.270818 -1.24383 1.75788 0 0
0 0 178 2.01688 1.02253 0.182026 -0.252086 0 0
0 0 179 0.165711 -0.483642 -0.40469 2.79142 0 0
0 0 180 1.26931 -1.09899 -0.0242775 0.0888312 0 0
0 0 181 0.405106 1.10547 0.526739 1.96182 0 0
0 0 182 1.28333 1.72483 0.344393 -1.18933 0 0
0 0 183 -1.60474 1.53898 -1.46698 0.0181375 0 0
0 0 184 1.24127 0.802135 3.2891 1.61599 0 0
0 0 185 0.0266396 3.17804 -1.57113 -0.228718 0 0
0 0 186 -0.695737 -0.456216 0.432881 0.6851 0 0
0 0 187 1.65594 -1.72362 -1.78092 0.221492 0 0
0 0 188 -1.02676 0.0544539 1.08313 -0.355875 0 0
0 0 189 -0.514264 0.586769 -0.784668 1.27587 0 0
0 0 190 -0.202642 -0.306331 0.0926311 -2.63021 0 0
0 0 191 1.56244 -0.607378 -1.28624 -0.224964 0 0
0 0 192 -0.188435 -0.747499 0.670814 1.17675 0 0
0 0 193 -1.02758 0.920028 2.59853 1.24735 0 0
0 0 194 0.268504 0.0887745 -2.28263 -0.205099 0 0
0 0 195 0.490076 -0.984378 -2.14879 1.0287 0 0
0 0 196 -0.711348 1.05104 -0.532001 -0.839363 0 0
0 0 197 0.290293 -1.14266 -1.52037 0.977088 0 0
0 0 198 2.03119 -0.954824 -0.965023 1.3791 0 0
0 0 199 -0.231735 -1.09038 -1.275 -2.48643 0 0
0 0 200 -0.899081 -1.19504 -0.200105 -0.81141 0 0
0 0 201 -0.706923 0.780338 0.17596 0.458133 0 0
0 0 202 1.47284 0.712269 -1.81872 -1.23982 0 0
0 0 203 1.44399 -2.29918 0.672869 -1.08778 0 0
0 0 204 0.82386 0.636403 -0.472335 1.90247 0 0
0 0 205 0.723893 -0.537677 1.92771 0.318409 0 0
0 0 206 1.1569 -0.232087 1.46189 -0.121906 0 0
0 0 207 -1.39053 1.71195 2.03089 1.71563 0 0
0 0 208 0.265789 0.205079 1.41213 0.89792 0 0
0 0 209 1.13883 -0.938328 1.37017 1.85614 0 0
0 0 210 -0.472073 -0.833521 0.246538 0.526462 0 0
0 0 211 0.804315 -0.222174 1.26307 -2.43795 0 0
0 0 212 0.598542 -0.514357 -0.767712 -0.224405 0 0
0 0 213 -0.514577 0.566839 -1.02187 1.20963 0 0
0 0 214 0.36119 0.724908 -0.50804 1.51934 0 0
0 0 215 -1.47695 1.43573 -0.522185 -0.0732826 0 0
0 0 216 -1.21122 -0.455872 1.20942 -0.589411 0 0
0 0 217 0.554144 2.01713 0.879398 2.15457 0 0
0 0 218 0.364694 0.842319 0.970549 -1.6548 0 0
0 0 219 0.999154 -0.481437 -1.21916 -0.408588 0 0
0 0 220 -0.163509 -0.306573 1.79141 -0.576069 0 0
0 0 221 -0.214577 -0.851931 0.221033 -0.0250643 0 0
0 0 222 0.411887 -1.08956 -0.49446 -1.49869 0 0
0 0 223 1.15373 0.0370342 -1.64193 0.785936 0 0
0 0 224 0.00796324 -1.29104 1.82371 -3.14902 0 0
0 0 225 -0.502497 2.3077 -1.34404 2.73347 0 0
0 0 226 0.388848 -0.25674 0.232198 1.48984 0 0
0 0 227 -1.27017 1.5632 -1.82802 1.64292 0 0
0 0 228 1.23783 1.73347 -0.0629548 0.235682 0 0
0 0 229 1.0935 2.38662 -2.44816 -1.89195 0 0
0 0 230 -0.762836 -0.677595 2.61672 3.0613 0 0
0 0 231 -0.399586 -3.41081 -0.57241 -2.29026 0 0
0 0 232 0.251513 0.869348 0.804303 1.8261 0 0
0 0 233 -1.91916 1.7109 -1.46081 1.62433 0 0
0 0 234 0.248155 0.17642 0.0849065 -1.1425 0 0
0 0 235 1.38964 1.20015 0.0377974 -0.648225 0 0
0 0 236 2.29452 -1.84307 2.30293 -1.4482 0 0
0 0 237 -1.66024 1.20197 1.0793 -0.723338 0 0
0 0 238 1.66062 -1.73631 0.520821 1.37043 0 0
0 0 239 -2.52214 -1.37548 0.963692 -0.34401 0 0
0 0 240 0.878947 -0.530019 -0.0560863 -0.78978 0 0
0 0 241 0.261254 1.60899 0.405032 -1.03897 0 0
0 0 242 -0.0949436 1.26612 -0.520665 -1.0514 0 0
0 0 243 -0.825299 -0.615669 -0.264957 3.33311 0 0
0 0 244 1.31443 -1.95022 -1.10651 -1.14205 0 0
0 0 245 2.12852 -0.602289 3.12524 -1.85401 0 0
0 0 246 -2.07984 -0.979027 -1.46295 -0.59329 0 0
0 0 247 -0.446315 1.98209 0.0987289 0.314652 0 0
0 0 248 1.57648 -2.53433 0.493511 -2.71733 0 0
0 0 249 1.72126 0.907916 -1.60722 -1.70191 0 0
0 0 250 0.0874652 -2.40923 0.316283 1.88577 0 0
0 0 251 1.13144 -1.78143 -1.26678 0.565062 0 0
0 0 252 -0.648175 1.54668 -1.01421 -0.196611 0 0
0 0 253 -0.472392 -2.12103 -0.286654 0.0790672 0 0
0 0 254 0.842459 1.00963 -1.29252 -1.44111 0 0
0 0 255 1.40642 0.913976 -0.604827 0.460083 0 0
0 0 256 0.468945 0.369523 0.604633 -1.45349 0 0
0 0 257 1.00047 -0.761383 1.20255 0.792191 0 0
0 0 258 -0.7103 0.0448318 -0.846589 -0.413477 0 0
0 0 259 2.28471 -0.344939 -0.0552262 -1.84699 0 0
0 0 260 0.526299 1.05721 -0.126601 -1.52224 0 0
0 0 261 -0.46175 -1.70256 -1.05202 -0.595793 0 0
0 0 262 1.14081 -0.0355433 -1.18609 1.69378 0 0
0 0 263 -0.142433 -0.211977 -1.09003 -0.731968 0 0
0 0 264 0.0904151 1.32702 1.7087 -1.53622 0 0
0 0 265 0.386753 1.99383 0.940629 0.0797357 0 0
0 0 266 -0.632125 -0.0306016 0.117939 -1.83186 0 0
0 0 267 -0.149875 -0.957033 -0.386636 0.55132 0 0
0 0 268 1.65658 -2.94154 -0.958394 -4.0415 0 0
0 0 269 0.634106 -0.264944 1.94275 -1.65089 0 0
0 0 270 2.12781 0.0634931 0.517715 0.0383773 0 0
0 0 271 -1.92386 0.939369 0.218946 2.2113 0 0
0 0 272 1.23865 -0.0639128 0.400873 -0.873896 0 0
0 0 273 2.06379 0.800142 -0.554012 -1.17718 0 0
0 0 274 2.40549 -1.42417 -0.824839 -0.220339 0 0
0 0 275 0.380627 -1.33509 1.57888 -0.802889 0 0
0 0 276 2.27863 0.346823 -1.56084 2.12822 0 0
0 0 277 -0.532828 0.691461 -1.4176 -0.250795 0 0
0 0 278 -0.842182 -0.308774 1.32198 0.173884 0 0
0 0 279 -0.114655 0.889539 -0.0470178 1.22767 0 0
0 0 280 -0.0964411 -0.87888 2.39684 0.105097 0 0
0 0 281 2.01273 -0.142154 -0.234144 -0.62963 0 0
0 0 282 -0.556141 -1.72311 1.69915 1.46931 0 0
0 0 283 1.11169 0.970358 3.12214 -2.30181 0 0
0 0 284 0.781465 0.0653853 0.232913 1.56978 0 0
0 0 285 -1.47272 -0.418847 -0.905288 1.04475 0 0
0 0 286 0.877795 -2.09237 -2.34834 -1.83108 0 0
0 0 287 1.44951 -0.466172 -1.48161 -1.08549 0 0
0 0 288 0.921434 -1.8618 0.512385 -1.13357 0 0
0 0 289 2.14783 -0.548201 1.84635 2.69604 0 0
0 0 290 -1.06529 0.367592 0.185099 0.303948 0 0
0 0 291 1.58541 0.971095 1.82047 -0.9466 0 0
0 0 292 0.399965 -1.39562 -0.911054 1.79709 0 0
0 0 293 0.0617287 -2.24072 0.0309642 2.27803 0 0
0 0 294 0.574562 -0.901486 -2.04745 2.83198 0 0
0 0 295 0.323737 0.65508 0.643072 -2.42145 0 0
0 0 296 -0.97864 -0.4046 -0.507085 -0.605766 0 0
0 0 297 -0.101877 -0.194653 0.703056 -0.0242417 0 0
0 0 298 1.48814 1.39281 -2.5833 -0.140839 0 0
0 0 299 3.46028 -1.55405 -0.562872 1.08855 0 0
0 0 300 1.97325 -1.50152 -1.68751 0.647525 0 0
0 0 301 -2.0401 -1.07127 -0.876607 1.38171 0 0
0 0 302 -1.07149 -0.644414 1.1308 -0.950534 0 0
0 0 303 0.303111 0.767643 0.569841 -0.609199 0 0
0 0 304 -1.35443 1.65583 -1.11486 0.179648 0 0
0 0 305 0.346928 0.0200876 1.19297 -0.519691 0 0
0 0 306 -1.13816 3.40072 -0.0320301 2.29975 0 0
0 0 307 1.84344 -1.3745 -0.103176 1.01281 0 0
0 0 308 -1.56551 -0.0905569 0.957041 1.62314 0 0
0 0 309 0.428407 1.50566 -0.567691 -1.89515 0 0
0 0 310 2.81473 1.91367 0.439352 -0.0530277 0 0
0 0 311 0.775717 1.44969 1.24656 -2.70415 0 0
0 0 312 1.65696 0.577578 -0.403446 -0.746044 0 0
0 0 313 -0.93505 -0.437719 -0.679232 -1.22546 0 0
0 0 314 0.733782 0.307959 -1.44774 -0.475085 0 0
0 0 315 -0.138268 0.346217 -1.07993 -0.334016 0 0
0 0 316 -0.613532 -1.35991 0.676705 1.24668 0 0
0 0 317 0.264934 -1.89385 -1.5147 0.664609 0 0
0 0 318 -0.496958 -0.921119 -1.87435 -0.829689 0 0
0 0 319 1.51579 0.855139 -0.84252 1.9284 0 0
0 0 320 0.565154 -0.363121 1.50356 -1.20271 0 0
0 0 321 -0.869008 1.07125 1.07354 -0.0764051 0 0
0 0 322 -1.64828 0.0583742 1.37013 -0.525245 0 0
0 0 323 1.36308 -0.10182 0.577312 -1.01574 0 0
0 0 324 5.06521 -2.3336 0.878676 -2.59892 0 0
0 0 325 -1.30579 1.70725 2.87387 1.86204 0 0
0 0 326 0.284449 1.54423 1.12579 0.548043 0 0
0 0 327 0.102265 1.52008 1.76088 1.22375 0 0
0 0 328 -0.173392 0.309942 1.13953 1.27813 0 0
0 0 329 0.5946 0.901919 -0.393551 -0.311497 0 0
0 0 330 -0.790684 -0.475196 -1.63906 1.42527 0 0
0 0 331 1.30198 -0.724874 1.01758 0.543424 0 0
0 0 332 0.0454385 -1.93411 -1.00421 1.72257 0 0
0 0 333 0.238978 0.6187 -3.62874 1.03169 0 0
0 0 334 0.846111 0.795073 1.09889 0.377144 0 0
0 0 335 -0.0405087 -2.11946 -1.03583 0.619411 0 0
0 0 336 1.60137 0.545552 1.42686 0.217127 0 0
0 0 337 0.507184 -1.10694 0.429839 -2.64237 0 0
0 0 338 -0.523819 1.81471 -3.23725 1.33715 0 0
0 0 339 0.764023 1.86019 1.00865 3.32767 0 0
0 0 340 -0.141846 -1.12746 -0.243856 0.804584 0 0
0 0 341 -1.83271 0.401204 -1.32003 1.10312 0 0
0 0 342 2.14458 1.01919 0.907924 -2.66563 0 0
0 0 343 -1.16907 -2.53198 -0.709988 0.0743589 0 0
0 0 344 -1.12873 -2.14472 1.90701 -0.427711 0 0
0 0 345 0.445752 1.09192 -0.828708 -1.75875 0 0
0 0 346 1.03559 0.270163 -2.47773 -0.129808 0 0
0 0 347 0.157502 -2.05418 -1.42231 1.50554 0 0
0 0 348 0.800491 0.855786 0.673531 -0.0396496 0 0
0 0 349 0.74974 0.708833 -1.73817 0.300097 0 0
0 0 350 1.61685 0.314195 0.971009 0.37796 0 0
0 0 351 1.53069 -0.457842 -1.05677 -1.05452 0 0
0 0 352 2.39826 0.213526 -0.136669 -0.292389 0 0
0 0 353 0.842964 -1.1567 2.27633 -1.0733 0 0
0 0 354 2.21466 -0.352439 -0.0180176 1.46339 0 0
0 0 355 -2.05775 -1.46293 -0.514328 0.717738 0 0
0 0 356 1.09154 0.0754153 0.557758 -2.00222 0 0
0 0 357 2.99129 1.31944 -0.250066 2.59078 0 0
0 0 358 2.23171 0.0353816 0.938476 -0.44576 0 0
0 0 359 0.231974 -1.93528 -0.127669 -0.702954 0 0
0 0 360 2.0929 -0.278379 -0.970842 2.08825 0 0
0 0 361 -0.600796 0.633434 0.744522 -0.883959 0 0
0 0 362 2.59531 -0.0138212 1.41491 -1.4637 0 0
0 0 363 -0.155131 -0.781133 -1.06342 -0.526001 0 0
0 0 364 1.69452 0.485862 -0.182635 0.172682 0 0
0 0 365 2.75413 -1.22516 1.57607 -0.574306 0 0
0 0 366 -2.24794 -2.36707 0.816066 0.933197 0 0
0 0 367 -0.465001 0.148488 -0.996906 1.51164 0 0
0 0 368 1.66223 -2.06394 -0.261614 1.19831 0 0
0 0 369 -2.54662 -2.42254 1.80099 1.38375 0 0
0 0 370 0.955598 -1.50596 0.412756 0.422729 0 0
0 0 371 -0.748982 1.69511 -2.30517 -0.0704169 0 0
0 0 372 -0.261407 1.71179 0.135511 0.64082 0 0
0 0 373 2.42398 -0.46938 1.50011 1.18029 0 0
0 0 374 -0.133891 -1.76092 -0.331086 -0.945558 0 0
0 0 375 1.18895 -0.123039 -0.922463 1.89052 0 0
0 0 376 1.0603 -1.60618 -0.00604368 -0.223374 0 0
0 0 377 -1.1667 -1.79659 1.62178 -0.377798 0 0
0 0 378 2.02293 1.80121 -1.0403 -0.171028 0 0
0 0 379 0.321149 -0.0206399 -0.121963 0.769721 0 0
0 0 380 -1.66957 -2.77206 -0.300336 1.23715 0 0
0 0 381 -1.18401 -1.06726 2.07241 -1.66904 0 0
0 0 382 -0.322945 -3.35042 1.38507 -0.676617 0 0
0 0 383 -2.34045 2.1772 -2.05748 -3.381 0 0
0 0 384 -0.930453 -1.58872 -0.524728 0.675891 0 0
0 0 385 -1.23115 0.045899 0.359964 -1.16718 0 0
0 0 386 1.48559 -1.91484 1.06173 -1.79391 0 0
0 0 387 1.88695 -0.310755 0.73855 -0.570458 0 0
0 0 388 -0.793254 0.304034 -0.384039 0.0444167 0 0
0 0 389 -0.571558 -2.52765 -1.86317 0.0496319 0 0
0 0 390 0.741401 -0.98158 -0.388175 -0.182952 0 0
0 0 391 -0.919772 -0.65754 0.70564 1.56084 0 0
0 0 392 0.517462 -0.261828 0.816628 2.52954 0 0
0 0 393 -0.0545896 -2.2616 -0.147864 -2.37869 0 0
0 0 394 -1.49527 0.422528 -0.130787 -3.26008 0 0
0 0 395 -0.131136 0.982632 -0.609472 -0.576391 0 0
0 0 396 -0.318955 1.39514 1.85382 1.04648 0 0
0 0 397 0.827091 -0.637789 0.167768 0.900563 0 0
0 0 398 -1.15684 1.74807 -1.82862 0.430087 0 0
0 0 399 2.33487 2.95878 -0.725756 1.49748 0 0
0 0 400 -0.773999 -0.416097 -0.148544 -1.42749 0 0
0 0 401 -0.652421 -1.32238 0.144357 -1.37417 0 0
0 0 402 -0.781732 1.66209 -0.312836 0.976667 0 0
0 0 403 2.33232 -0.430711 -1.26691 -1.50875 0 0
0 0 404 2.31933 0.04496 0.621863 -0.221976 0 0
0 0 405 -1.49351 -2.41459 -0.867776 0.0478234 0 0
0 0 406 -0.684795 0.469676 0.767908 -1.51138 0 0
0 0 407 2.20331 2.75805 -0.505296 -0.966555 0 0
0 0 408 -0.246553 1.98527 1.69448 1.74455 0 0
0 0 409 -0.486697 -2.23139 -2.32941 -1.81334 0 0
0 0 410 1.00577 0.458022 1.71178 -0.696674 0 0
0 0 411 2.8151 1.72842 -0.765366 -0.471013 0 0
0 0 412 -2.24698 -1.83802 -0.811881 -0.516794 0 0
0 0 413 2.19532 2.14854 -0.344141 0.0530119 0 0
0 0 414 2.15232 0.995184 -0.981861 1.12082 0 0
0 0 415 0.707339 -0.0872342 -1.78685 -3.70867 0 0
0 0 416 1.64859 -1.36639 -2.15829 -1.53765 0 0
0 0 417 1.13718 0.788986 2.27748 2.81999 0 0
0 0 418 0.292153 0.0582023 -0.0973181 -0.479535 0 0
0 0 419 -0.847296 -0.896122 1.51092 1.48047 0 0
0 0 420 0.320369 -0.626595 0.232212 -0.848735 0 0
0 0 421 1.43201 2.13991 1.5953 -1.81162 0 0
0 0 422 0.102666 0.339482 -1.49326 -0.542809 0 0
0 0 423 -1.04547 0.858878 0.913976 -0.429866 0 0
0 0 424 0.484519 1.89196 1.53315 1.77041 0 0
0 0 425 -0.280921 -1.30252 0.00151589 0.412055 0 0
0 0 426 1.89032 -1.25341 0.41007 2.90206 0 0
0 0 427 0.341995 0.794763 0.360651 0.311626 0 0
0 0 428 -1.58722 1.5853 -0.255505 0.396633 0 0
0 0 429 -1.33765 0.366229 2.76994 0.127823 0 0
0 0 430 1.47853 0.444031 0.791231 -0.624 0 0
0 0 431 0.266624 -2.06569 -1.31935 0.348396 0 0
0 0 432 -0.408304 1.10627 -0.142599 2.19136 0 0
0 0 433 2.04404 -0.917899 -1.03181 1.68334 0 0
0 0 434 -3.18442 -1.12684 -0.533183 0.176306 0 0
0 0 435 0.851044 0.19951 -0.459367 0.682544 0 0
0 0 436 -2.46671 -2.05743 -0.886461 1.78027 0 0
0 0 437 -1.81363 0.377933 -0.326757 0.598362 0 0
0 0 438 1.05896 0.0319384 0.317531 0.96923 0 0
0 0 439 -0.500795 0.404285 -1.31868 -0.554818 0 0
0 0 440 0.881582 -3.50958 -0.356408 2.01468 0 0
0 0 441 0.282797 0.148248 -1.17739 -1.14641 0 0
0 0 442 0.831934 1.10595 -0.374766 -2.23695 0 0
0 0 443 0.610998 -1.02862 2.02128 -0.662665 0 0
0 0 444 -0.58752 1.16805 1.53572 2.12458 0 0
0 0 445 -0.130047 0.138715 -0.500228 -0.680058 0 0
0 0 446 -1.0071 -0.0292687 1.92968 0.0844683 0 0
0 0 447 -0.188354 -1.74899 -0.485796 -0.575319 0 0
0 0 448 -1.5274 1.2783 1.50056 1.64686 0 0
0 0 449 1.1892 1.23701 -2.18837 -1.99777 0 0
0 0 450 -2.27724 0.79481 -2.62542 -0.0948526 0 0
0 0 451 0.586215 -0.385316 -0.173663 -1.73313 0 0
0 0 452 -1.70078 0.436209 0.826437 -0.15034 0 0
0 0 453 0.229541 1.47344 -0.284109 -1.55715 0 0
0 0 454 -0.432837 -1.50237 0.832602 0.26793 0 0
0 0 455 -0.31193 -0.899576 0.67331 -2.41559 0 0
0 0 456 -2.41274 2.2066 0.485032 -1.87345 0 0
0 0 457 1.30384 0.740006 -1.57931 1.56712 0 0
0 0 458 1.43561 1.58239 -1.01828 -2.75919 0 0
0 0 459 -2.40539 1.94548 1.32493 0.0193425 0 0
0 0 460 1.40846 -2.00077 -2.74514 -2.51295 0 0
0 0 461 -0.969735 0.244786 0.253185 -0.516559 0 0
0 0 462 1.29107 2.03748 0.0766336 0.624542 0 0
0 0 463 -1.07985 0.801035 -2.37125 0.124386 0 0
0 0 464 0.431991 -0.850825 -0.0360821 0.67816 0 0
0 0 465 0.876786 -0.486403 -1.45605 0.435523 0 0
0 0 466 -0.779437 0.173803 -0.284909 1.47469 0 0
0 0 467 2.74331 -1.52834 -1.24048 1.23122 0 0
0 0 468 -1.3936 1.81658 0.755745 0.369254 0 0
0 0 469 0.039556 0.658317 -1.02087 0.404141 0 0
0 0 470 0.651391 -2.16628 -0.0796574 -3.91186 0 0
0 0 471 -0.286259 -0.636222 -0.671751 -2.10032 0 0
0 0 472 0.893739 1.0612 3.40407 -1.25971 0 0
0 0 473 0.88025 0.176837 -1.58984 0.394501 0 0
0 0 474 -2.78891 0.724056 2.26856 -0.10264 0 0
0 0 475 2.42244 0.158448 3.03917 1.21706 0 0
0 0 476 1.19535 -0.109091 0.801217 0.165662 0 0
0 0 477 0.757464 -2.4512 0.803031 1.35097 0 0
0 0 478 1.47271 -0.342361 -1.01837 1.76877 0 0
0 0 479 -0.179422 0.851296 1.06329 3.35209 0 0
0 0 480 0.0351417 -1.40941 0.702913 -1.08747 0 0
0 0 481 1.79285 -0.65102 -1.60361 -0.634494 0 0
0 0 482 0.0795203 0.82208 1.75146 -0.599715 0 0
0 0 483 1.61065 1.08851 1.07335 -2.00792 0 0
0 0 484 -0.818126 1.05239 1.17692 -0.128791 0 0
0 0 485 1.96803 1.48916 -0.649085 0.41453 0 0
0 0 486 0.841329 -1.30356 -0.217075 1.53772 0 0
0 0 487 -2.81482 0.599163 1.25359 0.761777 0 0
0 0 488 -0.721649 0.174607 3.0698 2.40969 0 0
0 0 489 0.60887 1.04482 1.42688 0.461539 0 0
0 0 490 1.66991 -3.16845 1.15619 -1.87484 0 0
0 0 491 -1.03524 0.765055 1.10996 -1.25511 0 0
0 0 492 0.923108 1.4474 0.698876 1.15962 0 0
0 0 493 -0.27941 -0.0651649 1.79877 1.23458 0 0
0 0 494 -0.367649 -0.578116 0.315681 0.631454 0 0
0 0 495 -0.531479 -1.05914 0.303457 1.26849 0 0
0 0 496 -0.811389 -3.36194 -0.853411 0.0860186 0 0
0 0 497 -2.61424 0.702343 1.6225 -1.15152 0 0
0 0 498 -0.589323 -0.218139 2.01268 -0.164312 0 0
0 0 499 -0.0347862 -0.891486 1.55053 1.5807 0 0
0 0 500 -0.13319 0.0046831 1.69047 -2.55866 0 0
0 0 501 -0.0309793 0.323011 -2.72785 -2.43345 0 0
0 0 502 -0.039789 0.270406 3.60454 0.249092 0 0
0 0 503 -0.924392 -0.762976 -1.34516 0.149804 0 0
0 0 504 -0.451114 4.27731 0.516915 -0.811308 0 0
0 0 505 0.143664 0.33229 1.23571 -0.433484 0 0
0 0 506 -1.47099 -2.00066 -1.72693 0.873485 0 0
0 0 507 1.06908 -1.75548 1.11103 2.83394 0 0
0 0 508 0.41989 0.0441472 -0.169909 -0.551514 0 0
0 0 509 -0.0457514 0.178104 1.47074 0.592931 0 0
0 0 510 -0.321832 -1.66442 0.150936 -2.09135 0 0
0 0 511 -1.37287 -1.78878 0.564559 -0.163255 0 0
0 0 512 1.01226 0.334503 -0.0192739 0.585104 0 0
0 0 513 1.59568 -1.13288 -0.533145 0.211106 0 0
0 0 514 0.114651 0.247593 0.522528 -0.321671 0 0
0 0 515 -0.0454911 -0.219072 1.46927 -0.663678 0 0
0 0 516 -2.1385 0.124408 -0.0763275 1.4118 0 0
0 0 517 -1.76809 -1.11792 0.499102 -0.937848 0 0
0 0 518 1.78927 2.5894 -0.316282 2.31074 0 0
0 0 519 0.214743 2.02668 2.04599 0.134357 0 0
0 0 520 -0.763352 -0.388623 -1.46437 -0.320179 0 0
0 0 521 1.1805 1.64437 -1.12251 -1.77025 0 0
0 0 522 0.238328 -0.752251 0.575598 -0.98733 0 0
0 0 523 0.507128 1.60256 -1.52436 -0.605354 0 0
0 0 524 -0.559801 0.77519 0.346516 0.0245108 0 0
0 0 525 1.42576 -0.402315 -0.0347779 -0.492616 0 0
0 0 526 1.57625 -0.960027 0.358064 1.60784 0 0
0 0 527 1.13896 -0.687283 0.88596 -1.19611 0 0
0 0 528 1.6234 0.755107 -0.896126 -1.27598 0 0
0 0 529 1.39608 -0.234983 1.84316 -0.584482 0 0
0 0 530 0.500655 -0.193914 2.19789 -1.48943 0 0
0 0 531 -0.281797 -0.347279 0.0871583 -0.406736 0 0
0 0 532 -0.318665 -1.87232 0.920524 0.140151 0 0
0 0 533 0.361405 -3.03614 0.719597 1.40405 0 0
0 0 534 0.173909 -0.230767 2.93946 -0.522848 0 0
0 0 535 0.194119 0.235317 1.46739 1.69667 0 0
0 0 536 2.17474 -0.463294 0.368075 1.55801 0 0
0 0 537 -1.72336 -0.579527 -1.60518 1.23812 0 0
0 0 538 -0.406071 -0.86215 1.80813 1.66529 0 0
0 0 539 1.97754 -0.275116 1.12781 0.47798 0 0
0 0 540 1.11077 -1.94075 -0.228293 0.608766 0 0
0 0 541 -0.0455886 1.09758 0.356743 -0.162369 0 0
0 0 542 0.254427 -1.97524 2.47533 0.934539 0 0
0 0 543 2.3299 0.999683 -0.836139 0.326094 0 0
0 0 544 -1.19882 0.866473 -0.465422 0.511716 0 0
0 0 545 1.20544 0.110104 -2.61339 0.765293 0 0
0 0 546 0.432811 0.0145339 0.758881 -1.08505 0 0
0 0 547 -1.53609 -2.10031 0.212574 -0.920237 0 0
0 0 548 0.502849 1.3585 -0.242133 1.30665 0 0
0 0 549 2.14565 -1.49654 0.947149 0.649033 0 0
0 0 550 0.111411 1.55431 0.308513 -0.468494 0 0
0 0 551 -1.12721 -0.911934 0.423744 -0.607184 0 0
0 0 552 -0.881771 1.18533 1.45989 -1.17974 0 0
0 0 553 -0.196373 0.535161 1.49274 0.164862 0 0
0 0 554 -2.56461 -0.152429 -0.149486 1.17157 0 0
0 0 555 -0.770151 -1.60222 -2.09543 2.77832 0 0
0 0 556 1.76398 0.133277 -0.109565 0.341774 0 0
0 0 557 0.0444298 -0.377254 0.195541 -0.90603 0 0
0 0 558 -3.15468 1.54197 0.63545 -0.534122 0 0
0 0 559 -0.408551 0.198436 -0.231376 -0.641123 0 0
0 0 560 1.97438 1.72048 0.284106 -0.655469 0 0
0 0 561 0.509063 -1.06419 0.594717 2.38242 0 0
0 0 562 -1.10239 0.248303 1.0294 0.0861239 0 0
0 0 563 -0.702327 -0.387089 1.81051 1.48403 0 0
0 0 564 2.71467 0.178316 0.484348 0.0397517 0 0
0 0 565 2.72598 -1.32067 1.03504 0.0503698 0 0
0 0 566 -1.68874 -0.442147 2.92916 -2.16417 0 0
0 0 567 1.94356 -0.0495076 0.0752956 -0.184122 0 0
0 0 568 -0.498105 0.371985 1.46275 0.38541 0 0
0 0 569 -1.20272 1.25796 -0.662377 -0.598973 0 0
0 0 570 -0.724204 0.991609 -1.01044 -0.111481 0 0
0 0 571 -0.462886 1.85977 0.290382 -0.43752 0 0
0 0 572 -0.98446 -0.110825 -0.374745 0.418355 0 0
0 0 573 -0.0845307 -0.593245 -0.445274 -0.323548 0 0
0 0 574 1.7927 0.981441 -0.324953 0.671446 0 0
0 0 575 0.913733 -1.37308 1.17853 0.0828842 0 0
0 0 576 0.323235 -0.609303 0.831861 1.47655 0 0
0 0 577 1.08481 -1.3097 0.0909336 -2.57844 0 0
0 0 578 -1.07112 -1.28977 1.36855 -1.0368 0 0
0 0 579 0.0674213 0.991293 0.342939 -0.0335145 0 0
0 0 580 -0.0764211 0.59326 0.720284 -2.66568 0 0
0 0 581 1.30368 -0.249596 2.37116 -0.750846 0 0
0 0 582 0.985645 -0.00561047 1.24772 1.11652 0 0
0 0 583 0.870509 -1.542 -0.661592 -0.791569 0 0
0 0 584 -1.35819 -0.527133 -2.65324 0.729586 0 0
0 0 585 0.0363661 -0.396608 0.580582 0.0958712 0 0
0 0 586 1.83333 0.42746 -0.427861 0.0922801 0 0
0 0 587 0.803504 -0.558114 -0.131479 0.618782 0 0
0 0 588 0.977067 -0.129578 2.08235 0.332023 0 0
0 0 589 -0.207449 1.99978 0.556158 -1.06694 0 0
0 0 590 -0.354222 -1.54757 -0.623241 -0.590313 0 0
0 0 591 0.0908232 0.6437 -0.376186 0.235916 0 0
0 0 592 0.512848 -0.981606 0.22964 -3.15416 0 0
0 0 593 -0.911141 -1.85115 1.38839 -3.01507 0 0
0 0 594 0.0644556 1.52319 -1.31855 -3.22943 0 0
0 0 595 -2.75393 -1.19508 1.07772 -1.719 0 0
0 0 596 -0.119716 1.24635 -0.353877 -0.270344 0 0
0 0 597 0.309198 1.18283 2.20961 1.94048 0 0
0 0 598 0.0570607 1.29854 0.30551 -1.70313 0 0
0 0 599 -0.557774 -1.0905 0.608881 0.415789 0 0
0 0 600 -0.708234 1.4222 -0.323328 1.46946 0 0
0 0 601 1.39286 -0.0942577 -0.0891687 -0.574673 0 0
0 0 602 2.88326 0.743461 -1.51854 0.0771745 0 0
0 0 603 -0.447007 1.75898 -2.66028 0.485225 0 0
0 0 604 -0.640678 -0.284882 1.27868 -1.28877 0 0
0 0 605 -0.165842 2.78782 -1.6043 -1.33801 0 0
0 0 606 -1.34262 -0.392194 0.00843842 -2.03609 0 0
0 0 607 1.30318 0.345912 1.76053 1.1493 0 0
0 0 608 -0.632298 -1.57037 -0.938292 0.43661 0 0
0 0 609 -0.293407 -1.51764 -1.07055 -1.12721 0 0
0 0 610 0.638552 -1.02389 1.17671 0.516283 0 0
0 0 611 -0.937224 1.2426 -2.33966 0.469546 0 0
0 0 612 0.207007 0.196952 1.65265 1.55273 0 0
0 0 613 -0.115528 -2.86804 -0.0630372 -0.81833 0 0
0 0 614 3.12227 -1.0515 0.0844154 0.517037 0 0
0 0 615 -1.92081 -0.332654 -0.591053 1.08744 0 0
0 0 616 0.684968 1.13247 -1.0005 -0.896915 0 0
0 0 617 -0.0730109 2.0682 -0.0533288 0.324907 0 0
0 0 618 -1.53744 -1.09501 -1.04716 -2.83122 0 0
0 0 619 4.06181 1.92736 -2.21849 -0.309737 0 0
0 0 620 0.374395 0.118407 -0.357818 -0.998288 0 0
0 0 621 2.83659 -1.29414 -0.000636991 -1.60889 0 0
0 0 622 -1.6035 -1.10035 -0.749667 -2.2423 0 0
0 0 623 2.11484 -0.0705221 0.778838 -0.641546 0 0
0 0 624 -1.35753 -2.18926 -0.858461 -1.44901 0 0
0 0 625 -0.761564 -0.0563842 0.13019 1.26834 0 0
0 0 626 -0.382555 -0.49827 1.80691 1.08879 0 0
0 0 627 -0.43502 1.40005 1.27948 -0.751902 0 0
0 0 628 1.4091 0.291657 2.00479 -1.57693 0 0
0 0 629 1.01381 1.25155 -0.6933 -0.292677 0 0
0 0 630 -0.518957 -1.20936 2.69538 2.11972 0 0
0 0 631 -0.512234 0.720786 0.130615 -1.27203 0 0
0 0 632 0.083335 -0.409666 -1.48374 -0.98607 0 0
0 0 633 1.22382 -1.48597 -0.323412 1.28849 0 0
0 0 634 -0.262062 1.67757 -0.273229 -0.533919 0 0
0 0 635 -0.714315 -0.40793 1.33029 2.00975 0 0
0 0 636 -0.606702 -0.89695 -0.644756 1.6805 0 0
0 0 637 0.832664 -1.02399 0.735529 0.237739 0 0
0 0 638 -1.50564 -0.640025 2.15631 2.36101 0 0
0 0 639 -0.48718 -2.05881 0.139758 0.120293 0 0
0 0 640 -1.56606 0.734661 -0.798263 3.06853 0 0
0 0 641 -0.507784 3.42605 0.881232 -0.691837 0 0
0 0 642 1.58453 0.426956 -2.28964 -0.504274 0 0
0 0 643 -1.11048 -0.0276746 -0.203932 -2.3697 0 0
0 0 644 2.12441 -0.00219929 2.25061 -2.78736 0 0
0 0 645 -1.4264 -1.36853 2.27886 -1.75078 0 0
0 0 646 1.02429 -1.64827 2.30832 -0.0377028 0 0
0 0 647 -1.19806 -1.69867 -1.21917 -0.874528 0 0
0 0 648 1.86431 -0.565848 0.51368 0.431204 0 0
0 0 649 -1.75092 0.521124 -1.00555 1.72489 0 0
0 0 650 -0.651513 -0.283707 1.47737 0.305359 0 0
0 0 651 0.770303 -2.77395 2.10613 -1.3328 0 0
0 0 652 -2.22781 2.37322 0.500572 -1.4027 0 0
0 0 653 -1.58447 1.31148 -0.603015 -1.19184 0 0
0 0 654 -1.96632 1.81281 -2.27095 1.56488 0 0
0 0 655 -1.02672 0.869717 -1.8286 -0.578772 0 0
0 0 656 -0.210973 2.36716 -0.209568 1.15671 0 0
0 0 657 -1.22846 1.51838 0.558168 0.156035 0 0
0 0 658 0.701874 2.59899 0.051296 1.09077 0 0
0 0 659 -1.81041 0.560806 1.3193 0.150998 0 0
0 0 660 0.993637 -0.354964 0.919581 1.17319 0 0
0 0 661 -0.574736 0.0662548 -0.777774 0.308618 0 0
0 0 662 -0.436443 -1.99537 -1.13697 1.57152 0 0
0 0 663 -1.49578 -0.976108 -1.07773 0.0800759 0 0
0 0 664 -0.0190147 -0.751991 0.390404 0.300654 0 0
0 0 665 -3.47886 0.264311 -0.555816 -1.97271 0 0
0 0 666 1.3533 1.95399 0.122581 0.41336 0 0
0 0 667 -1.47839 -0.523463 -1.5168 0.205581 0 0
0 0 668 -1.25793 -2.03049 -1.04592 -0.298546 0 0
0 0 669 1.03202 1.36605 -0.276377 -0.241638 0 0
0 0 670 1.12066 -2.26478 2.47367 0.410301 0 0
0 0 671 -0.679554 -1.86866 1.59263 -0.553884 0 0
0 0 672 0.870716 -0.444613 0.971757 -0.302318 0 0
0 0 673 -0.025219 0.168895 -1.61758 0.587344 0 0
0 0 674 -0.935865 -0.20544 -0.762788 2.40039 0 0
0 0 675 0.637872 1.94959 -0.422445 -0.0480135 0 0
0 0 676 -1.92763 -0.91055 0.480145 2.03555 0 0
0 0 677 -2.1808 -0.358231 -2.32563 -1.32594 0 0
0 0 678 0.0660653 1.08181 -0.797464 3.15702 0 0
0 0 679 1.14039 -0.535418 0.280676 -0.66559 0 0
0 0 680 1.99798 0.0724431 -2.40902 0.244824 0 0
0 0 681 -0.655187 -1.15789 -1.26798 -1.23245 0 0
0 0 682 0.620876 -0.279568 -2.57934 -0.771878 0 0
0 0 683 0.515492 -0.104319 1.53571 -0.897513 0 0
0 0 684 1.04313 0.111346 -0.0535043 -0.207102 0 0
0 0 685 1.00362 -1.45753 -0.110356 0.46383 0 0
0 0 686 0.752263 -0.709653 0.208772 1.03281 0 0
0 0 687 -0.0739795 -0.979296 -0.968278 1.37353 0 0
0 0 688 -0.219315 -0.609954 1.51284 -1.52392 0 0
0 0 689 0.118769 1.29223 -2.39544 -0.0124702 0 0
0 0 690 0.013345 -0.683824 -0.89795 1.13662 0 0
0 0 691 -0.391735 -1.20299 -0.936628 -0.778733 0 0
0 0 692 1.9596 -2.04922 1.81946 1.05081 0 0
0 0 693 0.929198 -0.110456 0.193067 0.857362 0 0
0 0 694 -0.315702 0.036605 -1.43489 -0.137468 0 0
0 0 695 0.825782 -0.371115 1.16844 1.17179 0 0
0 0 696 -0.00673723 1.77737 1.62998 -1.62389 0 0
0 0 697 1.51029 2.32302 0.0840267 -0.993297 0 0
0 0 698 -0.00257868 -0.86215 0.44029 2.10267 0 0
0 0 699 1.60357 -1.81261 1.76265 0.716562 0 0
0 0 700 -1.82986 0.546968 -1.27182 -1.00238 0 0
0 0 701 -0.62257 1.96481 -0.153674 -1.08121 0 0
0 0 702 1.51082 0.790299 -0.453285 -0.140957 0 0
0 0 703 3.48131 1.07707 0.0334831 -1.1487 0 0
0 0 704 1.18406 -0.911461 0.208697 2.29925 0 0
0 0 705 0.81938 -1.92368 -0.978669 0.246871 0 0
0 0 706 -0.718188 0.996785 -1.39964 -2.02562 0 0
0 0 707 -1.4673 0.2516 -0.834235 0.429653 0 0
0 0 708 0.680215 -1.86782 0.10128 1.12097 0 0
0 0 709 1.36762 1.18164 1.61508 1.31778 0 0
0 0 710 0.367567 -0.471353 -0.351517 2.40349 0 0
0 0 711 -0.569076 0.76501 0.423214 0.327754 0 0
0 0 712 0.0167364 -0.221531 0.859554 -0.0114339 0 0
0 0 713 1.75985 0.681446 -0.373872 -0.508031 0 0
0 0 714 -0.637916 1.61508 -1.69777 -0.145402 0 0
0 0 715 0.400575 -1.15954 -1.61699 -3.05415 0 0
0 0 716 -1.39672 -1.13646 -2.67381 1.66822 0 0
0 0 717 -1.83777 1.06862 0.322738 -0.413415 0 0
0 0 718 -0.115715 -1.48518 -1.54027 0.726849 0 0
0 0 719 1.16177 -1.92351 -1.14902 2.31128 0 0
0 0 720 2.12328 -1.52975 -0.101228 1.12408 0 0
0 0 721 0.948953 0.808789 -0.191637 -0.635714 0 0
0 0 722 -0.895134 -0.715451 2.62035 -0.263893 0 0
0 0 723 -0.938572 -0.0561501 2.44432 0.0757019 0 0
0 0 724 -2.2984 0.903724 -0.0479352 0.304408 0 0
0 0 725 -1.39586 1.2972 0.134538 -1.51017 0 0
0 0 726 1.51821 0.894839 1.77128 0.817129 0 0
0 0 727 -0.946435 -0.282828 -0.797497 0.724425 0 0
0 0 728 -0.0579298 1.46838 1.12803 2.36 0 0
0 0 729 -1.01888 0.699114 1.91169 -2.96589 0 0
0 0 730 1.94232 -0.498983 1.13522 -0.887626 0 0
0 0 731 -0.395016 -0.205922 -3.39861 -0.353331 0 0
0 0 732 0.858393 0.882381 -1.80241 1.23727 0 0
0 0 733 -1.87694 -1.4305 0.699625 1.33632 0 0
0 0 734 0.208073 -1.25731 1.27237 0.357054 0 0
0 0 735 1.46586 -0.0778272 1.73576 -0.0890047 0 0
0 0 736 -0.515473 -1.27748 -0.330461 -0.186487 0 0
0 0 737 -0.98753 -0.0344428 0.444268 -0.388947 0 0
0 0 738 -1.47139 0.286567 3.46092 -0.894307 0 0
0 0 739 0.4012 -0.542928 -0.0738218 0.309262 0 0
0 0 740 0.436524 1.8985 0.00248588 0.0119281 0 0
0 0 741 0.460999 3.5683 0.793494 -2.47917 0 0
0 0 742 0.369496 0.350558 -0.78836 -1.40671 0 0
0 0 743 0.351816 1.0653 -0.00511873 -0.426719 0 0
0 0 744 2.36206 -0.473183 0.300059 0.455308 0 0
0 0 745 0.44684 0.937044 0.569102 0.519267 0 0
0 0 746 -1.62807 -2.0018 1.23117 2.08072 0 0
0 0 747 -2.83207 0.312254 -0.946109 2.43462 0 0
0 0 748 2.48566 2.54811 0.0246764 0.513991 0 0
0 0 749 -1.45707 1.24805 1.2374 0.145098 0 0
0 0 750 0.971168 -0.437989 0.798308 -2.36822 0 0
0 0 751 -0.102636 2.57148 0.53373 0.0803503 0 0
0 0 752 1.8634 1.22122 1.3294 1.35931 0 0
0 0 753 -2.06968 1.60192 -0.424924 -0.176142 0 0
0 0 754 -1.2687 0.995155 1.04681 -0.325403 0 0
0 0 755 -0.33454 1.53703 -1.273 -1.13722 0 0
0 0 756 0.240005 0.239788 0.477238 0.680726 0 0
0 0 757 1.08223 1.79446 -0.181998 1.09739 0 0
0 0 758 0.34394 -1.87233 0.824365 -1.76914 0 0
0 0 759 0.254507 -0.10467 -1.69635 1.20657 0 0
0 0 760 1.98767 1.31458 -1.99703 -0.732698 0 0
0 0 761 1.57602 -0.92092 2.42522 0.606946 0 0
0 0 762 1.75353 2.46406 0.125992 1.36776 0 0
0 0 763 -0.504946 -0.847038 -0.273848 -1.4198 0 0
0 0 764 0.407607 -0.552539 0.710176 1.89103 0 0
0 0 765 0.793124 -1.20653 -0.731265 -2.48771 0 0
0 0 766 -0.146726 -0.706709 -0.184088 0.0646937 0 0
0 0 767 1.32699 -0.2049 0.736498 -1.78199 0 0
0 0 768 0.896757 -0.343562 -0.639257 1.39853 0 0
0 0 769 0.886602 0.69519 -0.732584 -2.03582 0 0
0 0 770 -1.08246 0.469111 0.956431 -0.455915 0 0
0 0 771 -0.588308 1.61968 -0.377698 -0.195661 0 0
0 0 772 -0.132367 -3.06916 1.26525 1.21096 0 0
0 0 773 -0.564564 1.59241 -1.01563 -0.965766 0 0
0 0 774 -1.48763 0.744964 1.24935 0.0353917 0 0
0 0 775 -0.216503 -1.73216 0.123846 0.996339 0 0
0 0 776 -0.426761 1.93649 -0.836615 -0.177475 0 0
0 0 777 2.27638 -2.56721 1.52575 1.87733 0 0
0 0 778 1.7217 -0.762243 -0.876306 1.56453 0 0
0 0 779 0.0405766 0.0557444 0.255273 0.155796 0 0
0 0 780 -1.86158 -0.395718 0.1417 0.644621 0 0
0 0 781 0.823157 2.03031 -0.937337 0.303945 0 0
0 0 782 2.08888 0.460381 1.70018 0.29157 0 0
0 0 783 0.84662 2.05145 -0.332892 1.0434 0 0
0 0 784 -0.243611 0.275805 1.80126 -1.24264 0 0
0 0 785 0.826868 -0.0932568 1.21274 1.89312 0 0
0 0 786 0.0538306 -1.1834 -0.922172 -0.909291 0 0
0 0 787 -2.59999 -0.528389 2.19333 -0.491137 0 0
0 0 788 -0.224378 -2.22451 -1.50718 -1.7076 0 0
0 0 789 0.434137 0.399972 0.522437 -0.985786 0 0
0 0 790 0.19255 -0.285663 1.41054 -0.0855338 0 0
0 0 791 1.8293 0.222068 0.24237 -1.80093 0 0
0 0 792 0.958313 0.455918 -0.515023 0.398509 0 0
0 0 793 2.07946 2.61693 -0.482892 0.146441 0 0
0 0 794 0.720799 -3.1142 -0.0206333 2.6441 0 0
0 0 795 -0.83581 2.4512 -0.372493 -1.62276 0 0
0 0 796 0.967929 -0.441283 0.932863 0.310303 0 0
0 0 797 -0.201881 1.3914 -0.513381 1.63627 0 0
0 0 798 1.47922 0.906921 -1.78888 3.05691 0 0
0 0 799 -0.233309 0.226899 -1.28042 -0.323261 0 0
0 0 800 0.691479 -0.247246 -0.605642 -0.193541 0 0
0 0 801 0.0986397 1.00849 -0.970217 -1.70228 0 0
0 0 802 0.323159 1.52823 0.711112 0.772857 0 0
0 0 803 1.55124 1.05306 2.50314 -0.202864 0 0
0 0 804 0.253132 -0.867709 -0.88904 -0.877137 0 0
0 0 805 0.460886 1.21788 1.51364 -0.167392 0 0
0 0 806 -0.578511 -0.341071 0.730582 -0.784585 0 0
0 0 807 -0.563787 1.10684 -3.54926 0.443423 0 0
0 0 808 0.113202 2.11628 0.654079 1.09143 0 0
0 0 809 0.297527 1.35551 -0.957861 0.934635 0 0
0 0 810 0.0530002 0.210618 -0.275584 0.2859 0 0
0 0 811 -0.126771 2.92906 -3.7318 0.634885 -25.936 7.96845
0 0 812 -0.498425 -0.467969 -0.490513 1.04636 0 0
0 0 813 0.492506 0.59373 -0.682849 1.13592 0 0
0 0 814 0.434697 -1.57705 1.91656 -2.53431 0 0
0 0 815 1.07332 -1.22127 0.451151 -1.83966 0 0
0 0 816 0.00754246 -0.833317 1.5776 0.814489 0 0
0 0 817 0.437225 -0.479594 -2.22986 -0.605369 0 0
0 0 818 0.937948 0.926786 -0.0847644 -2.13277 0 0
0 0 819 -0.870155 0.0716507 -0.0344641 -0.488646 0 0
0 0 820 2.98299 3.10785 0.318544 -0.277891 0 0
0 0 821 -1.27868 0.166883 -0.788029 1.39553 0 0
0 0 822 -0.273062 -1.12903 1.5443 -0.726071 0 0
0 0 823 1.26269 1.67128 -0.0228058 -0.464136 0 0
0 0 824 0.53338 -1.26445 -0.842061 0.811387 0 0
0 0 825 -0.55395 1.71656 0.0799242 -0.39457 0 0
0 0 826 -1.53387 -1.92367 -1.06624 -2.30326 0 0
0 0 827 1.03539 -1.0079 -1.5028 -2.10337 0 0
0 0 828 -1.29259 0.496944 -1.54019 1.06963 0 0
0 0 829 0.261556 -0.171756 -1.30891 -2.13268 0 0
0 0 830 3.0776 -0.057615 -0.666778 -0.492412 0 0
0 0 831 0.0793815 -1.22872 -0.10035 1.10464 0 0
0 0 832 1.63477 -0.885874 -3.78852 -0.869278 0 0
0 0 833 -0.0343416 -2.15385 -1.33382 0.210103 0 0
0 0 834 0.903393 1.25904 0.325686 1.25111 0 0
0 0 835 0.308364 -0.59893 -2.56391 -2.52544 0 0
0 0 836 1.46082 -1.00633 -1.59154 -0.309478 0 0
0 0 837 -0.461303 -2.20995 -0.191821 -0.248551 0 0
0 0 838 -0.168227 -1.52246 1.18756 1.12924 0 0
0 0 839 0.774762 -0.772882 -1.8753 -0.341227 0 0
0 0 840 0.35393 1.07272 -0.610752 0.463625 0 0
0 0 841 2.60723 -0.841024 -2.80568 -1.87234 0 0
0 0 842 4.43874 1.08586 -3.26627 1.81734 0 0
0 0 843 3.82404 0.866922 -1.7343 -0.73918 0 0
0 0 844 0.980465 0.655148 -3.59029 -0.637491 0 0
0 0 845 2.63629 1.29002 -3.06115 1.82538 0 0
0 0 846 5.47174 -0.0686176 -3.92285 0.95407 0 0
0 0 847 4.25245 1.42545 -5.38441 0.53631 -37.5859 6.78773
0 0 848 3.43273 3.5352 -3.64464 -1.8806 -22.9367 7.4448
0 0 849 7.9784 3.91003 -6.43232 -0.829107 -29.3529 5.02214
0 0 850 5.54163 3.08977 -6.07622 1.2648 -31.5233 5.54595
0 0 851 6.76355 -0.777829 -7.71208 2.079 -47.8796 4.87766
0 0 852 9.27058 3.09544 -6.53171 -1.31973 -32.3217 5.23034
0 0 853 7.98818 4.13817 -8.72209 -1.25613 -32.3091 3.91603
0 0 854 10.6142 1.51979 -8.78383 0.817442 -40.0919 4.2412
0 0 855 9.27627 0.768078 -9.40138 -1.16924 -42.6647 4.00816
0 0 856 10.7158 1.38664 -7.80972 0.596885 -39.9659 4.76653
0 0 857 11.6393 1.69302 -9.80375 -0.433092 -40.1011 3.80019
0 0 858 9.83336 1.59854 -8.91716 1.14756 -39.9184 4.17333
0 0 859 10.8329 1.45881 -8.71112 0.246299 -40.2466 4.28054
0 0 860 12.2444 2.3351 -11.3222 -0.399587 -39.1733 3.27039
0 0 861 9.7621 2.4616 -9.76365 0.898144 -37.9248 3.75473
0 0 862 13.6384 3.64185 -12.4503 0.321869 -36.8476 2.91449
0 0 863 13.0014 2.64736 -12.1328 -0.616272 -38.8455 3.0445
0 0 864 11.3128 2.42359 -12.622 0.0100468 -39.5654 2.94163
0 0 865 12.8894 1.22906 -9.10316 0.013271 -41.1554 4.1159
0 0 866 12.5294 0.420037 -13.0279 1.30787 -44.0767 2.90056
0 0 867 9.17709 0.883386 -9.69434 -2.66893 -42.3967 3.8839
0 0 868 12.4618 1.03095 -10.1372 -1.55553 -42.0965 3.71046
0 0 869 10.6195 0.526264 -9.61385 0.930204 -43.4334 3.92677
0 0 870 11.1092 0.91143 -10.2865 -0.1517 -42.4683 3.66114
0 0 871 9.31875 0.318807 -9.05966 -0.33416 -43.9923 4.17063
0 0 872 7.62517 4.4426 -5.41683 -0.61807 -25.3216 5.39598
0 0 873 10.0998 -1.4442 -7.63188 -0.175896 -50.3578 4.8675
0 0 874 8.55619 1.30224 -7.13232 0.571844 -39.8264 5.21466
0 0 875 10.3656 2.1786 -8.30718 -1.44464 -37.6524 4.40225
0 0 876 6.00849 -0.264449 -8.11342 0.427176 -45.9334 4.65745
0 0 877 10.3749 1.57667 -9.02844 0.0444517 -40.047 4.12517
0 0 878 9.05948 1.5547 -9.28022 1.44296 -40.2448 4.018
0 0 879 8.3964 0.250167 -9.17853 -0.268412 -44.2194 4.11764
0 0 880 8.59325 2.44215 -7.62973 2.25294 -36.1255 4.71931
0 0 881 11.1521 -1.31033 -6.67978 -1.01902 -50.5492 5.55412
0 0 882 9.87275 1.71077 -5.44317 -1.2455 -36.2761 6.62613
0 0 883 7.53632 1.74971 -7.57624 -0.790986 -38.4979 4.86225
0 0 884 9.84055 0.286993 -6.38744 -0.964749 -43.7137 5.91313
0 0 885 10.1095 2.43224 -6.60603 0.0264061 -34.8935 5.37053
0 0 886 8.65833 1.37478 -6.41293 -1.93332 -38.9502 5.76451
0 0 887 8.00261 1.9067 -9.06717 0.602705 -39.0623 4.08045
0 0 888 7.82916 1.85262 -6.6837 0.112313 -37.2537 5.45105
0 0 889 9.22053 1.22379 -8.90002 1.52509 -41.0853 4.20844
0 0 890 8.9295 1.49415 -8.8992 -1.68931 -40.2345 4.18978
0 0 891 10.4199 -1.83434 -8.78019 -0.105223 -50.9002 4.21498
0 0 892 10.6268 -1.00999 -7.9508 0.292832 -48.6197 4.7173
0 0 893 12.8552 0.16867 -11.6054 -0.58309 -44.5837 3.25744
0 0 894 8.59416 -1.62073 -13.4349 -1.47349 -48.4394 2.7939
0 0 895 14.8377 -0.0827541 -15.0065 -0.55588 -45.158 2.5194
0 0 896 14.7537 0.361091 -13.591 -0.244709 -44.239 2.78086
0 0 897 16.2999 0.297785 -13.1576 -3.8227 -44.3517 2.87273
0 0 898 15.5345 3.01257 -15.6439 -0.954229 -39.55 2.37315
0 0 899 15.6644 -2.46882 -15.1379 -1.51787 -49.6314 2.46498
0 0 900 15.8653 -1.2409 -15.2115 -0.05536 -47.3318 2.47725
0 0 901 18.5213 -0.733821 -15.1484 -2.64539 -46.3867 2.49292
0 0 902 19.966 0.92391 -18.9641 0.115698 -43.6054 1.99129
0 0 903 20.3915 0.478854 -20.0886 2.57039 -44.3172 1.88153
0 0 904 22.9437 1.55538 -20.7566 -2.31087 -42.8573 1.81639
0 0 905 24.7951 1.65745 -22.0046 -0.161627 -42.8462 1.71332
0 0 906 27.2876 0.0794487 -21.5121 0.681543 -44.8942 1.75751
0 0 907 28.4375 -0.974291 -21.5044 0.154867 -46.2971 1.75635
0 0 908 27.8637 -0.431587 -23.9323 1.3213 -45.5166 1.57953
0 0 909 29.7231 -2.32465 -23.6985 0.157388 -47.8012 1.58775
0 0 910 30.8886 -2.45048 -24.1343 -0.114688 -47.8988 1.55854
0 0 911 29.8277 -0.130601 -25.9093 -0.991878 -45.1444 1.45922
0 0 912 31.4613 -1.71775 -25.3672 0.015348 -46.9369 1.48702
0 0 913 31.3843 -1.4585 -21.9981 -2.13315 -46.8966 1.71492
0 0 914 30.1861 -0.287009 -24.7529 -1.79999 -45.3322 1.52731
0 0 915 33.1014 -1.78017 -23.8384 -2.22571 -47.1354 1.5816
0 0 916 34.3255 -5.29158 -26.494 0.100689 -50.6475 1.39938
0 0 917 34.0522 -6.00632 -26.6695 -3.08517 -51.346 1.38298
0 0 918 37.283 -2.15775 -25.8911 -1.44375 -47.382 1.45522
0 0 919 38.8914 -4.47278 -26.3216 -0.666123 -49.822 1.41607
0 0 920 41.1537 -1.8992 -25.7771 -2.55111 -47.1069 1.46276
0 0 921 42.7275 -4.08371 -26.4892 -1.69994 -49.382 1.41062
0 0 922 43.1177 -4.37 -25.3862 -1.17049 -49.8836 1.46771
0 0 923 46.9553 -3.17714 -23.8742 -1.39706 -48.7901 1.56978
0 0 924 49.7079 -5.61949 -22.5165 -1.55792 -52.0066 1.62912
0 0 925 55.0562 -4.83631 -22.5974 -1.45226 -51.0401 1.63604
0 0 926 59.4853 -2.8953 -20.9596 -3.32127 -48.9324 1.78686
0 0 927 66.8277 -5.59142 -21.5508 -1.69095 -52.2724 1.69809
0 0 928 73.1701 -6.72758 -17.4945 -0.441168 -55.5172 2.01703
0 0 929 77.8843 -5.63765 -14.1887 0.267087 -55.8348 2.4762
0 0 930 86.5419 -2.12674 -6.85308 2.01019 -53.6204 5.26886
0 0 931 94.7995 -2.39143 -0.776509 0.48553 0 0
0 0 932 100.367 1.10115 3.60161 -0.984942 0 0
0 0 933 112.294 3.82093 11.3175 1.2153 35.6723 3.16502
0 0 934 121.323 6.04451 18.2523 0.999068 35.8385 1.96631
0 0 935 132.202 8.63675 27.7709 2.11834 36.3622 1.29996
0 0 936 147.397 11.2817 36.6899 1.994 36.454 0.984929
0 0 937 160.771 14.8793 44.9334 3.61453 35.8391 0.798735
0 0 938 171.811 18.3598 54.0956 2.38154 35.6265 0.661805
0 0 939 184.565 21.6733 63.2121 7.78901 35.5375 0.565758
0 0 940 194.736 25.1578 68.177 6.22577 34.8728 0.520241
0 0 941 198.86 28.1752 72.5433 7.36806 34.3871 0.485797
0 0 942 202.358 28.6415 76.3072 8.44824 34.7133 0.463849
0 0 943 207.082 30.7185 76.3845 5.93304 34.0461 0.4592
0 0 944 204.669 29.3509 70.9087 8.15353 33.7571 0.492628
0 0 945 201.239 28.5949 69.5325 2.99759 33.8227 0.502853
0 0 946 193.123 30.8613 62.7414 4.01358 31.9042 0.540686
0 0 947 187.672 25.0461 57.0599 2.57509 33.1506 0.606687
0 0 948 181.365 26.2886 51.1773 2.9009 31.4057 0.657084
0 0 949 170.087 20.388 45.7816 -0.176058 32.9975 0.754359
0 0 950 160.963 19.1063 37.4521 2.34077 31.4858 0.899172
0 0 951 154.617 14.7865 32.7629 5.34366 32.8547 1.05176
0 0 952 143.575 14.8604 26.9004 3.62231 30.5413 1.23013
0 0 953 137.833 12.6452 23.4293 0.7542 30.8218 1.41995
0 0 954 131.331 6.90939 19.3852 -0.0425448 35.1913 1.83706
0 0 955 121.765 6.99577 17.5079 0.112613 34.1097 2.00522
0 0 956 116.396 5.66806 12.2208 1.65248 32.5589 2.80638
0 0 957 111.936 4.26896 10.6783 0.306984 34.1048 3.28746
0 0 958 105.483 3.53453 6.15437 1.91014 30.0654 5.32672
0 0 959 102.838 2.7156 1.72741 -1.22252 0 0
0 0 960 98.6298 -1.00001 4.02284 1.03375 0 0
0 0 961 93.9928 -0.465153 -2.30268 2.43385 0 0
0 0 962 91.1322 1.82185 -0.443341 1.63314 0 0
0 0 963 88.6624 -3.47762 -1.76678 -2.42809 0 0
0 0 964 85.7416 -1.50675 -2.97581 -0.187482 0 0
0 0 965 83.9023 -1.79578 -3.07853 -3.30026 0 0
0 0 966 81.4156 -4.22694 -2.32981 -1.34916 -75.5687 7.83114
0 0 967 79.7395 -3.14722 -4.79111 -2.77339 -61.6502 6.5948
0 0 968 75.9137 -6.96115 -3.81571 -1.91909 -75.6355 4.76131
0 0 969 75.3889 -7.48651 -7.82452 -3.37707 -66.8677 3.49067
0 0 970 69.2402 -3.86058 -3.83441 -3.24415 -67.5974 6.94712
0 0 971 69.6538 -2.44905 -6.09926 -4.75687 -55.9385 5.75206
0 0 972 68.4123 -4.60155 -5.49267 -3.16119 -64.9775 5.27559
0 0 973 67.7974 -6.59409 -6.55147 -5.75632 -67.5929 4.06662
0 0 974 63.9949 -6.6001 -6.80939 -7.38657 -67.0529 3.98614
0 0 975 61.9755 -5.66916 -2.46888 -3.78686 -78.2336 6.11246
0 0 976 59.7139 -4.81696 -6.2004 -8.45087 -63.9214 4.81461
0 0 977 57.2083 -6.88573 -2.52229 -4.3145 -79.9409 5.15403
0 0 978 53.4014 -6.56983 -4.84637 -4.73036 -71.7924 4.62995
0 0 979 52.3115 -4.38843 -4.96952 -6.45588 -65.7234 5.70177
0 0 980 49.0487 -5.7436 -1.99639 -4.5265 -80.4167 6.21562
0 0 981 49.1891 -5.88626 -3.88306 -6.50335 -73.2939 5.36013
0 0 982 44.8999 -4.27048 -3.21288 -4.10085 -71.5221 7.07297
0 0 983 46.8277 -10.074 -3.8494 -6.12305 -79.5437 3.50465
0 0 984 41.8774 -8.54166 -4.95364 -6.79277 -74.9444 3.8279
0 0 985 38.8342 -7.20477 -4.4071 -4.99006 -74.2731 4.47531
0 0 986 37.5764 -8.56258 -5.5308 -6.01218 -73.5702 3.70803
0 0 987 36.6135 -7.29106 -3.52807 -6.12012 -77.0891 4.66633
0 0 988 35.1063 -7.55561 -4.22779 -4.81384 -75.3853 4.36555
0 0 989 31.9689 -6.2322 -3.82442 -3.04293 -74.2322 5.16919
0 0 990 31.7758 -7.76336 -4.00454 -5.65696 -76.3571 4.32686
0 0 991 28.3526 -7.46794 -1.64865 -3.61492 -83.7754 4.94188
0 0 992 27.1824 -7.44757 -1.9885 -6.86695 -82.5254 4.90299
0 0 993 27.1226 -7.52618 0.0105105 -3.99765 89.96 5.02162
0 0 994 24.8501 -4.74792 -3.14539 -3.47396 -73.2382 6.63671
0 0 995 25.2643 -6.82616 -1.0251 -4.71807 -85.7298 5.47523
0 0 996 23.0614 -7.04939 -1.56142 -3.05987 -83.7554 5.23448
0 0 997 22.9795 -9.11891 -3.04853 -5.3222 -80.7574 3.93085
0 0 998 21.3226 -6.55658 -0.707101 -1.35073 -86.9223 5.73102
0 0 999 20.6565 -6.35224 -3.32526 -0.191089 -76.1844 5.27154
0 0 1000 20.0693 -7.4383 -1.86303 -2.52615 -82.9694 4.92882
0 0 1001 18.8977 -8.34629 -3.57198 -1.78776 -78.4152 4.16321
0 0 1002 16.4318 -6.15698 -0.0611672 -3.25301 -89.7154 6.13804
0 0 1003 15.0854 -6.90497 -1.16147 -2.9383 -85.2259 5.39762
0 0 1004 17.9153 -3.97047 -0.350951 -3.04761 0 0
0 0 1005 16.133 -6.45125 -1.35216 -3.91567 -84.0812 5.73384
0 0 1006 14.0574 -7.45065 -2.35131 -3.42353 -81.2426 4.83752
0 0 1007 13.1773 -6.6718 -2.32542 -2.88308 -80.3921 5.3493
0 0 1008 14.9452 -5.95837 -1.04494 -4.22025 -85.0265 6.24766
0 0 1009 12.2758 -4.61178 -1.63156 -1.50282 -80.2586 7.72611
0 0 1010 11.3374 -0.548974 -0.13156 0.216134 0 0
0 0 1011 12.23 -4.30649 -2.92838 -0.79785 -72.8923 7.25797
0 0 1012 11.7342 -6.30988 -0.427571 -3.19553 -88.0617 5.9759
0 0 1013 10.5396 -5.79067 -0.196834 -2.5638 -89.0266 6.52287
0 0 1014 11.5743 -4.64212 -1.62345 -0.233992 -80.3621 7.68537
0 0 1015 6.00977 -3.80689 0.709804 -1.73121 0 0
0 0 1016 7.88083 -1.80013 -0.438659 -0.599692 0 0
0 0 1017 10.3624 -3.21565 -0.140865 0.369528 0 0
0 0 1018 9.0642 -3.21668 -0.309565 -1.71021 0 0
0 0 1019 6.65889 -4.0304 1.0055 -1.18557 0 0
0 0 1020 7.28158 -1.8885 -0.57209 -1.87766 0 0
0 0 1021 6.07049 -1.73693 -2.92622 -0.182022 0 0
0 0 1022 8.10016 -2.75121 2.45307 -2.51478 0 0
0 0 1023 4.16028 -2.59261 0.513235 0.832081 0 0
