# File: uwl_230511_152257_Combined.rf.sbD2.RMC_aux Src: J1713+0747 Nsub: 1 Nch: 1 Npol: 4 Nbin: 1024 RMS: 1.25058
0 0 0 6.83341 -2.00955 -1.32038 -0.511399 0 0
0 0 1 4.51362 0.463973 1.28724 1.365 0 0
0 0 2 1.868 -1.63452 -2.87756 0.768346 0 0
0 0 3 3.8503 -0.200052 -0.779467 1.41861 0 0
0 0 4 2.10999 -0.227661 -1.33618 -2.2433 0 0
0 0 5 0.63539 -3.06305 0.473163 -2.18774 0 0
0 0 6 0.778916 -1.47777 -1.7357 -1.95415 0 0
0 0 7 2.32231 -1.42297 1.41149 0.675643 0 0
0 0 8 4.55606 0.00943255 -0.944214 1.421 0 0
0 0 9 5.55047 0.118211 -0.230907 0.0278686 0 0
0 0 10 3.31844 1.03655 -0.672831 1.80937 0 0
0 0 11 0.765722 1.21744 -0.472937 -2.09402 0 0
0 0 12 1.32609 2.94939 -0.770563 -2.01986 0 0
0 0 13 2.46554 -1.21826 -0.908181 -0.698544 0 0
0 0 14 2.18927 -1.30232 1.50704 -1.21122 0 0
0 0 15 2.78921 1.38007 3.30173 -1.76141 0 0
0 0 16 0.582508 -3.03012 0.435581 -0.0695589 0 0
0 0 17 3.13498 -1.30308 0.730691 -1.50306 0 0
0 0 18 0.696107 -0.165974 1.01179 2.368 0 0
0 0 19 4.01097 -0.232277 0.273447 1.48525 0 0
0 0 20 2.47797 0.0970788 -0.273234 2.3879 0 0
0 0 21 2.29671 -2.09142 2.1722 2.42294 0 0
0 0 22 4.57205 -1.48714 0.408859 0.0400388 0 0
0 0 23 -0.304794 0.436084 -1.01687 -0.39731 0 0
0 0 24 1.4242 -1.6663 -1.11648 -0.34673 0 0
0 0 25 0.925154 -1.18636 -0.78998 -0.188471 0 0
0 0 26 0.616959 -0.149147 3.57821 -2.01019 0 0
0 0 27 0.27783 -0.659516 2.81801 1.05184 0 0
0 0 28 4.38908 1.23217 2.01064 -1.73656 0 0
0 0 29 2.36959 0.0543624 2.5981 -1.17384 0 0
0 0 30 3.82412 0.0430011 0.473368 0.631374 0 0
0 0 31 3.22281 -0.649125 2.52595 0.433679 0 0
0 0 32 3.42729 -0.363696 0.847766 0.73491 0 0
0 0 33 1.21305 -1.04889 2.59486 0.918926 0 0
0 0 34 3.56537 -0.759222 0.538138 2.09279 0 0
0 0 35 2.34951 -0.707816 1.02282 1.67165 0 0
0 0 36 0.941561 1.15917 3.1189 1.05973 0 0
0 0 37 1.21722 -0.92474 1.26971 -0.168701 0 0
0 0 38 1.43732 0.963827 2.59407 2.11335 0 0
0 0 39 1.20676 -0.685124 -0.27065 -2.63384 0 0
0 0 40 0.567125 0.514234 0.983092 -0.659095 0 0
0 0 41 4.0504 -1.5115 3.19539 0.454059 0 0
0 0 42 1.02211 0.287375 3.83137 1.88485 0 0
0 0 43 0.442634 -3.1848 1.19706 -1.52036 0 0
0 0 44 2.47877 -0.506515 -1.09121 2.60675 0 0
0 0 45 2.83322 -2.12799 4.65171 2.5408 57.2912 7.032
0 0 46 3.39131 -2.36448 2.3633 1.14913 0 0
0 0 47 1.99307 -0.9823 3.43178 -0.0503515 0 0
0 0 48 3.07472 -1.47346 2.87211 1.561 0 0
0 0 49 5.21672 -1.17748 2.41025 -0.62647 0 0
0 0 50 3.87843 -3.21458 0.776658 -0.378738 0 0
0 0 51 2.13128 -2.0072 0.916286 1.16567 0 0
0 0 52 2.20754 -3.02795 -1.34712 -0.993711 0 0
0 0 53 0.99806 -0.42674 0.344592 1.11763 0 0
0 0 54 3.76388 0.486542 1.46021 0.117795 0 0
0 0 55 4.59497 1.44052 1.84478 1.33629 0 0
0 0 56 3.42584 1.05635 2.81559 -0.529985 0 0
0 0 57 6.91333 1.20463 1.52125 -0.500311 0 0
0 0 58 1.35458 2.01088 2.89108 0.991146 0 0
0 0 59 1.38049 -1.26543 3.86718 1.69178 0 0
0 0 60 2.2999 -3.80968 0.0959237 1.01536 0 0
0 0 61 2.49422 0.168972 1.91954 -0.0810859 0 0
0 0 62 1.29441 -1.866 3.20679 0.00833414 0 0
0 0 63 3.38248 -0.122428 1.80756 3.2459 0 0
0 0 64 1.82124 -1.01584 0.968262 1.42935 0 0
0 0 65 1.60666 -0.902395 -1.30754 0.770888 0 0
0 0 66 1.774 -1.11669 1.08443 0.683665 0 0
0 0 67 4.20304 -0.23765 1.19696 1.49727 0 0
0 0 68 0.935212 -0.588338 -0.261125 -0.046643 0 0
0 0 69 0.347451 -1.85424 0.224762 2.33065 0 0
0 0 70 0.429174 0.533638 -0.714717 0.894599 0 0
0 0 71 3.14497 -1.10516 2.52201 0.900574 0 0
0 0 72 3.91381 -0.00986111 1.84684 -2.65218 0 0
0 0 73 3.00188 1.09555 2.39926 1.50175 0 0
0 0 74 1.04296 1.51677 0.209621 -0.0488471 0 0
0 0 75 0.688156 -0.198067 2.18376 1.35643 0 0
0 0 76 0.670881 -0.00368506 0.513705 1.13048 0 0
0 0 77 -0.323621 1.52648 -0.990148 -1.54672 0 0
0 0 78 -0.739641 -0.192224 -1.00472 0.947897 0 0
0 0 79 0.727748 0.240194 0.946309 -0.457036 0 0
0 0 80 0.805258 -1.45064 0.626306 -0.0764704 0 0
0 0 81 0.884906 0.988632 2.0111 -0.452139 0 0
0 0 82 0.468105 0.163433 -1.4159 1.49179 0 0
0 0 83 0.90484 0.153515 -0.560511 0.573694 0 0
0 0 84 0.478518 -0.392127 -0.319215 0.262949 0 0
0 0 85 1.1187 -1.26563 0.323369 1.01535 0 0
0 0 86 3.0363 0.611715 -0.394884 -0.554199 0 0
0 0 87 -0.0919188 0.735499 -0.233063 -0.102186 0 0
0 0 88 4.25375 -0.404528 -1.76066 -2.42254 0 0
0 0 89 1.76601 1.54985 -0.706344 -0.304138 0 0
0 0 90 1.63753 0.81534 -0.408985 0.583205 0 0
0 0 91 0.875721 -1.34466 -1.1677 -0.819136 0 0
0 0 92 0.0380974 0.46433 -3.50528 1.24735 0 0
0 0 93 3.73099 -0.0360752 2.70045 0.686513 0 0
0 0 94 0.971786 -0.631301 -0.732121 0.121661 0 0
0 0 95 3.10533 0.312801 0.185279 0.477763 0 0
0 0 96 -0.461268 1.08316 1.57431 -1.99922 0 0
0 0 97 1.10581 3.52715 -1.69315 0.815588 0 0
0 0 98 1.27295 3.50176 -1.35701 0.465273 0 0
0 0 99 -1.42834 -1.24439 0.982928 2.58095 0 0
0 0 100 0.769971 -0.259501 -0.705372 -0.00481629 0 0
0 0 101 -0.284381 1.53765 -0.297568 2.08314 0 0
0 0 102 1.04235 -0.264366 -2.22954 -0.17017 0 0
0 0 103 1.12115 1.0661 -0.833939 -1.10229 0 0
0 0 104 1.74824 -0.444939 -1.4119 -1.72973 0 0
0 0 105 -1.9018 -0.164491 1.45413 0.225818 0 0
0 0 106 0.877115 0.060513 -0.344068 2.42155 0 0
0 0 107 -0.280605 -0.0439952 0.751967 -0.255627 0 0
0 0 108 -0.976117 1.12408 -0.121248 -0.813476 0 0
0 0 109 0.932433 0.0793624 -2.34062 -1.10026 0 0
0 0 110 -0.279667 1.84716 1.99623 0.255163 0 0
0 0 111 -2.32676 -0.790676 0.727774 -1.17652 0 0
0 0 112 0.727583 0.16454 -0.225898 -1.03518 0 0
0 0 113 1.01579 2.64329 0.687971 -1.23371 0 0
0 0 114 1.64546 2.67088 1.58942 0.966241 0 0
0 0 115 -0.324183 1.74153 1.27715 0.358677 0 0
0 0 116 0.922125 -1.44473 -0.27837 -1.63199 0 0
0 0 117 1.98907 -0.24552 1.2306 0.142077 0 0
0 0 118 -0.127932 -2.87173 1.8146 2.81602 0 0
0 0 119 0.703836 1.94224 0.80304 -0.989915 0 0
0 0 120 -0.755965 0.126832 -0.0160774 -1.82417 0 0
0 0 121 0.549003 0.823897 1.68511 -1.64553 0 0
0 0 122 1.24636 2.63056 1.14918 -0.81564 0 0
0 0 123 -0.384023 0.922682 2.18393 0.697598 0 0
0 0 124 0.786556 -0.117389 0.00936289 -0.582939 0 0
0 0 125 -0.74756 0.105407 -1.68471 0.62805 0 0
0 0 126 -0.64503 -0.133459 0.0503973 2.3393 0 0
0 0 127 -1.22861 -1.56948 0.13178 0.828377 0 0
0 0 128 -1.62893 0.230845 -1.005 1.0253 0 0
0 0 129 -0.796499 -0.228899 -0.78382 1.41738 0 0
0 0 130 -0.120665 -1.16151 -0.71988 0.901566 0 0
0 0 131 -1.75153 1.29941 1.1133 0.150738 0 0
0 0 132 0.32898 1.00104 1.08701 -0.0471109 0 0
0 0 133 -0.172215 0.224964 -0.53615 -0.599178 0 0
0 0 134 0.100745 -0.549306 -0.704902 0.525784 0 0
0 0 135 2.2877 -0.123698 -0.751363 2.96277 0 0
0 0 136 0.116304 -1.16837 -0.240305 -3.33521 0 0
0 0 137 -2.24434 -0.669712 -2.48474 0.281691 0 0
0 0 138 -0.679954 2.70074 1.49107 -0.485094 0 0
0 0 139 0.591082 0.937953 1.75553 -1.8649 0 0
0 0 140 -0.858431 0.207633 0.999013 -1.30442 0 0
0 0 141 -0.293919 -0.754738 -0.944897 -0.343672 0 0
0 0 142 -1.70761 0.773065 2.22798 0.706087 0 0
0 0 143 -0.175081 0.291692 1.68727 0.240113 0 0
0 0 144 -0.655946 0.251678 -1.56628 -1.59043 0 0
0 0 145 -0.265025 1.3869 -0.656658 -0.802439 0 0
0 0 146 1.31944 -0.914934 -1.33316 3.24024 0 0
0 0 147 -0.510959 1.05178 0.33788 0.53414 0 0
0 0 148 1.35814 0.0420918 -0.0106753 0.413531 0 0
0 0 149 -1.45971 1.70098 -1.36107 1.81564 0 0
0 0 150 1.75343 -0.219471 1.43843 -2.92643 0 0
0 0 151 2.0854 -0.0354598 0.791259 -1.51067 0 0
0 0 152 0.996607 0.883202 -0.121186 -1.78613 0 0
0 0 153 -0.542077 -0.088557 -1.02034 2.17833 0 0
0 0 154 -0.979339 -0.674713 2.97578 2.12049 0 0
0 0 155 -0.962854 1.35129 0.975729 1.43048 0 0
0 0 156 0.312117 -0.155259 -0.699356 1.43148 0 0
0 0 157 2.06712 -0.641697 2.24917 -0.904636 0 0
0 0 158 2.33419 3.44313 0.82889 -0.661017 0 0
0 0 159 3.7267 1.53321 -1.16218 -0.302045 0 0
0 0 160 -1.78215 -1.22114 0.799028 -1.22879 0 0
0 0 161 4.08355 1.66664 1.05203 1.3925 0 0
0 0 162 -0.0432245 -0.902851 0.255246 1.26673 0 0
0 0 163 0.437074 1.01477 2.92354 -0.948252 0 0
0 0 164 1.82035 -0.286368 -0.369395 4.24052 0 0
0 0 165 0.763092 0.620415 -0.293513 -0.162208 0 0
0 0 166 1.14269 1.80255 -0.0568626 3.74017 0 0
0 0 167 -0.115865 -1.34859 0.325529 3.07799 0 0
0 0 168 0.48346 0.579036 -0.681372 -0.0659173 0 0
0 0 169 -0.293613 -0.341538 -2.41769 2.85596 0 0
0 0 170 0.615627 -1.10941 -1.82214 2.76772 0 0
0 0 171 -0.0308651 2.68872 1.61838 2.42988 0 0
0 0 172 -0.810233 2.44951 1.75078 1.38761 0 0
0 0 173 0.00810868 1.17139 -2.00477 -1.82885 0 0
0 0 174 1.03897 -3.25762 1.46617 0.832429 0 0
0 0 175 1.20899 -1.34811 -2.43749 0.231805 0 0
0 0 176 1.12878 3.08253 -0.0245359 1.17985 0 0
0 0 177 1.93311 -0.854585 4.49264 2.83288 50.385 7.98037
0 0 178 -0.966967 0.708334 0.713731 1.67628 0 0
0 0 179 -0.10179 -0.607674 -1.38855 -2.3086 0 0
0 0 180 -0.11143 1.40902 -1.11652 0.5416 0 0
0 0 181 0.138177 -0.745755 0.0290741 1.79487 0 0
0 0 182 1.10611 1.65784 1.45247 1.79613 0 0
0 0 183 2.13428 0.183859 -1.02107 0.443495 0 0
0 0 184 0.321353 -1.07262 1.08745 0.0453785 0 0
0 0 185 0.504794 0.2344 -2.77311 -2.96645 0 0
0 0 186 0.424914 0.739826 -0.257054 -0.640213 0 0
0 0 187 -0.118056 1.64007 0.388993 1.37511 0 0
0 0 188 -0.292721 1.24004 -1.82072 0.728105 0 0
0 0 189 0.704135 2.3037 2.41056 0.339438 0 0
0 0 190 -0.768774 -1.1401 0.86637 -4.29782 0 0
0 0 191 0.825814 0.607784 0.919033 1.93482 0 0
0 0 192 -1.5578 1.67822 1.46663 -1.06707 0 0
0 0 193 0.278531 -1.41236 0.783821 -0.549661 0 0
0 0 194 0.453357 -1.61144 0.458037 0.75604 0 0
0 0 195 0.247889 -0.555796 1.07719 2.31693 0 0
0 0 196 1.11684 2.41303 2.42523 -0.580837 0 0
0 0 197 0.151969 0.249605 1.21896 1.33785 0 0
0 0 198 1.99545 -1.17045 0.251071 0.992973 0 0
0 0 199 2.60062 0.161431 -1.52954 0.71377 0 0
0 0 200 0.254663 0.666438 0.699944 0.879943 0 0
0 0 201 -1.40827 0.0992957 -1.78248 -1.23873 0 0
0 0 202 -0.868458 3.12751 -1.42646 -0.777657 0 0
0 0 203 1.84493 -0.29824 0.386351 1.50007 0 0
0 0 204 1.07055 -1.12625 -1.22645 1.15361 0 0
0 0 205 -1.47792 -1.76802 -0.292562 0.481589 0 0
0 0 206 1.90515 -2.04302 -0.273162 1.51173 0 0
0 0 207 0.428291 -1.70439 1.16552 -0.112031 0 0
0 0 208 -2.45506 0.0619631 -0.805348 -2.032 0 0
0 0 209 1.95526 0.700409 1.41772 -0.469454 0 0
0 0 210 1.37636 -2.08784 0.148472 0.0770267 0 0
0 0 211 -1.35308 0.89496 1.59839 2.21154 0 0
0 0 212 0.188753 -0.0230694 -1.17251 0.373651 0 0
0 0 213 0.326853 0.718743 -0.943342 -1.11817 0 0
0 0 214 0.178445 0.0715845 -1.06829 -0.714006 0 0
0 0 215 -2.21329 -1.00504 0.312608 0.509655 0 0
0 0 216 -2.3936 0.440042 1.84579 -1.50232 0 0
0 0 217 -2.15576 1.08266 -0.719169 0.839435 0 0
0 0 218 3.77484 0.203931 2.0844 2.58052 0 0
0 0 219 0.184736 0.597429 0.687358 -0.477702 0 0
0 0 220 -1.21745 -0.0828297 1.86554 -0.0689126 0 0
0 0 221 1.46924 -0.0911866 -0.11324 2.72691 0 0
0 0 222 -1.91708 0.125418 0.943708 -1.4714 0 0
0 0 223 0.211645 1.23707 -0.108159 0.0196997 0 0
0 0 224 -0.313983 1.15523 3.52036 1.4599 0 0
0 0 225 1.43805 0.676242 -0.732828 -0.00900869 0 0
0 0 226 -0.727485 2.08626 0.243282 -2.07278 0 0
0 0 227 -2.21598 1.89272 1.74585 1.59821 0 0
0 0 228 -0.0118033 -1.27938 2.11514 -0.963685 0 0
0 0 229 0.84503 -0.20297 1.23561 1.19774 0 0
0 0 230 -1.52768 -0.933421 0.550672 -1.93247 0 0
0 0 231 -2.33095 2.35398 -0.767744 2.57063 0 0
0 0 232 1.9579 -0.421862 -0.322879 -0.00535908 0 0
0 0 233 -1.55308 -0.0723927 -0.223616 -0.620262 0 0
0 0 234 -0.587186 2.38669 -0.517023 -1.05825 0 0
0 0 235 0.980639 -2.40912 -0.0594096 0.838746 0 0
0 0 236 -2.21618 0.0630721 0.383712 2.06991 0 0
0 0 237 -0.687194 0.356186 -0.15248 0.374943 0 0
0 0 238 0.205225 0.270432 -0.794079 0.81018 0 0
0 0 239 1.60447 -0.80237 0.535488 -0.205798 0 0
0 0 240 0.612097 1.53789 -0.20802 0.45347 0 0
0 0 241 -0.221918 -1.48898 1.02857 0.13529 0 0
0 0 242 0.713194 -1.80203 0.307818 1.57443 0 0
0 0 243 -0.462497 0.532026 -0.428299 1.66805 0 0
0 0 244 -0.230549 -0.524842 0.844927 0.693306 0 0
0 0 245 2.7722 -0.733939 0.670721 -0.699527 0 0
0 0 246 0.971492 -0.0587352 0.788032 2.10534 0 0
0 0 247 -0.0783862 -0.0527142 -1.00306 1.24943 0 0
0 0 248 -0.73044 1.20449 0.949054 -0.801562 0 0
0 0 249 0.974062 -1.975 -1.10984 1.39567 0 0
0 0 250 4.772 -1.0812 -0.838171 1.54914 0 0
0 0 251 -0.047613 0.138685 -2.97041 -0.269875 0 0
0 0 252 1.30654 -2.14155 -1.07328 1.8096 0 0
0 0 253 -0.576066 -1.33518 -0.82335 -0.60295 0 0
0 0 254 -0.530806 1.25595 0.936382 1.77703 0 0
0 0 255 2.54102 -0.154651 2.74111 2.24685 0 0
0 0 256 1.62569 -0.594771 1.09701 1.77314 0 0
0 0 257 1.48604 0.628129 -2.06397 -0.00261586 0 0
0 0 258 -1.93354 2.49398 -2.71726 -1.19155 0 0
0 0 259 1.1286 1.6313 0.0573844 1.3408 0 0
0 0 260 -1.67414 1.05411 -0.747694 0.0757776 0 0
0 0 261 0.0455174 -0.475835 -0.548645 0.503758 0 0
0 0 262 1.70217 0.919842 1.63173 1.22338 0 0
0 0 263 -0.231653 1.27313 3.96976 -0.395857 36.1093 8.70132
0 0 264 1.20791 0.000789404 -1.59891 1.33336 0 0
0 0 265 0.551176 1.21879 -0.740915 0.140353 0 0
0 0 266 -0.47708 1.57919 0.137229 -3.13304 0 0
0 0 267 0.641981 1.64963 0.454325 -0.0439418 0 0
0 0 268 1.13311 -0.152506 -0.292669 -1.42669 0 0
0 0 269 -0.973228 0.826752 1.28385 1.88484 0 0
0 0 270 1.24329 -1.85816 -2.66364 1.91944 0 0
0 0 271 -1.13265 2.74738 -0.129643 -0.131376 0 0
0 0 272 0.699543 0.898678 2.81453 2.51568 0 0
0 0 273 1.80207 -0.199669 2.62914 -0.293253 0 0
0 0 274 -0.691359 2.9774 -1.09757 -0.44948 0 0
0 0 275 -0.529647 0.665291 2.87076 1.13284 0 0
0 0 276 1.55534 -0.343473 2.21597 -0.773305 0 0
0 0 277 -0.592269 -1.36348 1.20627 0.718772 0 0
0 0 278 -0.174807 0.0707874 2.37042 1.28322 0 0
0 0 279 1.30428 0.313913 -0.451013 1.99273 0 0
0 0 280 -0.148038 0.0505813 -0.607871 -1.5974 0 0
0 0 281 -1.23452 0.957165 0.502464 -0.00256449 0 0
0 0 282 2.20083 0.413861 0.775836 -1.28953 0 0
0 0 283 -0.632139 1.73944 0.610138 -1.08766 0 0
0 0 284 -0.582734 1.11836 -0.27777 -0.0107318 0 0
0 0 285 2.56916 -0.369057 -0.045625 -1.26377 0 0
0 0 286 -1.0168 -0.00325406 -1.71297 0.305239 0 0
0 0 287 -0.24588 0.654254 -2.94074 -1.23162 0 0
0 0 288 -0.785804 -2.17197 0.749562 -0.0425499 0 0
0 0 289 -0.648025 0.720319 0.0712255 0.809361 0 0
0 0 290 0.11576 0.535062 0.0345355 -0.500375 0 0
0 0 291 0.246472 -0.511095 0.52537 -1.95435 0 0
0 0 292 0.791465 -0.284841 -0.743883 1.96418 0 0
0 0 293 -1.34991 0.525079 1.27448 1.96964 0 0
0 0 294 2.60609 2.89527 0.314797 1.96066 0 0
0 0 295 1.62034 1.62638 0.176382 0.606957 0 0
0 0 296 0.157788 -1.77918 -0.302229 0.234789 0 0
0 0 297 -0.00188654 -0.157862 0.339331 -2.08616 0 0
0 0 298 0.515028 -1.60462 0.649282 0.748518 0 0
0 0 299 -1.58176 2.47183 -1.71626 -0.0252894 0 0
0 0 300 0.58341 1.04002 1.22958 0.272784 0 0
0 0 301 1.13222 1.07138 -0.156575 -1.22782 0 0
0 0 302 -1.0953 0.357982 0.0216285 3.65855 0 0
0 0 303 -3.07634 -0.1147 0.0295664 1.51842 0 0
0 0 304 1.79871 1.54482 2.23532 0.744359 0 0
0 0 305 0.755068 1.12303 -1.46137 -0.763511 0 0
0 0 306 -1.41165 0.161602 1.17852 -2.46177 0 0
0 0 307 -0.80063 0.658625 -1.18184 -0.466864 0 0
0 0 308 2.55439 -0.0240078 -0.0340681 0.275155 0 0
0 0 309 -0.667836 -0.85804 -0.623466 0.294936 0 0
0 0 310 -1.01856 3.0087 2.14212 1.16832 0 0
0 0 311 -0.0600759 0.2797 1.44325 -0.690041 0 0
0 0 312 -0.573045 0.54 0.312887 1.84977 0 0
0 0 313 2.10767 -1.21349 0.279576 1.07523 0 0
0 0 314 0.332478 2.07699 1.50618 -2.45017 0 0
0 0 315 3.23286 -1.14999 -0.649709 0.278319 0 0
0 0 316 -0.0793954 -3.22373 -1.15049 0.715701 0 0
0 0 317 -0.128782 -0.110025 -0.797071 -2.08522 0 0
0 0 318 1.71063 -1.24426 -0.46234 -0.560661 0 0
0 0 319 1.55667 -0.7055 -0.951478 0.0366836 0 0
0 0 320 -1.18447 1.51965 0.714674 -0.0121647 0 0
0 0 321 -0.0737489 0.351495 0.0585925 1.0621 0 0
0 0 322 -0.141604 -1.96254 -0.547219 -1.81946 0 0
0 0 323 -3.11087 -0.686339 0.9177 -0.595117 0 0
0 0 324 0.533066 -1.20133 -0.737513 0.795704 0 0
0 0 325 2.25665 0.294098 1.38365 -0.472016 0 0
0 0 326 -0.327738 -0.215682 -1.79376 1.30172 0 0
0 0 327 -0.291837 0.491126 0.36564 2.57807 0 0
0 0 328 0.371096 0.426911 0.08161 -1.69254 0 0
0 0 329 -1.59697 0.185997 -0.268341 -0.193346 0 0
0 0 330 0.354725 0.365594 1.61023 -1.22091 0 0
0 0 331 -0.30347 -0.987956 0.699944 -0.540839 0 0
0 0 332 -0.0946224 0.599294 1.94609 -1.62266 0 0
0 0 333 -0.446105 0.852508 1.69607 -0.78936 0 0
0 0 334 -2.90723 1.08329 -0.943068 -0.29313 0 0
0 0 335 0.320628 0.344589 -0.645308 0.0848726 0 0
0 0 336 -1.81304 1.7985 -0.113514 2.10971 0 0
0 0 337 -1.75912 0.306376 -0.578243 -0.27599 0 0
0 0 338 1.02535 -0.101112 -0.262343 0.231198 0 0
0 0 339 -1.58195 -1.34207 -1.3225 -0.118578 0 0
0 0 340 1.58342 1.00917 0.802381 0.0513752 0 0
0 0 341 0.47941 -0.125634 0.290651 0.196573 0 0
0 0 342 -0.58112 -0.936633 -1.269 1.15529 0 0
0 0 343 -0.447135 -1.33803 0.14801 0.246552 0 0
0 0 344 -0.268912 -3.36847 0.737293 0.100554 0 0
0 0 345 -1.51213 -0.170697 2.05852 -1.68042 0 0
0 0 346 2.19174 0.741531 1.23353 2.07909 0 0
0 0 347 -1.59332 2.32569 -0.837665 -0.487059 0 0
0 0 348 -0.162439 -1.06472 0.508143 0.775497 0 0
0 0 349 -0.220762 -2.25517 -0.0558984 -1.64107 0 0
0 0 350 2.50827 -3.20187 -0.203603 0.142039 0 0
0 0 351 -1.94074 -0.164942 -1.32113 1.67261 0 0
0 0 352 0.555305 -1.41496 -1.67987 1.03045 0 0
0 0 353 -0.283416 -1.0476 -0.470615 0.0684205 0 0
0 0 354 -0.846404 -0.0727659 -1.27247 -2.05548 0 0
0 0 355 1.02663 -0.188608 -0.171361 0.316239 0 0
0 0 356 0.855594 0.126157 2.07213 -1.75166 0 0
0 0 357 -0.183686 -1.00497 -0.686068 -0.197225 0 0
0 0 358 0.672752 -2.06573 0.0362938 0.110888 0 0
0 0 359 0.995306 1.74378 -2.35027 1.04228 0 0
0 0 360 -0.891683 0.836937 -1.07897 -3.41129 0 0
0 0 361 0.401775 -0.291661 -0.887128 -1.499 0 0
0 0 362 -0.254001 1.99994 -0.212672 2.73043 0 0
0 0 363 -1.54294 0.2203 -1.92849 -1.18743 0 0
0 0 364 -1.67774 -1.82066 0.639517 -0.407661 0 0
0 0 365 0.40664 0.681753 1.41693 -0.684258 0 0
0 0 366 1.43677 -1.37275 -1.72856 1.6025 0 0
0 0 367 2.82763 0.447262 2.98526 -0.376417 0 0
0 0 368 -0.838096 -0.239032 0.0342306 0.356029 0 0
0 0 369 0.294442 0.0909008 0.572102 -0.133386 0 0
0 0 370 2.33566 -0.240326 -1.82864 0.802779 0 0
0 0 371 0.125329 -0.190789 0.587433 1.28001 0 0
0 0 372 1.13485 0.442482 -0.708723 0.812234 0 0
0 0 373 1.5791 0.991972 0.107416 1.30381 0 0
0 0 374 1.38438 0.215184 0.190405 1.88057 0 0
0 0 375 0.162851 -1.87631 -0.263111 1.301 0 0
0 0 376 2.28501 0.583299 -0.302632 -0.62941 0 0
0 0 377 -0.0244987 -2.32244 1.28029 1.6081 0 0
0 0 378 -0.843562 2.85811 -0.882694 1.46606 0 0
0 0 379 0.976665 1.67075 0.598821 0.22373 0 0
0 0 380 -0.643337 -0.883488 0.0126952 0.688154 0 0
0 0 381 0.944613 -1.16794 -0.590166 -1.04111 0 0
0 0 382 -0.168945 -1.31904 0.874806 -0.126564 0 0
0 0 383 -0.901872 -1.16803 -0.539768 0.867466 0 0
0 0 384 -2.0593 0.544977 -0.512358 0.900757 0 0
0 0 385 1.03482 -0.938013 -0.872146 0.831901 0 0
0 0 386 2.44171 -1.46734 -0.909687 -1.46299 0 0
0 0 387 -0.525337 -2.45941 -0.845372 0.923993 0 0
0 0 388 -0.597173 0.543823 -0.943213 2.56618 0 0
0 0 389 -2.22915 0.483355 1.28309 0.411919 0 0
0 0 390 0.881752 1.92954 0.690961 0.63844 0 0
0 0 391 0.707422 -1.2321 -0.172726 0.328781 0 0
0 0 392 0.286965 -1.15912 -2.0207 0.187737 0 0
0 0 393 1.91081 0.469974 -1.23448 -1.15209 0 0
0 0 394 0.16476 0.11221 1.47287 -2.26728 0 0
0 0 395 -0.473789 0.561708 0.0475334 -0.217837 0 0
0 0 396 -1.41447 2.03432 0.158271 0.628252 0 0
0 0 397 0.615273 1.77975 0.600935 -1.17279 0 0
0 0 398 -1.92828 1.36093 1.32885 1.37366 0 0
0 0 399 2.83386 -1.67621 0.755186 -0.687821 0 0
0 0 400 -0.346356 0.835828 -0.317061 0.320271 0 0
0 0 401 1.49444 0.940481 1.04574 0.267538 0 0
0 0 402 0.412129 -1.72306 0.732215 1.69113 0 0
0 0 403 -1.2983 0.570839 0.849513 -0.689023 0 0
0 0 404 -0.313899 0.565636 -3.4384 -1.34971 0 0
0 0 405 -0.516883 0.314227 -0.880296 0.0610226 0 0
0 0 406 -0.634454 0.188117 -0.194041 -1.84147 0 0
0 0 407 2.51352 -1.3013 0.0908401 -1.09198 0 0
0 0 408 0.73547 -1.48964 2.38969 -1.49251 0 0
0 0 409 -0.388563 -1.07628 0.504196 2.96238 0 0
0 0 410 -0.0431109 -0.934893 -0.00113065 -1.34621 0 0
0 0 411 -0.0919096 -0.10323 -0.484978 0.695707 0 0
0 0 412 1.77131 -0.240063 0.787924 -1.08581 0 0
0 0 413 -1.6306 -0.339717 0.839962 1.97945 0 0
0 0 414 0.229143 -0.68432 -0.195847 0.592682 0 0
0 0 415 -0.512014 0.546444 2.13709 -0.120727 0 0
0 0 416 -0.0752653 -0.919906 -0.147052 -0.153353 0 0
0 0 417 1.73078 0.239501 -0.884981 -0.271085 0 0
0 0 418 -1.12119 3.20769 -0.422022 -0.196954 0 0
0 0 419 0.455073 0.842005 -0.410435 1.69195 0 0
0 0 420 1.30218 -1.36718 0.0864374 -0.284738 0 0
0 0 421 -1.3786 -3.28869 -0.327595 1.01334 0 0
0 0 422 -0.9123 1.97657 -1.28106 2.24707 0 0
0 0 423 -0.946807 0.845786 1.67589 1.18661 0 0
0 0 424 1.22892 0.616428 1.39682 0.0925036 0 0
0 0 425 -0.438558 2.32651 -1.09593 1.19834 0 0
0 0 426 -1.7635 1.43922 1.04669 -2.16801 0 0
0 0 427 -0.464146 0.307836 0.640974 -0.961061 0 0
0 0 428 -0.462698 0.510921 -0.908801 -0.0578374 0 0
0 0 429 -0.0619302 0.63933 0.291365 2.71375 0 0
0 0 430 1.17521 0.87239 -0.137068 -1.41218 0 0
0 0 431 -0.968478 2.53283 0.856424 -0.0163983 0 0
0 0 432 -0.0776162 -2.0789 -0.781222 -0.0798802 0 0
0 0 433 2.3521 -0.58187 0.776943 1.21833 0 0
0 0 434 0.344122 0.740495 -0.423531 0.827488 0 0
0 0 435 -0.15598 0.082235 -0.623253 -0.847796 0 0
0 0 436 1.49306 0.879705 -0.597959 2.39937 0 0
0 0 437 1.88165 -1.01964 0.468273 -0.172526 0 0
0 0 438 -2.24201 -0.665392 -1.01675 -1.88835 0 0
0 0 439 0.391848 -0.881199 -0.541863 -1.44467 0 0
0 0 440 3.23465 0.0241051 0.236882 -0.139774 0 0
0 0 441 1.652 1.16664 -0.115166 0.973827 0 0
0 0 442 -0.0726634 0.225453 1.52047 -1.01867 0 0
0 0 443 -1.09495 1.97552 -1.77006 -1.62063 0 0
0 0 444 0.839919 2.09874 1.67999 -0.368622 0 0
0 0 445 0.893925 0.217582 1.06054 -0.628493 0 0
0 0 446 -0.33359 0.0726394 -0.654327 -2.21498 0 0
0 0 447 -0.727003 -0.361144 3.60054 0.116967 0 0
0 0 448 -0.125045 -0.610344 -0.613434 -0.691072 0 0
0 0 449 -0.546419 -0.391531 -0.523984 0.83018 0 0
0 0 450 -0.165818 1.3132 -0.814525 0.604229 0 0
0 0 451 -0.15782 -2.76464 1.9757 -0.616843 0 0
0 0 452 0.774365 0.514525 -1.1059 -3.09465 0 0
0 0 453 -0.298391 -0.739801 1.02783 -0.257405 0 0
0 0 454 -1.49148 -0.340179 -2.95349 -2.89835 0 0
0 0 455 -2.65083 -0.625478 0.325136 -0.964666 0 0
0 0 456 1.0443 -0.632416 -0.693722 1.02929 0 0
0 0 457 0.0184604 0.0777639 0.552485 -0.364961 0 0
0 0 458 1.06691 2.1258 0.151097 0.830303 0 0
0 0 459 0.727864 -0.0314689 -1.58109 2.06001 0 0
0 0 460 -0.301231 -1.11 0.521509 -0.21073 0 0
0 0 461 -0.935584 0.66374 1.80275 -0.111857 0 0
0 0 462 0.290086 0.996166 -1.57624 0.467349 0 0
0 0 463 -0.394312 0.331295 2.20661 0.674616 0 0
0 0 464 -1.35418 3.3825 -1.4116 0.00194351 0 0
0 0 465 -0.907913 0.586732 -0.141112 -0.512438 0 0
0 0 466 -1.82028 -1.55898 -0.497044 -0.274394 0 0
0 0 467 0.806535 -0.888602 -1.63035 -0.23043 0 0
0 0 468 -1.36122 -0.761141 0.425537 -2.86877 0 0
0 0 469 -0.556542 1.37423 1.42346 0.66187 0 0
0 0 470 -0.532976 0.732206 0.688123 -1.06819 0 0
0 0 471 -1.95922 1.6339 -0.677609 -1.26733 0 0
0 0 472 -1.54932 2.48313 2.08892 2.43419 0 0
0 0 473 1.42022 2.05367 -0.790523 0.608516 0 0
0 0 474 0.732862 0.778078 0.158944 -1.41319 0 0
0 0 475 0.367806 -1.09608 -0.0899009 2.27308 0 0
0 0 476 1.51524 -2.16865 -0.94728 -0.541316 0 0
0 0 477 -1.97525 0.826082 2.59744 -0.444174 0 0
0 0 478 -2.20694 0.870516 0.570411 -0.210587 0 0
0 0 479 1.47705 1.65455 -2.33603 0.216473 0 0
0 0 480 0.0466537 1.48053 1.20169 3.13514 0 0
0 0 481 -2.04602 -1.67116 2.07786 -2.36507 0 0
0 0 482 0.345704 0.0165476 0.972945 -1.67656 0 0
0 0 483 2.51181 0.727835 -0.952144 0.0330221 0 0
0 0 484 -1.193 1.99009 -2.77845 1.4569 0 0
0 0 485 0.0566956 -1.01262 -0.178438 1.59102 0 0
0 0 486 2.08167 -1.39037 -0.148154 1.12931 0 0
0 0 487 0.788551 0.927943 1.16033 -0.458303 0 0
0 0 488 1.92905 1.75107 0.214102 -0.982877 0 0
0 0 489 0.551124 -2.46125 -2.90191 -0.910549 0 0
0 0 490 1.67031 -0.279885 -0.300402 0.315281 0 0
0 0 491 -1.92179 0.219716 -1.67927 2.17943 0 0
0 0 492 0.279951 -1.74587 1.55465 -2.08141 0 0
0 0 493 1.06237 -0.751818 2.30632 -1.20172 0 0
0 0 494 -0.119423 -0.92101 1.70508 -0.296005 0 0
0 0 495 -1.34929 -0.264352 -0.83737 0.916608 0 0
0 0 496 -1.44109 0.654096 1.18767 1.22859 0 0
0 0 497 -1.67364 0.215146 0.75012 0.323065 0 0
0 0 498 1.11692 1.84618 -2.27545 0.549805 0 0
0 0 499 1.81442 0.379904 0.437319 -0.487213 0 0
0 0 500 1.27321 1.22692 -0.170523 0.12135 0 0
0 0 501 -2.39594 0.443301 1.96561 1.45084 0 0
0 0 502 -0.134039 1.73598 -1.5298 -0.538644 0 0
0 0 503 0.106139 -0.428523 0.000879128 3.33614 0 0
0 0 504 -0.290427 1.316 2.16127 0.542129 0 0
0 0 505 0.121583 0.101942 1.65955 -1.26218 0 0
0 0 506 -1.99224 1.36777 0.806868 1.01321 0 0
0 0 507 0.959538 0.0476809 -0.1952 0.488039 0 0
0 0 508 -0.311348 0.712928 3.15189 0.841555 0 0
0 0 509 0.493538 -0.257135 0.0955305 0.987719 0 0
0 0 510 -3.32537 3.37443 0.141028 -1.15101 0 0
0 0 511 -1.44668 -0.853191 0.339152 -0.130656 0 0
0 0 512 2.02569 -0.926265 -1.65971 2.59911 0 0
0 0 513 0.275501 1.08111 0.512601 -2.30537 0 0
0 0 514 1.58709 1.39594 -0.55764 -2.01582 0 0
0 0 515 0.737712 0.821009 -0.302363 -1.26409 0 0
0 0 516 0.0130087 0.27617 0.466783 -1.70059 0 0
0 0 517 2.84584 -1.36654 -0.21109 0.454686 0 0
0 0 518 -3.08242 -0.867942 2.10251 -0.508877 0 0
0 0 519 1.28583 0.809842 0.989172 -0.145185 0 0
0 0 520 1.77324 1.83324 -0.759521 0.220198 0 0
0 0 521 0.230297 2.2025 -0.877199 -0.192794 0 0
0 0 522 -0.994694 1.75509 -0.299701 1.48852 0 0
0 0 523 -0.258784 0.54045 0.593731 -1.58285 0 0
0 0 524 1.29787 -0.290499 -2.46836 -0.672646 0 0
0 0 525 -0.883413 -3.03977 -0.490454 -1.44304 0 0
0 0 526 0.867581 -0.0485883 1.55661 0.11947 0 0
0 0 527 1.82702 0.914972 -0.556398 0.565055 0 0
0 0 528 -1.07781 0.995533 0.95166 -2.30247 0 0
0 0 529 0.268326 -0.464967 0.920085 -0.192694 0 0
0 0 530 0.560406 -0.780934 1.9219 -0.960442 0 0
0 0 531 1.58715 -1.27913 0.0994029 -0.14354 0 0
0 0 532 2.28184 0.235768 2.02543 -1.7811 0 0
0 0 533 1.85214 -2.58156 -0.136554 0.459669 0 0
0 0 534 0.58247 0.886689 -2.41884 0.684992 0 0
0 0 535 -0.423136 0.883901 -0.005966 -1.7941 0 0
0 0 536 1.73617 -0.792197 1.24775 0.14012 0 0
0 0 537 2.58446 0.667701 -0.57494 -1.07655 0 0
0 0 538 0.634529 -1.33408 1.11901 0.00157203 0 0
0 0 539 0.67255 -0.494716 -0.495292 1.46547 0 0
0 0 540 -0.194918 -2.35801 0.414544 -0.515574 0 0
0 0 541 0.837119 0.396354 -2.03704 0.632918 0 0
0 0 542 -1.39642 1.27757 0.890618 -3.44448 0 0
0 0 543 0.827114 -0.10586 1.49363 -0.761239 0 0
0 0 544 -2.46831 -0.359509 0.147973 0.505519 0 0
0 0 545 -1.88875 0.0347307 -0.0112721 1.68017 0 0
0 0 546 0.565025 0.613493 0.448397 1.47697 0 0
0 0 547 0.99476 0.272107 0.559897 1.35427 0 0
0 0 548 -1.94662 3.64385 -1.90415 -1.46925 -13.795 8.15932
0 0 549 0.491784 -2.31439 2.95141 2.77687 0 0
0 0 550 -1.44043 -0.65456 -0.644763 -0.403374 0 0
0 0 551 0.477441 0.60122 -0.159221 2.35444 0 0
0 0 552 2.15139 0.0205377 0.723344 0.0999669 0 0
0 0 553 2.87283 1.25567 -0.135684 -0.858771 0 0
0 0 554 -2.45774 -2.22179 1.15606 2.18941 0 0
0 0 555 -0.555852 -2.22247 0.0920672 -0.582649 0 0
0 0 556 1.17677 -1.70653 -0.610257 -0.717827 0 0
0 0 557 1.33092 0.488 1.35602 0.451549 0 0
0 0 558 1.5651 -1.84353 -0.441757 -0.23437 0 0
0 0 559 -0.732731 -0.74432 -0.0571094 2.84284 0 0
0 0 560 -0.540926 -0.312361 -0.8671 0.889145 0 0
0 0 561 -0.993858 -0.0706058 -1.09012 -0.375846 0 0
0 0 562 1.9685 0.265897 1.01741 -0.418767 0 0
0 0 563 0.743499 -2.17317 3.36303 1.24223 0 0
0 0 564 0.887989 2.53826 -0.0526382 0.199978 0 0
0 0 565 1.41262 -1.1822 -2.10355 -1.82855 0 0
0 0 566 -1.18412 -0.913074 0.425945 -2.26555 0 0
0 0 567 -1.91381 -0.126486 0.0131699 0.389467 0 0
0 0 568 -0.149374 -0.749166 1.40366 0.0393003 0 0
0 0 569 -1.775 -0.940162 1.2581 0.335597 0 0
0 0 570 0.93403 -1.03514 0.713655 2.40059 0 0
0 0 571 -0.155394 0.136513 -1.56358 -0.60152 0 0
0 0 572 0.845189 0.198386 -2.62785 0.976866 0 0
0 0 573 -0.977049 -0.533528 -0.533748 -1.64733 0 0
0 0 574 -1.58129 -0.383554 0.616515 0.455064 0 0
0 0 575 -0.0248912 0.564142 0.233533 -0.599586 0 0
0 0 576 1.44255 -0.027915 -0.916703 0.025079 0 0
0 0 577 0.541363 -0.715857 -1.18704 0.894925 0 0
0 0 578 -0.425934 1.45787 -1.30942 -0.792223 0 0
0 0 579 0.365356 0.119766 0.45048 -0.0938102 0 0
0 0 580 -0.707145 1.25139 -3.94067 0.26061 -36.1912 8.77508
0 0 581 0.108856 -0.424631 0.305638 2.98665 0 0
0 0 582 0.359744 2.35853 0.758949 -0.93223 0 0
0 0 583 1.36295 -1.21001 -2.39494 -0.385182 0 0
0 0 584 -1.19504 -1.6509 -1.32682 1.1604 0 0
0 0 585 1.35761 1.33438 1.13027 -1.68258 0 0
0 0 586 2.18588 -2.07985 0.842593 0.458932 0 0
0 0 587 0.957056 -0.438596 -0.388096 -0.585655 0 0
0 0 588 0.203949 -2.22719 1.31195 1.18783 0 0
0 0 589 0.800129 -0.0844971 0.298635 1.31318 0 0
0 0 590 -3.3128 0.233676 -0.100206 0.00066962 0 0
0 0 591 0.343946 0.324047 -0.360806 1.69507 0 0
0 0 592 1.52925 -1.09036 -0.275642 0.0300649 0 0
0 0 593 1.37612 -0.325683 -0.585313 -1.46123 0 0
0 0 594 0.128827 0.0455085 0.749335 -1.17819 0 0
0 0 595 -0.113346 -1.30506 1.48172 -0.193303 0 0
0 0 596 0.773721 0.120081 -0.567688 -2.38443 0 0
0 0 597 -1.26709 0.0334659 1.32804 1.2521 0 0
0 0 598 -1.49283 0.43601 -0.81177 0.890784 0 0
0 0 599 1.33951 -1.23745 1.17763 -0.419166 0 0
0 0 600 1.30047 0.179867 -1.77934 -0.583039 0 0
0 0 601 -1.83406 1.38256 2.86592 0.55086 0 0
0 0 602 -0.883744 -0.993086 -2.67159 -0.447125 0 0
0 0 603 -2.24364 0.57555 1.79055 0.274897 0 0
0 0 604 0.834601 -1.79532 -1.71148 1.1458 0 0
0 0 605 0.268705 -0.131907 0.60848 -1.14285 0 0
0 0 606 -1.70334 -1.02376 -1.2821 -1.66053 0 0
0 0 607 0.465557 0.0517844 -0.974959 -0.296537 0 0
0 0 608 1.47408 -0.0334598 1.81168 1.77768 0 0
0 0 609 1.07519 0.215337 -0.0992345 -0.986374 0 0
0 0 610 0.485137 -0.147917 -1.17595 1.69161 0 0
0 0 611 0.629565 0.518694 -0.0255226 1.74152 0 0
0 0 612 1.60603 0.01662 -0.122884 0.863596 0 0
0 0 613 -2.53468 -0.314257 0.159248 -1.10604 0 0
0 0 614 -1.24549 -1.91412 0.999364 -1.11858 0 0
0 0 615 1.31445 -2.87034 0.282341 -0.299623 0 0
0 0 616 0.78527 -0.683175 -2.43253 -0.0391188 0 0
0 0 617 0.834074 -0.574063 -1.36107 1.11106 0 0
0 0 618 0.0241045 -0.231704 -0.0453582 -1.7537 0 0
0 0 619 -0.0939984 0.884001 0.722442 4.23714 0 0
0 0 620 0.0192367 -0.308558 1.4939 -0.335783 0 0
0 0 621 -0.66792 -0.991809 0.639882 0.0732948 0 0
0 0 622 1.68986 -1.33349 0.070184 -1.26729 0 0
0 0 623 -0.752664 -0.945185 -0.0438602 -0.607865 0 0
0 0 624 0.562453 -0.164569 0.0115511 -1.81785 0 0
0 0 625 2.05711 0.524479 -0.756891 0.693661 0 0
0 0 626 -0.646779 1.62876 -1.10866 -0.838116 0 0
0 0 627 1.76358 0.761545 -1.10002 0.507828 0 0
0 0 628 1.78701 0.232399 -2.39396 2.37359 0 0
0 0 629 0.480122 -1.63626 -0.742888 0.65528 0 0
0 0 630 -1.53272 -1.3092 -2.95484 1.06006 0 0
0 0 631 0.032187 1.8506 0.116053 0.820964 0 0
0 0 632 0.466758 0.341714 2.56611 -1.78749 0 0
0 0 633 0.559928 -3.16557 -0.512415 -1.69751 0 0
0 0 634 1.78629 -0.522459 0.832381 2.38053 0 0
0 0 635 -1.158 -0.549668 -0.068147 -0.557111 0 0
0 0 636 0.421391 0.409333 0.953773 0.417983 0 0
0 0 637 -0.0773026 0.172139 1.52441 0.678381 0 0
0 0 638 -2.75168 0.292085 3.22842 -0.99165 0 0
0 0 639 -1.42784 1.35062 1.35693 2.41759 0 0
0 0 640 1.26161 0.12983 -1.49998 1.59687 0 0
0 0 641 -0.19691 0.508081 -0.923544 1.97506 0 0
0 0 642 1.21167 -1.55504 -0.923564 1.53576 0 0
0 0 643 -0.44976 -2.87207 1.18438 -0.0620617 0 0
0 0 644 0.452448 -0.0391007 -0.197037 1.91939 0 0
0 0 645 -0.0764963 -0.0706634 -2.39382 0.724843 0 0
0 0 646 -1.4838 1.20312 1.59251 1.66818 0 0
0 0 647 1.96399 -1.04335 1.49541 -0.742854 0 0
0 0 648 1.3142 0.132238 -0.848876 0.750102 0 0
0 0 649 -0.480774 0.479216 1.6535 -0.60703 0 0
0 0 650 0.631339 -1.01337 2.32275 1.60721 0 0
0 0 651 -1.51067 -2.09621 -2.44915 -0.326188 0 0
0 0 652 0.0977116 0.477019 -0.151597 0.395121 0 0
0 0 653 0.673077 1.57235 -0.0553401 -2.59528 0 0
0 0 654 -0.341579 1.5023 -1.29699 0.0410889 0 0
0 0 655 -1.28121 1.13176 -0.152185 2.74159 0 0
0 0 656 1.06019 -0.36009 -0.499348 1.1711 0 0
0 0 657 0.704294 -2.18426 1.34967 1.67754 0 0
0 0 658 1.78216 2.28234 -0.132468 1.07916 0 0
0 0 659 0.335237 -1.722 1.05701 -1.92421 0 0
0 0 660 1.03193 -3.49696 1.28512 2.21129 0 0
0 0 661 -0.38905 0.291857 -1.0235 0.536561 0 0
0 0 662 1.24635 1.50921 0.705356 1.46975 0 0
0 0 663 1.65781 -0.424243 -0.136833 0.265013 0 0
0 0 664 1.91466 -1.07704 -1.25345 0.253508 0 0
0 0 665 -0.367254 1.61763 0.238931 1.64152 0 0
0 0 666 -0.42355 -2.94514 1.76524 -0.422889 0 0
0 0 667 -0.0925222 0.0703634 1.60213 2.1509 0 0
0 0 668 -0.287342 1.95035 1.43551 0.51559 0 0
0 0 669 0.204783 0.599133 1.26817 0.179664 0 0
0 0 670 -0.44835 0.389254 -2.58041 -1.32933 0 0
0 0 671 1.40729 -0.843746 1.39955 0.213419 0 0
0 0 672 -1.13163 1.58958 2.48247 -1.18213 0 0
0 0 673 -0.750294 1.40863 0.227772 1.58746 0 0
0 0 674 -0.618644 1.40469 -0.984709 0.319409 0 0
0 0 675 0.035408 0.116615 0.0600888 0.437165 0 0
0 0 676 -0.180865 -2.17576 1.53231 0.791686 0 0
0 0 677 -1.00415 1.07757 -0.00168294 -1.11272 0 0
0 0 678 0.0975267 -0.766 -0.488881 0.165207 0 0
0 0 679 -0.763032 -0.617574 1.55712 -2.40418 0 0
0 0 680 -1.08898 0.456282 -3.09914 -1.12065 0 0
0 0 681 -0.464896 1.66242 1.06401 2.29939 0 0
0 0 682 1.16474 0.171681 1.2948 0.0824539 0 0
0 0 683 -0.393091 -0.861176 2.3667 -2.10214 0 0
0 0 684 1.96113 0.858822 -0.775687 -0.689036 0 0
0 0 685 1.02721 -0.212671 -0.113978 -0.539772 0 0
0 0 686 -0.170998 0.139483 0.345153 -2.53888 0 0
0 0 687 0.446129 0.844901 0.438032 0.172183 0 0
0 0 688 -1.27374 -1.00959 -2.8225 -1.02253 0 0
0 0 689 1.11565 -0.628004 -2.16638 0.48545 0 0
0 0 690 1.36363 -1.96483 0.275026 1.76021 0 0
0 0 691 0.284807 0.162542 -0.434321 1.5497 0 0
0 0 692 0.00538582 -0.165021 -0.271462 1.10274 0 0
0 0 693 0.716874 -0.930801 0.664498 -1.12074 0 0
0 0 694 -0.126941 0.365498 -1.75135 1.40597 0 0
0 0 695 0.874903 -1.51155 -0.341258 -0.821576 0 0
0 0 696 0.481327 1.92533 0.508832 -0.501306 0 0
0 0 697 -0.840984 -0.36415 -2.48143 0.762563 0 0
0 0 698 1.47868 -1.65175 -0.372272 0.157295 0 0
0 0 699 -2.12781 -1.37524 0.229233 -1.07549 0 0
0 0 700 1.48045 -0.747039 1.49282 -0.762856 0 0
0 0 701 0.900794 -0.828261 2.03216 2.29017 0 0
0 0 702 -0.645013 -0.195643 1.73149 0.256752 0 0
0 0 703 2.01418 0.416395 0.141619 -0.539686 0 0
0 0 704 -0.363188 -0.409324 3.10326 -0.72359 0 0
0 0 705 -0.543107 0.602845 -2.67502 -0.946292 0 0
0 0 706 -1.85065 2.26269 -0.579403 0.997449 0 0
0 0 707 0.911313 0.578912 -0.15277 1.14277 0 0
0 0 708 -0.419211 -1.70713 -2.43611 -1.89848 0 0
0 0 709 -1.09766 -0.0348574 -1.33835 -0.21675 0 0
0 0 710 -0.0344618 0.175113 0.846573 -0.0379866 0 0
0 0 711 -1.13381 -1.04605 -0.707579 -1.57158 0 0
0 0 712 0.809117 0.419505 -1.62262 -0.653068 0 0
0 0 713 -0.902221 0.747915 -1.20526 -1.12959 0 0
0 0 714 0.690981 0.998786 -0.214642 0.421189 0 0
0 0 715 0.920069 0.0991189 -1.96861 -3.42515 0 0
0 0 716 0.400229 0.190632 0.990469 1.87749 0 0
0 0 717 0.530241 -0.303582 0.804208 1.23997 0 0
0 0 718 -1.04961 -0.360019 -0.192451 -2.21437 0 0
0 0 719 0.621525 2.46635 1.76445 -1.55799 0 0
0 0 720 -1.9383 0.478882 -1.3716 -1.037 0 0
0 0 721 -0.107448 -0.57158 0.121034 1.25893 0 0
0 0 722 -0.875315 2.51212 -0.87173 -0.282275 0 0
0 0 723 -0.575546 2.59643 0.988599 1.87703 0 0
0 0 724 2.04592 0.45646 -2.0218 0.61128 0 0
0 0 725 2.59769 -3.30495 2.00882 -0.818924 0 0
0 0 726 -0.0360824 0.753923 0.0912579 -0.863005 0 0
0 0 727 -2.07412 0.873919 2.41848 -0.809734 0 0
0 0 728 1.76839 1.08379 1.77073 -0.0789821 0 0
0 0 729 -0.126934 0.74119 1.28293 2.25796 0 0
0 0 730 -1.93008 1.24958 -0.538821 0.766605 0 0
0 0 731 -0.623895 -0.429568 0.0960097 -1.23127 0 0
0 0 732 0.56021 -0.555841 0.726188 -2.56379 0 0
0 0 733 1.26079 -0.147872 0.317834 -0.823464 0 0
0 0 734 0.185426 0.908838 -0.185383 -0.978297 0 0
0 0 735 0.236847 -0.0209978 -0.773448 -1.26523 0 0
0 0 736 1.81932 -0.854659 1.0752 0.992647 0 0
0 0 737 -1.01357 0.965542 -0.0419488 3.29222 0 0
0 0 738 1.94495 0.973146 -0.379183 0.825097 0 0
0 0 739 1.19769 0.40352 -0.76995 0.456665 0 0
0 0 740 2.58348 -0.0700914 -1.06943 -2.64118 0 0
0 0 741 0.106985 1.94706 0.566529 0.163307 0 0
0 0 742 1.70332 0.329825 -0.0129137 -0.0623069 0 0
0 0 743 1.16573 -1.32864 -1.78431 0.837697 0 0
0 0 744 1.32727 -2.17719 1.1888 -2.62584 0 0
0 0 745 -0.497185 0.101717 -1.15804 0.789242 0 0
0 0 746 -0.918662 -1.30419 0.384726 0.902212 0 0
0 0 747 0.00710005 -0.449673 2.18674 0.210545 0 0
0 0 748 2.21856 -1.85741 0.551853 0.976151 0 0
0 0 749 0.821305 -1.84472 0.267855 -0.00529171 0 0
0 0 750 0.322084 -0.467469 -1.15695 0.771315 0 0
0 0 751 1.87691 -0.342878 -0.377378 -0.812744 0 0
0 0 752 0.32318 3.13695 -1.30159 0.0113071 0 0
0 0 753 -1.18683 1.69805 -0.634846 -2.79005 0 0
0 0 754 -0.238892 -1.13626 -1.5152 -1.2712 0 0
0 0 755 0.735321 -0.458998 -0.884614 -0.98888 0 0
0 0 756 -0.202609 -1.27888 3.08309 0.44389 0 0
0 0 757 1.31611 -1.00993 1.52273 -0.764819 0 0
0 0 758 0.479274 -1.87245 0.459906 0.495922 0 0
0 0 759 0.654132 0.616082 0.409295 2.48951 0 0
0 0 760 1.17771 1.88352 -0.432591 -0.9763 0 0
0 0 761 -1.52223 1.90635 -1.37474 0.204596 0 0
0 0 762 -0.320029 -0.0566436 -1.372 1.78104 0 0
0 0 763 0.602573 0.330614 -0.897836 0.577634 0 0
0 0 764 0.646507 -0.977391 3.17925 -0.695594 0 0
0 0 765 1.39472 0.884377 1.48471 -1.16802 0 0
0 0 766 -1.25391 -1.15455 -1.03407 -0.501884 0 0
0 0 767 0.038547 0.970632 -0.0194045 0.450429 0 0
0 0 768 -0.844743 -1.27468 -1.15193 1.29678 0 0
0 0 769 0.645862 4.60439 0.808123 -0.342096 4.97734 7.01209
0 0 770 -2.01339 -0.0984805 -0.546922 -1.61195 0 0
0 0 771 -0.706263 -0.183058 1.9084 0.983562 0 0
0 0 772 0.00989383 1.94572 -0.942297 -2.21658 0 0
0 0 773 -1.64986 0.0593555 -0.916652 2.42245 0 0
0 0 774 -0.359117 1.33396 0.575241 1.45306 0 0
0 0 775 -0.283439 2.00464 0.388018 0.892582 0 0
0 0 776 -0.769446 0.0879683 0.488112 2.57314 0 0
0 0 777 -1.01882 -0.134678 0.785651 0.127488 0 0
0 0 778 0.973452 0.0382815 1.2726 0.84748 0 0
0 0 779 1.21061 1.85563 0.800591 0.528253 0 0
0 0 780 0.058615 1.20817 2.13498 0.265708 0 0
0 0 781 0.255055 -0.254846 0.804317 1.81727 0 0
0 0 782 -0.142798 2.14824 -1.29791 -1.24251 0 0
0 0 783 -0.431699 0.0569736 0.910802 2.30863 0 0
0 0 784 -1.35859 0.705541 2.35314 1.63633 0 0
0 0 785 0.853035 -0.241174 0.678664 -0.295907 0 0
0 0 786 -2.50485 0.741795 0.58211 1.39771 0 0
0 0 787 -1.58457 1.31956 -0.304274 -0.716096 0 0
0 0 788 0.60759 0.778227 -2.54243 0.549088 0 0
0 0 789 0.269497 -1.33891 -0.0380545 -1.20346 0 0
0 0 790 -0.433902 1.01245 0.882206 -1.32787 0 0
0 0 791 0.45703 -1.51894 1.3548 -0.717444 0 0
0 0 792 0.0638525 -0.0432379 1.52505 0.193899 0 0
0 0 793 0.996923 0.249203 -0.522618 -0.69549 0 0
0 0 794 -1.6629 1.58699 -1.12079 3.19358 0 0
0 0 795 -0.826632 0.539341 -1.61928 0.543647 0 0
0 0 796 1.49514 -0.47241 -1.89296 -0.160908 0 0
0 0 797 2.13018 0.66742 -2.98751 -0.946424 0 0
0 0 798 1.25799 -1.25115 0.34361 -0.806775 0 0
0 0 799 -0.0618263 1.31323 1.92879 1.99949 0 0
0 0 800 2.46642 0.582123 -0.697179 0.639038 0 0
0 0 801 -0.444165 -0.738398 0.832941 2.07078 0 0
0 0 802 -1.47459 -0.696819 -1.15418 -0.849757 0 0
0 0 803 -0.15966 -0.316133 -1.44609 0.53316 0 0
0 0 804 -2.95058 0.724378 0.192262 -0.104636 0 0
0 0 805 1.0331 0.0442484 1.40496 0.382386 0 0
0 0 806 0.0982282 1.40174 3.97122 2.38794 35.2791 8.59784
0 0 807 -1.82325 -2.21276 2.8782 1.98512 0 0
0 0 808 -0.518461 0.249897 0.92254 -0.861454 0 0
0 0 809 1.18488 -0.98685 0.689329 -0.0375493 0 0
0 0 810 0.663555 2.07472 1.10312 1.67985 0 0
0 0 811 0.151106 -0.00390368 -0.699306 -0.15765 0 0
0 0 812 -2.00404 0.0499768 -0.139437 -0.00188463 0 0
0 0 813 -0.0205698 2.32177 1.00284 0.52911 0 0
0 0 814 0.401275 -0.583593 1.34947 0.714495 0 0
0 0 815 -2.49444 -0.52606 -0.526162 2.27864 0 0
0 0 816 0.399632 0.422244 3.09519 0.271314 0 0
0 0 817 4.72434 -0.739574 -2.24899 2.3373 0 0
0 0 818 0.350157 0.849075 0.0943141 -0.314642 0 0
0 0 819 1.74943 -0.475217 -0.746902 1.72122 0 0
0 0 820 0.160526 0.822509 -0.910062 0.26312 0 0
0 0 821 0.12771 0.425966 0.611716 -0.430257 0 0
0 0 822 1.61615 0.778556 -1.34536 -0.308147 0 0
0 0 823 -0.507696 -1.62333 -1.39645 1.14058 0 0
0 0 824 -1.18828 -0.521202 -1.11913 0.429601 0 0
0 0 825 2.67592 1.93873 -1.80506 0.521699 0 0
0 0 826 0.252088 1.94451 0.118492 0.509704 0 0
0 0 827 0.156753 1.3356 -0.24192 2.48944 0 0
0 0 828 1.03477 -0.182313 0.753434 0.581436 0 0
0 0 829 0.61335 0.494065 -1.29704 1.09005 0 0
0 0 830 0.60661 -0.253341 -4.06189 -0.856228 0 0
0 0 831 -0.930542 0.67622 -0.907548 -0.43265 0 0
0 0 832 0.379235 -0.162241 -0.455307 -1.09901 0 0
0 0 833 0.559225 -0.114641 1.56383 -1.81352 0 0
0 0 834 1.60984 -0.702221 0.0859784 3.77009 0 0
0 0 835 0.836343 -0.792543 -0.278649 0.157173 0 0
0 0 836 1.30303 0.528845 0.604175 -0.337825 0 0
0 0 837 -1.68067 -0.662828 -2.28917 1.49732 0 0
0 0 838 2.91213 -0.018088 -3.46649 -1.17233 0 0
0 0 839 1.26462 0.267826 -0.895474 0.167558 0 0
0 0 840 0.0849082 -1.19431 -2.15163 0.715681 0 0
0 0 841 2.64309 1.51013 -1.33189 -1.1816 0 0
0 0 842 1.5311 -2.02015 -2.92581 1.30801 0 0
0 0 843 1.64767 1.24385 -0.133795 -1.03015 0 0
0 0 844 2.8783 2.1372 -1.02768 0.758243 0 0
0 0 845 0.705763 0.0184959 -1.93235 -2.37342 0 0
0 0 846 -0.47415 2.96584 -4.75404 0.140788 -29.0209 6.34606
0 0 847 2.79697 -0.098035 -4.78944 0.175313 -45.5863 7.64557
0 0 848 3.20767 -0.259228 -3.24591 -0.57168 0 0
0 0 849 2.57664 2.15177 -3.37652 -0.721627 0 0
0 0 850 1.15182 0.022755 -5.04173 -1.76315 -44.8707 7.26473
0 0 851 6.00569 1.03453 -3.78613 -0.349808 0 0
0 0 852 4.98241 0.916863 -3.62265 0.828516 0 0
0 0 853 4.99027 2.26003 -5.18443 0.376186 -33.2232 6.36927
0 0 854 7.86197 2.6453 -6.29689 0.154439 -33.6064 5.27955
0 0 855 6.46371 3.45261 -5.33764 0.738128 -28.5518 5.58467
0 0 856 6.81372 2.48976 -5.54162 -1.62077 -32.9032 5.92415
0 0 857 7.17112 1.28187 -6.74057 -0.142418 -39.6163 5.31903
0 0 858 6.76261 2.68051 -5.83941 0.183073 -32.6716 5.59781
0 0 859 8.61152 2.89259 -7.05858 1.63813 -33.8582 4.73015
0 0 860 9.43998 2.38279 -7.94795 -1.68891 -36.6556 4.37677
0 0 861 7.52132 1.21555 -8.02279 -1.37078 -40.6922 4.50348
0 0 862 9.05008 2.1065 -8.48386 0.346413 -38.0279 4.16502
0 0 863 9.7741 3.36676 -8.5333 0.783056 -34.2343 3.93718
0 0 864 9.44996 2.91974 -7.48774 -0.263242 -34.3487 4.49527
0 0 865 6.93652 1.45945 -7.4989 -0.546182 -39.4933 4.7764
0 0 866 6.91529 2.15512 -6.80892 -1.8143 -36.2183 5.0804
0 0 867 6.19713 -0.166917 -6.37325 -1.83061 -45.7501 5.74465
0 0 868 6.13218 -0.711157 -7.39121 0.507866 -47.7479 4.92808
0 0 869 9.12665 2.59104 -4.34529 -0.519186 -29.5965 7.04228
0 0 870 6.2096 1.19401 -7.31662 -0.483801 -40.3658 4.92751
0 0 871 4.44897 1.14888 -6.94771 1.28001 -40.3053 5.18699
0 0 872 7.18656 1.08883 -6.26202 1.57347 -40.0681 5.74527
0 0 873 6.82092 0.0354207 -3.96617 0.624633 0 0
0 0 874 7.04533 1.36316 -4.01677 2.41277 -35.6273 8.54291
0 0 875 6.4105 1.6145 -4.92563 -1.05573 -35.926 6.99546
0 0 876 8.21617 1.58313 -6.93359 -1.31096 -38.5691 5.12379
0 0 877 5.7481 1.94442 -4.47258 -0.292793 -33.2517 7.38677
0 0 878 8.36563 3.22767 -5.77756 0.318499 -30.4049 5.39774
0 0 879 4.72195 0.0639892 -6.32192 0.617341 -44.71 5.79333
0 0 880 5.32383 1.39852 -5.75503 2.58745 -38.1707 6.14892
0 0 881 4.29624 0.633582 -4.75705 0.684818 -41.2068 7.61851
0 0 882 5.76587 -0.821831 -6.68591 -0.00255008 -48.5038 5.42904
0 0 883 3.83326 1.22006 -4.72208 -0.416012 -37.7565 7.4616
0 0 884 7.38644 1.35819 -4.54099 0.610376 -36.6741 7.66229
0 0 885 6.06747 0.0806408 -5.65505 -0.176182 -44.5915 6.47612
0 0 886 7.72411 1.08997 -6.18237 1.84504 -40.0007 5.81641
0 0 887 5.91598 0.199229 -4.56912 0.0469341 -43.7516 8.00709
0 0 888 6.42156 2.51132 -7.695 1.37376 -35.9628 4.48008
0 0 889 7.53847 1.1724 -6.76295 0.60528 -40.0826 5.32028
0 0 890 5.45971 -0.134562 -8.10215 0.128647 -45.4757 4.51993
0 0 891 6.35142 1.16032 -5.56966 2.65587 -39.116 6.41045
0 0 892 6.18831 0.972717 -6.10313 2.07605 -40.4722 5.9115
0 0 893 8.43991 2.43362 -9.52352 0.0861181 -37.8328 3.70273
0 0 894 10.4048 1.4948 -9.67734 -1.74611 -40.6096 3.73153
0 0 895 9.85802 2.66795 -8.04867 -1.62663 -35.8304 4.27549
0 0 896 9.54195 0.950105 -8.28968 -2.0271 -41.7308 4.38383
0 0 897 12.2339 3.07465 -11.0833 0.0557589 -37.2477 3.16102
0 0 898 11.7621 0.0717454 -8.7728 0.856186 -44.7657 4.17492
0 0 899 13.2802 -0.442197 -10.7229 1.07012 -46.1807 3.41229
0 0 900 10.7866 0.57726 -10.2649 -1.49601 -43.3907 3.5614
0 0 901 14.4959 2.39278 -12.8093 -0.186953 -39.7096 2.80105
0 0 902 16.0657 0.71397 -13.4862 -0.424387 -43.4848 2.71133
0 0 903 16.5736 1.75709 -16.1916 -2.0547 -41.9033 2.24622
0 0 904 14.8302 0.590991 -12.7115 0.565195 -43.669 2.87768
0 0 905 17.4428 2.33073 -10.487 -0.324205 -38.7349 3.39293
0 0 906 17.6495 1.88177 -16.1777 -0.0533945 -41.6826 2.24581
0 0 907 18.463 1.59136 -15.5777 -2.67161 -42.0836 2.3366
0 0 908 21.3163 -0.693641 -16.2743 -1.26424 -46.2203 2.24816
0 0 909 19.2742 1.00344 -18.4879 -1.66551 -43.4466 1.97764
0 0 910 22.3139 3.24712 -16.4492 0.147659 -39.4166 2.17611
0 0 911 20.0611 -0.224722 -17.4895 1.87721 -45.3681 2.09403
0 0 912 16.99 -0.401979 -19.2183 1.83831 -45.5991 1.90535
0 0 913 22.9794 1.47676 -16.2763 1.42969 -42.4078 2.23926
0 0 914 22.4346 0.946575 -16.6543 -0.790481 -43.3735 2.19499
0 0 915 23.104 1.81502 -17.0828 -1.89873 -41.9676 2.12966
0 0 916 24.0184 1.17577 -17.7919 0.125939 -43.1096 2.05325
0 0 917 25.1055 0.589417 -16.1186 -2.12338 -43.9529 2.27053
0 0 918 23.198 -0.721294 -17.1415 -0.643451 -46.2048 2.13448
0 0 919 26.4927 0.280744 -16.7579 1.45128 -44.5201 2.1853
0 0 920 30.6334 0.937684 -20.0897 -0.1177 -43.6638 1.8208
0 0 921 30.0449 -0.692883 -16.5977 -1.03566 -46.1952 2.20446
0 0 922 33.0283 -1.26345 -16.3867 -1.58242 -47.2044 2.22721
0 0 923 33.204 0.143658 -17.556 0.00303918 -44.7656 2.08623
0 0 924 39.0456 -1.14048 -18.0238 -0.306273 -46.8103 2.02727
0 0 925 40.9229 0.313789 -17.8378 0.42559 -44.4961 2.05296
0 0 926 44.2457 2.26612 -19.026 -1.71095 -41.6038 1.90886
0 0 927 48.5866 -1.80204 -16.0725 1.73556 -48.1986 2.2618
0 0 928 56.0089 -1.18818 -11.0545 1.10352 -48.0674 3.29048
0 0 929 58.9929 0.261841 -9.814 -0.659625 -44.2358 3.73054
0 0 930 64.3573 -1.01158 -4.58948 0.0145003 -51.215 7.75649
0 0 931 67.4743 -0.347271 0.31305 1.31048 0 0
0 0 932 72.3703 -0.736084 5.94946 0.0163707 48.5265 6.10035
0 0 933 80.8926 0.997513 10.5849 1.25571 42.3082 3.44196
0 0 934 89.619 -0.151562 15.1754 0.760665 45.2861 2.41345
0 0 935 97.5761 6.95451 21.3202 3.15108 35.967 1.61707
0 0 936 108.64 5.75838 29.4753 0.672242 39.4729 1.21498
0 0 937 116.172 8.8031 33.6625 2.53434 37.6724 1.04574
0 0 938 126.507 8.18179 40.336 6.37595 39.2668 0.886315
0 0 939 132.501 11.7188 48.7006 1.86054 38.2351 0.7271
0 0 940 140.056 12.4033 52.5257 3.82008 38.3568 0.674968
0 0 941 141.84 13.8144 53.8142 1.8983 37.8013 0.655054
0 0 942 144.689 17.0048 56.7695 3.02549 36.6624 0.612817
0 0 943 146.868 14.7601 54.3969 3.86485 37.4094 0.645248
0 0 944 145.444 15.0971 53.5571 3.51363 37.1287 0.653249
0 0 945 141.424 13.3935 50.2912 2.51084 37.5436 0.698974
0 0 946 136.366 14.5582 44.3564 0.174879 35.9149 0.776704
0 0 947 129.808 14.1103 39.4679 2.6942 35.1637 0.863639
0 0 948 122.15 10.6241 37.5179 2.91687 37.0946 0.932144
0 0 949 115.483 12.5547 29.4522 0.512517 33.4563 1.12582
0 0 950 110.79 8.62051 25.3887 -0.966758 35.6228 1.3515
0 0 951 102.479 8.14009 25.135 -0.978378 36.0276 1.37276
0 0 952 98.7852 5.92598 15.2506 0.624684 34.3826 2.20829
0 0 953 94.2285 5.31015 15.6212 -0.504753 35.6127 2.19624
0 0 954 88.3689 6.1599 12.0045 -2.28596 31.4181 2.65593
0 0 955 80.2596 5.08335 11.7482 -1.10282 33.3011 2.81465
0 0 956 82.5057 4.80313 7.23201 2.32322 28.205 4.08427
0 0 957 74.6536 1.85408 4.90439 1.22833 34.6456 6.89553
0 0 958 74.0303 0.284512 5.33029 0.773967 43.4723 6.85976
0 0 959 68.4024 2.06629 2.25902 -0.667074 0 0
0 0 960 66.7068 -1.91471 1.93487 -1.85333 0 0
0 0 961 66.9809 -0.0216103 0.151915 -1.26718 0 0
0 0 962 64.7853 -0.413902 0.140225 2.26486 0 0
0 0 963 59.8539 -0.445087 -0.425762 -0.652154 0 0
0 0 964 59.9927 -1.90465 -4.37193 1.24691 -56.7703 7.55385
0 0 965 55.0785 0.199739 -2.70437 -1.81824 0 0
0 0 966 55.396 -0.866373 -6.3435 0.60353 -48.8886 5.71011
0 0 967 56.8113 -1.94205 -3.08492 -0.70423 0 0
0 0 968 53.132 -2.06801 -4.36184 -3.67832 -57.6831 7.44337
0 0 969 50.743 -0.295885 -5.96554 -2.00987 -46.4197 6.13072
0 0 970 51.7583 -2.92853 -5.46997 -1.41634 -59.0819 5.76676
0 0 971 50.7716 -3.5865 -2.6438 -2.0429 -71.802 7.65454
0 0 972 48.9931 -3.06997 -2.82526 -3.14547 -68.6885 8.277
0 0 973 44.8978 -2.35821 -4.39384 -1.71626 -59.1114 7.17452
0 0 974 43.4016 -2.96971 -5.64869 -2.71821 -58.8662 5.61041
0 0 975 41.6726 -3.62318 -4.25271 -4.21349 -65.215 6.26671
0 0 976 40.8893 -4.57563 -4.98152 -6.01141 -66.284 5.15454
0 0 977 40.8558 -3.22075 -5.31037 -3.61761 -60.6184 5.73239
0 0 978 35.6954 -5.72676 -4.04598 -6.93932 -72.3793 4.85303
0 0 979 37.7773 -2.37289 -3.2077 -4.0025 0 0
0 0 980 35.087 -2.76622 -4.75031 -4.06961 -60.1067 6.48768
0 0 981 34.1438 -2.67489 -3.17317 -5.18902 -65.065 8.44094
0 0 982 30.7081 -3.74869 -4.26745 -3.54717 -65.6487 6.15344
0 0 983 27.5708 -5.71672 -0.759108 -2.21972 -86.218 5.675
0 0 984 31.0457 -3.41133 -2.29844 -5.88617 -73.0146 8.25223
0 0 985 29.5044 -3.77266 -2.41303 -3.55007 -73.6983 7.55987
0 0 986 27.2253 -3.0002 -2.58641 -3.36106 0 0
0 0 987 24.4327 -3.90083 -1.41637 -1.14845 -80.0222 7.98589
0 0 988 25.2862 -4.26394 -4.45733 -0.755636 -66.8649 5.63931
0 0 989 23.5807 -4.86145 -2.05054 -4.11791 -78.5651 6.30844
0 0 990 20.1686 -3.13154 -2.54754 -3.85419 0 0
0 0 991 20.8916 -3.74179 -2.81796 -1.82279 -71.5082 7.28947
0 0 992 19.7776 -7.41595 -0.252567 -1.358 -89.0247 4.40134
0 0 993 19.0838 -3.84066 -2.28172 -2.55498 -74.6428 7.5517
0 0 994 16.9931 -3.76622 -2.93894 -0.34976 -71.0168 7.16153
0 0 995 16.1472 -5.26932 -2.24063 -4.71944 -78.4819 5.81449
0 0 996 16.5677 -4.35095 -3.77391 -0.49325 -69.5312 5.97543
0 0 997 13.57 -3.62942 -3.69234 -3.12278 -67.2538 6.70826
0 0 998 16.0715 -3.47648 -1.94155 -0.916766 0 0
0 0 999 16.2426 -3.54817 -0.448815 -3.88575 0 0
0 0 1000 12.4461 -4.92593 -2.39606 -1.69158 -77.0304 6.10667
0 0 1001 12.3163 -5.38894 -1.84112 -2.84394 -80.5687 5.81091
0 0 1002 11.3617 -5.86501 -2.61408 -3.27158 -77.9886 5.19302
0 0 1003 10.0609 -4.35025 -2.75989 -0.872416 -73.8041 6.56892
0 0 1004 11.3709 -4.73379 -3.66984 1.75408 -71.1078 5.70977
0 0 1005 10.0822 -3.84622 -2.27678 -0.972588 -74.6883 7.5466
0 0 1006 9.25233 -4.15342 0.224955 0.739082 88.4499 7.85345
0 0 1007 11.8247 -3.23375 -4.10215 1.54181 -64.1245 6.73068
0 0 1008 7.78207 -5.03885 -2.7182 -0.270396 -75.8277 5.86712
0 0 1009 9.7987 -2.14661 -2.70947 -0.937766 0 0
0 0 1010 10.3308 -4.15586 -2.10148 -0.89737 -76.5879 7.19382
0 0 1011 9.70949 -1.60303 -0.839679 0.816254 0 0
0 0 1012 8.95434 -5.03266 0.568645 -2.98474 86.7767 6.45791
0 0 1013 5.18755 -3.26208 -0.469897 -0.273244 0 0
0 0 1014 8.24736 -1.32176 -0.825998 0.748724 0 0
0 0 1015 6.37123 -2.52575 -0.946134 0.0700918 0 0
0 0 1016 3.99054 -0.572829 0.544349 -0.0670063 0 0
0 0 1017 5.9255 -2.44703 1.3744 -0.235015 0 0
0 0 1018 5.20947 -1.19253 0.664237 -0.979707 0 0
0 0 1019 5.76621 -2.79829 -0.760774 0.428304 0 0
0 0 1020 6.16021 -3.58093 0.879764 0.64685 0 0
0 0 1021 3.57 -0.926202 -1.47533 0.566376 0 0
0 0 1022 4.88867 0.854935 0.423778 -1.5215 0 0
0 0 1023 3.83243 -0.490969 -1.02316 -0.327161 0 0
