# File: uwl_240108_220813_Combined.rf.RMC_aux Src: J1713+0747 Nsub: 1 Nch: 1 Npol: 4 Nbin: 1024 RMS: 0.970216
0 0 0 7.74016 -0.993143 0.247267 -0.938068 0 0
0 0 1 6.91775 0.544821 0.277424 1.29316 0 0
0 0 2 4.99661 -0.520634 -0.62677 -1.10399 0 0
0 0 3 3.99019 0.656021 -1.03444 1.2913 0 0
0 0 4 4.92036 -0.238608 -0.305359 -0.734341 0 0
0 0 5 5.80803 0.360637 1.14705 -0.459339 0 0
0 0 6 3.0773 0.193762 -1.07391 -1.32968 0 0
0 0 7 5.90927 -0.80013 -0.901666 -1.14621 0 0
0 0 8 4.32852 -1.91607 0.929009 0.791945 0 0
0 0 9 2.89913 -0.814138 1.59339 -1.68761 0 0
0 0 10 2.48275 0.736842 0.301305 0.198444 0 0
0 0 11 4.21217 1.08073 1.35656 0.205023 0 0
0 0 12 3.91712 -0.971022 -0.30897 -0.0935363 0 0
0 0 13 2.99544 -0.180483 0.122163 -0.624273 0 0
0 0 14 2.63822 -0.049209 -0.318245 -1.85819 0 0
0 0 15 4.85545 3.28794 1.63466 0.609054 13.2176 7.83094
0 0 16 2.81723 1.32083 1.41032 0.832147 0 0
0 0 17 2.9401 0.940263 0.535746 -1.468 0 0
0 0 18 3.68795 0.111513 -1.77111 0.606251 0 0
0 0 19 3.42344 1.83755 1.05126 -0.65335 0 0
0 0 20 4.89335 1.21985 1.99864 -0.307402 0 0
0 0 21 6.03646 1.2661 1.56202 0.805192 0 0
0 0 22 6.23729 0.875123 1.69626 0.84483 0 0
0 0 23 4.24222 0.532517 1.82552 -1.9968 0 0
0 0 24 5.17273 0.158098 1.63738 -0.872186 0 0
0 0 25 4.08073 0.758618 3.19833 -0.173459 0 0
0 0 26 5.95757 0.902899 2.34258 -0.739717 0 0
0 0 27 4.56984 2.67359 2.1211 -2.27206 0 0
0 0 28 5.59636 0.319013 2.57953 0.138941 0 0
0 0 29 5.02916 1.0862 1.17094 1.35264 0 0
0 0 30 6.17143 0.855741 3.85231 0.283153 38.7379 7.86266
0 0 31 6.67528 1.96996 1.88229 -1.46535 0 0
0 0 32 5.81001 2.57881 2.50864 -3.55161 22.1049 8.23921
0 0 33 4.29696 1.761 1.1492 -1.11652 0 0
0 0 34 6.00618 1.18178 3.93146 0.125186 36.6348 7.5327
0 0 35 6.29135 0.885892 2.08386 -1.01612 0 0
0 0 36 5.14787 1.5942 5.35353 -0.64072 36.7086 5.53678
0 0 37 6.61331 0.799461 2.74018 -0.065039 0 0
0 0 38 5.89251 2.76112 2.19897 -1.23381 19.267 8.31298
0 0 39 8.08468 1.9551 3.55306 -0.51299 30.589 7.51705
0 0 40 5.28539 2.35462 2.15621 0.50733 0 0
0 0 41 7.0891 1.38712 3.59733 -0.100797 34.4567 7.98538
0 0 42 5.59579 2.5221 2.16814 -0.0983317 0 0
0 0 43 6.83759 2.0215 3.20394 -1.05863 28.8752 8.00612
0 0 44 7.56032 0.664698 1.27813 -0.00243272 0 0
0 0 45 6.33706 0.679498 1.41776 0.835684 0 0
0 0 46 5.41899 2.14162 3.43245 -0.576108 29.0193 7.50006
0 0 47 5.26272 0.340733 5.17555 0.426399 43.1167 6.00596
0 0 48 5.7419 2.48545 2.34883 -1.16787 0 0
0 0 49 5.82755 0.917487 5.95614 -1.19527 40.6215 5.16011
0 0 50 4.01146 0.709011 2.62607 0.262151 0 0
0 0 51 5.13524 0.881833 5.54675 0.184397 40.4833 5.53602
0 0 52 4.30437 -0.372883 3.84216 0.168224 47.7716 8.0661
0 0 53 4.793 0.108902 1.95224 -0.859294 0 0
0 0 54 4.32416 0.896366 2.14852 -0.533423 0 0
0 0 55 3.38541 1.79301 3.01459 1.52832 29.6284 8.66699
0 0 56 3.85275 1.31573 2.8544 -0.440133 0 0
0 0 57 3.33393 0.346131 0.866386 0.015056 0 0
0 0 58 3.91205 0.232017 2.05235 -0.424668 0 0
0 0 59 3.10909 -0.283326 0.416503 -0.466495 0 0
0 0 60 2.84089 0.773399 0.508487 0.245401 0 0
0 0 61 5.95071 0.908554 1.53934 0.59697 0 0
0 0 62 3.18825 -0.051241 1.47209 0.280852 0 0
0 0 63 2.97128 1.11588 0.967877 1.1844 0 0
0 0 64 3.03347 -1.57616 1.85806 0.0951231 0 0
0 0 65 0.85415 -0.751732 0.288558 0.928656 0 0
0 0 66 1.19341 0.608539 0.453481 0.331958 0 0
0 0 67 2.81278 -0.49882 1.7536 -2.50399 0 0
0 0 68 2.25362 1.32321 3.31829 -0.497002 34.1299 8.61187
0 0 69 2.65097 0.555105 2.19883 0.527954 0 0
0 0 70 1.86388 0.30226 0.157153 1.22654 0 0
0 0 71 2.80151 0.934555 -0.100551 0.826345 0 0
0 0 72 2.01178 1.97601 -0.781171 0.765778 0 0
0 0 73 1.8583 -1.19037 1.28281 0.702974 0 0
0 0 74 1.32999 1.80486 1.15521 0.0438116 0 0
0 0 75 0.109468 0.870154 1.80715 -0.206905 0 0
0 0 76 0.76762 0.822887 -0.541084 -1.34799 0 0
0 0 77 0.768418 -1.47267 -0.0814722 -1.12626 0 0
0 0 78 1.28247 0.228943 -1.15311 -0.650282 0 0
0 0 79 1.09234 1.08775 0.180096 -0.577973 0 0
0 0 80 1.40944 -0.752561 0.123143 -0.0686327 0 0
0 0 81 -0.0558686 -0.873707 1.20283 0.547304 0 0
0 0 82 3.32273 0.233967 -0.71556 1.13498 0 0
0 0 83 0.557661 -0.750186 -1.38189 0.394366 0 0
0 0 84 -1.20576 0.457605 0.231536 -0.180946 0 0
0 0 85 -0.589549 1.29723 -0.207654 -0.158443 0 0
0 0 86 0.525516 1.00936 0.249103 -1.7458 0 0
0 0 87 1.71248 -0.734609 -0.500484 -0.0661535 0 0
0 0 88 -1.32788 1.34485 -0.0293623 -0.872808 0 0
0 0 89 1.70353 -0.605753 0.659201 0.278278 0 0
0 0 90 0.936504 -0.162147 0.0767224 0.275805 0 0
0 0 91 1.44449 -0.853079 0.532555 -0.0793598 0 0
0 0 92 2.5247 -0.137345 0.438085 0.901535 0 0
0 0 93 -0.0626377 0.648769 0.146621 -0.181732 0 0
0 0 94 0.888137 -1.39934 -0.992199 1.08454 0 0
0 0 95 0.997999 0.595675 -0.816707 -1.06578 0 0
0 0 96 -0.408737 -0.0237482 1.05812 0.944114 0 0
0 0 97 1.62384 -1.77477 -0.484336 1.61663 0 0
0 0 98 -0.479762 -1.05418 1.10676 1.64497 0 0
0 0 99 0.790965 0.549664 1.53039 -0.647523 0 0
0 0 100 0.0307521 0.0242747 -0.15659 0.0130431 0 0
0 0 101 0.893864 -2.22723 -2.34987 0.473448 0 0
0 0 102 -0.757135 -1.57648 -1.16346 0.106634 0 0
0 0 103 0.661966 0.200597 -0.810122 1.00777 0 0
0 0 104 -0.870086 -0.490788 -0.55228 0.427765 0 0
0 0 105 0.252259 -0.930308 0.0704639 -1.67714 0 0
0 0 106 -2.1254 -0.332755 -0.606375 1.7136 0 0
0 0 107 0.204904 -0.278986 1.45054 1.51368 0 0
0 0 108 0.118125 0.278051 -1.02986 1.45561 0 0
0 0 109 -1.20786 0.651095 0.370903 0.86964 0 0
0 0 110 2.18843 1.08619 0.390721 0.280861 0 0
0 0 111 0.497088 -0.478371 0.808648 -0.202462 0 0
0 0 112 -0.250955 0.267936 1.66366 1.86558 0 0
0 0 113 -0.454607 -0.508403 2.63477 -0.784334 0 0
0 0 114 -0.572211 -0.920168 0.406395 -0.706113 0 0
0 0 115 -0.786927 -0.660324 -0.371759 -0.507064 0 0
0 0 116 -0.261146 -0.257259 -0.268429 0.558517 0 0
0 0 117 0.288351 0.680618 -0.068938 -0.891482 0 0
0 0 118 -0.249213 1.55685 -1.05341 0.454187 0 0
0 0 119 0.487189 -0.85028 -0.380042 1.23737 0 0
0 0 120 -0.546632 2.01188 0.323269 -0.179032 0 0
0 0 121 -1.61687 1.109 0.747499 0.381683 0 0
0 0 122 0.60447 -1.31547 0.0302373 1.2082 0 0
0 0 123 0.22085 1.28497 0.551128 -0.10181 0 0
0 0 124 0.561243 -0.268608 -1.42007 0.298126 0 0
0 0 125 -1.50257 0.733974 -1.82712 -1.64849 0 0
0 0 126 -0.656798 0.119194 -0.465935 0.307486 0 0
0 0 127 0.405004 0.201133 1.90499 -0.00438845 0 0
0 0 128 -0.512745 -0.906145 -0.596985 -0.882306 0 0
0 0 129 0.054273 0.720833 -0.387596 -0.0808946 0 0
0 0 130 0.473118 1.37601 -1.57172 -0.153863 0 0
0 0 131 -1.40758 -0.637634 0.0788908 0.52908 0 0
0 0 132 -1.10964 -0.879241 -0.0478013 0.145488 0 0
0 0 133 0.435498 -1.77317 0.332315 1.0901 0 0
0 0 134 0.0748715 -0.376337 -0.460646 -0.255132 0 0
0 0 135 -0.0023661 -0.0364354 0.109324 2.20475 0 0
0 0 136 -0.741573 0.340222 -0.0384697 -0.998383 0 0
0 0 137 1.59293 0.0907974 1.65435 -0.162293 0 0
0 0 138 0.973849 0.985277 -0.651217 -0.442818 0 0
0 0 139 1.41195 -1.24625 -0.995206 0.425929 0 0
0 0 140 0.556041 -0.182781 0.0968824 1.1001 0 0
0 0 141 -1.1118 -0.68683 -2.14912 -0.769476 0 0
0 0 142 1.1143 0.531871 -0.903219 -0.0601579 0 0
0 0 143 1.90978 -0.266334 0.9832 0.573335 0 0
0 0 144 0.305514 -0.555371 -0.682223 0.446142 0 0
0 0 145 -0.476893 0.349835 -0.567057 0.439087 0 0
0 0 146 1.315 0.684258 1.87755 -0.10197 0 0
0 0 147 -0.667568 -0.156573 -1.23509 -0.609242 0 0
0 0 148 0.750829 0.443128 -1.02198 0.043962 0 0
0 0 149 0.405476 -1.49399 -1.84451 0.339025 0 0
0 0 150 -1.22417 -0.460744 0.371915 -0.281495 0 0
0 0 151 0.911105 0.101884 -0.107262 0.323436 0 0
0 0 152 1.40371 -0.308264 -2.65403 1.84846 0 0
0 0 153 -0.494992 1.06683 0.989711 -1.06194 0 0
0 0 154 0.672116 0.698815 1.3177 -1.15969 0 0
0 0 155 -0.175101 -1.74877 0.373632 -0.15706 0 0
0 0 156 1.25608 -1.72887 0.0590436 -0.579104 0 0
0 0 157 0.246053 0.0533528 0.276589 1.6264 0 0
0 0 158 -1.04713 -0.739255 -1.32624 0.0849163 0 0
0 0 159 1.27054 0.466496 -0.814588 1.22033 0 0
0 0 160 -0.937763 2.32905 0.657671 0.188017 0 0
0 0 161 -0.15955 -0.693424 -1.21409 -0.485948 0 0
0 0 162 1.81123 -0.496537 0.0589235 -0.221477 0 0
0 0 163 -0.746895 -0.846709 -1.89662 -0.675808 0 0
0 0 164 -1.58341 -0.25222 0.393394 0.809945 0 0
0 0 165 -0.337462 0.697833 -0.574867 -0.155504 0 0
0 0 166 -1.12552 0.145671 0.255859 -1.19441 0 0
0 0 167 0.733032 -1.56584 -0.86274 0.168119 0 0
0 0 168 -0.969678 -0.451333 -0.631773 0.289687 0 0
0 0 169 1.09911 -0.546303 -0.727194 1.41145 0 0
0 0 170 0.276727 1.11608 -0.703819 0.382807 0 0
0 0 171 0.348663 1.05974 -0.860711 -0.598832 0 0
0 0 172 0.784098 -0.0843861 -0.192665 -0.997254 0 0
0 0 173 0.298687 -1.16657 0.333709 -0.415613 0 0
0 0 174 -0.170264 1.21829 0.00201636 0.247249 0 0
0 0 175 -0.437081 1.45664 -2.28189 0.321503 0 0
0 0 176 0.689535 -0.00359437 -1.38648 0.0428796 0 0
0 0 177 0.331752 -0.515861 0.560244 -1.33287 0 0
0 0 178 -1.9503 0.177103 -1.56635 -1.9233 0 0
0 0 179 -0.497913 0.257591 -0.531962 0.0326588 0 0
0 0 180 0.687597 1.10498 -0.943843 0.796409 0 0
0 0 181 0.258806 0.72519 1.85145 -0.678961 0 0
0 0 182 -0.118319 -0.852165 -1.66804 -0.294318 0 0
0 0 183 -0.580913 -1.03841 -0.283127 0.742861 0 0
0 0 184 -0.0687404 1.40846 -0.0577751 0.0216826 0 0
0 0 185 0.0728292 0.862362 -1.16186 1.71935 0 0
0 0 186 -1.94954 -1.25882 -0.0973109 0.866034 0 0
0 0 187 1.0555 0.846334 0.0293536 -0.0230886 0 0
0 0 188 0.772942 -0.23069 0.10454 0.70188 0 0
0 0 189 0.0113487 -0.941701 0.537011 -0.140837 0 0
0 0 190 1.25176 -0.2573 0.858883 0.652794 0 0
0 0 191 -0.823099 -0.531415 -0.653168 -2.33125 0 0
0 0 192 0.553084 0.905704 -0.930386 0.42317 0 0
0 0 193 -0.648475 0.526278 0.861357 0.341896 0 0
0 0 194 -0.361504 0.0981458 0.71705 -1.10682 0 0
0 0 195 1.14874 -1.59801 0.0700397 -0.0735736 0 0
0 0 196 1.22253 -1.91508 -2.93083 1.78511 -61.5808 8.65089
0 0 197 -0.183717 0.699561 0.727215 -0.701292 0 0
0 0 198 -0.976245 -0.35436 0.183575 0.18026 0 0
0 0 199 1.44468 0.498824 -1.26384 1.16281 0 0
0 0 200 0.132883 0.269787 -0.728226 1.52484 0 0
0 0 201 1.5465 2.41384 -1.34682 -0.378048 0 0
0 0 202 0.188033 -0.165411 0.50972 -1.09573 0 0
0 0 203 -1.04873 -1.89146 -0.849053 1.14352 0 0
0 0 204 1.01731 -1.29491 -1.11917 1.07259 0 0
0 0 205 0.00898755 2.07482 -2.91376 -0.92063 -27.2731 8.43618
0 0 206 1.04703 -0.0110025 -1.293 1.17178 0 0
0 0 207 0.505912 0.628051 -0.212439 1.73745 0 0
0 0 208 -0.201505 0.770456 -1.6678 0.975484 0 0
0 0 209 -0.726601 1.13033 -2.56729 1.24258 0 0
0 0 210 0.285639 -0.0117994 -1.66227 -2.06929 0 0
0 0 211 -0.265484 -0.335492 -0.0106008 -0.977708 0 0
0 0 212 0.107711 -0.955791 -1.43723 0.40136 0 0
0 0 213 -0.304029 -0.126383 -1.66554 0.451477 0 0
0 0 214 -1.49792 -0.392896 -0.873388 0.338848 0 0
0 0 215 -1.38729 -1.13762 -0.138951 -0.106724 0 0
0 0 216 -0.974784 -1.09335 1.08233 -1.99439 0 0
0 0 217 0.121219 -0.600391 0.71304 -0.206516 0 0
0 0 218 -1.59283 -0.604156 -1.97582 0.380524 0 0
0 0 219 0.506447 0.473353 0.346204 2.91605 0 0
0 0 220 0.284417 0.0538215 -0.417432 0.690294 0 0
0 0 221 1.61473 -0.601476 -0.0583151 -1.38076 0 0
0 0 222 0.282633 -0.561128 0.203429 -0.110389 0 0
0 0 223 -0.601326 0.862147 0.439257 0.376046 0 0
0 0 224 2.30565 0.546818 0.0607938 -0.907582 0 0
0 0 225 0.96103 -1.48809 -1.7951 0.155191 0 0
0 0 226 0.589003 -0.375255 0.334623 -1.79225 0 0
0 0 227 0.414741 -0.215016 0.480385 0.793048 0 0
0 0 228 -2.00818 -0.317729 -0.894454 1.21961 0 0
0 0 229 1.16938 0.810525 0.508309 0.149175 0 0
0 0 230 1.09935 1.41935 -0.482788 0.356229 0 0
0 0 231 0.577574 0.549906 1.42018 0.184543 0 0
0 0 232 2.97262 -0.0969259 0.688169 0.418398 0 0
0 0 233 1.1706 1.48093 1.78458 -0.749366 0 0
0 0 234 0.627049 -0.740282 -0.926508 0.403695 0 0
0 0 235 -1.89331 -0.0812657 -0.48815 0.339601 0 0
0 0 236 1.35177 -0.914417 0.638281 -0.44254 0 0
0 0 237 0.111729 0.198096 -1.12858 0.592657 0 0
0 0 238 0.668161 -0.46 0.496571 0.260352 0 0
0 0 239 0.568565 -0.534438 -0.564996 -0.177518 0 0
0 0 240 1.70773 -0.509678 0.707232 -1.35167 0 0
0 0 241 -0.04869 -0.172038 -1.11932 0.214293 0 0
0 0 242 -0.642695 -0.467684 -0.39825 2.76057 0 0
0 0 243 -0.53378 0.141054 0.223787 -1.28577 0 0
0 0 244 -0.438793 2.54887 0.164499 0.874298 0 0
0 0 245 1.72565 1.68133 1.33703 -0.427921 0 0
0 0 246 0.189819 1.70217 -0.296815 1.59654 0 0
0 0 247 2.45122 1.44832 -1.23837 0.641562 0 0
0 0 248 1.99512 1.53923 -0.508376 -0.557959 0 0
0 0 249 -0.778088 -0.437916 0.453456 -0.42489 0 0
0 0 250 0.553941 0.148133 1.12915 0.200663 0 0
0 0 251 1.56419 -0.315758 0.0523893 -0.632039 0 0
0 0 252 1.25449 0.740224 -1.39795 0.216839 0 0
0 0 253 1.50432 1.61546 -1.00081 1.41934 0 0
0 0 254 2.26427 0.39594 0.0360065 1.01571 0 0
0 0 255 0.100112 1.14966 1.1258 0.284499 0 0
0 0 256 -1.17358 1.17074 0.786673 1.53053 0 0
0 0 257 1.27108 0.00974351 -0.433321 -0.204293 0 0
0 0 258 -0.788628 -1.18222 -0.640824 0.00824229 0 0
0 0 259 0.950202 -0.262493 0.417162 1.45243 0 0
0 0 260 -0.4194 2.39794 -0.605203 -0.41389 0 0
0 0 261 -0.316135 -2.28134 0.940095 0.33894 0 0
0 0 262 -0.0694026 -0.0624265 -0.347162 1.24634 0 0
0 0 263 0.620817 -1.27124 0.180777 -0.829052 0 0
0 0 264 0.0163567 0.054874 -1.30389 -1.0964 0 0
0 0 265 0.448259 0.328268 0.710856 -0.587361 0 0
0 0 266 1.71367 -0.289454 -0.763513 -1.13601 0 0
0 0 267 0.258622 -0.797741 -0.519282 -0.0134529 0 0
0 0 268 0.338595 0.990268 0.344085 -1.42801 0 0
0 0 269 -0.606072 1.28302 1.25855 -0.120183 0 0
0 0 270 -0.490242 2.36512 -0.187018 -0.734227 0 0
0 0 271 1.32252 0.506263 0.741426 0.0312593 0 0
0 0 272 0.985729 -1.65488 0.182168 1.491 0 0
0 0 273 -0.413106 -1.57771 -1.52213 -0.00891356 0 0
0 0 274 -0.752991 0.835447 -1.67976 0.21944 0 0
0 0 275 -0.757993 0.878916 0.251874 -0.686349 0 0
0 0 276 0.671474 0.128949 0.0790523 0.402895 0 0
0 0 277 -0.234828 -0.0556648 0.446559 2.12049 0 0
0 0 278 -0.277548 -0.336241 -0.418861 -1.11391 0 0
0 0 279 0.33083 -0.130524 1.69466 0.074453 0 0
0 0 280 1.88025 -0.423422 0.309326 -1.0954 0 0
0 0 281 0.502709 0.767694 -0.815062 -1.87782 0 0
0 0 282 -1.20511 1.29756 -1.05226 -0.856106 0 0
0 0 283 0.84185 -0.00865415 1.29029 -1.65796 0 0
0 0 284 2.00342 1.25703 -2.80058 -0.281796 0 0
0 0 285 2.17883 -0.544892 -1.85128 1.34566 0 0
0 0 286 -1.17042 -0.447487 -1.4963 1.47473 0 0
0 0 287 -0.4721 1.463 -1.42688 -1.48334 0 0
0 0 288 0.243441 0.893702 -0.153856 -0.317553 0 0
0 0 289 0.419312 -0.232976 -1.16581 -0.034752 0 0
0 0 290 -0.766687 -0.00822014 1.5932 -0.864521 0 0
0 0 291 0.42079 0.107507 0.419688 1.73022 0 0
0 0 292 1.91685 0.873019 -2.78716 -0.0397451 0 0
0 0 293 0.16843 -0.708688 -0.242185 1.09648 0 0
0 0 294 -0.140422 0.331595 0.172258 0.637728 0 0
0 0 295 -0.0219479 0.379157 0.159725 1.22691 0 0
0 0 296 -0.157537 0.041867 -0.306492 1.82556 0 0
0 0 297 -1.39123 0.0290764 -0.932161 0.168815 0 0
0 0 298 -0.607993 0.229231 -1.0532 0.698895 0 0
0 0 299 -0.503717 -0.917261 -1.18648 -1.58079 0 0
0 0 300 0.830182 0.0402959 1.07663 0.110152 0 0
0 0 301 0.996788 1.6813 -0.263443 1.85172 0 0
0 0 302 1.61484 -0.729798 1.06848 0.520322 0 0
0 0 303 -0.631062 0.380167 0.649714 0.46727 0 0
0 0 304 -0.070681 1.26615 0.424216 -0.0893631 0 0
0 0 305 -0.326642 1.02388 0.170168 -0.202005 0 0
0 0 306 0.391773 -0.703002 -0.351242 -0.391882 0 0
0 0 307 1.72846 -0.438516 -0.399673 0.356345 0 0
0 0 308 0.800998 -1.934 -1.58313 -0.23883 0 0
0 0 309 -0.671915 0.817468 -0.763469 -2.15815 0 0
0 0 310 -1.13276 1.51822 -1.17809 1.24608 0 0
0 0 311 0.741605 -0.873507 -0.409933 0.356547 0 0
0 0 312 -2.20879 0.23457 2.58125 -0.812774 0 0
0 0 313 -0.334686 1.77348 1.57846 1.49518 0 0
0 0 314 -0.870723 -0.668323 1.30699 -0.554632 0 0
0 0 315 -0.941265 1.18483 -0.532505 0.414606 0 0
0 0 316 -0.225773 0.619615 0.313398 0.643845 0 0
0 0 317 -1.10216 0.0186034 -1.98132 -1.13368 0 0
0 0 318 -0.617876 1.07653 -0.265217 1.34851 0 0
0 0 319 -1.33333 1.02174 -0.834051 -0.345777 0 0
0 0 320 0.536082 -0.873236 0.611984 -0.843697 0 0
0 0 321 1.28669 0.299019 1.02131 -0.609433 0 0
0 0 322 0.532959 -0.31876 -0.0452439 0.983733 0 0
0 0 323 1.48902 -1.03017 -1.00769 0.821259 0 0
0 0 324 0.768274 0.628184 0.0675419 0.00554077 0 0
0 0 325 0.284143 1.1468 -0.0815019 -0.431972 0 0
0 0 326 0.966115 -1.64611 0.0950021 0.628315 0 0
0 0 327 -0.373591 0.928687 -0.320686 -0.710803 0 0
0 0 328 1.12741 1.16822 0.58248 -1.47871 0 0
0 0 329 -1.46646 0.309587 0.346232 -1.79585 0 0
0 0 330 1.27106 1.2708 0.412596 -0.792747 0 0
0 0 331 0.477476 0.235703 -0.397853 0.752009 0 0
0 0 332 2.01213 0.245303 0.852451 0.0484749 0 0
0 0 333 -1.95193 0.00134861 1.83785 -0.0286001 0 0
0 0 334 -1.24253 1.52846 -0.736186 -0.195404 0 0
0 0 335 -1.90434 1.2311 0.571804 -0.846107 0 0
0 0 336 1.70231 1.04343 -0.508425 -1.08685 0 0
0 0 337 -0.129324 0.0770513 -0.295671 0.596253 0 0
0 0 338 0.608943 -0.812752 0.898944 -0.188159 0 0
0 0 339 -0.560985 -0.651948 -0.690057 -0.14212 0 0
0 0 340 1.01829 -2.69351 -1.72514 0.0666254 0 0
0 0 341 0.528808 -1.27866 0.821639 -0.476567 0 0
0 0 342 -0.365162 -1.05507 0.276526 -0.00635601 0 0
0 0 343 0.826362 -0.650344 -1.58273 0.459273 0 0
0 0 344 1.42629 -0.981416 -0.574811 0.451707 0 0
0 0 345 -0.656346 0.426137 0.671872 0.870195 0 0
0 0 346 0.736169 -2.21884 -0.273055 -0.20705 0 0
0 0 347 1.3284 -0.626123 -0.562312 0.441464 0 0
0 0 348 -0.872435 1.393 0.23215 -0.902714 0 0
0 0 349 -0.44297 2.59642 -1.06989 -0.136232 0 0
0 0 350 -1.72667 0.935817 0.146232 0.580885 0 0
0 0 351 0.555114 -0.722849 1.1054 0.530594 0 0
0 0 352 0.0540861 -0.909939 1.23586 0.193977 0 0
0 0 353 0.0609736 1.55852 0.724325 -0.477912 0 0
0 0 354 -0.755971 1.01904 -0.0210219 0.132559 0 0
0 0 355 -0.109584 -1.52188 1.59736 -1.50268 0 0
0 0 356 -0.612198 -0.751159 1.09489 0.818247 0 0
0 0 357 0.0429907 -1.29531 -1.29083 2.16841 0 0
0 0 358 0.586156 0.3791 1.45986 0.148662 0 0
0 0 359 -0.391469 1.81158 0.10577 1.86915 0 0
0 0 360 -0.388534 -0.377551 -0.401473 -1.64706 0 0
0 0 361 0.179473 0.220563 -0.824938 1.80951 0 0
0 0 362 -1.50361 0.0621134 -1.41885 0.875097 0 0
0 0 363 -1.21697 -2.17413 0.749101 0.93671 0 0
0 0 364 -0.938956 0.607909 0.616629 -0.131176 0 0
0 0 365 -0.0615245 -0.247376 -0.491911 -1.15962 0 0
0 0 366 0.802932 -1.13063 -0.490179 -0.913945 0 0
0 0 367 0.495561 -0.456828 0.276067 -0.50693 0 0
0 0 368 1.40063 -1.24766 0.749959 -0.606874 0 0
0 0 369 -1.46295 -0.584536 -2.32076 1.14092 0 0
0 0 370 0.356878 1.64835 1.3408 -2.18004 0 0
0 0 371 1.31087 0.0224839 2.13682 -1.22776 0 0
0 0 372 -1.09095 -0.523877 -1.33048 -0.997994 0 0
0 0 373 -0.450398 0.350088 0.714422 -0.0138159 0 0
0 0 374 1.0148 -0.858536 -2.42186 1.37275 0 0
0 0 375 -0.958555 -1.15807 -0.168987 0.171498 0 0
0 0 376 -0.608446 0.641944 -0.696103 0.805113 0 0
0 0 377 0.032059 0.1583 1.89545 1.17505 0 0
0 0 378 0.0699912 -0.147195 -1.6199 0.214371 0 0
0 0 379 0.0347834 0.59109 0.195782 1.2448 0 0
0 0 380 0.73428 0.560897 1.03981 -1.93259 0 0
0 0 381 0.202195 0.315081 -1.36559 1.96446 0 0
0 0 382 -1.40829 -1.73105 0.382261 0.936688 0 0
0 0 383 0.299628 0.670761 0.471259 -1.18123 0 0
0 0 384 1.49788 1.86322 -0.0175892 -0.462145 0 0
0 0 385 -0.842025 -2.4634 0.0240956 0.469528 0 0
0 0 386 0.639539 -1.00703 -0.467563 0.822636 0 0
0 0 387 -0.075278 1.1849 0.287616 0.129503 0 0
0 0 388 -3.27267 -2.01191 0.403714 -0.608746 0 0
0 0 389 0.608758 -0.126083 0.808537 -0.39002 0 0
0 0 390 0.369753 0.974473 -0.975617 -1.52824 0 0
0 0 391 0.691571 -1.74454 0.366253 -0.77104 0 0
0 0 392 0.345939 -0.416246 -0.10329 0.433558 0 0
0 0 393 -0.393097 0.6395 -1.36493 1.19231 0 0
0 0 394 1.32409 0.409129 0.246574 -0.318293 0 0
0 0 395 0.910741 0.911888 0.467395 -0.336364 0 0
0 0 396 1.0975 -1.24429 0.00851833 0.230062 0 0
0 0 397 1.01738 -0.0325812 0.669377 -0.172599 0 0
0 0 398 -0.446393 -1.07391 -1.32452 0.83094 0 0
0 0 399 0.158213 -0.387448 -1.77969 -0.761222 0 0
0 0 400 0.479786 -0.0729506 1.32761 -0.10978 0 0
0 0 401 0.0189596 -2.81045 0.403565 -0.127819 0 0
0 0 402 0.26184 0.101526 -1.03638 2.46882 0 0
0 0 403 -0.221603 -0.505262 -0.829738 -0.38215 0 0
0 0 404 -1.44121 -0.0294724 1.36933 -0.139956 0 0
0 0 405 0.425947 0.749312 0.62333 -0.268226 0 0
0 0 406 -1.49106 1.70497 0.286345 1.6263 0 0
0 0 407 -0.505661 0.217596 -0.920345 0.40384 0 0
0 0 408 -2.45697 0.12849 -0.85297 -1.50988 0 0
0 0 409 -0.982716 -0.720951 0.0427377 0.541529 0 0
0 0 410 -0.292291 0.216606 -0.0265634 0.0455329 0 0
0 0 411 -1.43802 -0.694098 1.1959 0.375179 0 0
0 0 412 0.64588 -0.131549 2.38596 0.34724 0 0
0 0 413 -0.662379 1.10095 0.453943 -0.472173 0 0
0 0 414 1.84643 -2.0456 0.948992 -1.9415 0 0
0 0 415 1.38831 -0.189916 0.90869 -1.34972 0 0
0 0 416 -0.59784 0.736852 1.56954 -1.37395 0 0
0 0 417 -0.69215 0.0860739 0.349442 0.932057 0 0
0 0 418 -0.269554 0.598618 0.00601172 -0.509244 0 0
0 0 419 -0.0373952 0.739693 0.0707596 0.236407 0 0
0 0 420 -1.3102 -1.88217 0.511329 0.444322 0 0
0 0 421 0.270635 0.471083 -0.0419335 0.0154158 0 0
0 0 422 1.19185 0.130528 -0.80631 0.374787 0 0
0 0 423 0.599753 0.608385 -0.797485 -1.31769 0 0
0 0 424 0.974674 0.170289 0.831896 -0.454498 0 0
0 0 425 -1.02601 -0.0649325 -0.220612 -0.316508 0 0
0 0 426 0.497844 -2.78392 0.323378 -1.35595 0 0
0 0 427 -0.728313 1.5865 0.0744 0.637355 0 0
0 0 428 -0.239129 2.77532 0.897781 -0.14816 0 0
0 0 429 -1.16781 1.01319 0.196433 -0.24729 0 0
0 0 430 0.366654 -0.117641 -0.665814 -0.182719 0 0
0 0 431 1.87338 0.544451 0.599844 0.764821 0 0
0 0 432 -0.0692278 -1.52101 -1.12088 0.434822 0 0
0 0 433 -1.01097 -0.287675 0.527665 0.832672 0 0
0 0 434 0.275732 2.35924 -0.784588 0.0351252 0 0
0 0 435 0.366568 0.49082 0.760157 -1.79215 0 0
0 0 436 0.622598 0.231102 0.0361997 -1.18804 0 0
0 0 437 0.558741 -0.33943 0.886412 -0.633518 0 0
0 0 438 0.445374 0.164809 -0.547726 -0.861128 0 0
0 0 439 0.67889 -2.11959 -1.14827 -0.582936 0 0
0 0 440 -0.58535 0.495512 -0.96591 -0.0205947 0 0
0 0 441 0.322106 0.577658 -1.95392 0.405885 0 0
0 0 442 -2.21968 -0.0594994 0.718485 0.990775 0 0
0 0 443 0.901879 -0.371607 0.0480215 -0.279162 0 0
0 0 444 0.803554 1.644 -0.0467148 1.59338 0 0
0 0 445 1.3878 -0.189522 -1.74023 0.965627 0 0
0 0 446 0.563938 0.817709 -1.07945 -0.379295 0 0
0 0 447 0.990055 -0.340196 0.14776 0.779 0 0
0 0 448 0.441698 0.0913278 -0.172205 -0.715322 0 0
0 0 449 -0.0341283 1.19835 0.973103 1.2485 0 0
0 0 450 0.0271086 0.107734 1.29692 -0.68304 0 0
0 0 451 -0.258206 -2.6284 0.0175102 1.29921 0 0
0 0 452 0.575463 0.696227 -0.00615383 1.52511 0 0
0 0 453 -0.901003 -0.601506 1.43298 -0.0686307 0 0
0 0 454 -0.388142 0.0511643 -0.338205 0.470802 0 0
0 0 455 0.426259 0.0713993 0.390605 -0.406033 0 0
0 0 456 -0.637293 -0.322856 0.822956 1.16611 0 0
0 0 457 -1.09699 0.637903 1.30072 1.35603 0 0
0 0 458 1.62834 0.449599 -1.06884 0.152797 0 0
0 0 459 -0.31408 0.0283909 -0.0900606 -0.313836 0 0
0 0 460 0.305438 0.444166 0.990721 -0.526269 0 0
0 0 461 0.669073 0.0123596 -0.421682 -0.0223251 0 0
0 0 462 1.22286 -1.58291 0.467302 0.788837 0 0
0 0 463 2.44366 -0.130618 -1.40079 -0.329559 0 0
0 0 464 0.692345 -1.31464 0.513424 0.35664 0 0
0 0 465 -0.708068 0.894992 0.247004 0.738052 0 0
0 0 466 -2.18454 -0.306647 0.395436 0.712867 0 0
0 0 467 -0.540186 -0.238607 -0.287442 0.00812005 0 0
0 0 468 2.61485 -1.05641 0.0798212 0.696106 0 0
0 0 469 -0.513336 -0.81225 0.936218 2.38837 0 0
0 0 470 -0.0718337 0.769668 -0.801136 1.52296 0 0
0 0 471 -1.19304 0.547412 -1.11999 -0.432818 0 0
0 0 472 -1.30599 -0.21991 -1.43979 0.869629 0 0
0 0 473 0.166282 -1.42321 1.1991 -0.870582 0 0
0 0 474 0.764783 -1.34548 0.0716833 1.85188 0 0
0 0 475 1.1829 0.778034 -1.06006 -1.17541 0 0
0 0 476 0.69895 -0.265504 1.37128 1.15356 0 0
0 0 477 -0.316482 -1.06107 0.30801 -1.30112 0 0
0 0 478 0.27267 0.690131 -0.756904 0.491269 0 0
0 0 479 0.504957 -0.0997144 0.528284 1.88516 0 0
0 0 480 1.52048 1.23736 0.34646 2.36291 0 0
0 0 481 -1.96306 -0.401508 0.561777 -0.738582 0 0
0 0 482 -1.68565 0.693918 -0.155352 2.18162 0 0
0 0 483 0.598755 0.912439 -2.39844 -0.926084 0 0
0 0 484 -0.867672 -0.456599 -0.557104 1.01356 0 0
0 0 485 0.889434 -1.75817 -0.88304 -0.669372 0 0
0 0 486 0.0319287 1.39178 -1.05003 -0.755 0 0
0 0 487 0.725254 1.13187 -0.0663698 -0.405253 0 0
0 0 488 0.501289 -0.434907 -0.982001 -0.0293159 0 0
0 0 489 0.105013 0.208781 -0.588847 -1.58597 0 0
0 0 490 -2.35124 -1.04003 -0.0677514 0.88784 0 0
0 0 491 1.74657 0.0621101 -0.0747119 -0.916673 0 0
0 0 492 2.07403 -0.830709 0.519901 -0.384458 0 0
0 0 493 1.69666 -0.958567 -0.656409 -0.9714 0 0
0 0 494 1.50416 0.0506734 0.777908 1.63111 0 0
0 0 495 -0.123499 -0.835258 -0.481364 1.14808 0 0
0 0 496 0.835969 -1.48512 2.06595 0.512355 0 0
0 0 497 -0.906479 -1.11233 -0.76056 -1.47883 0 0
0 0 498 0.268525 0.31172 0.0214129 -0.987357 0 0
0 0 499 0.291398 -1.15446 -2.33402 1.92027 0 0
0 0 500 2.0082 -0.289462 -0.840829 0.799355 0 0
0 0 501 -0.586138 0.858361 -1.54516 -1.0753 0 0
0 0 502 -1.06731 -0.512789 -0.654826 -0.209622 0 0
0 0 503 0.438479 -0.315771 -0.333403 0.794393 0 0
0 0 504 0.0202339 0.0824736 -1.0743 0.698113 0 0
0 0 505 -0.37832 -0.597049 0.456756 -0.178794 0 0
0 0 506 2.31378 0.323158 2.22656 0.760706 0 0
0 0 507 0.197617 -1.2334 -0.742703 -0.49787 0 0
0 0 508 -1.96083 1.60614 -0.621295 0.502578 0 0
0 0 509 0.783937 0.519739 0.321607 -0.374094 0 0
0 0 510 0.776325 1.23528 0.591449 -0.478319 0 0
0 0 511 0.0838673 -1.30291 0.956198 -0.656519 0 0
0 0 512 2.97682 1.06742 0.60955 1.9656 0 0
0 0 513 2.05405 1.37852 0.504332 0.191859 0 0
0 0 514 1.77173 0.213789 -0.795963 -6.24103e-05 0 0
0 0 515 0.518197 -0.636382 0.952605 0.648518 0 0
0 0 516 1.93096 1.10057 -0.0011881 -1.8502 0 0
0 0 517 1.70328 -1.71942 1.54479 0.0929845 0 0
0 0 518 0.414201 -0.0323497 -0.293508 0.278813 0 0
0 0 519 -0.648214 1.20184 0.0647356 0.168562 0 0
0 0 520 -0.130702 -0.38606 -0.750056 -0.115214 0 0
0 0 521 0.19669 0.25579 -2.39653 0.539122 0 0
0 0 522 0.0241832 0.25132 -3.2032 0.344686 0 0
0 0 523 -0.498662 0.779668 1.41634 -0.952699 0 0
0 0 524 0.224696 1.55729 -0.215937 0.586078 0 0
0 0 525 1.58262 -0.38453 -0.892981 0.889138 0 0
0 0 526 1.40708 -1.39731 0.532721 0.077611 0 0
0 0 527 -0.107669 -1.01238 -0.0420976 -0.321314 0 0
0 0 528 -0.987253 0.0459635 -0.083171 -1.90395 0 0
0 0 529 0.676247 1.02318 0.354268 1.4884 0 0
0 0 530 0.0807009 0.219943 0.353797 -1.22964 0 0
0 0 531 0.302288 1.13733 2.36627 1.63469 0 0
0 0 532 -1.40006 -0.758806 -1.70106 -1.86957 0 0
0 0 533 0.750306 0.645601 -1.03918 0.401852 0 0
0 0 534 0.874044 -0.0693226 1.29835 -0.247835 0 0
0 0 535 0.102933 1.00715 -1.72667 -0.0155048 0 0
0 0 536 0.769086 0.672827 -0.78695 0.929773 0 0
0 0 537 -0.199686 -2.09659 -0.583032 1.35356 0 0
0 0 538 0.0605389 -0.596558 -0.413397 -0.447759 0 0
0 0 539 0.539151 0.14199 -1.69471 0.564365 0 0
0 0 540 1.1633 0.66886 -0.687733 -0.46927 0 0
0 0 541 1.85691 0.418182 -0.304037 0.254014 0 0
0 0 542 -1.17753 0.441759 -1.22309 -0.67348 0 0
0 0 543 3.26395 2.17612 0.581857 -0.377121 0 0
0 0 544 2.72367 0.482648 -1.05282 0.284185 0 0
0 0 545 0.768125 1.12383 0.656578 -0.249457 0 0
0 0 546 1.25231 1.08848 -0.498007 0.0360108 0 0
0 0 547 -1.73947 0.773092 -0.80774 -0.453254 0 0
0 0 548 1.26902 -0.156001 0.66669 1.69909 0 0
0 0 549 0.833875 0.180796 0.0683498 0.483884 0 0
0 0 550 -0.918676 -0.584128 0.124937 0.950908 0 0
0 0 551 1.26474 -0.519765 -0.0179413 0.490029 0 0
0 0 552 0.335522 1.05442 0.586062 0.0458669 0 0
0 0 553 0.317557 -1.42342 -0.529509 2.65738 0 0
0 0 554 0.292742 -1.51438 -1.93642 -2.54839 0 0
0 0 555 0.35468 -1.07528 -1.2086 -0.0582799 0 0
0 0 556 1.44318 0.808663 -0.749321 0.150389 0 0
0 0 557 0.655766 -0.813906 -1.23894 -0.0714278 0 0
0 0 558 1.18421 0.630912 -0.723816 0.998462 0 0
0 0 559 -1.67446 -0.0030576 0.997084 0.926112 0 0
0 0 560 -0.641958 -1.44411 -2.28346 -0.883341 0 0
0 0 561 0.267442 -0.184099 -0.517398 0.247824 0 0
0 0 562 0.439157 1.51619 -1.26305 -0.530649 0 0
0 0 563 1.95118 -0.0318645 0.268279 2.86796 0 0
0 0 564 0.198475 0.554226 0.480593 -0.171352 0 0
0 0 565 0.20343 -1.14958 0.111817 0.606821 0 0
0 0 566 1.46029 0.020875 0.989911 -1.16761 0 0
0 0 567 -0.745671 -1.5672 -0.0894672 -0.626414 0 0
0 0 568 1.08656 0.430561 -1.32745 0.963033 0 0
0 0 569 -0.197579 0.237225 0.235322 0.340902 0 0
0 0 570 0.67124 -1.15689 -0.602578 2.40944 0 0
0 0 571 -0.137928 -1.55717 1.44564 1.21907 0 0
0 0 572 -0.496708 0.959945 0.962976 0.0964928 0 0
0 0 573 0.328926 -1.94326 -0.449992 0.505384 0 0
0 0 574 1.01025 0.0146505 -0.328893 1.13769 0 0
0 0 575 1.34068 -2.21219 -0.481657 0.475628 0 0
0 0 576 1.86649 -1.60606 0.852932 -0.654285 0 0
0 0 577 -0.142263 0.580556 0.697972 0.193874 0 0
0 0 578 -1.25147 1.21041 0.87435 1.13545 0 0
0 0 579 -1.01589 -1.14213 -0.107067 1.23085 0 0
0 0 580 -0.505798 -1.03883 -0.0193301 -0.240206 0 0
0 0 581 0.408863 0.536322 1.38595 1.01398 0 0
0 0 582 0.377478 1.43574 -0.380036 1.94463 0 0
0 0 583 0.553832 -1.44318 -0.343024 0.0902085 0 0
0 0 584 0.323597 -1.42895 0.0968958 1.05395 0 0
0 0 585 0.283926 0.13854 1.17543 -1.19451 0 0
0 0 586 0.440629 -0.0716186 -1.05003 0.65804 0 0
0 0 587 -0.401636 1.12765 -1.399 -0.923231 0 0
0 0 588 0.152165 0.643749 0.313128 0.597959 0 0
0 0 589 1.37649 0.264927 0.499046 0.198921 0 0
0 0 590 0.772075 1.46072 -1.52145 -0.747031 0 0
0 0 591 1.69292 0.851141 1.19843 0.906406 0 0
0 0 592 0.200385 -1.09496 -0.645111 0.634162 0 0
0 0 593 1.94342 -0.160823 1.10048 -0.41621 0 0
0 0 594 -0.491967 -0.512345 -0.684518 -2.08106 0 0
0 0 595 1.31505 -0.140015 -1.11705 -0.555369 0 0
0 0 596 -1.41468 1.11811 -0.962089 -0.816747 0 0
0 0 597 -0.440949 -1.53832 -0.38015 -0.586855 0 0
0 0 598 0.958723 -0.769927 -2.3331 -0.717635 0 0
0 0 599 -0.817244 -0.531699 -0.602615 0.308873 0 0
0 0 600 -0.199486 -0.0772065 -0.663812 -0.0704158 0 0
0 0 601 0.89865 0.544723 -0.940108 -0.917832 0 0
0 0 602 0.323027 -0.91204 1.91028 -1.19534 0 0
0 0 603 1.67017 0.238697 0.0638927 -0.520329 0 0
0 0 604 0.901713 0.205605 0.642806 -2.07445 0 0
0 0 605 2.18466 -0.130002 0.698354 1.41035 0 0
0 0 606 1.34668 -1.03647 2.83926 0.00762455 0 0
0 0 607 1.49551 0.267463 -0.378591 -0.0273337 0 0
0 0 608 0.333323 0.078746 0.162887 0.149394 0 0
0 0 609 0.0533693 0.132784 0.745121 0.684833 0 0
0 0 610 -1.00544 -0.691982 1.04634 1.55502 0 0
0 0 611 0.250902 -2.5297 -1.11115 -0.459522 0 0
0 0 612 -1.31553 -0.813378 -1.43506 -0.897004 0 0
0 0 613 0.953962 0.731708 0.0561196 -0.322823 0 0
0 0 614 -0.696386 -0.529388 0.179274 -1.3027 0 0
0 0 615 0.256943 0.0105264 -0.436492 0.0712779 0 0
0 0 616 -0.101381 -1.13313 -0.0319901 1.31466 0 0
0 0 617 0.396842 0.771305 -1.12709 1.02696 0 0
0 0 618 -0.482868 -1.81864 0.245788 0.848863 0 0
0 0 619 0.411058 -0.169065 -0.453654 -1.35774 0 0
0 0 620 1.33919 -0.111814 0.839439 -0.87632 0 0
0 0 621 -1.92855 0.309709 0.921097 -0.361844 0 0
0 0 622 0.8757 -0.481708 0.426046 0.20502 0 0
0 0 623 1.14175 0.115191 0.314075 -3.86061 0 0
0 0 624 0.778552 -2.20121 0.791814 0.62197 0 0
0 0 625 1.04598 -1.09946 0.668966 -0.489797 0 0
0 0 626 1.46748 0.0748495 -1.06458 -0.74811 0 0
0 0 627 0.164256 0.42972 0.978559 -0.465614 0 0
0 0 628 0.764163 0.41735 -0.688356 0.847562 0 0
0 0 629 -0.737193 0.702626 -0.700717 0.183349 0 0
0 0 630 0.0896405 -0.446294 -0.30479 0.312948 0 0
0 0 631 0.832155 -1.10462 0.523598 -0.662466 0 0
0 0 632 0.722348 -0.121203 -1.61904 0.958483 0 0
0 0 633 2.4075 0.201595 1.28634 -0.3929 0 0
0 0 634 0.906417 1.17748 0.516996 -2.27188 0 0
0 0 635 0.904382 -0.63635 -0.386759 -1.35442 0 0
0 0 636 -0.0067109 0.275164 -0.497032 1.23313 0 0
0 0 637 -0.902998 1.47007 -0.891875 0.888549 0 0
0 0 638 -0.682032 -0.0539658 -1.6406 0.503425 0 0
0 0 639 0.476442 -0.105279 -2.03838 0.576395 0 0
0 0 640 1.1077 2.3719 -0.927576 0.477551 0 0
0 0 641 -0.07622 0.16112 -0.7755 -1.07737 0 0
0 0 642 -0.084795 1.28005 -0.133066 -0.391016 0 0
0 0 643 0.123388 0.870521 -1.06546 0.853849 0 0
0 0 644 0.057664 -0.0139634 0.0282095 -1.13751 0 0
0 0 645 -0.154495 -0.243569 -0.846639 0.226789 0 0
0 0 646 0.736823 1.23541 1.06747 -0.482344 0 0
0 0 647 -0.184154 0.622681 -1.71322 -1.07517 0 0
0 0 648 -0.401498 1.02641 -0.623545 -1.18715 0 0
0 0 649 0.0899683 -0.0621626 -1.70924 0.30133 0 0
0 0 650 -1.22145 1.20168 -0.457997 0.22079 0 0
0 0 651 -0.642577 -0.202269 -0.0953879 0.103358 0 0
0 0 652 -0.459421 1.02015 0.713157 -0.617305 0 0
0 0 653 0.825434 1.53256 0.442048 -0.338915 0 0
0 0 654 -2.09615 2.13334 -2.08192 -0.833964 0 0
0 0 655 0.519471 -1.0435 1.29261 1.76376 0 0
0 0 656 -0.295489 1.21301 0.173678 0.79516 0 0
0 0 657 -0.749403 -0.833592 -1.35871 -0.374572 0 0
0 0 658 -0.249209 -0.752972 -0.850267 0.16848 0 0
0 0 659 0.899773 -0.24888 0.21682 -0.0879259 0 0
0 0 660 -0.250639 -0.24118 1.76688 -0.902996 0 0
0 0 661 -1.08491 0.257142 -1.48648 0.176843 0 0
0 0 662 0.693649 1.1708 -1.61401 -1.25591 0 0
0 0 663 0.359641 1.64629 0.00542542 -0.13174 0 0
0 0 664 -0.685929 -0.769044 0.366365 0.18702 0 0
0 0 665 0.535205 -0.119519 -1.41327 -1.19405 0 0
0 0 666 1.81862 1.65887 -0.260313 0.783121 0 0
0 0 667 1.813 -0.743292 1.64874 -1.18227 0 0
0 0 668 1.5462 0.632887 -0.310571 -0.743558 0 0
0 0 669 -0.0965609 -0.425226 0.812783 0.296811 0 0
0 0 670 1.13948 0.197143 -0.2033 1.68044 0 0
0 0 671 -0.166233 1.78887 -0.327252 0.142834 0 0
0 0 672 1.52792 0.799765 0.60481 -1.23352 0 0
0 0 673 -0.546437 -0.742135 -0.333775 0.0541055 0 0
0 0 674 -1.44254 -1.74929 -0.359504 -0.88135 0 0
0 0 675 1.72204 0.0332124 0.0448863 -1.29241 0 0
0 0 676 -0.843988 -1.15099 -1.2071 0.756993 0 0
0 0 677 0.559547 1.04267 -0.82781 -0.693256 0 0
0 0 678 0.0927351 0.622735 -0.491501 1.25067 0 0
0 0 679 -0.884256 0.818694 1.29095 -1.32896 0 0
0 0 680 -0.67305 -1.38001 -0.925792 -0.600329 0 0
0 0 681 1.85601 -0.686775 -0.275875 -1.87117 0 0
0 0 682 1.27672 1.25833 0.125444 -0.699284 0 0
0 0 683 -1.02633 -0.0466438 -2.18348 -0.547082 0 0
0 0 684 -0.442433 -1.52446 1.30396 0.46002 0 0
0 0 685 -0.535255 0.124993 -0.987549 -0.774509 0 0
0 0 686 -1.12828 -0.67852 -0.482073 -0.0580401 0 0
0 0 687 -0.0361864 1.08304 -0.174005 1.46392 0 0
0 0 688 -0.691653 0.559868 2.07627 -0.427336 0 0
0 0 689 -0.231476 -0.429795 -0.488197 -1.64288 0 0
0 0 690 -0.163165 -0.70846 0.895595 -1.62936 0 0
0 0 691 -1.50262 0.394064 -1.2036 2.61617 0 0
0 0 692 1.68518 -1.37775 0.344308 -1.40444 0 0
0 0 693 -1.80523 0.795183 1.59925 -0.445158 0 0
0 0 694 -0.0232208 -0.324318 0.156481 -0.173655 0 0
0 0 695 -0.449795 0.630155 -1.27626 0.329566 0 0
0 0 696 1.21845 0.14337 0.974096 -0.830058 0 0
0 0 697 1.18638 -0.148239 -0.92373 1.22514 0 0
0 0 698 1.53539 1.06324 0.0115646 0.471166 0 0
0 0 699 1.94155 -1.78901 -0.159599 -0.985759 0 0
0 0 700 0.506794 -1.08337 -0.95316 -0.10968 0 0
0 0 701 0.80189 -0.307466 -0.487784 -1.36423 0 0
0 0 702 2.73228 1.9711 -0.36898 1.18962 0 0
0 0 703 -0.0331387 0.747962 -1.50644 0.973173 0 0
0 0 704 0.713822 0.968144 -0.502911 -0.942987 0 0
0 0 705 1.36188 -0.263456 -0.297434 0.407886 0 0
0 0 706 0.973451 -0.460519 -0.846658 -0.604201 0 0
0 0 707 0.22635 -0.261359 -0.969138 0.827069 0 0
0 0 708 -0.881242 -1.21109 -2.12929 -0.847048 0 0
0 0 709 -1.08242 -0.624695 -1.40084 -0.191581 0 0
0 0 710 -0.285202 -1.15843 -0.286931 0.398847 0 0
0 0 711 2.37274 -0.828585 -0.99609 -0.477908 0 0
0 0 712 0.385358 -0.419946 0.996695 -0.415665 0 0
0 0 713 -1.20687 0.691681 -0.0961893 0.494296 0 0
0 0 714 -0.146761 -0.0367544 0.168054 0.401428 0 0
0 0 715 0.716274 -0.570018 0.687639 0.268495 0 0
0 0 716 0.498487 -2.06258 -1.39914 -0.407461 0 0
0 0 717 0.206895 -0.425359 -0.0131882 0.0448838 0 0
0 0 718 0.70404 -1.71483 0.435246 0.302664 0 0
0 0 719 -0.461513 -1.07342 -0.20463 0.192638 0 0
0 0 720 1.51347 -0.0806832 1.12686 0.735514 0 0
0 0 721 1.01989 -0.739228 -0.00408422 -0.655936 0 0
0 0 722 0.142962 0.218106 0.748185 0.625819 0 0
0 0 723 1.10871 -1.1022 -0.0226477 1.35483 0 0
0 0 724 0.803273 -1.5201 -0.3729 0.619335 0 0
0 0 725 0.819594 0.695903 -0.475712 -0.507536 0 0
0 0 726 1.30947 -0.120082 -1.25901 1.26368 0 0
0 0 727 -1.81201 -0.534421 -0.916591 -0.972814 0 0
0 0 728 1.60961 -1.53168 -0.0865791 0.704581 0 0
0 0 729 1.07454 0.0226643 0.457522 -0.817899 0 0
0 0 730 0.374592 0.222704 0.139427 -0.396422 0 0
0 0 731 0.543104 1.52205 1.19154 0.412071 0 0
0 0 732 0.58623 0.440429 0.611841 -0.325962 0 0
0 0 733 1.34421 0.0290972 1.88731 -0.159951 0 0
0 0 734 0.542782 0.273587 -0.59121 -0.947959 0 0
0 0 735 -0.00420709 -0.105872 -0.315825 1.47028 0 0
0 0 736 -0.313 -0.60125 1.9847 0.207725 0 0
0 0 737 2.02552 1.69259 -0.402026 -2.84236 0 0
0 0 738 0.0147404 0.6134 0.965117 -0.944277 0 0
0 0 739 1.76165 0.0112898 0.495917 1.1631 0 0
0 0 740 1.6147 -0.528284 -1.52311 -1.54068 0 0
0 0 741 0.111019 -0.325226 0.0579267 0.998915 0 0
0 0 742 0.150875 0.316248 -1.36953 -1.07475 0 0
0 0 743 0.674204 1.46352 -0.442767 0.678353 0 0
0 0 744 0.781524 0.0532608 -0.867055 1.01159 0 0
0 0 745 -0.027954 -0.249754 -1.19921 0.903035 0 0
0 0 746 0.111835 -0.23228 1.45204 0.184466 0 0
0 0 747 1.4991 1.96794 0.464749 1.12252 0 0
0 0 748 -0.953522 0.203716 -0.578888 0.380473 0 0
0 0 749 0.443376 1.01148 1.5901 1.80213 0 0
0 0 750 0.662061 -0.377867 0.193711 0.824405 0 0
0 0 751 0.835707 -1.19788 -0.513542 0.111773 0 0
0 0 752 1.67991 -0.534407 -0.546039 -0.160724 0 0
0 0 753 -0.266645 -1.75585 -1.64583 2.64898 0 0
0 0 754 1.00177 -0.422646 0.0497371 1.58777 0 0
0 0 755 2.32024 -0.384872 1.66054 0.11277 0 0
0 0 756 -0.535713 -0.33945 0.756529 -0.587817 0 0
0 0 757 -0.29888 0.484985 -0.0771681 0.441816 0 0
0 0 758 0.487758 0.479375 -1.20738 1.702 0 0
0 0 759 1.46766 -1.80521 0.836653 1.24142 0 0
0 0 760 -1.13424 -0.962913 -1.06734 1.12042 0 0
0 0 761 0.582194 -2.39878 0.323981 1.04969 0 0
0 0 762 1.53013 1.43254 -2.58085 0.178345 0 0
0 0 763 -0.533812 1.17042 -0.513116 -0.900821 0 0
0 0 764 0.681762 0.834148 -0.694971 0.465315 0 0
0 0 765 2.49492 -0.965103 0.327543 -1.9845 0 0
0 0 766 1.78512 -2.10076 0.126396 0.66998 0 0
0 0 767 0.249127 0.245748 0.294302 1.20798 0 0
0 0 768 0.989561 -0.825214 -0.339833 2.44873 0 0
0 0 769 0.837538 -0.177186 0.31829 0.513754 0 0
0 0 770 -1.60763 0.0627478 -0.219063 -0.614272 0 0
0 0 771 -1.40712 -1.22225 0.017351 0.288897 0 0
0 0 772 1.47161 -1.55888 0.135756 2.79519 0 0
0 0 773 1.21607 -1.42164 0.84984 0.221165 0 0
0 0 774 0.384015 -0.486301 -0.66088 1.45788 0 0
0 0 775 0.347521 -1.14899 -0.510166 1.49361 0 0
0 0 776 -0.0246658 0.218616 -0.173659 0.0211822 0 0
0 0 777 0.726281 1.38115 -0.328076 -1.14177 0 0
0 0 778 0.720613 -0.456672 0.0959056 -0.486035 0 0
0 0 779 0.873085 0.181664 -0.424084 0.161895 0 0
0 0 780 1.80598 -1.85222 -0.99374 0.638636 0 0
0 0 781 -0.246531 -0.707757 -1.78612 -0.441728 0 0
0 0 782 -1.2035 1.79515 -1.34103 0.173311 0 0
0 0 783 0.0293849 -1.33598 -0.591023 2.3374 0 0
0 0 784 1.74561 -0.528145 -0.281276 0.520477 0 0
0 0 785 -0.389764 -0.380855 -0.572142 -1.8157 0 0
0 0 786 -0.283389 -0.694933 -1.01026 0.571982 0 0
0 0 787 0.642625 -0.0559878 -0.768314 -1.46582 0 0
0 0 788 0.538322 -0.0937961 0.361564 1.56318 0 0
0 0 789 1.22913 -0.0583702 -1.29693 1.73657 0 0
0 0 790 -1.09961 -1.1857 -1.25774 1.62328 0 0
0 0 791 -0.293269 -0.828464 -0.383314 -0.264959 0 0
0 0 792 0.419472 0.158905 0.712633 -0.055092 0 0
0 0 793 0.831367 -0.430329 0.0841514 -0.154432 0 0
0 0 794 -0.663239 0.390114 0.00230535 2.31057 0 0
0 0 795 -1.83561 0.0608023 -1.56474 0.944653 0 0
0 0 796 -0.159671 -0.0619156 0.166824 -0.311006 0 0
0 0 797 -0.168197 -1.67799 0.0104305 1.10394 0 0
0 0 798 0.658404 -0.0736803 -1.15789 -0.199743 0 0
0 0 799 -0.447842 -1.01396 0.639074 1.33484 0 0
0 0 800 0.753677 0.0703716 -0.270508 -0.828 0 0
0 0 801 -0.303358 0.125746 -1.81145 -0.821612 0 0
0 0 802 -0.514812 0.027426 -0.128487 -1.59568 0 0
0 0 803 0.466292 0.647211 -1.28851 -0.0278339 0 0
0 0 804 0.0077818 -0.770258 -0.1604 -1.43643 0 0
0 0 805 0.715746 -0.97337 -0.0807474 -0.604318 0 0
0 0 806 -0.552598 -2.47479 -0.720643 -0.818671 0 0
0 0 807 1.20628 -0.736849 0.733211 0.890132 0 0
0 0 808 1.0671 -0.188208 0.214949 1.05292 0 0
0 0 809 -0.549619 -1.67452 -2.18448 0.352601 0 0
0 0 810 1.69548 -1.38487 -0.185282 -0.781805 0 0
0 0 811 -0.892845 0.190286 -0.171299 1.03515 0 0
0 0 812 -0.61179 0.28241 -2.74987 -0.18982 0 0
0 0 813 1.84622 -1.14954 0.101775 1.39256 0 0
0 0 814 0.789591 -1.25543 -0.178795 0.625563 0 0
0 0 815 0.572577 -0.659836 -0.521639 1.27062 0 0
0 0 816 -0.674912 0.275549 -1.26943 -0.329212 0 0
0 0 817 1.51018 1.26491 -1.63058 -0.490878 0 0
0 0 818 -0.0916626 -0.548235 -0.420125 0.445226 0 0
0 0 819 1.57797 -0.339871 1.35849 0.207981 0 0
0 0 820 3.69826 -0.253739 -3.24258 -0.484166 0 0
0 0 821 1.8607 0.0559039 0.72289 -1.1357 0 0
0 0 822 1.62329 0.98347 -0.550869 0.595632 0 0
0 0 823 3.05767 -0.168128 -0.688456 0.444028 0 0
0 0 824 2.8602 -0.964464 -1.01527 -0.0589341 0 0
0 0 825 2.11427 -0.464717 -1.97189 1.195 0 0
0 0 826 2.11834 1.01797 -2.09209 0.60324 0 0
0 0 827 2.1472 -1.90285 -0.537129 -0.882912 0 0
0 0 828 2.23606 -0.423182 -1.11734 -1.48417 0 0
0 0 829 2.34121 0.576111 -1.10253 -0.376525 0 0
0 0 830 1.05725 -0.0666347 -3.32832 0.731685 0 0
0 0 831 1.37184 -1.47308 -1.33506 -0.174766 0 0
0 0 832 1.22065 -0.174198 -2.20712 2.66931 0 0
0 0 833 3.30719 -2.92786 -0.291224 0.170381 0 0
0 0 834 2.8993 -2.56191 -3.27431 -0.0853042 -64.0203 7.22719
0 0 835 3.07896 -1.56238 -1.61344 0.462863 0 0
0 0 836 3.80061 -2.14094 -2.16496 0.339171 0 0
0 0 837 5.10206 -1.97039 -3.2986 -0.211989 -60.4258 7.91055
0 0 838 4.57555 -2.82639 -6.38877 -0.923705 -56.9323 4.39266
0 0 839 8.20098 -2.32805 -4.16107 -1.36516 -59.6132 6.38989
0 0 840 6.60055 -1.09212 -5.09976 -1.12197 -51.0437 5.95103
0 0 841 8.58706 -3.39487 -7.01491 -0.734896 -57.9123 3.92787
0 0 842 8.82471 -4.31915 -5.59058 0.612584 -63.8444 4.25563
0 0 843 8.48547 -2.7903 -4.1959 1.64159 -61.8121 6.00618
0 0 844 11.4239 -4.78798 -7.83221 0.915088 -60.7191 3.30811
0 0 845 9.95013 -2.48287 -8.4118 0.256504 -53.2224 3.52673
0 0 846 12.689 -5.97499 -7.13352 -1.33832 -64.9747 3.21851
0 0 847 12.9212 -4.12815 -9.56165 -1.61721 -56.6759 2.94838
0 0 848 15.724 -4.15681 -10.1547 -1.05843 -56.1309 2.80213
0 0 849 15.8099 -4.5068 -11.4224 0.66245 -55.7661 2.50601
0 0 850 18.6957 -5.0321 -10.643 -1.16275 -57.6526 2.60192
0 0 851 17.4646 -6.70185 -12.9147 -0.524296 -58.7131 2.09928
0 0 852 18.6403 -7.35789 -9.05101 0.707813 -64.5544 2.57125
0 0 853 16.04 -4.70945 -10.2814 0.823143 -57.3051 2.71107
0 0 854 16.3868 -4.68066 -10.664 -2.86847 -56.8488 2.63554
0 0 855 18.2591 -6.34271 -9.50624 -0.30819 -61.8559 2.64796
0 0 856 16.7543 -4.37009 -9.14107 0.527658 -57.7756 3.02228
0 0 857 17.5198 -8.1693 -9.73561 0.342335 -65.0003 2.35631
0 0 858 16.0673 -6.64989 -8.8059 -2.51351 -63.5294 2.72743
0 0 859 16.7986 -4.34572 -9.18239 -1.16134 -57.6633 3.01518
0 0 860 16.1621 -6.33452 -9.78781 -0.770136 -61.4552 2.59881
0 0 861 15.56 -5.81572 -9.44071 -1.50814 -60.8171 2.73791
0 0 862 14.0611 -6.14992 -7.98432 -0.505116 -63.8026 2.98354
0 0 863 16.3829 -3.83595 -6.11468 -0.28184 -61.0507 4.20279
0 0 864 14.2792 -3.56833 -6.56472 1.08004 -59.2634 4.0817
0 0 865 12.5801 -5.88668 -8.33767 -0.941559 -62.6117 2.95772
0 0 866 13.6637 -5.91664 -7.6133 -0.200661 -63.9262 3.11722
0 0 867 12.9004 -4.60015 -6.87411 0.664023 -61.8952 3.65807
0 0 868 15.1269 -3.59211 -9.00465 -1.12297 -55.874 3.17335
0 0 869 13.8473 -4.89681 -7.26086 2.14511 -61.9981 3.45374
0 0 870 12.8535 -5.54733 -9.14172 0.250838 -60.625 2.84073
0 0 871 13.0458 -5.22637 -8.18255 -0.767573 -61.2836 3.12231
0 0 872 15.0464 -4.46648 -6.40426 1.70567 -62.4464 3.86833
0 0 873 11.9764 -4.66971 -8.55787 0.37676 -59.3098 3.12789
0 0 874 13.0829 -5.23451 -8.60671 0.73054 -60.6537 3.01521
0 0 875 12.9512 -6.06369 -7.1552 -0.282994 -65.1398 3.19138
0 0 876 11.458 -5.21298 -8.1421 -1.42219 -61.3147 3.13534
0 0 877 14.0359 -6.90682 -7.32682 -1.28718 -66.6549 2.95692
0 0 878 13.4187 -3.48564 -7.44008 1.21785 -57.5514 3.72919
0 0 879 14.7435 -4.57594 -7.12026 -0.00894071 -61.3637 3.58082
0 0 880 13.8068 -5.54311 -8.70039 -0.517741 -61.2508 2.93892
0 0 881 13.6775 -4.71847 -7.24311 0.758952 -61.541 3.50408
0 0 882 14.6443 -4.60242 -7.49736 -1.23306 -60.7723 3.45138
0 0 883 16.296 -6.59153 -11.3426 1.60791 -60.0811 2.31925
0 0 884 17.995 -5.00852 -10.2371 1.54706 -58.0352 2.68508
0 0 885 19.5084 -6.49493 -8.53616 -0.183261 -63.6332 2.80492
0 0 886 20.0967 -6.13146 -10.1403 -1.37443 -60.5799 2.56378
0 0 887 20.8459 -8.28202 -11.7398 0.882893 -62.6008 2.10122
0 0 888 22.1882 -8.80736 -11.1324 -0.46591 -64.1746 2.1156
0 0 889 22.2899 -10.4164 -12.3476 0.245849 -65.0754 1.85328
0 0 890 25.394 -8.93935 -11.5607 -1.45451 -63.8565 2.05719
0 0 891 23.5339 -9.83714 -12.851 -0.270787 -63.7166 1.85848
0 0 892 25.3044 -10.1191 -13.4451 -0.120792 -63.483 1.7888
0 0 893 27.9224 -9.9442 -10.5399 -1.32351 -66.6671 2.05459
0 0 894 30.5214 -10.9709 -15.3396 -2.63717 -62.7861 1.59978
0 0 895 31.7786 -12.5917 -15.0967 0.736792 -64.9152 1.52377
0 0 896 33.6179 -12.9659 -17.5652 -1.87616 -63.2166 1.37996
0 0 897 35.3544 -15.5134 -16.1667 -0.414161 -66.9093 1.32762
0 0 898 38.1382 -15.3828 -16.9711 -0.130765 -66.0948 1.30243
0 0 899 39.6675 -16.6708 -17.4987 -0.0308393 -66.806 1.23125
0 0 900 41.4133 -17.9122 -21.2304 -1.53698 -65.0772 1.0778
0 0 901 41.912 -19.2381 -19.416 -1.34224 -67.3682 1.08654
0 0 902 43.9835 -18.2789 -18.7726 -1.44587 -67.1183 1.13445
0 0 903 43.0146 -17.7069 -17.2358 -2.94451 -67.8862 1.19962
0 0 904 43.6008 -17.9464 -16.9879 0.369228 -68.2858 1.19786
0 0 905 44.8905 -19.9703 -17.6275 -0.807732 -69.2828 1.1073
0 0 906 45.1721 -19.6491 -17.6599 -1.95567 -69.0259 1.11748
0 0 907 47.1346 -19.0564 -16.0357 -2.03926 -69.9599 1.18142
0 0 908 47.0103 -20.8641 -14.6474 -2.41344 -72.4648 1.14405
0 0 909 50.7558 -19.7939 -12.7157 -0.900185 -73.6416 1.23465
0 0 910 51.8638 -20.5647 -14.6479 -2.20632 -72.2691 1.1559
0 0 911 54.0846 -22.1474 -14.6005 -1.59484 -73.3027 1.09625
0 0 912 57.141 -22.8889 -13.5521 -1.29363 -74.6855 1.08819
0 0 913 59.0938 -22.7432 -12.3062 -0.590191 -75.7912 1.11537
0 0 914 63.3135 -22.7748 -10.378 -2.17587 -77.7511 1.1456
0 0 915 69.1286 -23.5492 -10.3796 -2.1417 -78.107 1.11298
0 0 916 72.0922 -24.1264 -7.2091 -0.069099 -81.6818 1.12738
0 0 917 78.9285 -22.2369 -9.52578 -1.96322 -78.4054 1.18302
0 0 918 87.5719 -22.6071 -6.28267 -1.57113 -82.2345 1.20847
0 0 919 95.3497 -21.1243 -9.14234 -1.99106 -78.2988 1.2437
0 0 920 104.816 -18.8403 -6.835 -0.87497 -80.03 1.42186
0 0 921 113.05 -12.6991 -3.44194 0.481302 -82.4175 2.15432
0 0 922 124.259 -7.48083 -1.58918 2.18711 -84.0034 3.69581
0 0 923 135.248 -3.03766 1.91737 -1.09921 73.8699 8.07992
0 0 924 148.788 3.02988 8.1417 0.603913 34.7938 3.54665
0 0 925 163.984 10.3238 13.2415 1.28702 26.029 1.78982
0 0 926 180.766 17.1322 21.5332 2.04516 25.7468 1.09107
0 0 927 202.119 24.7846 27.3919 2.75433 23.9304 0.807653
0 0 928 220.424 31.4569 34.4998 4.25522 23.8207 0.638783
0 0 929 240.606 38.3153 43.408 4.37746 24.2829 0.515929
0 0 930 260.149 48.8664 49.7391 6.66994 22.7535 0.426103
0 0 931 274.044 55.589 56.0016 5.77871 22.6059 0.376334
0 0 932 287.947 60.266 59.6738 6.82622 22.3586 0.349826
0 0 933 296.543 64.8716 61.634 7.17958 21.767 0.330865
0 0 934 301.313 68.0497 61.6868 6.16323 21.0961 0.321569
0 0 935 301.733 66.4546 59.8229 7.3757 20.9969 0.330202
0 0 936 295.772 65.7466 54.5924 5.79938 19.8522 0.34408
0 0 937 291.081 60.5532 52.7586 7.65882 20.5325 0.367012
0 0 938 277.772 55.2283 46.5443 5.6418 20.0614 0.40742
0 0 939 265.83 50.4428 42.6357 7.1003 20.1027 0.445595
0 0 940 256.944 45.9897 37.7821 4.64015 19.7022 0.493763
0 0 941 242.931 40.4987 30.3745 6.00261 18.4352 0.577922
0 0 942 228.021 33.7285 29.9725 3.14003 20.8128 0.653909
0 0 943 216.079 31.344 24.2297 4.39944 18.8525 0.73957
0 0 944 204.512 23.9594 22.7991 3.05337 21.7893 0.895247
0 0 945 194.044 19.2772 17.5437 1.55058 21.1523 1.13337
0 0 946 183.939 16.2426 15.3375 3.78803 21.6792 1.32487
0 0 947 175.706 12.1628 14.4902 2.50713 24.9953 1.58292
0 0 948 166.087 9.78858 12.8397 1.94027 26.3396 1.86327
0 0 949 157.919 6.55465 11.5159 1.92074 30.1761 2.29791
0 0 950 153.469 4.50573 7.43929 0.718576 29.3991 3.49284
0 0 951 145.398 3.89085 7.92011 1.05972 31.9184 3.46739
0 0 952 140.601 2.61131 6.53447 0.562287 34.1087 4.37172
0 0 953 136.447 1.92773 3.49674 -1.3704 30.5662 7.63428
0 0 954 131.243 -1.8001 4.61978 -1.18397 55.6442 6.20816
0 0 955 128.238 -2.82281 5.43649 -0.756073 58.7199 4.98627
0 0 956 124.989 -3.57845 3.91816 -0.861294 66.2027 5.61988
0 0 957 119.088 -6.04714 2.69733 -2.60662 77.9804 4.32732
0 0 958 116.233 -3.56944 2.89423 -3.29112 70.4818 6.39102
0 0 959 112.406 -4.71498 2.87714 -3.66919 74.304 5.2471
0 0 960 108.526 -5.26804 1.89197 -2.52156 80.1224 5.08982
0 0 961 107.108 -7.37442 3.26794 -3.44875 78.0499 3.5516
0 0 962 101.531 -5.91788 1.19045 -4.07378 84.313 4.68009
0 0 963 100.39 -8.72989 2.12686 -5.03064 83.1539 3.15023
0 0 964 95.1206 -5.35162 1.03021 -4.83684 84.5518 5.18195
0 0 965 93.6347 -8.83718 2.43488 -5.60743 82.2979 3.09298
0 0 966 90.6179 -8.69384 2.78545 -7.34901 81.1175 3.11346
0 0 967 85.9618 -6.04082 3.31794 -7.91962 75.611 4.18731
0 0 968 83.1806 -9.5071 2.77001 -6.78949 81.8779 2.86558
0 0 969 80.9469 -8.18369 3.58233 -7.76192 78.1795 3.2056
0 0 970 76.252 -8.15621 1.85612 -6.81343 83.5897 3.38133
0 0 971 74.3144 -7.81944 2.68874 -8.93064 80.5121 3.44225
0 0 972 71.1927 -8.75617 3.48302 -6.73722 79.1542 3.03081
0 0 973 66.6362 -9.94072 4.62263 -6.98881 77.5303 2.61702
0 0 974 63.7653 -7.12944 2.19608 -8.35894 81.4398 3.80735
0 0 975 60.3389 -9.53523 4.28127 -7.85797 77.9101 2.74188
0 0 976 58.2961 -7.78543 1.83776 -7.65552 83.3592 3.53717
0 0 977 56.844 -7.76734 3.03464 -7.05299 79.3299 3.42334
0 0 978 51.4568 -6.68395 2.80364 -5.64167 78.622 3.94608
0 0 979 48.4927 -6.93877 3.22968 -6.88846 77.5201 3.74872
0 0 980 48.3418 -6.44353 5.11935 -9.39711 70.7665 3.56509
0 0 981 43.8618 -6.88717 3.56901 -6.41778 76.3031 3.71232
0 0 982 42.9896 -8.39021 4.54726 -6.06382 75.7718 3.0225
0 0 983 40.6823 -6.63555 3.40204 -6.9319 76.4279 3.86027
0 0 984 38.4503 -5.58758 3.95911 -5.67803 72.3402 4.26066
0 0 985 36.2018 -7.41456 4.40754 -6.32888 74.6355 3.35632
0 0 986 35.1798 -7.84906 3.3732 -4.40979 78.372 3.35021
0 0 987 35.1991 -7.52818 5.00007 -5.54836 73.2043 3.21887
0 0 988 30.34 -6.49705 3.39516 -5.18946 76.2049 3.92941
0 0 989 31.1402 -7.20432 3.69877 -7.11752 76.4118 3.55466
0 0 990 28.82 -5.59149 2.92334 -4.42629 76.1993 4.56541
0 0 991 27.7864 -6.57426 3.5123 -3.63346 75.9433 3.86774
0 0 992 25.048 -3.90778 3.19552 -5.30869 70.363 5.82046
0 0 993 24.0218 -3.66141 2.20099 -3.6489 74.4943 6.77991
0 0 994 24.4575 -5.95965 3.76018 -3.29519 73.8753 4.11878
0 0 995 21.1807 -3.89007 2.63155 -3.71126 72.9612 6.1991
0 0 996 21.6892 -5.26386 4.31122 -3.04713 70.3409 4.3186
0 0 997 19.6688 -4.68002 2.64581 -3.12916 75.2594 5.37406
0 0 998 19.353 -5.1716 2.51322 -4.7251 77.0409 4.9969
0 0 999 16.6434 -3.84638 3.09288 -1.2409 70.5986 5.94794
0 0 1000 17.5506 -2.52947 2.94232 -1.68469 65.3426 7.70872
0 0 1001 17.0191 -5.96255 2.98412 -2.88542 76.7065 4.31352
0 0 1002 15.323 -3.59074 1.18773 -0.59814 80.8485 7.51988
0 0 1003 14.4936 -3.0958 3.73944 -1.88383 64.8103 6.17266
0 0 1004 14.5402 -5.26474 2.82503 -2.90478 75.8911 4.82586
0 0 1005 12.3028 -2.70373 3.07073 -1.83426 65.6817 7.30204
0 0 1006 12.2887 -0.720339 1.46157 -0.948421 0 0
0 0 1007 11.8661 -2.80215 1.5279 -2.44594 0 0
0 0 1008 12.3317 -3.22304 1.17844 -1.84687 79.958 8.30538
0 0 1009 10.7998 -3.23151 1.41846 -1.58736 78.1505 8.11513
0 0 1010 10.1035 -2.05448 0.153094 -0.553191 0 0
0 0 1011 10.5436 -2.356 2.03618 0.166922 0 0
0 0 1012 10.2553 -0.575642 -0.665793 -1.95352 0 0
0 0 1013 6.84922 -2.47079 2.07125 -1.6868 0 0
0 0 1014 7.06045 -1.93153 1.54849 0.701349 0 0
0 0 1015 7.99966 -0.146325 1.92898 -0.322048 0 0
0 0 1016 7.57739 -0.386087 1.06305 -0.989223 0 0
0 0 1017 6.60706 -1.14262 3.33062 -0.335573 54.4676 8.76362
0 0 1018 8.96524 -1.32189 0.386573 0.257826 0 0
0 0 1019 6.1157 -0.28551 -0.331293 -1.98968 0 0
0 0 1020 4.93462 0.947541 1.40767 1.02204 0 0
0 0 1021 5.48522 -0.655829 0.996491 -0.250831 0 0
0 0 1022 4.10302 -1.46303 0.0912892 0.376785 0 0
0 0 1023 5.76613 -0.307657 -0.466941 -1.17368 0 0
