# File: uwl_190324_164124_b4.rf.RMC_aux Src: J1713+0747 Nsub: 1 Nch: 1 Npol: 4 Nbin: 1024 RMS: 0.377595
0 0 0 -0.0441439 0.198997 0.44461 0.690109 0 0
0 0 1 -0.221072 0.0103833 -0.253098 -0.327306 0 0
0 0 2 0.0721783 0.43559 -0.327507 -0.122393 0 0
0 0 3 -0.266285 0.130401 0.0528124 -0.361037 0 0
0 0 4 -0.220023 0.0131639 -0.106692 -0.0144282 0 0
0 0 5 0.0552483 1.35425 0.32929 -0.350377 6.83324 7.2262
0 0 6 -0.105836 0.0398877 0.388561 0.626426 0 0
0 0 7 0.695383 0.36332 0.522025 -0.246365 0 0
0 0 8 0.477354 -0.712246 0.0761238 0.0132951 0 0
0 0 9 0.0667766 -1.28913 1.03523 0.195837 70.617 5.97766
0 0 10 -0.320709 0.231013 0.22146 -0.372786 0 0
0 0 11 0.400497 0.248423 0.582017 -0.578682 0 0
0 0 12 -0.103757 0.14456 0.0670209 0.375437 0 0
0 0 13 0.105318 -0.0782501 0.124334 0.112427 0 0
0 0 14 0.0488026 0.120345 0.465563 -0.516746 0 0
0 0 15 0.508438 0.0783824 0.513597 -0.747979 0 0
0 0 16 0.113488 -0.348868 0.190221 0.348715 0 0
0 0 17 -0.167757 -0.423246 0.0282271 -0.178942 0 0
0 0 18 0.291587 -0.0591545 0.140537 0.0738656 0 0
0 0 19 0.363876 0.422642 0.27761 -0.158377 0 0
0 0 20 0.10279 -0.519421 0.306236 -0.575798 0 0
0 0 21 -0.0509776 0.100454 0.0318445 0.0653766 0 0
0 0 22 -0.0487849 -0.222909 -0.488287 0.314103 0 0
0 0 23 0.144056 0.242958 0.190926 0.619936 0 0
0 0 24 0.594498 -0.200897 -0.400184 0.0637097 0 0
0 0 25 -0.541605 -0.0188911 -0.334754 -0.0623534 0 0
0 0 26 -0.0185873 0.382821 0.387951 -0.74123 0 0
0 0 27 0.238794 -0.333592 0.685146 -0.0278931 0 0
0 0 28 -0.259658 0.170442 1.05044 0.128899 0 0
0 0 29 -0.269449 -0.354322 -0.552037 -0.32642 0 0
0 0 30 0.257029 0.0446651 -0.298178 0.806685 0 0
0 0 31 -0.173669 0.355723 0.400832 -0.285205 0 0
0 0 32 0.0354952 -0.00580649 0.424472 -0.127211 0 0
0 0 33 0.137576 0.124947 -0.239918 0.0844336 0 0
0 0 34 0.457815 0.412872 0.232796 -0.00619674 0 0
0 0 35 1.12102 0.0961608 -0.205938 -0.307946 0 0
0 0 36 0.722864 -0.665285 0.131037 -0.00914318 0 0
0 0 37 -0.252434 0.397424 -0.271656 0.106825 0 0
0 0 38 0.0599549 0.211345 -0.0562976 0.593207 0 0
0 0 39 0.70592 -0.347957 -0.0181729 -0.544204 0 0
0 0 40 0.534248 0.546877 -0.327575 0.0443531 0 0
0 0 41 0.284133 -0.29866 0.430934 0.0772492 0 0
0 0 42 0.0142992 -0.681566 -0.0501508 -0.618752 0 0
0 0 43 0.451577 -0.0568633 -0.105909 0.181185 0 0
0 0 44 0.0543028 0.671044 -0.49148 -0.152361 0 0
0 0 45 -0.171319 -0.1336 0.0692226 -0.138732 0 0
0 0 46 -0.661457 0.00789234 0.330886 0.241584 0 0
0 0 47 -0.566774 0.468615 -0.509852 0.00355231 0 0
0 0 48 0.153026 -0.339196 0.313644 0.404044 0 0
0 0 49 0.590545 0.480228 0.0402237 -0.156849 0 0
0 0 50 0.217021 0.0333892 0.274652 -0.205276 0 0
0 0 51 -0.0383407 0.302316 -0.110796 -0.0303581 0 0
0 0 52 0.725494 0.647205 -0.400338 -0.308714 0 0
0 0 53 0.0303159 0.0751485 0.247928 0.285291 0 0
0 0 54 0.493718 -0.229488 0.124678 -0.180497 0 0
0 0 55 -0.0327783 0.226545 -0.184723 0.226308 0 0
0 0 56 0.375566 -0.261081 -0.436448 0.233659 0 0
0 0 57 -0.538158 -0.112078 -0.466204 -0.23925 0 0
0 0 58 0.0637378 0.20355 -0.467922 0.170749 0 0
0 0 59 0.0303291 0.0569923 -0.0907365 0.148119 0 0
0 0 60 -0.209995 0.215373 0.346802 0.691496 0 0
0 0 61 0.362232 -0.500496 0.0404757 0.605665 0 0
0 0 62 0.355446 0.264966 -0.171746 -0.101547 0 0
0 0 63 0.175999 0.115885 -0.353718 -0.150778 0 0
0 0 64 -0.451747 0.226462 0.98285 -0.125757 0 0
0 0 65 -0.742395 0.429811 -0.0831147 0.158379 0 0
0 0 66 -0.30469 0.183468 -0.265456 -0.437686 0 0
0 0 67 0.273287 0.263632 -0.165763 -0.0792347 0 0
0 0 68 -0.060756 -0.381992 0.459188 0.0198565 0 0
0 0 69 -0.749016 0.171291 -0.171199 -0.108374 0 0
0 0 70 -0.332621 0.0787464 -0.062247 0.319225 0 0
0 0 71 0.663728 0.17763 0.0581768 -0.18904 0 0
0 0 72 0.373205 -0.441626 0.0362638 -0.00199575 0 0
0 0 73 -0.479841 0.184976 -0.200648 0.578214 0 0
0 0 74 -0.0107888 0.0865139 0.574714 -0.274387 0 0
0 0 75 -0.289048 -0.293886 -0.173271 -0.00932001 0 0
0 0 76 -0.197547 -0.048921 0.582707 -0.243007 0 0
0 0 77 0.0484566 -0.185386 0.161588 -0.169171 0 0
0 0 78 -0.210601 0.0205212 0.105243 0.468504 0 0
0 0 79 0.740542 0.689947 0.26438 0.0830641 0 0
0 0 80 0.70351 0.613891 0.407762 -0.210147 0 0
0 0 81 -0.637874 0.170093 0.0986919 -0.142347 0 0
0 0 82 0.310216 -0.280864 0.364023 -0.488355 0 0
0 0 83 -0.0864469 -0.476807 -0.538418 -0.155316 0 0
0 0 84 0.216679 0.119425 0.0811213 0.120648 0 0
0 0 85 0.0725001 0.132804 0.237086 -0.657466 0 0
0 0 86 0.403554 0.122504 0.147763 -0.569879 0 0
0 0 87 -0.068172 -0.144034 -0.517857 0.284103 0 0
0 0 88 -0.167597 0.472348 0.167909 0.764514 0 0
0 0 89 0.0707382 -0.255663 -0.168134 -0.202496 0 0
0 0 90 0.219487 -0.254914 -0.0177583 -0.425786 0 0
0 0 91 0.938727 0.31367 0.193938 -0.261564 0 0
0 0 92 0.735218 -0.184159 -0.118559 0.612121 0 0
0 0 93 -0.105117 0.0997511 -0.132296 -0.0887035 0 0
0 0 94 0.415104 0.00348024 0.0319305 0.704125 0 0
0 0 95 0.298348 -0.274485 0.126555 0.184578 0 0
0 0 96 -0.80295 0.182388 0.0958096 -0.0435798 0 0
0 0 97 -0.210306 -0.17291 -0.204217 0.0249214 0 0
0 0 98 -0.302726 -0.276621 -0.106026 -0.0497779 0 0
0 0 99 -0.00602473 -0.146265 -0.227363 0.0961552 0 0
0 0 100 -0.956783 -0.118238 -0.022636 -0.317266 0 0
0 0 101 0.109361 0.0494579 -0.395088 -0.17473 0 0
0 0 102 -0.517844 0.383024 -0.59724 0.0470935 0 0
0 0 103 -0.229806 -0.21512 0.172611 0.00175384 0 0
0 0 104 -0.0400185 0.427339 -0.167872 0.21213 0 0
0 0 105 0.628648 -0.518508 -0.147612 -0.311849 0 0
0 0 106 -0.0621745 0.104467 -0.283543 0.146618 0 0
0 0 107 -0.21532 -0.197427 0.486323 -0.127992 0 0
0 0 108 -0.065755 0.0256789 -0.170474 -0.0575945 0 0
0 0 109 -0.0536861 -0.0618808 0.0435611 0.36281 0 0
0 0 110 0.215699 -0.124245 0.106519 0.275853 0 0
0 0 111 0.194337 -0.422151 0.231237 -0.457042 0 0
0 0 112 0.00731438 -0.164982 0.395675 -0.181434 0 0
0 0 113 0.264631 0.0108843 -0.117437 -0.124514 0 0
0 0 114 -0.184844 0.103664 -0.276834 0.170678 0 0
0 0 115 -0.0552441 -0.0258107 -0.00914113 0.0720313 0 0
0 0 116 -0.126022 -0.372535 0.345931 -0.137235 0 0
0 0 117 0.482783 0.381505 -0.0448546 -0.0907261 0 0
0 0 118 -0.363144 0.413467 -0.020459 0.304147 0 0
0 0 119 -0.139684 0.410467 -0.389668 0.0351843 0 0
0 0 120 0.340577 0.0437705 -0.12525 -0.248144 0 0
0 0 121 -0.559213 0.384809 -0.0709106 -0.584143 0 0
0 0 122 0.387033 0.225562 0.180573 -0.115725 0 0
0 0 123 0.0169021 -0.533862 -0.327835 -0.289497 0 0
0 0 124 0.167584 0.542319 0.542328 -0.301918 0 0
0 0 125 0.224482 0.551896 -0.403997 -0.0172484 0 0
0 0 126 -0.0453396 0.0511177 0.552438 -0.785876 0 0
0 0 127 -0.00514404 0.146725 -0.0291981 -0.403064 0 0
0 0 128 -0.135242 -0.403417 0.614839 0.276643 0 0
0 0 129 -0.0307944 0.331937 0.0816393 0.180751 0 0
0 0 130 0.106838 0.137838 0.359665 -0.398178 0 0
0 0 131 0.295782 0.201433 -0.0117648 0.321968 0 0
0 0 132 -0.323443 -0.174107 0.0112316 0.404665 0 0
0 0 133 -0.441783 0.200477 0.68029 -0.258868 0 0
0 0 134 0.894161 -0.300024 0.0717537 -0.450997 0 0
0 0 135 -0.290977 -0.2696 0.675938 -0.135426 0 0
0 0 136 0.254046 -0.259227 -0.42548 0.0587958 0 0
0 0 137 -0.326982 0.19929 0.00553517 0.492337 0 0
0 0 138 0.00668723 0.0652095 0.0765882 0.26725 0 0
0 0 139 0.266814 -0.236163 -0.476197 0.237008 0 0
0 0 140 0.338677 -0.322035 0.490163 0.272865 0 0
0 0 141 -0.0618255 -0.472786 -0.431348 -0.075659 0 0
0 0 142 -0.136838 -0.471955 0.170299 0.0757391 0 0
0 0 143 0.328203 0.208442 0.509655 0.705443 0 0
0 0 144 0.179482 -0.131037 -0.00485065 0.0631854 0 0
0 0 145 -0.029007 -0.180363 -0.259821 -0.25663 0 0
0 0 146 0.0270956 -0.176689 -0.365312 0.594064 0 0
0 0 147 -0.983309 0.0193304 0.331349 -0.294193 0 0
0 0 148 -0.457503 0.121971 -0.712008 -0.109509 0 0
0 0 149 -0.0533717 -0.301003 -0.220559 0.426399 0 0
0 0 150 -0.380536 -0.400649 0.480387 0.206656 0 0
0 0 151 -0.623458 -0.395123 -0.115585 0.550796 0 0
0 0 152 0.31865 -0.308456 -0.335026 0.274261 0 0
0 0 153 0.0971693 -0.66441 -1.24397 0.00511521 -59.0534 6.85163
0 0 154 0.0685968 -0.438493 0.246608 0.171585 0 0
0 0 155 0.0110596 0.0640674 0.248253 0.217505 0 0
0 0 156 0.113098 -0.0333344 0.049602 -0.59373 0 0
0 0 157 0.302116 -0.0481215 -0.651776 0.101483 0 0
0 0 158 -0.183412 1.05706 0.56676 0.145302 14.0993 8.31903
0 0 159 -0.245272 -0.40775 -0.431368 0.168685 0 0
0 0 160 -0.0218302 -0.042344 -0.0533557 0.00748795 0 0
0 0 161 0.201141 -0.179487 -0.221313 -0.338546 0 0
0 0 162 -0.0117528 -0.125096 -0.0739865 0.428852 0 0
0 0 163 -0.119283 -0.409269 -0.316252 0.399429 0 0
0 0 164 -0.322622 0.286762 0.0843893 0.0385001 0 0
0 0 165 -1.22785 0.227155 0.685955 -0.762575 0 0
0 0 166 -0.215764 -0.0708086 -0.22011 -0.208754 0 0
0 0 167 -0.147884 -0.354746 -0.28067 -0.250651 0 0
0 0 168 -0.457884 0.172677 0.626388 -0.199186 0 0
0 0 169 0.463255 -0.503404 0.590044 -0.100492 0 0
0 0 170 0.0887464 0.183183 0.58594 0.509189 0 0
0 0 171 0.5663 -0.511081 -0.031443 0.281161 0 0
0 0 172 -0.601653 0.328059 -0.299773 -0.880031 0 0
0 0 173 0.454357 0.180917 -0.327376 0.37428 0 0
0 0 174 -0.204337 -0.00309398 0.526845 0.492243 0 0
0 0 175 0.242376 0.318383 -0.0674841 -0.342259 0 0
0 0 176 0.0790514 -0.281954 0.63262 0.432141 0 0
0 0 177 0.111683 0.143203 -0.0324866 0.239318 0 0
0 0 178 -0.260872 -0.116399 0.319786 -0.422408 0 0
0 0 179 -0.346472 -0.348379 0.0731025 0.532784 0 0
0 0 180 0.0578292 0.425717 0.414296 -0.234781 0 0
0 0 181 0.228268 -0.166358 0.0833582 0.960208 0 0
0 0 182 -0.263544 -0.289547 -0.565237 -0.444376 0 0
0 0 183 -0.412898 -0.757638 0.18381 0.359562 0 0
0 0 184 0.343898 0.735977 -0.273569 0.302907 0 0
0 0 185 0.169427 -0.0120417 0.267962 -0.073403 0 0
0 0 186 0.113783 0.336744 -0.279466 -0.670916 0 0
0 0 187 0.540636 -0.155786 -0.403277 0.0208099 0 0
0 0 188 0.603449 1.11985 -0.115429 0.167437 0 0
0 0 189 -0.196822 -0.236274 -0.670688 -0.528951 0 0
0 0 190 0.197136 -0.135458 -0.466962 -0.163371 0 0
0 0 191 0.0226284 -0.112895 -0.0596704 -0.0617173 0 0
0 0 192 -0.438452 0.21577 -0.258469 -0.292012 0 0
0 0 193 -0.188934 0.169563 -0.0827404 -0.126842 0 0
0 0 194 -0.433545 0.00199774 0.469736 0.143085 0 0
0 0 195 0.22727 0.0268403 0.369192 -0.405648 0 0
0 0 196 0.241539 0.0100542 0.218739 -0.0255101 0 0
0 0 197 0.235152 -0.476276 -0.15738 0.158204 0 0
0 0 198 0.22739 0.571088 0.668335 -0.272268 0 0
0 0 199 0.0759486 0.462839 -0.118378 -0.891876 0 0
0 0 200 -0.411237 0.237564 0.00214796 -0.65444 0 0
0 0 201 0.416231 0.19493 -0.415076 -0.113399 0 0
0 0 202 -0.0470631 0.292277 0.150246 -0.306815 0 0
0 0 203 0.292279 -0.271477 0.360685 -0.398353 0 0
0 0 204 0.307038 -0.744641 0.315 0.00418572 0 0
0 0 205 0.121716 -0.479093 0.211358 0.0284937 0 0
0 0 206 0.712463 0.855289 0.184281 0.108699 0 0
0 0 207 0.416341 0.0591446 -0.521994 -0.0470492 0 0
0 0 208 -0.746204 -0.93104 0.428916 -0.118167 0 0
0 0 209 0.03223 0.0351367 -0.0492717 0.260956 0 0
0 0 210 0.19039 -0.15193 0.212698 0.0191052 0 0
0 0 211 -0.186112 -0.270881 -0.284667 -0.37915 0 0
0 0 212 0.394247 0.21733 0.291537 -0.0118301 0 0
0 0 213 0.142125 -0.503882 0.196963 -0.619613 0 0
0 0 214 0.389129 -0.0524826 -0.269025 -0.501502 0 0
0 0 215 0.10117 -0.0258481 -0.328086 0.790389 0 0
0 0 216 0.631879 0.34125 -0.489919 0.74986 0 0
0 0 217 -0.363531 0.599581 0.478499 0.343064 0 0
0 0 218 0.00551167 -0.270076 -0.523364 0.00338295 0 0
0 0 219 0.0583458 -0.395122 0.225474 0.0634461 0 0
0 0 220 0.922893 -0.15994 -0.318815 -0.403456 0 0
0 0 221 0.501987 0.238772 0.0995403 -0.370193 0 0
0 0 222 0.137968 -0.210644 0.557457 -0.460574 0 0
0 0 223 0.209416 0.669799 -0.431108 -0.328921 0 0
0 0 224 0.126602 -0.032996 -0.117168 0.397519 0 0
0 0 225 -0.523235 0.518628 0.606882 -0.60735 0 0
0 0 226 0.492323 0.0628011 -0.108051 -0.312402 0 0
0 0 227 -0.725453 -0.00489101 0.405416 0.794782 0 0
0 0 228 -0.300464 -0.308824 -0.292853 0.402489 0 0
0 0 229 -0.290437 0.654151 -0.071024 0.212739 0 0
0 0 230 0.537742 0.278058 0.716133 -0.0662971 0 0
0 0 231 0.534773 0.117443 -0.156103 -0.043233 0 0
0 0 232 0.252049 0.18691 0.924047 -0.402146 0 0
0 0 233 -0.344906 0.257852 0.344757 -0.311464 0 0
0 0 234 0.1537 -0.18238 -0.755496 0.0406303 0 0
0 0 235 0.249137 -0.337457 -0.673016 -0.0991346 0 0
0 0 236 -0.324992 -0.414124 -0.270279 0.698539 0 0
0 0 237 0.695147 0.421343 0.676603 -0.00172803 0 0
0 0 238 0.41617 -0.498249 0.0740889 0.155513 0 0
0 0 239 -0.351103 0.284483 0.0978838 0.614932 0 0
0 0 240 -0.272571 0.291337 0.0138681 0.179151 0 0
0 0 241 0.0593832 -0.349635 0.2959 0.00567937 0 0
0 0 242 -0.113961 0.263564 0.412323 -0.316639 0 0
0 0 243 0.438521 0.108791 -0.407353 -0.329612 0 0
0 0 244 0.382525 -0.184892 0.285308 0.242826 0 0
0 0 245 -0.570571 0.122506 0.0654987 -0.320958 0 0
0 0 246 -0.25243 -0.62186 0.126681 0.109842 0 0
0 0 247 -0.176113 0.0518027 0.157464 -0.115486 0 0
0 0 248 0.352398 0.370609 -0.800778 0.077808 0 0
0 0 249 0.274732 0.120015 0.248156 -0.342517 0 0
0 0 250 -0.395882 0.187942 -0.287294 0.313112 0 0
0 0 251 -0.289194 0.156261 0.0903514 -0.366674 0 0
0 0 252 -0.616439 -0.117553 0.906251 -0.05449 0 0
0 0 253 0.200053 -0.0265498 -0.382984 0.2627 0 0
0 0 254 0.550399 -0.207207 -0.257903 -0.188331 0 0
0 0 255 -0.107619 0.16865 0.171203 0.443615 0 0
0 0 256 -0.0507292 -0.462448 -0.0789321 -0.52879 0 0
0 0 257 0.184922 -0.428994 0.0247962 0.321667 0 0
0 0 258 -0.0504983 -0.51372 0.695389 -0.244578 0 0
0 0 259 0.322036 0.103706 -0.0122211 0.187356 0 0
0 0 260 0.223662 -0.152655 -0.322066 -0.307082 0 0
0 0 261 0.441907 0.476333 0.0889768 -0.174039 0 0
0 0 262 0.114669 0.0836638 -0.0887346 0.46181 0 0
0 0 263 -0.357739 -0.424749 -0.69334 -0.0488393 0 0
0 0 264 -0.101801 0.396259 0.0796353 -0.206393 0 0
0 0 265 0.598344 -0.28384 0.175461 -0.212002 0 0
0 0 266 -0.454646 -0.116492 0.442644 -0.622085 0 0
0 0 267 0.0181152 0.485621 -0.563571 0.252062 0 0
0 0 268 0.536171 -0.0253102 0.684874 -0.87094 0 0
0 0 269 -0.224963 0.101619 0.11486 -0.0813099 0 0
0 0 270 0.0894834 0.614788 0.668251 -0.360076 0 0
0 0 271 0.0397422 -0.0452019 -0.1326 -0.466648 0 0
0 0 272 0.241186 -0.0255625 0.297363 0.117976 0 0
0 0 273 0.245714 0.178468 0.968275 -0.422191 0 0
0 0 274 0.308145 -0.627805 -0.514548 -0.0340094 0 0
0 0 275 -0.0860599 0.96633 -0.522028 -0.320763 0 0
0 0 276 0.72461 0.404593 0.550429 0.15478 0 0
0 0 277 -0.00164032 -0.392104 -0.303275 0.704459 0 0
0 0 278 0.213406 0.131015 -0.369302 -0.561728 0 0
0 0 279 0.222851 -0.214147 -0.228384 0.315583 0 0
0 0 280 0.735857 0.38111 0.12728 -0.0973397 0 0
0 0 281 0.656831 -0.0606891 0.227114 -0.797422 0 0
0 0 282 -0.188941 0.172263 0.262224 -0.0948552 0 0
0 0 283 -0.0836482 0.263704 -0.22567 0.072704 0 0
0 0 284 0.222234 0.0916249 -0.296923 0.365062 0 0
0 0 285 -0.113222 0.747019 -0.165406 -0.0249618 0 0
0 0 286 0.193264 -0.0482277 0.111347 -0.630161 0 0
0 0 287 -0.15208 -0.13128 -0.259401 -1.05472 0 0
0 0 288 0.0785894 0.319042 0.131388 -0.387662 0 0
0 0 289 0.363125 0.0972024 -0.403368 0.0640569 0 0
0 0 290 0.204514 0.341476 0.573213 -0.458479 0 0
0 0 291 0.168118 -0.0807975 0.381531 -0.451466 0 0
0 0 292 0.182609 -0.214694 -0.104284 0.435552 0 0
0 0 293 0.452145 0.0165624 -0.0582847 -0.209689 0 0
0 0 294 -0.190743 -0.0586004 0.0610976 -0.425434 0 0
0 0 295 0.183875 0.727882 0.126736 -0.121831 0 0
0 0 296 -0.303237 0.108439 -0.0661193 0.0777707 0 0
0 0 297 -0.613236 0.575961 -0.348714 0.0465559 0 0
0 0 298 -0.0977145 0.18203 -0.454452 -0.235023 0 0
0 0 299 -0.210317 0.351597 -0.228194 0.251196 0 0
0 0 300 -0.335909 0.197162 -0.202443 0.162775 0 0
0 0 301 -0.315817 0.337543 0.0133802 0.424815 0 0
0 0 302 -0.225918 -0.0409363 0.623251 -0.173176 0 0
0 0 303 0.345418 0.127985 -0.375699 -0.769179 0 0
0 0 304 0.23854 0.525671 -0.384276 -0.677135 0 0
0 0 305 -0.163633 0.113542 -0.148082 0.192083 0 0
0 0 306 0.207306 -0.148781 -0.130724 0.357144 0 0
0 0 307 0.141939 0.182098 -0.051284 0.420891 0 0
0 0 308 0.736312 0.093812 0.172302 -0.0789257 0 0
0 0 309 0.297457 0.712175 -0.115295 -0.108803 0 0
0 0 310 -0.0678452 0.112353 -0.147267 -0.480427 0 0
0 0 311 -0.594665 -0.0765794 0.168627 -0.47997 0 0
0 0 312 -0.589109 -0.709786 0.142592 -0.571183 0 0
0 0 313 0.0964859 0.154175 0.165382 -1.00206 0 0
0 0 314 0.0782436 -0.0977965 0.198198 -0.484361 0 0
0 0 315 0.0145119 -0.0312205 0.0980562 0.23206 0 0
0 0 316 -0.712137 -0.252809 0.100137 0.481978 0 0
0 0 317 -0.148985 0.593895 -0.0999036 0.400591 0 0
0 0 318 -0.567064 -0.0497149 -0.337056 -0.446537 0 0
0 0 319 0.208819 0.146731 0.778576 0.150344 0 0
0 0 320 -0.145727 0.416304 0.406578 0.247423 0 0
0 0 321 0.226452 0.169297 0.291177 -0.655098 0 0
0 0 322 -0.0399485 -0.191861 0.150019 -0.103571 0 0
0 0 323 0.0266771 0.0276443 0.246437 0.391603 0 0
0 0 324 0.411859 0.439821 -0.287136 0.418615 0 0
0 0 325 1.26029 -0.155945 -0.403114 0.397418 0 0
0 0 326 -0.204822 0.793608 -0.164856 -0.102477 0 0
0 0 327 -0.724151 0.339513 -0.178459 -0.054159 0 0
0 0 328 -0.0700508 -0.125457 -0.0387614 0.327822 0 0
0 0 329 -0.0245665 0.176697 -0.104492 -0.153873 0 0
0 0 330 0.282175 0.657041 0.0114236 -0.0742267 0 0
0 0 331 0.380113 0.019874 0.709048 -0.27412 0 0
0 0 332 -0.190445 -0.111322 -0.951047 0.0310055 0 0
0 0 333 -0.179819 0.278669 -0.29286 -0.739319 0 0
0 0 334 0.338763 0.0996985 -0.0458183 0.0934443 0 0
0 0 335 -0.111651 0.0359822 -0.374881 -0.282145 0 0
0 0 336 0.0608845 0.445995 -0.209655 -0.0476431 0 0
0 0 337 0.0348507 0.53673 -0.419542 0.624118 0 0
0 0 338 -0.0261361 0.643787 0.655462 -0.280812 0 0
0 0 339 -0.115387 0.315072 0.552636 0.214186 0 0
0 0 340 0.126018 -0.129152 -0.344985 0.571087 0 0
0 0 341 -0.120609 -0.126519 -0.23771 -0.725698 0 0
0 0 342 0.119932 -0.339035 -0.0378879 -0.0453012 0 0
0 0 343 0.446454 0.374207 0.287376 -0.0204898 0 0
0 0 344 -0.419579 0.22797 0.371735 0.0700184 0 0
0 0 345 -0.446336 -0.302795 0.157771 -6.29979e-05 0 0
0 0 346 -0.00998217 -0.486241 -0.231179 -0.0173026 0 0
0 0 347 0.567645 -0.433303 -0.172142 0.441274 0 0
0 0 348 0.42198 -0.41032 0.201519 -0.272685 0 0
0 0 349 -0.874965 0.123771 0.286664 -0.143506 0 0
0 0 350 -0.0746214 -0.21491 0.188757 0.19526 0 0
0 0 351 0.582167 0.220708 0.42607 0.0547149 0 0
0 0 352 -0.102966 -0.446266 -0.145459 -0.108108 0 0
0 0 353 0.0469087 -0.213757 0.199513 -0.0701684 0 0
0 0 354 0.0510174 -0.0533761 0.204406 -0.0847532 0 0
0 0 355 -0.273187 0.190627 -0.182708 0.613707 0 0
0 0 356 -0.0161051 -0.33905 -0.811237 -0.351878 0 0
0 0 357 0.0492801 -0.0744836 -0.474708 0.303075 0 0
0 0 358 -0.244978 -0.611101 0.262328 -0.13438 0 0
0 0 359 -0.752355 -0.581316 0.655971 0.678656 0 0
0 0 360 -0.502454 -0.183732 0.70083 -0.589265 0 0
0 0 361 0.456853 -0.226147 0.732344 -0.353141 0 0
0 0 362 0.563145 -0.274 -0.0114436 -0.185904 0 0
0 0 363 -0.0491512 0.159885 -0.0210911 -0.21517 0 0
0 0 364 -0.269325 0.300352 0.137664 -0.263085 0 0
0 0 365 0.0896464 0.577436 0.106882 0.026404 0 0
0 0 366 0.312546 0.377219 0.210175 -0.707042 0 0
0 0 367 -0.231607 0.236295 0.0504167 0.0995883 0 0
0 0 368 -0.457899 0.225745 -0.409403 -0.375656 0 0
0 0 369 0.0499629 -0.114729 -0.466277 0.0481543 0 0
0 0 370 0.160018 -0.184039 0.748376 -0.0773074 0 0
0 0 371 -0.165896 0.59668 0.0868529 -0.0698421 0 0
0 0 372 -0.312752 -0.00167334 0.418981 0.226395 0 0
0 0 373 -0.0447045 0.543542 -0.0023174 -0.783308 0 0
0 0 374 -0.233028 -0.516251 0.166032 0.517835 0 0
0 0 375 -0.229612 0.35825 0.0126318 -0.134185 0 0
0 0 376 0.157706 0.451823 0.288632 -0.816577 0 0
0 0 377 -0.0487288 0.00995598 -0.0472317 0.327021 0 0
0 0 378 -0.145084 -0.13345 -0.521659 -0.168044 0 0
0 0 379 -0.873393 0.4931 0.590244 0.419642 0 0
0 0 380 0.270994 0.0228764 -0.0779587 -0.00172377 0 0
0 0 381 0.0302387 0.19165 0.486981 0.213771 0 0
0 0 382 -0.109674 0.719366 0.431831 0.236481 0 0
0 0 383 0.459749 0.463943 0.0712384 -0.394487 0 0
0 0 384 -0.487031 0.0361878 -0.0524381 -0.103326 0 0
0 0 385 -0.0476268 0.5039 0.279317 0.196327 0 0
0 0 386 0.246137 0.441998 0.535131 0.299861 0 0
0 0 387 0.728711 -0.714042 -0.141852 0.460573 0 0
0 0 388 0.420352 0.225548 0.473901 0.0497001 0 0
0 0 389 0.44308 -0.104047 0.434529 -0.18126 0 0
0 0 390 0.180889 -0.478127 -0.0342982 -0.530521 0 0
0 0 391 -0.100411 -0.0112679 -0.345959 0.48647 0 0
0 0 392 -0.409856 0.0428012 -0.541495 -0.0235853 0 0
0 0 393 0.340055 -0.245502 -0.216469 0.55907 0 0
0 0 394 0.239444 -0.248462 -0.755701 0.29223 0 0
0 0 395 0.185453 -0.687664 -0.105781 0.158948 0 0
0 0 396 0.0334288 0.56806 -0.124515 0.480318 0 0
0 0 397 -0.00430065 -0.170943 0.0419853 -0.112945 0 0
0 0 398 -0.0691616 -0.237232 0.0108522 0.0578297 0 0
0 0 399 0.0805507 0.807678 0.154088 0.519008 0 0
0 0 400 0.372295 0.00546555 0.051914 0.383122 0 0
0 0 401 -0.479926 0.656336 -0.616656 -0.294917 0 0
0 0 402 -0.327517 0.573887 0.650245 -0.622124 0 0
0 0 403 0.3537 0.339513 -1.04284 -0.815493 0 0
0 0 404 -0.840413 0.272059 0.0572471 0.548452 0 0
0 0 405 0.517812 0.00949767 0.109924 0.110153 0 0
0 0 406 -0.409345 -0.577362 -0.714537 0.22961 0 0
0 0 407 -0.285451 -0.122389 0.218741 -0.0169415 0 0
0 0 408 1.10405 -0.347697 -0.231249 -0.124526 0 0
0 0 409 -0.0530937 0.322952 0.220749 -0.161397 0 0
0 0 410 0.406384 0.138169 0.0714948 0.113896 0 0
0 0 411 0.0688734 0.627194 -0.519208 0.232498 0 0
0 0 412 -0.385475 0.643399 -0.086026 0.196811 0 0
0 0 413 0.140976 -0.756349 0.0552755 0.148763 0 0
0 0 414 -0.107948 -0.295674 -0.586064 0.314104 0 0
0 0 415 0.281011 -0.525352 0.0198976 -0.00361471 0 0
0 0 416 0.700431 -0.146144 0.416329 0.111258 0 0
0 0 417 0.211018 0.591061 -0.494544 -0.540305 0 0
0 0 418 -0.347548 -0.122386 -0.0673204 -0.563354 0 0
0 0 419 -0.353604 -0.292809 0.351306 -0.150717 0 0
0 0 420 0.239063 -0.0397572 -0.212269 -0.261081 0 0
0 0 421 -0.334446 -0.119812 0.0368227 -0.141834 0 0
0 0 422 -0.0222114 0.0564515 -0.223394 -0.318061 0 0
0 0 423 0.706591 0.0830181 0.275483 0.385778 0 0
0 0 424 -0.0279531 0.0480609 -0.524385 -0.240996 0 0
0 0 425 -0.0793597 0.645914 0.178791 0.0985398 0 0
0 0 426 0.0959732 -0.10444 0.538502 -0.35853 0 0
0 0 427 0.199714 0.339549 0.185701 -0.234917 0 0
0 0 428 -0.70579 0.486255 -0.0970358 0.554779 0 0
0 0 429 0.0251763 -0.155571 0.300342 0.157885 0 0
0 0 430 0.164889 0.793276 0.225391 0.174814 0 0
0 0 431 -0.0382742 0.479865 -0.251874 0.240082 0 0
0 0 432 -0.238592 -0.551755 -0.314218 -0.0823097 0 0
0 0 433 0.325986 0.183834 0.375749 -0.17822 0 0
0 0 434 0.118309 0.39798 0.169538 -0.0795698 0 0
0 0 435 -0.0581841 -0.422208 0.597829 0.13678 0 0
0 0 436 0.568419 0.0764685 -0.281516 0.180243 0 0
0 0 437 0.699158 0.278796 0.228 -0.085379 0 0
0 0 438 0.0764205 -0.424737 -0.240515 -0.0752364 0 0
0 0 439 0.00350595 -0.511 -0.109379 -0.095897 0 0
0 0 440 0.0564284 -0.288898 -0.0348933 0.495031 0 0
0 0 441 0.985279 0.0309895 0.114831 0.282793 0 0
0 0 442 0.00232274 0.108357 -0.36387 0.502059 0 0
0 0 443 0.156746 -0.287566 0.295636 0.515491 0 0
0 0 444 -0.402367 -0.162773 -0.203399 0.159517 0 0
0 0 445 0.440139 -0.570183 0.368889 -0.255769 0 0
0 0 446 0.141339 0.068973 -0.0845659 0.584097 0 0
0 0 447 -0.229403 0.294443 -0.217075 0.379338 0 0
0 0 448 0.281942 0.643032 0.249034 0.526925 0 0
0 0 449 0.312931 -0.0338767 -0.515305 0.386101 0 0
0 0 450 0.11521 -0.476329 0.138479 0.212908 0 0
0 0 451 0.213422 0.421903 -0.38464 -0.243842 0 0
0 0 452 0.0528303 0.0501328 -0.0518048 0.211531 0 0
0 0 453 -0.132078 0.474218 0.0448195 -0.0569549 0 0
0 0 454 0.561924 -0.169619 -0.43278 0.531444 0 0
0 0 455 0.152169 -0.229932 0.080795 0.755555 0 0
0 0 456 0.191691 0.211928 -0.109381 0.231256 0 0
0 0 457 0.496673 0.245419 -0.0411728 -0.0124398 0 0
0 0 458 -0.408611 0.459822 0.0940851 -0.367816 0 0
0 0 459 0.13002 0.287395 0.13224 -0.12418 0 0
0 0 460 0.164022 0.475606 -0.289913 0.00800206 0 0
0 0 461 0.424851 -0.089852 -0.152841 0.0901791 0 0
0 0 462 0.121966 -0.443201 0.576619 -0.183654 0 0
0 0 463 -8.45455e-05 0.102421 0.280301 0.118154 0 0
0 0 464 0.404136 -0.210115 0.218412 0.0755128 0 0
0 0 465 0.771461 -0.230168 -0.280471 -0.00370723 0 0
0 0 466 0.0140234 -0.340805 -0.178055 0.0175925 0 0
0 0 467 0.0297335 -0.290942 0.203646 0.668456 0 0
0 0 468 0.0758922 -0.141809 0.340808 0.262103 0 0
0 0 469 -0.222109 0.0545545 -0.127885 -0.480886 0 0
0 0 470 0.62464 0.235649 -0.112917 -0.155577 0 0
0 0 471 0.138324 -0.0425123 0.127168 -0.406888 0 0
0 0 472 0.291592 0.440969 0.393525 0.468626 0 0
0 0 473 -0.0211597 -0.615532 -0.22391 0.153592 0 0
0 0 474 0.203696 -0.293311 -0.486283 0.0146102 0 0
0 0 475 0.595781 0.429475 -0.0817476 0.32175 0 0
0 0 476 0.29649 -0.225151 -0.0972967 -0.433586 0 0
0 0 477 -0.353085 0.102674 -0.57401 0.275882 0 0
0 0 478 0.497087 -0.266353 0.321145 -0.58528 0 0
0 0 479 0.741924 -0.13414 0.0775018 -0.207414 0 0
0 0 480 -0.294721 -0.375821 -0.0237013 -0.094066 0 0
0 0 481 -0.109605 -0.0722929 -0.0725883 0.147107 0 0
0 0 482 0.258018 0.294858 0.620168 0.224489 0 0
0 0 483 -0.165688 0.305032 0.279327 0.400388 0 0
0 0 484 -0.398476 0.182017 -0.103339 -0.0460118 0 0
0 0 485 0.0513658 0.46483 0.109773 0.430565 0 0
0 0 486 0.62451 -0.0746614 -0.723717 0.438278 0 0
0 0 487 -0.166311 0.0523117 0.28368 -0.214872 0 0
0 0 488 -0.250932 0.121531 -0.531181 0.0727639 0 0
0 0 489 -0.254415 -0.161112 0.633539 -0.206137 0 0
0 0 490 0.36878 -0.0900802 -0.143438 0.509224 0 0
0 0 491 0.128738 0.775405 -0.387201 0.355078 0 0
0 0 492 0.219196 -0.346876 -0.811221 -0.314855 0 0
0 0 493 0.228786 0.637857 -0.000161485 0.314439 0 0
0 0 494 0.389835 0.677183 -0.0759809 0.0756024 0 0
0 0 495 -0.0909145 0.0930088 -0.224247 -0.0693675 0 0
0 0 496 -0.0679698 0.342274 -0.264864 0.00309819 0 0
0 0 497 0.419568 0.254054 0.302709 0.721989 0 0
0 0 498 0.283001 -0.386592 0.429237 0.357674 0 0
0 0 499 -0.257775 -0.234243 -0.563151 0.0291662 0 0
0 0 500 0.516853 -0.485817 -0.160874 0.385037 0 0
0 0 501 -0.107253 -0.379489 -0.381365 0.0721396 0 0
0 0 502 0.0437623 -0.625319 0.53121 0.0672743 0 0
0 0 503 -0.0493332 0.174698 -0.175595 0.392094 0 0
0 0 504 -0.73497 -0.218139 -0.466081 -0.245502 0 0
0 0 505 -0.337331 -0.137126 -0.0673337 0.177042 0 0
0 0 506 0.158883 0.167913 0.215735 -0.30444 0 0
0 0 507 0.342233 -0.148148 -0.742718 -0.540391 0 0
0 0 508 0.324131 0.683368 0.471485 0.465843 0 0
0 0 509 -0.00854284 -0.0479309 -0.0299909 0.24767 0 0
0 0 510 0.343446 -0.325298 -0.139577 0.33908 0 0
0 0 511 0.272643 0.154124 -0.499544 -0.262282 0 0
0 0 512 -0.167803 -0.284232 -0.646696 0.416756 0 0
0 0 513 -0.0915073 -0.00739063 0.0202984 0.449514 0 0
0 0 514 0.16435 0.250821 0.246693 -0.27146 0 0
0 0 515 -0.107447 -0.0542025 -0.259728 0.390146 0 0
0 0 516 -1.02112 -0.108401 -0.435251 -0.146003 0 0
0 0 517 0.104618 -0.223405 -0.417767 -0.586082 0 0
0 0 518 0.493281 0.451248 -0.242201 -0.766364 0 0
0 0 519 -0.153369 -0.702168 0.339059 -0.298881 0 0
0 0 520 -0.318654 -0.187645 -0.308834 -0.536629 0 0
0 0 521 -0.18122 0.18887 0.0127271 0.419693 0 0
0 0 522 0.206428 -0.143672 -0.0874264 0.562319 0 0
0 0 523 -0.433838 0.298577 -0.322141 -0.457512 0 0
0 0 524 -0.0333017 -0.522272 0.647628 0.195209 0 0
0 0 525 -0.436544 -0.0373205 0.209156 0.0677418 0 0
0 0 526 -0.275207 -0.0438984 0.53304 -0.442276 0 0
0 0 527 0.347523 -0.165508 -0.0619607 0.215803 0 0
0 0 528 0.0610234 0.336299 0.434276 -0.526584 0 0
0 0 529 0.58474 -0.135083 0.562696 0.165448 0 0
0 0 530 0.212665 0.0888752 -0.518672 -0.288011 0 0
0 0 531 0.0722541 -0.146624 -0.495608 0.204533 0 0
0 0 532 0.176148 -0.682812 -0.274172 -0.243756 0 0
0 0 533 -0.794846 -0.0264732 0.127688 0.49256 0 0
0 0 534 -0.0590731 -0.576933 -0.325369 0.233462 0 0
0 0 535 0.209947 0.40581 -0.0149092 0.435002 0 0
0 0 536 0.037969 0.149389 -0.192305 0.324945 0 0
0 0 537 -0.55499 -0.249855 0.700133 -0.398842 0 0
0 0 538 0.0141467 -0.124527 0.373103 -0.875346 0 0
0 0 539 0.032826 -0.243674 0.639983 -0.344556 0 0
0 0 540 -0.190856 0.0869909 -0.274333 -0.17677 0 0
0 0 541 0.444401 0.117033 -0.229235 -0.269349 0 0
0 0 542 -0.309857 0.290831 -0.441766 0.299513 0 0
0 0 543 -0.0254643 -0.57649 0.827025 -0.415505 0 0
0 0 544 0.128749 -0.619266 -0.0570806 -0.0458772 0 0
0 0 545 0.788052 -0.0398823 -0.124149 -0.213725 0 0
0 0 546 0.702821 0.0115145 -0.303113 -0.202186 0 0
0 0 547 -0.362577 0.257051 -0.150902 0.187976 0 0
0 0 548 -0.216998 0.357775 0.0372584 -0.38886 0 0
0 0 549 0.282629 0.269817 0.221884 0.425968 0 0
0 0 550 -0.0130356 0.117734 -0.530754 0.752078 0 0
0 0 551 -0.301805 0.0607504 0.0793268 -0.828223 0 0
0 0 552 0.24934 0.182988 0.43002 -0.347948 0 0
0 0 553 0.632215 0.249192 -0.74442 -0.574268 0 0
0 0 554 -0.0225047 0.0362866 -0.45042 -0.718396 0 0
0 0 555 0.348974 -0.179237 -0.289128 -0.125863 0 0
0 0 556 0.0572267 -0.11389 -0.0358366 0.33767 0 0
0 0 557 0.828154 -0.217275 -0.00455496 0.120711 0 0
0 0 558 0.183338 -0.407963 0.15872 0.106796 0 0
0 0 559 -0.149832 -0.253803 -0.233521 0.242162 0 0
0 0 560 0.297253 0.496647 0.283422 0.417834 0 0
0 0 561 1.22357 -0.599689 0.80176 -0.413623 0 0
0 0 562 -0.350753 0.520176 -0.124451 0.318224 0 0
0 0 563 0.507662 0.500825 0.369062 -0.126393 0 0
0 0 564 0.612472 -0.192294 0.196486 0.554178 0 0
0 0 565 0.0055201 0.194104 0.0551475 -0.590514 0 0
0 0 566 0.650976 1.04826 -0.0245528 -0.307473 0 0
0 0 567 0.115562 -0.250073 0.325661 -0.367612 0 0
0 0 568 0.2862 0.588876 -0.0278155 0.104794 0 0
0 0 569 -0.26123 0.419211 -0.107795 -0.0986407 0 0
0 0 570 0.0478901 0.67113 -0.904346 0.226242 0 0
0 0 571 -0.0241254 0.241855 -0.482796 0.34738 0 0
0 0 572 -0.334448 0.155294 -0.04217 0.190874 0 0
0 0 573 0.198892 -0.253659 0.141547 0.223287 0 0
0 0 574 -0.445319 -0.298755 -0.3237 -0.509793 0 0
0 0 575 0.57754 -0.180017 -0.34397 -0.413678 0 0
0 0 576 -0.291368 -0.244515 -0.251499 -0.318072 0 0
0 0 577 0.693872 -0.130447 -0.0900238 -0.23484 0 0
0 0 578 0.140929 0.2126 -0.294453 0.0160216 0 0
0 0 579 -0.0032098 0.275739 0.421964 -0.021475 0 0
0 0 580 -0.111436 -0.0247063 -0.592231 0.246091 0 0
0 0 581 0.557542 0.0188519 0.534338 -0.207747 0 0
0 0 582 0.898366 0.390498 -0.1424 0.153125 0 0
0 0 583 -0.581599 0.591608 0.0620934 -0.290488 0 0
0 0 584 0.364333 -0.314169 0.0763023 -0.466463 0 0
0 0 585 0.104318 -0.268016 0.580754 -0.0657148 0 0
0 0 586 0.381324 -0.600931 0.0302553 -0.0193332 0 0
0 0 587 -0.379214 -0.0239713 0.192756 -0.435613 0 0
0 0 588 0.121412 0.537784 0.735069 -0.320733 0 0
0 0 589 -0.343327 -0.0660609 -0.0837922 -0.093858 0 0
0 0 590 0.430134 -0.399375 -0.25054 -0.00717365 0 0
0 0 591 -0.0840556 0.0382544 -0.0335917 -0.0589495 0 0
0 0 592 0.284583 0.163846 -0.236533 -0.545432 0 0
0 0 593 -0.0165563 0.285679 0.139752 0.521642 0 0
0 0 594 0.0371031 0.350637 0.366812 -0.096555 0 0
0 0 595 0.0636827 0.107569 0.568929 0.241837 0 0
0 0 596 -0.120485 -0.0553765 -0.445297 -0.118784 0 0
0 0 597 -0.16468 0.496878 0.619296 -0.0933435 0 0
0 0 598 -0.023159 -0.0357207 0.227797 0.284246 0 0
0 0 599 -0.287903 -0.0872787 0.435064 -0.161524 0 0
0 0 600 0.310643 0.395916 -0.0348803 -0.591527 0 0
0 0 601 -0.129316 -0.291275 0.0367843 -0.032304 0 0
0 0 602 0.470693 0.0446166 0.366536 -0.151459 0 0
0 0 603 -0.596132 0.364455 -0.699452 0.197964 0 0
0 0 604 -0.471012 0.52917 -0.012047 0.215905 0 0
0 0 605 0.196975 -0.228958 -0.293185 0.0658748 0 0
0 0 606 -0.247087 0.116013 0.427663 0.297612 0 0
0 0 607 -0.0367179 0.047057 -0.00911469 -0.219223 0 0
0 0 608 -0.763824 -0.732564 0.371851 -0.398828 0 0
0 0 609 0.070153 0.00602926 0.403273 0.143134 0 0
0 0 610 -0.0386716 0.324579 0.125209 0.117523 0 0
0 0 611 -0.0230493 0.360093 0.623832 -0.596635 0 0
0 0 612 -0.126752 0.0890176 -0.395108 0.476196 0 0
0 0 613 0.486742 0.000525534 -0.119558 -0.0901283 0 0
0 0 614 -1.08116 0.0838066 0.190856 0.252067 0 0
0 0 615 0.212295 -0.626873 -0.278901 0.219281 0 0
0 0 616 -0.568762 0.651175 -0.493856 -0.175573 0 0
0 0 617 0.478218 0.186464 -0.663768 0.454484 0 0
0 0 618 0.460614 -0.178181 0.307625 -0.658991 0 0
0 0 619 0.00963332 0.000381522 0.255088 -0.0204574 0 0
0 0 620 0.136273 -0.0389142 0.246362 -0.733615 0 0
0 0 621 0.164455 -0.0505604 0.535653 0.296401 0 0
0 0 622 -0.025119 0.270249 0.566564 0.482547 0 0
0 0 623 -0.23145 -0.129751 -0.305561 0.0346736 0 0
0 0 624 0.455618 -0.325963 -0.12104 0.501034 0 0
0 0 625 -0.222546 0.616368 -0.685763 0.597467 0 0
0 0 626 0.703442 0.688211 0.154292 -0.147621 0 0
0 0 627 0.0875906 -0.20166 0.596604 0.311313 0 0
0 0 628 0.326985 0.0200042 -0.127725 0.0259851 0 0
0 0 629 -0.334548 0.379918 0.0669541 0.0905555 0 0
0 0 630 -0.251836 0.114779 0.0666502 -0.0373495 0 0
0 0 631 0.605829 -0.191356 0.361737 0.0685265 0 0
0 0 632 0.485616 -0.129194 0.355211 0.185148 0 0
0 0 633 0.278839 -0.00735925 0.505042 0.191467 0 0
0 0 634 -0.0804101 0.154587 -0.299024 0.553737 0 0
0 0 635 0.192247 0.258809 -0.432636 -0.453678 0 0
0 0 636 0.395921 0.474076 0.258345 0.038243 0 0
0 0 637 0.769451 0.377673 0.386892 -0.162293 0 0
0 0 638 -0.156338 0.575085 0.151203 -0.0643885 0 0
0 0 639 -0.45303 0.426315 0.0796716 -0.0811856 0 0
0 0 640 -0.609194 0.0012897 -0.520708 0.0634319 0 0
0 0 641 0.440127 -0.605047 -0.363586 -0.0823132 0 0
0 0 642 0.0337116 -0.272748 0.625586 0.132178 0 0
0 0 643 -0.13858 0.427325 -0.239227 -0.156645 0 0
0 0 644 -0.014315 -0.463726 0.0746864 -0.759751 0 0
0 0 645 0.635017 -0.358956 -0.0976943 0.174958 0 0
0 0 646 -0.266582 -0.443724 -0.413381 -0.509637 0 0
0 0 647 0.623333 -0.0246297 0.859603 -0.186539 0 0
0 0 648 0.543912 0.408342 -0.151095 0.0554025 0 0
0 0 649 0.524636 -0.128297 -0.250121 0.215143 0 0
0 0 650 0.398812 -0.0373276 0.423273 0.289739 0 0
0 0 651 0.55067 -0.0352604 -0.0615883 0.203735 0 0
0 0 652 0.268543 0.886863 -0.126933 -0.0278705 0 0
0 0 653 -1.08343 0.438184 -0.0285512 -0.241479 0 0
0 0 654 -0.296896 -0.181244 0.153467 -0.217248 0 0
0 0 655 0.210587 -0.243075 0.39707 0.0366349 0 0
0 0 656 0.0647626 -0.421562 -0.112268 -0.017858 0 0
0 0 657 0.0701842 0.302028 0.128696 -0.904066 0 0
0 0 658 0.322068 0.375002 0.388183 0.606636 0 0
0 0 659 0.443493 0.474917 -0.0750884 0.358072 0 0
0 0 660 0.265621 -0.649979 0.344472 -0.232373 0 0
0 0 661 -0.345606 -0.264996 -0.224983 0.16984 0 0
0 0 662 0.312089 0.193386 0.0394796 -0.305637 0 0
0 0 663 -0.101268 0.288948 -0.0268436 -0.284853 0 0
0 0 664 0.298526 -0.0169261 -0.0389531 -0.577427 0 0
0 0 665 0.668085 0.117305 0.460628 -0.306098 0 0
0 0 666 -0.303787 -0.158495 -0.0181256 0.380332 0 0
0 0 667 -0.349596 0.697088 -0.130219 0.557479 0 0
0 0 668 -0.590405 0.68479 0.118841 0.533396 0 0
0 0 669 -0.083123 0.660934 0.103781 0.245221 0 0
0 0 670 -0.127644 -0.324571 -0.392372 0.109675 0 0
0 0 671 0.62944 0.70935 0.656484 0.453309 0 0
0 0 672 0.122586 -0.666777 0.290177 0.261259 0 0
0 0 673 -0.342264 -0.202405 -0.069711 -0.0121121 0 0
0 0 674 0.227185 -0.11192 -0.17405 0.330665 0 0
0 0 675 0.0207612 -0.20527 0.00761287 -0.0769801 0 0
0 0 676 0.225492 0.0541755 0.169773 -0.373269 0 0
0 0 677 0.421938 -0.366018 -0.20703 -0.447906 0 0
0 0 678 0.29018 0.389416 0.172389 0.291927 0 0
0 0 679 0.349644 0.147292 0.288301 -0.514187 0 0
0 0 680 -0.313642 0.272554 -0.10576 0.0599883 0 0
0 0 681 0.560316 -0.0973028 0.362406 0.427457 0 0
0 0 682 -0.0622797 0.241369 -0.23799 0.174758 0 0
0 0 683 0.171525 0.587029 -0.00642734 0.238487 0 0
0 0 684 0.0683878 0.116093 -0.226325 -0.00695754 0 0
0 0 685 0.916526 -0.0399923 -0.320756 -0.247689 0 0
0 0 686 0.15794 0.393082 -0.244849 0.316848 0 0
0 0 687 -0.23791 -0.045081 0.383745 0.217872 0 0
0 0 688 -0.023225 0.0746565 0.43396 0.491361 0 0
0 0 689 0.065462 0.0372765 0.156996 -0.142072 0 0
0 0 690 0.00137709 0.310347 0.6235 -0.194288 0 0
0 0 691 0.207616 -0.0337456 0.187824 0.684898 0 0
0 0 692 -0.236781 -0.279534 1.0414 0.0414166 0 0
0 0 693 0.00714967 -0.250052 0.0998101 0.0573692 0 0
0 0 694 0.437378 0.334807 0.313297 -0.123207 0 0
0 0 695 0.286857 -0.551392 -0.0827542 0.40095 0 0
0 0 696 0.428995 0.412217 -0.323749 -0.103868 0 0
0 0 697 -0.108667 0.484974 0.0998111 0.210489 0 0
0 0 698 0.163581 -0.202003 -0.335757 0.50693 0 0
0 0 699 0.469854 -0.253326 0.543961 0.647919 0 0
0 0 700 -0.563382 -0.234234 -0.0722248 0.279083 0 0
0 0 701 0.0881498 0.345218 0.155541 0.236624 0 0
0 0 702 0.62363 -0.155013 -0.0112138 0.188082 0 0
0 0 703 -0.367148 -0.430519 -0.191058 0.180813 0 0
0 0 704 0.26267 -0.448013 0.178862 -0.216288 0 0
0 0 705 0.493991 0.488314 0.0111255 0.0493721 0 0
0 0 706 -0.392206 -0.173929 0.181573 -0.167061 0 0
0 0 707 0.362619 0.27478 -0.353835 -0.503282 0 0
0 0 708 -0.090084 0.0214127 0.736881 -0.100465 0 0
0 0 709 0.321374 0.109691 -0.609749 -0.108439 0 0
0 0 710 0.272212 0.0590682 -0.0704698 0.0297859 0 0
0 0 711 -0.218477 -0.193087 0.55721 -0.297597 0 0
0 0 712 0.0641702 0.148222 -0.576619 -0.652358 0 0
0 0 713 -0.411858 1.01875 0.160185 0.306049 0 0
0 0 714 -0.101988 0.129474 0.454702 -0.403934 0 0
0 0 715 0.250603 0.380623 -0.34969 0.310784 0 0
0 0 716 -0.130565 -0.711155 -0.5742 0.708352 0 0
0 0 717 -0.247805 -0.298721 -0.122874 0.174331 0 0
0 0 718 0.399498 -0.127039 -0.394792 0.0684493 0 0
0 0 719 0.880863 -0.289477 -0.217347 -0.311246 0 0
0 0 720 -0.320733 0.479199 -0.302817 0.453692 0 0
0 0 721 0.258219 -0.011859 0.389367 -0.257848 0 0
0 0 722 -0.542504 0.529235 -0.0433045 0.473826 0 0
0 0 723 0.580531 0.355353 -0.123318 -0.0872969 0 0
0 0 724 1.12605 0.235863 -0.219383 -0.0788397 0 0
0 0 725 -0.0534218 0.929356 -0.0522871 -0.179568 0 0
0 0 726 0.220457 0.584623 0.551874 0.398998 0 0
0 0 727 0.2422 -0.109446 0.567116 -0.0364808 0 0
0 0 728 -0.0477536 0.34598 -0.315292 -0.600089 0 0
0 0 729 -0.128342 -0.0923421 0.157999 0.271539 0 0
0 0 730 0.0866728 0.121226 0.297439 0.0818075 0 0
0 0 731 0.914556 -0.155048 -0.0574762 0.495395 0 0
0 0 732 0.889908 -0.412625 0.63037 -0.102816 0 0
0 0 733 0.0943073 0.136063 0.367973 -0.26321 0 0
0 0 734 0.122414 -0.0685489 0.457791 0.00569047 0 0
0 0 735 0.0911418 0.682436 0.906651 0.00958885 0 0
0 0 736 0.271615 0.135795 -0.451084 0.214505 0 0
0 0 737 -0.097335 0.692142 -0.0140405 0.740832 0 0
0 0 738 0.36981 0.0812109 0.291415 -0.0276269 0 0
0 0 739 0.267625 0.394971 -0.00571048 0.673224 0 0
0 0 740 0.353556 0.471705 -0.162094 -0.2017 0 0
0 0 741 0.393042 -0.225839 0.0571929 0.225299 0 0
0 0 742 0.128472 -0.357979 0.204522 0.21526 0 0
0 0 743 -0.213221 -0.400685 0.156816 0.66445 0 0
0 0 744 0.146762 0.8154 -0.082979 0.338464 0 0
0 0 745 0.104 0.253339 0.0346655 0.0251781 0 0
0 0 746 0.401175 -0.518363 0.0945595 0.771223 0 0
0 0 747 -0.0875356 0.515828 -0.198741 0.355621 0 0
0 0 748 0.0720297 0.438429 -0.117063 -0.291039 0 0
0 0 749 -0.0098295 -0.237771 -0.345565 0.526116 0 0
0 0 750 0.295515 -0.046232 0.374558 0.765938 0 0
0 0 751 0.016458 -0.398501 0.0679341 0.40425 0 0
0 0 752 0.914676 -0.265648 -0.115739 0.037281 0 0
0 0 753 1.30254 0.304947 0.467615 -0.190845 0 0
0 0 754 0.361231 -0.797981 -0.178706 0.516644 0 0
0 0 755 0.0108558 0.036246 0.381391 0.254586 0 0
0 0 756 0.386392 -0.158487 -0.319478 0.841224 0 0
0 0 757 0.418753 -0.344318 0.377699 -0.764118 0 0
0 0 758 0.603497 0.0341074 -0.106041 -0.451832 0 0
0 0 759 0.051792 0.153038 0.546384 0.138694 0 0
0 0 760 0.708139 -0.308971 -0.522348 -0.608183 0 0
0 0 761 1.09634 0.356147 0.0351893 -0.412237 0 0
0 0 762 0.578133 -0.372164 -0.835632 -0.585149 0 0
0 0 763 0.213294 -0.0549147 -0.39767 -0.219602 0 0
0 0 764 1.31259 -0.103825 -0.483994 -0.133414 0 0
0 0 765 0.905706 -0.50932 -0.443343 -0.428416 0 0
0 0 766 1.03725 -0.0783402 0.0601041 0.383658 0 0
0 0 767 1.45502 -1.00097 -0.458232 0.398674 0 0
0 0 768 1.48354 -1.34544 -0.322973 0.493411 -83.2508 7.27919
0 0 769 1.95293 -0.198268 -0.974344 -0.233516 0 0
0 0 770 1.60326 0.329393 -0.856955 -0.121095 0 0
0 0 771 2.53117 -0.0796691 -0.813231 -0.308398 0 0
0 0 772 2.59768 -0.89336 -1.38347 0.495955 -61.4259 5.89276
0 0 773 2.62559 -0.328187 -1.81252 -0.00356619 -50.1316 5.18583
0 0 774 3.12158 -0.954039 -1.24278 -0.404769 -63.7561 6.22203
0 0 775 2.43172 -0.472999 -1.49751 0.292902 -53.7645 6.10447
0 0 776 3.61286 -0.175622 -0.620096 -0.144394 0 0
0 0 777 3.68922 -0.669227 -1.1668 0.312266 -59.9184 7.19467
0 0 778 4.25292 -1.1327 -1.18331 -0.25154 -66.874 5.98855
0 0 779 4.61669 -1.00464 -1.43594 -0.564374 -62.4891 5.54878
0 0 780 4.42521 -0.53487 -1.78413 0.544332 -53.3442 5.14439
0 0 781 4.95788 -0.719434 -1.47212 0.227476 -58.0225 5.88698
0 0 782 4.47543 -0.621253 -1.45204 -0.0386786 -56.5818 6.09353
0 0 783 4.49622 -1.47527 -1.51942 -0.446714 -67.0777 4.6339
0 0 784 4.60885 -0.804077 -0.640585 0.138469 0 0
0 0 785 4.37221 -1.45019 -1.13911 -0.135468 -70.9254 5.3626
0 0 786 4.23787 -0.752096 -0.839586 -0.132182 0 0
0 0 787 3.63352 -0.367614 -0.754664 0.354969 0 0
0 0 788 4.44679 -0.372856 -1.21901 0.313085 -53.5036 7.518
0 0 789 3.48419 0.0147234 -0.91106 -0.389613 0 0
0 0 790 3.7762 -0.583715 -0.53859 0.103544 0 0
0 0 791 3.061 -0.137897 -1.10843 -0.467031 0 0
0 0 792 3.45436 -0.47976 -0.986611 -0.358738 0 0
0 0 793 3.54623 -0.156941 -0.690718 -0.497044 0 0
0 0 794 3.3435 -0.583279 -1.37843 -0.118798 -56.4678 6.42871
0 0 795 3.4861 -1.69597 -1.02571 -0.205635 -74.4174 5.02168
0 0 796 3.09674 -0.39119 -1.14523 -0.0404288 -54.4296 7.92818
0 0 797 2.66366 -0.766985 -1.35469 0.227686 -59.7586 6.21472
0 0 798 3.18606 -0.178746 -1.21341 -0.428933 -49.19 7.78323
0 0 799 3.27525 -0.490172 -1.64305 0.0389241 -53.3057 5.58812
0 0 800 3.55177 0.0241815 -1.50424 0.140116 -44.5395 6.33718
0 0 801 2.76375 -0.620587 -1.24098 -0.889822 -58.2843 6.95502
0 0 802 2.94753 -0.359948 -1.14922 0.575319 -53.6955 7.95988
0 0 803 2.59618 -0.985937 -1.61526 -0.257194 -60.6997 5.1212
0 0 804 3.46515 -0.443056 -0.9311 -0.0871804 0 0
0 0 805 2.41983 -0.430897 -1.67838 -0.209843 -52.1994 5.52274
0 0 806 2.91744 -0.289461 -1.20319 0.126402 -51.7635 7.72973
0 0 807 2.92949 -0.257072 -1.7259 -0.0963989 -49.2359 5.47091
0 0 808 3.31319 -0.531082 -1.73221 -0.614344 -53.5226 5.28971
0 0 809 3.50011 -0.0668248 -2.0093 -0.301305 -45.9524 4.74249
0 0 810 3.99258 -0.849827 -1.99129 0.0164927 -56.5557 4.44493
0 0 811 3.37155 -0.891658 -1.82428 -0.0958719 -58.0241 4.75046
0 0 812 3.68659 -0.292693 -1.73123 0.883189 -49.798 5.4391
0 0 813 4.6296 -0.160709 -2.40817 -0.3059 -46.909 3.9512
0 0 814 3.19937 -0.818687 -2.78041 -0.0975224 -53.2035 3.30534
0 0 815 4.77271 -0.467457 -2.37424 -0.0967993 -50.5692 3.94886
0 0 816 4.39016 -1.26217 -2.08408 -0.20156 -60.6001 3.97684
0 0 817 4.92898 -1.21347 -2.755 -0.424144 -56.8858 3.19836
0 0 818 5.42163 -1.49584 -2.87286 -0.363199 -58.7525 2.98174
0 0 819 5.65038 -1.34972 -3.02272 0.0857843 -57.031 2.90919
0 0 820 5.80415 -1.11124 -3.39081 -0.368904 -54.0725 2.68768
0 0 821 6.20303 -1.53665 -3.90176 -0.146601 -55.7482 2.29214
0 0 822 6.02126 -1.21223 -3.9487 -0.266435 -53.5331 2.32025
0 0 823 6.97194 -1.11056 -3.52207 0.372963 -53.7505 2.59585
0 0 824 6.55867 -1.11938 -4.16161 -0.141126 -52.5275 2.22139
0 0 825 8.11078 -1.43249 -4.79052 0.0415242 -53.324 1.91628
0 0 826 7.0587 -2.02565 -4.35028 -0.171493 -57.4842 2.00831
0 0 827 7.53824 -1.31317 -3.82775 -0.588725 -54.4677 2.37108
0 0 828 8.21547 -2.04166 -4.33603 -0.174922 -57.6069 2.01127
0 0 829 8.22765 -2.0803 -4.56458 -1.51505 -57.2505 1.92052
0 0 830 8.14734 -1.89234 -4.4425 -0.925721 -56.5361 1.9929
0 0 831 8.17594 -1.86222 -4.42269 -1.03975 -56.417 2.00499
0 0 832 7.8535 -1.87584 -4.09541 -0.850792 -57.3047 2.13887
0 0 833 8.36999 -2.30867 -4.90744 -0.481728 -57.5972 1.77734
0 0 834 7.99219 -1.93032 -3.52661 0.0610407 -59.3472 2.4047
0 0 835 8.46708 -1.86399 -3.36258 -0.385027 -59.5006 2.51526
0 0 836 7.98063 -2.84516 -2.84757 -0.751823 -67.4879 2.43997
0 0 837 9.09538 -2.66138 -3.02684 0.0345002 -65.662 2.4279
0 0 838 8.92716 -2.59951 -2.59216 -0.291252 -67.5406 2.67574
0 0 839 9.28514 -3.03449 -2.7593 -0.514167 -68.8597 2.40132
0 0 840 10.0182 -3.03151 -2.49644 -0.510183 -70.2643 2.51491
0 0 841 9.92446 -3.51068 -1.88202 -0.622875 -75.9024 2.50494
0 0 842 10.3119 -2.99869 -1.55924 -0.235807 -76.2634 2.95393
0 0 843 11.6115 -2.33363 -1.21545 -0.165331 -76.2438 3.79429
0 0 844 12.7844 -2.53583 -1.08917 0.0448612 -78.3779 3.62907
0 0 845 14.4264 -2.65487 -0.870071 -0.734527 -80.9273 3.59665
0 0 846 15.5804 -2.35961 -1.14825 -0.3996 -77.0256 3.80912
0 0 847 16.9048 -2.40037 -0.788378 0.0354531 -80.9089 3.97706
0 0 848 19.4094 -3.15038 -0.535629 0.238196 -85.1754 3.1564
0 0 849 21.5933 -2.22441 0.666909 -0.363362 81.6553 4.3305
0 0 850 23.7099 -1.29097 1.46843 -0.839111 65.6601 5.00483
0 0 851 27.0682 -0.402636 2.63042 -0.418706 49.3513 3.58772
0 0 852 30.5285 0.142015 3.62316 -0.133845 43.8777 2.62956
0 0 853 34.1331 0.198105 4.65289 -0.19444 43.781 2.04736
0 0 854 37.8937 0.75832 6.42275 0.115974 41.6332 1.47537
0 0 855 41.9133 1.96631 7.2824 0.00763011 37.445 1.26915
0 0 856 46.6248 2.86576 8.53479 0.280504 35.7196 1.06551
0 0 857 50.4299 3.74545 10.4104 0.553815 35.1061 0.867757
0 0 858 53.9486 4.7686 12.3671 0.443588 34.457 0.724969
0 0 859 56.0753 5.26733 12.9727 1.09258 33.9506 0.686811
0 0 860 57.3608 5.82039 13.1685 1.96311 33.0775 0.66879
0 0 861 58.0871 6.81411 12.7332 2.18916 30.9234 0.669108
0 0 862 58.8578 7.12646 13.613 1.88091 31.1839 0.628601
0 0 863 58.1587 6.31857 12.2464 1.96359 31.3542 0.700707
0 0 864 57.0699 6.83843 12.2443 2.61798 30.4083 0.689643
0 0 865 55.5307 6.88637 10.76 1.59253 28.6905 0.759475
0 0 866 52.5947 5.83506 10.2991 2.04073 30.2329 0.817331
0 0 867 50.5015 5.2602 9.15076 1.78392 30.054 0.916919
0 0 868 48.2427 4.8819 7.24927 2.09811 28.0212 1.11153
0 0 869 45.1956 5.00033 7.0621 1.88554 27.3498 1.12413
0 0 870 43.3048 3.7337 6.28726 1.64442 29.648 1.32449
0 0 871 40.8626 3.60145 5.45358 1.68498 28.28 1.48572
0 0 872 39.4821 3.02349 4.46896 0.978723 27.9598 1.80066
0 0 873 37.7441 2.42208 3.59453 1.79732 28.0135 2.24131
0 0 874 35.9674 1.98255 3.91549 0.998394 31.5726 2.19933
0 0 875 34.0248 1.87719 3.20851 1.72742 29.8348 2.60453
0 0 876 32.9261 1.00841 2.51557 1.29383 34.0779 3.54755
0 0 877 30.337 0.994387 2.51721 0.788898 34.2221 3.5516
0 0 878 29.9279 0.667265 2.07336 0.585053 36.0802 4.40225
0 0 879 28.1912 0.723465 2.80649 0.914877 37.7724 3.30205
0 0 880 27.1376 0.125654 1.65001 0.639882 42.8226 5.76333
0 0 881 25.7954 -0.0308933 1.17641 -0.0708808 45.7521 8.1016
0 0 882 25.3356 0.780382 1.35635 0.0770289 30.0429 6.18483
0 0 883 24.9408 -0.0235939 1.25256 0.675203 45.5396 7.61022
0 0 884 23.1612 -0.187663 1.51185 -0.643864 48.5379 6.2638
0 0 885 22.8732 -0.350924 1.06706 -1.07574 0 0
0 0 886 21.5513 -0.194867 1.66676 0.371678 48.3342 5.6859
0 0 887 21.3057 -0.447654 1.14535 -0.425895 55.6739 7.81557
0 0 888 20.7215 -0.394681 1.09258 -0.378368 54.9308 8.26481
0 0 889 19.7036 -0.620914 0.450715 -0.90374 0 0
0 0 890 18.8866 -0.236156 0.449382 -0.453585 0 0
0 0 891 18.3414 -0.691826 0.585934 -0.845275 0 0
0 0 892 16.8501 -0.890972 0.447478 -0.771778 0 0
0 0 893 15.9533 -1.22255 0.379513 -0.977087 81.3771 7.85362
0 0 894 16.1483 -1.23103 0.777386 -0.959688 73.8639 6.82952
0 0 895 14.8475 -0.655447 0.932474 -0.913949 0 0
0 0 896 14.2587 -0.940561 0.438712 -1.44534 0 0
0 0 897 13.4109 -1.5423 1.07719 -2.00434 72.5342 5.27278
0 0 898 13.2542 -0.586063 0.873399 -0.845714 0 0
0 0 899 11.7883 -1.23079 1.03616 -1.0226 69.9536 6.13492
0 0 900 10.8545 -1.16428 1.03384 -0.764931 69.198 6.32968
0 0 901 11.2626 -0.652628 0.735358 -1.5753 0 0
0 0 902 10.0793 -0.663628 1.01967 -1.21822 61.5286 7.97819
0 0 903 9.28689 -1.4729 1.01139 -1.09015 72.7619 5.55406
0 0 904 8.72159 -1.12324 0.827296 -1.20931 71.8137 7.1009
0 0 905 8.51873 -0.161801 0.34389 -1.82763 0 0
0 0 906 8.25866 -1.00647 0.710078 -1.0074 72.3983 8.05103
0 0 907 7.96363 -0.923237 0.391231 -1.21873 0 0
0 0 908 7.12438 -0.68169 0.685175 -0.737187 0 0
0 0 909 7.4903 -0.413556 -0.031264 -1.67429 0 0
0 0 910 7.00632 -1.77626 0.697502 -0.646098 79.2805 5.25494
0 0 911 5.98756 -1.28338 0.278776 -0.852672 83.8723 7.6731
0 0 912 6.10854 -0.800839 -0.529403 -0.734716 0 0
0 0 913 5.34156 -1.17866 0.708954 -1.05492 74.4867 7.23711
0 0 914 5.45945 -1.06142 0.350274 -0.439748 0 0
0 0 915 4.66339 -1.28952 0.409313 -1.04113 81.1949 7.4294
0 0 916 4.10765 -0.566216 0.527689 -0.841313 0 0
0 0 917 4.98044 -0.957795 0.593165 -0.394161 0 0
0 0 918 4.16923 -0.933183 0.527315 -0.81461 0 0
0 0 919 3.50599 -1.92069 -0.234837 -0.595967 -86.5146 5.21652
0 0 920 3.92058 -0.92075 0.64565 -0.299214 0 0
0 0 921 3.53954 -0.180815 1.17088 -0.275494 49.3893 8.05849
0 0 922 3.48944 -1.20975 0.537331 -0.685563 78.0254 7.56255
0 0 923 3.32075 -0.372045 0.381409 -0.608107 0 0
0 0 924 2.60196 -1.05066 0.603643 -0.199132 75.0605 8.22306
0 0 925 2.63481 -0.384992 0.38918 0.300058 0 0
0 0 926 2.40034 -0.225849 0.36295 -0.16303 0 0
0 0 927 2.86121 -0.492006 0.828724 -0.748159 0 0
0 0 928 2.80052 -1.20617 0.271234 -0.0168673 83.6633 8.14975
0 0 929 2.55574 -0.951639 0.216007 -0.609312 0 0
0 0 930 2.44208 -0.536053 0.855125 -0.849834 0 0
0 0 931 1.53045 -0.588046 0.24926 -0.56533 0 0
0 0 932 1.47143 -1.24965 0.284009 0.337843 83.5979 7.86171
0 0 933 1.34776 -0.28031 0.216916 -0.143718 0 0
0 0 934 1.0632 -0.149445 0.488609 -0.0917464 0 0
0 0 935 2.11488 -0.0198945 0.134705 -0.201875 0 0
0 0 936 1.5153 -0.419187 1.30315 -0.324193 53.9157 7.00441
0 0 937 1.8534 -0.627515 0.290532 -0.144522 0 0
0 0 938 1.16966 -0.69505 0.363182 -0.677491 0 0
0 0 939 1.80325 -0.153534 -0.500176 -0.812004 0 0
0 0 940 1.58244 -0.0945272 0.141515 -0.0881019 0 0
0 0 941 1.09138 0.215622 0.272943 -0.0748689 0 0
0 0 942 0.981986 -0.356604 -0.46736 -0.0119892 0 0
0 0 943 0.74938 -0.297906 0.142474 -0.626901 0 0
0 0 944 1.08884 -0.14903 0.555564 0.0457149 0 0
0 0 945 1.17889 0.149153 0.0429925 0.534199 0 0
0 0 946 0.785468 -0.566893 0.00906067 0.407229 0 0
0 0 947 0.879192 -0.928056 -0.156936 -0.56045 0 0
0 0 948 0.953821 0.35838 -0.168658 -0.0551949 0 0
0 0 949 0.360156 -0.0650527 -0.247732 0.562934 0 0
0 0 950 0.877794 0.388146 0.186826 -0.438224 0 0
0 0 951 0.890485 0.509076 0.470413 0.424326 0 0
0 0 952 0.464303 0.197791 -0.273257 -0.00151888 0 0
0 0 953 0.932482 -0.0779436 -0.00112208 -0.19033 0 0
0 0 954 -0.0195692 0.887009 -0.0447145 -0.156376 0 0
0 0 955 0.959385 0.083716 0.0565375 0.55794 0 0
0 0 956 0.66462 0.547645 0.343095 -0.311596 0 0
0 0 957 1.64884 -0.216341 -0.804728 -0.0298809 0 0
0 0 958 0.328023 0.16289 0.28134 0.0412395 0 0
0 0 959 0.450028 -0.335509 -0.322664 -0.123519 0 0
0 0 960 0.166314 -0.308115 0.528694 -0.114625 0 0
0 0 961 0.64068 -0.0648818 0.546844 0.107527 0 0
0 0 962 0.990903 -0.532255 0.0487652 0.111758 0 0
0 0 963 0.594139 0.183632 0.617692 0.171753 0 0
0 0 964 -0.0655871 0.192565 0.656522 -0.0939187 0 0
0 0 965 0.859812 0.0597249 -0.0846862 0.0320076 0 0
0 0 966 0.307585 -0.676488 0.268952 0.0237143 0 0
0 0 967 0.793195 0.158784 0.334033 0.0291312 0 0
0 0 968 0.480636 0.331164 0.380483 0.284252 0 0
0 0 969 1.21418 0.362692 0.824329 -0.0880893 0 0
0 0 970 0.506211 -0.269424 0.323153 0.126661 0 0
0 0 971 1.12333 0.127746 0.146322 0.0179962 0 0
0 0 972 0.633707 -0.417872 -0.236164 0.145245 0 0
0 0 973 -0.207748 0.0539624 0.393898 -0.0693506 0 0
0 0 974 0.694156 0.0341751 0.0479018 -0.033884 0 0
0 0 975 0.467226 0.366451 0.963922 -0.0218484 0 0
0 0 976 1.18459 0.495687 0.416632 -0.293179 0 0
0 0 977 0.543022 0.697685 0.434094 0.191934 0 0
0 0 978 0.495701 -0.188533 1.13318 -0.0590626 0 0
0 0 979 1.25735 -0.135191 0.0920397 -0.474587 0 0
0 0 980 1.18956 0.605829 0.750956 0.127103 0 0
0 0 981 0.952938 0.0214413 0.438536 0.00483352 0 0
0 0 982 0.884806 -0.423783 0.79299 0.712116 0 0
0 0 983 1.14154 0.568971 0.164921 0.391122 0 0
0 0 984 1.58109 0.534045 0.604754 -1.02917 0 0
0 0 985 1.39111 -0.616584 0.567022 -0.367178 0 0
0 0 986 1.54489 0.759688 0.652814 -0.633085 0 0
0 0 987 0.358977 0.35034 0.367291 -0.291892 0 0
0 0 988 1.37312 0.715705 1.04477 0.215516 27.7937 7.67439
0 0 989 1.32099 0.191407 -0.0942533 0.419468 0 0
0 0 990 0.62288 -0.0116756 0.808732 -0.22218 0 0
0 0 991 1.19043 0.455938 1.48825 -0.332049 36.4836 6.15717
0 0 992 1.6508 -0.0861279 1.21788 -0.0842469 47.0226 7.81099
0 0 993 1.67014 0.0940509 -0.0533542 0.104711 0 0
0 0 994 0.772987 -0.192589 0.352093 -0.293752 0 0
0 0 995 1.31839 -0.0847828 0.903564 -0.47596 0 0
0 0 996 1.12673 0.192483 0.351633 -0.072416 0 0
0 0 997 1.04448 0.668174 0.548901 0.185969 0 0
0 0 998 1.68154 0.0409474 -0.581825 0.00585668 0 0
0 0 999 1.38148 -0.00169998 0.125475 -0.0912872 0 0
0 0 1000 0.0561189 -0.289117 1.00257 0.139122 0 0
0 0 1001 1.36717 -0.0605048 0.140935 0.100545 0 0
0 0 1002 0.563423 0.691539 0.85354 0.533721 0 0
0 0 1003 1.13407 -0.317944 0.131971 -0.293828 0 0
0 0 1004 1.41221 -0.202901 0.448135 -0.796345 0 0
0 0 1005 0.770497 0.212633 0.382324 0.971932 0 0
0 0 1006 1.13668 -0.178756 0.482266 0.0273204 0 0
0 0 1007 0.933589 0.0277028 0.198858 -0.434017 0 0
0 0 1008 0.789757 -0.0150575 0.602751 0.276189 0 0
0 0 1009 0.543098 0.0745559 0.417546 0.0610373 0 0
0 0 1010 0.0707871 0.0549605 0.932301 0.801089 0 0
0 0 1011 0.411076 0.123311 0.00793105 0.139382 0 0
0 0 1012 0.327008 0.238195 0.518774 0.41148 0 0
0 0 1013 0.994593 -0.431871 0.765326 0.50223 0 0
0 0 1014 0.368067 0.0226657 0.683514 0.186643 0 0
0 0 1015 0.399711 -0.832128 0.360702 -0.137916 0 0
0 0 1016 0.0738116 0.318761 0.111088 -0.179841 0 0
0 0 1017 0.230891 -0.914016 0.10384 -0.0499659 0 0
0 0 1018 0.756366 -0.297423 0.139699 0.25593 0 0
0 0 1019 0.469339 0.365291 0.166759 -0.0726507 0 0
0 0 1020 1.16877 0.444583 -0.136597 0.335728 0 0
0 0 1021 0.00512295 -0.0869814 0.224494 -0.179389 0 0
0 0 1022 0.423178 0.242495 0.0348115 -0.326168 0 0
0 0 1023 0.980963 0.534709 0.135162 -0.875146 0 0
