# File: uwl_210922_061045_b4.rf.RMC_aux Src: J1713+0747 Nsub: 1 Nch: 1 Npol: 4 Nbin: 1024 RMS: 0.308408
0 0 0 0.0661122 -0.424104 0.0488568 -0.163849 0 0
0 0 1 -0.1179 -0.370713 -0.370039 -0.259146 0 0
0 0 2 0.156189 0.0710517 0.893382 0.632889 0 0
0 0 3 -0.199171 0.489297 0.583815 0.0286796 0 0
0 0 4 -0.0301384 0.11245 -0.141942 0.0336975 0 0
0 0 5 -0.446756 0.34893 0.154924 0.365927 0 0
0 0 6 -0.259364 -0.507398 0.286942 0.347185 0 0
0 0 7 0.152622 -0.169852 0.595323 -0.606646 0 0
0 0 8 0.172198 -0.557093 0.707739 -0.321424 0 0
0 0 9 0.0171433 -0.203352 0.546933 -0.161227 0 0
0 0 10 0.261688 -0.173616 -0.632928 0.614519 0 0
0 0 11 -0.107553 0.2356 0.0105974 -0.198483 0 0
0 0 12 0.0553238 -0.0361761 0.54025 -0.290366 0 0
0 0 13 0.249102 -0.233408 0.316193 0.57963 0 0
0 0 14 -0.46379 -0.299826 -0.194137 -0.0811826 0 0
0 0 15 -0.554579 0.499496 -0.113444 0.118315 0 0
0 0 16 0.0914072 -0.126185 -0.129357 -0.113792 0 0
0 0 17 0.117982 -0.346388 -0.146575 0.38964 0 0
0 0 18 -0.188699 -0.209063 0.0434209 0.0551143 0 0
0 0 19 0.20129 -0.188645 0.225371 0.0181567 0 0
0 0 20 0.314112 0.0894108 -0.128212 -0.379122 0 0
0 0 21 -0.221896 -0.398913 -0.0191045 0.0397943 0 0
0 0 22 0.0825703 0.438126 -0.0458353 -0.265999 0 0
0 0 23 -0.00862195 0.41814 0.379572 0.036576 0 0
0 0 24 -0.372971 0.276899 -0.0784017 0.180617 0 0
0 0 25 0.147882 -0.145529 -0.271291 0.218095 0 0
0 0 26 -0.208675 -0.0115395 -0.270762 0.247114 0 0
0 0 27 -0.516754 -0.260183 0.0230749 0.514706 0 0
0 0 28 0.133611 -0.188619 0.0245344 -0.0319468 0 0
0 0 29 -0.250217 0.140443 0.0972239 0.00186448 0 0
0 0 30 0.317742 0.44182 -0.378656 0.0213409 0 0
0 0 31 -0.209891 -0.514651 0.673517 0.585938 0 0
0 0 32 0.217775 0.107365 0.100566 0.51775 0 0
0 0 33 -0.51497 0.299229 0.242119 -0.0359272 0 0
0 0 34 -0.000940681 0.2788 -0.0940854 -0.443131 0 0
0 0 35 0.417424 0.531503 0.134216 0.177301 0 0
0 0 36 0.419983 -0.0145369 0.145236 0.120894 0 0
0 0 37 0.160596 0.0128406 0.164317 -0.306578 0 0
0 0 38 -0.0963021 0.168073 -0.333876 0.467782 0 0
0 0 39 -0.344118 -0.367383 0.34068 -0.247174 0 0
0 0 40 -0.0898114 0.379197 -0.0795128 0.490115 0 0
0 0 41 0.320422 0.194516 -0.0794871 0.420875 0 0
0 0 42 -0.377179 0.231186 -0.0487399 0.503439 0 0
0 0 43 0.338338 0.0157924 0.00408642 0.451962 0 0
0 0 44 0.236921 -0.408021 -0.172294 0.199428 0 0
0 0 45 -0.214512 0.0299822 -0.182884 -0.62219 0 0
0 0 46 -0.0999016 -0.215399 0.228765 -0.195642 0 0
0 0 47 0.0477578 0.841918 -0.282994 -0.442907 0 0
0 0 48 0.183472 -0.0589631 -0.24749 -0.314041 0 0
0 0 49 -0.314487 -0.0696304 -0.238801 0.0142289 0 0
0 0 50 -0.354436 -0.0074365 -0.792088 0.505125 0 0
0 0 51 0.643371 -0.597324 -0.0915423 0.235584 0 0
0 0 52 -0.225615 0.679573 0.340568 0.283786 0 0
0 0 53 -0.349291 0.252898 -0.128498 -0.148556 0 0
0 0 54 -0.0247035 0.0229198 0.380218 0.117969 0 0
0 0 55 -0.0966748 0.0526207 0.216633 -0.172446 0 0
0 0 56 -0.231279 0.454129 0.0799472 -0.572618 0 0
0 0 57 -0.202936 -0.175237 -0.0273493 -0.387372 0 0
0 0 58 0.422542 -0.189769 -0.591559 -0.212903 0 0
0 0 59 0.335381 0.248208 -0.117012 0.121363 0 0
0 0 60 0.109724 -0.153764 -0.18303 0.171514 0 0
0 0 61 0.200599 -0.638359 0.544283 0.0121033 0 0
0 0 62 -0.0762095 0.245556 0.290087 -0.137347 0 0
0 0 63 -0.286225 -0.220605 -0.32279 -0.298199 0 0
0 0 64 -0.142026 0.219566 -0.0831005 -0.479462 0 0
0 0 65 0.0795568 0.395985 0.318813 0.190883 0 0
0 0 66 0.133327 0.010264 -0.165963 0.252653 0 0
0 0 67 -0.252902 -0.458434 0.236065 0.00265832 0 0
0 0 68 -0.0126823 0.348226 0.351528 0.318037 0 0
0 0 69 0.334156 0.121972 -0.573513 -0.489877 0 0
0 0 70 0.19911 -0.60457 -0.246761 0.0599627 0 0
0 0 71 0.378686 0.0659932 -0.15773 0.23359 0 0
0 0 72 0.12013 0.398485 0.0804819 -0.103571 0 0
0 0 73 -0.152421 0.0541959 -0.119036 -0.13518 0 0
0 0 74 0.339133 0.0552757 -0.115772 -0.414995 0 0
0 0 75 -0.540072 0.550705 -0.530179 -0.0961786 0 0
0 0 76 0.251594 0.17225 -0.071841 0.66612 0 0
0 0 77 -0.250653 -0.325054 -0.000178479 -0.0779325 0 0
0 0 78 -0.101046 -0.455946 -0.443442 -0.340681 0 0
0 0 79 0.281366 -0.060009 0.0995526 0.202193 0 0
0 0 80 -0.0276507 -0.0277618 0.301056 -0.269767 0 0
0 0 81 -0.13645 0.679457 -0.312169 -0.102706 0 0
0 0 82 0.0588228 -0.241569 0.0324781 0.147968 0 0
0 0 83 -0.481487 -0.361629 -0.601535 -0.286731 0 0
0 0 84 -0.0962681 0.193346 -0.446503 0.340867 0 0
0 0 85 0.0932713 0.248845 -0.195486 0.217022 0 0
0 0 86 0.00173675 0.117778 0.0939587 -0.295736 0 0
0 0 87 -0.306613 -0.144258 -0.600717 -0.436314 0 0
0 0 88 0.405806 0.27303 0.167844 0.674587 0 0
0 0 89 -0.0365968 0.187315 0.218535 -0.0875634 0 0
0 0 90 0.509981 0.114255 0.185548 0.290007 0 0
0 0 91 0.117719 -0.182025 0.0353902 -0.0692533 0 0
0 0 92 0.122594 0.159231 -0.181976 -0.205102 0 0
0 0 93 0.457827 0.0302105 0.215503 0.232483 0 0
0 0 94 0.450965 0.348387 -0.0828771 -0.0571452 0 0
0 0 95 0.0376647 -0.311766 -0.153504 0.171393 0 0
0 0 96 0.277861 -0.252017 -0.127598 -0.289875 0 0
0 0 97 -0.0227343 0.0858653 0.00167426 0.160472 0 0
0 0 98 0.256917 -0.155956 -0.408712 0.238455 0 0
0 0 99 -0.132773 -0.0536071 -0.0212787 0.0996883 0 0
0 0 100 0.301597 0.662823 0.0804066 0.0200222 0 0
0 0 101 0.373135 0.11153 -0.278132 0.0760566 0 0
0 0 102 0.408136 -0.0708494 -0.274491 0.164954 0 0
0 0 103 0.0504579 -0.458069 -0.519058 -0.165438 0 0
0 0 104 0.30795 0.401168 0.451096 -0.217198 0 0
0 0 105 0.41126 -0.295689 0.0947741 0.265089 0 0
0 0 106 -0.371441 -0.243379 -0.318117 0.0355145 0 0
0 0 107 0.287462 -0.0956336 0.0801524 -0.360472 0 0
0 0 108 0.333727 0.247665 -0.022785 0.329453 0 0
0 0 109 0.244848 -0.701506 -0.1895 0.0955822 0 0
0 0 110 -0.905264 -0.11355 -0.18481 -0.152724 0 0
0 0 111 0.0162517 0.310073 -0.320638 0.00368236 0 0
0 0 112 0.0552091 -0.246944 0.1698 0.287692 0 0
0 0 113 0.148845 -0.0120683 0.0983524 -0.0440919 0 0
0 0 114 -0.351261 -0.0696167 -0.107982 -0.11203 0 0
0 0 115 -0.679635 0.273701 -0.34995 0.338052 0 0
0 0 116 0.270958 0.0519123 0.121032 0.135098 0 0
0 0 117 -0.321185 0.0996518 0.252106 -0.214556 0 0
0 0 118 0.019144 -0.266607 0.0857223 -0.108763 0 0
0 0 119 -0.0463867 -0.12069 0.118891 0.270834 0 0
0 0 120 -0.102094 0.479359 -0.433637 0.552097 0 0
0 0 121 0.278372 0.333271 0.0437077 0.508691 0 0
0 0 122 -0.259873 0.0957941 -0.192168 0.0841415 0 0
0 0 123 0.0705325 -0.115833 0.450785 -0.512287 0 0
0 0 124 0.294138 -0.00815491 -0.232636 0.089654 0 0
0 0 125 0.0690824 0.0560198 -0.100643 0.300064 0 0
0 0 126 0.204684 0.121484 -0.113627 -0.208702 0 0
0 0 127 0.228732 -0.0735645 0.658871 -0.089301 0 0
0 0 128 -0.379235 -0.15542 -0.246569 -0.386303 0 0
0 0 129 0.232289 -0.195804 0.164411 -0.222649 0 0
0 0 130 -0.103088 -0.239322 0.471625 -0.0479068 0 0
0 0 131 -0.0753262 -0.201615 0.257019 -0.0861377 0 0
0 0 132 0.120344 -0.385102 0.202546 0.019021 0 0
0 0 133 0.0759109 -0.696453 -0.360534 -0.381105 0 0
0 0 134 -0.0096443 0.529509 0.0498362 -0.44203 0 0
0 0 135 -0.0546859 0.0583972 0.280571 -0.31088 0 0
0 0 136 -0.036955 -0.1327 -0.42636 0.469096 0 0
0 0 137 -0.0228625 -0.517734 0.0552268 -0.255029 0 0
0 0 138 0.0350435 0.44333 0.10295 -0.715583 0 0
0 0 139 0.363072 -0.126892 -0.334296 0.0169313 0 0
0 0 140 0.593057 0.449335 -0.416926 0.0722928 0 0
0 0 141 0.411832 0.413231 -0.173553 -0.202073 0 0
0 0 142 0.0652284 -0.258455 0.0252069 0.260916 0 0
0 0 143 -0.319585 -0.351947 -0.0272527 -0.137481 0 0
0 0 144 0.614819 0.227164 0.24484 -0.00716134 0 0
0 0 145 0.0896176 0.398387 0.158143 0.456862 0 0
0 0 146 0.377683 -0.198971 -0.0610971 0.182654 0 0
0 0 147 -0.0576536 -0.443939 -0.299335 0.412972 0 0
0 0 148 -0.0990064 -0.757026 -0.339637 0.0173385 0 0
0 0 149 0.429698 0.738618 0.209238 0.0245904 0 0
0 0 150 -0.605243 0.0670046 -0.647567 -0.227912 0 0
0 0 151 0.151937 0.396397 0.108248 -0.245358 0 0
0 0 152 0.549308 -0.130723 0.478304 0.152952 0 0
0 0 153 -0.306775 -0.241353 -0.23509 0.395577 0 0
0 0 154 0.054863 0.149268 0.517786 -0.01609 0 0
0 0 155 -0.43842 0.196319 -0.0185733 -0.251033 0 0
0 0 156 0.0816853 -0.50788 -0.486938 0.195428 0 0
0 0 157 0.0518282 0.520334 -0.654305 -0.237743 0 0
0 0 158 -0.738208 0.683158 -0.623991 -0.859983 0 0
0 0 159 -0.126223 0.227908 0.0180889 -0.0921582 0 0
0 0 160 0.0465128 -0.348187 0.754682 -0.123942 0 0
0 0 161 0.461873 -0.100007 -0.00354559 0.288738 0 0
0 0 162 0.103864 -0.374057 0.292511 0.34574 0 0
0 0 163 0.0852728 0.745166 0.180712 -0.181199 0 0
0 0 164 -0.39176 -0.1969 -0.103868 0.282562 0 0
0 0 165 -0.0130327 -0.0552948 -0.0145986 -0.287717 0 0
0 0 166 0.171315 0.634843 0.134369 -0.645946 0 0
0 0 167 0.0450317 0.374587 -0.192268 -0.0358283 0 0
0 0 168 0.266128 0.40102 -0.0807242 -0.018489 0 0
0 0 169 0.0411835 0.0277784 0.0735715 -0.477543 0 0
0 0 170 0.1747 -0.258141 0.0925738 -0.0223334 0 0
0 0 171 -0.257561 -0.291855 0.216015 0.0612656 0 0
0 0 172 0.609535 -0.0144843 0.0487091 -0.360936 0 0
0 0 173 0.784872 -0.477201 0.443882 0.511299 0 0
0 0 174 -0.193995 -0.0558752 0.278459 0.0949254 0 0
0 0 175 -0.129169 0.486681 -0.284996 0.432425 0 0
0 0 176 0.0279021 0.0688233 -0.182583 -0.236593 0 0
0 0 177 0.118031 -0.464347 -0.174615 -0.287285 0 0
0 0 178 -0.0522196 -0.471738 0.159751 -0.0482935 0 0
0 0 179 0.171439 -0.115194 0.433275 -0.632258 0 0
0 0 180 -0.336726 -0.0716843 0.0390623 -0.580242 0 0
0 0 181 -0.16008 0.365337 0.125037 -0.0174497 0 0
0 0 182 -0.269726 0.106937 -0.161452 0.146424 0 0
0 0 183 0.695203 0.568088 -0.261197 0.00118772 0 0
0 0 184 -0.058157 0.332341 0.117375 -0.542769 0 0
0 0 185 -0.459121 -0.221266 -0.243274 0.235409 0 0
0 0 186 0.976093 -0.346176 0.0316191 0.286427 0 0
0 0 187 0.219657 0.0748599 0.0772425 0.302858 0 0
0 0 188 -0.314152 -0.308444 0.123219 -0.00351802 0 0
0 0 189 -0.251472 -0.0452295 -0.178142 -0.210601 0 0
0 0 190 0.399423 -0.283748 -0.178553 0.117266 0 0
0 0 191 -0.238051 0.172452 -0.0695804 0.392386 0 0
0 0 192 0.343597 -0.109986 0.0461869 0.299393 0 0
0 0 193 0.112482 0.19391 -0.0530789 -0.251766 0 0
0 0 194 -0.229421 -0.0079721 0.17189 -0.0741853 0 0
0 0 195 0.296486 -0.455032 -0.0993426 0.117033 0 0
0 0 196 -0.285144 0.458001 -0.0416575 -0.139243 0 0
0 0 197 0.340363 -0.624275 -0.23063 -0.213449 0 0
0 0 198 -0.106875 0.0929796 0.567904 -0.25041 0 0
0 0 199 -0.0498806 -0.20252 -0.0300293 -0.285605 0 0
0 0 200 0.351537 0.830777 0.171286 -0.0365532 0 0
0 0 201 -0.0353793 0.376008 0.623803 -0.356383 0 0
0 0 202 0.316937 -0.189404 0.435194 -0.049149 0 0
0 0 203 -0.0530039 -0.432878 0.189116 -0.193612 0 0
0 0 204 -0.135352 0.550866 -0.227619 0.00089476 0 0
0 0 205 -0.29451 0.0401588 -0.110649 -0.0898387 0 0
0 0 206 -0.243164 -0.0592845 -0.330492 0.202841 0 0
0 0 207 0.253888 0.171955 0.0450873 -0.969491 0 0
0 0 208 0.00202148 -0.01892 -0.193737 0.499329 0 0
0 0 209 0.196168 0.305532 -0.616085 -0.224164 0 0
0 0 210 0.258275 0.200026 0.256791 0.263261 0 0
0 0 211 0.34892 -0.168782 -0.065487 -0.0992211 0 0
0 0 212 0.287766 0.163411 0.0945899 -0.175421 0 0
0 0 213 0.311456 0.75478 -0.0867859 0.232588 0 0
0 0 214 -0.561751 -0.207917 0.238055 0.18988 0 0
0 0 215 -0.30289 -0.218615 -0.0116257 -0.515525 0 0
0 0 216 1.06137 -0.344075 0.325926 0.0830316 0 0
0 0 217 0.275114 -0.186181 0.253232 0.32683 0 0
0 0 218 0.211167 -0.0800187 0.0880158 0.344087 0 0
0 0 219 0.031139 0.0421825 -0.114899 0.0861619 0 0
0 0 220 -0.198023 0.636247 0.267876 0.505485 0 0
0 0 221 0.36214 0.294869 0.0963484 0.424448 0 0
0 0 222 -0.235458 -0.0119572 -0.136713 -0.112811 0 0
0 0 223 0.51188 0.216368 -0.38284 -0.417024 0 0
0 0 224 0.161973 -0.365114 -0.0788021 -0.0206622 0 0
0 0 225 0.0218609 -0.0537911 0.218763 -0.585104 0 0
0 0 226 0.345162 -0.141805 -0.70972 -0.0861466 0 0
0 0 227 0.177292 -0.308654 -0.119626 -0.309579 0 0
0 0 228 0.429128 -0.275997 0.209487 0.487153 0 0
0 0 229 0.26453 -0.0934069 -0.129296 -0.0976332 0 0
0 0 230 0.0595402 -0.149345 -0.654255 0.192779 0 0
0 0 231 0.231263 0.199387 0.674944 -0.238062 0 0
0 0 232 0.321292 0.23639 -0.489775 0.348199 0 0
0 0 233 0.316102 -0.0792065 -0.094157 0.15752 0 0
0 0 234 0.125091 -0.00540582 -0.0137206 0.110626 0 0
0 0 235 0.209833 -0.120136 -0.372503 0.0590728 0 0
0 0 236 -0.148778 0.230095 -0.741463 0.438207 0 0
0 0 237 0.393858 -0.463259 -0.309549 0.244674 0 0
0 0 238 -0.00582635 -0.0797891 -0.181468 0.0997834 0 0
0 0 239 0.301625 -0.583078 0.135925 0.0408541 0 0
0 0 240 0.603801 0.0349419 0.373472 -0.843145 0 0
0 0 241 0.357027 -0.404251 -0.282588 0.357938 0 0
0 0 242 -0.0759716 -0.117645 0.0880235 0.148533 0 0
0 0 243 0.401445 0.252466 -0.0303969 -0.349182 0 0
0 0 244 0.584924 -0.0126689 0.246673 0.187307 0 0
0 0 245 -0.208723 0.491132 0.0285031 0.280367 0 0
0 0 246 -0.263072 -0.307332 0.267152 -0.355655 0 0
0 0 247 0.250511 0.000932738 -0.120901 -0.00567615 0 0
0 0 248 0.0474558 -0.145839 0.511844 -0.183201 0 0
0 0 249 0.656837 -0.0441559 0.439236 -0.389488 0 0
0 0 250 0.433014 0.25392 0.288481 0.303308 0 0
0 0 251 -0.336586 0.18685 -0.155584 -0.14299 0 0
0 0 252 0.441882 -0.174315 0.262642 0.450538 0 0
0 0 253 0.0737894 0.287678 0.14852 0.345879 0 0
0 0 254 0.243803 0.155527 0.20839 0.378448 0 0
0 0 255 0.256857 -0.0671478 -0.603464 -0.132075 0 0
0 0 256 0.464998 -0.0815625 -0.623856 0.227375 0 0
0 0 257 0.222583 -0.570088 0.328555 0.0168429 0 0
0 0 258 -0.0342315 0.188248 0.211084 0.239745 0 0
0 0 259 -0.0825091 -0.48327 0.284019 0.172352 0 0
0 0 260 -0.362207 0.389137 -0.00703731 -0.110323 0 0
0 0 261 0.502331 -0.266275 0.771918 0.702046 0 0
0 0 262 0.258751 -0.0829128 0.0413333 0.418446 0 0
0 0 263 0.0498849 -0.67193 -0.125014 -0.214086 0 0
0 0 264 0.0775755 0.238661 -0.103697 -0.115892 0 0
0 0 265 -0.253712 0.180693 0.113216 -0.233466 0 0
0 0 266 0.155812 -0.133008 0.269311 0.595509 0 0
0 0 267 0.815784 0.145393 0.527398 -0.091505 0 0
0 0 268 0.387385 -0.619773 -0.20309 -0.111017 0 0
0 0 269 0.269175 0.0730101 0.337098 0.417088 0 0
0 0 270 -0.0417801 -0.0604735 -0.101874 0.0324054 0 0
0 0 271 0.507631 -0.0845462 0.421949 -0.302624 0 0
0 0 272 -0.136207 0.337539 0.519716 0.38198 0 0
0 0 273 -0.0122454 -0.566129 0.287503 -0.447551 0 0
0 0 274 0.821474 -0.03251 0.517768 0.0222043 0 0
0 0 275 -0.0234568 -0.0340131 0.00847666 -0.446898 0 0
0 0 276 -0.520932 -0.188149 0.271983 0.211219 0 0
0 0 277 0.237291 0.0454181 0.15415 0.561296 0 0
0 0 278 0.593087 0.271896 -0.433915 -0.330447 0 0
0 0 279 -0.127568 0.421496 0.203398 0.276164 0 0
0 0 280 0.113169 0.0651391 -0.130054 -0.0625083 0 0
0 0 281 0.425217 -0.137096 0.328886 -0.419091 0 0
0 0 282 -0.112394 -0.0681773 -0.626178 -0.389303 0 0
0 0 283 0.131861 -0.521572 -0.19009 -0.102682 0 0
0 0 284 0.141194 0.631727 0.377549 -0.248165 0 0
0 0 285 -0.273421 0.164069 0.0829726 0.413025 0 0
0 0 286 -0.502359 0.433668 0.554031 -0.127289 0 0
0 0 287 0.0948988 -0.27664 0.0760478 0.208985 0 0
0 0 288 0.554225 -0.447333 0.262643 -0.0334444 0 0
0 0 289 0.167634 -0.224403 -0.218073 0.0594823 0 0
0 0 290 0.333737 0.123839 0.13177 0.174087 0 0
0 0 291 0.358403 -0.0729053 -0.220967 0.55672 0 0
0 0 292 -0.383148 0.0276047 0.308938 -0.509345 0 0
0 0 293 0.409871 0.012442 0.140605 0.478795 0 0
0 0 294 -0.106196 0.414356 0.107594 0.127548 0 0
0 0 295 0.338128 0.523223 0.0189519 -0.0782632 0 0
0 0 296 0.604339 -0.510843 -0.224105 -0.46157 0 0
0 0 297 0.175356 -0.098356 0.600111 0.366979 0 0
0 0 298 -0.0508432 -0.354346 -0.473835 0.0106593 0 0
0 0 299 0.223702 -0.106476 -0.0132371 0.483471 0 0
0 0 300 -0.276763 0.0381262 0.170434 -0.158194 0 0
0 0 301 0.271621 0.461477 0.29749 -0.465395 0 0
0 0 302 0.0900109 -0.167577 -0.054914 0.140077 0 0
0 0 303 0.375009 -0.413285 -0.0509485 0.15854 0 0
0 0 304 -0.122248 -0.219703 0.209472 -0.694038 0 0
0 0 305 0.229817 -0.443308 -0.184142 0.36755 0 0
0 0 306 -0.0318597 0.185637 -0.181936 0.0516357 0 0
0 0 307 -0.284254 0.562196 -0.0146503 0.205742 0 0
0 0 308 -0.361364 -0.0490239 0.168133 0.101839 0 0
0 0 309 -0.0744636 -0.186733 0.0732346 0.14497 0 0
0 0 310 0.443909 -0.16012 -0.119151 0.0109052 0 0
0 0 311 -0.0135757 -0.0397359 -0.118287 -0.521665 0 0
0 0 312 0.175717 -0.357288 1.13052 -0.702076 53.7693 7.61256
0 0 313 0.165224 -0.477539 -0.0576974 0.0488264 0 0
0 0 314 0.355326 0.60749 -0.0147235 -0.150495 0 0
0 0 315 -0.0390847 0.172599 -0.323796 0.859365 0 0
0 0 316 0.214121 -0.0200753 -0.12898 -0.118148 0 0
0 0 317 0.192478 0.13134 -0.254075 -0.0197994 0 0
0 0 318 0.726077 0.484086 0.488011 -0.00815584 0 0
0 0 319 0.284856 0.0722599 -0.273388 0.945372 0 0
0 0 320 -0.295959 0.138514 0.182065 0.336031 0 0
0 0 321 0.200099 0.380548 0.200353 0.103239 0 0
0 0 322 0.607343 0.581058 -0.161264 0.0708425 0 0
0 0 323 0.380093 0.00527194 -0.0532669 0.327397 0 0
0 0 324 -0.235921 0.0143008 -0.283668 -0.378116 0 0
0 0 325 0.233624 -0.209502 0.274961 -0.573279 0 0
0 0 326 0.363624 0.320115 0.449491 -0.181038 0 0
0 0 327 -0.0606577 -0.291514 -0.0550448 0.107131 0 0
0 0 328 0.16667 -0.0885444 -0.0656382 -0.56356 0 0
0 0 329 0.238111 -0.132668 -0.125958 -0.091762 0 0
0 0 330 0.420754 -0.380301 0.3816 -0.566891 0 0
0 0 331 0.0849279 0.76468 -0.459203 0.150693 0 0
0 0 332 0.325689 -0.254772 0.181847 0.177333 0 0
0 0 333 -0.0382152 -0.491134 -0.380619 -0.196382 0 0
0 0 334 -0.112464 -0.232603 0.00227335 0.844626 0 0
0 0 335 0.271039 0.154587 0.105553 0.279463 0 0
0 0 336 -0.244171 -0.534444 -0.118898 -0.284613 0 0
0 0 337 0.376542 0.425926 0.112829 0.312894 0 0
0 0 338 0.210999 -0.0590931 -0.145371 0.40555 0 0
0 0 339 0.0630337 0.244039 0.366416 0.0186661 0 0
0 0 340 0.260378 0.326315 0.125135 0.180113 0 0
0 0 341 0.829787 -0.00418094 -0.202425 -0.360677 0 0
0 0 342 0.628136 0.241863 0.0562358 -0.297798 0 0
0 0 343 0.0600213 0.0871423 0.25243 -0.370161 0 0
0 0 344 -0.17452 0.451125 -0.0146972 -0.0064188 0 0
0 0 345 -0.22466 -0.284667 -0.0683619 -0.0121363 0 0
0 0 346 0.314187 0.257104 0.389818 0.192929 0 0
0 0 347 0.76235 0.124753 -0.320341 -0.223518 0 0
0 0 348 0.162804 0.0849499 0.11448 -0.275942 0 0
0 0 349 0.0663071 -0.791704 -0.104496 -0.665018 0 0
0 0 350 -0.084551 -0.192311 -0.2829 0.201619 0 0
0 0 351 -0.0146644 0.0206495 -0.287278 0.404476 0 0
0 0 352 0.0959045 0.579423 0.0911457 -0.0791585 0 0
0 0 353 0.030839 0.291119 -0.260422 0.322428 0 0
0 0 354 0.19797 -0.310376 -0.217528 -0.260135 0 0
0 0 355 0.0431469 -0.0913427 -0.213639 0.533003 0 0
0 0 356 0.35981 0.355413 0.0935753 -0.0513807 0 0
0 0 357 -0.373845 -0.534614 0.0870319 0.0250315 0 0
0 0 358 0.161779 0.393273 -0.736125 0.201902 0 0
0 0 359 -0.0731198 0.570802 0.0496999 -0.7414 0 0
0 0 360 0.269117 -0.048711 0.745023 -0.398667 0 0
0 0 361 -0.243999 0.141945 -0.498702 -0.120134 0 0
0 0 362 0.0805417 -0.159545 0.576399 -0.483704 0 0
0 0 363 0.13489 0.244242 0.384414 -0.357435 0 0
0 0 364 -0.172889 0.0521266 0.00576107 0.165761 0 0
0 0 365 0.337207 0.304602 0.41572 -0.0663093 0 0
0 0 366 0.375388 -0.0569673 0.353126 -0.892616 0 0
0 0 367 -0.886054 -0.00129208 0.192486 -1.10832 0 0
0 0 368 0.0702243 0.0730224 -0.583861 -0.0520864 0 0
0 0 369 0.0457132 0.840908 -0.184926 -0.360236 0 0
0 0 370 0.0240238 -0.0403673 -0.044079 0.0677971 0 0
0 0 371 0.0336277 0.443889 -0.0206999 0.1972 0 0
0 0 372 0.433914 0.516269 0.191829 -0.474563 0 0
0 0 373 0.647133 -0.632096 -0.399868 0.570866 0 0
0 0 374 0.0260182 -0.157478 0.166796 0.477171 0 0
0 0 375 -0.375795 -0.311555 0.0728291 -0.155637 0 0
0 0 376 -0.214937 -0.30136 0.232197 -0.574795 0 0
0 0 377 0.528859 -0.185972 -0.115042 0.0044757 0 0
0 0 378 0.502836 -0.279386 0.676854 -0.122482 0 0
0 0 379 0.185946 0.19397 -0.0699421 0.0278406 0 0
0 0 380 -0.103201 -0.122916 0.159877 -0.303494 0 0
0 0 381 -0.0416271 -0.242709 -1.08511 0.109813 -51.304 8.08084
0 0 382 0.513735 -0.0157908 0.355976 0.12358 0 0
0 0 383 0.137845 0.258171 -0.12881 -1.03808 0 0
0 0 384 0.587718 0.618126 -0.0284072 -0.269163 0 0
0 0 385 0.137084 0.163274 -0.228835 -0.309148 0 0
0 0 386 -0.120297 -0.0666642 0.0277539 0.360416 0 0
0 0 387 0.288728 -0.413289 0.00983275 0.20157 0 0
0 0 388 0.124434 0.461051 0.101079 0.342046 0 0
0 0 389 -0.10722 0.176797 0.0940404 -0.0583939 0 0
0 0 390 0.0939708 -0.313023 -0.271468 0.0202877 0 0
0 0 391 0.0105485 0.300021 -0.161577 -0.483317 0 0
0 0 392 0.128332 0.318735 -0.501735 0.145887 0 0
0 0 393 0.329902 -0.231622 -0.0172476 0.36285 0 0
0 0 394 -0.252247 0.222397 0.680574 0.421789 0 0
0 0 395 0.259912 -0.159143 0.540996 0.318591 0 0
0 0 396 -0.428526 -0.24546 0.0679915 -0.410389 0 0
0 0 397 0.0725746 -0.408443 -0.11585 0.256197 0 0
0 0 398 0.359477 -0.348771 -0.196367 0.0271471 0 0
0 0 399 0.183184 -0.00857022 0.00619261 0.22731 0 0
0 0 400 -0.345288 -0.18048 0.278721 0.153895 0 0
0 0 401 -0.142111 -0.185901 -0.444899 -0.575823 0 0
0 0 402 0.0038913 -0.449648 0.164577 -0.0733981 0 0
0 0 403 0.459117 -0.341947 0.153807 -0.190312 0 0
0 0 404 0.349721 -0.632742 0.368276 -0.501525 0 0
0 0 405 -0.135769 0.0757656 -0.262379 -0.207606 0 0
0 0 406 0.0448853 0.838355 -0.178378 -0.153748 0 0
0 0 407 -0.0652252 -0.521191 -0.621542 -0.500791 0 0
0 0 408 0.418512 -0.554208 0.60039 0.446365 0 0
0 0 409 0.362784 -0.610591 0.0812851 0.101586 0 0
0 0 410 -0.164694 -0.158052 -0.0387365 -0.473952 0 0
0 0 411 0.396454 -0.341637 0.0362611 -0.00525618 0 0
0 0 412 -0.230433 -0.408427 -0.0422483 0.457256 0 0
0 0 413 0.248856 0.0179922 -0.235226 -0.0191982 0 0
0 0 414 -0.131985 0.22438 -0.376498 -0.105105 0 0
0 0 415 -0.21601 -0.249391 -0.240604 0.254911 0 0
0 0 416 0.814085 0.565336 -0.377832 0.101331 0 0
0 0 417 -0.111796 0.039331 -0.455524 -0.363369 0 0
0 0 418 0.0678961 -0.123553 -0.359037 0.563236 0 0
0 0 419 -0.0540621 0.677356 -0.0260728 -0.890597 0 0
0 0 420 -0.376422 -0.378893 -0.0861821 0.0518808 0 0
0 0 421 -0.127703 0.0478248 0.0373245 -0.256806 0 0
0 0 422 0.239103 0.586181 -0.299595 0.213561 0 0
0 0 423 0.340738 0.33059 0.0343982 -0.017797 0 0
0 0 424 0.29317 0.0159053 -0.168866 -0.252226 0 0
0 0 425 -0.174604 0.345648 0.402008 0.617464 0 0
0 0 426 -0.0758845 -0.263797 0.339037 0.0941586 0 0
0 0 427 -0.0872961 -0.0838952 0.299378 -0.196257 0 0
0 0 428 0.872911 -0.180541 0.521759 -0.129869 0 0
0 0 429 0.0329158 0.202471 -0.197141 -0.263627 0 0
0 0 430 0.186257 -0.311003 0.0428645 -0.123135 0 0
0 0 431 0.140503 -0.0692633 0.0259932 -0.226035 0 0
0 0 432 -0.248101 -0.0874 0.240374 -0.0307028 0 0
0 0 433 0.0616377 0.697036 0.250176 -0.460886 0 0
0 0 434 -0.0459737 0.0147271 -0.00660984 0.315183 0 0
0 0 435 -0.136336 0.0977726 0.537401 0.197336 0 0
0 0 436 0.355591 -0.317052 0.501983 -0.385217 0 0
0 0 437 -0.241615 0.331208 -0.136452 -0.477112 0 0
0 0 438 -0.13935 0.0550142 -0.217009 -0.0909896 0 0
0 0 439 -0.117458 0.0223476 0.0819379 0.0585843 0 0
0 0 440 -0.281963 -0.115543 0.0152765 0.740146 0 0
0 0 441 0.0608215 0.209877 -0.0987761 0.0127496 0 0
0 0 442 0.455223 -0.0762627 0.398549 -0.000668099 0 0
0 0 443 -0.942194 0.263652 0.423274 -0.22079 0 0
0 0 444 -0.155139 -0.104795 0.62485 0.0266692 0 0
0 0 445 0.303756 0.141505 0.573791 -0.129211 0 0
0 0 446 0.165156 0.40463 0.119449 -0.445859 0 0
0 0 447 0.192619 -0.0429676 -0.141461 0.0814064 0 0
0 0 448 -0.370452 0.655199 -0.273101 0.397063 0 0
0 0 449 0.972647 0.173888 0.536164 0.675856 0 0
0 0 450 -0.412887 -0.924277 0.0730487 -0.0980353 0 0
0 0 451 0.48952 0.0123928 -0.00260023 -0.287897 0 0
0 0 452 0.661548 -0.0864331 0.2211 0.041737 0 0
0 0 453 0.0436216 -0.0101428 0.0364504 -0.11608 0 0
0 0 454 0.135896 -0.498439 -0.298889 -0.28669 0 0
0 0 455 0.20946 -0.0310064 0.690967 -0.512012 0 0
0 0 456 -0.309367 0.213319 -0.104027 -0.188879 0 0
0 0 457 0.115773 0.260417 0.487313 0.312748 0 0
0 0 458 -0.0985161 0.0513356 0.485126 -0.372377 0 0
0 0 459 -0.217897 -0.296473 -0.338453 0.187821 0 0
0 0 460 -0.0218991 0.271949 0.270728 0.155367 0 0
0 0 461 -0.224074 -0.105433 -0.227339 0.343474 0 0
0 0 462 0.101319 -0.0660824 -0.522227 -0.492258 0 0
0 0 463 0.180045 0.560619 -0.633515 -0.276472 0 0
0 0 464 0.375903 0.324964 0.22448 0.264732 0 0
0 0 465 -0.153879 -0.407524 0.146915 0.281091 0 0
0 0 466 0.344499 -0.300324 0.349237 -0.0438543 0 0
0 0 467 -0.465174 -0.245773 -0.413948 0.36786 0 0
0 0 468 0.119738 0.332492 -0.421188 -0.0887595 0 0
0 0 469 -0.157461 0.126464 -0.413511 0.373142 0 0
0 0 470 -0.357237 -0.102856 -0.412414 0.199407 0 0
0 0 471 0.0976172 0.01001 -0.427362 0.000657599 0 0
0 0 472 0.482569 -0.241583 0.367594 -0.522906 0 0
0 0 473 -0.0687743 -0.182041 -0.0531546 -0.184225 0 0
0 0 474 -0.125391 0.199494 0.0516989 0.506162 0 0
0 0 475 0.222888 0.200831 0.13634 -0.0074732 0 0
0 0 476 0.278546 -0.300284 0.219822 0.129505 0 0
0 0 477 0.386906 0.473777 -0.24619 0.119278 0 0
0 0 478 0.350351 -0.0744559 -0.172944 -0.343548 0 0
0 0 479 0.322368 0.380878 0.372631 0.0280357 0 0
0 0 480 -0.344086 0.00823608 0.03583 0.252531 0 0
0 0 481 -0.396415 -0.0539126 -0.0276482 0.201599 0 0
0 0 482 -0.197061 0.490186 -0.324939 0.0122205 0 0
0 0 483 0.197726 -0.238551 -0.641028 0.0224052 0 0
0 0 484 -0.027076 -0.124787 -0.00694084 0.23588 0 0
0 0 485 0.328397 0.266263 0.299531 0.447444 0 0
0 0 486 -0.257069 -0.0518162 0.243548 0.0994609 0 0
0 0 487 0.309771 -0.124696 -0.059368 0.151869 0 0
0 0 488 -0.0490639 0.240661 -0.311881 -0.720651 0 0
0 0 489 -0.648329 0.471473 0.420069 0.0556027 0 0
0 0 490 0.109277 0.100331 -0.375165 -0.33211 0 0
0 0 491 -0.094197 -0.55991 -0.197584 -0.169854 0 0
0 0 492 0.396085 0.520104 -0.0456948 -0.00891386 0 0
0 0 493 0.168442 -0.166759 0.446759 0.157484 0 0
0 0 494 -0.0442853 -0.050459 -0.0800073 -0.350671 0 0
0 0 495 0.0110842 -0.19692 -0.29627 0.192766 0 0
0 0 496 0.669721 -0.057602 -0.0494886 0.184825 0 0
0 0 497 -0.334396 -0.293295 -0.764405 -0.104158 0 0
0 0 498 -0.163468 0.143386 0.425613 -0.16695 0 0
0 0 499 0.184311 0.220045 -0.216679 -0.171058 0 0
0 0 500 0.140319 0.290427 0.192402 -0.456848 0 0
0 0 501 -0.0454004 0.119843 -0.269113 0.109148 0 0
0 0 502 -0.247972 0.656666 0.20913 0.207524 0 0
0 0 503 0.225259 0.511224 -0.0148035 0.0837505 0 0
0 0 504 -0.215707 0.130142 -0.319161 0.504038 0 0
0 0 505 0.182651 -0.473094 0.177037 -0.246606 0 0
0 0 506 0.462607 -0.392016 -0.0403325 -0.0480031 0 0
0 0 507 -0.0657851 0.225226 -0.653575 0.482105 0 0
0 0 508 -0.0448314 0.306015 -0.0652629 0.252962 0 0
0 0 509 -0.174799 -0.07443 0.0496727 -0.576268 0 0
0 0 510 -0.0938909 -0.301591 -0.0821473 -0.163274 0 0
0 0 511 0.353861 -0.0013345 0.0508486 -0.00278405 0 0
0 0 512 0.0616799 0.131428 -0.113379 0.0434215 0 0
0 0 513 -0.498984 -0.617356 -0.411114 -0.502946 0 0
0 0 514 -0.232189 -0.658788 -0.0128147 0.594269 0 0
0 0 515 0.130538 -0.256365 0.277428 0.373366 0 0
0 0 516 -0.0894172 0.631724 0.322557 0.0281789 0 0
0 0 517 -0.207703 0.297333 -0.20095 0.257432 0 0
0 0 518 -0.33234 -0.0649187 -0.681523 0.00629601 0 0
0 0 519 0.000171892 -0.138333 -0.132952 0.518706 0 0
0 0 520 0.693694 0.313414 -0.0477809 -0.372075 0 0
0 0 521 -0.0551957 -0.242782 -0.0816787 0.385803 0 0
0 0 522 -0.302187 -0.478022 0.127177 0.434771 0 0
0 0 523 0.121677 -0.40598 0.196079 -0.0137385 0 0
0 0 524 0.247784 0.0820493 -0.212442 -0.137593 0 0
0 0 525 0.132863 0.082802 0.232953 0.271537 0 0
0 0 526 0.651153 0.241823 0.194877 -0.268466 0 0
0 0 527 0.0321544 -0.00504088 0.157474 0.14227 0 0
0 0 528 -0.00609396 0.32627 0.0816458 -0.171661 0 0
0 0 529 -0.291658 0.203252 -0.293569 0.220923 0 0
0 0 530 0.212508 -0.18115 -0.319492 0.187387 0 0
0 0 531 0.103446 0.418471 -0.213649 0.76043 0 0
0 0 532 -0.104685 0.475266 0.143394 -0.291358 0 0
0 0 533 -0.157205 0.0744908 -0.281179 -0.231458 0 0
0 0 534 -0.213853 -0.014498 -0.441815 -0.301633 0 0
0 0 535 0.12125 -0.0341036 -0.67222 -0.334379 0 0
0 0 536 -0.014088 -0.436833 0.442075 -0.424062 0 0
0 0 537 0.588888 -0.0634024 -0.349509 0.0113034 0 0
0 0 538 0.328283 -0.123022 0.238151 0.27994 0 0
0 0 539 -0.0778276 0.426505 0.368771 0.00210733 0 0
0 0 540 0.434977 0.519101 0.0307299 -0.775053 0 0
0 0 541 0.37103 0.278117 -0.0292324 -0.110306 0 0
0 0 542 -0.0106653 -0.202518 0.242609 -0.42829 0 0
0 0 543 0.414873 -0.288647 -0.3378 0.136334 0 0
0 0 544 0.671384 -0.219972 -0.0115555 -0.161442 0 0
0 0 545 -0.0850357 0.467415 -0.148663 -0.150809 0 0
0 0 546 0.492589 -0.303256 -0.035396 -0.0448368 0 0
0 0 547 0.295921 -0.193065 -0.293888 -0.0121376 0 0
0 0 548 0.290506 -0.207148 0.310078 0.27549 0 0
0 0 549 0.380558 0.468063 0.0227399 -0.633639 0 0
0 0 550 -0.582381 0.344015 -0.0931699 0.0737589 0 0
0 0 551 0.0830921 -0.125465 -0.486961 -0.00809447 0 0
0 0 552 -0.0665378 0.256096 0.34203 -0.4095 0 0
0 0 553 0.116843 0.529559 0.38933 -0.0179059 0 0
0 0 554 -0.296898 0.122456 0.343742 -0.0960277 0 0
0 0 555 0.00429849 0.337629 -0.190853 -0.272266 0 0
0 0 556 -0.0205297 -0.183116 0.0483194 -0.250481 0 0
0 0 557 0.286085 -0.139136 0.49798 0.026328 0 0
0 0 558 0.183841 -0.0618817 0.511443 -0.0625419 0 0
0 0 559 -0.551452 0.347035 0.153855 0.107322 0 0
0 0 560 0.506074 -0.0325335 0.20976 0.0707234 0 0
0 0 561 1.04378 0.313579 -0.0524268 -0.487459 0 0
0 0 562 0.0921859 -0.510464 -0.0154537 0.0723075 0 0
0 0 563 0.179306 0.271946 -0.144629 -0.127388 0 0
0 0 564 0.544955 -0.2462 0.432758 0.0528303 0 0
0 0 565 0.236185 0.166137 -0.00356805 0.187889 0 0
0 0 566 -0.630221 0.287526 -0.240036 0.537093 0 0
0 0 567 0.0804095 0.277059 -0.213507 -0.158632 0 0
0 0 568 -0.725953 -0.296326 -0.014591 -0.161782 0 0
0 0 569 0.981876 0.13928 -0.0508329 0.253466 0 0
0 0 570 0.264519 -0.198574 -0.154229 -0.230545 0 0
0 0 571 0.201122 0.207436 0.560768 -0.417979 0 0
0 0 572 0.297772 0.161796 0.43814 0.567377 0 0
0 0 573 0.204292 0.0237536 0.225733 0.567335 0 0
0 0 574 -0.301879 0.542705 -0.0531374 -0.377281 0 0
0 0 575 0.240893 0.0251052 0.162118 -0.285677 0 0
0 0 576 0.606928 -0.383356 0.213882 -0.0801256 0 0
0 0 577 -0.00437674 0.432554 0.0876798 -0.379342 0 0
0 0 578 0.631424 0.542826 0.0713939 -0.268464 0 0
0 0 579 -0.245888 -0.342096 0.0518838 -0.196178 0 0
0 0 580 0.338119 0.154434 -0.247769 -0.387163 0 0
0 0 581 0.480869 0.318889 0.304149 0.453142 0 0
0 0 582 0.0227625 -0.033279 0.248898 0.00237694 0 0
0 0 583 0.173276 0.201744 -0.605207 0.129097 0 0
0 0 584 -0.215543 0.479172 -0.200231 0.106076 0 0
0 0 585 0.61682 0.320998 0.143515 -0.386904 0 0
0 0 586 0.38317 0.55373 0.175154 0.19076 0 0
0 0 587 0.836949 0.284717 0.279585 -0.329255 0 0
0 0 588 0.379607 0.0906976 0.0611872 0.202513 0 0
0 0 589 0.339955 0.215956 0.149337 0.501528 0 0
0 0 590 0.107879 0.0486477 0.604742 -0.270102 0 0
0 0 591 0.552639 0.403404 0.0669626 -0.375352 0 0
0 0 592 0.204706 0.157738 0.15244 -0.115595 0 0
0 0 593 0.134253 0.164757 0.0477013 -0.292966 0 0
0 0 594 0.323158 -0.242669 0.00888344 -0.459775 0 0
0 0 595 0.135399 0.792676 0.306433 -0.07615 0 0
0 0 596 0.280931 0.335854 0.281968 -0.474413 0 0
0 0 597 0.144692 0.272115 0.261685 0.127007 0 0
0 0 598 0.294144 -0.416106 0.240381 -0.0101271 0 0
0 0 599 0.277752 0.21772 0.42412 0.432427 0 0
0 0 600 0.201039 -0.129755 -0.00698234 0.232341 0 0
0 0 601 -0.290799 -0.233608 0.362467 0.0508584 0 0
0 0 602 0.285389 -0.0197785 -0.442295 0.0117023 0 0
0 0 603 0.519383 0.504213 -0.287196 0.539297 0 0
0 0 604 0.594927 0.190181 0.419313 0.24699 0 0
0 0 605 0.0987251 -0.178915 0.462523 0.114929 0 0
0 0 606 0.133206 -0.321216 -0.168335 -0.292744 0 0
0 0 607 -0.187986 -0.192497 0.535859 0.156398 0 0
0 0 608 0.280585 0.0773163 0.240705 0.406472 0 0
0 0 609 0.27749 0.0344287 0.318812 0.111635 0 0
0 0 610 -0.325867 -0.342304 0.0160888 0.461441 0 0
0 0 611 0.448471 -0.349669 -0.145844 -0.00684338 0 0
0 0 612 -0.0338987 0.321633 -0.267863 -0.686826 0 0
0 0 613 0.0594012 -0.538784 0.178732 -0.151877 0 0
0 0 614 0.222282 -0.258832 -0.019733 0.737219 0 0
0 0 615 0.103336 0.0167681 -0.32036 -0.140977 0 0
0 0 616 0.345582 -0.451712 0.7152 0.157535 0 0
0 0 617 -0.181532 -0.432132 0.394424 -0.360281 0 0
0 0 618 -0.244231 -0.259015 -0.189741 -0.455319 0 0
0 0 619 0.503392 0.567634 0.222156 0.837403 0 0
0 0 620 0.0371129 0.211226 0.222035 0.246821 0 0
0 0 621 0.299918 0.114369 0.059716 -0.368199 0 0
0 0 622 -0.196202 0.177317 0.252686 0.334003 0 0
0 0 623 -0.0189486 -0.0237722 0.314223 0.371249 0 0
0 0 624 0.175236 0.143507 -0.191763 -0.285634 0 0
0 0 625 0.0584191 0.386775 -0.282196 0.0653566 0 0
0 0 626 0.112688 -0.719221 -0.184033 0.0632274 0 0
0 0 627 0.420992 0.0674898 -0.317758 -0.107906 0 0
0 0 628 0.201142 -0.104691 -0.0651525 -0.153378 0 0
0 0 629 0.296248 -0.143482 0.318542 0.367594 0 0
0 0 630 0.36295 -0.674152 -0.36279 -0.329136 0 0
0 0 631 0.216068 -0.215412 0.37506 -0.204508 0 0
0 0 632 -0.409765 0.0998698 -0.440561 0.195046 0 0
0 0 633 0.661001 0.276524 -0.213349 0.050636 0 0
0 0 634 0.162324 0.293144 -0.0427523 0.153344 0 0
0 0 635 0.184744 0.259174 0.114632 0.172866 0 0
0 0 636 0.246925 -0.0725845 0.316713 -0.056926 0 0
0 0 637 0.419746 0.121955 0.0996426 0.401012 0 0
0 0 638 -0.22081 -0.298111 -0.663664 -0.0824455 0 0
0 0 639 0.651026 0.21568 -0.0699558 -0.00310621 0 0
0 0 640 0.582453 0.0600202 0.0258276 -0.0651456 0 0
0 0 641 0.0872347 0.0867162 -0.104067 0.0512519 0 0
0 0 642 0.577567 0.455163 0.42123 0.0462901 0 0
0 0 643 0.968097 -0.166893 -0.0897039 -0.0565546 0 0
0 0 644 -0.302931 -0.201017 -0.733855 0.95533 0 0
0 0 645 0.373321 -0.166942 0.290383 -0.0239352 0 0
0 0 646 0.0934461 0.272299 0.197706 0.20199 0 0
0 0 647 -0.0611972 0.396086 0.226309 0.0763149 0 0
0 0 648 0.667775 -0.0878289 -0.129388 0.187837 0 0
0 0 649 0.0610991 0.485912 -0.120445 0.0226242 0 0
0 0 650 0.542332 0.445026 0.04707 -0.549988 0 0
0 0 651 0.836362 -0.0264646 0.258753 0.0529604 0 0
0 0 652 0.402012 0.303513 0.365062 0.359792 0 0
0 0 653 0.6305 -0.307935 -0.505114 0.0949277 0 0
0 0 654 0.704086 -0.351479 -0.13125 0.515942 0 0
0 0 655 0.760772 -0.409094 -0.540942 0.27397 0 0
0 0 656 1.18896 0.192194 0.00533896 -0.150537 0 0
0 0 657 0.16922 -0.402466 0.470922 0.140496 0 0
0 0 658 0.697609 0.0910695 -0.0829074 0.204308 0 0
0 0 659 0.724051 0.18618 -0.362642 0.375278 0 0
0 0 660 0.839876 0.325322 -0.0475913 0.147144 0 0
0 0 661 1.29534 0.335796 -0.343615 0.240836 0 0
0 0 662 0.378584 0.274051 0.0402216 -0.130506 0 0
0 0 663 1.42796 -0.345447 -0.438092 -0.680492 0 0
0 0 664 1.19805 -0.0609053 -0.426462 0.357 0 0
0 0 665 1.67204 -0.281972 -0.269572 -0.362041 0 0
0 0 666 1.81476 0.0166165 -0.635788 0.11831 0 0
0 0 667 1.74128 -0.141921 -0.0872181 0.166868 0 0
0 0 668 2.1119 -0.187231 -0.36247 0.352462 0 0
0 0 669 1.86609 -0.538672 0.0842757 -0.319241 0 0
0 0 670 1.74968 -0.415546 -0.287459 -0.158621 0 0
0 0 671 1.71071 -0.338822 -0.79736 0.156652 0 0
0 0 672 2.33984 -0.130346 -0.405732 0.259922 0 0
0 0 673 2.53529 0.100786 -1.4098 0.0865974 -42.9555 6.32887
0 0 674 2.57708 -0.311091 -1.42338 -0.242577 -51.1643 6.16572
0 0 675 3.05399 -0.806269 -1.04004 0.0316124 -63.8919 7.05803
0 0 676 3.48063 -0.0598352 -1.29744 -0.27101 -46.3202 6.88505
0 0 677 3.44279 -0.10875 -1.86112 -0.375751 -46.6721 4.79731
0 0 678 3.9688 -0.0330797 -2.10138 0.183951 -45.4509 4.25413
0 0 679 4.58545 -0.117932 -1.40624 -0.111048 -47.3969 6.34008
0 0 680 4.7198 -0.368057 -2.17901 0.166883 -49.7937 4.0575
0 0 681 5.02011 -0.948001 -1.71628 0.312748 -59.4572 4.67105
0 0 682 4.75736 0.183698 -1.97932 -0.152201 -42.3488 4.50162
0 0 683 4.45243 -0.849552 -2.52224 0.130914 -54.3074 3.39516
0 0 684 4.5707 -0.652027 -1.25204 -0.352555 -58.7547 6.47447
0 0 685 4.36242 -0.934463 -1.8695 -0.336155 -58.279 4.36701
0 0 686 4.17294 -0.935632 -2.2192 -0.0569351 -56.4303 3.77092
0 0 687 4.53255 -0.342361 -1.178 -0.144874 -53.1027 7.34764
0 0 688 4.59503 -0.658889 -1.81932 -0.0472652 -54.9542 4.6767
0 0 689 4.49191 0.0045023 -1.64778 0.143968 -44.9217 5.42572
0 0 690 4.17236 -1.10184 -1.38166 -0.371664 -64.2858 5.26265
0 0 691 3.97965 -0.667236 -1.81129 -0.341316 -55.1113 4.68974
0 0 692 4.35042 -0.752381 -0.711594 0.37477 0 0
0 0 693 3.81361 -0.573862 -2.25487 -0.0492207 -52.1393 3.86705
0 0 694 4.08701 -1.16494 -1.23225 -0.446803 -66.6958 5.52883
0 0 695 4.0857 -0.681092 -1.72961 0.0297102 -55.7469 4.87728
0 0 696 3.60782 -0.319604 -1.76689 0.0372215 -50.1265 4.99579
0 0 697 3.8653 -0.0758187 -2.13127 -0.025419 -46.0187 4.19278
0 0 698 3.67335 -0.30718 -1.47264 0.0393399 -50.8912 5.96921
0 0 699 3.63782 -0.404851 -1.85714 0.0422619 -51.149 4.7261
0 0 700 4.41023 -0.844942 -1.34607 0.86818 -61.0584 5.7909
0 0 701 3.55097 -0.530527 -2.03113 -0.0170028 -52.3193 4.28745
0 0 702 3.93307 -0.614607 -2.28728 -0.482668 -52.5203 3.8016
0 0 703 4.08406 -0.794747 -2.40199 -0.301762 -54.1539 3.57031
0 0 704 3.62817 -1.02189 -1.88273 -0.0813148 -59.2459 4.27264
0 0 705 3.52005 -1.01657 -1.57276 0.351687 -61.4385 4.92042
0 0 706 3.99716 -0.192163 -2.2407 0.0062395 -47.4509 3.97848
0 0 707 3.48442 -0.398584 -1.85992 0.0860472 -51.0478 4.7219
0 0 708 3.29902 -0.321306 -2.07764 0.226734 -49.3956 4.26308
0 0 709 4.15785 0.0746121 -2.73475 -0.441541 -44.2186 3.26823
0 0 710 3.7441 -0.330499 -2.04996 -0.204192 -49.5793 4.31717
0 0 711 3.7064 -0.698581 -2.01388 0.348795 -54.5654 4.24152
0 0 712 4.31799 -0.592722 -2.24271 0.0790558 -52.402 3.88058
0 0 713 4.69172 -0.407028 -2.39311 0.408606 -49.8263 3.69393
0 0 714 4.65761 -1.27303 -2.56558 -0.482612 -58.1952 3.18606
0 0 715 4.75214 -0.825848 -2.66368 0.287546 -53.6128 3.23542
0 0 716 5.60014 -1.17363 -3.01523 -0.326953 -55.6339 2.80128
0 0 717 5.50928 -1.01254 -3.12255 -0.203391 -53.9831 2.7508
0 0 718 6.45249 -0.770628 -3.74809 -0.054316 -50.8092 2.34644
0 0 719 6.4378 -0.978316 -3.43325 0.337074 -52.9525 2.52416
0 0 720 6.71464 -1.37505 -3.65085 0.21517 -55.3191 2.32157
0 0 721 6.2828 -0.503277 -4.14915 -0.00644809 -48.458 2.14235
0 0 722 6.84903 -1.31286 -4.82084 0.320579 -52.617 1.80237
0 0 723 7.89266 -1.30107 -4.57868 0.254498 -52.9315 1.89302
0 0 724 8.222 -1.52003 -4.91358 -0.171045 -53.5948 1.75422
0 0 725 8.48962 -2.08665 -5.93131 -0.0169686 -54.691 1.43834
0 0 726 8.88163 -1.85824 -5.36566 -0.452879 -54.551 1.59219
0 0 727 9.55328 -2.18322 -5.62935 -0.200279 -55.5989 1.50102
0 0 728 9.93823 -2.35829 -6.61334 -0.605295 -54.813 1.28842
0 0 729 10.0604 -2.05503 -5.64782 -0.225184 -54.9973 1.50583
0 0 730 9.93328 -2.57543 -5.82892 0.20243 -56.9188 1.42696
0 0 731 10.5181 -2.68529 -6.01191 0.027036 -57.0343 1.38147
0 0 732 10.3532 -2.23396 -6.00196 0.144294 -55.2078 1.41384
0 0 733 10.5693 -2.97547 -6.02186 -0.982509 -58.1473 1.35834
0 0 734 10.2304 -2.38782 -5.44101 -0.455969 -56.8473 1.53008
0 0 735 9.54695 -2.7291 -4.89498 -0.381674 -59.5705 1.63472
0 0 736 9.74048 -3.01537 -4.37811 -0.896288 -62.2783 1.73799
0 0 737 10.108 -3.13255 -4.27374 0.0107469 -63.1203 1.74841
0 0 738 9.78453 -3.21295 -3.25798 -0.419976 -67.3006 2.05309
0 0 739 10.5238 -3.24483 -3.02453 0.0674196 -68.5063 2.12634
0 0 740 10.8137 -3.02705 -3.05133 -0.420327 -67.3856 2.18633
0 0 741 10.9349 -3.55255 -2.77033 -0.141408 -71.0262 2.11085
0 0 742 11.6232 -3.31572 -1.88435 -0.253013 -75.195 2.52446
0 0 743 12.6621 -3.40618 -1.7923 -0.455845 -76.1236 2.5076
0 0 744 13.1985 -3.32371 -1.56815 -0.648653 -77.3709 2.6345
0 0 745 14.3427 -3.81367 -1.53964 -0.344796 -79.0076 2.36302
0 0 746 15.6132 -2.75119 -1.23032 -0.457376 -77.953 3.21704
0 0 747 16.7509 -3.18232 -1.40382 -0.355255 -78.0981 2.78841
0 0 748 19.0577 -3.10362 -1.17844 -0.705071 -79.6041 2.9311
0 0 749 20.0657 -2.29662 -0.530598 -0.358179 -83.4955 4.15586
0 0 750 22.7317 -2.3699 0.134968 -0.37808 88.3702 4.14395
0 0 751 25.337 -1.22322 1.30191 -0.443054 66.6075 5.24666
0 0 752 27.2877 -0.0943203 1.6422 0.305106 46.6436 5.4371
0 0 753 31.4111 0.360652 2.89873 0.0205718 41.4539 3.06558
0 0 754 35.1849 1.05191 4.45468 -0.0594339 38.3569 1.96412
0 0 755 39.3563 2.55075 6.05304 -0.0716344 33.5747 1.3826
0 0 756 43.5402 4.37907 7.8536 0.0788089 30.4283 1.01887
0 0 757 49.7679 5.62017 9.89327 -0.245146 30.2 0.805742
0 0 758 53.513 6.60818 11.8609 0.94211 30.438 0.674745
0 0 759 57.0402 8.43158 13.2696 0.522773 28.784 0.585682
0 0 760 59.7602 9.3674 14.9721 0.234731 28.9838 0.521045
0 0 761 61.1717 9.84894 14.9601 1.07577 28.3206 0.51485
0 0 762 60.8028 9.95423 13.724 1.15039 27.0231 0.546197
0 0 763 59.5792 10.0842 13.8356 1.18434 26.9566 0.540996
0 0 764 57.4067 9.13346 12.3609 2.05662 26.7697 0.603015
0 0 765 54.108 8.52365 11.5446 1.53095 26.7804 0.645809
0 0 766 50.7059 8.26066 9.44234 1.57576 24.4094 0.744538
0 0 767 46.9922 6.82677 8.93533 1.25298 26.3097 0.825441
0 0 768 42.4551 5.95443 7.42942 1.00054 25.6445 0.977027
0 0 769 38.8533 4.87991 5.81051 1.44144 24.9875 1.22864
0 0 770 35.529 4.82386 5.24849 0.986511 23.707 1.31342
0 0 771 32.5769 3.27898 4.52209 1.08928 27.027 1.65779
0 0 772 29.832 3.40973 3.76126 0.880377 23.9032 1.84304
0 0 773 27.2719 2.29937 3.33463 0.504078 27.706 2.28109
0 0 774 25.3842 1.55094 2.94069 0.679157 31.0963 2.75027
0 0 775 23.3756 1.11193 2.51575 0.311843 33.0776 3.30606
0 0 776 22.4907 0.99611 2.36521 0.151608 33.5808 3.53862
0 0 777 21.5145 0.482453 1.60064 0.18416 36.6133 5.3947
0 0 778 20.7677 -0.0363989 1.58899 0.28244 45.6561 5.6253
0 0 779 19.4402 -0.296597 1.49609 -0.196913 50.6067 5.88512
0 0 780 19.0219 -0.158814 0.673051 -0.511749 0 0
0 0 781 18.0455 -0.221976 0.932123 -0.0524314 0 0
0 0 782 18.1377 0.00377464 0.43961 -0.466903 0 0
0 0 783 16.7844 -0.779956 1.29781 -0.527189 60.5025 6.0678
0 0 784 16.9462 -0.639203 -0.219507 -0.837905 0 0
0 0 785 16.422 -0.771586 0.702773 -0.794719 0 0
0 0 786 16.179 -0.660237 0.745976 -0.825588 0 0
0 0 787 15.1158 -0.727506 0.302528 -1.27415 0 0
0 0 788 14.629 -1.14834 0.428164 -0.672759 79.7759 7.94258
0 0 789 15.1423 -1.54268 -0.106557 -1.69284 -88.0243 6.36035
0 0 790 14.5778 -0.385668 0.589996 -1.2325 0 0
0 0 791 14.2889 -0.886917 0.262981 -0.890819 0 0
0 0 792 13.6433 -1.41224 0.566875 -1.56311 79.0647 6.38709
0 0 793 12.8267 -0.568915 0.622893 -0.893649 0 0
0 0 794 13.2155 -1.65108 0.846099 -0.982016 76.4335 5.2065
0 0 795 13.007 -0.980162 0.472975 -1.50803 77.1202 8.89086
0 0 796 12.4762 -1.05876 0.557615 -1.55736 76.1128 8.06549
0 0 797 11.7115 -1.095 0.715421 -1.51289 73.4207 7.32366
0 0 798 11.5374 -1.46737 0.758788 -1.78587 76.3281 5.84565
0 0 799 10.8714 -1.28164 0.543752 -1.42618 78.5052 6.97279
0 0 800 10.4313 -1.11216 0.808679 -1.64947 71.989 6.93637
0 0 801 10.1499 -0.655265 0.14558 -1.66504 0 0
0 0 802 9.85676 -1.33817 0.857381 -1.96096 73.6759 6.03197
0 0 803 9.46822 -1.25271 0.704964 -1.15349 75.3156 6.69998
0 0 804 9.14992 -0.89985 1.08163 -1.64071 64.8792 6.62302
0 0 805 8.89995 -1.37945 0.75484 -1.59177 75.6561 6.1303
0 0 806 8.85252 -1.29384 0.406767 -1.3886 81.2737 7.19764
0 0 807 8.28647 -0.823923 0.297736 -1.31891 0 0
0 0 808 7.92588 -1.1271 0.378843 -1.53772 80.7107 8.20133
0 0 809 7.48608 -1.13172 0.479885 -1.27481 78.5108 7.89724
0 0 810 7.25628 -1.293 0.784547 -0.97268 74.3761 6.35132
0 0 811 6.88475 -1.54529 0.465599 -0.87637 81.6162 6.05223
0 0 812 6.9299 -0.913646 0.792138 -1.38629 69.5372 7.82657
0 0 813 6.65414 -1.10246 0.0437706 -0.725297 88.8632 8.91669
0 0 814 6.16095 -1.1345 0.527429 -0.93858 77.5331 7.74174
0 0 815 5.95064 -1.33969 0.358975 -0.68215 82.4999 7.05274
0 0 816 5.11978 -0.968683 0.552857 -1.46536 75.1426 8.63079
0 0 817 5.1149 -1.80941 0.685496 -1.0141 79.6254 5.02926
0 0 818 5.03963 -0.612738 0.441803 -1.11292 0 0
0 0 819 5.28896 -0.886836 0.383622 -1.12699 0 0
0 0 820 4.77527 -1.08469 1.18722 -0.706228 66.208 5.82054
0 0 821 4.69643 -0.575035 0.521476 -0.569118 0 0
0 0 822 4.27538 -1.33499 0.236431 -0.209305 84.9784 7.23818
0 0 823 4.21448 -0.719495 0.100327 -0.479395 0 0
0 0 824 3.96464 -0.825773 0.531933 -0.62666 0 0
0 0 825 4.27133 -0.673259 0.625372 -0.658282 0 0
0 0 826 3.53488 -1.14202 0.48416 -0.682861 78.5127 7.8263
0 0 827 3.8458 -0.736292 0.839963 -0.316416 65.6185 8.36327
0 0 828 3.0229 -1.01514 0.760438 -0.556652 71.5816 7.51044
0 0 829 3.22552 -0.858698 0.322665 -0.359267 0 0
0 0 830 3.16738 -1.46258 0.519267 -0.366975 80.2266 6.27757
0 0 831 2.60558 -1.00017 0.613336 0.0605211 74.241 8.18416
0 0 832 2.47911 -0.719205 0.815805 -0.06719 65.6995 8.59188
0 0 833 2.81438 -0.823293 0.629818 -0.384253 0 0
0 0 834 2.71712 -0.641251 0.350605 -0.278971 0 0
0 0 835 2.07424 -0.873453 0.465906 0.0103941 0 0
0 0 836 2.31967 -0.880109 0.599119 -0.0174454 0 0
0 0 837 2.32697 -0.275609 -0.0394789 -0.032592 0 0
0 0 838 1.79132 0.0197053 0.419066 0.0796259 0 0
0 0 839 2.06695 0.0265855 0.0093174 -0.71049 0 0
0 0 840 1.47419 0.0761667 0.435877 0.214921 0 0
0 0 841 2.09837 -0.135255 0.706081 -0.207376 0 0
0 0 842 1.88004 -0.0850763 0.305557 -0.0544693 0 0
0 0 843 1.68269 -0.162333 0.418597 -0.502909 0 0
0 0 844 1.5549 -0.220714 0.333663 0.163687 0 0
0 0 845 1.11827 -0.386829 0.501078 -0.327477 0 0
0 0 846 1.71151 -0.0954977 0.115844 -0.208851 0 0
0 0 847 1.17535 -0.131457 0.219788 -0.535299 0 0
0 0 848 1.64109 -0.378011 0.625196 -0.316756 0 0
0 0 849 1.15705 0.000778377 -0.110934 -0.112258 0 0
0 0 850 1.0541 0.201752 0.0743842 0.536774 0 0
0 0 851 1.31286 -0.328427 0.543171 0.0488637 0 0
0 0 852 1.09043 -0.241169 0.278561 -0.333511 0 0
0 0 853 1.18827 -0.488408 0.408546 0.206492 0 0
0 0 854 1.08879 -0.0168009 -0.0227544 -0.171112 0 0
0 0 855 0.467971 -0.258402 -0.266101 -0.29116 0 0
0 0 856 0.809179 0.123589 -0.226697 0.0210046 0 0
0 0 857 0.554458 -0.0866223 -0.0606515 -0.0795611 0 0
0 0 858 0.250676 -0.323668 -0.66411 0.177676 0 0
0 0 859 1.12101 0.476829 0.432403 -0.310705 0 0
0 0 860 0.643649 0.0921252 -0.698041 0.774114 0 0
0 0 861 0.685786 0.442114 0.721952 -0.194045 0 0
0 0 862 0.697065 -0.344436 0.335771 0.219077 0 0
0 0 863 0.409047 -0.268557 0.387595 -0.2719 0 0
0 0 864 0.370196 0.0837373 0.510078 0.350816 0 0
0 0 865 0.75478 0.120984 0.37563 0.095172 0 0
0 0 866 0.839734 -0.00499287 0.615179 -0.00151472 0 0
0 0 867 0.585394 -0.293047 0.10794 -0.082189 0 0
0 0 868 0.834747 0.437009 0.254967 -0.147576 0 0
0 0 869 1.35721 -0.165395 0.046002 -0.192393 0 0
0 0 870 0.360704 0.307165 0.589164 0.933196 0 0
0 0 871 0.481961 0.18639 0.313184 -0.211234 0 0
0 0 872 0.968657 0.59216 0.440709 -0.219091 0 0
0 0 873 0.678193 -0.553072 0.167768 0.048869 0 0
0 0 874 0.891835 0.0630871 0.475325 -0.111973 0 0
0 0 875 0.956301 -0.0154769 0.272533 0.408216 0 0
0 0 876 1.10336 0.802177 1.05909 -0.598673 26.4295 6.98349
0 0 877 1.27937 -0.179409 0.652868 -0.330119 0 0
0 0 878 1.37941 0.0653591 1.11785 -0.58703 43.3269 7.98712
0 0 879 0.894728 0.335093 0.716735 -0.0896591 0 0
0 0 880 1.56701 0.129838 1.11541 0.0639675 41.6802 7.97284
0 0 881 1.24877 0.450992 1.36963 -0.0243397 35.8872 6.26384
0 0 882 1.88733 -0.248533 0.51183 -0.124229 0 0
0 0 883 1.92962 0.503791 0.981989 -0.354738 31.4204 8.27688
0 0 884 1.90673 0.158818 0.297885 -0.376992 0 0
0 0 885 1.38791 0.463057 0.620308 0.761624 0 0
0 0 886 1.61402 0.652454 0.794854 0.301449 0 0
0 0 887 0.885725 0.179481 0.782054 -0.405786 0 0
0 0 888 1.7553 0.0396962 0.993545 0.165591 0 0
0 0 889 2.00455 0.263051 1.13277 0.0541437 38.4632 7.7294
0 0 890 1.88269 -0.0914848 0.500366 -0.0306171 0 0
0 0 891 1.77184 0.533147 0.056195 -0.185857 0 0
0 0 892 2.07407 -0.173005 0.805222 -0.732382 0 0
0 0 893 1.40408 0.0156425 0.85375 -0.542721 0 0
0 0 894 1.93927 0.461902 0.924764 -0.0732495 0 0
0 0 895 0.767078 0.280458 0.993877 -0.0896922 0 0
0 0 896 1.56681 0.581612 0.97068 -0.182766 29.5354 8.11819
0 0 897 1.91622 0.537126 1.194 -0.00490431 32.8896 6.94898
0 0 898 1.42569 -0.0120961 0.944942 0.267017 0 0
0 0 899 2.19896 0.117123 -0.133506 -0.856219 0 0
0 0 900 1.25366 0.422803 0.7726 -0.539899 0 0
0 0 901 1.5662 0.503238 0.818165 -0.537972 0 0
0 0 902 1.75328 0.115142 0.732503 0.119297 0 0
0 0 903 1.25768 -0.309577 1.07148 -0.17291 53.0577 8.08106
0 0 904 1.50625 0.00907391 0.574667 0.141031 0 0
0 0 905 1.42297 -0.305544 0.969243 -0.41331 0 0
0 0 906 1.22372 -0.295948 1.11161 0.221519 52.4541 7.82617
0 0 907 1.38177 0.4519 0.511676 0.187303 0 0
0 0 908 1.711 0.286183 0.43185 0.0686215 0 0
0 0 909 0.718719 -0.228097 -0.0726814 -0.583984 0 0
0 0 910 1.22147 -0.394617 0.449784 0.0467046 0 0
0 0 911 1.00523 -0.185838 0.142201 -0.0555629 0 0
0 0 912 0.642254 0.286788 0.018147 -0.0036889 0 0
0 0 913 0.414207 0.206888 0.313402 0.0871888 0 0
0 0 914 0.821153 -0.338532 0.624859 -0.251341 0 0
0 0 915 1.15234 -0.302004 0.11845 0.0279824 0 0
0 0 916 1.18045 0.128474 0.033006 0.263576 0 0
0 0 917 0.845184 0.43442 0.162674 0.378244 0 0
0 0 918 0.123913 -0.34048 1.04994 0.158582 53.9835 8.18088
0 0 919 1.37446 0.0609527 1.28652 0.018246 43.6437 6.94315
0 0 920 0.250252 -0.416349 0.271028 -0.0680914 0 0
0 0 921 -0.102968 0.217178 -0.257166 0.0420182 0 0
0 0 922 0.816816 -0.0248682 0.736494 0.702784 0 0
0 0 923 0.49205 -0.0909705 0.600547 -0.0245687 0 0
0 0 924 0.53749 -0.314849 0.525378 0.00282862 0 0
0 0 925 0.292683 0.223933 0.400371 -0.386593 0 0
0 0 926 0.260221 -0.375752 0.0792096 0.226991 0 0
0 0 927 0.468272 0.0882436 0.0456547 -0.564308 0 0
0 0 928 0.419965 -0.501799 0.202469 0.173847 0 0
0 0 929 0.0375071 -0.747269 -0.446457 -0.285621 0 0
0 0 930 0.363131 0.0299499 0.382918 -0.498462 0 0
0 0 931 0.255778 0.0806273 0.999151 -0.221991 0 0
0 0 932 0.436725 0.263178 0.0913708 -0.10154 0 0
0 0 933 0.417767 0.340457 -0.0584442 0.122088 0 0
0 0 934 0.353394 0.00557587 0.0376434 -0.348228 0 0
0 0 935 0.483112 0.155743 -0.0890279 0.302653 0 0
0 0 936 0.375948 -0.123944 -0.162078 -0.197195 0 0
0 0 937 0.369731 0.0185158 -0.103463 0.222968 0 0
0 0 938 0.438164 0.368645 -0.0153571 -0.169526 0 0
0 0 939 0.178067 -0.559109 0.525718 0.329798 0 0
0 0 940 0.174373 0.490965 -0.27312 0.124785 0 0
0 0 941 0.262338 0.464494 0.502663 0.247762 0 0
0 0 942 0.0950772 -0.321962 0.314007 -0.222127 0 0
0 0 943 0.131559 -0.295806 -0.0757486 0.0795163 0 0
0 0 944 0.462685 0.148502 0.196138 -0.491517 0 0
0 0 945 0.283807 -0.104827 0.370061 0.613921 0 0
0 0 946 0.0980325 -0.158786 0.0767701 -0.0860158 0 0
0 0 947 0.668357 0.440259 -0.202279 0.573551 0 0
0 0 948 0.33432 0.371001 0.479432 -0.0025312 0 0
0 0 949 0.330879 -0.120621 0.313527 0.275412 0 0
0 0 950 0.0239268 0.127317 -0.346178 -0.0240773 0 0
0 0 951 0.103657 0.453257 0.143362 -0.353527 0 0
0 0 952 0.430076 -0.3947 0.150436 -0.0365929 0 0
0 0 953 -0.0517751 -0.232181 -0.285144 0.134246 0 0
0 0 954 0.518172 -0.604227 -0.0359266 0.175097 0 0
0 0 955 0.252566 0.408719 0.457655 -0.160709 0 0
0 0 956 0.293023 -0.552289 -0.107502 -0.690763 0 0
0 0 957 -0.0408011 0.313653 -0.40547 0.353765 0 0
0 0 958 0.217845 -0.349998 0.166636 0.0270501 0 0
0 0 959 0.687389 -0.257713 0.35569 0.44541 0 0
0 0 960 0.114313 0.0280258 0.486678 0.0267225 0 0
0 0 961 -0.439696 0.07501 0.0376765 -0.393143 0 0
0 0 962 0.712847 -0.0956721 0.127988 0.299463 0 0
0 0 963 0.233347 0.170054 0.0612713 -0.173497 0 0
0 0 964 0.0428108 0.0926734 0.592989 -0.454626 0 0
0 0 965 0.0137018 -0.320547 -0.313636 -0.436938 0 0
0 0 966 -0.0784479 -0.164699 -0.396597 -0.0238376 0 0
0 0 967 -0.374552 0.556682 0.386319 0.167433 0 0
0 0 968 -0.130295 0.344498 0.0917433 -0.476274 0 0
0 0 969 0.314008 -0.419788 -0.667601 -0.323652 0 0
0 0 970 -0.0908544 0.189284 -0.183791 0.0516327 0 0
0 0 971 0.0826492 -0.442649 0.487683 -0.197135 0 0
0 0 972 -0.154702 -0.141378 0.0867197 0.229801 0 0
0 0 973 0.248653 0.123061 -0.150413 0.0892272 0 0
0 0 974 0.00374503 0.18918 0.187575 0.338254 0 0
0 0 975 0.416741 0.174672 -0.0198648 -0.153243 0 0
0 0 976 0.312396 0.303226 -0.217146 -0.0702345 0 0
0 0 977 -0.317717 0.257047 -0.361 -0.29861 0 0
0 0 978 -0.791479 0.518279 0.618802 -0.154476 0 0
0 0 979 -0.379591 0.235336 -0.354114 0.295994 0 0
0 0 980 0.192149 -0.00492834 -0.217238 0.476583 0 0
0 0 981 -0.368183 -0.21933 -0.913118 0.0116851 0 0
0 0 982 0.0679388 -0.237815 0.218233 -0.121609 0 0
0 0 983 -0.14569 0.222943 0.113567 -0.216493 0 0
0 0 984 0.139518 0.393493 0.193065 0.118266 0 0
0 0 985 -0.506079 -0.232439 0.586996 0.280867 0 0
0 0 986 0.124728 -0.72997 0.325494 -0.337285 0 0
0 0 987 0.0472308 0.183866 -0.108293 -0.528857 0 0
0 0 988 -0.301448 -0.100374 0.485656 -0.520729 0 0
0 0 989 -0.521099 0.0530826 0.286352 0.11669 0 0
0 0 990 0.0397009 0.0581717 -0.156657 0.0163286 0 0
0 0 991 0.311848 -0.162228 -0.779955 -0.249669 0 0
0 0 992 -0.278842 0.0798591 -0.359903 0.163056 0 0
0 0 993 -0.191514 -0.173692 0.204428 0.114171 0 0
0 0 994 -0.0580644 -0.346848 0.225857 0.130929 0 0
0 0 995 0.413393 -0.122052 -0.278683 -0.00654415 0 0
0 0 996 -0.654814 -0.0468797 -0.824144 0.342404 0 0
0 0 997 -0.55249 0.0116518 0.644162 -0.407711 0 0
0 0 998 0.615466 0.180327 0.0469539 -0.460017 0 0
0 0 999 -0.273321 -0.391244 0.206607 0.0451774 0 0
0 0 1000 -0.221071 -0.146711 -0.216396 -0.294809 0 0
0 0 1001 0.393063 0.143679 -0.0577369 0.323674 0 0
0 0 1002 0.394106 0.124578 0.454984 0.178306 0 0
0 0 1003 -0.126336 0.166103 -0.139066 0.256889 0 0
0 0 1004 -0.384319 0.354363 -0.71684 -0.910809 0 0
0 0 1005 0.162116 0.641318 0.220277 -0.34613 0 0
0 0 1006 0.529375 0.145785 0.0529832 0.268343 0 0
0 0 1007 -0.305701 0.241845 -0.0973893 -0.199593 0 0
0 0 1008 0.414055 -0.50026 0.397248 -0.133182 0 0
0 0 1009 0.223098 0.00131503 0.531655 -0.235738 0 0
0 0 1010 -0.0874776 -0.39424 0.293613 0.147956 0 0
0 0 1011 0.0798082 -0.3991 -0.229776 0.0050551 0 0
0 0 1012 0.663724 -0.313183 0.105916 0.042504 0 0
0 0 1013 -0.19714 -0.249189 -0.526221 -0.280454 0 0
0 0 1014 0.110458 -0.367388 0.179994 0.356761 0 0
0 0 1015 0.649973 -0.236026 0.141275 0.342077 0 0
0 0 1016 0.296199 0.537986 -0.239997 0.607805 0 0
0 0 1017 0.434245 -0.26866 -0.234111 0.0186965 0 0
0 0 1018 -0.29868 -0.0280187 -0.222221 -0.186224 0 0
0 0 1019 -0.579452 -0.238407 0.0432394 0.801971 0 0
0 0 1020 0.330756 -0.33148 0.10314 -0.221944 0 0
0 0 1021 0.294362 -0.131466 0.398801 -0.174389 0 0
0 0 1022 -0.000154823 -0.406157 -0.0111711 -0.341951 0 0
0 0 1023 0.333427 0.421222 -0.292937 0.543504 0 0
