# File: uwl_221213_030504_Combined.rf.RMC_aux Src: J1713+0747 Nsub: 1 Nch: 1 Npol: 4 Nbin: 1024 RMS: 1.27032
0 0 0 2.92787 -1.91316 1.59191 0.00471426 0 0
0 0 1 7.21801 1.76731 0.106645 1.23711 0 0
0 0 2 4.50282 -3.27105 1.44791 -0.82181 0 0
0 0 3 3.71607 1.65608 1.96742 -0.611044 0 0
0 0 4 3.44044 2.0987 -0.707091 -1.19691 0 0
0 0 5 1.45847 1.24913 0.983826 1.1795 0 0
0 0 6 2.96561 -1.05335 3.89463 0.889644 0 0
0 0 7 4.61002 1.68393 0.40627 -1.83935 0 0
0 0 8 4.03663 -0.640032 -0.0716333 -0.641724 0 0
0 0 9 1.80098 1.9567 0.447436 -0.909623 0 0
0 0 10 0.388455 1.7882 0.316732 0.985091 0 0
0 0 11 4.14572 0.0477691 -1.13201 0.669112 0 0
0 0 12 2.04253 2.02564 1.18865 -0.205071 0 0
0 0 13 0.444432 -0.45244 1.53079 -1.82928 0 0
0 0 14 2.75995 1.23827 2.56435 -0.284476 0 0
0 0 15 1.13475 1.34817 1.20566 -1.49518 0 0
0 0 16 0.757611 -0.409444 -1.08724 1.74988 0 0
0 0 17 4.61389 0.0683768 -0.634746 -0.694657 0 0
0 0 18 2.64308 -0.119924 1.85084 -0.781781 0 0
0 0 19 6.07587 2.46757 2.34068 1.65759 0 0
0 0 20 3.06637 4.38518 1.02745 0.75795 6.59327 8.2884
0 0 21 3.23119 1.86966 -1.18663 -1.52511 0 0
0 0 22 3.5411 0.229679 2.66047 -3.04597 0 0
0 0 23 2.87015 1.02523 1.33613 0.176398 0 0
0 0 24 2.64763 -0.114171 2.06749 -0.558286 0 0
0 0 25 4.42336 2.09914 2.32298 -1.43704 0 0
0 0 26 3.47862 -1.58924 -0.700468 1.59351 0 0
0 0 27 5.45087 0.129636 1.73626 -1.96061 0 0
0 0 28 2.78451 2.2697 1.88759 0.506706 0 0
0 0 29 3.949 1.50218 1.90898 2.39329 0 0
0 0 30 5.91562 0.551076 3.70398 2.32402 0 0
0 0 31 4.89496 -0.394187 0.380609 -0.854858 0 0
0 0 32 4.98301 0.428812 3.76844 0.370452 0 0
0 0 33 5.41801 -0.0562046 2.94716 -1.11244 0 0
0 0 34 2.12863 0.758937 1.84306 -1.10773 0 0
0 0 35 6.87162 -1.07701 4.86376 -2.34274 51.2429 6.9709
0 0 36 5.04221 0.0682654 1.91072 1.91812 0 0
0 0 37 4.58303 -0.240586 2.63634 0.421213 0 0
0 0 38 4.15978 -0.688518 2.77777 1.26406 0 0
0 0 39 4.56718 0.940964 4.12827 -2.12138 38.5799 8.2033
0 0 40 4.42696 1.73538 3.72353 -0.3996 0 0
0 0 41 3.72606 -1.65248 2.93561 1.01353 0 0
0 0 42 5.27948 -0.489885 1.29883 -0.527984 0 0
0 0 43 5.32013 -0.176429 3.67825 -0.678909 0 0
0 0 44 7.11857 0.815536 4.47703 -2.1203 39.8381 7.62128
0 0 45 5.47962 0.263139 4.05874 0.698561 0 0
0 0 46 3.65877 0.2905 3.87589 -1.75423 0 0
0 0 47 6.25902 1.13119 4.71153 -0.898329 38.2497 7.17158
0 0 48 5.98814 -0.755679 2.3559 2.29489 0 0
0 0 49 5.18461 -2.45951 2.88331 0.60696 0 0
0 0 50 3.82071 0.206212 5.15658 1.31923 43.855 6.70266
0 0 51 4.39668 -1.56486 4.42781 1.17021 54.7321 7.43543
0 0 52 4.22189 -1.14521 2.92984 0.0792432 0 0
0 0 53 3.11258 0.706838 2.99874 0.189419 0 0
0 0 54 4.17823 0.290419 1.29546 -1.13094 0 0
0 0 55 3.40931 -0.686176 0.562179 -0.373178 0 0
0 0 56 5.96692 3.95522 2.21845 -0.0830324 14.6439 8.11583
0 0 57 2.90462 -0.974606 2.72757 0.953752 0 0
0 0 58 2.86442 1.64897 1.13144 -0.547514 0 0
0 0 59 2.12714 1.21451 4.00084 1.23417 36.5568 8.33239
0 0 60 0.695664 -2.40607 3.50109 -0.738103 62.2491 8.36557
0 0 61 2.56025 -1.0161 1.06175 -0.415871 0 0
0 0 62 2.00362 0.893103 0.951202 0.0169832 0 0
0 0 63 4.28213 0.443671 0.786605 -2.13597 0 0
0 0 64 1.19984 1.14129 1.29256 0.098676 0 0
0 0 65 1.36214 0.829304 4.58338 -1.29839 39.872 7.44577
0 0 66 1.16417 -1.1415 2.53868 0.658185 0 0
0 0 67 5.8954 -0.141906 1.11307 -0.8015 0 0
0 0 68 1.31309 2.17361 1.42359 1.63447 0 0
0 0 69 2.7119 1.51941 1.7701 -1.03336 0 0
0 0 70 2.06687 -1.90573 1.94485 0.587085 0 0
0 0 71 1.87839 0.443373 -0.311312 1.39175 0 0
0 0 72 1.10846 -0.49095 1.35666 0.791448 0 0
0 0 73 -0.834334 -1.40995 1.23805 0.454399 0 0
0 0 74 1.44227 1.25714 -0.821924 1.09755 0 0
0 0 75 -0.244018 1.00621 2.42722 0.500225 0 0
0 0 76 1.74559 0.201483 1.69053 0.692089 0 0
0 0 77 0.309137 2.18107 0.0213155 -0.488636 0 0
0 0 78 1.4349 -0.800165 1.63563 -1.45984 0 0
0 0 79 -1.17674 0.694641 0.328047 -1.48369 0 0
0 0 80 2.22155 -1.59159 1.81165 1.76078 0 0
0 0 81 -0.509807 0.701602 -0.476569 -1.25826 0 0
0 0 82 0.313233 -0.211143 0.790525 2.17264 0 0
0 0 83 0.947116 0.532847 0.378731 -1.25763 0 0
0 0 84 2.58159 1.0473 1.11895 0.0196667 0 0
0 0 85 -0.0267249 -0.325726 1.45094 -0.842277 0 0
0 0 86 1.39115 1.75341 0.74795 1.3266 0 0
0 0 87 0.526507 1.57801 1.91103 -0.536579 0 0
0 0 88 -1.66216 0.0979258 3.1459 1.29974 0 0
0 0 89 2.63711 0.0895452 -1.46208 0.570916 0 0
0 0 90 1.82918 0.158313 -0.0828034 1.19602 0 0
0 0 91 1.23 -0.785186 -0.843822 -0.858555 0 0
0 0 92 1.54016 -0.985921 -0.321989 -1.34473 0 0
0 0 93 1.11164 1.2187 -0.223531 -2.0261 0 0
0 0 94 -0.0190063 -0.629478 0.261551 -0.606201 0 0
0 0 95 1.78147 -2.42309 -0.12422 -0.173639 0 0
0 0 96 1.69042 -1.48631 0.571766 0.174401 0 0
0 0 97 -1.95784 0.0336398 -0.262409 2.42525 0 0
0 0 98 -0.985893 1.24683 2.11883 1.22095 0 0
0 0 99 -0.468934 0.625193 1.16486 -0.35751 0 0
0 0 100 -0.119267 0.297495 0.605619 0.436608 0 0
0 0 101 0.577914 0.116373 0.140086 0.662312 0 0
0 0 102 0.759291 -0.761573 1.77659 -0.779036 0 0
0 0 103 0.0906672 -0.337064 1.79613 -0.473383 0 0
0 0 104 1.44661 -1.17622 1.87528 -2.20337 0 0
0 0 105 -0.233136 -0.593917 0.421324 -0.301363 0 0
0 0 106 -0.288061 -0.188308 -0.00803003 0.928806 0 0
0 0 107 -1.35506 0.508943 0.0412995 0.670668 0 0
0 0 108 1.93717 0.178362 -0.220891 0.546729 0 0
0 0 109 -0.813532 1.70222 -0.832956 0.343503 0 0
0 0 110 -0.770607 0.361783 -0.341202 -0.82148 0 0
0 0 111 -1.20763 0.612286 2.15851 1.68956 0 0
0 0 112 0.379827 -1.21039 -0.806266 -0.240557 0 0
0 0 113 0.676831 0.162252 -0.416488 -2.76952 0 0
0 0 114 0.757871 1.72663 0.897579 1.6815 0 0
0 0 115 0.657271 -0.0630842 0.678381 -0.690257 0 0
0 0 116 1.13916 -0.333401 -0.164001 -1.27848 0 0
0 0 117 0.62679 0.6646 -1.89921 -0.300012 0 0
0 0 118 -0.91138 1.212 -1.13933 0.934874 0 0
0 0 119 -0.303263 2.06561 -0.424772 -0.925295 0 0
0 0 120 0.517069 2.56905 0.67752 1.86077 0 0
0 0 121 2.33686 -1.54865 0.684517 0.308776 0 0
0 0 122 0.2503 0.0341698 1.59499 0.884187 0 0
0 0 123 -0.296539 0.874821 1.52942 0.83381 0 0
0 0 124 1.631 0.234447 0.96402 1.31574 0 0
0 0 125 -0.215598 0.929471 2.26299 2.01228 0 0
0 0 126 0.533921 -1.05662 -0.625749 1.26469 0 0
0 0 127 -1.77484 -2.07401 -0.597197 -1.71215 0 0
0 0 128 -0.675637 -1.70572 1.50065 -0.358755 0 0
0 0 129 0.264478 0.404178 2.62302 0.549583 0 0
0 0 130 -0.20246 -0.975006 -0.822994 0.673414 0 0
0 0 131 -1.00123 -2.56523 -0.584343 -1.2825 0 0
0 0 132 -1.19814 -0.391623 -0.184805 0.0786101 0 0
0 0 133 2.31735 2.1601 0.922595 -0.226443 0 0
0 0 134 2.89426 1.92689 1.34153 1.03265 0 0
0 0 135 0.459709 0.362601 2.77144 0.971214 0 0
0 0 136 0.459296 -0.821191 -2.71087 2.55574 0 0
0 0 137 0.701107 1.14281 -2.25229 0.457604 0 0
0 0 138 0.589954 -0.546306 0.341605 -0.97001 0 0
0 0 139 -1.44357 1.30966 -1.06242 -0.922121 0 0
0 0 140 -0.61009 -0.173552 -0.951694 1.00687 0 0
0 0 141 0.917854 1.64371 -0.368459 0.70623 0 0
0 0 142 -1.41727 -3.28502 -0.918819 0.274339 0 0
0 0 143 -0.867525 -1.36812 -0.07234 -0.83291 0 0
0 0 144 -0.496156 -1.97058 2.3821 1.38244 0 0
0 0 145 -0.105526 1.70914 1.07879 1.00223 0 0
0 0 146 1.19383 -1.66409 1.76993 -1.94191 0 0
0 0 147 -1.62903 1.26331 -0.996829 -0.656923 0 0
0 0 148 2.31325 0.889055 -0.513398 -0.00542328 0 0
0 0 149 -0.473446 0.496316 0.684981 -0.752626 0 0
0 0 150 -1.83827 1.30747 0.232377 1.02283 0 0
0 0 151 1.13907 0.0209072 -0.819603 0.14896 0 0
0 0 152 -0.169995 0.589402 -0.610579 -2.519 0 0
0 0 153 0.333226 3.11754 -1.65023 0.339615 0 0
0 0 154 0.714172 0.479091 0.396648 -0.418392 0 0
0 0 155 -1.15255 2.03367 -0.424384 -1.00313 0 0
0 0 156 -0.64748 0.58794 1.69146 1.68188 0 0
0 0 157 0.890655 0.964274 -0.340281 -0.732024 0 0
0 0 158 0.885597 -0.0957257 -0.199369 1.21204 0 0
0 0 159 1.57634 0.181799 0.86059 1.0472 0 0
0 0 160 -0.605534 -0.425217 0.166698 -0.791256 0 0
0 0 161 1.1482 0.0739769 0.761288 2.26874 0 0
0 0 162 0.588324 0.542042 1.80378 -0.16182 0 0
0 0 163 0.31963 0.614163 0.00135411 0.398257 0 0
0 0 164 0.743249 0.873534 0.601334 -0.458502 0 0
0 0 165 -0.115328 -1.20949 1.27223 -0.303867 0 0
0 0 166 -1.67257 0.0687341 0.102482 1.71527 0 0
0 0 167 -1.89128 -0.328385 0.258445 -1.20127 0 0
0 0 168 -0.610718 1.01828 -0.199661 0.0436383 0 0
0 0 169 -0.702712 1.54723 -0.372071 0.162833 0 0
0 0 170 -0.972964 1.06524 2.15461 0.451309 0 0
0 0 171 -0.270528 0.835157 -1.89581 1.56842 0 0
0 0 172 0.797848 0.134742 -1.05706 -1.08076 0 0
0 0 173 -1.86154 -1.01354 1.08477 -2.84653 0 0
0 0 174 1.41484 0.790417 1.40588 0.234187 0 0
0 0 175 0.166141 -0.659113 1.18456 -0.908459 0 0
0 0 176 -0.914506 -0.361974 1.02687 0.903587 0 0
0 0 177 -2.30892 -0.288534 -0.0306948 0.296222 0 0
0 0 178 0.968709 0.748014 -0.402636 0.891316 0 0
0 0 179 1.12963 -0.835547 -0.421558 -0.152508 0 0
0 0 180 1.04685 0.105399 -0.00143163 1.46276 0 0
0 0 181 -0.630788 0.990144 -0.983398 -0.919007 0 0
0 0 182 1.45267 -0.651602 0.838104 -1.66149 0 0
0 0 183 0.668879 1.3374 -0.230949 1.51975 0 0
0 0 184 1.87628 0.514634 0.250635 1.68676 0 0
0 0 185 1.2856 -0.420668 -0.244616 -0.0494944 0 0
0 0 186 -1.04765 1.04886 -1.24501 0.575269 0 0
0 0 187 0.912361 -1.12186 1.67472 -0.590793 0 0
0 0 188 2.31133 -0.111099 -0.323471 -0.55342 0 0
0 0 189 -0.700157 -1.31452 0.657617 -3.68981 0 0
0 0 190 1.42541 -1.3643 -0.252466 0.709101 0 0
0 0 191 -0.812035 -1.9466 1.62221 0.74018 0 0
0 0 192 0.396317 -1.18532 -0.0339 1.99745 0 0
0 0 193 1.37111 0.583383 -0.520178 -0.61943 0 0
0 0 194 -0.456745 0.650551 0.0322656 -1.43365 0 0
0 0 195 0.0026235 0.643825 0.051536 -0.292449 0 0
0 0 196 -0.875517 0.289844 0.995874 -0.486362 0 0
0 0 197 -0.473448 -1.71389 1.32202 -0.377368 0 0
0 0 198 -0.646127 -1.63186 0.388739 0.643014 0 0
0 0 199 0.953337 0.66857 1.06646 0.43538 0 0
0 0 200 -0.777323 -1.76973 -0.477362 0.66751 0 0
0 0 201 -0.692931 0.197057 -0.161377 -0.85314 0 0
0 0 202 -1.63044 0.578496 0.0387328 1.39838 0 0
0 0 203 1.24718 0.376443 0.348173 -0.0905568 0 0
0 0 204 1.26775 -0.114163 -0.138005 2.43289 0 0
0 0 205 1.29336 -0.0123381 0.537862 0.939749 0 0
0 0 206 -0.44423 -0.222014 0.0588647 -0.648108 0 0
0 0 207 0.0543261 -1.58139 -1.07731 1.96507 0 0
0 0 208 0.733918 -0.422054 1.03744 0.648645 0 0
0 0 209 1.53734 -0.977528 0.0462533 -0.252128 0 0
0 0 210 2.40239 0.0587809 -0.238725 -0.150982 0 0
0 0 211 -0.838217 -1.48496 1.31806 -1.03844 0 0
0 0 212 -0.559518 -1.56006 0.198774 -2.33718 0 0
0 0 213 0.092468 0.478937 0.365467 0.24081 0 0
0 0 214 2.09163 1.04239 1.71153 -0.339658 0 0
0 0 215 -0.765481 -1.88508 -0.825981 -1.50613 0 0
0 0 216 -1.06773 1.35459 -0.993444 0.179402 0 0
0 0 217 0.549822 0.363593 -0.890307 0.263311 0 0
0 0 218 -0.262202 -1.833 0.868872 0.784536 0 0
0 0 219 -0.546427 0.824891 0.129992 -0.607288 0 0
0 0 220 -0.521689 -0.280837 -0.414263 0.334113 0 0
0 0 221 -1.2146 0.466321 1.32532 -0.864848 0 0
0 0 222 -0.786747 0.851607 0.429532 0.737096 0 0
0 0 223 -0.382744 1.50939 0.106144 1.93049 0 0
0 0 224 -2.05928 -0.842853 0.510533 1.09433 0 0
0 0 225 -0.412453 -2.2545 -1.73721 -0.631787 0 0
0 0 226 -0.151403 -0.649064 0.250042 -0.374874 0 0
0 0 227 0.542363 0.914261 0.360652 0.926088 0 0
0 0 228 -0.7161 -0.704812 -0.372411 -0.87801 0 0
0 0 229 1.55183 -1.30708 -0.257046 1.64671 0 0
0 0 230 -0.796403 1.66306 0.861524 -0.70926 0 0
0 0 231 0.821098 -0.238776 0.0318559 -0.831045 0 0
0 0 232 -1.36982 -1.37824 2.27865 1.29637 0 0
0 0 233 1.17057 -0.974881 1.75248 -0.8839 0 0
0 0 234 0.697849 1.2753 -0.205043 -1.95689 0 0
0 0 235 -0.15891 1.13747 -2.37477 -0.684059 0 0
0 0 236 -0.0665084 0.549816 -1.02743 0.868013 0 0
0 0 237 1.59998 -1.04757 1.10709 -1.18052 0 0
0 0 238 -0.0485348 -0.915313 1.73287 0.646945 0 0
0 0 239 1.32414 -0.275295 -1.91621 1.35352 0 0
0 0 240 -1.41713 -0.212869 -0.679177 -0.870363 0 0
0 0 241 -1.79252 2.70276 0.198948 0.435744 0 0
0 0 242 0.721081 1.11362 1.90077 -1.03097 0 0
0 0 243 3.3014 -0.607506 -0.397895 -3.698 0 0
0 0 244 0.574932 2.1503 0.136232 2.30711 0 0
0 0 245 0.0501817 -1.54244 -1.18253 -1.60091 0 0
0 0 246 -0.967599 0.474513 1.89627 1.40092 0 0
0 0 247 1.53523 1.2019 -0.651888 1.61238 0 0
0 0 248 0.935585 -1.24325 -3.06139 -0.571161 0 0
0 0 249 -0.633647 -2.29011 -0.731085 0.33537 0 0
0 0 250 -1.63238 1.63991 -0.395992 -1.43039 0 0
0 0 251 0.220528 -1.4664 0.442193 0.834489 0 0
0 0 252 -0.571109 1.01734 -0.407075 -0.472068 0 0
0 0 253 -1.79244 0.913279 -0.173628 0.292471 0 0
0 0 254 2.33679 0.112431 1.03084 -2.27389 0 0
0 0 255 -0.754056 0.919799 0.883772 1.9277 0 0
0 0 256 0.183777 0.79185 0.454771 0.330906 0 0
0 0 257 -1.63385 -2.80871 -1.28152 -1.08712 0 0
0 0 258 0.295445 1.16474 2.98342 1.92711 0 0
0 0 259 0.792062 0.00365329 1.7445 1.79962 0 0
0 0 260 -1.19024 0.756433 0.212254 -0.201801 0 0
0 0 261 2.10174 -0.611326 -0.608189 -0.25124 0 0
0 0 262 -1.42181 -0.324917 -0.495864 2.2558 0 0
0 0 263 -0.559239 0.3839 -0.494729 0.388224 0 0
0 0 264 0.275458 1.45487 0.507163 -0.877814 0 0
0 0 265 1.90515 0.641498 -0.527454 -0.70414 0 0
0 0 266 -1.83881 -1.04654 2.00138 1.59864 0 0
0 0 267 0.27192 -1.80719 1.3466 0.881491 0 0
0 0 268 0.20384 1.53279 -1.06849 0.261188 0 0
0 0 269 -0.223141 0.649664 0.0366984 0.133517 0 0
0 0 270 1.07059 -2.08253 -0.158306 2.04166 0 0
0 0 271 1.3638 0.0629691 -2.24189 -2.56172 0 0
0 0 272 2.27543 1.20018 1.58588 0.472111 0 0
0 0 273 1.16128 2.19998 -0.546559 0.432392 0 0
0 0 274 0.943532 2.52092 -0.300261 1.79704 0 0
0 0 275 -0.796448 -2.07262 -0.0113344 -0.216961 0 0
0 0 276 -1.67983 0.402335 -2.40909 -1.56205 0 0
0 0 277 -2.02698 -0.840923 0.513062 1.04132 0 0
0 0 278 1.63819 -0.597325 1.64046 0.0575226 0 0
0 0 279 0.389367 3.14258 0.947122 -0.449321 0 0
0 0 280 0.34831 -0.427331 3.00169 -1.42823 0 0
0 0 281 -1.8544 0.259259 -0.653281 0.0611824 0 0
0 0 282 0.0616647 -0.850951 -0.17526 -1.2676 0 0
0 0 283 -1.0548 -0.541642 -0.515725 1.43808 0 0
0 0 284 0.619303 -0.684465 1.32958 0.562187 0 0
0 0 285 2.34017 -1.25281 1.89924 -0.745091 0 0
0 0 286 -0.7286 0.878128 -2.25751 1.38912 0 0
0 0 287 -0.800817 0.32676 0.177888 0.307164 0 0
0 0 288 0.96253 -0.587877 0.0717946 0.775864 0 0
0 0 289 0.136209 0.369475 -1.77644 0.0195435 0 0
0 0 290 -2.87549 1.22033 -1.54696 -0.947679 0 0
0 0 291 0.624164 -0.430847 -0.023042 -2.05805 0 0
0 0 292 0.0939708 -1.46425 1.34104 0.99589 0 0
0 0 293 0.498913 0.581752 -1.30645 0.906379 0 0
0 0 294 -2.0209 -0.79584 -1.74288 -1.31149 0 0
0 0 295 -1.16873 1.35627 0.152606 1.73453 0 0
0 0 296 1.71647 2.22941 1.23749 -0.847125 0 0
0 0 297 1.26335 0.232871 -0.474676 -0.993579 0 0
0 0 298 1.1087 0.49727 0.528541 0.29358 0 0
0 0 299 -0.70273 1.71176 0.423639 1.91105 0 0
0 0 300 -0.112305 -1.65344 1.30695 -0.144909 0 0
0 0 301 1.26665 -0.495329 -1.63255 0.995366 0 0
0 0 302 -0.138798 -0.77094 -0.191403 0.957354 0 0
0 0 303 -0.298924 -0.0441608 -0.138197 -1.65465 0 0
0 0 304 0.547712 -0.559068 2.66198 1.51576 0 0
0 0 305 -0.319216 -1.60569 0.568322 0.967089 0 0
0 0 306 -0.367963 -1.55526 -0.350131 0.872383 0 0
0 0 307 -1.00745 -0.95701 -1.85623 -0.0853193 0 0
0 0 308 -0.66119 0.240636 -0.219311 0.850057 0 0
0 0 309 -0.194977 -0.453116 0.48323 0.651331 0 0
0 0 310 -1.40199 0.69077 0.0153875 -0.249559 0 0
0 0 311 -0.766059 -0.82458 -1.34544 -0.068239 0 0
0 0 312 -2.01493 -1.97277 -0.720921 -0.949622 0 0
0 0 313 1.86219 1.1915 2.08523 -0.215257 0 0
0 0 314 -1.60254 -0.303257 -0.179673 0.944505 0 0
0 0 315 0.988637 -1.29218 1.23457 0.598786 0 0
0 0 316 -0.42132 1.87953 -0.0173598 -0.459532 0 0
0 0 317 -0.289394 -0.206344 0.0690889 -1.1434 0 0
0 0 318 -0.55191 0.86324 -0.245513 -0.834406 0 0
0 0 319 1.9046 0.351054 0.12478 2.54702 0 0
0 0 320 -0.22551 0.274114 2.18273 0.401451 0 0
0 0 321 0.260656 0.677072 -0.228861 2.14935 0 0
0 0 322 1.95316 -0.00147915 2.19886 0.705717 0 0
0 0 323 -0.110185 -0.384633 -1.30077 -2.37048 0 0
0 0 324 0.338554 -0.203214 -1.33004 1.68057 0 0
0 0 325 -0.854677 -1.73884 0.601918 -2.26089 0 0
0 0 326 -0.798044 -1.64854 0.29984 -1.03675 0 0
0 0 327 0.365941 -0.361746 0.548118 0.931182 0 0
0 0 328 0.573581 1.11805 -0.136252 1.57016 0 0
0 0 329 -0.50681 -0.460235 -0.352056 0.159779 0 0
0 0 330 2.20588 0.813552 -0.295439 -1.84233 0 0
0 0 331 0.946066 0.302239 0.469663 -1.15268 0 0
0 0 332 0.735722 -0.115671 0.547816 -0.459917 0 0
0 0 333 0.192898 -0.090654 -0.0570221 -2.27028 0 0
0 0 334 1.02097 -0.0277761 -0.224487 0.82861 0 0
0 0 335 -2.59007 0.85353 1.59138 -1.08004 0 0
0 0 336 3.08439 -0.693464 -1.72496 0.707143 0 0
0 0 337 2.08757 -0.224601 -1.12654 -0.260627 0 0
0 0 338 0.108947 0.785204 -0.390123 1.62359 0 0
0 0 339 -0.17512 -1.86449 0.372203 -1.01141 0 0
0 0 340 -0.207432 2.04667 0.711551 1.68034 0 0
0 0 341 2.22417 1.24672 0.523018 0.842976 0 0
0 0 342 0.932203 -0.953062 0.0782238 0.516863 0 0
0 0 343 -0.463275 0.117702 -1.82936 -0.212535 0 0
0 0 344 0.611162 -0.742878 -1.89615 -0.855784 0 0
0 0 345 -1.43853 -0.698079 0.484296 -0.107941 0 0
0 0 346 1.29192 -0.289506 -0.93448 -0.932527 0 0
0 0 347 -0.0259252 -2.45097 1.30002 -0.0475352 0 0
0 0 348 2.1091 -0.836963 -0.796734 1.03206 0 0
0 0 349 -0.500937 1.14485 1.38615 -0.0433993 0 0
0 0 350 0.281773 1.26415 1.30031 -0.932973 0 0
0 0 351 -0.816532 -1.43956 -0.593171 0.850925 0 0
0 0 352 -1.2977 1.9632 1.86977 -0.813403 0 0
0 0 353 0.156743 1.24803 0.525302 -0.39684 0 0
0 0 354 0.315526 -1.20915 -0.789862 0.251646 0 0
0 0 355 -1.74045 -0.52628 -0.953247 -0.850007 0 0
0 0 356 1.16664 0.669847 -1.14574 0.655183 0 0
0 0 357 0.369223 -1.32375 -3.34173 0.326886 0 0
0 0 358 -0.852452 1.72972 1.37722 -0.446685 0 0
0 0 359 0.600538 -1.78298 -0.635818 1.18982 0 0
0 0 360 -1.36394 2.10457 -2.34688 -1.55981 0 0
0 0 361 -1.97697 -0.620436 0.122437 0.197571 0 0
0 0 362 1.78566 1.27415 -0.292221 -1.43547 0 0
0 0 363 1.25925 -1.50122 0.779168 -0.443958 0 0
0 0 364 -3.80508 1.60285 1.9142 -2.72761 0 0
0 0 365 1.71439 -0.759962 -2.14904 0.0701774 0 0
0 0 366 -0.380089 0.665054 1.57503 2.30419 0 0
0 0 367 1.14298 0.885043 -1.45621 -1.85296 0 0
0 0 368 -0.706899 -1.61833 -1.22268 1.64458 0 0
0 0 369 -1.3015 0.799516 -1.26484 -1.76754 0 0
0 0 370 1.00601 2.28193 0.576484 3.02753 0 0
0 0 371 -0.966809 -1.83644 -0.117724 -0.502421 0 0
0 0 372 0.290847 1.18162 0.219449 -0.9576 0 0
0 0 373 1.28968 1.24681 -1.43076 1.53002 0 0
0 0 374 1.78092 -1.93073 -0.94404 1.53894 0 0
0 0 375 -1.88273 -0.117999 0.0887126 0.40932 0 0
0 0 376 -0.550527 -0.630904 2.39546 -3.23434 0 0
0 0 377 -0.303123 -0.66038 0.173471 0.285089 0 0
0 0 378 -1.53521 0.465557 -0.94537 -1.90471 0 0
0 0 379 -1.27037 -1.31851 1.17181 -2.03286 0 0
0 0 380 0.039068 1.25989 -1.49035 1.88638 0 0
0 0 381 1.18259 0.0801964 0.588728 0.776406 0 0
0 0 382 0.63853 0.0105384 -0.436627 -0.388723 0 0
0 0 383 -3.1996 -1.84356 1.48619 0.922403 0 0
0 0 384 -0.428954 -0.331009 1.31936 -0.48525 0 0
0 0 385 -1.29354 0.521686 1.28799 -2.80985 0 0
0 0 386 0.171775 -0.721114 -0.0714005 -1.73646 0 0
0 0 387 0.068403 0.836053 -3.16069 -2.96958 0 0
0 0 388 0.211444 -0.159548 -3.25708 -0.359516 0 0
0 0 389 0.426743 0.308474 0.836706 1.55173 0 0
0 0 390 1.51103 -1.40522 1.85245 0.338768 0 0
0 0 391 0.578357 1.13973 -0.919312 0.0931041 0 0
0 0 392 0.0234584 -1.45069 2.96532 -1.55655 0 0
0 0 393 -1.19886 0.303246 -2.27639 -0.568782 0 0
0 0 394 2.89267 0.509615 1.65936 -0.614448 0 0
0 0 395 -0.128318 2.42329 -0.691699 1.22412 0 0
0 0 396 0.319174 -2.44131 0.270029 -0.746053 0 0
0 0 397 0.443689 1.4142 0.174282 0.267908 0 0
0 0 398 -1.56278 0.735454 2.63216 1.46092 0 0
0 0 399 -1.09475 0.589071 -0.832165 0.411136 0 0
0 0 400 -1.75488 1.0525 0.169773 -0.0444078 0 0
0 0 401 0.25277 0.190696 0.922313 -0.824329 0 0
0 0 402 0.763525 -1.10846 -0.400978 1.79572 0 0
0 0 403 2.49147 1.2268 -1.04304 -2.45507 0 0
0 0 404 0.468778 0.414033 0.3692 1.01172 0 0
0 0 405 -1.95184 0.613903 0.660396 -1.91786 0 0
0 0 406 2.98508 1.25005 0.831229 -2.24659 0 0
0 0 407 1.5249 1.39942 -0.747736 0.531227 0 0
0 0 408 1.07319 -1.57048 0.596613 -0.425483 0 0
0 0 409 1.36616 0.554648 -0.358785 0.622749 0 0
0 0 410 1.96134 1.34907 -1.2741 1.50496 0 0
0 0 411 -2.48232 -0.333867 2.14857 -2.48227 0 0
0 0 412 -1.75528 1.39205 1.99132 -0.215723 0 0
0 0 413 1.27983 1.26405 1.84089 -1.20115 0 0
0 0 414 0.244536 -1.97223 3.18216 1.60673 0 0
0 0 415 -0.570598 0.771047 1.64288 0.921831 0 0
0 0 416 -0.0476865 -0.521425 -0.997436 0.543683 0 0
0 0 417 0.367092 1.43467 -1.03055 1.81866 0 0
0 0 418 -0.899849 0.0918391 0.629961 0.199023 0 0
0 0 419 0.348203 -0.925026 0.222045 -1.57283 0 0
0 0 420 -0.143774 0.384317 -0.271983 -0.198134 0 0
0 0 421 -1.33682 -0.969775 -0.0628773 -0.801347 0 0
0 0 422 -2.06611 2.25019 -1.37973 0.144 0 0
0 0 423 -0.415907 1.3692 1.66222 1.19484 0 0
0 0 424 0.254199 -1.88873 0.991071 -1.24796 0 0
0 0 425 1.28987 -2.94065 -0.603574 2.07293 0 0
0 0 426 0.659528 2.06705 2.26894 0.0833693 0 0
0 0 427 -0.0712374 0.376607 -0.10225 0.430033 0 0
0 0 428 1.45639 -0.411182 0.632397 2.48196 0 0
0 0 429 -0.0348104 0.989644 -1.15522 0.372964 0 0
0 0 430 1.44477 -1.07911 -0.397215 -0.1852 0 0
0 0 431 0.137717 1.69113 -0.855002 2.05506 0 0
0 0 432 -0.919017 1.92732 0.99558 0.150662 0 0
0 0 433 0.0434417 -0.810242 -1.16575 -0.0450805 0 0
0 0 434 0.679755 -0.742998 -0.977121 2.77344 0 0
0 0 435 -0.140682 -0.231481 -1.04138 -1.18053 0 0
0 0 436 -1.39427 0.208513 -0.608281 -0.296041 0 0
0 0 437 -2.13597 1.64133 -1.88074 -0.390345 0 0
0 0 438 1.91875 0.739364 2.65998 -1.35121 0 0
0 0 439 1.06253 0.0817501 -0.282411 1.39874 0 0
0 0 440 -2.3171 0.778296 -0.940495 -0.00534742 0 0
0 0 441 0.303664 1.01721 -0.646483 -1.94371 0 0
0 0 442 -0.954152 2.32947 0.514777 0.565382 0 0
0 0 443 -1.76956 -1.59071 -0.205503 -1.46228 0 0
0 0 444 1.94592 -0.470506 0.873604 2.19369 0 0
0 0 445 -1.86701 1.64386 -0.303713 -0.329899 0 0
0 0 446 -1.14854 1.48794 0.212493 -0.180159 0 0
0 0 447 1.85877 2.121 0.83546 -0.0777376 0 0
0 0 448 0.0459474 1.9393 0.325258 -0.513769 0 0
0 0 449 0.804132 0.390996 -1.16599 1.05409 0 0
0 0 450 0.326558 -0.244839 -0.353621 -1.35302 0 0
0 0 451 1.67244 0.98551 -1.43915 -0.420822 0 0
0 0 452 2.87919 0.65369 -1.85892 0.0164922 0 0
0 0 453 2.53753 0.431116 -0.863933 0.566413 0 0
0 0 454 1.38594 -0.00105745 -1.34492 1.40776 0 0
0 0 455 1.53688 1.79887 1.46389 0.509475 0 0
0 0 456 2.56452 0.625508 1.21629 0.455907 0 0
0 0 457 -2.40716 0.752022 1.41365 0.420761 0 0
0 0 458 1.364 -0.171295 -0.714404 -1.16753 0 0
0 0 459 0.852022 2.18097 -0.461746 -1.24162 0 0
0 0 460 -0.635523 -1.85928 1.28826 1.11 0 0
0 0 461 0.245409 0.554302 -0.308726 -0.397406 0 0
0 0 462 0.174259 1.77192 -0.498399 1.36344 0 0
0 0 463 -0.10083 0.767857 -0.421446 -0.668699 0 0
0 0 464 -1.48876 -2.12035 0.0497523 0.263438 0 0
0 0 465 -1.17713 0.560026 -0.174252 -0.295114 0 0
0 0 466 2.03241 0.30958 1.0252 -2.26773 0 0
0 0 467 1.51934 0.327705 0.751235 -0.835116 0 0
0 0 468 -0.460544 0.761807 -0.692327 -0.120079 0 0
0 0 469 -0.952368 1.31389 -1.48463 -1.58862 0 0
0 0 470 0.12084 0.219029 0.930422 0.28854 0 0
0 0 471 -0.57678 1.39432 -1.75273 -0.908398 0 0
0 0 472 -2.20257 -1.67164 -0.828332 0.585082 0 0
0 0 473 0.940175 1.24068 0.296164 0.181518 0 0
0 0 474 -0.0790999 -2.28224 0.713354 3.38291 0 0
0 0 475 -1.92091 3.27874 0.909762 1.18103 0 0
0 0 476 -0.535987 -1.54368 -0.651415 0.874399 0 0
0 0 477 1.97303 -0.430615 1.28964 0.258778 0 0
0 0 478 -0.00290942 0.567985 -0.120447 1.48629 0 0
0 0 479 -1.34788 1.73751 -0.285702 -0.590324 0 0
0 0 480 -1.72725 -0.23798 1.68247 -0.178091 0 0
0 0 481 1.30296 -0.17632 -0.550479 1.96267 0 0
0 0 482 1.45859 1.72282 1.76391 1.44091 0 0
0 0 483 1.82457 -1.09625 -0.288034 0.196832 0 0
0 0 484 0.756384 -0.213328 2.46117 -1.87658 0 0
0 0 485 2.79334 0.91499 1.88468 0.34875 0 0
0 0 486 -1.51599 0.195539 -1.4617 -0.95824 0 0
0 0 487 -0.0489256 0.901426 -1.40099 2.25339 0 0
0 0 488 0.920903 -0.463398 -1.13155 -0.0652797 0 0
0 0 489 -0.928544 1.69041 0.484568 1.98778 0 0
0 0 490 -0.945123 1.75915 0.226247 1.46249 0 0
0 0 491 1.52511 -0.78062 0.155483 0.838413 0 0
0 0 492 -0.066273 1.88103 0.893874 1.35312 0 0
0 0 493 0.724934 -0.0865572 0.40619 -0.1461 0 0
0 0 494 0.707903 3.4137 1.6271 1.2298 0 0
0 0 495 1.86879 -0.6551 -0.501194 0.510019 0 0
0 0 496 1.98908 0.684505 2.69938 1.62517 0 0
0 0 497 1.10569 2.00116 -0.0575293 1.15134 0 0
0 0 498 -0.590641 0.275553 -0.943509 1.34151 0 0
0 0 499 0.28236 -1.63223 -1.00843 0.0319337 0 0
0 0 500 -1.93729 0.0419853 0.651599 0.789258 0 0
0 0 501 -1.65825 0.408036 1.34222 -2.17206 0 0
0 0 502 -0.851983 0.893607 0.993302 -1.57676 0 0
0 0 503 -2.19035 0.975662 3.24166 1.42657 0 0
0 0 504 1.60565 0.425046 -1.52403 1.6109 0 0
0 0 505 1.0694 -0.739636 -0.932773 -0.402703 0 0
0 0 506 1.27072 -0.185075 0.454489 1.31299 0 0
0 0 507 1.92714 1.9594 -0.796032 1.05732 0 0
0 0 508 1.17813 0.522445 0.422156 -0.126118 0 0
0 0 509 -0.643736 0.120051 1.04498 -1.14156 0 0
0 0 510 -1.8757 1.13112 -1.08092 -0.231658 0 0
0 0 511 0.979815 0.807013 -0.443118 1.0118 0 0
0 0 512 1.88236 0.0885683 1.23764 -0.077708 0 0
0 0 513 1.12073 -0.0238475 2.86245 -0.618526 0 0
0 0 514 0.984992 -2.09732 -0.604436 -0.502962 0 0
0 0 515 -0.772043 -0.440136 -1.63259 -0.42333 0 0
0 0 516 0.502758 1.87376 -0.987896 0.797438 0 0
0 0 517 0.180427 1.72129 0.588573 2.04814 0 0
0 0 518 -0.330578 -0.208897 -0.0582545 0.0689135 0 0
0 0 519 0.946263 -0.309995 -3.23041 1.25521 0 0
0 0 520 -0.559469 -0.532969 -0.401192 1.1643 0 0
0 0 521 1.76146 0.026611 2.42215 0.154061 0 0
0 0 522 0.382679 -0.620809 -0.447724 0.206068 0 0
0 0 523 0.0311463 -0.937944 0.639688 0.0156667 0 0
0 0 524 0.409885 1.00839 2.15123 0.421054 0 0
0 0 525 0.611797 -0.351387 -0.580004 0.156429 0 0
0 0 526 1.04149 -1.27367 -0.525076 -1.8638 0 0
0 0 527 -0.751774 -0.681729 -1.52171 -0.152696 0 0
0 0 528 -0.742754 2.35707 0.751972 0.952883 0 0
0 0 529 2.77693 0.42016 -1.16582 -1.12941 0 0
0 0 530 -0.44251 1.14333 1.31462 -0.684946 0 0
0 0 531 2.34908 0.141861 0.684756 -0.752921 0 0
0 0 532 1.21101 -0.717553 1.4655 -0.97691 0 0
0 0 533 0.365876 -0.888766 1.06818 -0.112152 0 0
0 0 534 -1.30564 -0.738053 0.832075 0.0748887 0 0
0 0 535 0.892081 0.386549 0.761209 -0.0221927 0 0
0 0 536 -0.761428 0.412587 -2.31233 -0.667182 0 0
0 0 537 -0.997127 -0.275001 0.51229 0.0941648 0 0
0 0 538 1.10561 -1.6052 1.29628 0.21357 0 0
0 0 539 -0.332901 0.546556 -0.336348 -0.786298 0 0
0 0 540 -0.559727 -0.574236 0.220501 -0.707112 0 0
0 0 541 1.31104 0.21007 0.573603 0.332592 0 0
0 0 542 0.594459 0.259831 -1.56717 0.303914 0 0
0 0 543 -1.0462 -1.40779 2.40921 -1.46795 0 0
0 0 544 -0.309777 0.661202 -0.140217 0.555486 0 0
0 0 545 0.190851 -0.334764 2.25949 0.0133745 0 0
0 0 546 0.68708 -0.714806 1.25698 0.69088 0 0
0 0 547 1.36015 0.217044 0.686821 2.46151 0 0
0 0 548 1.8639 -1.22104 0.654689 1.07267 0 0
0 0 549 1.25255 0.218051 -0.593179 0.0547235 0 0
0 0 550 -1.30479 -1.22029 2.58085 2.97118 0 0
0 0 551 1.3065 -0.18023 -1.29324 0.419752 0 0
0 0 552 -2.09832 -0.284364 0.816926 0.847028 0 0
0 0 553 -0.626379 0.0885139 2.1026 0.479362 0 0
0 0 554 -0.268988 -1.83912 -0.172058 1.06549 0 0
0 0 555 0.22197 2.84579 -0.233119 0.349029 0 0
0 0 556 2.29299 1.28793 0.871884 -0.645787 0 0
0 0 557 1.60285 1.5851 -0.25282 0.185584 0 0
0 0 558 1.49306 -1.30658 0.484073 -2.23859 0 0
0 0 559 0.511708 -1.64899 0.903627 0.614082 0 0
0 0 560 0.353712 1.47181 0.520511 1.4412 0 0
0 0 561 0.423635 2.16665 0.761047 -0.793961 0 0
0 0 562 0.217831 -0.892095 -0.319449 -0.233546 0 0
0 0 563 -1.53893 -0.208116 0.893971 0.458203 0 0
0 0 564 -1.47272 2.10416 0.207138 -2.95453 0 0
0 0 565 -1.43265 1.21602 1.01572 -0.698641 0 0
0 0 566 0.180559 1.20308 1.14087 -0.210769 0 0
0 0 567 -1.43061 0.72922 -0.144789 1.75284 0 0
0 0 568 0.240981 -1.17938 1.78799 1.34833 0 0
0 0 569 -1.03981 2.2858 0.723261 0.479332 0 0
0 0 570 0.529249 -0.893485 -1.80326 0.402078 0 0
0 0 571 1.0363 0.403133 0.997153 -0.513112 0 0
0 0 572 -0.613076 1.60608 0.117612 -0.894239 0 0
0 0 573 -0.745547 0.0419945 -0.181178 -0.332993 0 0
0 0 574 1.43021 -1.47328 -0.279174 -0.807447 0 0
0 0 575 -0.13225 -1.14368 0.686211 -0.102894 0 0
0 0 576 1.25272 1.21755 -0.0158614 -0.763035 0 0
0 0 577 2.94263 -2.49952 0.201317 0.593845 0 0
0 0 578 1.15955 -0.735151 0.608587 0.340381 0 0
0 0 579 1.63304 0.878987 1.65525 -0.953144 0 0
0 0 580 0.18713 -1.25883 1.63172 -0.753523 0 0
0 0 581 -1.2468 0.924296 0.566306 -1.1891 0 0
0 0 582 -0.477856 -0.10887 -0.9829 1.00234 0 0
0 0 583 -0.495467 -1.65139 -0.707833 -1.33911 0 0
0 0 584 0.467624 1.81377 -1.30697 0.372548 0 0
0 0 585 0.245682 0.544361 -0.583834 -1.69599 0 0
0 0 586 -0.144672 0.433789 -0.679323 -0.665175 0 0
0 0 587 0.233013 -0.657747 0.737839 1.21814 0 0
0 0 588 -0.237877 -1.44821 0.221484 -0.131741 0 0
0 0 589 -0.505461 1.05363 -1.34447 -0.0310331 0 0
0 0 590 -0.827069 0.869145 -0.449055 -1.94297 0 0
0 0 591 -2.11247 -1.53826 1.96825 0.810175 0 0
0 0 592 0.69827 0.0967381 0.827332 -1.15953 0 0
0 0 593 1.88715 1.92453 1.19323 3.82833 0 0
0 0 594 1.44983 -1.10192 -0.607943 -1.6503 0 0
0 0 595 0.0400213 1.66543 0.926912 1.26828 0 0
0 0 596 0.435118 0.162809 -2.47542 0.631841 0 0
0 0 597 0.755734 0.930303 -0.170216 0.573756 0 0
0 0 598 -0.923753 -0.426536 -0.735313 1.66018 0 0
0 0 599 -0.13949 0.254686 0.00841053 0.0985324 0 0
0 0 600 -2.82963 -0.111178 -0.255426 2.46706 0 0
0 0 601 1.51557 -0.268734 0.279252 0.0235504 0 0
0 0 602 0.260927 0.779498 1.4677 0.638503 0 0
0 0 603 1.29086 1.23159 0.987718 1.06594 0 0
0 0 604 -2.07186 -0.0573921 1.35508 0.566821 0 0
0 0 605 -0.761807 0.188291 -1.92673 -1.37024 0 0
0 0 606 0.0912924 0.443375 -2.09442 -1.01596 0 0
0 0 607 -0.979396 -0.46516 3.92775 -1.3459 0 0
0 0 608 -0.208286 -0.630508 -0.384732 -0.860596 0 0
0 0 609 1.2634 -2.5573 -1.79512 -1.32517 0 0
0 0 610 -1.14745 0.572774 -0.0798829 0.431132 0 0
0 0 611 -0.737389 1.17366 2.44418 -2.33753 0 0
0 0 612 -1.44631 0.299831 1.99598 -1.18173 0 0
0 0 613 0.2745 1.42672 0.0392611 0.1421 0 0
0 0 614 -0.614657 -1.24562 0.154578 -0.112338 0 0
0 0 615 1.19269 1.19436 -0.355694 1.28683 0 0
0 0 616 0.789255 0.437688 1.4587 0.752821 0 0
0 0 617 -1.72805 -1.14516 0.853092 0.420847 0 0
0 0 618 2.31992 1.00961 0.677996 0.383055 0 0
0 0 619 -0.416343 0.494859 -0.819125 -0.0871411 0 0
0 0 620 -1.1737 2.51933 0.978041 -0.171125 0 0
0 0 621 -0.754283 0.870923 -1.52098 -0.347058 0 0
0 0 622 -1.03258 -0.71037 -0.164045 1.28944 0 0
0 0 623 -1.43419 2.06483 -0.184831 1.04753 0 0
0 0 624 -0.507652 1.8814 1.34279 0.553425 0 0
0 0 625 -0.340765 2.09012 0.404652 -1.28423 0 0
0 0 626 0.673101 2.08156 0.0710843 1.53507 0 0
0 0 627 0.781563 0.538597 -1.25228 -1.31101 0 0
0 0 628 -0.902854 -0.253601 1.13313 0.179194 0 0
0 0 629 0.589054 -0.874298 -0.890322 1.07648 0 0
0 0 630 -0.522018 -0.254272 -0.724693 1.68799 0 0
0 0 631 0.553159 -2.95 -2.0654 0.802103 0 0
0 0 632 1.55813 1.27047 -0.0527516 -2.02533 0 0
0 0 633 -1.74574 0.982519 0.632072 0.513238 0 0
0 0 634 0.264414 -0.57132 -1.11731 0.462944 0 0
0 0 635 1.55781 -1.41225 0.666974 -2.09061 0 0
0 0 636 0.627055 -2.06588 -1.70994 1.46572 0 0
0 0 637 -0.771813 0.827062 0.0716155 -1.21313 0 0
0 0 638 2.55259 -1.00596 -0.970779 0.791206 0 0
0 0 639 0.745967 0.942461 -1.14687 1.38096 0 0
0 0 640 0.0606219 0.297377 -0.247042 0.931809 0 0
0 0 641 0.346942 -1.51123 1.76599 -1.34456 0 0
0 0 642 1.1667 1.14918 0.53044 1.56281 0 0
0 0 643 0.504909 1.21985 1.8457 0.472247 0 0
0 0 644 -3.40109 -1.07069 -1.42355 0.578344 0 0
0 0 645 0.739631 -0.755196 -0.625667 -2.5581 0 0
0 0 646 -1.67566 -0.452822 1.36553 1.1294 0 0
0 0 647 0.86484 -1.27851 -0.74513 1.04982 0 0
0 0 648 -1.21555 -2.04654 1.9611 2.2733 0 0
0 0 649 -0.312362 -0.975591 -1.3611 -1.58847 0 0
0 0 650 -1.1625 -1.14288 1.71783 1.24319 0 0
0 0 651 -2.00697 -0.172019 -1.11888 0.303879 0 0
0 0 652 0.2984 1.44241 0.978045 -0.833232 0 0
0 0 653 2.34762 0.335627 0.920027 -0.367295 0 0
0 0 654 -0.594289 -1.05963 2.07217 -1.04623 0 0
0 0 655 1.6134 -0.989046 -0.560138 -0.751612 0 0
0 0 656 -2.17726 0.149043 1.84815 0.241202 0 0
0 0 657 -0.877845 -1.81555 1.24706 -0.518597 0 0
0 0 658 -0.150882 -1.02978 -1.50736 -0.395684 0 0
0 0 659 -0.548239 2.48676 -0.0523239 1.21966 0 0
0 0 660 1.67863 1.26584 -0.757771 -1.01929 0 0
0 0 661 1.48653 -0.153475 0.416007 0.142539 0 0
0 0 662 1.80381 0.198344 -0.59971 -0.181556 0 0
0 0 663 0.483565 -0.284371 0.466629 -0.582584 0 0
0 0 664 0.562632 -0.217533 8.8698e-05 0.812178 0 0
0 0 665 -0.952535 0.481783 -0.7535 -1.27191 0 0
0 0 666 -0.61888 -0.105955 2.80578 -0.384277 0 0
0 0 667 -0.864865 -1.49004 -2.38347 -1.47196 0 0
0 0 668 2.06595 -1.22406 -1.33732 0.387359 0 0
0 0 669 0.955405 -0.0744491 -2.11742 1.03099 0 0
0 0 670 0.27082 -1.31148 -0.792756 -0.0389032 0 0
0 0 671 0.312377 0.749551 -0.0601156 -0.43538 0 0
0 0 672 -0.946309 -0.00448501 1.54794 -2.66503 0 0
0 0 673 1.94084 2.33753 0.174018 0.51959 0 0
0 0 674 -1.67417 -1.22933 -0.964736 -0.415703 0 0
0 0 675 1.84671 -0.0221874 0.516648 0.820847 0 0
0 0 676 0.88948 -1.31862 -0.20244 1.23146 0 0
0 0 677 0.22578 0.101958 -0.180543 1.02977 0 0
0 0 678 3.10337 1.16827 3.26457 0.93504 0 0
0 0 679 0.701077 0.396664 -0.549639 0.0386459 0 0
0 0 680 2.00759 0.428329 1.26679 -1.4064 0 0
0 0 681 -0.624182 -0.859893 0.516801 0.344144 0 0
0 0 682 -0.671164 -1.56286 0.914453 0.973758 0 0
0 0 683 -0.861418 -0.847977 1.68037 0.392803 0 0
0 0 684 0.71932 -0.735277 -0.637529 1.88138 0 0
0 0 685 -1.12268 -0.720247 0.963851 -0.294932 0 0
0 0 686 0.0769192 0.395616 -1.86234 -0.396923 0 0
0 0 687 0.360034 -1.61997 0.0339988 1.45728 0 0
0 0 688 0.558801 0.838443 -0.951769 -0.419507 0 0
0 0 689 2.27128 -0.261017 -0.768215 -0.503042 0 0
0 0 690 -0.909947 -1.77803 -1.5688 0.208652 0 0
0 0 691 0.831407 1.7156 -0.564988 -0.457313 0 0
0 0 692 2.99168 -1.05454 0.940376 -0.762728 0 0
0 0 693 2.98188 -1.62608 -0.242102 -0.352469 0 0
0 0 694 -0.386063 0.450003 0.477693 2.33568 0 0
0 0 695 1.66541 0.271825 0.581583 -0.640129 0 0
0 0 696 -2.07491 -0.608899 -0.0616401 -0.776927 0 0
0 0 697 1.2788 0.164721 0.527481 -0.890551 0 0
0 0 698 -1.54424 -0.318366 0.517332 0.0320104 0 0
0 0 699 1.33869 0.681394 -0.854612 -0.583742 0 0
0 0 700 0.28212 -0.843907 -1.58308 -0.135352 0 0
0 0 701 1.14378 -2.48368 -1.03621 0.254667 0 0
0 0 702 -1.89988 -2.07385 0.426281 0.58343 0 0
0 0 703 1.21237 1.19492 -1.52794 1.89028 0 0
0 0 704 0.00459211 0.361508 1.09863 1.55446 0 0
0 0 705 -0.522159 2.2948 1.93546 0.953518 0 0
0 0 706 1.66609 1.77549 -2.05226 1.20294 0 0
0 0 707 -0.382466 -0.383732 -0.0445161 0.166016 0 0
0 0 708 1.27737 0.588623 3.08718 -0.350807 0 0
0 0 709 0.0974111 -2.05227 0.708207 1.06704 0 0
0 0 710 0.233356 -0.325192 1.28327 0.0228767 0 0
0 0 711 -2.29727 0.597063 2.79607 1.4291 0 0
0 0 712 2.41908 -1.21673 -1.88488 -0.355478 0 0
0 0 713 1.85263 -1.05459 0.0406705 1.7652 0 0
0 0 714 0.222078 1.33838 0.267534 1.8417 0 0
0 0 715 -0.785129 3.09117 -0.910605 -0.0104401 0 0
0 0 716 2.34153 0.474086 2.75753 0.175088 0 0
0 0 717 -0.0167603 0.381838 -1.38064 0.751956 0 0
0 0 718 1.86557 -0.284263 0.294007 -0.0553441 0 0
0 0 719 -0.916361 -1.04216 0.261977 1.91499 0 0
0 0 720 -0.00184982 -0.226182 1.20244 -2.46018 0 0
0 0 721 1.43063 -0.833162 -0.566204 1.64294 0 0
0 0 722 1.64835 0.220297 0.47017 -0.455944 0 0
0 0 723 -0.247826 -0.459397 -0.894377 1.48616 0 0
0 0 724 -0.487297 -0.965984 0.64891 0.5077 0 0
0 0 725 1.32737 0.383549 0.508871 -2.2313 0 0
0 0 726 0.610994 0.603514 -1.62484 -1.36363 0 0
0 0 727 1.57426 -1.68079 0.826133 -0.315206 0 0
0 0 728 -1.68142 0.472539 -1.48921 0.0768354 0 0
0 0 729 0.477891 1.61154 2.21456 0.280712 0 0
0 0 730 -0.430731 3.71033 0.237377 0.843476 0 0
0 0 731 -0.201436 1.85681 -0.410854 0.964181 0 0
0 0 732 -0.37507 0.537233 0.575424 -1.4804 0 0
0 0 733 -0.799046 1.8203 -0.553 -1.20201 0 0
0 0 734 -1.10317 2.21654 -1.45639 0.0918498 0 0
0 0 735 0.64393 -1.28053 0.43527 1.28551 0 0
0 0 736 -0.338516 -0.708663 -1.64981 0.367437 0 0
0 0 737 -0.144776 1.07881 2.3439 1.74134 0 0
0 0 738 -0.36792 -1.67069 -0.798868 -1.94099 0 0
0 0 739 0.282046 1.04253 1.99014 1.18713 0 0
0 0 740 1.75917 0.723192 -0.506174 0.390781 0 0
0 0 741 2.46877 -0.614524 1.73313 -0.985266 0 0
0 0 742 1.44136 -0.415157 -2.41601 -2.72073 0 0
0 0 743 -0.0170237 1.64649 -1.59171 -1.99328 0 0
0 0 744 -0.195042 0.888241 2.64813 -0.224799 0 0
0 0 745 0.0883901 -0.759973 0.893469 0.349645 0 0
0 0 746 -0.88352 -1.98801 1.48929 1.16842 0 0
0 0 747 1.28957 0.170634 0.741085 1.26156 0 0
0 0 748 2.83653 -0.224603 3.11236 0.0145128 0 0
0 0 749 0.14523 -0.439132 1.78158 -0.185167 0 0
0 0 750 -1.63464 -2.00333 -0.643286 2.28636 0 0
0 0 751 1.23674 1.00642 1.51719 -0.824249 0 0
0 0 752 -0.588622 -0.820752 2.72332 1.57903 0 0
0 0 753 -0.7703 1.16401 -0.0957494 -0.639791 0 0
0 0 754 0.413581 -0.130348 2.02028 -1.18706 0 0
0 0 755 0.765477 1.65047 0.359388 -0.001689 0 0
0 0 756 -2.6986 -0.390154 0.362964 -0.397731 0 0
0 0 757 -0.200347 0.277506 1.31072 -0.154963 0 0
0 0 758 0.594862 0.935324 -2.70063 0.718592 0 0
0 0 759 1.66624 -0.0372823 -0.135901 0.787188 0 0
0 0 760 -0.214716 1.72977 0.0730456 -0.395724 0 0
0 0 761 1.39707 -0.541599 -1.15041 -1.54955 0 0
0 0 762 0.407611 -0.352377 0.860813 -0.488831 0 0
0 0 763 1.90418 1.65414 0.874491 -2.59559 0 0
0 0 764 0.52823 0.284905 0.583509 -0.492538 0 0
0 0 765 1.45219 0.501838 -0.445653 0.830554 0 0
0 0 766 -0.670451 -1.07797 0.0184631 -1.53064 0 0
0 0 767 2.00797 2.54835 -1.89873 0.218372 0 0
0 0 768 0.0788801 0.694109 0.0247268 -0.778424 0 0
0 0 769 2.27762 1.20261 -0.0895844 1.24893 0 0
0 0 770 0.160694 0.742878 -0.689083 -0.23053 0 0
0 0 771 -2.09604 -0.397013 -0.237294 -0.469985 0 0
0 0 772 0.553676 -0.414956 -0.718409 -0.277253 0 0
0 0 773 0.0826211 0.50962 -1.19831 0.15311 0 0
0 0 774 -0.0382071 -2.19955 -0.34714 0.410305 0 0
0 0 775 -0.04678 -1.20465 -1.23483 0.711937 0 0
0 0 776 0.620447 0.94593 -0.887787 -1.89282 0 0
0 0 777 1.41236 1.04294 1.50852 -0.301179 0 0
0 0 778 0.792411 -0.446803 0.883158 -1.30467 0 0
0 0 779 -1.10699 0.944903 2.49584 0.0481369 0 0
0 0 780 0.517384 -0.891716 0.860548 -0.607864 0 0
0 0 781 -0.30251 -1.39042 -2.13804 0.382938 0 0
0 0 782 -0.509463 0.303596 0.928511 -0.136857 0 0
0 0 783 3.11042 0.252659 -0.184127 1.52467 0 0
0 0 784 -0.634383 -1.55463 0.464405 -0.5909 0 0
0 0 785 1.44021 0.177323 0.0768905 -1.70446 0 0
0 0 786 0.735202 1.02543 -0.273898 0.543703 0 0
0 0 787 -1.61473 1.00705 -0.787416 -1.19179 0 0
0 0 788 2.24151 -1.39487 -0.0814378 0.609163 0 0
0 0 789 0.996783 0.503819 0.112858 -0.433806 0 0
0 0 790 -0.467322 0.289985 -0.995996 -0.757604 0 0
0 0 791 0.969355 0.250927 1.79029 0.406416 0 0
0 0 792 -0.161031 -0.397381 -0.582855 0.649591 0 0
0 0 793 -0.638553 0.897761 0.773456 -1.03607 0 0
0 0 794 1.40095 0.901371 -0.623345 -0.786543 0 0
0 0 795 0.886948 -1.59 -0.00703911 0.370645 0 0
0 0 796 3.009 -0.43451 -1.48415 1.22742 0 0
0 0 797 0.40487 0.596566 0.415056 -0.511257 0 0
0 0 798 3.02072 0.412879 -3.40255 -0.772865 0 0
0 0 799 -0.374981 2.02686 -1.91134 -2.23679 0 0
0 0 800 0.68248 -1.1684 -1.62845 0.654062 0 0
0 0 801 0.965428 0.641296 2.59503 -1.78956 0 0
0 0 802 0.226341 0.0728459 0.336352 -0.888883 0 0
0 0 803 1.05426 1.03824 0.456493 1.4946 0 0
0 0 804 0.378101 0.891747 -0.466716 0.551191 0 0
0 0 805 -0.404436 1.23265 1.76172 -0.443746 0 0
0 0 806 0.673221 1.64569 0.282509 1.05233 0 0
0 0 807 -0.356357 -1.14859 0.122558 0.479927 0 0
0 0 808 -1.04367 0.603274 0.370289 1.53332 0 0
0 0 809 -0.0937412 -0.148189 -1.11259 0.505687 0 0
0 0 810 2.62756 -0.167443 -1.11159 0.660668 0 0
0 0 811 0.877802 -1.3092 -1.6065 -0.00221007 0 0
0 0 812 2.41272 -0.283186 -0.605371 -0.256564 0 0
0 0 813 0.931982 0.522359 1.07594 -0.660066 0 0
0 0 814 2.04342 -0.00393212 0.381243 1.75098 0 0
0 0 815 -0.924372 0.54065 -0.600794 -0.0354355 0 0
0 0 816 -1.8612 0.879822 0.571784 1.19635 0 0
0 0 817 3.39042 -0.102594 0.30877 -1.8292 0 0
0 0 818 2.13862 -1.25078 -3.4749 -0.464003 0 0
0 0 819 -0.281786 1.4423 -0.444148 0.0776786 0 0
0 0 820 0.773914 1.80168 -1.44873 0.128331 0 0
0 0 821 1.64783 -0.760189 -0.92488 -1.36134 0 0
0 0 822 0.99669 1.57351 -0.913206 0.962859 0 0
0 0 823 0.382824 -0.285537 -4.137 -0.83398 -46.9742 8.34369
0 0 824 1.92748 2.30557 -1.11412 1.97264 0 0
0 0 825 -0.600164 1.39382 -0.888135 -0.866881 0 0
0 0 826 2.46318 1.00701 -1.09711 -0.466595 0 0
0 0 827 1.24472 -0.69371 -1.53713 -0.675756 0 0
0 0 828 1.68919 3.17208 -1.33928 1.22131 0 0
0 0 829 1.73361 -0.245972 -1.4747 0.671494 0 0
0 0 830 1.97457 0.720952 -2.48969 1.08043 0 0
0 0 831 1.57233 -0.964096 -0.478336 -0.845432 0 0
0 0 832 3.22092 -0.843126 -1.92174 -1.07045 0 0
0 0 833 3.73662 1.26539 -0.118619 1.43487 0 0
0 0 834 4.31948 -0.0772555 -1.51384 0.346479 0 0
0 0 835 4.74162 -1.32999 -3.0489 0.639423 0 0
0 0 836 3.38149 0.275441 -3.45769 -0.615207 0 0
0 0 837 6.1443 0.83165 -1.79864 0.950642 0 0
0 0 838 7.23408 -0.484268 -4.84024 -0.110982 -47.8567 7.11607
0 0 839 6.66671 -0.0660276 -4.48382 2.61168 -45.4218 7.71275
0 0 840 5.97312 -1.1563 -3.08653 1.22675 0 0
0 0 841 7.07125 -2.36267 -5.70389 0.30318 -56.2502 5.6729
0 0 842 7.14752 -2.03324 -5.4734 -1.72338 -55.1894 5.98556
0 0 843 11.5487 -2.13491 -4.61098 -2.98887 -57.4222 6.91033
0 0 844 10.0986 -1.08317 -8.23491 1.28866 -48.7467 4.17018
0 0 845 11.7126 -0.0907822 -5.84209 -0.106138 -45.4451 5.91949
0 0 846 11.1076 0.0642509 -8.12578 -1.06048 -44.7735 4.25617
0 0 847 13.1175 -2.26589 -9.36914 0.613345 -51.7979 3.60522
0 0 848 12.9187 -2.43814 -7.42243 -0.154393 -54.0922 4.46427
0 0 849 15.0193 1.6131 -10.1435 0.484837 -40.482 3.37453
0 0 850 12.7928 -0.143409 -7.29516 -0.17129 -45.5631 4.74014
0 0 851 15.0401 -0.204468 -7.77296 1.04856 -45.7534 4.44821
0 0 852 16.4904 -1.39687 -9.81716 -0.355377 -49.0491 3.49387
0 0 853 15.6932 0.467632 -9.97782 -2.20511 -43.6583 3.46311
0 0 854 15.4269 2.1061 -8.95493 2.56589 -38.3826 3.77673
0 0 855 14.2067 0.17132 -8.30364 0.0360061 -44.409 4.16439
0 0 856 14.9888 -1.74722 -4.96163 1.01608 -54.6998 6.6377
0 0 857 12.9261 -1.21763 -6.49003 -1.33612 -50.313 5.25314
0 0 858 14.3489 0.502032 -6.57671 -2.13588 -42.8174 5.2462
0 0 859 12.736 0.838301 -6.91245 -0.0156016 -41.5426 4.97326
0 0 860 11.8634 -0.216873 -4.90526 -0.633624 -46.2658 7.04504
0 0 861 10.7872 -3.17557 -7.12782 0.698457 -57.0069 4.49567
0 0 862 13.6635 -1.04433 -5.78544 0.141571 -50.1162 5.89911
0 0 863 15.3432 0.195838 -4.79356 0.0199489 -43.8303 7.21005
0 0 864 10.5812 0.313153 -6.05532 -0.0930163 -43.5198 5.70531
0 0 865 11.5138 -3.09195 -6.93998 1.03925 -57.0071 4.61734
0 0 866 10.1556 -0.102359 -5.47363 0.148559 -45.5357 6.31768
0 0 867 10.4895 0.600237 -7.05152 -4.1969 -42.5673 4.89009
0 0 868 8.37052 -0.774952 -8.15344 0.176884 -47.7147 4.22611
0 0 869 11.3181 -2.51246 -6.42178 1.47154 -55.6837 5.07311
0 0 870 10.9829 0.586082 -3.59248 1.8722 0 0
0 0 871 9.32742 -1.8728 -6.40623 0.383725 -53.1479 5.21725
0 0 872 12.4283 -0.910759 -5.67143 -3.00806 -49.5615 6.03425
0 0 873 12.072 -0.088397 -6.3857 0.659942 -45.3965 5.41568
0 0 874 11.6352 -2.01172 -5.03272 0.974623 -55.894 6.45731
0 0 875 11.3596 -0.571899 -4.80286 -2.02156 -48.3952 7.15923
0 0 876 10.7183 -0.197245 -5.78936 1.39478 -45.9757 5.97113
0 0 877 11.1536 -1.88144 -5.26722 1.83656 -54.8283 6.24417
0 0 878 10.6405 0.119965 -5.42509 1.21011 -44.3666 6.37384
0 0 879 11.9161 -0.513652 -4.92085 -0.989601 -47.9796 6.99697
0 0 880 11.9014 -0.470549 -7.98015 2.42028 -46.6873 4.32775
0 0 881 12.9118 -1.69582 -7.85977 -1.081 -51.0877 4.31798
0 0 882 13.0932 -3.75556 -7.00177 2.51835 -59.104 4.43677
0 0 883 14.5444 -2.05524 -7.59341 -0.191223 -52.5724 4.42254
0 0 884 16.7195 -2.24326 -7.92538 0.74602 -52.902 4.22597
0 0 885 17.758 -2.28208 -8.96177 1.69008 -52.1433 3.75966
0 0 886 19.3076 -0.64285 -12.745 -2.2486 -46.4438 2.71082
0 0 887 17.6156 -3.98012 -8.38416 0.391313 -57.6973 3.78571
0 0 888 18.8021 -0.0448837 -10.6943 0.0395676 -45.1202 3.23401
0 0 889 19.5329 -4.11915 -10.587 0.818079 -55.6299 3.07912
0 0 890 23.3012 -1.3393 -10.946 -0.0145489 -48.4879 3.14028
0 0 891 20.8773 -3.63958 -9.82004 -0.529757 -55.1681 3.33696
0 0 892 25.5105 -2.75397 -10.9678 -1.03075 -52.0477 3.07419
0 0 893 24.59 -1.3653 -11.3566 0.795199 -48.4276 3.02739
0 0 894 26.5812 -0.985538 -12.894 -2.6908 -47.1854 2.67587
0 0 895 28.3164 -1.06319 -14.2209 2.20329 -47.1378 2.42644
0 0 896 30.0025 -2.97642 -13.9353 -1.91397 -51.0283 2.43632
0 0 897 30.2484 -2.93356 -14.5325 0.942159 -50.7063 2.34077
0 0 898 33.9865 -4.22755 -17.2635 0.522316 -51.88 1.95546
0 0 899 33.9602 -2.71858 -17.3156 -3.315 -49.4613 1.97732
0 0 900 36.2291 -1.41884 -16.1688 -0.317134 -47.5075 2.13227
0 0 901 34.8294 -5.8951 -14.539 -1.98111 -56.0355 2.23142
0 0 902 39.1919 -2.29277 -13.4597 -0.927697 -49.8336 2.5393
0 0 903 36.9438 -3.0204 -15.4611 -0.226941 -50.5269 2.20247
0 0 904 39.7183 -2.77603 -14.303 0.435398 -50.4919 2.38127
0 0 905 39.5068 -4.22289 -15.799 1.97928 -52.4823 2.12709
0 0 906 40.0481 -2.01121 -11.7394 0.0799581 -49.8608 2.91102
0 0 907 40.3039 -5.73704 -14.195 -0.471871 -56.0033 2.28639
0 0 908 43.325 -3.81722 -15.7487 0.6766 -51.8124 2.14458
0 0 909 45.6553 -6.63394 -12.2098 -1.94027 -59.2582 2.53785
0 0 910 47.2893 -5.14172 -10.3128 1.10372 -58.2499 3.05288
0 0 911 46.369 -3.4247 -12.5959 0.0230755 -52.6053 2.66543
0 0 912 50.6901 -3.6538 -11.4942 0.348559 -53.8173 2.89039
0 0 913 52.9401 -4.07704 -14.2246 -0.873903 -52.9967 2.35269
0 0 914 55.706 -5.02907 -12.7755 -1.74502 -55.7435 2.54828
0 0 915 58.5659 -6.98003 -12.0923 -0.289727 -59.9974 2.5304
0 0 916 65.272 -5.3164 -12.0724 -1.31107 -56.8838 2.65869
0 0 917 73.8794 -3.54813 -15.7971 0.738784 -51.3295 2.14506
0 0 918 79.0697 -5.2185 -14.944 -1.0599 -54.6247 2.20554
0 0 919 87.5943 -1.26339 -13.6256 0.590257 -47.6487 2.52932
0 0 920 94.1171 -1.7406 -9.03095 1.52292 -50.4546 3.77217
0 0 921 102.981 1.40209 -10.6279 1.28172 -41.2423 3.23109
0 0 922 114.661 2.4144 -10.9215 0.722816 -38.7671 3.10461
0 0 923 124.294 3.91714 -6.76033 0.190738 -29.9553 4.52237
0 0 924 136.754 4.86713 -7.36039 -1.51535 -28.2625 4.02192
0 0 925 154.299 9.6259 -4.69743 2.40527 -13.0062 3.44854
0 0 926 167.264 11.6137 -0.689125 0.34508 -1.69789 3.2203
0 0 927 185.421 14.3673 2.77196 -1.17832 5.46011 2.55432
0 0 928 200.219 16.2115 5.52748 1.0436 9.41368 2.17101
0 0 929 213.455 19.1941 7.58326 0.33105 10.779 1.79759
0 0 930 232.75 21.1872 9.60463 1.224 12.1929 1.59048
0 0 931 242.956 22.7729 14.7801 2.39454 16.4922 1.3497
0 0 932 252.023 24.1244 18.6522 1.10703 18.855 1.19436
0 0 933 259.634 20.0389 22.0264 -1.51082 23.8525 1.20637
0 0 934 258.949 21.4147 24.5143 1.3663 24.4304 1.10182
0 0 935 258.63 20.1025 23.9216 -1.45428 24.979 1.14604
0 0 936 255.955 17.2477 27.6252 0.599123 29.0108 1.08759
0 0 937 248.47 16.6464 30.4471 0.893428 30.6666 1.01646
0 0 938 239.333 11.5426 30.1832 -0.0136766 34.5361 1.08209
0 0 939 229.029 12.8182 28.4579 2.39346 32.876 1.12426
0 0 940 216.169 7.69353 25.6593 2.50363 36.6547 1.30033
0 0 941 204.658 6.10213 24.9333 -0.563336 38.1239 1.35397
0 0 942 193.675 6.92841 22.0944 2.25218 36.2947 1.50524
0 0 943 183.069 4.07055 19.8082 1.95666 39.1937 1.71631
0 0 944 173.103 3.29 20.4661 -0.188613 40.4338 1.67213
0 0 945 161.75 3.55913 16.5706 0.171021 38.9389 2.04845
0 0 946 152.419 2.96368 14.2785 1.21515 39.137 2.38018
0 0 947 145.148 3.08604 14.5763 2.38167 39.023 2.32993
0 0 948 138.826 1.51647 11.2557 0.814235 41.1634 3.04994
0 0 949 130.864 1.36472 10.6702 0.161988 41.3557 3.21965
0 0 950 126.352 1.53806 11.2979 1.62227 41.1238 3.03807
0 0 951 121.149 -0.385845 7.68949 -0.390588 46.4363 4.49311
0 0 952 117.288 -0.403351 6.06056 -1.03255 46.9038 5.69626
0 0 953 111.281 1.31688 7.43026 -1.24475 39.9748 4.59541
0 0 954 108.627 -1.13077 4.7649 -0.982801 51.675 7.09498
0 0 955 107.642 0.475201 6.62152 -2.3202 42.9476 5.21214
0 0 956 101.955 -0.0391579 4.43759 -1.86113 45.2528 7.79353
0 0 957 99.6561 -0.464581 3.55853 -0.955696 0 0
0 0 958 98.2675 -1.04219 4.06498 -1.17215 52.19 8.28577
0 0 959 94.4821 -1.94367 5.43348 -2.00334 54.8416 6.05225
0 0 960 88.8103 -0.901947 4.96507 -0.40347 50.148 6.87266
0 0 961 87.9807 -0.947109 1.45552 -2.41998 0 0
0 0 962 86.3628 -2.18126 3.3911 -0.459524 0 0
0 0 963 83.6794 -2.77579 5.49549 0.373416 58.3993 5.71605
0 0 964 81.6783 0.348694 1.25717 -0.930328 0 0
0 0 965 78.6036 -1.5106 1.91322 -0.951553 0 0
0 0 966 73.0035 -0.0815468 5.6136 -4.38209 45.4161 6.1605
0 0 967 71.1155 -1.20769 4.95356 -2.54597 51.8508 6.81633
0 0 968 67.167 -2.33533 6.04389 -1.63557 55.5632 5.39782
0 0 969 67.8177 -1.17832 5.61106 -3.70719 50.9299 6.0544
0 0 970 64.9011 -1.22905 5.71089 -2.48542 51.0727 5.94329
0 0 971 62.6584 -1.74744 5.56978 -2.15865 53.7093 5.97081
0 0 972 59.4165 -2.14343 7.52554 -2.48244 52.949 4.44876
0 0 973 56.8148 -3.75995 5.27256 -2.20324 62.7467 5.49515
0 0 974 50.7622 -1.50632 9.24799 -4.36202 49.6256 3.69945
0 0 975 51.7638 -2.49084 7.07178 -4.46581 54.7017 4.65699
0 0 976 50.7132 -2.19336 6.93021 -2.25736 53.7811 4.79551
0 0 977 47.4667 -2.21172 8.13055 -3.8968 52.6089 4.12917
0 0 978 45.4323 -2.9495 8.49386 -2.57209 54.5748 3.88239
0 0 979 41.6968 -2.46218 9.18696 -2.84057 52.5016 3.65746
0 0 980 40.1477 -3.16491 7.64843 -2.98722 56.2399 4.23116
0 0 981 38.9823 -3.25998 7.20148 -2.76288 57.1777 4.43946
0 0 982 36.3943 -4.61659 8.24643 -0.25318 59.6207 3.73481
0 0 983 35.6454 -4.04128 7.92315 -2.7663 58.5121 3.95778
0 0 984 34.4877 -2.89438 3.92761 -0.726885 63.1938 7.30276
0 0 985 31.2647 -1.66391 7.80817 -0.366852 51.0148 4.34849
0 0 986 31.6962 -2.10084 7.83051 -2.10868 52.5091 4.29078
0 0 987 30.1754 -0.343999 7.72785 0.33749 46.2744 4.4718
0 0 988 26.4919 -0.747009 5.57799 -2.33466 48.8139 6.15493
0 0 989 26.0815 -4.64492 5.82852 -1.12517 64.2762 4.79483
0 0 990 26.4072 -3.77948 5.76233 -1.18746 61.6303 5.14852
0 0 991 22.8576 -3.7952 5.2834 -1.90171 62.8453 5.47184
0 0 992 22.4532 -1.54756 4.78071 -1.5396 53.9686 6.93937
0 0 993 22.1792 0.172159 6.8643 0.616416 44.2817 5.03717
0 0 994 19.8199 -1.30189 4.69496 0.386661 52.7492 7.14266
0 0 995 19.7645 -2.7654 5.10051 1.14655 59.2329 6.07777
0 0 996 17.8647 -2.78362 8.18108 -0.848449 54.3955 4.03818
0 0 997 16.7682 -2.93181 5.50091 -0.230935 59.0281 5.65424
0 0 998 19.1034 -1.35071 5.89587 -0.898821 51.4517 5.74271
0 0 999 15.3357 -0.0328765 5.68811 -2.37826 45.1656 6.08026
0 0 1000 16.3247 -1.85991 3.39407 0.0280237 0 0
0 0 1001 12.4016 -1.72522 6.96797 0.14654 51.9532 4.8422
0 0 1002 14.0078 -3.03655 3.02496 -2.56302 67.5548 8.41432
0 0 1003 12.8945 -0.733045 5.59703 -0.142856 48.7308 6.13595
0 0 1004 11.2369 -0.840967 2.82974 0.157732 0 0
0 0 1005 12.2436 -2.51837 5.13682 -0.107175 58.0584 6.14657
0 0 1006 11.1555 -0.0549312 1.34404 -1.62143 0 0
0 0 1007 12.1123 -2.09666 2.32319 -0.726896 0 0
0 0 1008 11.4028 -1.40619 3.35175 3.85122 0 0
0 0 1009 10.1639 -0.712972 2.74288 0.0435703 0 0
0 0 1010 11.3439 -1.92218 2.06223 -1.23933 0 0
0 0 1011 10.8648 -2.10101 1.45941 -1.436 0 0
0 0 1012 8.65438 0.113293 3.92416 -1.48612 0 0
0 0 1013 8.60903 -1.97137 2.96357 -2.02185 0 0
0 0 1014 6.73919 1.63044 2.44558 -1.47371 0 0
0 0 1015 6.57193 -0.0788651 2.63709 0.709774 0 0
0 0 1016 7.55288 0.00861645 2.36731 -1.16434 0 0
0 0 1017 7.95455 0.217394 2.22445 -1.61608 0 0
0 0 1018 5.48562 1.10571 -0.108884 -1.02791 0 0
0 0 1019 8.81853 0.596876 2.24186 -0.974179 0 0
0 0 1020 4.07962 2.41425 3.12109 -1.39715 0 0
0 0 1021 6.27975 -1.54616 1.5078 -2.46392 0 0
0 0 1022 4.7472 -2.01791 1.1957 -0.971814 0 0
0 0 1023 5.33254 -1.12887 1.06298 1.33886 0 0
