# File: uwl_221115_013625.rf.RMC_aux Src: J1713+0747 Nsub: 1 Nch: 1 Npol: 4 Nbin: 1024 RMS: 0.238083
0 0 0 -0.0836295 0.203843 0.360675 -0.575694 0 0
0 0 1 0.102416 0.0113143 0.087953 0.172001 0 0
0 0 2 0.335298 -0.0576281 0.349364 -0.205354 0 0
0 0 3 -0.132864 -0.339197 -0.236729 -0.0633048 0 0
0 0 4 -0.0306944 0.2043 0.131316 -0.102488 0 0
0 0 5 -0.213347 0.289138 0.0364259 -0.18357 0 0
0 0 6 -0.0991482 -0.104452 -0.0436991 -0.304162 0 0
0 0 7 0.168671 -0.167352 -0.0018035 0.252219 0 0
0 0 8 -0.00675438 -0.0195137 0.232648 -0.373081 0 0
0 0 9 -0.213012 -0.124077 0.079478 -0.0978228 0 0
0 0 10 0.0560755 0.300025 0.249828 -0.198861 0 0
0 0 11 0.0428527 -0.372992 0.249464 -0.204581 0 0
0 0 12 -0.254225 0.106585 -0.0715544 0.127638 0 0
0 0 13 0.153375 -0.243821 -0.0070746 -0.186993 0 0
0 0 14 -0.0659178 -0.0346313 -0.0985029 -0.0647297 0 0
0 0 15 0.0349327 -0.315761 -0.76906 0.227248 0 0
0 0 16 -0.0252471 0.00909728 -0.125233 -0.0659538 0 0
0 0 17 0.302992 -0.287131 0.370573 0.585653 0 0
0 0 18 -0.0227892 0.0730201 0.299276 -0.129512 0 0
0 0 19 -0.365452 0.266235 -0.00461084 -0.0267373 0 0
0 0 20 -0.345126 -0.0780992 -0.107474 0.112582 0 0
0 0 21 -0.103762 -0.140935 0.136955 0.150311 0 0
0 0 22 -0.064578 0.218235 -0.546171 0.423419 0 0
0 0 23 0.0188695 -0.0604701 -0.29703 -0.0815722 0 0
0 0 24 0.366883 -0.00773264 -0.0301979 0.500715 0 0
0 0 25 -0.00626403 0.570275 -0.0965501 -0.303342 0 0
0 0 26 0.290906 0.0592501 -0.359989 -0.31354 0 0
0 0 27 -0.0651698 0.286183 0.428686 -0.113644 0 0
0 0 28 -0.0406442 -0.185814 -0.427689 0.0303803 0 0
0 0 29 -0.0271401 -0.368201 0.0118488 0.0805914 0 0
0 0 30 -0.235244 0.184581 -0.238324 -0.351906 0 0
0 0 31 -0.0876864 -0.216724 -0.192441 -0.276464 0 0
0 0 32 -0.180562 0.0204293 0.27788 -0.348974 0 0
0 0 33 0.131273 -0.0998961 0.14942 0.188092 0 0
0 0 34 0.176619 -0.30781 -0.313109 -0.0514084 0 0
0 0 35 0.00382866 0.283256 0.0963191 -0.227255 0 0
0 0 36 -0.0600158 -0.393592 -0.151376 -0.204764 0 0
0 0 37 -0.0674498 0.202936 -0.0932085 -0.25623 0 0
0 0 38 0.100642 -0.298536 0.117843 -0.102456 0 0
0 0 39 -0.634243 -0.190143 -0.00534113 -0.132663 0 0
0 0 40 0.286177 -0.0611136 0.338004 -0.132635 0 0
0 0 41 0.230597 0.358126 -0.0334264 -0.143994 0 0
0 0 42 -0.104093 -0.48148 0.409625 -0.0134829 0 0
0 0 43 -0.208804 -0.211469 0.39059 0.0152415 0 0
0 0 44 -0.136053 -0.182302 0.349659 -0.145905 0 0
0 0 45 0.024593 0.396091 -0.119166 0.121049 0 0
0 0 46 -0.385646 0.305352 -0.157718 -0.154017 0 0
0 0 47 0.378167 -0.13819 0.29783 -0.371702 0 0
0 0 48 -0.161282 -0.0454425 -0.354868 0.0965062 0 0
0 0 49 0.0872966 0.0560294 -0.116642 -0.367607 0 0
0 0 50 -0.0653237 -0.146907 0.178326 0.296218 0 0
0 0 51 0.0691836 -0.364486 0.355254 -0.0934894 0 0
0 0 52 0.00136395 0.253111 0.1602 -0.319774 0 0
0 0 53 -0.188559 0.053683 0.667615 0.0360452 0 0
0 0 54 0.224026 0.150129 0.226803 -0.15356 0 0
0 0 55 0.496301 -0.333412 0.218857 -0.288006 0 0
0 0 56 -0.21894 -0.0667741 0.48055 -0.0529806 0 0
0 0 57 0.101936 0.277884 -0.00985488 -0.104258 0 0
0 0 58 0.363936 0.215438 0.219936 0.190887 0 0
0 0 59 0.366647 0.00956689 -0.538343 -0.0398993 0 0
0 0 60 0.00131489 0.326562 0.482672 -0.259129 0 0
0 0 61 0.478569 -0.214081 -0.0352899 0.310038 0 0
0 0 62 0.0650664 0.143208 0.372947 0.303256 0 0
0 0 63 0.223334 -0.134729 0.0986994 -0.743546 0 0
0 0 64 -0.324555 -0.10037 0.0683086 -0.395298 0 0
0 0 65 0.0195808 0.14688 0.0387602 0.163714 0 0
0 0 66 0.0479184 -0.116949 0.0890383 0.0294407 0 0
0 0 67 -0.0473001 0.105581 0.139403 0.438386 0 0
0 0 68 0.0907021 -0.506481 -0.0713282 -0.131499 0 0
0 0 69 0.0581349 0.062191 0.150462 -0.366946 0 0
0 0 70 -0.301949 -0.15967 -0.428997 0.152213 0 0
0 0 71 -0.112286 -0.149844 -0.43208 0.148141 0 0
0 0 72 -0.403583 -0.163723 0.365359 -0.0764822 0 0
0 0 73 0.091819 -0.130382 0.0126796 -0.14119 0 0
0 0 74 0.417453 -0.0968291 0.238719 -0.317126 0 0
0 0 75 0.125787 -0.129216 -0.165396 -0.17154 0 0
0 0 76 0.120781 -0.326795 0.22307 -0.0735715 0 0
0 0 77 0.557429 -0.224851 0.115446 -0.597871 0 0
0 0 78 -0.0719574 -0.117382 -0.0661014 0.0336203 0 0
0 0 79 0.0672947 0.0552258 -0.0121503 -0.366589 0 0
0 0 80 0.0896216 -0.0720103 0.114387 -0.0597344 0 0
0 0 81 -0.188316 -0.269999 -0.0261032 0.0419744 0 0
0 0 82 -0.000828505 0.196337 -0.013217 0.437043 0 0
0 0 83 -0.287725 0.174621 0.0264828 -0.14491 0 0
0 0 84 0.462312 -0.0319385 0.140346 0.0616749 0 0
0 0 85 0.0741094 -0.50022 -0.142889 -0.571935 0 0
0 0 86 0.138099 0.174548 -0.37746 0.101068 0 0
0 0 87 0.0138077 0.14411 0.422022 0.0723803 0 0
0 0 88 -0.0706204 -0.044324 0.125439 0.0168402 0 0
0 0 89 0.0106137 -0.243674 -0.372921 0.19865 0 0
0 0 90 0.156813 0.223208 0.0250611 -0.504994 0 0
0 0 91 -0.229873 0.0785856 0.15873 0.0683834 0 0
0 0 92 -0.308448 0.0907583 0.374513 -0.284175 0 0
0 0 93 0.0320174 0.276287 -0.1356 0.0568687 0 0
0 0 94 -0.0737231 -0.169145 0.103555 0.0795645 0 0
0 0 95 0.0953079 -0.182726 -0.260289 -0.180279 0 0
0 0 96 0.0993959 -0.0532244 -0.337555 0.540677 0 0
0 0 97 -0.383998 -0.158563 0.0214467 0.270822 0 0
0 0 98 0.116927 0.0987981 0.00825006 -0.147138 0 0
0 0 99 0.217142 -0.00557795 0.315114 0.0546968 0 0
0 0 100 -0.103265 -0.345641 -0.214563 0.355291 0 0
0 0 101 0.361048 0.0749409 0.0777482 0.175305 0 0
0 0 102 -0.37203 0.2687 0.0531365 -0.187358 0 0
0 0 103 0.198115 0.363381 0.0390998 -0.0963609 0 0
0 0 104 0.800804 -0.313876 0.114389 -0.153606 0 0
0 0 105 0.433614 -0.286323 -0.0223696 0.244472 0 0
0 0 106 -0.155534 -0.178722 -0.230006 0.315948 0 0
0 0 107 0.278841 -0.0639301 -0.00265138 0.207914 0 0
0 0 108 0.404961 0.136502 -0.194625 0.418959 0 0
0 0 109 0.0392476 -0.0602611 0.496518 -0.156072 0 0
0 0 110 0.0166014 0.298096 0.228863 0.0332671 0 0
0 0 111 0.107328 -0.14454 -0.0377978 -0.237756 0 0
0 0 112 0.431626 0.375834 0.448406 -0.282025 0 0
0 0 113 -0.278439 -0.325435 0.0445674 -0.0268891 0 0
0 0 114 0.269414 -0.10944 0.305302 -0.170224 0 0
0 0 115 -0.296935 -0.0922969 0.19473 -0.371032 0 0
0 0 116 -0.446295 0.424355 0.19577 0.0623946 0 0
0 0 117 0.539144 0.528981 0.341191 -0.0688853 0 0
0 0 118 -0.0478618 0.138056 -0.21863 0.335312 0 0
0 0 119 0.332019 -0.399262 0.0958302 -0.288853 0 0
0 0 120 0.0940342 -0.0466009 -0.0735884 0.0102097 0 0
0 0 121 0.162391 0.493327 0.46986 -0.127364 0 0
0 0 122 -0.0830991 -0.316516 0.0762598 0.386622 0 0
0 0 123 -0.169889 -0.297536 0.179619 -0.512811 0 0
0 0 124 0.430609 -0.171759 -0.10039 -0.378036 0 0
0 0 125 -0.259781 0.0455262 0.219979 0.106192 0 0
0 0 126 0.401203 -0.129856 0.340411 0.114273 0 0
0 0 127 -0.300339 -0.483105 0.306229 0.136143 0 0
0 0 128 0.469083 -0.119471 0.183265 -0.0822988 0 0
0 0 129 0.0156989 -0.340665 0.151551 -0.277928 0 0
0 0 130 -0.105216 -0.00239624 -0.291518 -0.0785033 0 0
0 0 131 0.168244 -0.136076 0.280302 0.133389 0 0
0 0 132 0.131409 -0.200496 0.0358714 -0.260312 0 0
0 0 133 -0.0565602 0.207352 0.0120494 -0.372814 0 0
0 0 134 0.034243 -0.393731 0.334737 0.0499886 0 0
0 0 135 0.320937 0.101274 -0.180649 0.141233 0 0
0 0 136 0.123653 -0.268292 -0.18419 0.199328 0 0
0 0 137 0.155194 -0.22164 0.157573 -0.318106 0 0
0 0 138 -0.0502427 -0.154224 0.286859 0.143754 0 0
0 0 139 0.05237 -0.32196 -0.0614414 -0.207271 0 0
0 0 140 0.47451 -0.0292454 0.396229 -5.30538e-05 0 0
0 0 141 0.0991986 0.707351 -0.169008 -0.235872 0 0
0 0 142 -0.257898 -0.41309 0.168668 -0.150555 0 0
0 0 143 0.0166637 0.384299 -0.156155 0.200166 0 0
0 0 144 0.0269218 0.248872 -0.136912 0.225992 0 0
0 0 145 0.329082 -0.611654 0.445574 -0.113121 0 0
0 0 146 -0.023715 0.151514 0.250766 0.214405 0 0
0 0 147 0.0656849 0.125095 0.0854517 0.0243291 0 0
0 0 148 0.0883393 -0.199431 0.262912 -0.0412325 0 0
0 0 149 0.203773 0.00943373 -0.0819311 0.340141 0 0
0 0 150 0.365245 -0.105615 0.361365 -0.0475347 0 0
0 0 151 -0.22974 0.268058 0.0411625 0.408992 0 0
0 0 152 0.282431 -0.268636 -0.222829 -0.279634 0 0
0 0 153 -0.21174 0.232082 -0.012948 -0.713495 0 0
0 0 154 0.11705 0.103621 0.0383881 0.054709 0 0
0 0 155 0.00907591 0.0804294 -0.183212 -0.284338 0 0
0 0 156 -0.117571 -0.238855 -0.153294 0.0686918 0 0
0 0 157 -0.218448 0.00479392 0.277905 -0.138656 0 0
0 0 158 0.314361 -0.0366208 0.0634019 -0.285867 0 0
0 0 159 -0.280207 -0.673144 0.14577 -0.406106 0 0
0 0 160 -0.380119 0.426517 -0.14315 0.349453 0 0
0 0 161 -0.0016647 -0.361435 0.147078 -0.173685 0 0
0 0 162 0.326621 -0.377446 -0.302249 -0.0355558 0 0
0 0 163 0.221501 -0.0221108 -0.100235 -0.318113 0 0
0 0 164 -0.0845982 -0.402326 -0.133694 0.378871 0 0
0 0 165 0.0730858 -0.487079 0.0744276 -0.335031 0 0
0 0 166 0.10688 -0.44652 -0.00798246 -0.0395131 0 0
0 0 167 0.0917382 -0.222766 0.457988 0.243012 0 0
0 0 168 0.376491 0.21504 -0.0445033 -0.00689174 0 0
0 0 169 0.157296 0.0489492 -0.0510749 -0.0155763 0 0
0 0 170 0.0863956 0.0815031 0.691049 0.112923 0 0
0 0 171 0.340579 -0.233181 0.185536 -0.288633 0 0
0 0 172 0.191806 0.284218 0.0710841 -0.154772 0 0
0 0 173 -0.187177 -0.236057 0.347023 -0.278735 0 0
0 0 174 0.783012 0.0888239 0.200998 -0.272803 0 0
0 0 175 0.0567365 -0.259093 -0.278103 0.0127541 0 0
0 0 176 -0.0325518 -0.420145 0.223467 -0.247061 0 0
0 0 177 -0.30869 -0.142059 0.151011 0.269474 0 0
0 0 178 0.0606266 0.0220474 0.141319 -0.150329 0 0
0 0 179 -0.148753 0.0598835 0.196379 0.321375 0 0
0 0 180 -0.141328 -0.00252052 0.189974 -0.10517 0 0
0 0 181 -0.266676 0.152223 0.0211974 0.0258944 0 0
0 0 182 -0.0398617 0.00938954 0.0351975 0.0931737 0 0
0 0 183 0.0304331 0.222126 -0.186351 0.138464 0 0
0 0 184 -0.0839858 0.0538318 0.129229 -0.174814 0 0
0 0 185 0.150681 -0.201815 -0.204079 0.231571 0 0
0 0 186 -0.223313 -0.0345511 0.15118 0.0301274 0 0
0 0 187 -0.0916902 -0.440342 0.197448 -0.262496 0 0
0 0 188 -0.0649805 0.0899614 0.329094 -0.195274 0 0
0 0 189 0.167696 -0.0220672 -0.0390044 -0.130524 0 0
0 0 190 0.0147609 -0.341422 0.338083 0.174259 0 0
0 0 191 -0.294523 -0.230309 0.243266 -0.265056 0 0
0 0 192 -0.0141715 -0.299065 0.159807 -0.00772363 0 0
0 0 193 0.271629 -0.374054 -0.183421 -0.124014 0 0
0 0 194 -0.145908 0.182811 -0.226869 -0.216693 0 0
0 0 195 0.515051 -0.233069 0.0136784 0.185508 0 0
0 0 196 0.331413 -0.217935 0.121796 -0.0868409 0 0
0 0 197 0.3504 0.0433419 0.694799 0.121129 0 0
0 0 198 -0.365298 0.280985 0.345487 -0.0959003 0 0
0 0 199 -0.24062 0.0538476 -0.0715453 -0.0875623 0 0
0 0 200 -0.143648 -0.483994 -0.0409071 -0.241994 0 0
0 0 201 0.0636131 0.211904 0.160171 -0.285577 0 0
0 0 202 -0.119124 0.0938581 0.339043 0.35217 0 0
0 0 203 -0.14007 -0.0702649 0.246738 -0.143362 0 0
0 0 204 -0.193789 -0.301853 0.206354 0.186117 0 0
0 0 205 0.0626332 0.0165928 0.00982969 0.169056 0 0
0 0 206 -0.0758418 0.403199 0.10814 0.153575 0 0
0 0 207 0.516098 0.295346 -0.437485 -0.161125 0 0
0 0 208 -0.0999432 0.105746 -0.205443 -0.237162 0 0
0 0 209 0.0784816 0.0963457 -0.214733 0.143682 0 0
0 0 210 -0.355228 0.169343 -0.239792 -0.294239 0 0
0 0 211 0.264888 -0.681444 0.0213947 0.141914 0 0
0 0 212 -0.037954 0.34878 -0.174084 0.520325 0 0
0 0 213 -0.00109604 -0.251448 -0.073977 -0.181803 0 0
0 0 214 -0.425119 0.042898 -0.331492 -0.0176337 0 0
0 0 215 -0.0888974 -0.207655 0.344072 0.242815 0 0
0 0 216 -0.168383 -0.00515381 0.32847 0.328038 0 0
0 0 217 -0.266808 0.0493195 -0.135321 -0.359074 0 0
0 0 218 0.267974 -0.015732 0.146065 0.269024 0 0
0 0 219 0.0555576 -0.15904 0.0711985 0.0440485 0 0
0 0 220 0.411242 -0.237668 0.940393 -0.0483109 52.0918 7.96082
0 0 221 -0.0745449 -0.0295231 0.568794 -0.221564 0 0
0 0 222 -0.411486 -0.343562 0.458433 0.139131 0 0
0 0 223 0.0623485 -0.406878 -0.0618715 0.061498 0 0
0 0 224 -0.174315 0.374013 -0.224618 0.0713959 0 0
0 0 225 0.234683 -0.359603 0.123168 0.105767 0 0
0 0 226 0.074619 0.061802 -0.053157 0.0670455 0 0
0 0 227 0.0449618 -0.503058 -0.134619 0.241051 0 0
0 0 228 0.543033 -0.121634 -0.586355 0.255733 0 0
0 0 229 -0.0636513 -0.174244 0.655689 0.201779 0 0
0 0 230 -0.256287 -0.010102 0.132569 0.031319 0 0
0 0 231 -0.257052 -0.105034 -0.0853574 0.342764 0 0
0 0 232 -0.21184 0.0177232 0.226104 0.0659357 0 0
0 0 233 -0.0112038 -0.15645 -0.0484306 -0.0222581 0 0
0 0 234 0.0770225 0.0402903 0.0233989 -0.218503 0 0
0 0 235 0.0673261 -0.154389 -0.143985 -0.208702 0 0
0 0 236 0.2766 -0.0951359 -0.138712 -0.0171589 0 0
0 0 237 0.0502315 0.190948 -0.126402 -0.356014 0 0
0 0 238 -0.0015479 -0.198103 -0.234234 0.041806 0 0
0 0 239 0.0892187 -0.0279127 0.248299 -0.190381 0 0
0 0 240 0.153541 -0.192286 0.0541361 0.272924 0 0
0 0 241 0.284479 -0.3051 0.483075 -0.0138079 0 0
0 0 242 -0.079466 -0.0106324 0.29586 -0.485264 0 0
0 0 243 -0.136861 0.0559089 0.127131 -0.116161 0 0
0 0 244 0.17291 0.045943 0.501614 -0.323262 0 0
0 0 245 -0.385789 -0.406247 0.215237 0.00627398 0 0
0 0 246 -0.0450721 -0.196541 0.181804 -0.736253 0 0
0 0 247 -0.196329 -0.352726 0.121391 -0.289714 0 0
0 0 248 0.0618665 -0.37471 0.524069 -0.131978 0 0
0 0 249 0.0130561 0.425809 0.348579 0.210897 0 0
0 0 250 -0.226353 0.160795 -0.0547611 -0.153632 0 0
0 0 251 -0.347579 0.231736 0.465973 0.285796 0 0
0 0 252 0.0882431 0.157897 0.384288 0.41922 0 0
0 0 253 0.0782854 0.1777 0.13007 -0.195609 0 0
0 0 254 -0.222929 -0.0747292 -0.000106212 0.146918 0 0
0 0 255 0.195675 0.0399721 -0.0571416 -0.154672 0 0
0 0 256 0.0697152 0.0287784 0.362299 0.148444 0 0
0 0 257 0.232972 -0.522327 -0.0310413 -0.26961 0 0
0 0 258 0.129524 0.0467267 0.462518 0.205329 0 0
0 0 259 -0.303553 -0.627348 -0.0331457 0.293993 0 0
0 0 260 0.255785 -0.0561453 -0.0166972 -0.0941132 0 0
0 0 261 0.151377 0.176623 0.508976 0.084672 0 0
0 0 262 -0.0727554 -0.0383523 0.0100268 -0.116752 0 0
0 0 263 0.0594224 -0.279368 0.141012 -0.14572 0 0
0 0 264 0.0243708 -0.181481 0.105949 0.0387969 0 0
0 0 265 -0.0103944 -0.0655198 0.17175 0.0694419 0 0
0 0 266 -0.106861 0.218645 0.0597326 -0.248017 0 0
0 0 267 0.0159097 -0.204617 0.152144 0.159549 0 0
0 0 268 0.040769 0.0732535 0.189506 -0.251533 0 0
0 0 269 0.0530022 0.180964 -0.124045 0.0815064 0 0
0 0 270 0.308795 0.402852 0.0553483 0.235162 0 0
0 0 271 -0.38943 -0.0663183 -0.459909 0.00994039 0 0
0 0 272 -0.295356 0.0146799 -0.343459 -0.168518 0 0
0 0 273 -0.010157 -0.818268 -0.14435 -0.0806311 0 0
0 0 274 0.135275 0.246866 -0.218916 0.0474417 0 0
0 0 275 0.176024 -0.17579 0.219044 -0.257316 0 0
0 0 276 -0.115432 -0.131385 0.353071 -0.40072 0 0
0 0 277 0.235234 -0.355287 0.645145 0.490822 0 0
0 0 278 -0.10804 0.132538 -0.222769 0.0017708 0 0
0 0 279 0.0858384 0.325942 -0.311883 -0.239301 0 0
0 0 280 0.0943266 -0.580035 -0.111432 -0.0475492 0 0
0 0 281 -0.0186867 -0.0792905 0.0740756 -0.149648 0 0
0 0 282 0.26245 -0.623213 -0.0356896 0.0853518 0 0
0 0 283 0.202355 0.28738 0.182337 0.0605972 0 0
0 0 284 -0.0591887 -0.197681 -0.10647 -0.140645 0 0
0 0 285 0.122667 0.0710015 0.126058 -0.555337 0 0
0 0 286 0.0432315 -0.108836 -0.155809 -0.10955 0 0
0 0 287 -0.355642 -0.464869 0.443453 -0.213283 0 0
0 0 288 -0.175542 0.0271127 0.319437 0.186193 0 0
0 0 289 -0.354398 0.267937 -0.264805 -0.230666 0 0
0 0 290 0.340185 -0.265057 0.263925 -0.0928744 0 0
0 0 291 0.062777 0.224357 -0.547928 0.345065 0 0
0 0 292 0.00846644 -0.368766 0.376064 -0.0470373 0 0
0 0 293 -0.0805669 -0.129893 -0.209065 -0.0616234 0 0
0 0 294 -0.260356 0.0433752 0.0641594 -0.458864 0 0
0 0 295 -0.0964386 0.174122 -0.108283 0.243716 0 0
0 0 296 -0.301136 -0.338165 -0.0203853 0.434399 0 0
0 0 297 0.23261 -0.349272 0.000486478 0.203515 0 0
0 0 298 0.0256559 0.0540612 0.556011 -0.175869 0 0
0 0 299 0.181784 -0.126229 0.290188 -0.200142 0 0
0 0 300 0.0868869 0.216077 -0.0291181 0.424787 0 0
0 0 301 0.258668 -0.162456 -0.377265 -0.171233 0 0
0 0 302 0.207683 -0.267756 0.62484 0.423167 0 0
0 0 303 -0.234953 0.215351 0.0992911 0.5586 0 0
0 0 304 -0.142345 0.00483402 -0.179935 0.0812605 0 0
0 0 305 0.106879 -0.446596 -0.233773 -0.338873 0 0
0 0 306 -0.0150348 -0.162854 0.165918 -0.185211 0 0
0 0 307 0.136052 -0.357749 -0.0387252 -0.012936 0 0
0 0 308 0.0342055 0.0688162 -0.0251435 0.030724 0 0
0 0 309 0.289925 0.117571 -0.259382 -0.0169524 0 0
0 0 310 0.451446 0.0679088 0.121416 -0.164122 0 0
0 0 311 0.247653 0.0519655 0.114481 0.670752 0 0
0 0 312 0.180639 0.398845 0.12297 0.143481 0 0
0 0 313 -0.0564206 -0.0634306 0.134783 -0.197853 0 0
0 0 314 -0.123167 -0.0649884 -0.248417 -0.001052 0 0
0 0 315 -0.0269178 -0.292107 -0.245281 -0.18252 0 0
0 0 316 0.111551 0.1866 0.023 0.078916 0 0
0 0 317 0.0687721 0.139679 0.505019 0.0468496 0 0
0 0 318 -0.0957904 -0.105189 -0.265417 0.0232781 0 0
0 0 319 0.043342 0.439482 0.106365 -0.0635209 0 0
0 0 320 0.0868844 0.169018 0.0277425 -0.0240701 0 0
0 0 321 -0.0379185 -0.15552 0.00730357 -0.0606368 0 0
0 0 322 -0.0154104 -0.132436 -0.561572 -0.252094 0 0
0 0 323 -0.113378 -0.111547 0.0265169 0.12536 0 0
0 0 324 -0.420713 -0.189107 0.0129315 -0.269553 0 0
0 0 325 0.0641802 -0.294398 -0.340301 0.0311977 0 0
0 0 326 0.16304 0.0504425 -0.0518119 0.210875 0 0
0 0 327 -0.101276 0.136991 -0.430423 0.436039 0 0
0 0 328 -0.0812477 -0.324172 0.263413 0.0872514 0 0
0 0 329 0.249466 -0.190527 0.294295 -0.326051 0 0
0 0 330 0.054026 0.21764 0.0199543 -0.0913492 0 0
0 0 331 -0.12892 0.0179732 -0.0391539 -0.160487 0 0
0 0 332 -0.239989 0.175063 -0.133075 0.208492 0 0
0 0 333 -0.372774 -0.372537 -0.190984 -0.0266019 0 0
0 0 334 0.217567 -0.201669 -0.676887 -0.562055 0 0
0 0 335 -0.149914 0.169085 0.667323 0.239785 0 0
0 0 336 -0.251659 0.248946 -0.101879 -0.0523514 0 0
0 0 337 -0.00686032 -0.488472 0.116182 -0.0230916 0 0
0 0 338 -0.075146 -0.0488996 0.0251788 0.173483 0 0
0 0 339 0.332241 -0.496155 0.493369 -0.0479683 0 0
0 0 340 0.482092 -0.14015 -0.036142 -0.382034 0 0
0 0 341 0.391163 -0.157096 -0.090551 0.528302 0 0
0 0 342 0.336905 -0.0250429 0.128567 0.17718 0 0
0 0 343 -0.10958 0.0359224 0.183347 0.242187 0 0
0 0 344 0.0553364 -0.00996705 -0.11698 -0.288086 0 0
0 0 345 0.0802616 0.127621 -0.327189 0.292593 0 0
0 0 346 -0.391331 0.114306 -0.166786 -0.122721 0 0
0 0 347 -0.290997 0.226892 0.259821 0.335237 0 0
0 0 348 -0.557325 -0.351991 0.203517 0.235476 0 0
0 0 349 -0.125683 -0.253275 0.0369634 -0.115237 0 0
0 0 350 0.147712 0.188228 -0.180291 -0.0855071 0 0
0 0 351 -0.0339842 0.53811 0.237268 0.423747 0 0
0 0 352 0.25954 -0.446384 0.468354 0.523289 0 0
0 0 353 0.11678 -0.14669 0.0714488 -0.0415099 0 0
0 0 354 0.331326 -0.229076 0.0584679 -0.0117225 0 0
0 0 355 0.306313 0.129999 0.558947 0.199337 0 0
0 0 356 -0.150552 -0.0307259 0.281414 -0.147649 0 0
0 0 357 -0.229792 -0.194988 0.74188 -0.0529012 0 0
0 0 358 -0.166113 -0.0832454 0.17214 0.33115 0 0
0 0 359 0.0235201 -0.259374 -0.000142523 -0.375465 0 0
0 0 360 -0.0485067 0.0623621 0.069736 -0.2206 0 0
0 0 361 0.0574199 -0.0409169 0.116717 -0.0138613 0 0
0 0 362 0.244748 -0.100976 0.342711 -0.284498 0 0
0 0 363 0.225889 -0.00976128 -0.103621 -0.204757 0 0
0 0 364 -0.219962 -0.581489 -0.304272 0.205576 0 0
0 0 365 0.0721997 0.101268 0.553092 -0.213231 0 0
0 0 366 0.299863 -0.238008 -0.158789 -0.102544 0 0
0 0 367 -0.209272 0.17067 0.555904 -0.0292518 0 0
0 0 368 0.282237 -0.309176 0.0977673 -0.272914 0 0
0 0 369 -0.0815276 -0.393146 -0.391255 0.193034 0 0
0 0 370 0.408615 -0.00632998 0.27279 0.399874 0 0
0 0 371 0.0322289 0.17889 0.0619445 0.142274 0 0
0 0 372 -0.223393 -0.0294974 -0.359848 0.332718 0 0
0 0 373 -0.141311 -0.314605 0.312389 0.29822 0 0
0 0 374 0.192975 0.208009 0.430773 -0.416169 0 0
0 0 375 -0.337271 0.0858445 0.173198 0.283564 0 0
0 0 376 0.0711927 -0.202385 -0.0056725 0.520548 0 0
0 0 377 -0.0969003 -0.172745 0.45919 -0.0534527 0 0
0 0 378 -0.0455563 0.24542 0.150611 0.0597205 0 0
0 0 379 0.0037912 -0.170897 -0.00810555 -0.218822 0 0
0 0 380 0.0828028 -0.176404 0.074677 -0.195325 0 0
0 0 381 0.0225444 0.284353 -0.291982 0.00990601 0 0
0 0 382 0.285715 -0.345208 -0.45728 -0.124789 0 0
0 0 383 0.19577 0.220027 -0.119551 0.00163462 0 0
0 0 384 -0.215466 -0.796989 0.146068 -0.0559662 0 0
0 0 385 -0.362765 -0.675583 -0.150874 -0.147218 0 0
0 0 386 0.334104 -0.364465 0.241115 0.222881 0 0
0 0 387 0.177662 -0.238461 -0.0193781 -0.00754835 0 0
0 0 388 0.134639 0.279473 -0.244988 0.317376 0 0
0 0 389 0.0958088 0.19168 0.143333 -0.343272 0 0
0 0 390 -0.0492439 0.517045 -0.282278 0.618458 0 0
0 0 391 -0.484623 0.330308 0.140684 -0.198992 0 0
0 0 392 -0.19516 0.383752 -0.0849336 0.485369 0 0
0 0 393 0.409785 0.0740698 0.107086 0.25667 0 0
0 0 394 -0.307229 0.181331 -0.0613383 -0.00307364 0 0
0 0 395 0.216844 -0.204719 0.400534 -0.0463534 0 0
0 0 396 -0.0146497 -0.569917 0.144228 0.264677 0 0
0 0 397 -0.00474428 -0.074892 -0.0410051 0.0421866 0 0
0 0 398 0.125664 -0.568611 0.142784 0.238179 0 0
0 0 399 -0.205174 0.129528 0.195343 0.25549 0 0
0 0 400 0.330321 -0.252088 -0.206046 0.29223 0 0
0 0 401 0.280943 0.0880755 0.0834023 0.122108 0 0
0 0 402 -0.096313 0.141894 0.03126 0.384027 0 0
0 0 403 -0.256143 0.372252 0.0761644 -0.0288659 0 0
0 0 404 0.170914 0.506993 0.35489 0.0853518 0 0
0 0 405 0.197163 -0.104527 -0.125331 -0.132969 0 0
0 0 406 0.0589595 0.445488 -0.0347351 0.0285614 0 0
0 0 407 -0.0889923 -0.202834 -0.00323479 -0.0022638 0 0
0 0 408 0.0241546 -0.283431 -0.00350563 -0.0346195 0 0
0 0 409 -0.120721 0.0461559 -0.387187 0.105767 0 0
0 0 410 -0.437746 0.846044 -0.373213 0.0380423 -11.9018 7.67268
0 0 411 0.0204958 -0.170277 0.0480294 -0.466663 0 0
0 0 412 0.0757227 -0.295663 0.167324 0.522602 0 0
0 0 413 0.337096 0.357688 0.0435683 0.0175471 0 0
0 0 414 0.00029145 0.0332249 0.0672967 -0.154618 0 0
0 0 415 0.113896 0.0103108 0.278743 -0.435518 0 0
0 0 416 -0.792661 0.335585 -0.255715 0.0534729 0 0
0 0 417 -0.449978 -0.122499 0.332457 -0.0443516 0 0
0 0 418 -0.012493 0.163306 -0.178338 0.0387017 0 0
0 0 419 0.00904309 -0.156856 -0.158352 -0.0790747 0 0
0 0 420 -0.260175 0.306754 0.117539 -0.0398648 0 0
0 0 421 0.132778 -0.300462 -0.0988743 -0.264834 0 0
0 0 422 0.0260564 -0.327122 -0.568598 -0.337625 0 0
0 0 423 -0.170287 0.0595257 -0.305969 0.174084 0 0
0 0 424 0.41559 0.105455 0.330921 -0.08793 0 0
0 0 425 -0.0424358 0.218106 -0.0450326 0.279236 0 0
0 0 426 0.140645 0.124619 -0.050737 0.293426 0 0
0 0 427 -0.109523 -0.378438 -0.0723705 0.00886046 0 0
0 0 428 0.34681 -0.0727108 -0.185515 -0.0112137 0 0
0 0 429 -0.169562 -0.714563 0.13976 -0.138026 0 0
0 0 430 0.433964 0.242612 -0.218274 0.0532489 0 0
0 0 431 -0.502092 -0.513747 0.0343376 0.069712 0 0
0 0 432 0.0170701 -0.0482639 -0.155633 0.0222593 0 0
0 0 433 -0.402334 0.139214 -0.239406 -0.129666 0 0
0 0 434 0.0471229 0.108956 -0.0852709 0.0148877 0 0
0 0 435 -0.016457 0.0473576 0.214338 -0.573721 0 0
0 0 436 0.517144 -0.559164 0.0327618 -0.313398 0 0
0 0 437 -0.10849 0.198971 -0.0867374 -0.00106531 0 0
0 0 438 -0.23731 0.192382 -0.125558 0.223536 0 0
0 0 439 0.0371204 -0.256949 -0.0317025 0.144627 0 0
0 0 440 -0.202602 -0.347566 -0.243287 -0.0636481 0 0
0 0 441 0.0652663 -0.217444 0.423463 0.0915956 0 0
0 0 442 0.0984736 -0.00497441 -0.12037 -0.0556586 0 0
0 0 443 -0.292969 -0.454125 -0.140382 0.0644594 0 0
0 0 444 0.0382959 -0.22962 0.425797 0.951161 0 0
0 0 445 0.165902 0.433971 0.0357981 -0.0306464 0 0
0 0 446 -0.160078 0.124534 0.161614 -0.315344 0 0
0 0 447 -0.253898 0.141093 0.0363419 -0.207365 0 0
0 0 448 -0.0563394 0.0122824 -0.259455 0.0422111 0 0
0 0 449 0.498503 -0.15535 0.0986911 -0.0486054 0 0
0 0 450 0.796069 -0.190647 -0.132497 -0.371955 0 0
0 0 451 -0.0863367 0.127066 0.193518 -0.0432117 0 0
0 0 452 -0.0300421 -0.227871 0.429515 -0.207263 0 0
0 0 453 0.273942 0.117129 0.319275 0.226903 0 0
0 0 454 0.104664 0.125597 0.158132 -0.116692 0 0
0 0 455 -0.211542 -0.077304 -0.0809462 0.142987 0 0
0 0 456 0.294345 -0.142057 0.108762 -0.324007 0 0
0 0 457 0.383471 -0.229783 0.0834529 -0.488486 0 0
0 0 458 0.282526 -0.261039 -0.157289 0.0754459 0 0
0 0 459 0.203402 -0.214585 -0.146325 -0.261509 0 0
0 0 460 -0.108902 -0.0387678 0.114662 -0.0630104 0 0
0 0 461 -0.101836 -0.228592 -0.487072 -0.123994 0 0
0 0 462 0.0983723 0.080707 -0.440009 -0.722726 0 0
0 0 463 0.0451167 -0.180776 0.246949 0.042964 0 0
0 0 464 -0.166282 0.394763 0.252275 -0.536575 0 0
0 0 465 0.182464 -0.074385 0.0202773 0.0698694 0 0
0 0 466 0.0116546 0.112495 -0.184499 0.103408 0 0
0 0 467 -0.0338114 0.536749 0.245257 -0.131694 0 0
0 0 468 0.155439 0.10078 0.215669 -0.183838 0 0
0 0 469 -0.1921 0.119274 0.104489 -0.246032 0 0
0 0 470 0.211449 0.00512841 0.200246 0.0568544 0 0
0 0 471 0.443698 0.25224 -0.216407 -0.0752181 0 0
0 0 472 0.122338 -0.159805 -0.484031 0.501144 0 0
0 0 473 -0.566456 0.210879 0.0527306 -0.325829 0 0
0 0 474 0.233405 -0.114657 -0.192868 -0.230922 0 0
0 0 475 -0.163289 0.0102539 -0.387975 0.12746 0 0
0 0 476 0.187629 -0.274125 -0.0525198 0.0794608 0 0
0 0 477 0.15741 -0.358658 -0.45321 0.317307 0 0
0 0 478 -0.253619 0.519244 -0.248433 0.18776 0 0
0 0 479 -0.0588533 -0.150181 0.396915 -0.0931006 0 0
0 0 480 -0.117115 0.00534365 0.113141 -0.524504 0 0
0 0 481 0.0327956 -0.171578 -0.0978742 0.234581 0 0
0 0 482 -0.117816 -0.254215 0.236918 0.296809 0 0
0 0 483 -0.170409 -0.511075 -0.199484 0.267648 0 0
0 0 484 0.0915666 0.232875 -0.0072217 -0.198 0 0
0 0 485 -0.0384513 -0.162922 -0.0120527 -0.222698 0 0
0 0 486 -0.344904 0.194997 -0.380108 0.0735001 0 0
0 0 487 -0.0130075 0.52335 -0.112529 0.443159 0 0
0 0 488 -0.049775 -0.099953 0.058202 0.300618 0 0
0 0 489 0.0216455 -0.342224 0.33909 -0.0247028 0 0
0 0 490 -0.015315 -0.344362 -0.0287998 0.058112 0 0
0 0 491 -0.0953448 0.0794077 0.273214 -0.195873 0 0
0 0 492 -0.244284 -0.463579 0.0699497 -0.120555 0 0
0 0 493 -0.333868 0.188647 0.336389 0.00202965 0 0
0 0 494 -0.222922 0.186617 0.325166 -0.165977 0 0
0 0 495 -0.11068 -0.192015 0.599638 -0.234671 0 0
0 0 496 -0.191063 -0.0159921 0.215871 -0.139221 0 0
0 0 497 0.0694107 0.238957 -0.0495611 0.308618 0 0
0 0 498 -0.159321 -0.0437887 -0.15523 -0.49236 0 0
0 0 499 -0.174582 0.0759233 0.121351 -0.397105 0 0
0 0 500 -0.216812 -0.105158 0.0536175 -0.309093 0 0
0 0 501 -0.0555545 0.277343 -0.692739 -0.338954 0 0
0 0 502 0.122125 0.132596 0.348109 0.245728 0 0
0 0 503 0.0478447 -0.294317 -0.219455 -0.293891 0 0
0 0 504 0.0933029 -0.134163 -0.139945 0.184299 0 0
0 0 505 0.28418 0.375527 0.419971 0.11801 0 0
0 0 506 0.122426 0.0535457 0.345402 0.174425 0 0
0 0 507 0.154032 -0.116978 0.248275 0.29391 0 0
0 0 508 0.230435 -0.150297 -0.403608 -0.489916 0 0
0 0 509 -0.141524 0.14895 -0.173779 0.405982 0 0
0 0 510 -0.0644905 -0.0646703 0.326249 0.0510646 0 0
0 0 511 -0.237743 0.198691 0.0728277 0.0443225 0 0
0 0 512 0.0988323 -0.203934 0.147673 0.479314 0 0
0 0 513 -0.1578 -0.336762 0.238906 0.182581 0 0
0 0 514 0.285509 -0.181229 -0.181676 0.233479 0 0
0 0 515 -0.0145322 0.0290697 0.0592959 -0.34272 0 0
0 0 516 -0.288268 0.413787 -0.267566 -0.119549 0 0
0 0 517 0.0447689 -0.0782046 -0.465688 -0.261269 0 0
0 0 518 -0.0648208 -0.205497 0.0171984 -0.0923211 0 0
0 0 519 -0.0220922 0.253311 0.175755 0.0543564 0 0
0 0 520 0.120199 0.23645 -0.166428 -0.123456 0 0
0 0 521 0.417858 0.0918042 0.36836 0.347077 0 0
0 0 522 -0.0554547 0.173636 0.36062 0.192789 0 0
0 0 523 0.070941 -0.0270328 0.290538 0.121727 0 0
0 0 524 -0.0339026 0.148328 -0.40745 -0.295719 0 0
0 0 525 0.212473 -0.155656 0.0296613 -0.0475167 0 0
0 0 526 -0.212298 0.124387 0.219606 0.322341 0 0
0 0 527 0.0783817 -0.296622 -0.389624 0.202684 0 0
0 0 528 0.0920188 0.482069 0.398477 -0.105485 0 0
0 0 529 -0.0407281 -0.0261928 -0.153743 0.243986 0 0
0 0 530 -0.523174 0.0502791 -0.126752 -0.0279366 0 0
0 0 531 -0.238361 0.424946 -0.415569 -0.253799 0 0
0 0 532 -0.0353568 -0.591171 0.0570614 -0.0431359 0 0
0 0 533 0.159811 -0.290449 -0.0385077 0.10805 0 0
0 0 534 0.246298 0.0608628 0.146989 0.0987627 0 0
0 0 535 -0.100886 0.106599 0.0027979 -0.4206 0 0
0 0 536 0.0682953 -0.311492 -0.24889 0.165426 0 0
0 0 537 0.512716 0.154144 -0.138631 0.524346 0 0
0 0 538 -0.175235 0.275989 -0.09255 0.122042 0 0
0 0 539 0.136184 0.369825 0.0589588 -0.111039 0 0
0 0 540 -0.575622 -0.189598 0.191029 -0.0290016 0 0
0 0 541 0.109886 -0.20846 0.293191 -0.152656 0 0
0 0 542 0.0508267 0.099043 -0.0485155 -0.170145 0 0
0 0 543 0.0394074 -0.111782 0.211281 0.0302986 0 0
0 0 544 0.290949 -0.2525 0.454823 0.323466 0 0
0 0 545 0.496041 -0.365164 0.15453 -0.294868 0 0
0 0 546 -0.0256441 0.264052 0.174085 -0.21767 0 0
0 0 547 -0.00695036 0.157322 0.0605955 -0.00889245 0 0
0 0 548 -0.266688 -0.176258 0.563118 0.00337541 0 0
0 0 549 0.120328 0.394339 -0.152713 0.289601 0 0
0 0 550 0.232631 -0.373914 -0.218191 -0.167708 0 0
0 0 551 0.642559 -0.4658 0.202084 -0.107647 0 0
0 0 552 -0.0633771 -0.0727057 -0.284591 -0.337434 0 0
0 0 553 -0.369647 -0.264589 0.469447 -0.509583 0 0
0 0 554 -0.11846 0.0573306 0.152885 0.107784 0 0
0 0 555 0.413765 -0.216181 0.0525825 -0.177905 0 0
0 0 556 0.454343 -0.093246 -0.0756467 0.106933 0 0
0 0 557 -0.0399181 -0.062535 -0.0374806 -0.130903 0 0
0 0 558 -0.0317399 -0.319377 0.395161 0.169845 0 0
0 0 559 -0.248685 -0.0869179 -0.355839 0.0855227 0 0
0 0 560 1.00037 -0.162828 -0.0861453 0.0810379 0 0
0 0 561 0.0197726 -0.118004 0.236344 0.48663 0 0
0 0 562 0.461136 -0.0965458 0.180812 0.294599 0 0
0 0 563 0.441115 -0.0522915 0.136128 0.0048476 0 0
0 0 564 -0.163986 0.0386083 0.191912 -0.435089 0 0
0 0 565 -0.152665 -0.296245 0.0321159 0.016373 0 0
0 0 566 0.176167 -0.351946 -0.0919351 0.0696766 0 0
0 0 567 0.211738 0.435078 -0.311375 -0.0024048 0 0
0 0 568 0.0438982 -0.258322 -0.102496 -0.0937645 0 0
0 0 569 -0.0332507 -0.273314 0.160942 -0.677558 0 0
0 0 570 -0.00850819 0.189121 0.13156 0.200425 0 0
0 0 571 0.093538 0.420573 0.490263 0.120604 0 0
0 0 572 0.17976 0.0530944 -0.0894436 -0.497755 0 0
0 0 573 0.272185 0.76918 -0.0240683 -0.0044528 0 0
0 0 574 -0.0126826 0.00289298 -0.0594121 -0.234387 0 0
0 0 575 -0.186493 -0.124579 0.0786557 0.474759 0 0
0 0 576 0.273296 0.168691 0.67668 -0.198864 0 0
0 0 577 0.43814 -0.0339163 0.417242 -0.51981 0 0
0 0 578 0.0894198 -0.111698 -0.0789248 0.131685 0 0
0 0 579 0.5167 0.0120994 0.418445 0.661378 0 0
0 0 580 -0.025194 0.180537 0.144747 0.256174 0 0
0 0 581 -0.264702 -0.29207 -0.258167 0.292769 0 0
0 0 582 -0.0710053 0.0429625 -0.107241 0.243368 0 0
0 0 583 -0.16966 -0.512197 -0.2908 -0.129573 0 0
0 0 584 0.327576 0.0904362 0.0288931 -0.0222055 0 0
0 0 585 -0.246819 -0.586745 0.210535 -0.0592867 0 0
0 0 586 0.3035 -0.15559 0.321318 0.0216282 0 0
0 0 587 0.0822206 0.201061 0.543102 -0.20745 0 0
0 0 588 0.182573 0.308301 0.32277 -0.378179 0 0
0 0 589 -0.0673149 0.0586592 -0.394072 -0.0890298 0 0
0 0 590 0.0368975 -0.215908 -0.0655027 -0.185516 0 0
0 0 591 0.0860604 -0.11556 -0.369131 -0.347912 0 0
0 0 592 0.466765 -0.652614 -0.0403511 -0.411444 0 0
0 0 593 0.31553 0.0694936 0.0915024 0.260011 0 0
0 0 594 0.186156 -0.235319 0.00803692 -0.00710133 0 0
0 0 595 -0.053213 -0.152398 0.186432 0.193905 0 0
0 0 596 -0.269304 0.0855502 -0.153933 0.102017 0 0
0 0 597 0.262726 0.402761 0.322903 0.0250172 0 0
0 0 598 0.198806 0.133591 -0.253307 0.0849418 0 0
0 0 599 0.0121761 -0.0238262 0.188807 0.112924 0 0
0 0 600 0.152059 -0.0013402 -0.15146 0.30915 0 0
0 0 601 0.124603 -0.384661 0.438319 0.17615 0 0
0 0 602 0.0972535 -0.114592 0.0895327 0.0394564 0 0
0 0 603 0.0495476 0.197048 0.191412 -0.324256 0 0
0 0 604 0.00164366 0.305296 0.290002 0.0975868 0 0
0 0 605 0.166011 0.124347 0.170814 0.226383 0 0
0 0 606 0.177717 0.399473 0.0367178 -0.23773 0 0
0 0 607 0.0678959 0.016061 0.0159386 0.113124 0 0
0 0 608 0.0716764 0.037529 0.420444 0.571153 0 0
0 0 609 0.113075 0.559014 -0.1275 0.0297065 0 0
0 0 610 0.0768464 -0.333488 -0.2127 -0.0934966 0 0
0 0 611 -0.0837636 0.179664 0.0248528 -0.0660052 0 0
0 0 612 0.241989 0.108089 -0.144242 -0.0719155 0 0
0 0 613 0.330293 -0.17704 0.459699 -0.151112 0 0
0 0 614 0.312342 -0.40259 0.279467 0.557834 0 0
0 0 615 0.106133 -0.214298 0.244475 0.0954799 0 0
0 0 616 0.252974 -0.533801 -0.11329 -0.239981 0 0
0 0 617 0.156203 0.237504 -0.118437 0.0795524 0 0
0 0 618 0.655549 -0.3948 -0.170496 0.214069 0 0
0 0 619 0.0468659 -0.286366 0.13856 -0.132743 0 0
0 0 620 0.635892 0.358053 -0.0782625 0.124434 0 0
0 0 621 0.306016 -0.417243 0.0964099 -0.212051 0 0
0 0 622 0.361669 -0.592993 0.0881909 -0.0498983 0 0
0 0 623 -0.379308 -0.122577 0.25488 -0.00297753 0 0
0 0 624 -0.25631 -0.00698072 -0.177145 -0.356498 0 0
0 0 625 0.45967 -0.214743 0.473235 -0.189703 0 0
0 0 626 -0.110914 -0.334143 0.524095 -0.0982951 0 0
0 0 627 0.142759 -0.0551944 0.0600038 -0.154124 0 0
0 0 628 0.532786 0.0473842 0.0248628 -0.10763 0 0
0 0 629 0.125463 0.208629 -0.0732486 0.00454845 0 0
0 0 630 0.323191 0.0703448 0.196143 0.342724 0 0
0 0 631 -0.148921 0.40978 -0.124668 -0.255436 0 0
0 0 632 -0.0140113 0.391764 -0.33029 -0.404337 0 0
0 0 633 -0.0564452 -0.307805 0.112347 -0.441462 0 0
0 0 634 0.379628 0.114499 0.133974 0.0505985 0 0
0 0 635 -0.0210156 0.231548 -0.475855 -0.0714611 0 0
0 0 636 0.473781 -0.376458 -0.149269 -0.486129 0 0
0 0 637 0.565581 -0.158083 0.509383 -0.180199 0 0
0 0 638 0.2206 0.191875 0.0800689 0.00784148 0 0
0 0 639 -0.167791 -0.0303308 -0.272352 -0.105888 0 0
0 0 640 0.10291 0.287991 0.389433 -0.1373 0 0
0 0 641 0.314768 0.294084 -0.142274 -0.335439 0 0
0 0 642 0.484234 -0.0380281 0.026509 -0.122503 0 0
0 0 643 0.197328 -0.265328 0.20025 0.0731712 0 0
0 0 644 -0.197472 -0.444689 0.0180549 0.492483 0 0
0 0 645 0.452122 -0.484857 -0.184165 -0.168418 0 0
0 0 646 -0.0862586 -0.120648 0.143237 -0.113522 0 0
0 0 647 -0.247169 0.0779324 0.142226 0.124393 0 0
0 0 648 0.445133 -0.307431 0.309778 -0.2919 0 0
0 0 649 0.225251 -0.227254 0.0495603 -0.0622763 0 0
0 0 650 -0.131259 -0.188174 0.437361 0.124156 0 0
0 0 651 0.0366339 -0.0797571 0.413998 0.185833 0 0
0 0 652 -0.325273 -0.510809 0.396184 0.476531 0 0
0 0 653 0.39255 -0.144946 0.225893 -0.162592 0 0
0 0 654 0.0177324 -0.0534693 0.351681 0.191966 0 0
0 0 655 0.25272 0.061456 0.359209 0.436709 0 0
0 0 656 -0.159343 -0.0499379 -0.157512 -0.238489 0 0
0 0 657 0.116621 -0.219452 0.0375281 -0.246551 0 0
0 0 658 0.266768 -0.467807 0.378257 0.135268 0 0
0 0 659 0.243827 -0.331564 -0.175836 0.0562519 0 0
0 0 660 0.219658 -0.109055 -0.0045899 0.354054 0 0
0 0 661 -0.486538 -0.131852 0.0417464 0.149351 0 0
0 0 662 0.193374 -0.0882125 -0.282919 -0.0365669 0 0
0 0 663 0.25491 -0.172616 0.0561753 -0.212469 0 0
0 0 664 -0.239202 -0.301522 -0.0423075 0.0443977 0 0
0 0 665 -0.307223 -0.198854 0.0473346 0.0738375 0 0
0 0 666 -0.0555389 0.105315 -0.238903 -0.0482442 0 0
0 0 667 0.380861 -0.0120019 -0.407348 0.102647 0 0
0 0 668 0.313932 -0.197587 -0.182392 -0.0633883 0 0
0 0 669 0.0989994 0.184495 0.114874 -0.579099 0 0
0 0 670 0.43705 0.115199 -0.122401 -0.25883 0 0
0 0 671 0.622688 -0.387491 -0.141342 0.300658 0 0
0 0 672 0.172854 -0.606927 -0.0757182 -0.050246 0 0
0 0 673 0.368418 -0.0652964 -0.132216 0.166759 0 0
0 0 674 0.27044 -0.421104 -0.108468 0.154178 0 0
0 0 675 0.0604945 -0.0597711 -0.496893 0.171408 0 0
0 0 676 0.442134 -0.210896 -0.147863 -0.206089 0 0
0 0 677 0.37112 -0.194921 -0.206363 -0.209366 0 0
0 0 678 0.254824 0.108418 -0.157227 -0.385649 0 0
0 0 679 1.06939 0.103467 -0.372179 0.101596 0 0
0 0 680 0.569655 -0.516511 -0.221931 0.118 0 0
0 0 681 0.56673 -0.0476521 -0.19642 -0.184929 0 0
0 0 682 0.897603 -0.103179 -0.145025 0.245229 0 0
0 0 683 1.34607 -0.37955 -0.288386 -0.323811 0 0
0 0 684 1.11694 -0.391621 -0.0667934 -0.187464 0 0
0 0 685 0.99001 -0.205178 -0.529539 0.0504774 0 0
0 0 686 1.0034 -0.323194 -1.132 0.116481 -52.9672 6.54908
0 0 687 1.68972 -0.493281 -0.350706 0.210866 0 0
0 0 688 1.90593 -0.31732 -0.322823 -0.245659 0 0
0 0 689 2.00261 -0.828004 -1.18527 0.23532 -62.4686 5.19524
0 0 690 2.11408 -0.688443 -1.23455 -0.0143754 -59.573 5.36482
0 0 691 2.75247 -0.50939 -1.10205 0.284312 -57.4036 6.28573
0 0 692 2.92855 -0.794704 -1.59635 -0.393588 -58.2327 4.26964
0 0 693 3.646 -0.530877 -1.4485 -0.195487 -55.064 4.97589
0 0 694 3.17956 -0.631814 -1.3028 0.0140742 -57.9359 5.26282
0 0 695 3.20096 -0.688288 -1.73923 -0.0420704 -55.7954 4.0969
0 0 696 3.4517 -0.789285 -2.16792 -0.306137 -55.0026 3.32771
0 0 697 3.74246 -0.909883 -2.18337 0.177506 -56.3116 3.23558
0 0 698 3.92201 -0.961158 -2.48633 -0.53785 -55.5677 2.87636
0 0 699 4.12395 -1.15234 -2.1695 0.0754959 -58.9876 3.0925
0 0 700 3.2422 -0.838482 -1.94279 -0.391945 -56.6722 3.61354
0 0 701 3.89428 -0.879942 -1.70319 -0.0665314 -58.6614 3.96659
0 0 702 4.33994 -0.975941 -2.03094 -0.453909 -57.833 3.38281
0 0 703 3.94579 -0.921052 -1.92848 -0.35115 -57.7647 3.56729
0 0 704 3.87842 -1.05641 -1.95945 -0.275911 -59.1654 3.41083
0 0 705 3.88531 -0.575551 -1.70064 -0.592102 -54.3487 4.28237
0 0 706 3.99851 -1.12305 -2.00492 -0.0323056 -59.6276 3.29938
0 0 707 3.22023 -0.577284 -1.13109 0.17199 -58.5194 5.9906
0 0 708 3.26076 -0.758186 -1.67556 -0.37827 -57.1733 4.15208
0 0 709 3.24952 -1.20368 -1.84785 -0.0747529 -61.54 3.41692
0 0 710 3.83231 -1.03551 -1.58815 0.0692269 -61.5526 3.97436
0 0 711 2.9957 -0.638687 -1.36831 -0.215229 -57.5109 5.05233
0 0 712 3.16978 -0.792839 -1.06042 -0.209543 -63.3921 5.65476
0 0 713 3.01261 -0.645714 -1.28656 -0.345521 -58.3259 5.2877
0 0 714 2.95077 -1.29266 -1.63615 -0.205907 -64.1555 3.58078
0 0 715 2.63208 -0.341708 -1.74454 -0.517102 -50.5412 4.35371
0 0 716 2.56888 -0.688724 -1.26028 0.158793 -59.3279 5.28415
0 0 717 2.66628 -0.719118 -1.38269 -0.295126 -58.7392 4.87804
0 0 718 2.96516 -0.327639 -1.53053 -0.0395598 -51.0414 4.94135
0 0 719 2.86893 -0.567594 -1.97506 0.0538186 -53.0168 3.75139
0 0 720 2.91455 -0.912514 -1.58333 0.15588 -59.9779 4.14443
0 0 721 2.56336 -0.687393 -1.59743 -0.293429 -56.6414 4.39716
0 0 722 2.91544 -0.487767 -1.40003 0.211394 -54.6041 5.18312
0 0 723 2.20025 -0.751476 -1.63194 -0.148774 -57.3626 4.24805
0 0 724 2.4465 -0.773059 -1.36442 -0.408961 -59.7676 4.83278
0 0 725 3.1684 -0.886498 -1.89391 -0.584421 -57.5416 3.64806
0 0 726 2.00775 -0.54215 -1.45139 -0.75224 -55.2413 4.95257
0 0 727 2.93622 -0.770645 -1.86191 -0.51389 -56.2423 3.79868
0 0 728 2.82194 -0.50405 -2.00445 -0.170352 -52.0576 3.73617
0 0 729 2.9221 -1.30814 -1.90845 0.0728848 -62.2143 3.24933
0 0 730 3.6026 -0.657479 -2.00091 -0.439906 -54.095 3.65247
0 0 731 3.15834 -0.806641 -2.06036 -0.382973 -55.6903 3.46425
0 0 732 3.64058 -0.685356 -2.24223 -0.476388 -53.4981 3.28495
0 0 733 3.57191 -0.964119 -3.00743 -0.196211 -53.8874 2.43684
0 0 734 3.73781 -1.07123 -2.65215 -0.0417932 -55.9972 2.6778
0 0 735 4.03592 -1.19695 -3.07032 -0.177424 -55.6491 2.32624
0 0 736 4.21836 -1.46912 -2.81494 -0.0759494 -58.78 2.39401
0 0 737 5.01034 -1.30832 -2.93708 -0.336064 -57.0053 2.37601
0 0 738 5.24929 -1.31058 -3.09444 -0.11222 -56.477 2.27646
0 0 739 5.06841 -1.72017 -3.54949 -0.109605 -57.928 1.93196
0 0 740 5.65407 -1.20133 -3.8973 -0.0796086 -53.5659 1.8883
0 0 741 6.23489 -1.71987 -3.6779 0.0905943 -57.5309 1.87893
0 0 742 6.2588 -1.97374 -3.86133 -0.470463 -58.5371 1.75417
0 0 743 6.09905 -2.45253 -3.93756 -0.0376094 -60.9585 1.62753
0 0 744 6.97535 -2.39676 -4.53549 -0.63256 -58.927 1.48119
0 0 745 6.77781 -1.88182 -4.47427 -0.188414 -56.4055 1.57637
0 0 746 7.72098 -2.14595 -4.10503 -0.550754 -58.7994 1.64097
0 0 747 7.36788 -2.30836 -5.38609 -0.528195 -56.5995 1.30509
0 0 748 8.02791 -2.57827 -5.16188 -0.641932 -58.2707 1.3194
0 0 749 8.30797 -2.65391 -4.79366 -1.14277 -59.4851 1.38438
0 0 750 8.28493 -2.97516 -5.52405 -0.139026 -59.1531 1.21019
0 0 751 8.17185 -3.1605 -4.80194 -0.77593 -61.6759 1.3102
0 0 752 7.79819 -2.6162 -4.46756 -0.342675 -60.1766 1.46199
0 0 753 8.29234 -2.51023 -4.27348 -0.522451 -60.2149 1.527
0 0 754 8.39395 -2.76035 -3.91193 -0.658267 -62.6038 1.56816
0 0 755 8.09118 -2.81517 -3.72838 -0.663611 -63.5276 1.60183
0 0 756 8.40198 -3.2559 -3.48231 -0.590006 -66.5378 1.55235
0 0 757 8.22081 -2.98382 -3.59691 -0.559944 -64.8387 1.59366
0 0 758 8.36782 -3.14375 -2.87892 -0.307177 -68.7589 1.72135
0 0 759 8.90753 -2.98661 -2.94332 -0.869017 -67.7091 1.757
0 0 760 9.30129 -2.9739 -2.85506 -0.560818 -68.084 1.78454
0 0 761 10.108 -3.13145 -2.55327 -0.677481 -70.4038 1.80459
0 0 762 10.4272 -3.30548 -2.56361 -0.264847 -71.1021 1.7384
0 0 763 11.0075 -3.37713 -2.39383 -0.564281 -72.3348 1.74851
0 0 764 12.0181 -3.07575 -1.51599 -0.411059 -76.881 2.07705
0 0 765 13.6013 -2.81035 -2.17549 -1.08116 -71.1283 2.04591
0 0 766 14.8904 -2.80358 -2.25562 -0.534236 -70.5908 2.02487
0 0 767 17.4827 -2.98998 -1.2341 -0.584002 -78.786 2.1889
0 0 768 18.5813 -2.19105 -1.0646 -0.203266 -77.0428 2.92225
0 0 769 20.8691 -2.00399 -0.139806 0.114886 -88.0046 3.46493
0 0 770 23.6613 -1.03256 1.29033 -0.493178 64.3339 4.51508
0 0 771 26.5696 0.0307817 1.77018 -0.636376 44.5019 4.38747
0 0 772 29.9154 0.860098 3.2389 -0.0210418 37.5641 2.30284
0 0 773 34.0609 2.409 4.2608 0.215005 30.2584 1.54851
0 0 774 38.8471 3.35378 6.1489 0.18284 30.6954 1.0836
0 0 775 43.1287 4.84229 7.83084 0.539335 29.1345 0.820268
0 0 776 48.238 6.88702 10.1788 0.453984 27.9587 0.612101
0 0 777 52.4725 7.13113 11.738 0.800943 29.3601 0.550284
0 0 778 55.8991 9.03649 12.9469 1.02446 27.5432 0.475774
0 0 779 58.5083 10.2145 14.831 1.23509 27.7219 0.417392
0 0 780 60.6055 11.0601 15.3201 1.55347 27.0866 0.396916
0 0 781 61.0733 11.5119 14.9004 1.81697 26.1553 0.396985
0 0 782 61.3134 11.2852 14.7104 2.40375 26.2531 0.403311
0 0 783 60.0162 11.2882 13.8584 1.5777 25.4179 0.417081
0 0 784 57.623 10.9577 12.8022 1.76407 24.7196 0.441251
0 0 785 55.3151 9.76868 11.6833 1.43301 25.0501 0.488853
0 0 786 52.4132 9.10451 10.4709 1.71272 24.4964 0.535434
0 0 787 49.5149 7.8761 8.95762 1.28514 24.338 0.622501
0 0 788 46.9424 7.26553 8.02493 1.38642 23.9216 0.684823
0 0 789 43.8625 6.00562 6.96597 1.50955 24.6171 0.808143
0 0 790 41.4392 4.91098 6.28178 1.3602 25.9912 0.936906
0 0 791 38.6069 4.51065 5.19389 0.870202 24.5136 1.08007
0 0 792 36.3293 3.06832 4.70445 0.951533 28.4435 1.34155
0 0 793 34.2997 2.86269 4.29707 0.478449 28.1643 1.45795
0 0 794 32.759 2.0118 3.20157 0.592387 28.9278 1.99597
0 0 795 30.5286 1.57741 3.00408 0.688721 31.1483 2.23987
0 0 796 29.3837 1.15973 2.36115 0.585504 31.9205 2.89556
0 0 797 27.7998 1.07556 2.02102 0.358513 30.9893 3.31805
0 0 798 26.7417 0.358438 2.23162 0.331712 40.4376 3.42826
0 0 799 25.7206 0.0749092 1.38912 0.126304 43.4566 5.58231
0 0 800 24.6601 0.0554714 1.74828 0.46152 44.0913 4.44056
0 0 801 24.0898 0.0361395 1.226 -0.367465 44.1558 6.33275
0 0 802 23.48 0.041749 0.800218 -0.257664 0 0
0 0 803 22.2819 -0.0945635 0.44289 0.0978364 0 0
0 0 804 21.6302 -0.796996 0.275872 -0.484944 0 0
0 0 805 21.0465 -0.72573 0.515179 -0.606489 72.315 8.13318
0 0 806 20.5258 -0.553173 0.194679 -0.572124 0 0
0 0 807 19.5713 -0.77313 0.464903 -0.989826 74.4902 7.95981
0 0 808 19.1663 -1.38284 -0.0553397 -0.620524 -88.8542 5.02749
0 0 809 18.1889 -0.694505 0.313769 -0.958676 0 0
0 0 810 17.8215 -1.00997 0.830414 -1.15428 70.2862 5.57896
0 0 811 17.1733 -1.65711 0.211464 -1.42109 86.3639 4.17239
0 0 812 16.3278 -1.29876 0.360394 -0.931926 82.2456 5.20655
0 0 813 15.7077 -1.32876 0.271541 -0.881176 84.2251 5.15459
0 0 814 15.1518 -1.03039 0.75366 -1.72642 71.9085 5.67884
0 0 815 14.1441 -1.28621 0.3156 -1.62206 83.1068 5.28936
0 0 816 13.6226 -1.44354 0.620664 -1.80091 78.3671 4.51162
0 0 817 13.1949 -0.966184 0.486174 -1.50612 76.6445 6.59005
0 0 818 12.2082 -1.57623 0.223871 -1.25779 85.9582 4.38012
0 0 819 11.596 -1.40161 0.331986 -1.47365 83.3372 4.86112
0 0 820 11.9043 -1.71114 0.758854 -1.33238 78.0419 3.79098
0 0 821 11.0855 -1.1349 0.526515 -1.29262 77.556 5.6806
0 0 822 10.1467 -0.691844 0.700016 -1.27167 67.3318 7.49651
0 0 823 9.9987 -1.55506 0.80047 -1.19498 76.3814 4.07897
0 0 824 9.11342 -1.51032 0.807077 -1.77601 75.9406 4.17221
0 0 825 9.06604 -1.17356 0.484563 -0.972369 78.7822 5.57661
0 0 826 7.95562 -1.1105 0.454836 -1.20565 78.8636 5.89876
0 0 827 7.78933 -0.567538 0.570421 -0.965074 0 0
0 0 828 7.53285 -1.35617 0.856215 -1.66619 73.8669 4.48739
0 0 829 7.26428 -1.80804 0.987115 -1.38189 75.6837 3.4714
0 0 830 7.02163 -0.937517 0.888546 -1.25569 68.2681 5.69151
0 0 831 6.21467 -1.204 0.564735 -1.23399 77.4356 5.34612
0 0 832 6.02256 -1.34867 0.835919 -0.741024 74.1045 4.5319
0 0 833 5.8628 -1.08734 0.608354 -0.773024 75.3868 5.74519
0 0 834 5.19711 -1.37718 0.786269 -0.71099 75.1384 4.5178
0 0 835 5.50165 -1.23723 0.48939 -0.681238 79.2093 5.31503
0 0 836 5.37011 -1.11781 0.736447 -1.09615 73.3109 5.3875
0 0 837 4.46904 -0.943975 0.627831 -0.762416 73.1862 6.36419
0 0 838 4.5271 -1.27525 0.957383 -0.744494 71.5514 4.55243
0 0 839 4.37621 -1.33533 0.135898 -0.480909 87.0945 5.18929
0 0 840 3.65589 -0.543107 0.254679 -0.94376 0 0
0 0 841 4.14892 -1.31011 0.306655 -0.626025 83.413 5.20311
0 0 842 3.51082 -0.911656 0.463628 -0.523786 76.5221 6.97195
0 0 843 2.90071 -1.21214 0.472681 0.168051 79.3482 5.43325
0 0 844 3.04041 -0.879423 0.905365 -0.370708 67.0836 5.85116
0 0 845 2.55647 -0.998825 0.386498 -0.463458 79.423 6.5989
0 0 846 2.8615 -1.03124 1.0277 -0.308422 67.5492 5.06356
0 0 847 3.03782 -0.57804 0.697733 -0.62911 64.8201 8.22054
0 0 848 2.16325 -0.507179 0.566529 -0.634148 0 0
0 0 849 2.60536 -0.465505 0.678397 -0.00305685 0 0
0 0 850 2.28369 -0.829681 0.170103 -0.503653 0 0
0 0 851 1.98726 -1.06892 0.383861 -0.0203238 80.1231 6.21073
0 0 852 2.25802 -0.532754 0.00193982 0.085335 0 0
0 0 853 1.98294 -0.863238 0.403579 -0.156522 77.4715 7.46004
0 0 854 1.82119 -0.876023 0.227829 -0.409611 82.7109 7.74514
0 0 855 1.52173 -0.298934 0.0703939 -0.270997 0 0
0 0 856 2.10365 -0.264708 0.265185 -0.464136 0 0
0 0 857 1.63918 -0.041917 0.505264 -0.384288 0 0
0 0 858 1.39084 -0.349202 -0.338283 -0.104124 0 0
0 0 859 1.41894 -0.47551 -0.283914 -0.315612 0 0
0 0 860 1.54358 -0.337881 0.321515 -0.0176688 0 0
0 0 861 1.16423 -0.608427 0.180102 0.258698 0 0
0 0 862 1.06187 -0.259597 0.0709851 -0.292063 0 0
0 0 863 1.26566 -0.241465 -0.243665 -0.503483 0 0
0 0 864 1.16209 -0.374484 -0.0230228 -0.223209 0 0
0 0 865 1.20096 -0.783841 0.240469 -0.0441596 0 0
0 0 866 0.844268 0.0101758 -0.197615 -0.0549837 0 0
0 0 867 1.07189 -0.332014 0.096523 -0.114184 0 0
0 0 868 0.940863 -0.181812 0.2039 0.0816588 0 0
0 0 869 0.566996 -0.0493729 -0.0593783 -0.205915 0 0
0 0 870 0.897921 -0.00403732 0.349525 0.156358 0 0
0 0 871 0.724201 -0.252081 0.221298 -0.198215 0 0
0 0 872 0.783784 -0.0693713 0.0538064 0.301724 0 0
0 0 873 0.625224 0.450142 0.186182 -0.105942 0 0
0 0 874 0.249606 0.288442 -0.0300572 0.257719 0 0
0 0 875 0.79514 0.161188 0.300528 -0.0909604 0 0
0 0 876 0.614062 -0.461219 0.785525 0.156843 60.2096 8.30837
0 0 877 0.87238 0.200261 0.252349 -0.39567 0 0
0 0 878 1.07038 -0.0177712 0.158913 -0.261293 0 0
0 0 879 0.672235 0.385876 0.374062 -0.0955108 0 0
0 0 880 0.558791 -0.328548 0.353228 0.244616 0 0
0 0 881 0.699559 0.168621 0.338106 0.182114 0 0
0 0 882 0.728728 0.145485 0.502305 -0.368478 0 0
0 0 883 0.527663 -0.181773 0.293611 0.410023 0 0
0 0 884 0.592585 0.203199 0.459104 -0.232239 0 0
0 0 885 0.809279 0.166875 0.178493 0.0781211 0 0
0 0 886 0.785092 -0.325434 -0.185783 0.199269 0 0
0 0 887 0.645573 0.579559 0.111029 0.0604594 0 0
0 0 888 0.4535 0.374983 0.3153 0.37092 0 0
0 0 889 0.812517 0.599422 0.258994 -0.335545 0 0
0 0 890 0.661402 0.165495 0.431004 -0.03071 0 0
0 0 891 0.923471 -0.117352 0.0921345 -0.0218784 0 0
0 0 892 1.08885 0.245521 0.202579 0.0893273 0 0
0 0 893 0.939898 0.087447 1.06452 -0.331288 42.6519 7.26784
0 0 894 0.84123 0.30747 0.731123 0.188555 0 0
0 0 895 0.964475 0.0486297 0.468291 -0.286608 0 0
0 0 896 0.822075 0.0117557 0.362817 0.220554 0 0
0 0 897 1.10695 0.0590222 0.529862 -0.206747 0 0
0 0 898 0.945993 0.353517 0.37271 -0.260137 0 0
0 0 899 0.548411 0.215216 0.471324 -0.360907 0 0
0 0 900 1.20431 0.0100906 1.22913 0.385881 44.7648 6.31969
0 0 901 0.806821 0.158236 0.65088 -0.00832965 0 0
0 0 902 1.02462 -0.18478 0.923762 -0.147188 50.6558 8.21428
0 0 903 1.25232 -0.0286954 0.632794 0.0581558 0 0
0 0 904 1.32311 0.196651 0.620965 0.574209 0 0
0 0 905 1.37476 0.548775 0.594208 0.215496 0 0
0 0 906 1.30644 0.208459 1.05591 0.208284 39.4161 7.1905
0 0 907 1.49875 -0.238215 0.847996 -0.24271 52.8454 8.75497
0 0 908 1.38636 0.167956 0.749122 0.113582 0 0
0 0 909 1.36173 0.254232 0.761166 -0.114933 0 0
0 0 910 0.960774 0.119541 1.196 0.122927 42.1461 6.45644
0 0 911 1.55434 0.12591 1.04698 -0.151922 41.5713 7.35598
0 0 912 1.41947 -0.0297064 0.913264 -0.775744 45.9315 8.50038
0 0 913 1.13089 -0.393029 0.960214 -0.106169 56.13 7.37983
0 0 914 1.10226 -0.0516107 0.990661 -0.433105 46.4911 7.82852
0 0 915 1.33467 -0.0756619 0.711515 -0.108426 0 0
0 0 916 1.29866 0.388057 1.23376 -0.0479713 36.27 5.95236
0 0 917 1.12592 -0.224316 0.5315 -0.543615 0 0
0 0 918 1.61538 0.0220602 0.560826 -0.354407 0 0
0 0 919 1.12336 -0.182557 1.0701 0.203384 49.8407 7.1357
0 0 920 1.10517 -0.207523 0.467567 -0.205237 0 0
0 0 921 0.971242 -0.213077 1.13444 0.106479 50.3188 6.707
0 0 922 1.1473 -0.259614 0.453131 0.255954 0 0
0 0 923 1.0125 -0.390992 1.07796 0.284491 54.9682 6.69592
0 0 924 1.23054 -0.28408 0.670455 0.211642 0 0
0 0 925 1.23014 -0.110575 1.21865 -0.337318 47.5923 6.34304
0 0 926 0.141937 0.0390978 0.810026 -0.104768 0 0
0 0 927 1.21415 -0.0559805 0.835751 -0.437508 0 0
0 0 928 0.888272 0.132512 0.509648 0.0154812 0 0
0 0 929 1.04223 -0.285264 0.750672 0.378165 0 0
0 0 930 0.781205 -0.174068 0.630334 0.167599 0 0
0 0 931 0.837368 -0.434215 0.666507 -0.157428 0 0
0 0 932 0.511324 -0.0128685 0.587701 -0.269082 0 0
0 0 933 0.954416 0.0347828 0.38499 0.00264599 0 0
0 0 934 0.620909 -0.799678 0.261135 -0.0631319 0 0
0 0 935 -0.0687046 0.500453 -0.0224682 0.064064 0 0
0 0 936 0.335223 -0.176709 0.286009 -0.344632 0 0
0 0 937 0.754552 -0.202835 0.105385 -0.0345298 0 0
0 0 938 0.505493 -0.00549015 0.341436 0.149222 0 0
0 0 939 0.392645 -0.200968 0.418078 -0.0545473 0 0
0 0 940 0.568369 -0.396334 0.450041 0.135212 0 0
0 0 941 1.03964 0.0254554 -0.0543473 0.132045 0 0
0 0 942 0.080292 0.0165076 -0.0335705 -0.0517937 0 0
0 0 943 0.268643 -0.332876 0.478012 -0.390989 0 0
0 0 944 0.417147 -0.321347 0.138558 -0.244273 0 0
0 0 945 0.422345 0.113274 0.110534 0.174642 0 0
0 0 946 0.231066 0.0250085 0.0222734 -0.108535 0 0
0 0 947 0.0192457 -0.395698 -0.115806 -0.246015 0 0
0 0 948 0.297124 -0.170386 0.0728098 -0.333477 0 0
0 0 949 0.197945 -0.208893 0.319607 0.0434618 0 0
0 0 950 0.46166 -0.055084 0.14868 -0.336806 0 0
0 0 951 0.364846 0.0383933 -0.155559 -0.186613 0 0
0 0 952 -0.0660311 -0.328012 0.143737 -0.559911 0 0
0 0 953 0.353378 0.226777 0.186463 0.0692938 0 0
0 0 954 0.00682053 -0.452955 0.542426 0.0682611 0 0
0 0 955 0.221844 -0.0813917 0.0323902 -0.275578 0 0
0 0 956 0.225403 -0.104476 0.334666 0.185077 0 0
0 0 957 0.350879 -0.416851 -0.4478 -0.269633 0 0
0 0 958 0.177348 -0.0247003 -0.343013 0.111772 0 0
0 0 959 0.0825752 0.180565 -0.00116385 -0.0835607 0 0
0 0 960 -0.0400639 0.372463 0.0638309 -0.111218 0 0
0 0 961 0.448466 -0.0465049 0.337758 0.344307 0 0
0 0 962 -0.0617807 -0.131156 -0.181474 -0.0161697 0 0
0 0 963 -0.012158 0.115706 0.607238 0.167484 0 0
0 0 964 0.40856 -0.287571 0.301962 0.308463 0 0
0 0 965 -0.0641583 0.56107 0.196312 -0.18814 0 0
0 0 966 0.301147 -0.322461 0.0242005 -0.0488035 0 0
0 0 967 0.108182 0.246768 0.0119151 -0.304468 0 0
0 0 968 0.0586398 0.227737 0.0655195 -0.450224 0 0
0 0 969 0.057802 -0.448332 -0.10493 -0.526641 0 0
0 0 970 0.0877178 -0.056907 -0.0821253 -0.1486 0 0
0 0 971 0.15589 -0.121921 0.0859329 -0.329413 0 0
0 0 972 -0.0116642 -0.0142968 0.57937 0.280756 0 0
0 0 973 -0.109297 0.0626373 0.162837 0.0802567 0 0
0 0 974 0.185124 0.0193196 0.271107 0.114574 0 0
0 0 975 0.244396 -0.108707 0.270757 0.374534 0 0
0 0 976 -0.233813 -0.133033 -0.282062 -0.0801717 0 0
0 0 977 -0.17715 0.0525734 0.0319024 -0.0360084 0 0
0 0 978 -0.244426 0.0172708 0.233646 -0.366619 0 0
0 0 979 0.0961497 0.0170426 -0.611913 0.437917 0 0
0 0 980 0.302342 0.0722163 -0.200101 -0.216129 0 0
0 0 981 0.248042 0.0910349 0.873422 -0.275341 42.0248 8.83643
0 0 982 0.566057 -0.0270697 -0.292772 0.0699063 0 0
0 0 983 -0.143442 -0.203644 -0.0522524 -0.574455 0 0
0 0 984 0.329408 -0.268806 -0.0149471 -0.00571802 0 0
0 0 985 0.341556 0.0585533 0.138023 0.0392686 0 0
0 0 986 0.00970807 0.00595127 0.367416 -0.371104 0 0
0 0 987 -0.0973561 -0.200754 -0.177136 -0.334619 0 0
0 0 988 -0.330224 -0.321007 -0.40707 0.0223342 0 0
0 0 989 0.226156 -0.0608908 0.161281 0.189906 0 0
0 0 990 0.363492 0.478868 0.407386 -0.277516 0 0
0 0 991 0.0454817 -0.033638 0.125472 0.0161258 0 0
0 0 992 0.434514 -0.248711 0.193249 -0.0705444 0 0
0 0 993 -0.177891 0.0902852 -0.474325 -0.115724 0 0
0 0 994 0.302489 -0.263703 -0.274671 0.229516 0 0
0 0 995 -0.00920662 -0.480702 -0.0116748 -0.388265 0 0
0 0 996 0.0398978 -0.253724 -0.00858376 -0.17739 0 0
0 0 997 0.0143674 0.446102 0.0765912 0.0823335 0 0
0 0 998 0.179972 -0.654808 0.224713 -0.392477 0 0
0 0 999 -0.0174398 0.255885 0.159435 0.242755 0 0
0 0 1000 0.242358 0.147122 0.124615 -0.117421 0 0
0 0 1001 -0.287216 -0.145109 0.0826379 -0.271562 0 0
0 0 1002 -0.730354 -0.28098 -0.231144 -0.307357 0 0
0 0 1003 0.0252793 -0.339643 0.0863526 0.00317767 0 0
0 0 1004 -0.12478 0.0393546 -0.345576 -0.328992 0 0
0 0 1005 -0.107541 -0.309559 0.312441 0.588017 0 0
0 0 1006 -0.0500278 0.0651955 -0.0996843 -0.0786191 0 0
0 0 1007 0.0869015 -0.386163 0.385015 0.0379501 0 0
0 0 1008 0.175366 -0.522648 0.17176 0.182285 0 0
0 0 1009 0.130432 -0.131004 -0.0612065 -0.177169 0 0
0 0 1010 -0.495702 -0.0295017 0.284185 -0.245067 0 0
0 0 1011 0.228184 0.142252 0.366181 0.0856774 0 0
0 0 1012 0.0392149 -0.601994 -0.245358 -0.627958 0 0
0 0 1013 -0.0658929 -0.327349 -0.147324 -0.358093 0 0
0 0 1014 0.13101 -0.106993 -0.279468 -0.208853 0 0
0 0 1015 -0.0639907 0.0189104 0.246574 0.168371 0 0
0 0 1016 0.578932 0.378068 0.0852406 -0.127784 0 0
0 0 1017 -0.0913016 -0.420362 -0.0439159 -0.431666 0 0
0 0 1018 0.119065 -0.149698 0.296552 -0.27115 0 0
0 0 1019 -0.0330755 -0.185281 0.0779296 -0.307906 0 0
0 0 1020 0.538892 0.031138 0.407844 0.0544106 0 0
0 0 1021 -0.110064 -0.144512 0.295206 -0.122902 0 0
0 0 1022 0.393435 0.138389 0.151293 -0.174484 0 0
0 0 1023 -0.121956 -0.21329 -0.0252102 -0.269851 0 0
