# File: uwl_221202_040539_Combined.rf.RMC_aux Src: J1713+0747 Nsub: 1 Nch: 1 Npol: 4 Nbin: 1024 RMS: 0.556589
0 0 0 2.11946 -0.293496 0.375403 -0.972728 0 0
0 0 1 2.19336 0.823051 0.0939919 -0.156248 0 0
0 0 2 1.1561 -0.478318 0.182383 0.341553 0 0
0 0 3 1.9358 0.0742913 -0.684315 -0.421674 0 0
0 0 4 1.79983 -1.02911 0.848492 0.623437 0 0
0 0 5 1.77957 -0.289942 1.12976 0.105726 0 0
0 0 6 1.47556 0.350144 -0.206862 0.0100825 0 0
0 0 7 2.78188 0.480002 1.54839 -0.585166 0 0
0 0 8 2.85813 0.827621 1.32759 -0.332239 0 0
0 0 9 1.12558 0.619018 0.110348 1.74351 0 0
0 0 10 1.75145 -0.927364 1.06304 -0.936749 0 0
0 0 11 2.02826 0.75545 0.107158 -0.123409 0 0
0 0 12 2.02998 -0.0125557 1.6254 0.350391 0 0
0 0 13 1.77346 -1.45517 -0.158528 0.606593 0 0
0 0 14 1.92918 0.0820244 0.894787 -0.813528 0 0
0 0 15 0.879206 1.35495 1.1452 -0.350211 0 0
0 0 16 0.142772 1.40504 -0.00573972 0.0082692 0 0
0 0 17 1.05637 -0.528678 0.942932 0.113225 0 0
0 0 18 2.32859 0.446204 1.50239 1.04518 0 0
0 0 19 2.86406 1.82908 1.05978 -0.497464 15.0441 7.73365
0 0 20 3.38595 0.452091 1.31462 -1.00332 0 0
0 0 21 2.31039 -0.340013 0.406337 -0.335165 0 0
0 0 22 3.29253 1.11869 1.92313 -0.477475 29.9067 7.83584
0 0 23 2.5658 0.817478 1.9331 -0.796771 33.5386 8.40778
0 0 24 2.54476 -0.137778 1.24681 -0.536318 0 0
0 0 25 2.33238 0.245665 1.03447 -0.492488 0 0
0 0 26 2.1222 -1.17227 2.04074 -0.0719061 59.9373 7.41182
0 0 27 3.65584 -0.694274 1.99284 -0.763605 54.6038 8.40512
0 0 28 3.05769 0.64956 1.07484 -0.999522 0 0
0 0 29 3.08731 0.263304 2.37011 0.787996 41.8304 7.52151
0 0 30 2.35894 -0.29248 2.97458 0.124224 47.8078 6.00278
0 0 31 3.82564 0.237553 0.982804 -0.396344 0 0
0 0 32 3.68345 -0.385145 2.45654 -1.03569 49.4552 7.2036
0 0 33 3.25272 0.70669 1.59658 -0.679118 0 0
0 0 34 2.5615 -0.102057 2.10325 -0.245677 46.389 8.52759
0 0 35 3.47481 1.76403 2.40034 -0.423546 26.8438 5.78238
0 0 36 3.4907 0.809362 2.22362 -0.982109 34.9996 7.48803
0 0 37 3.84686 0.235525 1.81356 -0.358374 0 0
0 0 38 3.18586 0.0911286 2.26433 -0.842627 43.8477 7.92451
0 0 39 4.04978 0.168276 3.00595 0.337095 43.3979 5.96387
0 0 40 3.31667 0.00660074 1.87695 0.444146 0 0
0 0 41 2.67799 0.624017 2.04639 -0.826002 36.5208 8.31331
0 0 42 4.95767 -0.719873 2.16869 -0.194089 54.1815 7.77058
0 0 43 4.28241 -0.827131 2.46925 -0.469487 54.2597 6.81721
0 0 44 3.29362 -0.611096 1.99338 -0.242662 53.5218 8.52968
0 0 45 1.6047 1.13922 2.01083 -0.827742 30.2334 7.55235
0 0 46 3.2617 -0.922631 2.45224 -1.28451 55.3092 6.7573
0 0 47 3.80515 0.856822 2.76931 -0.397904 36.404 6.1338
0 0 48 3.7102 0.15615 1.90587 -0.903652 0 0
0 0 49 3.14721 0.23171 0.781526 0.159013 0 0
0 0 50 2.32288 0.416975 2.41623 0.18675 40.1044 7.30114
0 0 51 2.64862 -0.0536479 2.48281 -1.32085 45.6189 7.23229
0 0 52 1.50525 -0.743448 2.27459 -0.928736 54.05 7.42238
0 0 53 2.66983 0.465221 1.11841 0.606255 0 0
0 0 54 1.26929 -0.902092 0.569796 0.324156 0 0
0 0 55 1.95097 0.416604 1.11675 -0.514142 0 0
0 0 56 1.27739 -0.0946133 0.8596 -0.398581 0 0
0 0 57 0.910023 -0.352247 1.74654 -1.21875 0 0
0 0 58 1.88016 -0.697858 -0.303144 0.801361 0 0
0 0 59 0.967848 -0.567615 0.520973 -1.01985 0 0
0 0 60 1.81923 0.738264 0.0129452 0.0201717 0 0
0 0 61 1.37022 0.333595 0.979044 0.167205 0 0
0 0 62 1.58488 -0.0635189 1.64162 0.312737 0 0
0 0 63 1.45118 -0.417919 1.53022 0.593553 0 0
0 0 64 1.51204 0.432562 0.46102 -1.12375 0 0
0 0 65 0.758243 0.335891 1.67154 -0.196703 0 0
0 0 66 1.33286 0.796086 1.01624 -0.19988 0 0
0 0 67 0.808058 0.542911 1.70755 -1.38528 0 0
0 0 68 0.924399 -0.411135 0.846374 0.395531 0 0
0 0 69 2.05066 0.230704 1.10645 -0.0871464 0 0
0 0 70 1.31319 0.870616 0.715801 -0.269209 0 0
0 0 71 1.00249 0.951823 1.036 -0.92171 0 0
0 0 72 1.18189 0.902115 -0.122609 -0.998657 0 0
0 0 73 0.281204 -0.349678 0.527775 -0.146124 0 0
0 0 74 0.31205 0.29334 0.441425 -0.909368 0 0
0 0 75 0.712533 -0.252487 -0.577792 -0.250966 0 0
0 0 76 -0.285509 0.272035 0.0773691 0.500024 0 0
0 0 77 1.36242 -0.279536 -0.474182 -0.231045 0 0
0 0 78 0.512674 0.434028 0.135155 0.239313 0 0
0 0 79 1.00994 -1.0337 1.35365 -0.474725 0 0
0 0 80 0.644089 0.0617246 0.859115 0.116187 0 0
0 0 81 0.303068 -0.240625 0.167546 1.34763 0 0
0 0 82 0.519558 -0.261695 -0.190079 -0.901112 0 0
0 0 83 -0.97275 -0.420935 -0.263165 0.352851 0 0
0 0 84 0.314393 1.69482 0.790527 0.59763 0 0
0 0 85 0.98209 0.37573 0.734792 0.0379238 0 0
0 0 86 0.927066 -1.14358 -0.481788 0.272223 0 0
0 0 87 -0.125952 0.194368 -0.555164 0.230851 0 0
0 0 88 -0.172303 0.182856 -0.272745 0.45197 0 0
0 0 89 -0.0403369 -0.829899 -0.272843 0.322378 0 0
0 0 90 0.415966 -0.381355 0.998353 1.37082 0 0
0 0 91 1.19258 1.14603 1.55122 0.830071 0 0
0 0 92 -0.452572 0.185076 1.33424 0.119422 0 0
0 0 93 0.0874762 0.340009 0.120943 0.0553364 0 0
0 0 94 -0.25617 0.214475 0.4723 0.310424 0 0
0 0 95 0.690717 -0.31058 0.399923 1.26057 0 0
0 0 96 -0.125515 -0.0596287 0.350222 -0.641075 0 0
0 0 97 0.436981 -0.229286 0.850882 0.179356 0 0
0 0 98 -0.314617 -0.212758 -0.350364 -0.69668 0 0
0 0 99 -0.697428 0.409189 1.36371 0.411552 0 0
0 0 100 -0.140518 0.845949 -1.00942 0.14146 0 0
0 0 101 -0.213001 -0.106657 -0.156659 0.243072 0 0
0 0 102 1.93996 0.738177 -0.144797 -0.0886334 0 0
0 0 103 0.70903 0.497276 0.210554 0.187375 0 0
0 0 104 -0.578302 -1.46709 0.28866 1.26653 0 0
0 0 105 0.136057 -0.562516 -0.0937144 -0.0571373 0 0
0 0 106 0.524047 -0.343855 -0.0623325 -0.654021 0 0
0 0 107 0.580747 -0.363792 -0.453712 0.163329 0 0
0 0 108 0.0801805 -0.228723 -0.50568 0.264 0 0
0 0 109 1.44778 -0.951066 -0.0171 0.77351 0 0
0 0 110 0.206453 0.257652 -0.361224 -1.23244 0 0
0 0 111 0.0437241 -0.580638 -1.10645 -0.25253 0 0
0 0 112 0.723757 -1.04877 -1.2353 -1.14953 0 0
0 0 113 0.291518 -0.56352 0.193617 1.2398 0 0
0 0 114 0.192559 0.818862 0.654393 -0.664364 0 0
0 0 115 0.19186 -0.367384 -0.425106 0.354635 0 0
0 0 116 -0.938707 -0.0186925 0.946733 0.421429 0 0
0 0 117 0.140535 0.393793 -0.210895 1.8381 0 0
0 0 118 -0.801544 -0.278436 0.513723 -0.304509 0 0
0 0 119 -0.367083 0.191169 0.404612 0.0657477 0 0
0 0 120 0.0567005 0.0984384 0.313412 -0.613985 0 0
0 0 121 0.451714 0.12581 0.728188 -0.778227 0 0
0 0 122 -0.315087 0.150775 0.830347 0.344687 0 0
0 0 123 0.209611 -0.452238 -0.512107 -0.0396461 0 0
0 0 124 1.18804 -1.34347 -0.330996 -0.298848 0 0
0 0 125 1.13799 0.796925 0.389031 0.655533 0 0
0 0 126 0.757022 -0.841986 1.05925 -0.369188 0 0
0 0 127 1.41641 0.346372 -0.489419 -0.167308 0 0
0 0 128 0.324826 0.726653 0.310589 -0.129644 0 0
0 0 129 0.458595 -0.468246 -0.373236 1.39221 0 0
0 0 130 0.516367 0.173783 -0.388681 0.262999 0 0
0 0 131 0.703997 0.0811372 0.49267 -0.505278 0 0
0 0 132 -0.493036 0.125899 -0.68635 0.512656 0 0
0 0 133 -0.773748 -0.178401 -0.0235361 0.527405 0 0
0 0 134 -0.262511 -0.636049 0.695094 0.884551 0 0
0 0 135 0.287096 0.177672 -0.834311 0.186385 0 0
0 0 136 0.921078 0.15401 -0.638169 -0.133816 0 0
0 0 137 -0.382225 0.666131 0.136726 0.115906 0 0
0 0 138 0.235481 -0.0199666 0.8186 -1.04608 0 0
0 0 139 0.877556 -0.657914 0.0297676 0.369191 0 0
0 0 140 -0.172335 0.955987 0.351852 -0.308491 0 0
0 0 141 0.547237 -0.465395 0.525779 0.463634 0 0
0 0 142 -1.0879 0.217617 -0.464411 0.64159 0 0
0 0 143 -0.338934 -0.126252 -0.379616 0.249294 0 0
0 0 144 0.250551 -0.31102 0.155522 0.0430711 0 0
0 0 145 0.143079 1.30071 0.489847 -0.499345 0 0
0 0 146 -0.737103 0.16984 -0.332921 0.392258 0 0
0 0 147 1.07905 1.49478 0.54093 0.288946 0 0
0 0 148 -0.381436 0.418399 -1.06878 -0.375619 0 0
0 0 149 0.412707 0.57194 -0.187918 0.0334764 0 0
0 0 150 -0.126267 -0.196806 0.694502 -0.218413 0 0
0 0 151 0.580826 1.12359 -1.02008 0.473879 0 0
0 0 152 0.0635815 -0.786033 -0.218446 1.23767 0 0
0 0 153 -0.0762285 0.950994 0.325729 0.107719 0 0
0 0 154 -0.453278 0.219037 0.549748 -0.949049 0 0
0 0 155 -0.174971 -0.0742104 0.264374 -0.454739 0 0
0 0 156 -0.158308 0.0803939 0.150324 -0.463455 0 0
0 0 157 -0.260207 -1.06429 -0.46638 -0.154489 0 0
0 0 158 0.769191 0.461949 -0.0700815 -0.260516 0 0
0 0 159 0.641539 0.279051 0.4306 0.226399 0 0
0 0 160 -0.0300053 1.17196 0.89463 -0.975298 0 0
0 0 161 0.0286653 0.943164 0.808545 -0.914636 0 0
0 0 162 -0.451012 -0.343576 -0.0983999 0.404672 0 0
0 0 163 1.09984 0.235155 0.0304733 -0.1965 0 0
0 0 164 0.0669273 0.777012 -0.949484 0.818 0 0
0 0 165 -0.197484 0.0216632 -0.0594564 0.783372 0 0
0 0 166 0.489347 -0.43072 -0.0833446 -0.492067 0 0
0 0 167 0.128606 0.0110982 -0.482567 -0.309921 0 0
0 0 168 0.139192 0.448997 -1.07792 -0.336019 0 0
0 0 169 0.498513 -1.03816 -0.644773 0.509683 0 0
0 0 170 -0.385528 -0.302674 -0.443293 0.665537 0 0
0 0 171 -0.217537 0.259555 0.844713 -0.383065 0 0
0 0 172 -0.328148 -0.540211 -0.624781 0.156392 0 0
0 0 173 1.39511 1.02763 -0.25324 -0.251179 0 0
0 0 174 0.311108 0.130972 -0.524279 -0.330026 0 0
0 0 175 0.534265 -0.104248 0.0609316 0.591401 0 0
0 0 176 -0.424872 1.07985 0.0532917 -0.560095 0 0
0 0 177 0.221864 0.527274 0.804709 -0.142407 0 0
0 0 178 0.716987 -0.92942 -0.184544 0.278836 0 0
0 0 179 -0.538656 0.25584 0.190275 -0.596385 0 0
0 0 180 0.475838 0.467261 0.119075 -0.59342 0 0
0 0 181 -0.294837 -0.0787638 -0.718289 -0.351868 0 0
0 0 182 -1.26887 0.121406 0.985479 0.700295 0 0
0 0 183 0.753311 0.547865 1.22528 0.841078 0 0
0 0 184 -0.0924965 -0.643808 -0.165914 -0.917343 0 0
0 0 185 -1.02305 0.113799 -0.852058 -0.218347 0 0
0 0 186 -0.477443 0.307287 -0.139484 0.43716 0 0
0 0 187 0.639581 -0.0696966 0.309517 -0.735284 0 0
0 0 188 -0.0967468 0.387001 0.692666 0.661683 0 0
0 0 189 -0.00292403 0.819315 -0.479814 -0.258643 0 0
0 0 190 0.612786 -0.298 -0.0326884 -0.0663491 0 0
0 0 191 0.47675 -0.590173 -0.831665 0.699821 0 0
0 0 192 2.29143 0.0283915 -0.0198501 -0.956078 0 0
0 0 193 -0.16069 0.486485 -0.228017 0.444168 0 0
0 0 194 0.259493 0.172428 -0.672185 0.287896 0 0
0 0 195 0.323537 -1.0303 0.119678 -0.11422 0 0
0 0 196 0.274148 0.338118 0.60604 0.266372 0 0
0 0 197 -0.0550146 -0.437816 -0.184363 0.00926046 0 0
0 0 198 0.324061 -0.558725 0.544549 -0.279553 0 0
0 0 199 -0.106272 1.21132 -0.326809 0.361041 0 0
0 0 200 1.26058 0.133814 -0.278814 -0.575332 0 0
0 0 201 -0.708291 -0.468882 0.551184 0.722264 0 0
0 0 202 0.270528 -1.32095 -0.279537 0.281653 0 0
0 0 203 -0.402542 0.209274 -0.441033 0.784793 0 0
0 0 204 0.344287 -0.378572 -0.369996 -0.811997 0 0
0 0 205 0.076314 0.184752 -1.38942 0.282182 0 0
0 0 206 -0.141761 -0.715471 -0.551484 0.0997258 0 0
0 0 207 -0.380346 -1.22361 -0.249592 -1.05898 0 0
0 0 208 -0.349573 0.132832 -0.192943 -0.154507 0 0
0 0 209 -0.201493 0.447427 0.820257 -0.00992105 0 0
0 0 210 0.461984 0.0256071 -0.410117 -0.181115 0 0
0 0 211 0.0673456 0.118176 -0.51545 -1.66098 0 0
0 0 212 0.234909 0.372642 -0.621098 0.234689 0 0
0 0 213 0.0610737 0.394066 -0.180928 -0.0550708 0 0
0 0 214 0.821514 0.374411 -0.587715 -0.726637 0 0
0 0 215 0.479409 -0.0662542 -0.94281 -0.267793 0 0
0 0 216 0.539689 -0.486461 -0.466041 0.178556 0 0
0 0 217 0.60509 0.387373 0.238494 -0.391203 0 0
0 0 218 0.141508 0.473864 0.746272 -0.577965 0 0
0 0 219 0.330546 0.450896 0.468482 1.07132 0 0
0 0 220 1.26318 -0.328505 0.202048 -0.143393 0 0
0 0 221 0.559403 -1.2441 -0.226254 0.0711719 0 0
0 0 222 0.472985 1.44343 0.357623 0.275262 0 0
0 0 223 -0.538979 -0.223438 -0.486619 -0.352317 0 0
0 0 224 0.498627 0.450219 0.447889 -0.654905 0 0
0 0 225 -0.0317805 0.471081 0.0548446 0.890071 0 0
0 0 226 0.114298 -1.43728 -0.542361 -0.73835 0 0
0 0 227 -0.488677 0.286132 0.0544754 0.0811023 0 0
0 0 228 -0.000808179 -0.599847 0.668185 0.246897 0 0
0 0 229 0.18685 0.45261 0.0176217 -0.394381 0 0
0 0 230 -0.272927 0.394102 -0.385088 0.727431 0 0
0 0 231 0.47 0.592423 0.213055 0.659302 0 0
0 0 232 0.636253 0.542471 0.221585 1.07156 0 0
0 0 233 0.358489 0.828838 0.0273643 -0.47965 0 0
0 0 234 -0.272869 0.696548 0.343251 -0.635381 0 0
0 0 235 0.901271 -0.598597 0.172101 0.761362 0 0
0 0 236 0.430147 -0.0104697 0.518429 -0.064354 0 0
0 0 237 0.0968334 -0.147598 0.431237 0.391039 0 0
0 0 238 0.338217 -0.585208 -0.00670506 -0.787132 0 0
0 0 239 0.501791 0.475515 -0.846614 0.257135 0 0
0 0 240 1.07926 1.11329 -0.138611 -0.0796902 0 0
0 0 241 0.838797 -0.479465 -1.50495 -0.917975 0 0
0 0 242 0.214534 -0.456353 0.0500901 0.718342 0 0
0 0 243 -0.490158 0.0401743 -1.01591 -0.610568 0 0
0 0 244 0.445771 -0.160957 -0.542907 -0.0772505 0 0
0 0 245 1.37309 -0.341514 -0.0979007 0.064355 0 0
0 0 246 0.65552 0.851641 -0.0701791 0.0748751 0 0
0 0 247 -0.471935 1.15931 0.749776 0.307755 0 0
0 0 248 -0.792356 -0.00587511 -0.513132 1.03318 0 0
0 0 249 0.230557 -0.139886 -0.152804 0.0816622 0 0
0 0 250 -0.214374 0.062941 -1.02059 0.1856 0 0
0 0 251 0.227217 0.282821 -0.360618 0.204024 0 0
0 0 252 -0.0765496 -0.617111 -0.148428 -0.0459582 0 0
0 0 253 0.488505 0.357338 0.888375 -0.945078 0 0
0 0 254 0.784031 -0.0891539 -0.387798 -0.346491 0 0
0 0 255 0.734102 0.197505 0.97432 0.0784928 0 0
0 0 256 0.288017 -1.31244 -0.22481 -0.389855 0 0
0 0 257 0.176773 0.469984 -0.744653 -0.45606 0 0
0 0 258 0.175955 -0.909113 1.20634 0.378515 0 0
0 0 259 0.781897 -1.07412 0.0361394 0.12699 0 0
0 0 260 -0.0526893 -1.1088 -0.772219 0.554711 0 0
0 0 261 0.158762 0.270724 0.414346 0.333991 0 0
0 0 262 0.693844 -0.373659 0.41636 0.307747 0 0
0 0 263 0.376809 -1.00845 -0.360514 -0.271562 0 0
0 0 264 0.840437 -0.548707 -0.346241 -0.12087 0 0
0 0 265 0.400871 0.468201 -0.882287 1.72872 0 0
0 0 266 0.329482 0.46222 0.193034 0.31331 0 0
0 0 267 -0.494592 -0.702375 0.203206 -0.934813 0 0
0 0 268 1.06581 -0.595563 -0.409877 -0.404948 0 0
0 0 269 0.67267 0.14501 -0.745935 -0.160326 0 0
0 0 270 -0.230257 -0.0964778 0.68844 1.44618 0 0
0 0 271 1.1303 0.148943 -0.0779242 0.353253 0 0
0 0 272 0.170872 -0.748501 -0.749508 -0.845728 0 0
0 0 273 -0.906996 0.565777 0.049135 -0.639628 0 0
0 0 274 -0.534264 1.27227 0.532497 0.394173 0 0
0 0 275 1.34985 0.206813 0.402137 -0.314396 0 0
0 0 276 -0.0518417 0.814563 -0.983146 -0.101556 0 0
0 0 277 0.739493 0.897737 0.150117 -0.538714 0 0
0 0 278 0.644099 0.995481 -0.254804 0.281769 0 0
0 0 279 0.211695 0.624596 -0.427652 -0.658785 0 0
0 0 280 -0.842069 -0.749504 0.0746243 -0.298537 0 0
0 0 281 0.321339 -0.728534 0.733454 -1.19949 0 0
0 0 282 0.38681 -1.41603 -0.00652153 -0.196192 0 0
0 0 283 0.0812687 0.49484 -0.0438697 0.203033 0 0
0 0 284 -0.0411367 0.463104 0.607931 -0.537364 0 0
0 0 285 -0.00257641 1.11811 0.380372 0.281793 0 0
0 0 286 0.284014 -0.0674697 -0.163849 -0.789184 0 0
0 0 287 0.268109 1.0603 -0.657729 -0.591164 0 0
0 0 288 0.195852 -0.395215 0.804812 0.449813 0 0
0 0 289 0.640238 -0.242088 -0.486515 0.140544 0 0
0 0 290 -0.20037 -0.0850902 -0.731644 -0.681696 0 0
0 0 291 -0.179464 0.0599721 1.16211 -1.04492 0 0
0 0 292 0.248505 0.263123 1.04766 0.183277 0 0
0 0 293 0.439209 0.375505 0.101684 0.120473 0 0
0 0 294 0.140456 0.0545782 0.251318 0.459911 0 0
0 0 295 -0.0587482 0.579754 0.239239 0.429713 0 0
0 0 296 0.854528 -0.285895 -0.845586 0.247251 0 0
0 0 297 0.107821 -0.76921 -0.509127 0.135471 0 0
0 0 298 -0.114553 0.541586 1.22206 -0.717197 0 0
0 0 299 0.458461 0.290961 0.0278799 -0.801415 0 0
0 0 300 -0.379062 -0.9267 -0.509053 1.07678 0 0
0 0 301 0.484716 -1.6671 0.781776 -0.517909 0 0
0 0 302 -0.135997 -0.355325 0.316838 -0.66004 0 0
0 0 303 0.330162 0.100143 -0.234198 -0.137155 0 0
0 0 304 0.258046 -0.186693 0.996959 1.05583 0 0
0 0 305 0.352171 0.844441 0.203858 0.0572568 0 0
0 0 306 0.0736765 0.402925 1.16718 0.558484 0 0
0 0 307 -0.550159 -0.491301 -0.208606 -1.16539 0 0
0 0 308 -0.526064 -0.0832146 0.811096 -1.2714 0 0
0 0 309 -0.499576 -0.473584 -0.598871 0.276098 0 0
0 0 310 0.184949 0.320605 -0.5579 -0.559859 0 0
0 0 311 0.889782 -0.413727 1.0453 -0.0978866 0 0
0 0 312 0.571777 1.36045 -0.957864 0.74527 0 0
0 0 313 -0.507935 0.117969 -0.0962946 0.567823 0 0
0 0 314 0.120967 -0.110822 0.786226 0.707135 0 0
0 0 315 0.624864 0.423139 0.599434 -0.123359 0 0
0 0 316 -0.738071 0.359048 -0.084436 0.116868 0 0
0 0 317 -0.231627 -0.444314 -0.121387 0.244568 0 0
0 0 318 1.18957 -0.476317 0.438334 0.0280956 0 0
0 0 319 1.01621 0.0231619 0.251351 0.882897 0 0
0 0 320 0.229794 -0.717499 0.0193244 0.9368 0 0
0 0 321 -0.507134 -0.521322 -1.10109 0.45604 0 0
0 0 322 0.530295 -0.182266 -0.482817 0.457639 0 0
0 0 323 0.346981 -1.04769 0.231663 0.441841 0 0
0 0 324 0.582138 -0.0363465 0.002587 -0.30523 0 0
0 0 325 -0.484773 0.664516 0.327097 1.33466 0 0
0 0 326 0.478781 -0.362176 0.109583 0.0390186 0 0
0 0 327 0.0652852 0.0967478 0.219936 0.0425211 0 0
0 0 328 -0.272537 -0.876643 0.511596 -0.290233 0 0
0 0 329 0.43462 -0.32185 -0.428057 0.0693861 0 0
0 0 330 0.142487 -0.416775 0.108699 0.0976699 0 0
0 0 331 -1.22534 -0.321782 -0.116509 -0.203631 0 0
0 0 332 -0.826032 0.4622 0.069041 -0.736248 0 0
0 0 333 -0.384597 -0.52581 -0.0111033 0.423717 0 0
0 0 334 -0.61848 -0.740142 -0.712164 -0.0419005 0 0
0 0 335 0.301074 -1.36114 -0.934103 0.566479 0 0
0 0 336 -0.363809 0.483825 -0.589745 -1.35498 0 0
0 0 337 0.232142 0.254555 0.668542 -0.405623 0 0
0 0 338 -0.487259 -0.156488 0.452174 0.522737 0 0
0 0 339 -0.0542481 -0.0439186 0.767734 0.57286 0 0
0 0 340 0.981702 0.250487 -0.0567789 -0.385232 0 0
0 0 341 -0.54167 1.49185 0.124646 -1.12535 0 0
0 0 342 -0.426789 -1.3124 -0.133831 0.121204 0 0
0 0 343 0.997419 1.16853 -0.74094 -0.904615 0 0
0 0 344 0.158275 -0.285639 0.581943 0.0572642 0 0
0 0 345 0.429582 -0.456333 1.3774 0.381364 0 0
0 0 346 0.0569495 -0.339121 0.00937032 0.471155 0 0
0 0 347 -0.58967 -0.0322921 -0.258467 0.502141 0 0
0 0 348 0.0620393 -0.182525 -0.69995 -0.797015 0 0
0 0 349 -0.310308 -0.179424 0.342679 -0.342892 0 0
0 0 350 -0.133982 0.523142 0.596689 0.0560572 0 0
0 0 351 -0.377831 -0.230436 -0.469717 -0.904664 0 0
0 0 352 0.63175 1.59303 0.317795 0.0265907 0 0
0 0 353 -0.320035 0.720888 0.271578 0.0310211 0 0
0 0 354 -0.516729 -0.220921 0.721702 0.0821091 0 0
0 0 355 -0.111931 0.771653 0.671883 0.678677 0 0
0 0 356 0.312747 0.096355 -0.106848 0.865874 0 0
0 0 357 0.168402 0.068914 0.333572 -0.148214 0 0
0 0 358 0.780456 -0.100573 -0.393017 -1.07623 0 0
0 0 359 0.440921 -0.142091 0.21801 0.129724 0 0
0 0 360 0.414222 -0.224837 -0.653278 0.17775 0 0
0 0 361 0.0751289 0.725178 0.766539 0.66828 0 0
0 0 362 -0.0336746 -0.777453 -0.0397817 -0.268619 0 0
0 0 363 0.666471 -0.0132371 1.10431 -0.380975 0 0
0 0 364 0.0428353 -0.908797 -0.290051 -0.181417 0 0
0 0 365 1.07999 -0.421081 -0.363737 0.628477 0 0
0 0 366 0.597413 0.00211835 0.839296 0.368815 0 0
0 0 367 0.147235 -0.602556 0.0004081 0.645044 0 0
0 0 368 1.28994 -1.14518 0.423644 -0.245587 0 0
0 0 369 -0.597156 0.583122 -0.105831 -0.300983 0 0
0 0 370 1.37357 -0.493767 0.536216 0.680323 0 0
0 0 371 -0.078806 -0.743579 -0.530559 0.026907 0 0
0 0 372 0.291759 1.21781 -0.165411 0.143704 0 0
0 0 373 0.702527 -0.423563 -0.661787 -0.493652 0 0
0 0 374 0.869487 -0.617338 0.500102 -0.585938 0 0
0 0 375 -0.893942 -0.343508 1.11211 -0.117962 0 0
0 0 376 -1.28927 0.126131 1.02904 0.53118 0 0
0 0 377 -0.235194 -0.379789 -0.354394 -0.151274 0 0
0 0 378 0.553064 0.663248 0.106827 1.16518 0 0
0 0 379 0.409012 -0.333972 -0.067818 -0.203251 0 0
0 0 380 0.526402 -0.51222 0.266775 0.834741 0 0
0 0 381 0.401337 -0.256751 0.379531 0.293472 0 0
0 0 382 0.680829 -0.119066 1.33773 -1.60007 0 0
0 0 383 -0.581502 0.258598 0.302835 -0.629417 0 0
0 0 384 -0.0770606 -0.14515 0.453258 0.171073 0 0
0 0 385 -0.275699 0.00792278 0.0839993 0.14838 0 0
0 0 386 0.0595111 -0.79999 -0.079294 0.748698 0 0
0 0 387 0.22131 0.907511 0.0781604 -0.930887 0 0
0 0 388 -1.12219 0.203073 0.0680603 -0.472572 0 0
0 0 389 -0.44248 -0.771151 -0.603162 0.0479342 0 0
0 0 390 -0.616177 -0.0794469 0.184697 -0.0506874 0 0
0 0 391 -0.111189 0.313953 -0.804101 -0.853314 0 0
0 0 392 -0.329014 -0.697808 -0.554962 -1.04153 0 0
0 0 393 -0.379391 -0.851084 0.654703 0.836544 0 0
0 0 394 0.120384 -0.112169 0.0210013 -1.10589 0 0
0 0 395 -0.496892 -0.527491 0.674577 0.291697 0 0
0 0 396 -0.489592 0.307898 -0.671061 -0.728828 0 0
0 0 397 0.577096 0.0332819 0.20625 0.459886 0 0
0 0 398 0.0733126 0.990987 -0.279988 -0.574603 0 0
0 0 399 -0.022802 0.80056 -1.55915 -0.47869 0 0
0 0 400 -0.656725 -0.321914 -0.0445272 0.365141 0 0
0 0 401 -0.235263 1.05835 0.441962 -1.14136 0 0
0 0 402 -0.56706 0.220638 0.522506 0.4504 0 0
0 0 403 -0.00908611 0.132894 -0.250516 0.337992 0 0
0 0 404 0.584753 -0.277459 -0.0724647 -0.655183 0 0
0 0 405 0.709089 0.396357 0.263257 -0.630027 0 0
0 0 406 -0.574859 -0.177625 -1.11471 0.264211 0 0
0 0 407 -0.225953 -1.1769 -0.430619 0.643049 0 0
0 0 408 0.907094 -0.480553 -0.107355 0.487645 0 0
0 0 409 -0.887575 -0.898577 0.0782896 -0.550631 0 0
0 0 410 -0.264974 -0.528474 -0.23584 -0.647839 0 0
0 0 411 -0.633879 -0.543753 0.187081 0.40847 0 0
0 0 412 -0.779769 -1.04921 0.277645 0.489398 0 0
0 0 413 -0.514414 0.45505 0.22563 0.819928 0 0
0 0 414 0.0986888 -0.308347 0.480858 -0.0872385 0 0
0 0 415 -0.249528 -0.100065 -0.0642027 0.0318656 0 0
0 0 416 -0.352691 -0.80402 0.563586 -0.371075 0 0
0 0 417 0.583271 0.0512329 0.195481 -0.253377 0 0
0 0 418 -0.336117 -0.25645 -0.173856 0.487487 0 0
0 0 419 -1.08133 -0.80977 0.961259 0.394224 0 0
0 0 420 -0.339782 0.619905 -0.310837 0.575463 0 0
0 0 421 0.0377556 0.428674 -0.290879 0.52679 0 0
0 0 422 -0.241092 0.741133 -0.163302 0.879581 0 0
0 0 423 0.43392 -0.674843 -0.07347 0.131065 0 0
0 0 424 -0.211789 0.881728 0.2634 -0.536833 0 0
0 0 425 0.020845 0.625132 -0.540915 0.107296 0 0
0 0 426 -0.240942 -1.08778 -0.177034 -0.522261 0 0
0 0 427 1.06122 -0.104885 -0.806592 -0.940442 0 0
0 0 428 -0.0926536 -0.0625873 -0.23238 -1.09824 0 0
0 0 429 -0.105792 0.556672 0.427166 0.776299 0 0
0 0 430 -0.552221 0.410028 -0.559544 0.76925 0 0
0 0 431 -0.373191 0.217348 -0.547602 0.0745038 0 0
0 0 432 -0.541882 0.769977 -0.230378 -0.0472672 0 0
0 0 433 -0.936693 0.679286 0.349139 0.871243 0 0
0 0 434 0.388861 1.03985 0.083589 -0.131669 0 0
0 0 435 -0.47196 0.0674234 -0.0368615 -0.68867 0 0
0 0 436 0.126358 0.558352 -0.28265 0.258362 0 0
0 0 437 0.285911 0.254172 -0.446491 0.742261 0 0
0 0 438 -0.337456 0.685587 0.017533 -0.169473 0 0
0 0 439 0.516144 -0.236633 0.186983 -0.860731 0 0
0 0 440 -0.223271 -0.51264 -0.155364 0.331264 0 0
0 0 441 -0.360831 0.425291 1.15195 -0.730618 0 0
0 0 442 -0.275485 1.35532 -0.256779 -0.0318254 0 0
0 0 443 -0.197643 -0.529028 -0.955256 -0.017418 0 0
0 0 444 0.142944 -0.0282944 0.0588464 0.0336353 0 0
0 0 445 0.478506 1.26873 -0.773752 -1.24012 0 0
0 0 446 -0.622322 0.701616 0.116128 -0.165915 0 0
0 0 447 0.239085 -0.00494275 -0.982541 -0.581046 0 0
0 0 448 0.609253 -0.133192 -0.750951 -0.182774 0 0
0 0 449 0.440234 -0.0554833 -0.152877 -0.504439 0 0
0 0 450 1.18779 -0.517893 -0.787194 1.52872 0 0
0 0 451 0.336637 -0.0644731 0.555648 0.114161 0 0
0 0 452 0.395132 1.09422 -1.0295 -0.216424 0 0
0 0 453 -0.993901 -0.00436735 -0.509015 -0.000650087 0 0
0 0 454 -0.210284 0.50935 -0.573303 0.308164 0 0
0 0 455 -0.761526 -0.0851841 -0.116002 0.0177895 0 0
0 0 456 0.895686 1.93448 0.0820666 0.526588 0 0
0 0 457 0.0987352 -0.0353856 -1.09767 0.470275 0 0
0 0 458 -0.264802 -0.585798 -0.990546 0.0919495 0 0
0 0 459 0.583669 0.719024 0.598488 -0.741825 0 0
0 0 460 0.491306 -0.333794 0.262313 1.05588 0 0
0 0 461 -1.20351 0.322106 1.22122 0.382329 0 0
0 0 462 -0.399018 -0.309822 -0.365331 -0.383454 0 0
0 0 463 1.14903 0.161066 -0.642008 0.893074 0 0
0 0 464 1.07833 0.185775 -0.460811 -0.200587 0 0
0 0 465 0.566522 0.738919 0.376875 0.204925 0 0
0 0 466 0.184207 0.380279 -0.881878 0.416158 0 0
0 0 467 -0.308086 0.767784 -0.22728 -0.480423 0 0
0 0 468 0.928169 0.752076 0.26239 0.439496 0 0
0 0 469 -0.0795429 0.397049 -1.14868 0.584347 0 0
0 0 470 0.356753 -0.342757 0.00274882 0.185404 0 0
0 0 471 1.05285 -0.386788 0.0416314 -0.467747 0 0
0 0 472 -0.750715 0.613192 0.191866 0.412984 0 0
0 0 473 0.262307 -0.472221 -0.805375 0.132269 0 0
0 0 474 0.505831 0.640864 0.435727 0.207757 0 0
0 0 475 0.36402 0.175018 0.401054 0.373502 0 0
0 0 476 0.302907 -0.474527 0.11184 -1.02425 0 0
0 0 477 -0.685267 0.52161 0.0810533 0.453354 0 0
0 0 478 0.13684 0.466168 0.0847196 -0.423778 0 0
0 0 479 -0.0492029 0.000136534 -0.874063 -0.431702 0 0
0 0 480 0.745304 -0.380743 0.805386 -0.207868 0 0
0 0 481 0.247857 -0.859112 -1.93135 -0.534012 -56.9903 8.33486
0 0 482 0.28478 0.389715 0.119797 -1.02749 0 0
0 0 483 0.742792 -0.105473 -0.217392 -0.350233 0 0
0 0 484 0.417744 -0.305218 0.141684 0.455941 0 0
0 0 485 -0.138986 0.196044 0.0997361 -0.220828 0 0
0 0 486 -0.835679 -0.283959 -0.0960017 0.150582 0 0
0 0 487 -0.532529 -0.0471401 -0.895971 0.0785332 0 0
0 0 488 0.998792 0.178772 -0.28475 -0.296994 0 0
0 0 489 0.645268 1.18292 0.540401 -0.222938 0 0
0 0 490 -0.133081 0.270104 -0.157407 0.0257248 0 0
0 0 491 -0.186663 -0.252953 -0.557609 0.153004 0 0
0 0 492 0.51414 -0.451373 0.693878 -0.735937 0 0
0 0 493 -1.18987 0.224308 -1.3087 -0.703555 0 0
0 0 494 0.149902 -0.148649 0.635728 0.196852 0 0
0 0 495 0.0120174 0.82839 1.35644 -1.42656 0 0
0 0 496 0.642249 -0.360842 0.00611784 0.211438 0 0
0 0 497 0.415015 0.521043 -0.101082 -0.0285276 0 0
0 0 498 -0.179039 0.456172 -0.935044 -0.450346 0 0
0 0 499 0.192638 1.36866 -0.331343 0.350608 0 0
0 0 500 -0.156052 -0.223413 -0.0332663 -0.149091 0 0
0 0 501 -0.103144 0.511513 -0.097255 -0.198318 0 0
0 0 502 -0.896361 0.89784 0.673572 -0.304502 0 0
0 0 503 0.55881 -0.00768977 -0.360543 -1.0703 0 0
0 0 504 0.465728 -0.392095 0.251718 0.0686105 0 0
0 0 505 0.242313 1.19045 -0.733933 -0.187199 0 0
0 0 506 0.380516 0.0209949 -0.904382 0.079368 0 0
0 0 507 -0.103294 0.732714 -0.101646 0.947314 0 0
0 0 508 -0.894838 -0.133121 1.43641 1.50425 0 0
0 0 509 -0.38259 0.395952 0.157113 -0.226658 0 0
0 0 510 -0.0850993 -0.896998 1.02904 -0.107352 0 0
0 0 511 -0.236148 -0.686194 -0.261609 0.583976 0 0
0 0 512 0.274037 -0.868605 -0.603965 1.57315 0 0
0 0 513 -0.00822971 0.0374492 0.548033 -0.201869 0 0
0 0 514 1.00131 1.0302 -0.127565 0.407128 0 0
0 0 515 0.128341 0.372424 -0.546662 0.044132 0 0
0 0 516 0.679972 -0.838179 -0.637543 -0.80019 0 0
0 0 517 -0.218322 -0.754832 -0.38125 -0.013848 0 0
0 0 518 -0.179393 -0.520358 -0.66662 -0.802579 0 0
0 0 519 0.0727245 0.102479 0.595271 0.157311 0 0
0 0 520 0.156151 -0.408746 0.154566 1.09489 0 0
0 0 521 -0.866228 -0.182923 -1.67627 -0.310057 0 0
0 0 522 -0.131388 -0.548655 0.258852 0.0349614 0 0
0 0 523 1.22296 -0.0673835 0.861801 0.123327 0 0
0 0 524 0.30017 -0.879678 -0.498966 -0.340085 0 0
0 0 525 -0.211783 -0.0072952 0.768072 -0.146415 0 0
0 0 526 0.199576 -0.719916 0.0819319 -0.021593 0 0
0 0 527 0.0199314 0.0963435 -0.0666681 0.0203132 0 0
0 0 528 0.0842314 0.941684 -0.0307151 -1.20128 0 0
0 0 529 0.707581 -0.290459 -0.387213 -0.0433625 0 0
0 0 530 -0.196887 -0.131191 -0.6438 -0.180893 0 0
0 0 531 0.147907 0.924958 0.162703 -0.591962 0 0
0 0 532 1.52213 -0.273991 0.000629617 0.0826567 0 0
0 0 533 -1.32348 0.0433773 -0.0944056 0.930856 0 0
0 0 534 1.51823 -0.161763 0.157468 -0.648498 0 0
0 0 535 -0.187508 0.103774 -0.472131 -0.129195 0 0
0 0 536 -0.0364648 -0.0753918 0.47488 0.226105 0 0
0 0 537 0.135043 0.499718 -0.214498 0.563536 0 0
0 0 538 0.152092 0.744129 1.37067 0.774276 0 0
0 0 539 0.303278 1.52667 0.0134918 -0.73143 0 0
0 0 540 0.799031 1.00297 -0.749949 -0.881235 0 0
0 0 541 0.120582 -0.514965 0.377542 -0.0301174 0 0
0 0 542 0.611761 -0.0417055 -0.864393 0.178378 0 0
0 0 543 -0.169514 -0.671244 0.150293 -0.0130905 0 0
0 0 544 0.321901 0.0709037 -0.982286 0.913272 0 0
0 0 545 0.51355 -0.421549 -0.165546 -0.775024 0 0
0 0 546 -0.768004 -0.0633003 0.30099 1.31332 0 0
0 0 547 0.2169 -0.178029 -0.786695 -0.269655 0 0
0 0 548 0.0839382 1.09907 -0.170322 -0.263677 0 0
0 0 549 0.924199 -0.673432 -0.0178636 0.120595 0 0
0 0 550 -0.13177 -0.686253 0.0440119 0.203064 0 0
0 0 551 0.818499 0.234078 -0.96349 -0.163167 0 0
0 0 552 0.4859 0.392998 0.134793 0.443372 0 0
0 0 553 1.16718 -0.0429565 0.667951 0.551417 0 0
0 0 554 0.640424 -0.715606 -0.72908 -1.6222 0 0
0 0 555 0.0466029 -0.626624 -0.314663 1.05315 0 0
0 0 556 0.590317 0.476696 -0.0553086 0.734847 0 0
0 0 557 -0.809143 -0.158806 -0.464972 0.262042 0 0
0 0 558 -0.153267 0.0148845 -0.454071 -0.627936 0 0
0 0 559 0.196372 0.211809 0.0150784 -0.257937 0 0
0 0 560 0.268704 0.563169 0.291783 -0.560473 0 0
0 0 561 -0.0738616 0.186419 -0.349548 0.203726 0 0
0 0 562 0.453456 -0.241324 0.2695 0.874845 0 0
0 0 563 -0.117417 1.56092 0.782859 0.653768 0 0
0 0 564 -0.0844004 0.0181363 0.333692 -0.887977 0 0
0 0 565 0.59078 0.398424 -0.384358 -0.0688152 0 0
0 0 566 0.815576 0.374852 0.0453921 -0.15507 0 0
0 0 567 -0.603696 0.0350954 0.613913 0.132574 0 0
0 0 568 -0.187943 -1.6241 0.255455 -0.854448 0 0
0 0 569 -0.291683 0.525214 -0.371535 0.164521 0 0
0 0 570 0.191394 -0.0366952 0.060286 0.24439 0 0
0 0 571 -0.366927 0.714194 -0.622201 1.10015 0 0
0 0 572 0.318752 -0.0724607 -0.152641 0.378187 0 0
0 0 573 -0.153465 0.109509 0.126773 -0.420303 0 0
0 0 574 1.00608 0.503447 1.62103 -0.258714 0 0
0 0 575 0.0962924 -0.212254 1.07078 -1.0279 0 0
0 0 576 -0.134824 -0.715695 -0.509644 -1.13615 0 0
0 0 577 -0.140549 0.29031 0.881482 0.697185 0 0
0 0 578 0.359105 -1.47147 1.16003 -0.44543 0 0
0 0 579 0.0161249 0.63231 0.659586 0.201758 0 0
0 0 580 0.538095 0.250353 -0.572077 -0.0433968 0 0
0 0 581 0.7749 0.425963 0.244866 -0.0846149 0 0
0 0 582 0.243001 0.910757 -0.596954 -0.586161 0 0
0 0 583 -0.0139474 -1.54938 0.184299 -0.172189 0 0
0 0 584 -0.330129 -0.206191 0.609262 -0.405685 0 0
0 0 585 0.923148 -0.156448 -0.901364 -0.452353 0 0
0 0 586 -0.0233409 -0.525745 0.645391 -0.638218 0 0
0 0 587 -0.0590932 -0.188729 0.371552 0.735611 0 0
0 0 588 0.636581 -1.07117 -0.692272 0.217294 0 0
0 0 589 0.405984 0.887151 0.460258 -0.550055 0 0
0 0 590 0.0130249 1.41398 -0.137723 -0.602641 0 0
0 0 591 0.554178 0.820364 -0.145748 0.12734 0 0
0 0 592 -0.568914 1.60202 -0.491885 -1.35166 0 0
0 0 593 0.0721508 -0.00715159 -0.830081 0.849763 0 0
0 0 594 0.307552 -0.156962 0.0244588 0.401397 0 0
0 0 595 0.34744 -1.01084 -0.984359 0.244978 0 0
0 0 596 1.24626 0.104772 0.583943 -0.875436 0 0
0 0 597 -0.101856 0.926381 -0.139799 0.0423761 0 0
0 0 598 0.289454 -1.3596 -0.115209 0.216597 0 0
0 0 599 -0.37767 -0.136939 -1.15986 0.613446 0 0
0 0 600 -0.0187545 0.819059 0.120862 -0.38675 0 0
0 0 601 -0.404792 0.694564 0.198315 -0.548289 0 0
0 0 602 -0.517343 -0.0606854 0.128044 -0.794725 0 0
0 0 603 0.201163 -0.0198747 -1.57173 -0.157875 0 0
0 0 604 -0.326241 -0.141761 -1.05235 0.189384 0 0
0 0 605 -0.151184 -0.408054 -0.0382839 0.348004 0 0
0 0 606 0.355651 1.32126 -0.314406 -0.231088 0 0
0 0 607 0.0914829 0.26528 0.753496 0.403359 0 0
0 0 608 0.335408 0.168658 0.52711 0.386273 0 0
0 0 609 0.548229 -0.895956 -0.290325 -0.0215122 0 0
0 0 610 -0.190197 0.610462 0.0378151 -0.00217094 0 0
0 0 611 0.111171 0.654919 -0.7395 0.0957461 0 0
0 0 612 -0.125018 -0.622218 -0.400066 -0.688608 0 0
0 0 613 0.212152 -0.107796 -0.279587 0.0333323 0 0
0 0 614 0.804141 -0.371454 -0.465477 0.0186636 0 0
0 0 615 0.424486 0.166987 0.612259 0.58729 0 0
0 0 616 0.956227 0.642439 -0.323666 -0.406581 0 0
0 0 617 0.0854232 0.454456 -0.422002 0.195844 0 0
0 0 618 -0.596282 -0.930222 -1.08099 0.174646 0 0
0 0 619 0.147551 -0.403199 0.25248 -0.286871 0 0
0 0 620 -0.27239 1.19722 0.0776312 -0.358552 0 0
0 0 621 1.06659 -0.461924 -0.226001 -0.560804 0 0
0 0 622 0.394519 0.249801 0.0510623 0.752287 0 0
0 0 623 0.732903 -0.339628 0.278365 -0.0154747 0 0
0 0 624 0.311077 0.767549 -0.802752 1.24941 0 0
0 0 625 0.282417 0.16578 -0.196402 -1.40172 0 0
0 0 626 0.496367 -0.689055 -1.14498 -0.482965 0 0
0 0 627 0.225803 -0.2037 0.0983169 0.445741 0 0
0 0 628 -0.563315 -0.445806 -0.0248956 0.689509 0 0
0 0 629 -0.712421 0.698439 -0.779166 -0.014959 0 0
0 0 630 0.159559 0.19045 0.0216975 -0.275662 0 0
0 0 631 0.290868 1.2983 -0.0515541 -0.612045 0 0
0 0 632 0.178042 -0.083417 0.279421 0.451129 0 0
0 0 633 -0.486859 -0.307151 0.558299 -0.175436 0 0
0 0 634 0.771334 -0.28762 0.272644 0.809776 0 0
0 0 635 0.103802 0.67932 0.796878 0.0943553 0 0
0 0 636 0.609049 0.906912 -0.546678 -0.790458 0 0
0 0 637 -0.134845 1.19396 -0.194779 0.315046 0 0
0 0 638 0.202464 -0.121396 0.266165 -0.536648 0 0
0 0 639 0.441777 0.087057 1.13166 -0.202295 0 0
0 0 640 0.0376591 0.0645157 -0.0591277 -0.762108 0 0
0 0 641 -0.262913 -0.0922166 0.0648786 0.211537 0 0
0 0 642 0.664537 -0.562207 -0.443658 -0.0256488 0 0
0 0 643 1.17562 0.570555 -1.13215 -0.368805 0 0
0 0 644 -0.218229 -0.207131 0.0497734 0.348704 0 0
0 0 645 1.51969 -0.234619 -0.0881326 1.11915 0 0
0 0 646 0.965814 0.199353 0.200076 -0.407396 0 0
0 0 647 -0.554944 -0.386086 0.275377 0.405931 0 0
0 0 648 -0.31991 -0.0834828 0.303701 0.771306 0 0
0 0 649 0.00981116 -0.546968 -0.655154 0.806248 0 0
0 0 650 0.40271 -0.394782 -0.119473 0.0908651 0 0
0 0 651 1.01109 -0.574218 0.721014 -0.555573 0 0
0 0 652 0.862104 0.0164039 0.548358 -0.579513 0 0
0 0 653 0.688931 -0.189505 -0.828043 -0.443989 0 0
0 0 654 -0.150548 -0.472356 -0.663592 0.321527 0 0
0 0 655 0.381302 0.601148 -0.47525 -1.04151 0 0
0 0 656 0.519103 0.137351 0.225051 0.441754 0 0
0 0 657 0.386803 -1.4806 0.692245 0.753004 0 0
0 0 658 -0.703489 -0.617863 -0.906322 0.16169 0 0
0 0 659 0.805008 0.783033 -0.865519 0.0511406 0 0
0 0 660 -0.850664 -0.350867 -0.460495 -0.997468 0 0
0 0 661 -0.129656 0.294845 0.055947 -1.10402 0 0
0 0 662 -0.684673 0.580871 0.296742 0.296002 0 0
0 0 663 -0.617915 -0.569143 -0.0898861 -0.0414513 0 0
0 0 664 1.00457 -0.0455312 0.479839 -0.330115 0 0
0 0 665 0.457412 0.412256 -0.798881 0.572584 0 0
0 0 666 0.995614 -1.09234 -0.582733 -0.650817 0 0
0 0 667 1.1841 -0.305284 0.305462 -0.696838 0 0
0 0 668 0.601398 0.54682 0.16314 0.0202417 0 0
0 0 669 0.554895 -0.852651 -0.251865 -0.135299 0 0
0 0 670 0.0301594 1.48481 -0.436547 0.713146 0 0
0 0 671 0.628994 0.377486 -0.625386 -0.236254 0 0
0 0 672 0.337989 0.432558 -0.304696 -0.0715593 0 0
0 0 673 -0.33113 0.0805489 -0.322158 0.191245 0 0
0 0 674 -0.282797 0.223928 1.14978 0.392467 0 0
0 0 675 -0.141712 0.882143 -1.09077 0.637721 0 0
0 0 676 0.0383752 0.189108 -0.113288 0.721884 0 0
0 0 677 -0.0625382 -0.147071 -0.546679 -0.865251 0 0
0 0 678 -0.102077 0.248303 0.158897 0.261896 0 0
0 0 679 0.386252 1.80222 0.303016 -1.06029 0 0
0 0 680 0.130311 -0.147545 1.00083 -0.294849 0 0
0 0 681 0.192387 -0.599405 -0.0211318 -0.26262 0 0
0 0 682 -0.0402653 -0.0258874 0.17073 0.00429894 0 0
0 0 683 -0.0309983 1.53734 0.326984 -0.0714202 0 0
0 0 684 0.517853 0.797512 -0.253853 -0.352754 0 0
0 0 685 0.563024 -0.127712 0.286902 -0.0924676 0 0
0 0 686 0.0866329 0.11138 0.16264 -0.2039 0 0
0 0 687 -0.873382 -0.634642 -0.456736 0.28798 0 0
0 0 688 0.0355256 -0.370033 0.142408 0.484932 0 0
0 0 689 1.60763 0.44902 -0.123315 0.147858 0 0
0 0 690 -0.243308 -0.540862 0.509889 -0.557574 0 0
0 0 691 0.708714 0.523659 0.385644 -0.988724 0 0
0 0 692 0.65023 0.067726 0.0852125 0.650545 0 0
0 0 693 1.28562 -0.559891 0.605112 -0.875914 0 0
0 0 694 -0.385269 0.654724 0.211798 -0.19581 0 0
0 0 695 1.03521 -0.314559 0.254591 -1.47645 0 0
0 0 696 -0.0485305 0.958865 -1.27172 1.87033 0 0
0 0 697 0.353682 -0.192253 -0.293999 0.357634 0 0
0 0 698 -0.135746 -0.483828 -0.80939 0.0496219 0 0
0 0 699 0.0198788 0.696368 0.730114 0.453082 0 0
0 0 700 1.28429 -0.00207263 -0.835879 0.46583 0 0
0 0 701 0.868463 -0.201994 -0.856335 0.133527 0 0
0 0 702 1.27193 -0.136482 0.294577 1.41992 0 0
0 0 703 0.430796 0.188329 -0.658311 -0.490077 0 0
0 0 704 -0.2065 -0.776181 0.20032 0.617502 0 0
0 0 705 0.0992662 0.202674 1.18548 -0.342229 0 0
0 0 706 -1.18999 0.670997 0.730274 0.129607 0 0
0 0 707 0.0232757 0.122943 -0.30305 -0.286548 0 0
0 0 708 -0.719462 0.834145 -1.19759 0.23659 0 0
0 0 709 -1.01726 0.23919 -0.0786755 0.582281 0 0
0 0 710 1.01729 0.656779 -0.34709 0.138002 0 0
0 0 711 -0.242156 0.30887 -0.462623 -0.048978 0 0
0 0 712 -0.811953 0.685896 -0.969393 -1.22125 0 0
0 0 713 1.08031 -0.304576 1.09668 -0.22933 0 0
0 0 714 -1.24822 -0.273336 1.26519 0.481899 0 0
0 0 715 0.6282 0.640287 -0.276394 -1.02924 0 0
0 0 716 -0.130946 -0.298341 -0.883977 -0.461742 0 0
0 0 717 -0.0739139 0.787433 -0.290973 0.931827 0 0
0 0 718 -0.443034 0.124455 0.451747 0.498606 0 0
0 0 719 -0.085919 0.173953 0.209087 -0.0789181 0 0
0 0 720 0.615585 -0.241066 -0.151366 0.418617 0 0
0 0 721 0.621496 -0.801316 -0.577129 -0.474591 0 0
0 0 722 0.55675 0.371248 0.115146 -0.305514 0 0
0 0 723 0.429262 0.423196 -0.143683 -0.278501 0 0
0 0 724 0.335062 0.669924 -1.25142 -0.0639686 0 0
0 0 725 -0.677436 0.887475 0.72661 0.313138 0 0
0 0 726 0.0685079 0.0450055 -0.858073 -0.639885 0 0
0 0 727 0.044481 0.990471 -0.792679 -0.111853 0 0
0 0 728 -1.70517 0.810987 0.0969853 -0.279219 0 0
0 0 729 -1.1527 -0.152474 -0.26756 -1.28529 0 0
0 0 730 0.416916 -1.012 0.474998 0.409683 0 0
0 0 731 0.182523 1.25915 -0.815489 0.503226 0 0
0 0 732 -0.0252799 -0.458478 -0.216452 -0.198042 0 0
0 0 733 -0.295873 -0.421425 0.0297613 0.294297 0 0
0 0 734 -0.616769 -0.19624 0.0291569 -0.319866 0 0
0 0 735 1.14381 -0.648913 0.446623 0.308538 0 0
0 0 736 -0.295622 0.675169 -0.775726 -0.967496 0 0
0 0 737 0.0771058 -1.22295 -0.151911 0.0096089 0 0
0 0 738 0.36013 0.259532 0.581098 -0.170087 0 0
0 0 739 -0.48616 0.551918 0.860766 -0.0129583 0 0
0 0 740 -0.464632 -0.443194 -0.350416 0.459782 0 0
0 0 741 0.0706927 -0.631563 -0.502095 -0.244763 0 0
0 0 742 -0.0999064 -0.575809 -0.215681 -0.324349 0 0
0 0 743 -0.153289 1.09576 -0.784623 -0.117937 0 0
0 0 744 0.604115 0.623181 0.310251 -0.113979 0 0
0 0 745 0.482398 -0.345268 0.153609 -0.311117 0 0
0 0 746 0.0414418 -0.45995 -0.568839 0.694837 0 0
0 0 747 0.564976 0.349934 0.381865 0.444643 0 0
0 0 748 -0.31278 0.619073 0.3376 -0.352253 0 0
0 0 749 0.691981 -0.468501 0.016403 0.282577 0 0
0 0 750 0.560304 -0.340816 0.103118 -0.37797 0 0
0 0 751 0.111547 0.67309 -0.149739 -0.330502 0 0
0 0 752 0.187881 -0.186273 0.372814 0.57845 0 0
0 0 753 -0.38096 0.775906 0.267632 0.133557 0 0
0 0 754 0.230068 0.484962 0.218208 1.00932 0 0
0 0 755 0.123597 0.314478 0.646283 0.246136 0 0
0 0 756 0.38438 0.0886825 1.25825 0.238919 0 0
0 0 757 0.207662 0.0388983 -0.319636 0.0723472 0 0
0 0 758 1.28554 0.757315 -0.609731 0.205576 0 0
0 0 759 0.453968 0.450951 -0.546559 -0.202042 0 0
0 0 760 -0.186011 -1.16588 -0.291429 0.0180518 0 0
0 0 761 0.44092 0.60388 0.678739 -0.107772 0 0
0 0 762 0.688972 -0.0816428 -0.334737 -0.39101 0 0
0 0 763 -0.414769 -0.732404 0.089829 0.805105 0 0
0 0 764 -0.056549 0.324411 0.803829 -0.334351 0 0
0 0 765 0.866244 -0.703884 -0.162531 0.791042 0 0
0 0 766 -0.276613 -0.547057 -0.290925 -0.728422 0 0
0 0 767 0.156736 1.43451 -1.07939 -0.13263 0 0
0 0 768 -0.69136 1.09049 -0.354642 0.634625 0 0
0 0 769 0.568757 0.935121 0.383786 0.425372 0 0
0 0 770 0.123808 0.246391 -0.47559 0.35563 0 0
0 0 771 -0.439075 0.64013 0.128987 0.550668 0 0
0 0 772 -0.239376 0.878388 0.311821 0.366942 0 0
0 0 773 -0.475345 -0.000953615 0.210637 0.693391 0 0
0 0 774 -0.362266 0.521072 -0.100469 0.429526 0 0
0 0 775 0.42841 -0.171061 0.44927 0.368409 0 0
0 0 776 -0.928918 -0.374438 -0.156995 9.22147e-05 0 0
0 0 777 0.333003 -0.210893 0.142447 -0.642011 0 0
0 0 778 0.183404 0.0239722 0.462244 -0.772933 0 0
0 0 779 1.32887 -0.255364 0.148173 0.0576514 0 0
0 0 780 -0.258424 -0.687012 -0.0979633 -0.204298 0 0
0 0 781 -0.817367 0.0108315 -0.427443 0.22727 0 0
0 0 782 0.67551 0.0546505 0.183019 -0.668083 0 0
0 0 783 -0.192751 -0.0768156 0.192083 -0.487401 0 0
0 0 784 0.133044 -0.960063 -1.47463 0.866575 0 0
0 0 785 -0.0352843 -1.06287 -0.324846 -0.327719 0 0
0 0 786 0.636231 1.08638 0.133628 -1.5116 0 0
0 0 787 0.934306 -0.0915837 0.0617022 0.3346 0 0
0 0 788 0.373991 -0.0562986 0.621607 0.070692 0 0
0 0 789 0.0532275 -0.208489 0.00675578 0.778056 0 0
0 0 790 -0.812868 -0.526801 0.157604 0.397492 0 0
0 0 791 0.752512 -0.391748 -0.408824 -0.401902 0 0
0 0 792 -0.42421 -0.126988 0.229309 0.36659 0 0
0 0 793 0.403243 -0.0340895 0.757473 0.701372 0 0
0 0 794 -0.43702 0.166683 0.489757 0.012501 0 0
0 0 795 0.650795 0.846706 0.319425 -0.117689 0 0
0 0 796 0.233281 -1.09472 0.116119 -0.290248 0 0
0 0 797 -0.247402 -1.10385 -1.12361 0.625508 0 0
0 0 798 -0.197439 0.0450699 -1.05957 0.151896 0 0
0 0 799 -0.138692 0.151098 -0.344661 -0.19931 0 0
0 0 800 0.764214 0.455848 1.06791 -0.382822 0 0
0 0 801 0.806593 0.252101 -0.555363 -0.217503 0 0
0 0 802 -0.183828 1.09838 -0.447789 -0.0472445 0 0
0 0 803 -0.219099 0.945458 0.0626305 0.918573 0 0
0 0 804 0.515661 0.0383144 -0.865005 -0.68786 0 0
0 0 805 -0.506744 -1.40064 -0.28599 0.534928 0 0
0 0 806 -1.15114 -0.117937 -0.0486809 0.832787 0 0
0 0 807 -0.514407 -0.335838 -1.28308 0.771144 0 0
0 0 808 0.56707 -0.403113 -0.229049 -0.449058 0 0
0 0 809 -0.172877 -0.764341 -0.466067 0.056221 0 0
0 0 810 0.914133 0.730844 -0.446751 -0.0231523 0 0
0 0 811 0.666663 -0.310832 0.402108 -0.720768 0 0
0 0 812 0.0393047 0.141211 -1.22928 -0.111091 0 0
0 0 813 0.428927 0.30621 -0.490929 -0.573206 0 0
0 0 814 0.938831 0.2836 -0.177451 0.0341654 0 0
0 0 815 1.15562 -0.435335 -0.687065 -0.242985 0 0
0 0 816 -0.814276 0.275943 -1.05727 0.723741 0 0
0 0 817 0.602798 0.206628 0.331678 0.711755 0 0
0 0 818 1.26481 0.296162 0.228778 0.311919 0 0
0 0 819 1.00913 -0.772096 -0.264204 -0.253472 0 0
0 0 820 0.37649 -0.777471 -0.16389 -1.01299 0 0
0 0 821 0.723549 0.596581 -0.308587 -0.64174 0 0
0 0 822 0.473035 0.109293 -0.642547 -0.266951 0 0
0 0 823 0.990235 0.0979368 1.22731 0.627715 0 0
0 0 824 0.216589 0.910399 -1.04569 0.616916 0 0
0 0 825 1.97482 1.13984 -0.816851 -0.702846 0 0
0 0 826 0.434955 -0.185917 -0.341045 0.0581518 0 0
0 0 827 1.30814 0.718702 -0.623933 0.985293 0 0
0 0 828 0.759669 -0.234598 -0.877076 -0.390123 0 0
0 0 829 1.40094 -0.0260434 -1.16748 0.526435 0 0
0 0 830 1.22691 1.26367 -1.07329 0.2566 0 0
0 0 831 1.5482 -0.0713286 -1.5787 -1.2183 0 0
0 0 832 1.56327 1.67745 -1.40028 0.953707 -19.927 7.64487
0 0 833 2.76967 -1.44106 -1.35559 -0.544767 -68.3753 8.50885
0 0 834 1.51811 0.600438 -1.3367 -0.381085 0 0
0 0 835 3.45864 -0.899669 -2.25386 -0.872022 -55.8802 7.28391
0 0 836 4.06397 0.816061 -2.29395 0.281578 -35.2086 7.2815
0 0 837 3.4251 -0.496369 -2.12892 -0.259891 -51.5622 8.16787
0 0 838 3.8419 -0.327574 -2.76098 0.210454 -48.3831 6.44992
0 0 839 5.33225 0.618951 -3.4518 0.313277 -39.9171 5.10353
0 0 840 5.62701 -0.0100222 -4.73377 -0.429485 -45.0607 3.79434
0 0 841 5.85316 -1.23047 -3.74555 0.0898898 -54.093 4.50477
0 0 842 6.64171 -0.855121 -4.9092 -0.0497297 -49.9405 3.5923
0 0 843 6.71722 0.0719819 -4.30816 0.128149 -44.5214 4.16849
0 0 844 7.61611 -0.75857 -5.43514 0.993746 -48.9727 3.26581
0 0 845 8.24208 -0.658624 -6.2306 -0.656614 -48.0171 2.8632
0 0 846 9.3244 -0.875422 -5.48078 0.381942 -49.5375 3.22693
0 0 847 9.90675 -1.49488 -6.17029 0.197327 -51.8094 2.81111
0 0 848 10.1652 -0.29029 -6.92704 0.194587 -46.1998 2.59017
0 0 849 11.9136 0.0407009 -7.1189 -0.201429 -44.8362 2.52303
0 0 850 11.5585 -0.926098 -6.97975 0.690823 -48.779 2.54597
0 0 851 11.7478 -1.46324 -7.41634 0.0923354 -50.5806 2.36586
0 0 852 11.5137 -0.738922 -7.85074 0.343977 -47.6885 2.27552
0 0 853 11.4819 -0.778079 -6.26567 0.456595 -48.5394 2.83986
0 0 854 10.813 -0.307661 -5.50204 -0.113033 -46.6003 3.25827
0 0 855 10.746 -1.31863 -6.87981 -0.36847 -50.4251 2.55366
0 0 856 10.4159 -1.16435 -6.71405 0.496824 -49.9192 2.62705
0 0 857 9.79486 -2.53214 -5.83499 1.16726 -56.7294 2.77207
0 0 858 8.81927 -0.481683 -6.06597 0.205236 -47.2701 2.94963
0 0 859 10.451 -2.29133 -5.92679 -0.0477352 -55.5684 2.78425
0 0 860 10.5706 -1.60749 -5.7317 -0.266725 -52.8332 2.99199
0 0 861 8.60586 -0.640424 -5.44505 0.51079 -48.354 3.27099
0 0 862 9.35994 -1.9687 -5.93025 -0.0224587 -54.1824 2.84166
0 0 863 8.97591 -0.796628 -4.92027 -0.487579 -49.5984 3.59304
0 0 864 8.00927 -1.68505 -5.73675 0.509082 -53.1845 2.97659
0 0 865 8.09753 -1.63251 -4.88266 0.0661598 -54.2436 3.44837
0 0 866 8.80462 -0.557112 -5.19666 -0.0253969 -48.0595 3.4322
0 0 867 6.87529 0.162409 -5.32026 0.579642 -44.1258 3.37414
0 0 868 8.20485 -1.33815 -4.29867 -0.519988 -53.6455 3.94898
0 0 869 7.82395 -0.316179 -4.88971 -0.759477 -46.8499 3.66394
0 0 870 7.94479 -1.33381 -5.34782 1.01506 -52.0023 3.2369
0 0 871 7.79297 -1.88971 -4.75369 0.809964 -55.8395 3.45585
0 0 872 7.97351 -2.26243 -5.30653 -0.107783 -56.5455 3.05826
0 0 873 7.66191 -1.87962 -5.92923 -0.999275 -53.7945 2.85733
0 0 874 7.33433 -0.718173 -4.00882 0.656717 -50.0783 4.39456
0 0 875 6.52759 -0.00976253 -5.32913 -0.249467 -45.0525 3.37045
0 0 876 8.01473 -1.59175 -5.42857 0.956953 -53.171 3.1461
0 0 877 6.85894 -0.0836692 -4.80868 -0.729512 -45.4984 3.73455
0 0 878 8.21646 -1.19305 -5.64259 0.350741 -50.9693 3.09905
0 0 879 8.19554 -0.288508 -5.53912 -0.638491 -46.4908 3.23728
0 0 880 8.42423 -1.25213 -6.9623 -0.42167 -50.0977 2.52997
0 0 881 10.0224 -1.79959 -6.37525 0.864772 -52.8816 2.68841
0 0 882 9.1063 -1.65001 -6.94402 -0.0290746 -51.6832 2.5011
0 0 883 10.5288 -2.33823 -8.13065 1.88911 -53.0222 2.10441
0 0 884 11.4587 -2.24865 -8.29418 0.0820668 -52.5845 2.07365
0 0 885 12.0968 -1.65353 -8.19382 0.0628127 -50.7046 2.13911
0 0 886 12.667 -3.218 -9.00339 1.54985 -54.834 1.85405
0 0 887 13.1759 -3.01605 -7.66836 0.702926 -55.7351 2.14604
0 0 888 14.1208 -3.60559 -9.34038 0.165917 -55.5538 1.76712
0 0 889 14.7253 -2.25467 -9.99613 -0.581535 -51.3553 1.74307
0 0 890 16.5456 -2.51991 -10.4785 0.533822 -51.761 1.65615
0 0 891 17.2968 -3.17279 -11.6135 0.507163 -52.6402 1.48002
0 0 892 16.3837 -3.50922 -11.3351 0.039267 -53.601 1.49847
0 0 893 17.5735 -4.65594 -12.8372 1.64794 -54.9676 1.2977
0 0 894 18.426 -4.11873 -12.7902 0.0724462 -53.9249 1.32226
0 0 895 19.6671 -4.18867 -12.6011 0.287185 -54.1935 1.33712
0 0 896 20.929 -5.5721 -13.9354 0.389584 -55.8971 1.17774
0 0 897 22.1289 -5.80552 -15.8004 0.307324 -55.0874 1.05239
0 0 898 22.6522 -3.79007 -14.1229 -0.245952 -52.5111 1.21885
0 0 899 22.8601 -5.30568 -15.7525 -0.872876 -54.3071 1.0679
0 0 900 24.6612 -6.05508 -15.2495 0.51458 -55.8282 1.07749
0 0 901 23.6763 -6.17773 -15.4907 -0.468207 -55.8711 1.05995
0 0 902 23.3792 -6.90228 -15.0295 -0.865638 -57.3334 1.06414
0 0 903 23.2265 -7.57603 -13.5981 0.810476 -59.5619 1.12213
0 0 904 24.2708 -6.6954 -13.6671 0.316178 -58.0499 1.15374
0 0 905 24.1301 -7.09144 -13.8379 0.237676 -58.5668 1.12728
0 0 906 24.6999 -6.98969 -11.8608 0.273386 -60.2556 1.26555
0 0 907 25.5793 -7.64509 -11.3462 -0.657554 -61.9861 1.265
0 0 908 25.3964 -7.60843 -10.3557 0.508378 -63.1525 1.34044
0 0 909 24.8931 -6.49118 -10.6422 0.21097 -60.6905 1.3954
0 0 910 27.4879 -7.08945 -10.0062 -0.382927 -62.6588 1.40747
0 0 911 29.2439 -5.97064 -9.25295 -0.133941 -61.4164 1.57518
0 0 912 30.3361 -7.49481 -8.46509 -0.336596 -65.7605 1.50654
0 0 913 32.2984 -7.3747 -8.80028 0.230469 -64.9816 1.48857
0 0 914 34.4234 -6.79301 -8.5226 -1.08092 -64.2784 1.57299
0 0 915 38.3941 -6.36502 -7.89646 -0.114285 -64.4354 1.68914
0 0 916 42.2731 -6.70246 -7.0158 -0.215426 -66.8457 1.74703
0 0 917 47.5692 -6.3583 -7.68846 0.212614 -64.7952 1.71447
0 0 918 51.0837 -5.32196 -4.72555 -0.0980945 -69.1985 2.35647
0 0 919 58.2564 -4.79502 -3.04451 0.0944922 -73.7936 2.89256
0 0 920 64.6015 -2.59628 -0.966526 0.52613 -79.7905 5.7944
0 0 921 73.0767 0.639908 3.46412 -1.03216 39.767 5.07945
0 0 922 80.8973 2.32506 4.75559 1.16268 31.9728 3.31726
0 0 923 93.2686 5.99624 10.4022 0.407863 30.0195 1.45259
0 0 924 106.321 9.58899 15.1216 0.983123 28.81 0.969602
0 0 925 120.421 12.6301 21.0439 -0.704582 29.5144 0.709282
0 0 926 136.046 16.8688 27.9468 -1.43385 29.4423 0.533136
0 0 927 148.562 22.3954 33.598 -1.66787 28.1569 0.42887
0 0 928 162.812 26.0449 41.188 -1.46228 28.8465 0.356313
0 0 929 172.061 29.134 45.9308 -2.58941 28.8065 0.319187
0 0 930 179.805 32.137 49.0694 -0.962275 28.389 0.295496
0 0 931 184.257 34.8753 49.6292 -1.60336 27.4518 0.284677
0 0 932 186.912 35.0004 51.4738 -2.98771 27.8928 0.277907
0 0 933 184.337 34.0243 49.9692 -1.00182 27.8744 0.286129
0 0 934 180.203 33.4876 45.5893 -1.80789 26.8504 0.304511
0 0 935 175.519 31.9003 43.4873 -0.623129 26.8689 0.319406
0 0 936 166.088 28.4502 39.2729 0.325468 27.0398 0.355473
0 0 937 157.727 25.8786 34.2598 0.494178 26.467 0.400549
0 0 938 148.353 22.6917 30.2813 -0.275327 26.5768 0.454692
0 0 939 139.812 19.8349 26.2726 0.974963 26.4742 0.522436
0 0 940 128.984 17.9937 22.6381 1.02238 25.7604 0.592923
0 0 941 121.878 15.527 21.2173 1.5572 26.9016 0.655292
0 0 942 115.157 13.144 16.9029 0.448582 26.0654 0.801818
0 0 943 109.177 10.8654 13.5977 0.695159 25.6865 0.984788
0 0 944 102.718 9.69077 12.9038 1.34238 26.5468 1.06605
0 0 945 96.7877 8.15403 9.70329 1.58216 24.9792 1.34826
0 0 946 92.3573 7.55209 8.6896 0.647645 24.5031 1.48123
0 0 947 86.9724 4.73103 6.15004 -0.129006 26.215 2.21406
0 0 948 83.7441 5.18015 5.58715 0.336157 23.5824 2.22909
0 0 949 79.4359 3.62797 5.22508 -1.40301 27.6131 2.71638
0 0 950 77.664 1.95887 4.98943 -0.0184298 34.2824 3.29925
0 0 951 74.9668 1.73199 2.30907 -0.554851 26.5635 5.96048
0 0 952 70.84 0.540699 2.6779 -2.25365 39.2924 6.54508
0 0 953 69.5633 0.808628 1.7974 -0.316623 32.8888 8.93581
0 0 954 66.9984 -0.115704 0.927763 -0.89138 0 0
0 0 955 64.6953 -0.592709 1.43681 -2.01353 0 0
0 0 956 62.4393 0.0920658 0.795437 -2.50587 0 0
0 0 957 60.7031 -1.84733 -0.321928 -2.35025 0 0
0 0 958 59.2288 -1.74624 -0.559119 -3.03249 0 0
0 0 959 56.8227 -2.05569 -0.0189087 -2.98783 -89.7365 7.67105
0 0 960 55.8883 -1.46623 -0.0297583 -4.4251 0 0
0 0 961 54.213 -2.26939 0.246358 -3.22261 86.9022 6.92025
0 0 962 52.0343 -2.52379 -0.48205 -3.57203 -84.5933 6.16952
0 0 963 48.5991 -2.53027 -0.0573624 -4.59767 -89.3507 6.23131
0 0 964 48.3879 -3.26451 -1.1059 -4.11539 -80.6427 4.64475
0 0 965 44.5088 -2.60707 0.0885358 -4.83813 89.0275 6.04639
0 0 966 44.3668 -2.92924 -0.326781 -4.41011 -86.8172 5.36015
0 0 967 42.5852 -4.82905 -0.203404 -3.9018 -88.794 3.26357
0 0 968 39.8396 -2.7824 -0.613588 -3.66485 -83.782 5.57271
0 0 969 37.2601 -3.73145 0.89375 -4.64919 83.2652 4.14294
0 0 970 35.8256 -3.99685 1.12088 -4.58478 82.1672 3.83994
0 0 971 34.7292 -3.99813 0.482553 -3.80643 86.559 3.92421
0 0 972 32.7287 -4.20429 0.284733 -2.98473 88.0628 3.74484
0 0 973 31.2372 -4.43344 -0.344253 -3.88899 -87.78 3.54949
0 0 974 28.3419 -4.6333 0.987188 -4.44249 83.9861 3.35027
0 0 975 27.4842 -4.13872 1.03275 -3.6317 82.9944 3.72901
0 0 976 26.4018 -4.21672 0.468542 -3.49461 86.8298 3.72368
0 0 977 24.7136 -4.62034 0.323474 -3.12823 87.9976 3.40725
0 0 978 23.8433 -4.15669 0.0208754 -3.51767 89.8561 3.79379
0 0 979 21.9876 -3.24333 0.610273 -2.80872 84.6718 4.80258
0 0 980 21.6015 -3.85705 0.654837 -3.31602 85.1822 4.04762
0 0 981 21.1213 -4.11115 0.718803 -3.02073 85.0413 3.79515
0 0 982 19.7056 -3.61051 0.229849 -2.64423 88.1787 4.36153
0 0 983 17.1103 -3.29313 1.10761 -2.83382 80.7051 4.6069
0 0 984 17.1756 -3.72812 0.616738 -2.30283 85.3033 4.18973
0 0 985 17.0397 -4.02564 0.717481 -2.6589 84.9472 3.87416
0 0 986 15.7069 -3.21212 0.794192 -1.79883 83.0561 4.80658
0 0 987 14.8995 -3.27419 -0.514167 -3.1625 -85.5377 4.77506
0 0 988 14.6151 -3.23838 0.641536 -0.621978 84.3973 4.80354
0 0 989 12.9784 -2.84179 1.02504 -1.02869 80.0827 5.30861
0 0 990 11.8413 -4.32235 0.77673 -0.997383 84.9063 3.60756
0 0 991 11.0021 -3.29972 1.09824 -1.30728 80.7956 4.60128
0 0 992 11.5125 -2.94364 0.0953448 -2.26573 89.0724 5.35525
0 0 993 10.5043 -2.24295 0.879674 -1.37875 79.2926 6.67385
0 0 994 10.1396 -1.98736 1.22453 -0.913917 74.1801 7.0265
0 0 995 9.11166 -1.79991 0.516595 -1.28464 0 0
0 0 996 9.30284 -1.98121 1.0264 -0.656307 76.3064 7.28644
0 0 997 8.13257 -2.39513 0.309428 -1.55941 86.3194 6.54575
0 0 998 8.86252 -2.3488 0.729581 -1.09836 81.3721 6.49509
0 0 999 8.36002 -2.26907 1.48515 -1.6763 73.3972 6.06875
0 0 1000 7.00444 -1.45975 0.37483 -0.148785 0 0
0 0 1001 7.79054 -2.60442 0.104936 -1.0573 88.8464 6.05156
0 0 1002 6.83766 -2.69018 1.27663 -0.352731 77.3066 5.43867
0 0 1003 6.45287 -1.03268 0.946053 -0.758556 0 0
0 0 1004 5.53311 -2.32753 1.22824 -1.02428 76.0897 6.18315
0 0 1005 5.16599 -1.27507 0.552751 -0.581633 0 0
0 0 1006 4.9685 -0.743561 -0.116976 -0.470364 0 0
0 0 1007 5.42292 -1.17146 1.03437 -0.91391 0 0
0 0 1008 5.52987 -1.6013 -0.137273 -0.720812 0 0
0 0 1009 4.52065 -0.571483 0.722054 -0.775043 0 0
0 0 1010 4.26991 -1.42041 0.585171 -0.334395 0 0
0 0 1011 4.38721 0.412819 0.134026 -1.26255 0 0
0 0 1012 3.48193 -0.679676 -0.10458 -0.276445 0 0
0 0 1013 3.31213 -0.234422 -0.376227 -0.644978 0 0
0 0 1014 3.64381 -0.980086 0.180722 -0.614997 0 0
0 0 1015 3.36849 0.205116 0.959691 1.63272 0 0
0 0 1016 3.08343 -1.14766 0.929412 -0.429413 0 0
0 0 1017 3.30899 -0.0187193 0.897576 -0.24818 0 0
0 0 1018 3.14218 0.228086 -1.12186 -0.0723819 0 0
0 0 1019 3.33653 -0.604302 0.44035 -0.696095 0 0
0 0 1020 2.52758 -0.0345958 0.788007 0.130459 0 0
0 0 1021 3.94857 0.481431 0.521926 -0.0247804 0 0
0 0 1022 1.96256 0.10685 -0.00894874 0.795025 0 0
0 0 1023 2.66483 0.512605 -0.79637 0.534036 0 0
