# File: uwl_190729_113904_b4.rf.RMC_aux Src: J1713+0747 Nsub: 1 Nch: 1 Npol: 4 Nbin: 1024 RMS: 0.346062
0 0 0 1.62728 0.156806 0.557063 -0.496039 0 0
0 0 1 1.40305 -0.292904 0.0298552 -0.27841 0 0
0 0 2 0.968449 0.0430496 0.365982 0.673242 0 0
0 0 3 0.993173 0.213301 0.339696 0.712815 0 0
0 0 4 0.839063 0.73973 0.213563 -0.221271 0 0
0 0 5 1.65151 0.50205 0.952798 -0.0602168 0 0
0 0 6 0.836238 0.30819 0.0842377 0.369806 0 0
0 0 7 1.13963 0.0287138 -0.283065 -0.431406 0 0
0 0 8 1.29466 0.358196 0.994227 -0.42631 0 0
0 0 9 1.16087 -0.0565587 0.505046 -0.297855 0 0
0 0 10 0.793242 0.608619 -0.210551 -0.483118 0 0
0 0 11 0.944991 0.271552 -0.0954051 -0.427602 0 0
0 0 12 1.43247 -0.156381 1.0827 -0.395312 0 0
0 0 13 1.62699 0.268529 0.0244076 -0.255976 0 0
0 0 14 1.10151 0.529483 0.480367 0.0287645 0 0
0 0 15 1.22054 0.513758 0.914344 0.106322 0 0
0 0 16 2.04493 0.577105 0.222108 0.0332612 0 0
0 0 17 1.55855 0.17254 0.753437 0.111858 0 0
0 0 18 1.4362 0.285013 0.402188 -0.336426 0 0
0 0 19 1.21741 0.234048 1.00026 -0.155681 0 0
0 0 20 2.61078 0.308182 0.989483 -0.647887 0 0
0 0 21 1.96326 0.734002 0.643789 -0.251895 0 0
0 0 22 2.05199 0.472647 0.760947 -0.601993 0 0
0 0 23 1.6874 0.103781 1.05663 -0.292777 0 0
0 0 24 1.567 0.278462 0.586202 0.161296 0 0
0 0 25 1.97363 0.713532 1.02628 -0.198361 27.5953 7.83032
0 0 26 1.72442 0.383734 0.897833 0.109272 0 0
0 0 27 1.63654 0.268881 1.34263 -0.411488 39.3378 7.36901
0 0 28 1.93064 0.217846 1.61446 -0.214506 41.1576 6.20699
0 0 29 2.0092 0.527828 1.03945 -0.306294 31.5394 8.50586
0 0 30 1.26086 0.67738 1.09456 0.0847575 29.1241 7.64426
0 0 31 2.21422 0.137068 1.5816 0.257841 42.5234 6.3763
0 0 32 2.19616 0.249805 1.10436 -0.0891604 38.6271 8.90238
0 0 33 2.61858 -0.393347 1.36293 0.235992 53.0492 7.08501
0 0 34 1.99031 -0.0973783 1.19794 0.0319942 47.3236 8.42296
0 0 35 1.89816 0.136672 1.35181 -0.697178 42.1134 7.44812
0 0 36 2.27557 0.395596 0.937164 0.36533 0 0
0 0 37 2.04829 0.211487 1.34095 0.20002 40.5187 7.44378
0 0 38 2.45771 0.646766 0.730837 -0.544416 0 0
0 0 39 2.23374 0.281114 1.07168 -0.113058 37.6509 9.08307
0 0 40 2.03952 -0.010594 1.30269 -0.139457 45.233 7.77611
0 0 41 2.13778 -0.438401 1.11031 0.0462501 55.7732 8.36862
0 0 42 2.65037 -0.0844169 1.2165 -0.10221 46.9848 8.30331
0 0 43 2.15545 0.42311 1.34408 0.036249 36.2631 7.12271
0 0 44 2.02901 0.370583 1.80449 -0.2058 39.1973 5.4764
0 0 45 2.22356 -0.403878 1.25699 -0.0398912 53.9062 7.59916
0 0 46 2.17039 -0.757534 1.11857 -0.33682 62.0536 7.25399
0 0 47 2.63241 0.825828 1.66632 -0.847615 31.8185 5.33639
0 0 48 2.20516 0.0680766 1.36235 0.194098 43.5697 7.42474
0 0 49 2.03907 -0.210594 1.86116 -0.552646 48.2278 5.40149
0 0 50 1.89882 0.201349 1.15684 -0.844216 40.0633 8.60121
0 0 51 1.36136 0.944002 1.0388 -0.332764 23.8686 6.87582
0 0 52 1.59795 0.287738 0.674482 -0.0888345 0 0
0 0 53 1.81185 -0.061442 1.05249 -0.365919 0 0
0 0 54 2.06464 -0.0791763 0.88629 0.278368 0 0
0 0 55 1.34112 -0.182662 0.568749 -0.40428 0 0
0 0 56 1.31436 -0.161184 0.833902 -0.119573 0 0
0 0 57 1.05422 0.312491 0.341881 0.386826 0 0
0 0 58 1.67027 0.104106 0.175475 0.341819 0 0
0 0 59 1.70497 0.466282 0.211217 -0.546 0 0
0 0 60 1.32937 -0.12114 0.831486 -0.304367 0 0
0 0 61 0.937629 0.22192 0.632204 0.0141771 0 0
0 0 62 0.697491 0.233458 0.143086 0.0698773 0 0
0 0 63 1.21241 -0.0823008 0.808825 0.363115 0 0
0 0 64 1.0213 0.600276 0.0552361 -0.0228663 0 0
0 0 65 0.643898 0.24176 0.0578879 0.203168 0 0
0 0 66 1.4875 -0.010229 0.256762 -0.11181 0 0
0 0 67 0.706066 0.313915 -0.00393677 -0.27485 0 0
0 0 68 0.805001 0.465648 0.152804 -0.15526 0 0
0 0 69 0.619595 -0.867542 -0.0205461 0.278204 0 0
0 0 70 0.518464 -0.104551 0.249125 -0.518778 0 0
0 0 71 0.0649714 0.288933 -0.254283 -0.270543 0 0
0 0 72 0.313729 -0.443134 0.458225 -0.31911 0 0
0 0 73 0.296246 0.587998 0.66595 -0.509109 0 0
0 0 74 0.5873 -0.0806943 0.030824 -0.0167574 0 0
0 0 75 0.427483 0.332413 0.400286 0.07134 0 0
0 0 76 1.11061 0.634892 0.476135 0.198018 0 0
0 0 77 0.372237 0.0728951 0.536546 0.340043 0 0
0 0 78 0.39354 -0.278792 -0.324379 -0.107812 0 0
0 0 79 0.313312 -0.234122 -0.184538 0.0226081 0 0
0 0 80 0.264584 0.62854 0.497713 -0.159691 0 0
0 0 81 0.828457 0.710698 0.303369 0.114411 0 0
0 0 82 0.00143223 -0.313434 0.823521 0.465115 0 0
0 0 83 0.709541 -0.671046 0.527619 0.156136 0 0
0 0 84 0.821367 0.146429 -0.093533 0.286844 0 0
0 0 85 0.642156 -0.264177 0.0408168 0.263907 0 0
0 0 86 -0.0431964 0.198895 0.367601 0.0807601 0 0
0 0 87 0.371275 0.816195 0.397785 -0.231598 0 0
0 0 88 0.161196 0.0220724 -0.239902 -0.157275 0 0
0 0 89 0.360264 -0.271727 -0.383189 0.256632 0 0
0 0 90 0.67999 -0.396829 0.368776 0.14281 0 0
0 0 91 0.368122 0.355442 -0.0298004 0.0673786 0 0
0 0 92 -0.0499581 -0.110004 0.136418 0.114881 0 0
0 0 93 -0.0819663 0.115836 0.234036 0.0865808 0 0
0 0 94 0.201509 -0.196809 -0.053451 -0.0813264 0 0
0 0 95 -0.228801 0.414151 0.360916 0.370306 0 0
0 0 96 0.323357 0.395008 -0.492369 -0.217528 0 0
0 0 97 0.0663256 -0.0850951 0.106531 0.0697595 0 0
0 0 98 0.327289 -0.0692789 0.36702 0.133795 0 0
0 0 99 0.0385377 -0.0817769 -0.110208 0.377539 0 0
0 0 100 0.176636 -0.104528 0.352558 -0.381488 0 0
0 0 101 -0.0891526 0.196192 -0.23709 -0.383055 0 0
0 0 102 -0.577263 -0.113661 -0.0458292 0.118043 0 0
0 0 103 -0.228442 0.0695995 0.705544 0.377062 0 0
0 0 104 0.390054 -0.232597 0.609224 0.290783 0 0
0 0 105 0.0327817 0.207671 -0.107717 -0.240388 0 0
0 0 106 -0.276377 -0.280523 -0.0626741 -0.644506 0 0
0 0 107 0.449051 -0.127013 0.559254 0.128126 0 0
0 0 108 0.362739 0.172903 -0.290747 -0.0477249 0 0
0 0 109 -0.230229 0.289374 -0.180989 -0.144603 0 0
0 0 110 -0.0162522 0.374051 0.254777 0.354553 0 0
0 0 111 0.327359 0.237055 -0.542376 -0.404224 0 0
0 0 112 -0.510527 0.0542415 -0.0102463 -0.168996 0 0
0 0 113 0.402429 0.221445 0.312547 -0.0878672 0 0
0 0 114 0.0836964 -0.509424 -0.0698263 -0.743449 0 0
0 0 115 -0.115829 -0.321907 -0.462608 -0.19419 0 0
0 0 116 0.366926 -0.19527 0.0675246 0.0652572 0 0
0 0 117 0.191486 -0.0392773 0.3883 -0.13997 0 0
0 0 118 0.0358823 0.546698 0.0631935 0.168953 0 0
0 0 119 -0.330356 0.439225 0.286153 -0.484573 0 0
0 0 120 0.123758 -0.0540687 -0.299552 -0.0393914 0 0
0 0 121 0.0187335 -1.18569 -0.259252 0.00841812 -83.8332 7.48952
0 0 122 -0.10595 -0.137672 0.47393 -0.0934537 0 0
0 0 123 -0.521362 0.0566299 0.355585 -0.53727 0 0
0 0 124 0.116014 0.463918 -0.0244911 0.330342 0 0
0 0 125 0.411839 -0.365001 -0.122531 0.185294 0 0
0 0 126 0.14241 0.14779 -0.029253 0.268244 0 0
0 0 127 0.16662 -0.251123 -0.307481 -0.23342 0 0
0 0 128 -0.426121 -0.266579 0.242877 -0.108798 0 0
0 0 129 -0.221996 -0.392965 -0.212703 0.54833 0 0
0 0 130 0.245754 -0.0210549 0.338424 -0.601156 0 0
0 0 131 -0.155922 0.0775643 -0.0725332 -0.0498696 0 0
0 0 132 -0.225886 0.446534 0.133827 -0.120007 0 0
0 0 133 -0.324227 0.0221184 0.199946 0.125899 0 0
0 0 134 -0.26933 -0.501015 0.0979543 0.13106 0 0
0 0 135 0.0862799 0.180218 -0.0380863 -0.986135 0 0
0 0 136 -0.589606 0.510183 0.0645459 0.135518 0 0
0 0 137 -0.127457 0.381866 0.387739 -0.301516 0 0
0 0 138 -0.202921 -0.478845 -0.180775 0.149881 0 0
0 0 139 0.194095 0.109311 -0.247247 0.0618699 0 0
0 0 140 -0.13436 0.0430047 0.189755 0.364923 0 0
0 0 141 -0.710817 -0.152644 0.443812 0.325935 0 0
0 0 142 0.460479 -0.565737 -0.10507 -0.125444 0 0
0 0 143 0.246087 -0.173174 0.277944 0.513245 0 0
0 0 144 -0.236919 -0.0839693 -0.167649 0.644862 0 0
0 0 145 0.245669 -0.250425 0.354442 0.0822058 0 0
0 0 146 0.102034 0.353952 0.0192395 -0.578423 0 0
0 0 147 -0.0946588 -0.0183882 -0.596648 -0.114256 0 0
0 0 148 0.0599597 0.487533 -0.412644 -0.48876 0 0
0 0 149 -0.646548 -0.00480166 0.28835 0.166436 0 0
0 0 150 -0.341419 0.668541 -0.354047 0.299285 0 0
0 0 151 0.529972 -0.550749 0.790715 -0.198437 0 0
0 0 152 -0.389524 0.244053 0.106034 -0.152759 0 0
0 0 153 0.218638 0.162003 0.125964 -0.286873 0 0
0 0 154 0.202118 0.287409 -0.310055 0.0767706 0 0
0 0 155 -0.368836 0.337889 -0.181093 -0.593549 0 0
0 0 156 0.320004 -0.458232 0.265731 0.178488 0 0
0 0 157 0.271935 0.197803 0.0119055 -0.212184 0 0
0 0 158 0.109158 -0.14045 0.456636 0.255404 0 0
0 0 159 0.923149 0.169546 0.242972 0.479263 0 0
0 0 160 0.218764 -0.127963 0.36453 0.0859846 0 0
0 0 161 0.0430302 -0.100275 -0.541042 0.207263 0 0
0 0 162 -0.190705 0.0316819 -0.214075 -0.0355937 0 0
0 0 163 -0.0729024 0.126389 -0.218231 0.557619 0 0
0 0 164 0.424865 -0.138278 -0.224425 0.400544 0 0
0 0 165 -0.241605 0.0950707 -0.102312 -0.211103 0 0
0 0 166 -0.0819347 0.0287244 0.110467 0.138513 0 0
0 0 167 0.0806893 0.449261 -0.775166 0.141332 0 0
0 0 168 -0.678166 0.520309 -0.105073 0.595342 0 0
0 0 169 0.0265254 0.510722 0.00180911 -0.0220518 0 0
0 0 170 -0.0547873 0.0779235 -0.33752 -0.1226 0 0
0 0 171 -0.26953 0.303513 -0.165506 0.681076 0 0
0 0 172 0.077314 -0.451812 -0.0363145 -0.239889 0 0
0 0 173 -0.139451 -0.260664 0.21711 0.198128 0 0
0 0 174 -0.00720767 0.175859 0.339074 0.159602 0 0
0 0 175 -0.223387 0.0638932 -0.237798 -0.201595 0 0
0 0 176 0.186491 0.254236 0.403252 0.569962 0 0
0 0 177 0.274586 0.164012 -0.258441 -0.537466 0 0
0 0 178 -0.16723 0.345733 0.0328793 0.0312567 0 0
0 0 179 0.0621239 -0.189739 0.0582235 -0.000964521 0 0
0 0 180 -0.156861 -0.39376 -0.465125 0.621842 0 0
0 0 181 0.0147267 0.423423 -0.0713537 -0.222002 0 0
0 0 182 -0.268742 -0.174828 0.291134 -0.362447 0 0
0 0 183 -0.23592 -0.307021 -0.338937 0.430349 0 0
0 0 184 0.261111 -0.515871 -0.0612695 0.516389 0 0
0 0 185 -0.566482 -0.26729 -0.000624314 -0.0526646 0 0
0 0 186 0.0531477 0.479395 0.231895 0.339199 0 0
0 0 187 0.149164 0.0578056 0.00317303 0.0597833 0 0
0 0 188 -0.223131 0.400913 -0.140776 0.158527 0 0
0 0 189 0.163956 0.266378 -0.0762284 -0.26024 0 0
0 0 190 -0.160037 0.144284 -0.151512 -0.40812 0 0
0 0 191 0.377249 -0.274141 -0.188354 0.268232 0 0
0 0 192 -0.094844 0.10751 -0.135045 0.121129 0 0
0 0 193 -0.251251 -0.368792 0.240601 0.112174 0 0
0 0 194 0.758697 -0.362589 -0.34353 0.213563 0 0
0 0 195 0.27559 -0.0110577 -0.178093 0.0861306 0 0
0 0 196 -0.0459585 0.270184 -0.280174 0.166042 0 0
0 0 197 0.180634 0.00383626 -0.21365 0.0614163 0 0
0 0 198 -0.272746 0.322594 -0.046266 -0.0222822 0 0
0 0 199 -0.0797535 -0.0896541 -0.125042 -0.668955 0 0
0 0 200 -0.284344 0.231803 -0.251609 0.520946 0 0
0 0 201 -0.00325289 -0.521789 -0.122334 0.225456 0 0
0 0 202 0.378288 0.174512 -0.352264 -0.0567956 0 0
0 0 203 0.38893 0.418207 -0.348497 -0.0350738 0 0
0 0 204 -0.989519 -0.220228 0.16642 -0.298898 0 0
0 0 205 0.0366703 0.277419 -0.803457 -0.196859 0 0
0 0 206 -0.252125 0.0321398 -0.379429 0.430579 0 0
0 0 207 -0.143425 -0.0186483 0.149919 0.22285 0 0
0 0 208 0.535165 -0.0383673 -0.0330901 -0.203988 0 0
0 0 209 0.715214 -0.223545 0.0934179 -0.334017 0 0
0 0 210 0.276084 0.0252242 0.553313 -0.184888 0 0
0 0 211 -0.0142101 0.00301057 0.497865 -0.334538 0 0
0 0 212 -0.854783 -0.59199 0.124737 0.126667 0 0
0 0 213 -0.0234892 -0.310817 -0.104967 -0.133539 0 0
0 0 214 0.0929691 0.0835609 0.219036 -0.301933 0 0
0 0 215 0.0612312 -0.188731 -0.129391 -0.643003 0 0
0 0 216 -0.0702732 -0.307267 -0.1103 -0.176381 0 0
0 0 217 -0.136506 -0.0991941 0.146294 -0.0943772 0 0
0 0 218 0.0462133 -0.173882 -0.525286 -0.504357 0 0
0 0 219 -0.0664222 -0.0940654 0.338045 0.0536258 0 0
0 0 220 -0.190422 -0.453666 0.051935 -0.410958 0 0
0 0 221 -0.00530803 -0.0118313 0.164814 0.45468 0 0
0 0 222 -0.166949 -0.249624 -0.0388354 -0.161519 0 0
0 0 223 -0.226621 -0.563058 0.189428 -0.399114 0 0
0 0 224 0.615697 -0.208646 -0.0158106 0.0962549 0 0
0 0 225 -0.00503969 -0.560717 0.0703734 -0.207075 0 0
0 0 226 -0.0385255 0.133995 -0.0917986 -0.149404 0 0
0 0 227 0.185167 0.247019 0.0693607 0.309736 0 0
0 0 228 -0.0646546 0.385063 0.501137 0.0135321 0 0
0 0 229 0.597376 0.400245 -0.359323 0.208221 0 0
0 0 230 0.393524 -0.23631 0.415718 -0.0868126 0 0
0 0 231 0.182266 0.724107 -0.513057 -0.0687304 0 0
0 0 232 0.526451 0.798212 0.34102 0.163455 0 0
0 0 233 -0.22687 -0.351416 0.287125 0.0700418 0 0
0 0 234 -0.519993 0.272364 -0.097846 -0.358275 0 0
0 0 235 -0.0396541 -0.0953838 0.108025 -0.168074 0 0
0 0 236 -0.0543253 -0.248467 0.736294 0.306214 0 0
0 0 237 -0.19113 -0.338412 0.0162932 0.082863 0 0
0 0 238 -0.0388469 0.353383 -0.223518 -0.112254 0 0
0 0 239 -0.380623 -0.388246 0.00824215 0.186335 0 0
0 0 240 0.926199 -0.284459 0.455688 -0.150512 0 0
0 0 241 -0.166554 0.370554 -0.00956124 0.507021 0 0
0 0 242 0.238088 0.19582 0.0530718 0.398664 0 0
0 0 243 0.181705 0.3142 -0.427097 0.207981 0 0
0 0 244 0.0428746 -0.235637 -0.652962 0.246922 0 0
0 0 245 0.136666 -0.0651544 -0.454477 -0.250773 0 0
0 0 246 0.0646018 -0.103275 0.427252 0.0799685 0 0
0 0 247 -0.0141436 0.0925832 -0.113827 0.361523 0 0
0 0 248 -0.0989091 -0.297967 -0.477593 0.0104118 0 0
0 0 249 -0.213353 0.42448 -0.0319759 0.454952 0 0
0 0 250 0.128729 -0.0416946 0.141558 -0.109688 0 0
0 0 251 -0.0642221 0.48829 0.167972 -0.265624 0 0
0 0 252 0.208843 0.0979532 -0.160133 -0.0104865 0 0
0 0 253 -0.0330561 -0.487322 -0.525937 -0.489359 0 0
0 0 254 0.30624 0.120306 -0.104979 -0.0653415 0 0
0 0 255 0.0803303 0.658119 0.0284796 0.477844 0 0
0 0 256 0.218014 0.136593 0.548036 -0.0112306 0 0
0 0 257 0.300329 -0.0191666 0.192597 0.266019 0 0
0 0 258 0.533317 -0.0748739 -0.194347 0.26037 0 0
0 0 259 -0.337139 0.202772 0.195128 0.169449 0 0
0 0 260 0.123548 -0.179515 0.60555 0.13078 0 0
0 0 261 -0.133356 0.415472 0.00258738 -0.165919 0 0
0 0 262 0.156227 0.222029 -0.374835 -0.523315 0 0
0 0 263 -0.144528 -0.139469 0.125113 0.523595 0 0
0 0 264 -0.275609 -0.158743 0.0176538 0.717634 0 0
0 0 265 -0.0352643 0.0501164 -0.6578 0.341918 0 0
0 0 266 0.0635288 -0.112828 0.0264347 -0.0134993 0 0
0 0 267 -0.0580285 0.457614 -0.3212 0.218774 0 0
0 0 268 0.263167 0.521695 0.283567 -0.595413 0 0
0 0 269 -0.198904 0.221756 -0.010414 0.775984 0 0
0 0 270 -0.229705 0.474163 0.231584 0.363191 0 0
0 0 271 0.202062 0.0947515 0.0482846 0.559057 0 0
0 0 272 -0.409557 0.0319049 0.0700419 -0.700076 0 0
0 0 273 -0.245726 0.0765411 0.373572 -0.219665 0 0
0 0 274 0.170277 0.245473 -0.0959004 0.394478 0 0
0 0 275 0.426905 -0.367558 -0.0551453 0.342843 0 0
0 0 276 0.0649056 0.19634 -0.385413 0.425812 0 0
0 0 277 0.298457 0.0336991 -0.418456 0.230861 0 0
0 0 278 0.0308325 -0.132862 0.0215858 0.0505376 0 0
0 0 279 -0.100686 0.0537287 0.0803986 0.140111 0 0
0 0 280 -0.183142 -0.0523945 -0.175892 0.350212 0 0
0 0 281 0.0780723 -0.145163 0.42681 -0.358723 0 0
0 0 282 -0.322533 -0.132856 -0.183757 -0.0165394 0 0
0 0 283 -0.440934 -0.123907 -0.115484 0.517021 0 0
0 0 284 0.466146 0.149113 -0.531088 -0.0706829 0 0
0 0 285 0.165111 0.0590222 -0.208532 0.196206 0 0
0 0 286 0.516599 0.628717 -0.00760398 0.111958 0 0
0 0 287 0.313414 0.0200869 -0.33611 -0.269582 0 0
0 0 288 0.316544 0.316374 -0.657843 -0.0562101 0 0
0 0 289 0.183627 0.710196 -0.337537 0.237717 0 0
0 0 290 -0.397081 -0.434453 -0.204856 -0.222347 0 0
0 0 291 -0.00170577 0.0957029 0.257401 -0.0862188 0 0
0 0 292 0.46798 0.477299 0.12323 -0.109541 0 0
0 0 293 -0.0599298 0.21036 -0.011818 0.0654616 0 0
0 0 294 -0.19035 -0.131068 0.329808 0.0764274 0 0
0 0 295 0.216269 -0.491056 -0.0276458 -0.179717 0 0
0 0 296 0.337773 0.0873918 -0.0454335 -0.322008 0 0
0 0 297 0.56677 0.330516 -0.0725763 -0.142229 0 0
0 0 298 -0.0245191 0.372969 0.157795 0.0193341 0 0
0 0 299 0.202505 0.541493 -0.0633416 0.444625 0 0
0 0 300 0.280326 -0.844973 0.0272287 0.109811 0 0
0 0 301 -0.237405 -0.143112 -0.101481 0.310438 0 0
0 0 302 -0.115436 -0.376061 -0.865059 -0.281099 0 0
0 0 303 0.397388 0.328066 0.343053 -0.289496 0 0
0 0 304 0.479034 -0.0133587 -0.0401389 -0.738475 0 0
0 0 305 0.201073 0.0313186 -0.00429102 0.656984 0 0
0 0 306 -0.166019 0.268777 -0.219232 0.317001 0 0
0 0 307 0.181621 0.0472906 -0.173556 0.0508077 0 0
0 0 308 0.151862 0.214172 -0.233756 -0.162356 0 0
0 0 309 -0.464907 0.832024 -0.409739 0.235928 0 0
0 0 310 -0.451339 -0.0923422 -0.162053 0.0428245 0 0
0 0 311 -0.0570677 0.154119 -0.501818 -0.549447 0 0
0 0 312 0.0626663 0.408023 -0.374654 0.804668 0 0
0 0 313 -0.0373924 0.233321 0.366023 -0.179061 0 0
0 0 314 0.63509 0.314315 -0.17866 0.67996 0 0
0 0 315 -0.183831 0.0439532 0.139238 -0.180928 0 0
0 0 316 -0.107605 -0.645615 -0.0503426 0.0188169 0 0
0 0 317 0.548538 0.333494 0.199513 0.0613244 0 0
0 0 318 0.729856 -0.158107 -0.122775 0.374571 0 0
0 0 319 0.029016 0.669631 0.0351371 0.0448695 0 0
0 0 320 -0.23967 0.632561 0.017462 -0.0477984 0 0
0 0 321 0.180681 -0.265882 0.147321 -0.000246041 0 0
0 0 322 0.259286 -0.315674 0.345306 -0.361126 0 0
0 0 323 -0.298754 0.242789 0.411244 0.325588 0 0
0 0 324 0.289848 0.0837316 -0.139098 0.164545 0 0
0 0 325 -0.184752 -0.176009 0.0367431 0.180804 0 0
0 0 326 0.374077 -0.0577499 -0.282056 0.0133735 0 0
0 0 327 0.0777598 -0.7267 -0.0886582 0.0164564 0 0
0 0 328 -0.279183 -0.726219 0.620564 -0.445117 0 0
0 0 329 -0.846393 -0.377769 0.143726 0.0487563 0 0
0 0 330 0.327821 -0.350788 -0.178424 -0.323755 0 0
0 0 331 0.0594556 0.269192 -0.461917 -0.372578 0 0
0 0 332 0.281311 -0.0855875 0.30857 -0.46884 0 0
0 0 333 0.320594 -0.465899 0.527401 0.574159 0 0
0 0 334 -0.0533417 -0.558199 -0.41143 0.180776 0 0
0 0 335 -0.208335 0.0445994 -0.126179 0.295705 0 0
0 0 336 -0.0374891 0.204479 0.485474 -0.191279 0 0
0 0 337 0.507433 0.307037 0.387746 -0.466225 0 0
0 0 338 0.614981 -0.175179 -0.249589 -0.611026 0 0
0 0 339 -0.296784 -0.550363 0.10205 -0.100971 0 0
0 0 340 -0.0918748 -0.505949 0.215658 0.378044 0 0
0 0 341 0.10072 0.110773 0.0966704 -0.575343 0 0
0 0 342 0.223592 0.347869 -0.145128 -0.0597793 0 0
0 0 343 0.10452 0.192132 0.0867006 0.400248 0 0
0 0 344 0.0189493 -0.156673 0.0703381 -0.280588 0 0
0 0 345 0.222294 -0.115804 -0.627983 0.57554 0 0
0 0 346 0.0582184 -0.0796524 0.270576 -0.0222661 0 0
0 0 347 0.286415 -0.0572281 -0.446674 -0.353738 0 0
0 0 348 -0.00486533 -0.0101028 -0.301079 0.22881 0 0
0 0 349 -0.544597 0.157903 -0.436609 0.198924 0 0
0 0 350 -0.159276 -0.0881698 0.0337638 0.064956 0 0
0 0 351 0.314171 -0.0677953 -0.456527 0.371783 0 0
0 0 352 -0.876305 0.596501 -0.0737767 0.204239 0 0
0 0 353 -0.363901 -0.865336 -0.412484 0.282458 0 0
0 0 354 -0.319431 -0.78712 0.535944 -0.0760254 0 0
0 0 355 0.0835379 0.0798062 0.390492 0.0191982 0 0
0 0 356 0.0585943 0.116063 0.64216 0.86059 0 0
0 0 357 -0.536346 0.0914925 0.0466947 0.642163 0 0
0 0 358 -0.393656 0.091786 -0.706026 0.00565311 0 0
0 0 359 -0.0477039 -0.145879 -0.225372 -0.251922 0 0
0 0 360 0.10719 -0.189148 -0.368944 -0.111751 0 0
0 0 361 0.220011 0.132741 -0.359329 0.107549 0 0
0 0 362 -0.646293 -0.543028 0.237283 -0.0098075 0 0
0 0 363 0.108708 -0.632289 -0.228869 0.208725 0 0
0 0 364 0.117917 -0.414524 0.369092 0.0386785 0 0
0 0 365 0.298186 0.0739346 -0.219289 0.650339 0 0
0 0 366 -0.0586881 0.119738 0.274086 0.381808 0 0
0 0 367 0.338774 -0.202654 0.00410989 0.281926 0 0
0 0 368 0.846594 1.00329 0.397286 0.0683969 0 0
0 0 369 -0.37941 -0.521082 -0.204117 0.015224 0 0
0 0 370 0.501753 0.118588 0.226012 -0.107804 0 0
0 0 371 0.277617 0.622395 0.111404 -0.0319308 0 0
0 0 372 -0.22948 -0.0246116 -0.176271 0.501568 0 0
0 0 373 -0.116162 0.0145269 -0.531196 -0.0699122 0 0
0 0 374 0.239489 0.675601 0.55609 -0.107155 0 0
0 0 375 0.17966 0.257439 0.12087 -0.233835 0 0
0 0 376 -0.442981 -0.0553043 0.302487 -0.807554 0 0
0 0 377 -0.014464 -0.348496 -0.0912455 0.103569 0 0
0 0 378 0.117409 -0.111643 -0.111717 0.0309884 0 0
0 0 379 0.341578 0.126848 -0.499331 0.000432593 0 0
0 0 380 0.691672 0.315938 0.114098 0.177231 0 0
0 0 381 -0.0300884 -0.00657033 0.455389 0.0220587 0 0
0 0 382 0.272351 -0.0436424 -0.2056 -0.00826852 0 0
0 0 383 -0.100548 -0.453391 0.0177357 0.313873 0 0
0 0 384 0.300068 -0.0546209 -0.299091 -0.0636762 0 0
0 0 385 -0.280947 0.010019 -0.229548 -0.369136 0 0
0 0 386 -0.0991961 0.698755 -0.495243 0.127479 0 0
0 0 387 0.12174 0.124693 -0.435587 -0.840656 0 0
0 0 388 0.19671 0.52508 -0.345293 0.0390678 0 0
0 0 389 -0.623926 0.0592371 -0.302257 -0.0914409 0 0
0 0 390 0.293476 -0.105263 -0.314152 -0.510556 0 0
0 0 391 -0.252085 0.251995 -0.246158 -0.626904 0 0
0 0 392 0.318678 0.171252 0.946339 0.508275 0 0
0 0 393 -0.0298455 0.326252 0.554238 0.279549 0 0
0 0 394 -0.0646307 -0.634457 -0.19174 -0.0640022 0 0
0 0 395 -0.158338 -0.00830476 0.0647705 -0.29603 0 0
0 0 396 -0.150547 -0.183775 -0.239898 0.468651 0 0
0 0 397 0.0561428 -0.598589 -0.181031 -0.0350314 0 0
0 0 398 -0.368741 -0.416258 -0.0763497 0.441988 0 0
0 0 399 0.211049 0.00736418 -0.273867 0.122529 0 0
0 0 400 0.117534 -0.207638 0.187485 0.0668642 0 0
0 0 401 0.27901 -0.360808 -0.616123 0.399074 0 0
0 0 402 -0.127363 -0.580344 -0.801699 -0.281572 0 0
0 0 403 -0.507394 0.264803 0.0784149 -0.510706 0 0
0 0 404 -0.0783923 -0.0489861 -0.0817824 0.0380145 0 0
0 0 405 0.0822666 -0.0701555 -0.130114 0.0288874 0 0
0 0 406 0.304878 -0.0608075 0.600199 0.217524 0 0
0 0 407 0.109405 -0.196585 -0.0522269 0.0634159 0 0
0 0 408 -0.227587 -0.247917 -0.0738975 -0.363422 0 0
0 0 409 -0.394057 -0.0961958 0.0909189 -0.0280431 0 0
0 0 410 -0.137012 0.418481 0.0917482 0.209865 0 0
0 0 411 -0.297714 -0.00756727 0.219136 0.097131 0 0
0 0 412 0.260776 -0.0733176 0.250842 0.891542 0 0
0 0 413 -0.0221777 -0.00569957 0.160111 0.0514052 0 0
0 0 414 0.258501 -0.162433 0.143519 0.176525 0 0
0 0 415 0.0603238 -0.271994 -0.0110942 0.528226 0 0
0 0 416 -0.52813 -0.205211 -0.481902 -0.235415 0 0
0 0 417 0.404504 -0.0515302 0.348026 0.43123 0 0
0 0 418 0.210903 -0.167003 -0.347564 0.132933 0 0
0 0 419 0.546599 -0.111678 -0.0466138 -0.161667 0 0
0 0 420 0.0892181 -0.735812 -0.188354 0.533973 0 0
0 0 421 0.137168 0.110956 0.576438 -0.357072 0 0
0 0 422 0.152486 0.129109 0.204153 0.216241 0 0
0 0 423 -0.360634 -0.0563062 0.00905059 -0.00762888 0 0
0 0 424 0.156983 -0.141124 -0.216605 -0.0366917 0 0
0 0 425 -0.0470715 0.343055 -0.144518 -0.698335 0 0
0 0 426 0.275838 0.218671 0.0940231 -0.0263136 0 0
0 0 427 0.763213 -0.476706 -0.0653951 -0.128937 0 0
0 0 428 -0.263361 -0.242219 -0.200026 -0.20215 0 0
0 0 429 0.620234 0.455605 0.582763 -0.157086 0 0
0 0 430 -0.628141 -0.344953 0.157198 -0.289248 0 0
0 0 431 -0.348933 0.103974 0.203415 0.44686 0 0
0 0 432 0.0990711 -0.148745 -0.193365 -0.180025 0 0
0 0 433 -0.0146505 -0.428102 -0.284821 0.0956824 0 0
0 0 434 -0.183872 0.243097 -0.152018 0.159655 0 0
0 0 435 -0.343867 0.518085 -0.3179 0.29168 0 0
0 0 436 0.170303 -0.395903 0.0662801 -0.0876475 0 0
0 0 437 0.566277 -0.130265 0.00715458 -0.2227 0 0
0 0 438 -0.121848 0.270353 -0.150941 -0.837512 0 0
0 0 439 0.395266 -0.666345 -0.466187 0.645766 0 0
0 0 440 0.268993 0.785527 0.210002 0.237423 0 0
0 0 441 -0.234695 0.00625051 0.489577 -0.185347 0 0
0 0 442 0.0891347 -0.301263 -0.0444459 0.0438428 0 0
0 0 443 -0.371904 0.292463 0.139689 0.599934 0 0
0 0 444 -0.471873 0.027917 -0.290586 -0.277668 0 0
0 0 445 0.0263822 -0.061819 -0.62783 -0.152115 0 0
0 0 446 -0.22564 0.0642176 0.221604 -0.202427 0 0
0 0 447 -0.228133 0.118935 -0.272406 0.28036 0 0
0 0 448 0.102129 -0.427026 0.00623274 -0.0899293 0 0
0 0 449 -0.440689 0.172114 0.109305 -0.489323 0 0
0 0 450 0.288249 0.482814 -0.145649 0.317024 0 0
0 0 451 -0.469806 0.122384 0.235715 0.30297 0 0
0 0 452 -0.0282084 -0.263261 0.0658908 0.122861 0 0
0 0 453 0.0575196 -0.0209832 -0.480685 -0.0779425 0 0
0 0 454 0.262334 0.146127 0.149216 0.314324 0 0
0 0 455 -0.0860539 0.180293 0.577421 -0.281072 0 0
0 0 456 -0.355017 -0.678716 -0.0515297 0.0451996 0 0
0 0 457 0.185595 0.537778 0.338092 0.456496 0 0
0 0 458 0.138423 0.0803687 0.246548 0.136746 0 0
0 0 459 0.38307 0.352944 -0.193903 -0.00117817 0 0
0 0 460 0.329163 0.290368 -0.417814 -0.0707355 0 0
0 0 461 -0.153939 0.0951811 -0.165554 0.0191577 0 0
0 0 462 0.653887 -0.440812 0.574429 -0.20926 0 0
0 0 463 0.415354 -0.058208 -0.0222777 0.109828 0 0
0 0 464 0.388925 -0.423744 -0.245584 -0.198709 0 0
0 0 465 -0.14596 0.386829 0.338162 -0.349476 0 0
0 0 466 -0.395799 -0.00704674 -0.143925 -0.0870143 0 0
0 0 467 -0.0651748 0.21212 0.0540872 0.14791 0 0
0 0 468 0.75929 -0.00520915 0.384346 0.191246 0 0
0 0 469 0.219248 0.294537 -0.224283 -0.282206 0 0
0 0 470 -0.344233 -0.757639 -0.0624652 0.0138304 0 0
0 0 471 0.0843278 -0.470671 0.167631 0.225809 0 0
0 0 472 0.167767 -0.646105 0.188259 -0.277836 0 0
0 0 473 -0.218349 -0.0291843 -0.193411 0.227527 0 0
0 0 474 0.0239682 -0.109594 -0.655091 0.0724682 0 0
0 0 475 0.662449 0.186654 0.348339 0.0656162 0 0
0 0 476 -0.088064 -0.135052 -0.236125 0.150625 0 0
0 0 477 0.542691 -0.292486 -0.0686993 -0.288476 0 0
0 0 478 0.238855 -0.0517616 0.105557 0.729587 0 0
0 0 479 0.490843 0.555247 0.0365161 0.0608146 0 0
0 0 480 0.112538 0.600138 -0.414079 -0.178288 0 0
0 0 481 0.19034 0.433085 -0.0554069 0.511354 0 0
0 0 482 0.10453 0.144771 0.00307739 0.207 0 0
0 0 483 0.0646528 0.641763 -0.154944 -0.280168 0 0
0 0 484 -0.0698065 0.651687 -0.0144585 0.465918 0 0
0 0 485 -0.0664695 0.305644 0.302214 0.594223 0 0
0 0 486 -0.368786 0.227595 0.136802 0.626212 0 0
0 0 487 -0.565352 0.581849 0.0936253 -0.558407 0 0
0 0 488 -0.231519 -0.495667 -0.00885049 0.168319 0 0
0 0 489 0.507408 -0.0362737 0.00602145 -0.078672 0 0
0 0 490 0.380401 -0.0261229 0.525132 -0.0762394 0 0
0 0 491 0.308144 -0.559296 0.154021 0.395316 0 0
0 0 492 -0.111133 -0.150606 0.379474 -0.464521 0 0
0 0 493 -0.351809 -0.0357728 -0.28181 0.0639985 0 0
0 0 494 0.0139654 0.379854 0.16818 0.389733 0 0
0 0 495 0.130925 0.0120376 -0.58024 -0.0910701 0 0
0 0 496 0.334571 0.482706 -0.068676 -0.17319 0 0
0 0 497 0.300323 -0.115093 0.214335 0.105006 0 0
0 0 498 0.359114 0.484297 0.291763 0.619778 0 0
0 0 499 -0.166852 0.0941914 -0.241037 -0.117052 0 0
0 0 500 -0.31034 -0.0104663 0.0858215 0.179703 0 0
0 0 501 0.593766 -0.144817 -0.37848 0.301631 0 0
0 0 502 0.208273 -0.464081 -0.0562482 0.177935 0 0
0 0 503 -0.251705 -0.800861 0.248877 0.538058 0 0
0 0 504 -0.031285 -0.202679 -0.426747 -0.156561 0 0
0 0 505 0.260349 -0.403023 -0.24914 -0.799032 0 0
0 0 506 0.00398415 -0.301012 0.388773 0.400797 0 0
0 0 507 -0.236843 0.451515 -0.286601 0.126576 0 0
0 0 508 -0.018932 -0.131836 0.484485 0.534824 0 0
0 0 509 0.414459 0.443238 -0.153549 0.300713 0 0
0 0 510 0.0827088 0.71517 0.354585 0.0289427 0 0
0 0 511 -0.625479 0.000659943 -0.294839 0.30995 0 0
0 0 512 0.356364 0.308613 0.353291 0.432903 0 0
0 0 513 0.00985843 -0.521636 0.230036 0.477338 0 0
0 0 514 0.109699 -0.221484 0.0477779 0.475764 0 0
0 0 515 -0.476982 -0.101149 0.650681 0.138542 0 0
0 0 516 0.482036 0.0932577 0.187636 0.509022 0 0
0 0 517 -0.408894 0.532366 -0.461093 -0.111058 0 0
0 0 518 -0.117815 0.523041 0.350235 -0.0345182 0 0
0 0 519 -0.220236 -0.104976 -0.195778 0.190196 0 0
0 0 520 0.187636 0.566373 0.0523735 -0.19295 0 0
0 0 521 -0.484909 -0.180632 -0.053416 -0.0126468 0 0
0 0 522 0.0564796 0.219378 -0.131222 0.281289 0 0
0 0 523 0.0626854 -0.027208 0.870573 0.326451 0 0
0 0 524 -0.128714 0.00192872 0.199925 0.0121827 0 0
0 0 525 -0.414742 -0.536494 0.15446 -0.271257 0 0
0 0 526 -0.340812 0.449552 -0.23967 -0.0175149 0 0
0 0 527 -0.229336 0.106336 0.265503 -0.128616 0 0
0 0 528 0.742074 -0.483901 -0.377158 0.353011 0 0
0 0 529 -0.0986989 0.134812 -0.235432 0.227585 0 0
0 0 530 -0.164255 0.330017 -0.369366 -0.052352 0 0
0 0 531 0.739118 0.515565 0.202414 0.271413 0 0
0 0 532 0.374992 0.0063864 0.703949 -0.13835 0 0
0 0 533 -0.486948 0.048319 -0.484775 -0.465717 0 0
0 0 534 0.161268 -0.0422086 0.00565032 0.330086 0 0
0 0 535 -0.0096955 0.513081 0.261706 -0.321004 0 0
0 0 536 -0.286985 0.297504 0.0202449 0.335318 0 0
0 0 537 -0.245173 -0.560344 -0.560564 0.14788 0 0
0 0 538 0.460398 0.220315 -0.144241 0.530398 0 0
0 0 539 -0.340678 -0.0427879 0.23124 0.119685 0 0
0 0 540 0.0605441 0.150167 0.730239 0.482674 0 0
0 0 541 0.204439 0.678852 -0.0369066 0.215497 0 0
0 0 542 -0.0307562 -0.688547 -0.302695 0.611391 0 0
0 0 543 -0.338968 -0.211808 -0.184958 0.618413 0 0
0 0 544 -0.297716 -0.117011 0.0501563 -0.165784 0 0
0 0 545 0.139718 0.0311114 -0.0452188 -0.0912904 0 0
0 0 546 0.0858263 0.583391 0.12206 0.230639 0 0
0 0 547 0.337733 0.366078 0.180683 0.531135 0 0
0 0 548 0.359684 -0.30641 -0.335257 -0.434493 0 0
0 0 549 -0.195579 -0.0889019 0.270816 0.419292 0 0
0 0 550 -0.0515467 0.48939 -0.36298 0.669947 0 0
0 0 551 -0.3372 0.112754 -0.411754 0.0637957 0 0
0 0 552 -0.0395683 -0.173073 -0.00549699 -0.41287 0 0
0 0 553 0.122878 -0.102879 -0.320842 0.38642 0 0
0 0 554 0.0540395 -0.166182 0.492064 0.760784 0 0
0 0 555 -0.162279 -0.30493 -0.172695 0.134014 0 0
0 0 556 -0.541595 -0.399825 0.120852 0.070476 0 0
0 0 557 0.270589 0.116651 -0.176718 0.0328293 0 0
0 0 558 -0.0461003 0.261209 0.0972403 -0.267631 0 0
0 0 559 0.0595499 0.140857 -0.327944 0.299997 0 0
0 0 560 -0.23509 0.271586 -0.0920831 -0.0710047 0 0
0 0 561 0.382519 0.549405 -0.202189 -0.539642 0 0
0 0 562 0.129021 0.0906629 0.110748 0.0721535 0 0
0 0 563 0.160612 0.379399 0.219877 -0.0692901 0 0
0 0 564 -0.13066 -0.652007 -0.282459 0.385364 0 0
0 0 565 0.502639 -0.0311935 0.223248 -0.112838 0 0
0 0 566 0.29714 0.278748 -0.438433 0.228112 0 0
0 0 567 0.758673 -0.523232 0.523911 -0.436908 0 0
0 0 568 0.167337 -0.100563 -0.344505 -0.299199 0 0
0 0 569 -0.473586 0.210131 -0.389892 -0.715436 0 0
0 0 570 0.0275692 -0.134331 -0.0519846 0.31134 0 0
0 0 571 0.198582 -0.0658686 -0.38272 0.461945 0 0
0 0 572 -0.367867 0.839159 0.00899889 -0.0233388 0 0
0 0 573 -0.289961 -0.244724 0.0367048 0.240486 0 0
0 0 574 0.0979561 -0.712372 -0.122148 0.417627 0 0
0 0 575 0.609829 -0.037182 0.0193722 -0.0130125 0 0
0 0 576 0.292328 0.423738 -0.265232 0.154942 0 0
0 0 577 -0.521989 0.056442 -0.511756 -0.404166 0 0
0 0 578 -0.806231 0.298892 -0.419073 0.626667 0 0
0 0 579 -0.259655 0.0726314 0.175444 -0.66008 0 0
0 0 580 0.147516 -0.125667 0.155613 -0.255227 0 0
0 0 581 -0.0624229 0.421892 0.24291 0.0469644 0 0
0 0 582 -0.0768012 0.0458128 -0.499258 0.330352 0 0
0 0 583 -0.192437 0.120377 -0.14576 0.166264 0 0
0 0 584 0.0652041 0.0199657 0.560619 -0.0808292 0 0
0 0 585 0.0247567 -0.233807 0.26714 -0.297075 0 0
0 0 586 -0.223181 -0.00683916 -0.188113 -0.0367234 0 0
0 0 587 -0.445271 -0.56008 -0.290041 0.597451 0 0
0 0 588 -0.719013 -0.0495497 0.11924 -0.131494 0 0
0 0 589 0.166814 0.468119 -0.23058 0.047699 0 0
0 0 590 0.529874 0.16079 0.147721 -0.13442 0 0
0 0 591 0.0952735 -0.499057 0.065914 0.0113296 0 0
0 0 592 0.277143 -0.751991 -0.443866 -0.0645176 0 0
0 0 593 0.343054 0.170922 0.271131 -0.244384 0 0
0 0 594 0.114618 -0.313345 0.255505 0.295262 0 0
0 0 595 -0.239147 -0.0827298 0.0857389 -0.144817 0 0
0 0 596 -0.860544 0.582182 -0.449823 0.378691 0 0
0 0 597 0.162773 0.107962 -0.101668 -0.152255 0 0
0 0 598 -0.339581 0.0787386 -0.0343171 0.462756 0 0
0 0 599 -0.343227 0.5523 0.0790707 -0.0116435 0 0
0 0 600 0.079428 -0.419173 -0.353957 -0.189736 0 0
0 0 601 -0.279665 0.191683 -0.0270028 0.106396 0 0
0 0 602 -0.293837 0.0769101 -0.0422345 0.45659 0 0
0 0 603 0.678608 1.01821 0.219851 -0.116531 0 0
0 0 604 -0.377411 -0.549462 -0.1955 0.557977 0 0
0 0 605 0.396624 -0.660316 -0.167465 0.140038 0 0
0 0 606 0.253704 0.155618 -0.252127 0.0528941 0 0
0 0 607 0.756262 0.146387 -0.374007 -0.0265312 0 0
0 0 608 0.489487 -0.142869 0.376778 -0.0495152 0 0
0 0 609 0.109203 -0.646708 0.082652 -0.247677 0 0
0 0 610 -0.161334 -0.156183 0.458766 0.356033 0 0
0 0 611 -0.560442 -0.0289675 -0.279986 0.374582 0 0
0 0 612 -0.773893 -0.0780248 -0.0984465 0.398129 0 0
0 0 613 0.148935 -0.228643 0.231659 -0.329343 0 0
0 0 614 -0.0769965 0.0898061 0.000169207 -0.0981885 0 0
0 0 615 0.311564 0.260192 0.277041 -0.463391 0 0
0 0 616 -0.589955 -0.10118 -0.429432 0.44032 0 0
0 0 617 -0.154479 -0.108796 0.238785 -0.00835188 0 0
0 0 618 0.0424944 -0.209241 0.213503 0.237086 0 0
0 0 619 -0.158913 -0.164185 -0.671312 -0.119836 0 0
0 0 620 -0.187019 0.213406 0.43021 -0.295321 0 0
0 0 621 0.0489127 0.234111 0.188046 0.04273 0 0
0 0 622 0.488677 0.304613 -0.296851 0.413992 0 0
0 0 623 -0.240093 0.0653484 0.650577 -0.324432 0 0
0 0 624 0.795684 0.0161521 0.319323 0.072109 0 0
0 0 625 0.04235 -0.0549502 0.129552 0.166868 0 0
0 0 626 0.409019 0.238498 -0.308981 0.502629 0 0
0 0 627 -0.101566 0.0122447 -0.540392 -0.455316 0 0
0 0 628 -0.181945 -0.422536 -0.472305 0.155307 0 0
0 0 629 0.125133 0.012593 -0.130194 0.491792 0 0
0 0 630 0.0121036 -0.505672 -0.138382 0.240432 0 0
0 0 631 0.201794 0.308082 -0.402356 0.174551 0 0
0 0 632 0.305373 -0.326163 -0.0641494 -0.11642 0 0
0 0 633 -0.00864578 -0.0633387 0.131698 -0.619264 0 0
0 0 634 0.0456446 0.0199427 -0.327679 -0.293316 0 0
0 0 635 -0.0453835 0.569064 0.514508 0.449466 0 0
0 0 636 0.491176 -0.152864 -0.303089 -0.296292 0 0
0 0 637 0.78902 0.21638 0.200808 0.295719 0 0
0 0 638 -0.46056 -0.0813859 -0.123024 -0.487785 0 0
0 0 639 0.610797 0.00553846 0.34114 0.223423 0 0
0 0 640 0.0658361 0.27025 -0.849765 0.534757 0 0
0 0 641 -0.0652127 -0.17283 0.370572 -0.516493 0 0
0 0 642 -0.408602 0.820143 0.0971461 -0.527813 0 0
0 0 643 -0.193939 0.100404 0.336255 -0.200184 0 0
0 0 644 0.238885 0.727452 -0.0393398 0.422307 0 0
0 0 645 -0.419995 0.084927 0.232196 0.418463 0 0
0 0 646 -0.0506927 -0.0444319 0.135018 0.379954 0 0
0 0 647 -0.151136 -0.632555 0.288377 0.392029 0 0
0 0 648 0.0410786 0.300803 -0.135328 0.140335 0 0
0 0 649 -0.282099 -0.0941376 -0.0538383 0.341589 0 0
0 0 650 -0.215838 0.0990328 -0.379644 -0.276753 0 0
0 0 651 -0.156219 -0.00948957 0.0787978 -0.0268407 0 0
0 0 652 0.243148 0.0405389 -0.428719 0.631649 0 0
0 0 653 0.297255 0.0962142 0.145637 0.172963 0 0
0 0 654 0.120949 0.424898 0.672255 0.736936 0 0
0 0 655 -0.210672 -0.155489 0.406552 0.477368 0 0
0 0 656 0.13255 -0.195505 0.20321 0.279021 0 0
0 0 657 -0.129316 -0.197835 0.132286 -0.152308 0 0
0 0 658 0.0455976 -0.0933206 0.0372655 0.0777737 0 0
0 0 659 0.0850927 0.280375 0.514305 -0.242278 0 0
0 0 660 0.173449 -0.0597007 0.126836 0.452569 0 0
0 0 661 0.073796 0.190726 -0.0646872 -0.527312 0 0
0 0 662 0.102786 0.449848 -0.329965 0.593918 0 0
0 0 663 0.0657103 -0.439002 -0.232089 -0.123528 0 0
0 0 664 0.211333 -0.159067 0.0933122 0.473415 0 0
0 0 665 0.264584 0.418762 0.0114944 -0.0768281 0 0
0 0 666 0.215469 0.0228592 -0.202288 -0.316647 0 0
0 0 667 0.0683375 -0.269237 -0.0373671 0.258402 0 0
0 0 668 -0.4819 0.284402 1.17367 -0.328632 38.1894 8.34088
0 0 669 -0.0125511 -0.0533584 -0.539161 0.151652 0 0
0 0 670 -0.139939 0.22795 -0.226839 -0.200971 0 0
0 0 671 0.0955236 0.152279 0.592796 -0.219941 0 0
0 0 672 0.0236954 -0.0209735 -0.378949 0.0565711 0 0
0 0 673 0.316556 0.224528 0.0396152 -0.103386 0 0
0 0 674 0.396843 0.203061 -0.0125828 0.36025 0 0
0 0 675 -0.199651 -0.337425 -0.724656 0.322607 0 0
0 0 676 0.216456 0.204051 -0.200973 0.243963 0 0
0 0 677 0.0477499 -0.0629517 0.465084 0.487424 0 0
0 0 678 0.243834 0.223608 0.609614 -0.326433 0 0
0 0 679 0.307321 0.35182 -0.143754 0.0459151 0 0
0 0 680 0.217021 -0.194131 -0.0598915 0.297768 0 0
0 0 681 -0.701352 0.762539 -0.256008 0.191251 0 0
0 0 682 0.141454 0.176402 0.326574 0.272195 0 0
0 0 683 0.205421 0.0844653 0.61008 -0.107365 0 0
0 0 684 0.0681471 0.137829 0.387352 0.278235 0 0
0 0 685 0.0875486 -0.313025 0.0105774 0.730043 0 0
0 0 686 0.314279 0.0500158 0.0784864 0.0119185 0 0
0 0 687 -0.232123 -0.290764 -0.0687479 -0.126264 0 0
0 0 688 0.020862 0.0440768 0.076827 -0.119248 0 0
0 0 689 -0.300803 -0.045033 0.219874 0.0377342 0 0
0 0 690 -0.480855 -0.320736 -0.00871158 0.0277343 0 0
0 0 691 -0.484287 0.231304 0.110495 0.161431 0 0
0 0 692 0.0304502 -0.233135 -0.375475 -0.0373093 0 0
0 0 693 0.603726 -0.0232996 0.0737422 -0.373529 0 0
0 0 694 -0.72884 -0.291704 0.00563766 0.159749 0 0
0 0 695 0.568058 0.244177 0.0433747 -0.351532 0 0
0 0 696 0.678698 -0.138968 -0.332256 -0.455426 0 0
0 0 697 -0.0109832 -0.0666776 0.123611 -0.323096 0 0
0 0 698 -0.193428 -0.499544 0.239336 -0.181297 0 0
0 0 699 0.382264 -0.265672 -0.225226 0.116362 0 0
0 0 700 0.310563 -0.547077 -0.414308 0.149919 0 0
0 0 701 0.130774 -0.357873 0.662992 -0.0685682 0 0
0 0 702 0.0378849 0.00391219 0.16452 -0.322086 0 0
0 0 703 0.126643 -0.218892 -0.282988 0.433043 0 0
0 0 704 -0.519894 0.0823061 0.419651 -0.260482 0 0
0 0 705 -0.201325 0.482727 -0.0124289 0.317293 0 0
0 0 706 0.102848 0.104375 -0.112835 -0.393729 0 0
0 0 707 -0.0568188 0.162337 0.972993 0.51228 0 0
0 0 708 0.461881 0.10842 0.210126 -0.248481 0 0
0 0 709 -0.114599 -0.730304 0.0603594 0.4255 0 0
0 0 710 0.474047 0.538434 -0.133574 0.255461 0 0
0 0 711 0.101064 -0.21292 0.491666 -0.253545 0 0
0 0 712 0.186438 0.0132855 0.751379 -0.422716 0 0
0 0 713 0.107017 -0.101971 0.557486 -0.152881 0 0
0 0 714 -0.0928478 -0.246638 0.200985 0.671876 0 0
0 0 715 -0.208034 0.202607 0.0809047 0.136815 0 0
0 0 716 -0.151911 -0.654689 -0.226376 0.328257 0 0
0 0 717 -0.0549933 -0.45969 -0.460883 -0.0439856 0 0
0 0 718 -1.03546 0.372296 -0.175474 0.184671 0 0
0 0 719 0.464707 -0.446771 -0.247164 0.0767018 0 0
0 0 720 0.0683638 -0.0201987 0.276138 -0.152113 0 0
0 0 721 -0.0894096 0.063102 0.586341 -0.468638 0 0
0 0 722 -0.16346 -0.432686 0.21114 0.15181 0 0
0 0 723 0.342318 0.0992668 -0.0988789 -0.545191 0 0
0 0 724 0.384135 0.185548 -0.0337556 0.665045 0 0
0 0 725 0.217684 -0.512035 -0.0736636 -0.241336 0 0
0 0 726 0.502523 0.0949984 -0.654478 0.506629 0 0
0 0 727 -0.29648 -0.367398 -0.671882 0.587346 0 0
0 0 728 -0.0236177 -0.198106 -0.244405 0.0847769 0 0
0 0 729 -0.225262 -0.158931 0.197724 -0.189144 0 0
0 0 730 0.332396 0.467887 0.0868132 0.215109 0 0
0 0 731 0.273106 0.200197 -0.00714949 0.0900433 0 0
0 0 732 -0.0769937 0.276352 -0.39029 -0.226176 0 0
0 0 733 -0.0309021 0.134725 0.288021 0.524976 0 0
0 0 734 -0.015752 0.160191 0.0841384 0.331009 0 0
0 0 735 0.460747 -0.115075 0.217464 0.143232 0 0
0 0 736 -0.017697 -0.072868 -0.127089 -0.322766 0 0
0 0 737 0.0878869 0.123006 -0.287423 0.155717 0 0
0 0 738 0.0124882 -0.0893465 0.14916 0.19432 0 0
0 0 739 0.7836 -0.226933 0.124521 0.0272336 0 0
0 0 740 0.123373 -0.094986 -0.226454 0.290537 0 0
0 0 741 0.609426 -0.090206 0.530939 0.133337 0 0
0 0 742 0.540026 0.156651 0.559284 0.412535 0 0
0 0 743 -0.0783501 0.425146 -0.256068 0.410074 0 0
0 0 744 -0.0711845 -0.0464506 -0.562719 0.244109 0 0
0 0 745 0.202077 -0.183746 -0.0389147 -0.450078 0 0
0 0 746 0.593237 -0.349253 0.00115399 0.0702924 0 0
0 0 747 -0.270879 -0.00853068 -0.0533972 -0.170924 0 0
0 0 748 0.242028 0.256096 0.184172 -0.0789514 0 0
0 0 749 -0.109461 -0.177343 0.00337383 -0.0730015 0 0
0 0 750 -0.0153188 -0.49869 0.468097 0.299689 0 0
0 0 751 0.135864 0.0511657 0.035788 0.10761 0 0
0 0 752 0.304511 -0.342442 0.528008 -0.544429 0 0
0 0 753 0.442854 0.599194 -0.29766 0.555802 0 0
0 0 754 0.905272 -0.238268 -0.171423 0.532474 0 0
0 0 755 0.258525 -0.514494 0.198862 0.234012 0 0
0 0 756 -0.009844 0.015263 -0.160558 -0.141064 0 0
0 0 757 0.731062 0.0462367 0.0703241 -0.324077 0 0
0 0 758 0.503776 0.0162645 -0.0473183 0.527914 0 0
0 0 759 0.35851 -0.253883 0.51131 0.512842 0 0
0 0 760 -0.382952 0.213699 0.102035 -0.0238196 0 0
0 0 761 -0.0814781 -0.241945 -0.235185 -0.0206363 0 0
0 0 762 0.161592 0.541377 0.467777 0.168344 0 0
0 0 763 0.548285 0.636849 0.0460879 -0.283065 0 0
0 0 764 0.393917 -0.360127 0.0859348 0.261158 0 0
0 0 765 -0.167672 0.316785 0.19831 0.293556 0 0
0 0 766 0.56405 0.356981 0.54762 -0.814019 0 0
0 0 767 -0.171085 -0.154943 -0.0188433 0.382613 0 0
0 0 768 0.0121392 0.0870026 -0.336041 -0.16429 0 0
0 0 769 0.238104 0.45304 -0.498714 -0.117916 0 0
0 0 770 0.0469292 0.169354 -0.80589 0.144859 0 0
0 0 771 0.561891 0.292199 0.15234 0.00408659 0 0
0 0 772 0.379995 -0.269374 0.375749 -0.139284 0 0
0 0 773 -0.0957707 0.162338 0.246637 0.035956 0 0
0 0 774 0.247252 0.0794287 0.484108 0.475749 0 0
0 0 775 0.147222 -0.0565532 -0.597811 0.294284 0 0
0 0 776 0.221542 0.0981112 -0.498206 -0.0878769 0 0
0 0 777 0.357243 0.31049 -0.225665 0.43884 0 0
0 0 778 0.388279 -0.309929 -0.125601 -0.307735 0 0
0 0 779 0.0923995 -0.0166052 0.334773 0.377817 0 0
0 0 780 0.00113061 0.264428 -0.593898 0.617454 0 0
0 0 781 0.597357 0.297942 -0.0613912 -0.0835773 0 0
0 0 782 -0.314193 0.534945 0.00307964 0.595231 0 0
0 0 783 -0.129723 -0.0769635 0.210571 -0.0582396 0 0
0 0 784 0.452054 0.286282 0.839269 -0.0449914 0 0
0 0 785 0.457726 -0.134976 -0.142003 -0.176322 0 0
0 0 786 0.123673 -0.598553 0.167385 -0.387571 0 0
0 0 787 0.235753 0.724746 0.0751364 0.0808818 0 0
0 0 788 0.768313 -0.108746 -0.105197 0.584204 0 0
0 0 789 0.324069 -0.28937 0.264413 0.324164 0 0
0 0 790 0.183143 -0.330317 0.13634 -0.00135225 0 0
0 0 791 -0.217301 0.133399 -0.803327 0.174249 0 0
0 0 792 0.582789 0.0219241 -0.213309 0.346403 0 0
0 0 793 0.0328749 0.444984 -0.0799653 0.278241 0 0
0 0 794 0.502935 0.176599 0.380479 0.0245683 0 0
0 0 795 0.573753 -0.066535 0.139499 -0.00162144 0 0
0 0 796 -0.080709 -0.548314 0.151437 -0.208511 0 0
0 0 797 0.230135 -0.0553622 -0.457525 -0.797326 0 0
0 0 798 0.277798 -0.526711 0.0421604 -0.187164 0 0
0 0 799 0.352972 0.292761 0.177073 0.336987 0 0
0 0 800 -0.27317 -0.497717 -0.150206 0.518358 0 0
0 0 801 -0.0788555 0.312449 -0.0999188 0.15674 0 0
0 0 802 0.14254 -0.154637 0.112803 0.521971 0 0
0 0 803 0.110752 0.00373235 0.0894818 0.310925 0 0
0 0 804 0.298694 0.214515 -0.303508 0.302583 0 0
0 0 805 0.342337 0.428722 -0.0220318 0.00482959 0 0
0 0 806 -0.126469 -0.16339 0.201199 -0.218503 0 0
0 0 807 0.338136 0.155369 -0.258616 -0.0397901 0 0
0 0 808 0.615338 -0.0839604 0.154006 -0.0667277 0 0
0 0 809 0.402762 -0.166844 -0.399286 0.391694 0 0
0 0 810 0.501479 -0.399238 0.0329892 -0.216378 0 0
0 0 811 0.53486 0.272673 -0.26339 0.0627293 0 0
0 0 812 0.231685 -0.480308 -0.15377 0.358762 0 0
0 0 813 0.467121 0.120666 -0.0356327 -0.250357 0 0
0 0 814 0.0184093 0.0587018 -0.273102 0.413096 0 0
0 0 815 0.576027 -0.605726 0.576724 0.841295 0 0
0 0 816 0.859809 0.241628 0.323248 0.41283 0 0
0 0 817 1.27415 0.124284 0.186468 0.644375 0 0
0 0 818 0.516167 -0.217724 0.391244 0.375139 0 0
0 0 819 1.31847 -0.148251 -0.219091 -0.298075 0 0
0 0 820 0.892233 -0.236683 -0.523691 0.635063 0 0
0 0 821 0.683739 0.297787 0.102954 -0.204767 0 0
0 0 822 0.316829 -0.414327 -0.692527 0.00194099 0 0
0 0 823 0.738768 -0.145228 0.175835 0.372264 0 0
0 0 824 0.147523 -0.194537 -0.655773 -0.0582361 0 0
0 0 825 0.818008 -0.0323019 0.0156717 0.2608 0 0
0 0 826 0.452976 -0.116163 -0.359306 0.140153 0 0
0 0 827 0.329267 -0.185923 0.0532352 0.0583383 0 0
0 0 828 0.907662 -0.141149 -0.259127 -0.0919646 0 0
0 0 829 1.01816 0.126045 -0.0125114 0.693171 0 0
0 0 830 1.09175 -0.285248 0.20648 -0.0889574 0 0
0 0 831 1.45647 -0.262054 -0.6844 0.374678 0 0
0 0 832 1.29805 -0.758566 -0.296115 -0.0534782 0 0
0 0 833 2.06112 -0.212479 -0.389251 -0.203851 0 0
0 0 834 1.75668 -0.089046 -0.757891 0.177721 0 0
0 0 835 1.91729 -0.448228 -0.884582 0.0822424 0 0
0 0 836 2.48933 0.13493 -0.875566 -0.136645 0 0
0 0 837 2.40099 -0.70359 -1.30472 -0.207093 -59.1682 6.67498
0 0 838 3.18203 -0.344292 -1.278 0.179932 -52.5387 7.60073
0 0 839 4.08036 -0.567972 -1.43695 -0.133574 -55.7835 6.46522
0 0 840 3.54703 -0.88369 -1.47134 -0.0415736 -60.4946 5.74039
0 0 841 4.54424 -0.874996 -1.07461 0.158712 -64.577 7.00632
0 0 842 4.46886 -0.462897 -2.00504 0.236422 -51.5 4.89743
0 0 843 4.94627 -1.16888 -2.31312 0.18122 -58.4043 3.82675
0 0 844 5.13364 -1.17722 -2.27134 -0.112869 -58.6987 3.87326
0 0 845 6.51522 -0.972793 -2.72763 0.0118606 -54.8142 3.4576
0 0 846 6.87743 -1.47122 -2.58996 0.267225 -59.7993 3.31519
0 0 847 6.99119 -1.17689 -2.29967 -0.634407 -58.5509 3.83744
0 0 848 7.82157 -1.53481 -3.40855 0.705396 -57.1206 2.66293
0 0 849 8.29309 -1.23023 -3.16874 0.582503 -55.6091 2.9401
0 0 850 8.61753 -1.69525 -2.94232 -0.170607 -59.9745 2.90634
0 0 851 7.92036 -1.50707 -3.27421 0.51555 -57.358 2.75992
0 0 852 9.16478 -1.3468 -2.91862 0.202197 -57.3855 3.09456
0 0 853 7.86198 -0.774765 -2.29199 -0.144751 -54.3385 4.14305
0 0 854 8.14796 -1.12617 -2.61778 -0.0184096 -56.6387 3.49767
0 0 855 7.96267 -1.71172 -2.78389 0.693373 -60.793 3.01176
0 0 856 8.2299 -1.06832 -2.54616 0.398244 -56.381 3.61229
0 0 857 7.97896 -1.3499 -2.09098 0.095272 -61.4228 3.94614
0 0 858 8.05151 -1.12412 -2.59689 -0.707043 -56.7032 3.52178
0 0 859 7.79729 -1.45986 -1.70083 -0.255134 -65.3201 4.31944
0 0 860 7.46275 -0.821714 -2.44328 0.813745 -54.2943 3.88891
0 0 861 7.81333 -0.720576 -2.22235 0.175146 -53.9824 4.29382
0 0 862 8.20597 -1.30138 -2.21812 -0.13913 -60.2001 3.83479
0 0 863 6.84425 -1.1058 -2.04505 0.0399387 -59.2005 4.25554
0 0 864 6.47923 -0.814604 -2.40095 -0.0348622 -54.3706 3.95324
0 0 865 6.92882 -0.697001 -2.80857 -0.404073 -51.9688 3.47994
0 0 866 6.45561 -0.801767 -2.90785 -0.190563 -52.7074 3.33413
0 0 867 6.29992 -1.12667 -2.49411 -0.380524 -57.1552 3.63694
0 0 868 6.85007 -0.703847 -2.82669 -1.1608e-05 -51.9912 3.45682
0 0 869 6.04598 -1.07765 -2.67741 0.114695 -55.9623 3.45965
0 0 870 5.53581 -1.3448 -2.29007 0.24877 -60.2114 3.71331
0 0 871 6.46918 -0.81929 -3.02763 -0.0207598 -52.5709 3.2072
0 0 872 5.78054 -0.30035 -2.93821 0.26798 -47.9183 3.42627
0 0 873 6.09638 -0.611771 -2.88179 0.730302 -50.9927 3.42347
0 0 874 5.88196 -0.893883 -2.70691 0.180618 -54.1372 3.51778
0 0 875 5.57785 -1.15197 -3.76435 0.0371179 -53.5076 2.55072
0 0 876 6.33375 -0.929029 -3.00344 -0.0646633 -53.594 3.19341
0 0 877 6.12125 -1.23073 -3.19098 -0.0417629 -55.5456 2.92257
0 0 878 6.00251 -0.101442 -3.29334 -0.0105237 -45.8821 3.07423
0 0 879 5.77945 -0.66151 -3.92955 0.514022 -49.7779 2.53504
0 0 880 6.42529 -1.06374 -4.35563 0.701049 -51.8621 2.24637
0 0 881 6.5189 -1.27172 -4.23236 0.160529 -53.3621 2.27282
0 0 882 7.58017 -1.0159 -4.1102 0.50811 -51.9416 2.37856
0 0 883 7.79403 -1.82895 -4.59938 -0.0570836 -55.8427 2.01793
0 0 884 7.83591 -1.93785 -4.29499 0.598565 -57.1422 2.11248
0 0 885 7.80779 -1.19388 -4.67224 0.113936 -52.1669 2.0875
0 0 886 8.58621 -1.50816 -5.48662 0.51087 -52.6849 1.76751
0 0 887 9.33301 -1.44501 -5.37896 0.201701 -52.5185 1.80629
0 0 888 9.26677 -1.6935 -5.51252 0.664136 -53.5387 1.74113
0 0 889 9.7466 -1.57816 -5.89217 0.472013 -52.4971 1.64935
0 0 890 10.2866 -1.04049 -6.51947 0.903604 -49.5339 1.53054
0 0 891 10.7011 -1.58267 -6.7667 0.396755 -51.5822 1.45
0 0 892 11.0056 -2.23102 -7.41951 1.19493 -53.3679 1.29641
0 0 893 12.1652 -2.53489 -8.04318 0.663601 -53.7464 1.19011
0 0 894 13.4028 -2.75801 -7.65872 0.790471 -54.9023 1.22981
0 0 895 13.9001 -2.52188 -8.40998 0.974655 -53.3461 1.14404
0 0 896 14.1069 -2.92831 -8.79905 1.09138 -54.2037 1.08121
0 0 897 14.7089 -2.67709 -9.09338 1.01843 -53.2022 1.05994
0 0 898 15.3652 -3.59738 -9.79615 1.10344 -55.0822 0.958878
0 0 899 16.0174 -4.4935 -8.98241 0.437602 -58.2884 0.987801
0 0 900 16.2243 -3.79359 -9.30949 0.397483 -56.0854 0.992955
0 0 901 16.001 -4.26235 -9.35868 0.641361 -57.2433 0.967662
0 0 902 16.5451 -4.62339 -9.56309 0.426446 -57.901 0.935076
0 0 903 16.7856 -4.26063 -8.1486 1.03894 -58.8018 1.07727
0 0 904 16.3158 -4.49172 -8.17195 0.464854 -59.3977 1.06031
0 0 905 16.8964 -5.00581 -7.54997 -0.117036 -61.7727 1.08287
0 0 906 17.0348 -4.74438 -7.11393 0.251267 -61.8499 1.14688
0 0 907 17.0354 -4.70097 -6.27564 0.354866 -63.4181 1.24364
0 0 908 16.8848 -5.13902 -5.62008 0.0956932 -66.22 1.26689
0 0 909 17.2462 -4.98706 -5.67094 -0.316361 -65.6643 1.28033
0 0 910 18.2367 -5.41116 -5.0015 -0.627796 -68.6265 1.29692
0 0 911 18.9301 -5.36513 -4.65649 0.165149 -69.5223 1.3404
0 0 912 20.5562 -4.92158 -3.77064 -1.14362 -71.2714 1.52522
0 0 913 21.4564 -5.11055 -4.03442 -0.41974 -70.8557 1.45473
0 0 914 23.0605 -4.58855 -3.08381 -0.382644 -73.0481 1.69864
0 0 915 25.0197 -4.78564 -2.16805 -1.23577 -77.814 1.7573
0 0 916 27.2053 -5.09838 -2.4232 -0.0866604 -77.2894 1.63836
0 0 917 31.0436 -5.31304 -2.05609 -1.21325 -79.422 1.61261
0 0 918 33.9917 -4.49029 -1.21501 -0.491767 -82.4296 1.95969
0 0 919 38.758 -3.23417 0.741766 -1.13452 83.5412 2.741
0 0 920 43.424 -2.23693 1.15997 -0.92998 76.2954 3.68271
0 0 921 48.1886 -0.640034 2.67821 -1.23161 51.7202 3.65854
0 0 922 54.735 1.06751 3.83619 -1.55873 37.2248 2.52532
0 0 923 62.2147 2.66298 7.021 -1.89562 34.6144 1.33164
0 0 924 70.0217 3.46311 9.49498 -1.58634 34.9808 0.990236
0 0 925 78.3609 5.73652 11.8093 -2.38541 32.0456 0.756418
0 0 926 86.6098 7.44842 15.2303 -2.46035 31.9695 0.585623
0 0 927 95.6747 10.0313 18.4192 -2.82227 30.7134 0.471587
0 0 928 102.306 12.3222 21.5433 -2.69413 30.1158 0.397774
0 0 929 109.054 14.1732 24.2298 -3.14996 29.8373 0.351368
0 0 930 113.31 14.8756 25.519 -2.19931 29.8806 0.333959
0 0 931 116.472 15.5087 27.1449 -1.44242 30.1297 0.315791
0 0 932 117.323 17.0448 26.4485 -1.44987 28.6001 0.312161
0 0 933 117.373 17.5658 25.7634 -1.67755 27.8566 0.314177
0 0 934 115.312 17.5121 25.099 0.0371342 27.5479 0.319753
0 0 935 112.137 16.3123 23.6355 0.00872191 27.694 0.340934
0 0 936 108.486 16.4449 21.4447 0.281232 26.2586 0.360412
0 0 937 103.469 14.9371 19.0996 1.30399 25.9862 0.401286
0 0 938 98.8028 13.3159 17.3787 0.796522 26.27 0.44489
0 0 939 94.5891 12.4192 15.7981 1.8013 25.9141 0.484062
0 0 940 89.4387 10.9257 13.6281 1.6267 25.6403 0.556323
0 0 941 85.2641 9.99199 11.8598 1.16 24.9428 0.624941
0 0 942 81.2135 8.41435 10.7106 1.79272 25.9233 0.71419
0 0 943 77.0996 7.73304 9.77047 1.63818 25.8197 0.780381
0 0 944 73.2786 6.6566 8.37819 1.68704 25.7662 0.908532
0 0 945 70.1279 5.02235 7.16329 0.899897 27.4824 1.11831
0 0 946 66.9326 4.75696 6.65785 1.17185 27.2273 1.19455
0 0 947 63.4449 4.82167 6.08481 1.29674 25.8031 1.25242
0 0 948 60.9303 3.55871 4.51001 0.687297 25.8621 1.69286
0 0 949 57.7594 2.98285 4.64441 0.62627 28.6448 1.77972
0 0 950 54.9981 2.47141 4.3247 0.69636 30.1268 1.982
0 0 951 53.4212 1.74098 3.52932 0.172543 31.8717 2.52222
0 0 952 51.0976 1.08919 3.05486 -0.0142698 35.1884 3.08735
0 0 953 49.3157 0.892847 2.62936 0.496818 35.6221 3.60945
0 0 954 47.8314 0.464211 2.67302 -0.940609 40.074 3.72275
0 0 955 45.7273 0.384253 2.03179 -0.497568 39.6453 4.88175
0 0 956 44.0745 -0.0814953 1.55424 -0.809299 46.5008 6.50707
0 0 957 42.6716 0.0188446 2.33565 -1.11928 44.7689 4.33707
0 0 958 41.2965 -0.762156 1.57222 -1.06727 57.9313 5.68425
0 0 959 39.9843 0.0115948 1.50965 -1.76727 44.78 6.71009
0 0 960 37.2522 -0.30242 1.33583 -1.00505 51.3781 7.35944
0 0 961 36.3553 -1.25234 1.862 -1.24015 61.962 4.36857
0 0 962 34.377 -1.3685 1.37007 -2.05836 67.4836 4.95749
0 0 963 33.8889 -1.15213 1.08061 -1.78872 68.4174 6.05496
0 0 964 31.4857 -1.67728 0.576829 -3.15309 80.5108 5.16382
0 0 965 30.3865 -0.842 0.7477 -2.25787 69.1974 8.46723
0 0 966 29.1861 -1.49401 1.00479 -1.86027 73.0388 5.21607
0 0 967 27.8161 -1.07051 0.947754 -2.11493 69.2403 6.66752
0 0 968 26.2354 -1.86919 0.745734 -2.75859 79.125 4.56908
0 0 969 24.2867 -2.17074 0.973145 -2.26331 77.9266 3.87963
0 0 970 23.3451 -1.72684 1.3741 -2.03203 70.7447 4.29394
0 0 971 22.5085 -1.60878 0.286799 -1.82603 84.946 5.55211
0 0 972 21.1026 -1.73759 1.26871 -2.40443 71.9324 4.38385
0 0 973 20.1371 -2.0628 1.01983 -2.6413 76.8464 4.02506
0 0 974 18.6719 -2.27532 1.02991 -2.08908 77.8232 3.69653
0 0 975 17.5537 -1.44194 1.16182 -1.72104 70.5702 5.12084
0 0 976 16.304 -1.74559 0.800562 -1.74526 77.6815 4.80966
0 0 977 15.6808 -1.81461 0.621153 -2.30122 80.5518 4.77487
0 0 978 15.4133 -1.70058 1.02121 -2.20903 74.5074 4.70824
0 0 979 14.2306 -1.56595 1.19115 -1.71115 71.3706 4.80439
0 0 980 12.957 -1.94026 1.68348 -1.53065 69.5266 3.70683
0 0 981 12.6488 -1.79175 1.14108 -1.74103 73.7545 4.40899
0 0 982 11.9423 -2.06412 0.826094 -1.87681 79.0939 4.13619
0 0 983 11.1442 -2.04621 1.21593 -1.34316 74.6398 3.92186
0 0 984 10.5526 -1.81744 0.829847 -1.73782 77.7292 4.62234
0 0 985 10.3403 -1.85042 1.25683 -1.25799 72.9075 4.20051
0 0 986 9.53322 -2.13844 1.55276 -1.88995 72.0079 3.56789
0 0 987 8.7163 -1.42837 1.12098 -0.688136 70.9376 5.2149
0 0 988 7.97629 -2.07759 1.26919 -1.24781 74.2896 3.83925
0 0 989 8.19854 -1.63874 1.40529 -1.29095 69.6927 4.40795
0 0 990 7.86882 -1.85389 1.33 -0.7708 72.172 4.12991
0 0 991 6.85844 -1.17439 1.18193 -1.10838 67.4084 5.76338
0 0 992 6.95191 -1.49789 0.858119 -0.493025 75.0961 5.39849
0 0 993 6.37627 -1.77574 0.586104 -0.650689 80.867 4.89338
0 0 994 6.58703 -1.1375 1.00841 -0.136168 69.2213 6.27163
0 0 995 5.80003 -0.813219 0.175257 -0.230938 0 0
0 0 996 5.57324 -1.33169 0.858436 -0.747271 73.5967 5.91479
0 0 997 5.77019 -1.94032 0.559472 -0.60616 81.9578 4.51915
0 0 998 4.90403 -1.57298 0.7705 -0.257887 76.9514 5.2861
0 0 999 4.23413 -1.55318 0.0750166 -0.480766 88.6174 5.81354
0 0 1000 4.22111 -1.16339 0.375528 -0.110584 81.0553 7.48145
0 0 1001 4.28002 -0.848647 0.7232 -0.0655959 69.7815 8.53134
0 0 1002 3.73375 -0.797 0.934467 0.209525 65.2303 7.88568
0 0 1003 3.97561 -0.360042 0.251842 -0.618752 0 0
0 0 1004 3.72885 -1.27301 0.251256 -0.363737 84.4174 6.99823
0 0 1005 2.76526 -0.226506 0.254255 -0.402514 0 0
0 0 1006 3.15112 -1.26902 0.740476 -0.493691 74.8682 6.34814
0 0 1007 2.99456 -0.78811 0.515311 -0.152048 0 0
0 0 1008 3.32544 -0.691819 0.699985 -0.00590642 0 0
0 0 1009 3.53405 -0.0268574 0.316931 0.147406 0 0
0 0 1010 2.70561 -0.600987 0.782566 -0.19611 0 0
0 0 1011 2.18943 -0.363276 0.0558296 -0.157687 0 0
0 0 1012 2.3536 -0.116668 -0.636703 0.178798 0 0
0 0 1013 2.34867 -0.667239 0.361123 0.139842 0 0
0 0 1014 2.48294 0.184684 0.672037 -0.296046 0 0
0 0 1015 2.16629 -0.19094 -0.289052 0.0980948 0 0
0 0 1016 2.33128 0.0591005 0.339074 -0.0391834 0 0
0 0 1017 2.20202 0.246816 0.330815 -0.358917 0 0
0 0 1018 1.72159 -0.121922 0.586632 0.516776 0 0
0 0 1019 1.37097 -0.592 0.17713 -0.164998 0 0
0 0 1020 1.84836 -0.1172 -0.331401 -0.0305304 0 0
0 0 1021 1.54674 0.282976 0.71321 -0.221139 0 0
0 0 1022 1.96281 0.416702 0.701588 -0.199419 0 0
0 0 1023 1.56798 -0.256315 -0.0334513 -0.238124 0 0
