# File: uwl_210713_100730_b4.rf.RMC_aux Src: J1713+0747 Nsub: 1 Nch: 1 Npol: 4 Nbin: 1024 RMS: 0.283421
0 0 0 2.82794 0.362634 1.81082 -0.276147 39.3379 4.78038
0 0 1 2.26405 0.687784 1.6702 -0.152747 33.8091 4.90366
0 0 2 1.96811 -0.18414 1.27427 -0.291933 49.1113 6.85303
0 0 3 2.46048 0.338503 1.8159 0.0523774 39.7203 4.77858
0 0 4 2.53186 0.718089 1.69957 -0.42663 33.5477 4.80158
0 0 5 2.84967 0.468438 1.62475 -0.107186 36.9585 5.22712
0 0 6 2.47476 0.648738 1.43306 -0.400066 32.822 5.63498
0 0 7 2.51128 0.586809 0.985286 0.156997 29.6116 7.75131
0 0 8 2.61947 0.31096 1.71865 -0.306511 39.8721 5.05362
0 0 9 2.32684 -0.0767099 1.18465 -0.346474 46.8525 7.42871
0 0 10 2.88682 -0.175835 1.22379 0.202439 49.0882 7.13648
0 0 11 2.38614 0.437565 1.97615 -0.476088 38.7574 4.36287
0 0 12 2.39357 0.0397061 1.72953 -0.00289911 44.3424 5.09708
0 0 13 2.25673 0.296293 2.04786 -0.00119349 40.8837 4.26415
0 0 14 2.23264 0.104595 1.51792 -0.331445 43.0291 5.79619
0 0 15 2.49438 0.262433 1.73041 -0.121147 40.6882 5.04164
0 0 16 2.51663 -0.263045 1.42785 0.510157 50.2191 6.07949
0 0 17 1.87541 -0.119228 1.67856 -0.173524 47.0314 5.24077
0 0 18 2.10889 -0.0333266 1.13616 -0.180267 45.8401 7.75783
0 0 19 1.9045 -0.155939 1.4241 -0.359506 48.1245 6.15724
0 0 20 1.7968 -0.0134367 1.32836 -0.660657 45.2898 6.63771
0 0 21 1.42428 0.68878 1.28172 -0.2827 30.8735 6.10204
0 0 22 1.71652 -0.213975 1.02068 -0.00888285 50.92 8.46628
0 0 23 1.46957 -0.00128722 0.761071 -0.507282 0 0
0 0 24 1.32768 -0.180411 0.995899 -0.627811 0 0
0 0 25 1.5564 0.0673402 -0.154634 0.207839 0 0
0 0 26 0.778088 -0.0742223 0.696223 -0.121608 0 0
0 0 27 1.89282 -0.153792 0.659912 0.649102 0 0
0 0 28 1.01008 0.191932 0.228473 -0.208131 0 0
0 0 29 1.69012 0.391572 0.761156 -0.0131897 0 0
0 0 30 1.29252 0.1696 0.29989 0.363927 0 0
0 0 31 0.71316 0.224867 0.982217 -0.533916 0 0
0 0 32 1.05902 0.201357 -0.306711 0.196815 0 0
0 0 33 0.546934 -0.233234 0.474549 -0.295445 0 0
0 0 34 0.108012 -0.126734 0.646958 0.630213 0 0
0 0 35 0.575665 -0.259516 0.540058 -0.276294 0 0
0 0 36 0.644147 0.661648 0.853251 -0.0826329 26.1042 8.2613
0 0 37 0.387992 0.359062 0.193819 0.17385 0 0
0 0 38 0.146057 -0.617258 0.160509 0.0816824 0 0
0 0 39 0.318577 0.235822 -0.0502959 -0.0601274 0 0
0 0 40 1.0829 0.202844 0.623814 -0.109725 0 0
0 0 41 0.242324 -0.0228032 0.206202 -0.487714 0 0
0 0 42 0.286181 0.205977 -0.00392597 -0.0658237 0 0
0 0 43 0.443467 -0.0782591 0.60588 0.313252 0 0
0 0 44 0.206764 0.267957 -0.517317 -0.589674 0 0
0 0 45 0.467478 0.458026 -0.296659 -0.245918 0 0
0 0 46 0.217275 0.208441 0.408487 -0.211159 0 0
0 0 47 0.0553453 -0.0746371 0.398854 0.0766679 0 0
0 0 48 0.095463 -0.11253 -0.378195 0.414496 0 0
0 0 49 0.692505 -0.079269 0.461421 -0.36358 0 0
0 0 50 1.09052 0.208694 0.5973 -0.851452 0 0
0 0 51 0.117505 -0.109148 0.672327 -0.186833 0 0
0 0 52 0.482263 -0.121123 0.594987 -0.128307 0 0
0 0 53 0.0636889 -0.0947783 -0.263213 0.445278 0 0
0 0 54 0.669695 0.0256235 0.352183 -0.0324077 0 0
0 0 55 0.138493 -0.195982 0.368631 -0.169862 0 0
0 0 56 -0.323506 0.0281367 -0.0174521 -0.0789066 0 0
0 0 57 0.537389 0.261949 -0.411144 -0.214715 0 0
0 0 58 0.209419 0.406985 0.36689 0.228464 0 0
0 0 59 0.0552845 0.20213 -0.115215 0.273903 0 0
0 0 60 -0.00206785 0.045465 -0.026442 0.0800844 0 0
0 0 61 -0.466954 -0.00891678 -0.0984461 -0.10463 0 0
0 0 62 0.634755 -0.249537 -0.0900348 -0.471787 0 0
0 0 63 -0.0482259 0.477652 -0.0384264 -0.155654 0 0
0 0 64 0.139449 0.221052 -0.311848 -0.0316294 0 0
0 0 65 -0.157919 -0.328491 -0.368953 -0.0687031 0 0
0 0 66 0.363224 0.350266 0.340733 -0.208218 0 0
0 0 67 0.104943 -0.0688766 0.280334 -0.154265 0 0
0 0 68 0.11231 -0.361877 0.00897761 0.249197 0 0
0 0 69 0.286517 -0.0579808 0.398885 0.494565 0 0
0 0 70 0.0873277 0.0448149 0.25227 0.0105981 0 0
0 0 71 -0.272524 0.361561 0.161061 0.0253684 0 0
0 0 72 0.0737756 0.208647 0.134168 0.154911 0 0
0 0 73 -0.111216 0.167941 -0.477705 -0.330662 0 0
0 0 74 -0.223265 0.417355 0.205819 0.0704211 0 0
0 0 75 0.146818 0.955978 0.377133 0.20111 0 0
0 0 76 0.102769 -0.170389 -0.00815315 -0.0381549 0 0
0 0 77 0.162315 0.591169 0.0988703 -0.272337 0 0
0 0 78 0.158257 -0.54224 0.410729 -0.444647 0 0
0 0 79 0.0939035 0.543408 0.0456684 -0.310952 0 0
0 0 80 0.318309 0.303745 -0.256149 -0.0350966 0 0
0 0 81 0.401026 -0.0854601 0.530357 -0.0487845 0 0
0 0 82 0.131143 -0.0802124 -0.267479 0.386324 0 0
0 0 83 -0.257107 0.0636354 -0.509122 -0.145359 0 0
0 0 84 -0.164363 -0.46235 -0.0190524 -0.202183 0 0
0 0 85 0.0589641 0.0741868 -0.0157827 0.0572822 0 0
0 0 86 -0.289661 0.489927 0.083643 0.0718167 0 0
0 0 87 0.181916 -0.0978713 0.150401 0.544749 0 0
0 0 88 -0.440152 -0.0335658 0.254404 -0.0974595 0 0
0 0 89 0.150339 -0.197407 0.18338 -0.0906982 0 0
0 0 90 -0.167995 0.184254 0.496098 0.0720392 0 0
0 0 91 -0.117899 0.220111 0.695292 0.147978 0 0
0 0 92 0.183765 0.0831474 -0.0469443 0.307063 0 0
0 0 93 0.174512 -0.0979053 -0.110834 0.285821 0 0
0 0 94 -0.285338 0.563721 0.0241419 -0.023512 0 0
0 0 95 0.672861 -0.119808 -0.234844 0.060204 0 0
0 0 96 0.326906 0.00341122 0.108498 -0.302363 0 0
0 0 97 -0.0858656 0.24858 -0.00849039 0.0172764 0 0
0 0 98 -0.110057 0.376197 -0.370967 0.00735613 0 0
0 0 99 0.0767961 -0.0300361 0.22084 -0.172093 0 0
0 0 100 0.50093 0.106099 -0.187758 0.118543 0 0
0 0 101 -0.343427 0.0419895 0.206561 0.216938 0 0
0 0 102 -0.03729 -0.599328 0.37042 -0.248765 0 0
0 0 103 -0.0939624 -0.114131 0.219175 0.292745 0 0
0 0 104 0.399159 0.08069 0.125851 0.181032 0 0
0 0 105 0.103403 0.525713 -0.0212172 0.20861 0 0
0 0 106 -0.20073 0.286733 -0.222575 -0.18162 0 0
0 0 107 0.192409 -0.583365 0.545913 -0.238265 0 0
0 0 108 -0.33048 0.433583 -0.173138 -0.210986 0 0
0 0 109 -0.216603 -0.306359 -0.126377 -0.0990315 0 0
0 0 110 0.135004 0.244454 -0.0826411 -0.0188085 0 0
0 0 111 0.236198 0.0107631 0.133891 0.545138 0 0
0 0 112 -0.502906 0.731435 0.553946 0.243206 0 0
0 0 113 -0.0824253 0.098036 -0.535373 -0.0589804 0 0
0 0 114 -0.603336 0.0776476 -0.163962 0.0449583 0 0
0 0 115 -0.053017 0.169446 -0.161787 0.387223 0 0
0 0 116 -0.0275605 0.231639 0.612096 -0.000376685 0 0
0 0 117 -0.662934 -0.0326358 0.22229 0.00908915 0 0
0 0 118 0.119803 -0.622238 0.133296 -0.41217 0 0
0 0 119 -0.109083 0.344099 0.00466819 0.0519893 0 0
0 0 120 0.316611 0.445026 -0.0434818 -0.173521 0 0
0 0 121 -0.324841 -0.506122 0.145049 -0.294675 0 0
0 0 122 -0.0514768 -0.144713 -0.0904098 0.3535 0 0
0 0 123 -0.339442 0.746973 0.577017 -0.0633633 0 0
0 0 124 0.191414 0.00872513 -0.329965 -0.25101 0 0
0 0 125 -0.0621814 -0.0117324 0.389601 0.662165 0 0
0 0 126 -0.101436 0.088704 -0.194183 -0.595557 0 0
0 0 127 -0.642513 -0.32756 0.279289 0.128139 0 0
0 0 128 0.549729 0.469311 0.170973 0.322733 0 0
0 0 129 -0.502805 0.456578 -0.162424 -0.818493 0 0
0 0 130 -0.665153 -0.302497 0.0128812 -0.702279 0 0
0 0 131 -0.442255 0.766317 0.0656047 0.225232 0 0
0 0 132 -0.316515 -0.249432 -0.0269144 -0.27001 0 0
0 0 133 0.112592 0.02057 0.304382 0.356642 0 0
0 0 134 0.0104907 -0.138784 -0.666823 -0.335212 0 0
0 0 135 0.237106 -0.192913 -0.409457 0.10658 0 0
0 0 136 0.0548402 0.305914 -0.0558019 -0.15715 0 0
0 0 137 0.0556174 -0.265545 -0.232199 -0.110725 0 0
0 0 138 -0.161121 0.0182607 0.215765 -0.150889 0 0
0 0 139 0.071189 0.356157 0.0969334 -0.476893 0 0
0 0 140 0.540186 -0.547818 -0.187479 -0.267154 0 0
0 0 141 -0.207702 0.21974 -0.207097 0.0716572 0 0
0 0 142 0.303132 -0.091408 0.459894 0.141016 0 0
0 0 143 -0.27231 0.087359 0.0887684 -0.0164686 0 0
0 0 144 -0.245014 -0.062457 -0.234088 -0.249634 0 0
0 0 145 -0.345756 -0.120037 0.637551 0.0619809 0 0
0 0 146 1.01208 -0.0544192 0.0296032 -0.266508 0 0
0 0 147 0.134477 0.349473 -0.251659 0.0343785 0 0
0 0 148 -0.358897 -0.335189 0.168879 -0.298705 0 0
0 0 149 0.114765 -0.0222267 -0.349811 0.381236 0 0
0 0 150 0.156064 -0.192469 -0.06649 0.230943 0 0
0 0 151 -0.124654 -0.203813 -0.454422 -0.13447 0 0
0 0 152 0.306685 0.0857105 -0.382453 0.034347 0 0
0 0 153 -0.654367 -0.0125814 0.0452918 -0.699796 0 0
0 0 154 0.476737 -0.362925 0.387131 0.113088 0 0
0 0 155 0.196788 0.133132 0.563288 -0.762635 0 0
0 0 156 0.0116968 0.415779 -0.34844 -0.225888 0 0
0 0 157 0.346562 0.475357 0.221872 0.215041 0 0
0 0 158 0.209472 -0.0427757 -0.228306 0.141189 0 0
0 0 159 0.241056 0.403782 -0.286113 0.0471467 0 0
0 0 160 0.166841 0.0827593 0.116144 0.201603 0 0
0 0 161 -0.449142 0.101087 0.0446591 0.0937468 0 0
0 0 162 0.237611 0.166458 -0.0436405 -0.0698476 0 0
0 0 163 -0.17409 0.322469 -0.152025 -0.272258 0 0
0 0 164 -0.0254721 0.823285 -0.534744 -0.256474 0 0
0 0 165 0.497653 -0.385492 0.364991 0.396505 0 0
0 0 166 -0.257738 0.0715565 0.585506 -0.468678 0 0
0 0 167 -0.198931 -0.392647 -0.147649 -0.0922206 0 0
0 0 168 0.165652 0.0853924 0.0443998 -0.292112 0 0
0 0 169 -0.924992 0.0893468 -0.092514 0.675113 0 0
0 0 170 -0.156989 -0.430442 -0.137398 -0.241356 0 0
0 0 171 -0.019772 -0.161448 -0.344352 0.078413 0 0
0 0 172 0.1048 -0.0782324 0.173297 0.391957 0 0
0 0 173 -0.102273 -0.15017 -0.599856 0.380493 0 0
0 0 174 -0.246121 0.591906 -0.231349 0.093832 0 0
0 0 175 -0.223176 -0.0744958 -0.0904287 -0.805932 0 0
0 0 176 0.205534 0.13412 0.183721 -0.204794 0 0
0 0 177 0.335959 -0.371644 -0.391246 0.0605084 0 0
0 0 178 0.130229 0.123949 -0.235113 0.139898 0 0
0 0 179 0.264497 -0.517981 -0.310692 0.160208 0 0
0 0 180 -0.0437301 -0.18332 -0.0867271 0.537408 0 0
0 0 181 -0.147435 0.0374527 0.143813 -0.49809 0 0
0 0 182 -0.447859 0.128859 0.340294 0.153752 0 0
0 0 183 -0.359348 0.301787 -0.00241756 -0.247222 0 0
0 0 184 -0.140631 -0.0517025 -0.372851 0.189772 0 0
0 0 185 0.212092 0.144076 -0.137044 -0.220946 0 0
0 0 186 0.224546 -0.337474 0.489178 -0.0328581 0 0
0 0 187 0.444511 0.066222 0.420474 0.25443 0 0
0 0 188 0.0739033 -0.688074 0.0501145 0.859613 0 0
0 0 189 -0.244712 0.212444 0.307426 0.0841573 0 0
0 0 190 0.201911 -0.333112 -0.194581 -0.0404741 0 0
0 0 191 0.273395 0.041561 -0.0493108 0.364618 0 0
0 0 192 0.161312 -0.118812 -0.497123 -0.147277 0 0
0 0 193 0.309767 -0.330413 -0.157375 -0.493918 0 0
0 0 194 -0.384502 -0.211771 0.316684 -0.362027 0 0
0 0 195 -0.0541536 0.44768 -0.495782 -0.245436 0 0
0 0 196 0.293486 -0.257147 -0.180282 -0.155191 0 0
0 0 197 -0.15645 -0.286727 -0.508304 -0.10149 0 0
0 0 198 -0.191765 0.4659 -0.177994 0.134547 0 0
0 0 199 -0.150298 0.292943 -0.620153 -0.17915 0 0
0 0 200 0.0774634 0.288376 0.429651 0.597356 0 0
0 0 201 0.710254 0.00552768 0.599877 -0.418393 0 0
0 0 202 0.269405 -0.261903 0.198666 0.0826783 0 0
0 0 203 0.151871 0.183895 0.391555 -0.0776565 0 0
0 0 204 0.139536 -0.275679 0.145303 0.490097 0 0
0 0 205 0.19175 -0.446272 0.332711 0.11916 0 0
0 0 206 -0.721039 -0.285051 0.43359 0.431338 0 0
0 0 207 0.790333 -0.0698219 0.426394 -0.410409 0 0
0 0 208 -0.0146194 0.240112 -0.215738 -0.00942931 0 0
0 0 209 0.159412 0.195671 0.677074 0.165654 0 0
0 0 210 0.019256 -0.125871 0.286658 -0.118059 0 0
0 0 211 -0.125917 0.274614 0.364067 0.35539 0 0
0 0 212 -0.257442 0.34577 0.331264 0.1652 0 0
0 0 213 0.0238348 -0.156833 0.606207 -0.499565 0 0
0 0 214 -0.149781 0.163608 -0.204351 0.464584 0 0
0 0 215 0.153377 0.0551042 0.540241 0.301375 0 0
0 0 216 0.134712 0.0646917 0.328008 0.0262264 0 0
0 0 217 0.299685 0.0722954 -0.653825 0.0116257 0 0
0 0 218 -0.0261339 -0.0259943 -0.257782 -0.282711 0 0
0 0 219 1.00268 -0.471124 0.104909 0.525305 0 0
0 0 220 0.252918 -0.237398 0.30936 -0.108799 0 0
0 0 221 -0.0273861 -0.0204847 -0.0185482 -0.532537 0 0
0 0 222 0.154851 0.460267 0.05811 -0.291957 0 0
0 0 223 0.361209 0.227445 -0.187241 0.0103114 0 0
0 0 224 0.526496 0.457281 0.396638 -0.148572 0 0
0 0 225 0.281255 -0.156584 -0.484882 0.286197 0 0
0 0 226 0.048587 0.162119 -0.34397 -0.182658 0 0
0 0 227 -0.460932 0.223434 0.107787 0.137067 0 0
0 0 228 0.516332 -0.025152 0.18616 0.0319125 0 0
0 0 229 0.207287 -0.0434727 0.303859 0.450427 0 0
0 0 230 0.232203 -0.198105 -0.0970594 0.149978 0 0
0 0 231 -0.139343 -0.0167851 -0.407196 -0.366471 0 0
0 0 232 -0.129988 -0.1703 0.285098 0.291793 0 0
0 0 233 0.311138 0.0355949 0.00528123 -0.17742 0 0
0 0 234 0.51107 0.02431 0.389786 0.389677 0 0
0 0 235 0.0119773 -0.43821 -0.0517627 -0.282592 0 0
0 0 236 -0.354302 -0.50115 -0.426796 -0.268045 0 0
0 0 237 0.432963 0.1431 0.578927 -0.0660174 0 0
0 0 238 0.320642 0.338545 -0.246667 -0.174648 0 0
0 0 239 -0.147325 0.330441 -0.353289 0.00767338 0 0
0 0 240 0.20073 -0.416459 0.298649 0.0694121 0 0
0 0 241 0.241433 0.01379 0.154084 0.177665 0 0
0 0 242 0.274787 -0.283244 0.115047 -0.296363 0 0
0 0 243 0.581139 0.170173 -0.373725 -0.143142 0 0
0 0 244 -0.0310327 0.363118 -0.399741 -0.43208 0 0
0 0 245 0.113901 -0.352593 -0.225687 -0.332066 0 0
0 0 246 0.336261 0.353294 0.107577 0.3252 0 0
0 0 247 -0.131338 0.00693978 -0.132247 0.176773 0 0
0 0 248 0.0758177 0.149616 0.0520929 -0.124546 0 0
0 0 249 0.202417 0.00416601 -0.458475 -0.327497 0 0
0 0 250 -0.761655 -0.0827625 -0.299107 -0.0451303 0 0
0 0 251 0.711986 0.136106 0.375335 -0.526847 0 0
0 0 252 0.046647 0.150677 0.152132 0.276613 0 0
0 0 253 0.178154 0.0895044 0.796082 -0.657473 0 0
0 0 254 0.248023 -0.149027 0.0218351 0.210224 0 0
0 0 255 0.323397 -0.219774 -0.302192 -0.438363 0 0
0 0 256 0.445363 -0.0722288 0.412593 0.414855 0 0
0 0 257 0.298037 0.129345 0.352729 -0.571989 0 0
0 0 258 -0.0838542 -0.250689 0.190737 0.0638892 0 0
0 0 259 -0.403709 -0.000690326 -0.0115102 -0.0616572 0 0
0 0 260 -0.027906 0.227792 -0.0715164 0.117966 0 0
0 0 261 0.218746 0.062794 0.33584 -0.293906 0 0
0 0 262 -0.489321 -0.282896 -0.16243 0.668732 0 0
0 0 263 0.580582 -0.167179 0.121486 0.0513451 0 0
0 0 264 -0.0508026 0.233171 0.558483 0.111446 0 0
0 0 265 -0.306421 0.164587 0.33532 0.155751 0 0
0 0 266 0.0761241 0.119875 0.0282539 0.24828 0 0
0 0 267 0.380894 0.605352 -0.131107 0.198701 0 0
0 0 268 0.107964 -0.200093 0.076323 0.121208 0 0
0 0 269 0.613072 -0.0772974 0.323487 -0.000948281 0 0
0 0 270 0.069716 -0.614476 0.589275 0.171977 0 0
0 0 271 0.186162 0.094754 -0.309502 0.189153 0 0
0 0 272 -0.0504253 0.301373 0.250899 0.0329121 0 0
0 0 273 -0.0832288 -0.0434161 0.554705 0.0464491 0 0
0 0 274 0.514993 0.0348074 -0.340545 -0.248917 0 0
0 0 275 -0.111405 -0.50161 0.0467669 -0.0937555 0 0
0 0 276 -0.538862 -0.0758187 0.333944 -0.277261 0 0
0 0 277 0.434301 -0.0576622 0.000285154 0.372002 0 0
0 0 278 0.211483 -0.195513 0.318842 0.65845 0 0
0 0 279 -0.0889608 0.49366 0.411883 0.112106 0 0
0 0 280 -0.39335 0.021807 0.145933 0.24878 0 0
0 0 281 -0.668017 -0.0124089 0.352975 -0.0802326 0 0
0 0 282 -0.111018 -0.0713368 -0.375145 -0.206705 0 0
0 0 283 0.259779 0.547977 -0.0935459 -0.158784 0 0
0 0 284 -0.121255 -0.394156 -0.118995 0.170276 0 0
0 0 285 -0.0698088 -0.054829 0.0837101 -0.109362 0 0
0 0 286 0.363767 -0.0631898 0.111684 0.10136 0 0
0 0 287 0.554946 -0.271904 0.303826 0.477691 0 0
0 0 288 0.195952 -0.149161 0.189958 0.393362 0 0
0 0 289 0.533984 0.09227 -0.0404108 -0.0691878 0 0
0 0 290 0.079306 0.39406 -0.234113 0.288975 0 0
0 0 291 0.466762 0.137875 0.224057 -0.279662 0 0
0 0 292 0.306919 -0.152277 0.0544708 -0.292868 0 0
0 0 293 0.177934 -0.788503 0.308017 0.404398 0 0
0 0 294 -0.00313104 -0.208394 -0.287984 -0.140854 0 0
0 0 295 0.112673 0.0555887 -0.160255 0.291167 0 0
0 0 296 -0.123486 -0.0893396 -0.13791 -0.0859253 0 0
0 0 297 0.329458 -0.0489602 -0.147974 -0.858687 0 0
0 0 298 0.113041 -0.186152 -0.532337 0.427059 0 0
0 0 299 -0.287644 0.565174 -0.0365277 0.146836 0 0
0 0 300 -0.0324169 -0.597502 0.13067 -0.159883 0 0
0 0 301 -0.532464 0.568048 0.122915 -0.400819 0 0
0 0 302 -0.0237298 0.291269 -0.407872 0.750989 0 0
0 0 303 0.312258 -0.0971661 -0.450244 0.0190505 0 0
0 0 304 0.0550559 0.0973639 -0.112574 0.0869179 0 0
0 0 305 0.0714291 0.27384 -0.451224 0.0553147 0 0
0 0 306 0.0407371 -0.418601 -0.370429 0.33725 0 0
0 0 307 0.211015 -0.32357 -0.0182017 0.0537211 0 0
0 0 308 -0.307312 -0.0248629 -0.31113 0.00964348 0 0
0 0 309 0.213036 -0.10452 0.0972312 0.639879 0 0
0 0 310 -0.156644 0.21195 0.00527532 0.498675 0 0
0 0 311 0.0541311 -0.178645 0.28889 -0.0961383 0 0
0 0 312 -0.368765 -0.104626 -0.302129 -0.109753 0 0
0 0 313 0.217635 -0.0115356 0.0421918 0.423918 0 0
0 0 314 0.284123 0.174224 0.141077 -0.0806593 0 0
0 0 315 -0.168936 0.101684 0.0597513 -0.145963 0 0
0 0 316 -0.130945 0.310585 0.0377296 0.15489 0 0
0 0 317 0.252908 -0.278351 0.08234 -0.0374963 0 0
0 0 318 0.0796763 0.00540766 0.168356 0.278568 0 0
0 0 319 0.398261 -0.376744 0.43349 -0.290323 0 0
0 0 320 0.299046 -0.223369 0.241843 0.149547 0 0
0 0 321 0.394928 -0.0627813 0.386723 0.0908312 0 0
0 0 322 0.23077 0.250514 0.572656 -0.167355 0 0
0 0 323 0.147211 0.432233 0.243979 -0.232421 0 0
0 0 324 0.284706 -0.237859 -0.123147 0.487108 0 0
0 0 325 0.162245 -0.132741 0.322056 -0.257275 0 0
0 0 326 0.0465931 0.043181 -0.194533 -0.304439 0 0
0 0 327 -0.0224575 0.0473331 0.508404 -0.1969 0 0
0 0 328 0.0241939 0.130687 0.0304589 -0.244293 0 0
0 0 329 0.25483 -0.328051 0.0190596 0.148528 0 0
0 0 330 0.341246 -0.320512 0.830524 0.131997 0 0
0 0 331 -0.34135 0.182962 0.24669 -0.631044 0 0
0 0 332 -0.0762659 0.10416 0.184482 -0.393584 0 0
0 0 333 0.281455 -0.243057 -0.152761 0.0969132 0 0
0 0 334 0.258682 0.743648 0.00869664 0.383868 0 0
0 0 335 0.143825 0.352871 -0.390839 -0.592937 0 0
0 0 336 0.361751 0.501887 0.200517 0.30636 0 0
0 0 337 0.36504 -0.329773 -0.24791 -0.0774209 0 0
0 0 338 -0.00539195 0.229984 0.170614 -0.0568421 0 0
0 0 339 -0.44696 -0.327489 -0.537865 -0.539891 0 0
0 0 340 -0.358205 -0.0622985 0.448388 0.147367 0 0
0 0 341 -0.0745811 -0.0407696 0.504583 0.124758 0 0
0 0 342 0.127335 -0.397566 0.0460869 -0.227888 0 0
0 0 343 0.225897 -0.472304 -0.211091 -0.48555 0 0
0 0 344 0.0747246 0.171323 -0.277023 0.247978 0 0
0 0 345 0.31131 -0.232939 -0.162281 0.319448 0 0
0 0 346 -0.0489105 0.233674 0.0129714 -0.117235 0 0
0 0 347 -0.302902 -0.0367187 -0.448993 -0.235913 0 0
0 0 348 -0.00218803 -0.0459178 -0.369364 -0.211969 0 0
0 0 349 -0.192584 -0.363505 0.0400684 -0.174517 0 0
0 0 350 0.173326 0.0370086 -0.461888 0.0999441 0 0
0 0 351 -0.230169 0.0385144 0.143838 0.211631 0 0
0 0 352 0.292749 0.130248 -0.632476 -0.0814328 0 0
0 0 353 -0.006694 0.243434 0.170922 0.292446 0 0
0 0 354 -0.112089 0.0218125 0.225881 0.24412 0 0
0 0 355 -0.167071 -0.980495 -0.105291 0.109109 0 0
0 0 356 -0.0257554 -0.416298 -0.333966 0.231341 0 0
0 0 357 -0.118945 -0.258151 0.476363 -0.354941 0 0
0 0 358 -0.676206 0.00115812 0.0452325 -0.859712 0 0
0 0 359 -0.13352 -0.18125 0.630903 -0.0595661 0 0
0 0 360 0.18011 0.206723 0.0725208 -0.151555 0 0
0 0 361 0.105549 -0.296273 -0.0320223 0.198338 0 0
0 0 362 -0.0891792 0.144021 0.384374 0.447542 0 0
0 0 363 0.174985 0.169139 0.306231 -0.201609 0 0
0 0 364 -0.0684727 0.196823 -0.19208 0.154932 0 0
0 0 365 0.179591 -0.108583 0.402066 0.10607 0 0
0 0 366 0.404347 0.08633 -0.105884 0.130679 0 0
0 0 367 0.00824242 0.138499 0.22759 -0.17605 0 0
0 0 368 0.359582 -0.706105 0.12434 0.0781197 0 0
0 0 369 -0.227497 0.0976584 0.0178674 -0.19252 0 0
0 0 370 -0.258248 0.0943594 0.134297 0.400496 0 0
0 0 371 0.0147146 0.09695 -0.411829 0.260538 0 0
0 0 372 -0.235504 0.606551 0.0268146 0.747265 0 0
0 0 373 0.178478 0.0215753 -0.238574 -0.0410167 0 0
0 0 374 -0.237843 -0.0308458 0.0304954 -0.0240933 0 0
0 0 375 0.16702 -0.07476 0.163776 0.0833875 0 0
0 0 376 -0.0225886 -0.181975 -0.530067 -0.0879723 0 0
0 0 377 0.199097 -0.412538 0.0836054 0.411398 0 0
0 0 378 -0.151297 -0.012712 -0.143827 0.0164547 0 0
0 0 379 0.0417766 -0.184841 -0.552405 -0.0155097 0 0
0 0 380 -0.301621 -0.174081 -0.359223 -0.258065 0 0
0 0 381 0.650791 -0.0038994 -0.0925335 0.0345581 0 0
0 0 382 0.183318 0.0702709 -0.146919 -0.0835199 0 0
0 0 383 0.34502 -0.337169 0.0284517 -0.250687 0 0
0 0 384 -0.454405 -0.220722 0.22855 -0.151172 0 0
0 0 385 0.137495 0.402736 0.139904 0.0144054 0 0
0 0 386 0.31464 -0.0639926 0.315837 -0.428694 0 0
0 0 387 -0.429361 -0.0670096 0.209877 0.524172 0 0
0 0 388 0.0651208 0.158024 0.0782289 0.260541 0 0
0 0 389 0.401311 0.136551 0.0165538 0.256123 0 0
0 0 390 0.234303 0.129193 0.0714099 0.17503 0 0
0 0 391 0.675952 0.214289 0.353267 0.00397502 0 0
0 0 392 0.134098 0.0469539 0.712119 0.266805 0 0
0 0 393 -0.45217 0.242428 -0.0512156 -0.1375 0 0
0 0 394 -0.185987 0.14067 -0.230952 -0.0858175 0 0
0 0 395 0.268083 -0.337479 -0.295214 -0.145874 0 0
0 0 396 0.140184 0.497061 -0.121579 -0.0993009 0 0
0 0 397 -0.134292 0.115449 0.201066 -0.041914 0 0
0 0 398 -0.221173 -0.388907 -0.020442 0.321882 0 0
0 0 399 -0.197605 0.330066 -0.559374 0.0619998 0 0
0 0 400 0.127801 0.142196 0.091775 -0.158221 0 0
0 0 401 -0.36907 -0.22282 0.0891319 0.0987716 0 0
0 0 402 0.135672 -0.355363 -0.518213 -0.206847 0 0
0 0 403 0.0662755 -0.294952 -0.470668 -0.0950041 0 0
0 0 404 0.440705 0.291259 0.147013 -0.234629 0 0
0 0 405 -0.135348 -0.0352124 0.0393862 0.256103 0 0
0 0 406 -0.123428 0.182722 -0.339041 -0.460681 0 0
0 0 407 0.0339501 -0.881112 -0.136017 0.399877 0 0
0 0 408 0.123966 0.186384 -0.260366 0.102757 0 0
0 0 409 0.267973 0.17739 0.302193 0.384169 0 0
0 0 410 -0.295159 0.401944 0.429633 -0.000692135 0 0
0 0 411 -0.289979 -0.13831 0.0821032 0.0898137 0 0
0 0 412 0.265896 -0.541858 0.103974 -0.0846241 0 0
0 0 413 -0.581973 0.256691 -0.18389 0.54933 0 0
0 0 414 -0.15074 0.288549 0.285526 0.580057 0 0
0 0 415 0.387131 0.374553 -0.363122 -0.413297 0 0
0 0 416 -0.0587277 -0.267279 0.756386 0.270791 0 0
0 0 417 -0.590763 0.297088 0.188611 -0.335766 0 0
0 0 418 -0.095428 0.241655 0.0246983 -0.139868 0 0
0 0 419 -0.118064 0.543481 -0.495523 0.112414 0 0
0 0 420 -0.301255 -0.189314 -0.0959302 -0.345695 0 0
0 0 421 0.0262141 -0.159539 -0.477452 0.276676 0 0
0 0 422 0.311396 -0.271777 0.155211 -0.551701 0 0
0 0 423 0.210054 0.0451123 0.0592467 0.0998934 0 0
0 0 424 0.106798 -0.0665632 0.365697 0.0462054 0 0
0 0 425 0.457474 -0.19245 0.302494 0.392998 0 0
0 0 426 -0.00567782 0.114169 0.588225 -0.0704172 0 0
0 0 427 -0.402376 0.157389 -0.372325 0.326655 0 0
0 0 428 0.116192 -0.121612 -0.27147 -0.234935 0 0
0 0 429 -0.362988 0.365633 0.377474 0.46101 0 0
0 0 430 0.111098 0.144053 0.0383739 0.0914763 0 0
0 0 431 0.22946 0.316142 -0.0572008 -0.0265863 0 0
0 0 432 -0.33133 -0.338148 -0.248127 0.0367628 0 0
0 0 433 -0.395471 -0.0919916 -0.354724 0.00441911 0 0
0 0 434 0.0516046 0.372855 -0.506989 0.366272 0 0
0 0 435 0.328724 0.0951028 0.136644 -0.363888 0 0
0 0 436 0.0155792 -0.163086 -0.303842 0.276288 0 0
0 0 437 0.0091335 0.179344 0.0439631 -0.246511 0 0
0 0 438 -0.0224786 0.204946 0.173117 0.255308 0 0
0 0 439 -0.0201978 -0.143408 -0.408027 -0.201893 0 0
0 0 440 -0.0348801 0.0339682 -0.426034 -0.00804211 0 0
0 0 441 -0.0837222 -0.424762 -0.211707 0.131566 0 0
0 0 442 -0.483 0.630827 -0.100054 -0.207041 0 0
0 0 443 0.499956 0.367719 -0.334383 -0.462841 0 0
0 0 444 0.516431 -0.303599 -0.407762 0.0399199 0 0
0 0 445 0.109874 0.35627 0.201523 0.187031 0 0
0 0 446 -0.460338 0.185363 -0.178406 -0.260316 0 0
0 0 447 0.10289 0.157919 -0.470737 0.23809 0 0
0 0 448 0.0773193 -0.221787 -0.281278 -0.162369 0 0
0 0 449 -0.853163 0.134514 -0.200454 -0.235464 0 0
0 0 450 0.147293 0.297733 0.202027 0.0792583 0 0
0 0 451 -0.346481 -0.429904 -0.116461 -0.379864 0 0
0 0 452 -0.466711 0.266354 -0.138121 0.183948 0 0
0 0 453 -0.0973935 0.249044 -0.116069 -0.299006 0 0
0 0 454 -0.75828 0.315633 -0.368348 -0.353078 0 0
0 0 455 0.113939 -0.230791 -0.269024 0.287362 0 0
0 0 456 -0.0680231 0.332652 -0.142661 0.052744 0 0
0 0 457 0.138672 -0.409619 -0.302781 0.166922 0 0
0 0 458 0.0126416 0.107826 0.281696 0.200773 0 0
0 0 459 -0.0308763 0.0300886 -0.127991 -0.680516 0 0
0 0 460 -0.105487 0.111977 0.403258 -0.101841 0 0
0 0 461 0.370443 0.328653 0.176962 0.089729 0 0
0 0 462 0.145368 0.292472 -0.544904 0.418082 0 0
0 0 463 0.393945 -0.507619 0.632403 0.31334 0 0
0 0 464 -0.360795 -0.116582 0.254899 0.689497 0 0
0 0 465 0.259899 -0.481219 0.376428 0.0295366 0 0
0 0 466 0.251008 0.179528 0.216445 -0.712223 0 0
0 0 467 -0.0437449 0.105476 -0.00583562 0.0917791 0 0
0 0 468 -0.0165608 -0.214526 0.307271 -0.0690654 0 0
0 0 469 -0.346073 0.131512 -0.0305926 -0.550459 0 0
0 0 470 -0.513711 -0.347347 -0.199253 -0.347828 0 0
0 0 471 0.338398 0.28971 0.113536 0.0731656 0 0
0 0 472 0.623392 0.381782 0.0986141 0.0574927 0 0
0 0 473 -0.208762 0.737962 0.594179 -0.254518 0 0
0 0 474 -0.106047 -0.645195 -0.122 0.196678 0 0
0 0 475 -0.141464 -0.258123 0.276442 0.313858 0 0
0 0 476 0.198875 -0.229389 0.418199 0.219559 0 0
0 0 477 -0.0775621 -0.725828 0.07033 -0.0381915 0 0
0 0 478 0.216612 0.174668 0.633693 0.176058 0 0
0 0 479 -0.137237 -0.647034 -0.00977232 -0.667471 0 0
0 0 480 -0.399195 0.484534 -0.112341 -0.265013 0 0
0 0 481 0.301008 -0.12758 -0.549066 -0.316094 0 0
0 0 482 -0.117967 -0.105638 -0.298822 -0.219958 0 0
0 0 483 0.188789 -0.468304 -0.116704 0.232392 0 0
0 0 484 0.332916 0.330801 0.373829 -0.196598 0 0
0 0 485 0.18691 -0.242804 0.310318 0.0565401 0 0
0 0 486 0.0970829 -0.478258 -0.487615 -0.135693 0 0
0 0 487 -0.10364 0.121367 -0.338994 0.371056 0 0
0 0 488 -0.0719661 0.388692 0.0455866 -0.156074 0 0
0 0 489 0.253805 0.150677 0.147529 0.0412676 0 0
0 0 490 0.280552 -0.301745 -0.911503 0.0172813 0 0
0 0 491 -0.0166431 0.504819 -0.235317 -0.136403 0 0
0 0 492 0.0517349 -0.109979 0.266054 0.0756818 0 0
0 0 493 0.129351 0.107885 -0.157865 -0.459958 0 0
0 0 494 0.368238 0.49971 0.453371 -0.448701 0 0
0 0 495 0.0412542 -0.345668 0.321495 0.162028 0 0
0 0 496 -0.034305 0.0610974 -0.205348 -0.128803 0 0
0 0 497 -0.392977 0.326331 0.0577533 -0.153096 0 0
0 0 498 1.09222 0.270442 0.0481037 0.195948 0 0
0 0 499 0.127007 0.144547 0.0392493 -0.106286 0 0
0 0 500 -0.423962 -0.0946817 0.384798 -0.0460045 0 0
0 0 501 -0.0406834 -0.620597 0.243031 0.134583 0 0
0 0 502 0.133701 -0.117652 -0.0372969 0.350012 0 0
0 0 503 0.274788 -0.00310004 -0.0850596 -0.085811 0 0
0 0 504 -0.0580303 0.448476 -0.012207 0.150048 0 0
0 0 505 0.29757 -0.159371 0.193404 -0.611284 0 0
0 0 506 -0.0543137 -0.0440136 -0.0490911 0.557313 0 0
0 0 507 0.295872 -0.0911998 0.0171539 -0.010075 0 0
0 0 508 0.181502 -0.324692 -0.0677599 -0.071319 0 0
0 0 509 -0.332866 0.49244 -0.206501 0.186556 0 0
0 0 510 0.301018 0.17566 -0.0900358 -0.109824 0 0
0 0 511 0.572283 0.316824 0.167137 -0.270368 0 0
0 0 512 -0.0308513 0.31289 0.317257 -0.371409 0 0
0 0 513 0.0707741 -0.0669993 -0.0463982 -0.246015 0 0
0 0 514 0.197936 0.233468 0.154489 0.407585 0 0
0 0 515 0.0110387 0.102878 0.386514 -0.27778 0 0
0 0 516 -0.303854 0.174983 0.0124781 -0.261062 0 0
0 0 517 0.0981863 0.119895 0.271546 -0.506085 0 0
0 0 518 -0.141409 -0.786844 -0.131027 -0.0775991 0 0
0 0 519 -0.117725 0.44696 0.00470387 0.137339 0 0
0 0 520 -0.266817 -0.0764129 0.254644 -0.315739 0 0
0 0 521 -0.478308 0.640014 -0.079962 0.334563 0 0
0 0 522 0.425558 -0.095687 0.0419731 -0.541204 0 0
0 0 523 0.307946 -0.526751 -0.0898301 0.0784581 0 0
0 0 524 -0.310008 -0.368401 0.124882 -0.115861 0 0
0 0 525 -0.599737 -0.18445 0.501036 -0.250923 0 0
0 0 526 0.0710086 0.568068 -0.046829 0.086357 0 0
0 0 527 0.00866365 0.710449 0.16396 -0.223087 0 0
0 0 528 0.709532 -0.429641 -0.351695 -0.308054 0 0
0 0 529 0.0787878 0.570306 -0.154946 -0.0432629 0 0
0 0 530 -0.0724982 0.0721705 0.287813 -0.133597 0 0
0 0 531 0.218154 -0.172383 0.206989 0.278917 0 0
0 0 532 0.760825 0.83255 -0.179883 -0.148065 0 0
0 0 533 -0.183845 0.179352 0.0534862 0.00534166 0 0
0 0 534 0.277457 0.162309 0.0454242 -0.218258 0 0
0 0 535 0.664079 0.0531367 0.00938308 0.0966238 0 0
0 0 536 0.237948 0.137406 -0.485748 0.182213 0 0
0 0 537 0.524107 0.240077 0.3905 0.173826 0 0
0 0 538 -0.321368 -0.521144 0.421873 -0.251531 0 0
0 0 539 -0.157554 -0.345044 0.248785 -0.0579028 0 0
0 0 540 -0.155349 0.080597 -0.319517 0.194263 0 0
0 0 541 0.0388554 -0.0559357 0.622278 0.0419926 0 0
0 0 542 0.289643 -0.0508796 -0.753246 -0.574345 0 0
0 0 543 -0.230522 -0.154959 -0.0641771 0.264298 0 0
0 0 544 -0.000657141 0.208598 0.441167 -0.307991 0 0
0 0 545 -0.206777 -0.0480253 -0.0112564 0.695286 0 0
0 0 546 0.325194 -0.171427 0.0229287 0.218296 0 0
0 0 547 -0.221572 -0.171668 -0.362024 -0.0599633 0 0
0 0 548 -0.0638129 -0.422077 0.348968 0.0889908 0 0
0 0 549 0.583508 -0.227762 0.102489 -0.0243791 0 0
0 0 550 -0.32946 -0.0339897 0.0861713 -0.168629 0 0
0 0 551 -0.17427 0.316608 0.326876 -0.020809 0 0
0 0 552 -0.0443534 0.130641 -0.336495 -0.14971 0 0
0 0 553 -0.0510345 0.160764 0.154889 -0.149297 0 0
0 0 554 0.594976 0.223015 0.00644404 -0.0160472 0 0
0 0 555 -0.029893 0.749721 -0.204939 -0.271827 0 0
0 0 556 0.0835146 0.208567 0.620956 0.387282 0 0
0 0 557 0.374777 0.00856557 -0.479034 0.14548 0 0
0 0 558 0.281678 0.582494 -0.286033 -0.492597 0 0
0 0 559 0.0259991 0.552912 0.247146 0.0218213 0 0
0 0 560 0.414425 0.18048 0.524975 0.692962 0 0
0 0 561 -0.0402998 -0.362171 0.0575422 -0.634789 0 0
0 0 562 -0.0925265 0.201921 -0.241833 0.0765215 0 0
0 0 563 0.159744 -0.53901 -0.55681 -0.0903889 0 0
0 0 564 -0.0312182 -0.486152 0.358091 0.0761841 0 0
0 0 565 -0.0506663 0.509519 0.250561 0.413337 0 0
0 0 566 0.371578 0.157061 0.142665 -0.1331 0 0
0 0 567 -0.329883 0.554561 0.432933 0.441508 0 0
0 0 568 -0.256364 -0.0141651 -0.0277977 0.080968 0 0
0 0 569 0.207287 0.0940097 0.025323 0.280343 0 0
0 0 570 -0.0156265 0.0385073 0.223711 0.318419 0 0
0 0 571 -0.251307 -0.175258 -0.496711 -0.294797 0 0
0 0 572 0.0222224 0.260882 0.173948 0.434621 0 0
0 0 573 -0.0211415 -0.103628 -0.485051 0.0724695 0 0
0 0 574 0.114987 -0.168373 -0.418409 -0.598211 0 0
0 0 575 0.0238843 0.445614 -0.444976 0.314394 0 0
0 0 576 0.275263 0.0915221 0.0571718 -0.341272 0 0
0 0 577 -0.344105 0.130712 -0.226852 -0.0969596 0 0
0 0 578 0.188645 0.070193 -0.162241 0.556107 0 0
0 0 579 -0.191373 0.022582 0.607092 0.153586 0 0
0 0 580 0.0954817 -0.397414 -0.123797 -0.0139672 0 0
0 0 581 0.146763 -0.234187 0.0165969 0.0944241 0 0
0 0 582 -0.0325056 0.535571 0.565588 -0.0650932 0 0
0 0 583 0.325101 -0.132276 0.284263 0.592764 0 0
0 0 584 -0.00142078 0.0191108 0.210574 -0.288709 0 0
0 0 585 -0.315736 0.22348 -0.493608 -0.0602482 0 0
0 0 586 -0.157889 -0.632304 -0.653626 0.554873 0 0
0 0 587 -0.0454781 -0.255032 0.324966 -0.221438 0 0
0 0 588 0.362197 -0.191164 0.0920844 -0.0162556 0 0
0 0 589 -0.296804 -0.43046 0.00787908 -0.0886964 0 0
0 0 590 0.0124444 -0.0408706 0.405401 -0.206769 0 0
0 0 591 0.442451 -0.35089 0.174763 -0.295453 0 0
0 0 592 0.0425885 0.0861983 -0.195213 0.511978 0 0
0 0 593 -0.113813 0.444357 0.110574 0.277533 0 0
0 0 594 0.43186 -0.0432159 -0.514718 0.308433 0 0
0 0 595 0.204303 -0.234454 0.042929 -0.0290061 0 0
0 0 596 0.172795 0.686197 -0.836318 -0.0368571 -25.3156 8.25219
0 0 597 -0.0601696 0.0611147 0.006074 -0.0796501 0 0
0 0 598 0.366052 0.216053 -0.64051 -0.222065 0 0
0 0 599 -0.272675 -0.128055 0.372004 0.194582 0 0
0 0 600 0.192459 0.0930806 0.567019 -0.295261 0 0
0 0 601 0.358145 0.185204 -0.595159 0.361605 0 0
0 0 602 -0.686694 -0.14587 -0.664269 0.0656249 0 0
0 0 603 -0.222087 0.0380954 0.391928 0.513142 0 0
0 0 604 -0.149952 -0.640144 0.635931 -0.222728 0 0
0 0 605 0.135735 -0.154881 -0.145974 -0.124726 0 0
0 0 606 -1.41193 0.487728 -0.42943 -0.0245657 0 0
0 0 607 0.637539 -0.430866 0.288238 0.279301 0 0
0 0 608 0.0120247 -0.339416 0.143662 -0.0506447 0 0
0 0 609 -0.152194 0.102647 -0.00550076 0.368347 0 0
0 0 610 0.237162 -0.0129543 0.0697319 0.110364 0 0
0 0 611 0.18434 -0.436217 -0.00624632 -0.0055129 0 0
0 0 612 0.127657 -0.220713 -0.00394009 0.0258484 0 0
0 0 613 -0.0706371 -0.24587 0.145984 0.0816268 0 0
0 0 614 -0.089779 -0.596588 0.610485 -0.26191 0 0
0 0 615 0.464735 -0.165885 -0.249025 0.175209 0 0
0 0 616 0.547974 0.169566 0.482986 -0.374487 0 0
0 0 617 -0.238214 -0.757367 -0.13603 -0.36574 0 0
0 0 618 0.129277 0.262893 0.672646 0.247814 0 0
0 0 619 0.10171 -0.418731 -0.250939 -0.0275403 0 0
0 0 620 0.623771 0.187332 0.135902 0.132393 0 0
0 0 621 0.416926 0.384645 -0.375841 0.0915716 0 0
0 0 622 0.3444 0.116167 -0.291785 -0.116275 0 0
0 0 623 -0.253615 0.353478 0.120777 0.355266 0 0
0 0 624 -0.177324 0.136286 -0.779731 -0.588755 0 0
0 0 625 0.059949 -0.102434 0.787739 0.217306 0 0
0 0 626 -0.15029 -0.240707 0.124868 -0.205822 0 0
0 0 627 0.243029 0.360478 -0.0108234 0.246832 0 0
0 0 628 0.18412 0.240171 -0.646093 0.433364 0 0
0 0 629 0.0731892 -0.440842 -0.120031 0.0232977 0 0
0 0 630 0.294058 0.299629 -0.0220042 0.115157 0 0
0 0 631 -0.239389 -0.0667695 0.053822 0.165472 0 0
0 0 632 0.140496 -0.216285 0.0148618 -0.359739 0 0
0 0 633 -0.246689 -0.127636 1.02336 0.00599671 0 0
0 0 634 -0.550672 0.236301 0.057321 0.229351 0 0
0 0 635 -0.0931698 0.0453354 0.579346 0.320018 0 0
0 0 636 0.0887574 0.0571039 -0.0441715 0.0427462 0 0
0 0 637 -0.179384 -0.119238 0.314153 0.103163 0 0
0 0 638 0.0692064 -0.469523 0.0432099 0.0730359 0 0
0 0 639 0.179732 0.0750532 0.0802526 0.00963697 0 0
0 0 640 -0.0564473 0.140486 0.0253055 -0.480103 0 0
0 0 641 0.161792 0.826622 -0.131518 0.193099 0 0
0 0 642 0.29096 0.520942 0.172616 -0.32231 0 0
0 0 643 0.449358 -0.0859987 0.445094 -0.285851 0 0
0 0 644 0.116753 0.617949 -0.12281 -0.252791 0 0
0 0 645 -0.0174066 0.476336 0.00257874 -0.22531 0 0
0 0 646 -0.836236 -0.0884532 -0.093922 0.0104095 0 0
0 0 647 0.159656 0.197289 0.0668284 -0.0743769 0 0
0 0 648 0.745484 0.00390002 0.235066 0.739551 0 0
0 0 649 -0.638099 0.341261 -0.397522 -0.375736 0 0
0 0 650 -0.0528269 0.35875 0.251669 -0.0994303 0 0
0 0 651 0.623124 0.269874 0.0964643 0.0671475 0 0
0 0 652 -0.265973 0.505369 -0.0824477 0.413165 0 0
0 0 653 0.20529 0.355765 -0.580513 -0.0769259 0 0
0 0 654 0.0784639 -0.0717058 0.0509828 0.0749733 0 0
0 0 655 -0.193581 -0.23506 -0.024477 -0.0380227 0 0
0 0 656 0.32367 -0.398708 0.13193 0.280126 0 0
0 0 657 -0.328333 -0.0156722 0.175362 -0.0680438 0 0
0 0 658 0.702467 -0.445755 -0.0612609 0.0372088 0 0
0 0 659 -0.158885 0.694972 0.295388 0.172977 0 0
0 0 660 -0.150515 0.0131482 0.101688 -0.269802 0 0
0 0 661 0.289874 0.245508 0.652118 0.37059 0 0
0 0 662 0.213074 0.293705 -0.466977 -0.0117062 0 0
0 0 663 -0.276365 -0.865097 0.410133 -0.114154 0 0
0 0 664 0.0131592 -0.388437 0.589314 -0.389846 0 0
0 0 665 -0.376904 0.149815 -0.145829 0.132466 0 0
0 0 666 -0.180812 0.0818452 0.066322 0.130373 0 0
0 0 667 -0.0584556 -0.199038 0.102225 0.046392 0 0
0 0 668 -0.33622 -0.391471 0.0807491 0.0188875 0 0
0 0 669 0.219305 0.579806 0.178152 0.101262 0 0
0 0 670 0.0994046 0.221633 -0.332662 -0.520632 0 0
0 0 671 -0.417055 0.511309 0.319023 0.395158 0 0
0 0 672 0.646599 0.00727597 0.317738 0.00644707 0 0
0 0 673 0.333138 0.101157 0.281586 0.0218572 0 0
0 0 674 0.104151 -0.55323 0.121208 -0.506124 0 0
0 0 675 0.715344 0.178877 0.263066 0.0771473 0 0
0 0 676 0.612593 0.16359 0.251642 -0.0646901 0 0
0 0 677 0.137503 0.155301 -0.00303676 0.0466952 0 0
0 0 678 -0.00126489 0.181598 -0.082015 -0.00822954 0 0
0 0 679 -0.250676 0.097808 -0.108561 0.426858 0 0
0 0 680 0.00710879 -0.126316 0.0305706 0.0748613 0 0
0 0 681 -0.198522 -0.108677 0.544567 0.10322 0 0
0 0 682 -0.184596 0.199975 0.202125 0.239781 0 0
0 0 683 0.7411 -0.655578 0.0467515 -0.357996 0 0
0 0 684 -0.398477 0.100718 0.0310585 0.533947 0 0
0 0 685 -0.443547 0.0104138 0.619249 0.170413 0 0
0 0 686 -0.178183 -0.0160187 0.267927 0.200983 0 0
0 0 687 -0.348023 0.115613 0.00626695 -0.401031 0 0
0 0 688 0.086978 0.299217 0.351271 0.138929 0 0
0 0 689 0.33131 0.0932206 -0.80426 0.304053 0 0
0 0 690 0.435885 0.330049 -0.312747 0.152661 0 0
0 0 691 0.238609 -0.143742 0.666797 0.105363 0 0
0 0 692 0.284618 -0.172479 -0.460643 0.382946 0 0
0 0 693 0.403209 -0.29811 -0.0820138 0.0974954 0 0
0 0 694 -0.0510588 -0.221915 -0.575444 -0.278902 0 0
0 0 695 0.057464 -0.369746 -0.0327671 -0.288375 0 0
0 0 696 -0.378049 0.624212 0.456783 -0.318092 0 0
0 0 697 -0.108727 -0.0934416 0.0984885 0.0175497 0 0
0 0 698 0.646299 -0.0273194 -0.0923366 0.00480471 0 0
0 0 699 -0.168837 -0.138631 -0.183017 0.498584 0 0
0 0 700 0.458066 -0.0946518 0.0663314 0.0468106 0 0
0 0 701 0.10142 0.272311 0.0243818 -0.205159 0 0
0 0 702 0.0595097 0.0797148 0.000897071 0.603314 0 0
0 0 703 -0.452052 -0.038105 0.124528 0.111262 0 0
0 0 704 -0.289374 0.496494 0.63938 -0.256858 0 0
0 0 705 -0.172434 0.40691 0.560059 -0.678919 0 0
0 0 706 0.433816 0.0692987 -0.270716 0.447643 0 0
0 0 707 0.0692652 0.0888631 -0.184641 0.0869286 0 0
0 0 708 -0.341555 0.288468 0.826196 -0.161342 0 0
0 0 709 0.305431 -0.42582 0.131752 -0.239824 0 0
0 0 710 0.223547 0.333294 0.022056 -0.471448 0 0
0 0 711 0.0522474 0.149659 0.246057 0.336924 0 0
0 0 712 -0.104165 -0.267734 0.122796 0.362286 0 0
0 0 713 0.551314 -0.275822 0.427251 0.735357 0 0
0 0 714 0.140435 -0.0812451 0.162595 -0.0715874 0 0
0 0 715 0.473752 -0.138506 0.291208 -0.565023 0 0
0 0 716 -0.133064 0.122627 0.021438 -0.179057 0 0
0 0 717 -0.0150473 0.548374 0.370103 -0.209473 0 0
0 0 718 0.248463 0.651266 -0.0316933 0.029879 0 0
0 0 719 0.160424 -0.441197 -0.0610624 0.242624 0 0
0 0 720 0.0707902 -0.189012 0.253298 -0.549899 0 0
0 0 721 0.180405 -0.0883551 -0.406627 -0.0151497 0 0
0 0 722 -0.118143 -0.17242 0.125821 -0.352121 0 0
0 0 723 -0.438968 -0.116241 0.585027 0.55219 0 0
0 0 724 -0.451341 -0.227498 -0.105104 0.0555618 0 0
0 0 725 0.131494 0.0819257 0.114635 0.0559983 0 0
0 0 726 0.146556 0.0198351 0.451392 0.224226 0 0
0 0 727 0.24871 0.198983 -0.600833 -0.298939 0 0
0 0 728 0.0830822 -0.342035 -0.408842 -0.219374 0 0
0 0 729 0.398794 -0.437843 0.408493 0.182799 0 0
0 0 730 0.167103 0.135335 -0.104037 0.13676 0 0
0 0 731 0.362342 -0.478708 0.424979 -0.00569798 0 0
0 0 732 0.0847643 -0.139396 0.0174242 0.0653513 0 0
0 0 733 0.179626 0.472642 -0.511669 -0.113252 0 0
0 0 734 -0.0792105 -0.47591 0.246313 -0.0163641 0 0
0 0 735 0.1121 -0.147558 0.0306022 0.0529983 0 0
0 0 736 -0.348959 0.164625 0.192117 -0.486971 0 0
0 0 737 0.401894 0.0043298 -0.0654007 -0.172034 0 0
0 0 738 0.0622608 0.142842 -0.0924155 0.296197 0 0
0 0 739 0.330488 0.00562428 0.637334 0.118808 0 0
0 0 740 -0.0687727 0.216345 0.230525 -0.0029573 0 0
0 0 741 0.415009 0.234325 0.449644 0.644597 0 0
0 0 742 -0.226266 -0.0620169 0.542897 0.0372668 0 0
0 0 743 -0.136865 0.206202 -0.319595 -0.0159053 0 0
0 0 744 0.344381 -0.502397 0.246568 0.223804 0 0
0 0 745 0.148482 0.101616 0.0998061 0.407468 0 0
0 0 746 0.497219 -0.067474 -0.552734 0.244432 0 0
0 0 747 0.301543 0.0812203 -0.0324737 0.367508 0 0
0 0 748 0.139203 0.101105 -0.224197 -0.485558 0 0
0 0 749 0.318283 -0.452381 -0.57603 -0.149983 0 0
0 0 750 0.294086 0.285685 0.256389 0.0868397 0 0
0 0 751 0.465182 -0.200646 0.164774 0.339788 0 0
0 0 752 0.25093 -0.317583 0.0605551 0.652511 0 0
0 0 753 0.00837737 0.259518 0.0413002 0.0483829 0 0
0 0 754 -0.274773 0.161863 0.274897 0.146026 0 0
0 0 755 0.183562 -0.343385 0.22946 0.534824 0 0
0 0 756 0.0615269 -0.307502 -0.102334 0.33584 0 0
0 0 757 0.240168 0.479373 0.577704 0.315973 0 0
0 0 758 -0.238432 0.129502 -0.278616 -0.280774 0 0
0 0 759 0.35955 -0.0209515 0.310869 -0.363541 0 0
0 0 760 -0.00661395 0.358865 -0.135033 -0.291996 0 0
0 0 761 0.241905 -0.314609 0.11188 -0.108963 0 0
0 0 762 0.363491 -0.540707 0.111016 -0.0512282 0 0
0 0 763 -0.338122 -0.0928998 -0.122664 0.48784 0 0
0 0 764 0.415594 -0.342407 0.0399865 -0.492602 0 0
0 0 765 0.356401 0.00520627 0.160285 -0.0943593 0 0
0 0 766 0.213114 -0.664269 0.0301733 0.180106 0 0
0 0 767 0.595497 -0.0624002 -0.137286 -0.354958 0 0
0 0 768 0.105278 -0.0194231 -0.394443 0.0454444 0 0
0 0 769 -0.425644 0.340419 -0.319154 -0.329671 0 0
0 0 770 0.0998372 0.0960459 0.131468 -0.28326 0 0
0 0 771 -0.316487 -0.112482 0.0369172 -0.566017 0 0
0 0 772 0.456396 -0.314038 0.18674 0.00444423 0 0
0 0 773 0.604158 0.0095934 -0.383428 -0.676865 0 0
0 0 774 0.361587 0.303567 -0.0676135 0.218219 0 0
0 0 775 0.926787 0.00117555 -0.145005 0.37817 0 0
0 0 776 0.27436 -0.437949 0.0930663 -0.127412 0 0
0 0 777 0.718116 -0.234028 -0.53873 0.00149352 0 0
0 0 778 -0.00258923 0.422442 0.17852 -0.238846 0 0
0 0 779 0.00186246 -0.231003 0.210345 0.389697 0 0
0 0 780 0.299202 0.117759 0.0769933 0.160979 0 0
0 0 781 -0.00251128 0.323488 0.031892 -0.075755 0 0
0 0 782 -0.28752 0.146491 -0.0441023 -0.335592 0 0
0 0 783 0.466225 -0.284606 -0.311333 -0.321812 0 0
0 0 784 -0.000265088 -0.100673 -0.336746 -0.0990357 0 0
0 0 785 0.0832504 -0.115794 -0.160179 0.00685481 0 0
0 0 786 0.291291 -0.421925 0.0811777 -0.202182 0 0
0 0 787 0.56704 0.220198 0.183842 -0.231211 0 0
0 0 788 0.423117 -0.235248 -0.686808 0.205251 0 0
0 0 789 0.314114 -0.349695 0.0934116 -0.341029 0 0
0 0 790 0.159315 0.474775 0.275328 0.688094 0 0
0 0 791 0.737345 -0.273021 -0.0444931 -0.103486 0 0
0 0 792 -0.023863 0.109406 -0.0819752 0.108126 0 0
0 0 793 0.00268731 0.0817369 -0.580998 -0.126244 0 0
0 0 794 0.86597 -0.654561 -0.0826234 0.375673 0 0
0 0 795 0.312229 -0.392301 -0.954824 -0.119134 0 0
0 0 796 0.986578 0.532628 -0.59899 -0.122727 0 0
0 0 797 0.952556 -0.172017 -0.389634 0.145547 0 0
0 0 798 1.54482 0.152331 -0.568549 0.158012 0 0
0 0 799 1.42588 0.118133 -0.842325 0.135237 0 0
0 0 800 1.95312 -0.0837115 -0.245422 0.407547 0 0
0 0 801 1.80885 -0.514437 -0.780906 -0.445781 0 0
0 0 802 1.74717 -0.130851 -0.644005 -0.160466 0 0
0 0 803 1.49519 -0.396365 -1.40664 -0.0163937 -52.8684 6.04746
0 0 804 1.96156 -0.193355 -0.761348 -0.563577 0 0
0 0 805 2.2959 -0.105619 -1.32617 -0.482736 -47.2768 6.62933
0 0 806 2.07757 0.398403 -1.21821 0.0309887 -35.9451 6.9003
0 0 807 2.55834 0.0541 -1.02693 -0.0339159 0 0
0 0 808 2.54109 0.0622847 -1.25439 -0.34359 -43.5787 7.02136
0 0 809 2.64624 -0.0432789 -0.87425 0.0088117 0 0
0 0 810 2.85998 -0.507332 -1.63256 0.0383029 -53.6315 5.17194
0 0 811 2.93495 -0.336404 -1.87491 -0.0371546 -50.086 4.63358
0 0 812 3.49668 -0.260796 -1.84224 -0.0879589 -49.0288 4.74205
0 0 813 3.32327 -0.690979 -2.32553 0.128412 -53.2741 3.6438
0 0 814 4.12299 -1.02554 -2.42753 0.269399 -56.4512 3.36175
0 0 815 4.851 -0.863222 -2.57302 -0.351209 -54.273 3.25922
0 0 816 5.1652 -0.710793 -3.00347 -0.0148577 -51.6573 2.86163
0 0 817 4.6027 -0.161889 -2.60813 -0.277707 -46.7759 3.37477
0 0 818 5.37628 -0.560584 -2.93731 0.495266 -50.4025 2.95196
0 0 819 4.9451 -0.654967 -3.42918 0.380442 -50.4066 2.52848
0 0 820 5.46845 -0.608097 -3.45617 -0.288069 -49.9894 2.51504
0 0 821 5.58942 -1.36838 -3.15511 -0.0874673 -56.7233 2.57657
0 0 822 5.05152 -1.23486 -3.89384 0.168473 -53.7978 2.1647
0 0 823 5.33896 -1.29462 -3.54911 0.372006 -55.0203 2.34255
0 0 824 5.05511 -1.62958 -3.1869 0.34546 -58.5412 2.47929
0 0 825 5.21614 -1.02033 -3.25558 0.147098 -53.7007 2.5917
0 0 826 5.19892 -1.23044 -3.28795 0.385676 -55.2586 2.52127
0 0 827 4.86963 -1.10364 -2.55067 -0.204724 -56.6987 3.18826
0 0 828 5.13764 -1.57807 -2.7912 0.00695506 -59.7414 2.77064
0 0 829 4.90547 -1.0911 -3.29477 -0.142414 -54.1614 2.54838
0 0 830 4.90818 -1.72333 -3.14597 0.515453 -59.3567 2.47576
0 0 831 4.63874 -0.854673 -3.01084 -0.265961 -52.9237 2.82387
0 0 832 4.93356 -0.860924 -2.37597 0.0464303 -54.9589 3.50177
0 0 833 5.36128 -1.28759 -3.39095 -0.147115 -55.3962 2.44051
0 0 834 4.78574 -1.89014 -2.86993 -0.0345278 -61.6845 2.58994
0 0 835 5.18505 -1.65516 -3.18242 -0.491218 -58.7393 2.47437
0 0 836 4.34522 -1.3494 -3.24621 -0.172992 -56.2859 2.51969
0 0 837 5.19121 -1.09009 -3.32578 -0.338133 -54.0738 2.52702
0 0 838 5.13608 -0.654067 -3.81902 -0.392848 -49.8593 2.27778
0 0 839 5.15047 -0.380317 -2.96617 0.491161 -48.6533 2.95011
0 0 840 4.99098 -1.07179 -3.66771 -0.35697 -53.1448 2.31327
0 0 841 5.44514 -0.745483 -3.36774 -0.222309 -51.2409 2.56012
0 0 842 4.93962 -1.45336 -3.80244 -0.591075 -55.4589 2.17469
0 0 843 5.22179 -1.1533 -3.3021 0.585258 -54.6262 2.5295
0 0 844 5.57676 -1.55615 -3.51863 -0.0286612 -56.929 2.30349
0 0 845 4.78074 -1.14925 -3.35432 0.0444559 -54.4562 2.49496
0 0 846 5.63314 -1.22876 -3.67058 -0.00142681 -54.2542 2.28514
0 0 847 5.5976 -1.63699 -4.04547 -0.112694 -56.0153 2.02931
0 0 848 5.69897 -1.14184 -3.9422 -0.0677508 -53.0767 2.1536
0 0 849 6.21398 -1.00483 -3.80485 -0.0908904 -52.3968 2.2452
0 0 850 7.0194 -1.98023 -4.4614 0.0344918 -56.9672 1.8157
0 0 851 7.99626 -1.6349 -4.67808 -0.146408 -54.6317 1.78537
0 0 852 7.95306 -1.80112 -5.22188 -0.31024 -54.5151 1.60158
0 0 853 7.86969 -2.45036 -5.15026 0.175 -57.7219 1.55487
0 0 854 7.9672 -1.77867 -5.99175 0.137995 -53.2668 1.41434
0 0 855 8.83348 -2.41613 -5.76591 0.182748 -56.3678 1.41699
0 0 856 9.11313 -2.83335 -6.07232 0.0744492 -57.5069 1.3232
0 0 857 9.8624 -3.05644 -6.3686 0.0815106 -57.8187 1.25549
0 0 858 10.4927 -2.60489 -6.82549 -0.329375 -55.4445 1.21173
0 0 859 10.921 -2.67561 -7.501 0.0245162 -54.8157 1.11108
0 0 860 12.0366 -2.7063 -7.45981 -0.538186 -54.97 1.11517
0 0 861 12.5291 -2.89969 -8.58253 -0.102422 -54.334 0.976443
0 0 862 13.8504 -3.60071 -9.00147 -0.444422 -55.901 0.913407
0 0 863 14.1261 -4.8049 -9.08087 -0.641234 -58.9422 0.86409
0 0 864 15.5898 -4.74329 -9.72008 -0.385621 -58.0059 0.820128
0 0 865 15.5762 -4.4595 -9.88644 -0.537117 -57.1394 0.817275
0 0 866 15.7742 -4.58971 -10.3428 -0.0595219 -56.9648 0.783235
0 0 867 16.3944 -4.77413 -9.93823 -0.242041 -57.8294 0.804404
0 0 868 16.7016 -5.77109 -9.79397 -0.431054 -60.2543 0.781858
0 0 869 16.7004 -5.21049 -10.4067 -0.67728 -58.2982 0.762353
0 0 870 16.657 -5.35104 -9.60322 -0.350013 -59.5636 0.807971
0 0 871 16.1313 -5.97956 -8.70252 -0.0976157 -62.2466 0.84338
0 0 872 16.158 -6.12629 -8.40256 -0.379929 -63.0479 0.85705
0 0 873 15.6229 -5.46918 -7.70723 0.230956 -62.6801 0.942691
0 0 874 16.1083 -6.25937 -6.8022 -0.239773 -66.3101 0.967385
0 0 875 16.3507 -5.30905 -6.84751 -0.397441 -63.8937 1.02948
0 0 876 16.9903 -5.8859 -6.06436 -0.574859 -67.0722 1.05899
0 0 877 17.4325 -6.26815 -5.78238 -0.603786 -68.6542 1.05119
0 0 878 18.5781 -6.92798 -5.37375 -0.515012 -71.1004 1.02501
0 0 879 19.4236 -6.99185 -4.91351 -0.27996 -72.4512 1.05307
0 0 880 20.5243 -6.82405 -5.29294 -0.653709 -71.1009 1.04064
0 0 881 22.0613 -6.42696 -4.31696 -0.402076 -73.0555 1.16303
0 0 882 24.5209 -6.95652 -3.92821 0.337995 -75.2737 1.12943
0 0 883 26.7902 -6.56583 -3.76753 -1.11593 -75.0762 1.19174
0 0 884 29.5104 -6.58745 -4.25322 -1.04812 -73.5757 1.14892
0 0 885 32.868 -6.56963 -3.9907 -0.653176 -74.3618 1.17287
0 0 886 35.9753 -6.03684 -3.01174 -0.700981 -76.7429 1.33914
0 0 887 39.0478 -4.14876 -2.08319 -0.469043 -76.6688 1.94593
0 0 888 42.3725 -2.43732 -0.28625 -0.589611 -86.6508 3.70154
0 0 889 46.4532 -0.485668 1.16088 -0.302317 56.3513 7.03955
0 0 890 51.3586 1.16048 3.55865 0.165637 35.9694 2.36276
0 0 891 57.2408 3.05532 5.46147 0.709912 30.388 1.41942
0 0 892 63.5617 5.67664 9.15388 0.846461 29.0978 0.825674
0 0 893 69.9257 9.37878 12.1173 0.578383 26.1301 0.582118
0 0 894 76.4573 10.889 15.0047 0.584653 27.0157 0.480689
0 0 895 81.833 14.4143 17.9957 1.04683 25.6529 0.387049
0 0 896 85.9317 16.6679 20.3229 1.23905 25.3215 0.339645
0 0 897 87.9479 17.1502 21.2063 1.79291 25.5183 0.327255
0 0 898 89.713 18.608 21.6381 1.34895 24.6528 0.313026
0 0 899 87.2349 17.9447 20.4457 2.01858 24.3637 0.328488
0 0 900 84.4197 17.6062 18.9309 1.87262 23.5382 0.345955
0 0 901 78.8748 15.5394 16.8221 1.89303 23.6349 0.390504
0 0 902 72.6247 14.2642 14.8149 1.9852 23.0425 0.435117
0 0 903 66.1717 11.9883 12.445 1.6795 23.0354 0.517858
0 0 904 59.4037 10.6351 10.4691 1.54527 22.2747 0.600116
0 0 905 53.7369 8.72424 9.08389 1.23337 23.0785 0.710464
0 0 906 47.2264 6.47223 7.73382 0.788841 25.0374 0.885479
0 0 907 42.4025 5.84459 5.74987 0.882686 22.266 1.09233
0 0 908 37.6944 4.59795 4.55452 0.487088 22.3641 1.38367
0 0 909 33.9048 3.1804 3.61362 0.223303 24.3243 1.85641
0 0 910 31.9852 1.92431 2.51665 0.269872 26.2987 2.81505
0 0 911 28.8437 1.59859 2.03111 -0.341861 25.8977 3.45174
0 0 912 26.4814 0.839554 1.74961 -0.278197 32.183 4.57011
0 0 913 25.4094 0.405504 1.38982 0.177938 36.8672 6.10538
0 0 914 23.6984 -0.253075 0.603166 0.0506965 0 0
0 0 915 23.2353 -0.361366 0.413848 -0.165975 0 0
0 0 916 22.4704 -0.597524 0.29462 -0.672219 0 0
0 0 917 21.3605 -0.680226 0.512486 -0.514517 0 0
0 0 918 21.5299 -0.618293 -0.0235369 -0.539448 0 0
0 0 919 20.0105 -1.08699 -0.386893 -1.1269 -80.2039 7.85027
0 0 920 20.2365 -1.28708 0.59673 -0.595838 77.5631 6.37232
0 0 921 19.6327 -1.56161 -0.542321 -1.06897 -80.4244 5.47988
0 0 922 18.9819 -1.33374 -0.336733 -1.06616 -82.9152 6.59465
0 0 923 19.0615 -1.76118 0.114008 -1.37275 88.1481 5.14847
0 0 924 18.6123 -1.93642 -0.0330408 -1.38177 -89.5112 4.6922
0 0 925 18.3959 -1.7984 -0.317433 -1.63136 -84.995 4.97176
0 0 926 17.6356 -1.92116 -0.16776 -1.66554 -87.5047 4.71121
0 0 927 17.796 -2.22545 -0.301397 -2.34934 -86.1436 4.04435
0 0 928 17.8725 -1.53678 0.066043 -1.51984 88.7696 5.90755
0 0 929 17.2186 -2.34783 -0.198599 -1.80331 -87.5825 3.85601
0 0 930 16.7872 -2.47517 0.173085 -1.62555 87.9999 3.66199
0 0 931 16.9371 -1.83413 -0.127617 -1.82203 -88.0099 4.94199
0 0 932 16.6959 -2.33558 -0.0710249 -2.13882 -89.1291 3.88898
0 0 933 16.3928 -1.98878 0.288188 -1.75733 85.8774 4.51942
0 0 934 16.0832 -2.2863 0.224653 -1.88805 87.194 3.95459
0 0 935 15.7578 -1.75194 0.778813 -2.1424 78.0164 4.71693
0 0 936 15.058 -2.59915 0.559831 -2.47563 83.9224 3.4135
0 0 937 15.293 -1.99799 0.31309 -2.08734 85.547 4.49032
0 0 938 15.0061 -2.38813 0.430843 -1.79306 84.8866 3.74135
0 0 939 14.3369 -2.23247 0.830038 -1.75553 79.8024 3.80183
0 0 940 14.2677 -2.82514 0.226906 -2.72984 87.704 3.20572
0 0 941 13.7783 -2.77341 0.901071 -3.02653 81.0006 3.10757
0 0 942 13.4361 -2.50096 0.535361 -2.01451 83.9587 3.54854
0 0 943 13.2837 -1.96775 0.974302 -1.71336 76.8292 4.11478
0 0 944 13.2252 -2.55578 0.850325 -2.42669 80.7987 3.36397
0 0 945 12.4428 -2.66471 0.128807 -2.17843 88.6163 3.40609
0 0 946 12.1498 -2.78844 0.645361 -1.94169 83.4844 3.17032
0 0 947 12.8037 -2.63534 0.65659 -1.85932 83.0049 3.34029
0 0 948 11.1733 -2.36022 0.588358 -1.51048 83.0013 3.72953
0 0 949 10.9674 -2.16098 1.14555 -2.10758 76.0359 3.69157
0 0 950 11.1758 -2.53571 0.79111 -1.95167 81.3364 3.41227
0 0 951 10.234 -2.67789 1.04772 -1.99075 79.3161 3.14795
0 0 952 9.87714 -2.66001 0.917929 -1.71115 80.4806 3.21938
0 0 953 8.79285 -2.18074 1.51597 -2.06243 72.5972 3.38886
0 0 954 8.96041 -1.82519 0.511313 -0.778944 82.1751 4.78412
0 0 955 8.37617 -2.84024 1.25754 -1.21847 78.0591 2.91155
0 0 956 8.14092 -2.0801 0.940468 -0.972598 77.8355 3.96098
0 0 957 7.68577 -2.0847 0.649758 -0.904207 81.3444 4.15089
0 0 958 7.49859 -2.20805 0.643373 -1.347 81.8776 3.94224
0 0 959 7.21503 -1.5586 0.466793 -0.904202 81.6636 5.57196
0 0 960 7.25947 -1.56289 0.223105 -1.42457 85.9379 5.7528
0 0 961 6.4399 -1.91618 0.915027 -0.434038 77.2372 4.25628
0 0 962 6.86894 -1.44935 0.871313 -0.793907 74.4934 5.33185
0 0 963 6.04808 -1.86905 0.64081 -1.15898 80.5377 4.58511
0 0 964 5.57367 -2.01302 0.568502 -0.953473 82.1148 4.33502
0 0 965 5.60698 -1.93814 0.389061 -0.687123 84.3247 4.59183
0 0 966 5.04442 -1.77715 0.800052 -0.901199 77.8816 4.63975
0 0 967 4.98482 -1.33917 0.646015 -1.19319 77.1237 6.07806
0 0 968 4.47445 -1.86265 -0.437751 -0.327334 -83.3873 4.74211
0 0 969 3.9043 -1.58802 0.347923 -0.709744 83.8211 5.58242
0 0 970 4.4314 -1.37925 0.184799 -0.521785 86.1843 6.52698
0 0 971 4.00975 -1.3957 0.536311 0.356766 79.4901 6.05487
0 0 972 3.57741 -1.04659 1.22369 -0.144228 65.2698 5.54754
0 0 973 3.08767 -0.571988 0.338408 -0.545662 0 0
0 0 974 3.07707 -0.371758 0.732139 -0.442964 0 0
0 0 975 3.69122 -0.996791 0.382433 -1.23 79.505 8.47976
0 0 976 2.86201 -0.348814 0.81377 -0.314065 0 0
0 0 977 2.84965 -0.600756 0.547904 -0.0802761 0 0
0 0 978 2.75023 -0.32795 -0.0492628 -0.539655 0 0
0 0 979 3.03676 -0.338765 0.722799 -0.140669 0 0
0 0 980 2.49152 -0.630085 0.149094 -0.273252 0 0
0 0 981 2.45247 -0.449492 -0.123328 -0.170516 0 0
0 0 982 1.66588 -0.779904 0.303706 0.107067 0 0
0 0 983 1.82105 -0.604786 -0.148436 0.469734 0 0
0 0 984 2.59768 -0.0840832 0.27806 -0.118221 0 0
0 0 985 2.03299 0.0623673 -0.0991928 0.118656 0 0
0 0 986 1.32182 -0.240822 0.189766 0.177191 0 0
0 0 987 2.4421 0.219939 0.588485 0.0678836 0 0
0 0 988 1.72256 -0.256082 0.527708 -0.552929 0 0
0 0 989 2.3116 -0.177281 0.109761 0.0721225 0 0
0 0 990 1.4915 -0.0978616 0.227203 0.0427435 0 0
0 0 991 1.4958 -0.319852 0.70437 -0.120107 0 0
0 0 992 1.17122 -0.38143 -0.185616 -0.424391 0 0
0 0 993 1.15364 0.608193 0.31628 0.290615 0 0
0 0 994 1.23225 -0.0121931 0.429923 -0.197851 0 0
0 0 995 1.2088 0.0693622 0.122955 -0.421454 0 0
0 0 996 1.37582 -0.397712 0.10448 -0.255032 0 0
0 0 997 1.59753 0.128984 0.39677 0.132728 0 0
0 0 998 1.32914 0.302578 0.454634 0.1223 0 0
0 0 999 1.24735 0.188027 0.312013 -0.754512 0 0
0 0 1000 1.21993 -0.0336673 0.278701 -0.65294 0 0
0 0 1001 1.26186 -0.228774 0.80705 -0.365556 0 0
0 0 1002 1.31858 0.675838 0.238625 -0.390869 0 0
0 0 1003 1.53258 0.120378 0.221255 -0.501255 0 0
0 0 1004 1.38858 0.266887 0.460707 0.33029 0 0
0 0 1005 1.43418 0.255082 0.320647 0.404908 0 0
0 0 1006 1.25126 0.343249 0.446442 -0.0735367 0 0
0 0 1007 1.74801 0.690254 0.562868 0.332937 0 0
0 0 1008 1.0716 -0.0455078 1.05433 0.313519 46.2358 8.35603
0 0 1009 1.12031 0.788539 0.488119 0.803311 0 0
0 0 1010 1.52286 0.499929 0.578836 -0.199759 0 0
0 0 1011 1.93609 0.220181 1.17998 0.0925661 39.7151 7.35367
0 0 1012 1.9038 -0.17671 1.02825 -0.588763 49.8757 8.4591
0 0 1013 2.02082 0.242311 0.816398 -0.257184 0 0
0 0 1014 1.43898 0.351245 0.580596 -0.209744 0 0
0 0 1015 1.71455 0.545831 1.03418 0.0191553 31.0876 7.59134
0 0 1016 1.43592 0.542118 0.679023 0.103331 0 0
0 0 1017 1.88854 0.502784 0.810594 0.248878 0 0
0 0 1018 2.23476 0.577993 0.451597 -0.348244 0 0
0 0 1019 1.50328 0.317305 1.69675 -0.205321 39.7038 5.11362
0 0 1020 2.05359 0.546554 1.37129 -0.0665181 34.1346 5.99864
0 0 1021 2.01261 1.02648 1.69285 0.183473 29.3845 4.491
0 0 1022 2.32675 0.516649 1.58383 -0.50374 35.9668 5.30865
0 0 1023 2.75374 0.0621499 1.51834 -0.227703 43.828 5.80292
