# File: uwl_210912_103559_b4.rf.sbG2.RMC_aux Src: J1713+0747 Nsub: 1 Nch: 1 Npol: 4 Nbin: 1024 RMS: 1.47743
0 0 0 0.159712 0.0612374 -3.93551 0.15905 0 0
0 0 1 -0.929483 1.45383 0.948572 0.259454 0 0
0 0 2 -0.769078 -0.37951 -0.0244904 -1.03021 0 0
0 0 3 -2.0616 -0.317895 1.85852 -0.564692 0 0
0 0 4 0.265328 0.0675701 -0.492483 0.997854 0 0
0 0 5 0.236541 0.582801 0.770133 -0.477733 0 0
0 0 6 -0.974732 -0.515263 0.923736 -0.217117 0 0
0 0 7 -1.87972 -2.43726 -0.392269 1.28313 0 0
0 0 8 -2.15923 -1.82105 -3.71881 0.423747 0 0
0 0 9 3.41837 3.68767 -0.684528 -0.134389 0 0
0 0 10 2.98664 0.524269 -1.85163 0.794456 0 0
0 0 11 0.885934 -1.0889 0.0172424 -0.238644 0 0
0 0 12 0.21078 -0.544278 -0.786424 -0.993295 0 0
0 0 13 3.04726 -0.446521 -0.698019 -0.118767 0 0
0 0 14 1.11199 -1.81092 1.15934 -0.44693 0 0
0 0 15 2.14044 2.5599 -0.949192 0.295098 0 0
0 0 16 2.1827 -0.594769 -0.538681 -0.505756 0 0
0 0 17 0.158869 -0.54499 2.53134 1.13994 0 0
0 0 18 -0.0697829 0.31279 -1.59242 -0.911079 0 0
0 0 19 4.25621 -0.970301 0.553597 -2.18408 0 0
0 0 20 2.11821 -0.732537 -0.932993 -1.4961 0 0
0 0 21 -1.19821 -0.557059 1.62665 -2.1412 0 0
0 0 22 1.26427 -1.06894 -3.50924 -1.01165 0 0
0 0 23 1.33617 -0.904719 1.37805 1.30635 0 0
0 0 24 0.439617 -0.259698 -0.0133522 1.73517 0 0
0 0 25 -1.66785 -0.543568 -1.70766 0.765194 0 0
0 0 26 -0.614564 -3.75201 -2.61207 2.90804 0 0
0 0 27 1.47996 -0.682704 -1.20779 0.823067 0 0
0 0 28 -1.14998 2.64383 -0.281147 -1.60894 0 0
0 0 29 -0.633851 0.311192 -2.57995 2.21236 0 0
0 0 30 -0.971327 2.48037 1.33113 -0.851326 0 0
0 0 31 0.961268 -1.1266 -0.278793 -1.24453 0 0
0 0 32 1.84788 -0.0460216 -1.60719 -1.28615 0 0
0 0 33 1.08152 0.969257 1.54999 0.100775 0 0
0 0 34 0.0101587 -0.502192 -2.72821 1.15514 0 0
0 0 35 -1.12929 -0.690561 -1.79812 -1.05537 0 0
0 0 36 0.268271 -1.3388 -1.27926 -0.199562 0 0
0 0 37 -1.79647 0.913164 0.539452 2.33919 0 0
0 0 38 -0.745867 -0.0984531 -1.37196 1.70213 0 0
0 0 39 -0.480785 -1.10097 0.730232 1.00651 0 0
0 0 40 -2.92884 -0.0864092 0.789509 -1.18688 0 0
0 0 41 1.47386 -1.8768 -0.218623 1.84198 0 0
0 0 42 0.297705 -1.21405 -0.806214 -1.90718 0 0
0 0 43 0.368974 2.18216 0.995705 1.7944 0 0
0 0 44 -1.18506 0.676669 -2.59424 -2.36259 0 0
0 0 45 -0.385884 1.14564 -2.35702 -0.754187 0 0
0 0 46 0.359254 -0.831228 -1.35783 1.80951 0 0
0 0 47 1.59162 0.983488 0.686003 -1.67321 0 0
0 0 48 0.271221 -1.70234 -0.89366 -0.283299 0 0
0 0 49 2.46293 -1.96121 -1.31771 0.145856 0 0
0 0 50 -1.00091 2.07551 1.72407 -0.402728 0 0
0 0 51 0.171618 -0.970842 -1.23917 -1.53985 0 0
0 0 52 -1.64649 0.497259 -1.40115 -2.50884 0 0
0 0 53 -0.312169 0.576396 1.76518 -1.85736 0 0
0 0 54 2.64748 -0.0158846 -0.627755 -1.99982 0 0
0 0 55 -1.08511 0.957967 -0.858926 0.256276 0 0
0 0 56 0.940976 1.41975 1.1645 0.213593 0 0
0 0 57 0.136683 1.58046 -1.28859 2.30739 0 0
0 0 58 2.49256 1.2157 1.64299 -0.922094 0 0
0 0 59 -3.06861 1.74739 -2.01623 0.690188 0 0
0 0 60 0.843279 2.19142 -1.33689 0.755472 0 0
0 0 61 1.70324 0.485077 -1.57936 -0.559063 0 0
0 0 62 1.55412 -1.48699 0.387217 0.487241 0 0
0 0 63 0.111368 -1.12061 1.74986 -1.52315 0 0
0 0 64 -0.249561 -0.201824 0.283088 0.286175 0 0
0 0 65 2.27709 -2.16618 -0.602545 -0.287028 0 0
0 0 66 2.11373 -1.35446 1.02518 -0.163523 0 0
0 0 67 0.596475 0.0942298 -1.9704 -0.139518 0 0
0 0 68 1.06496 -2.08273 -2.05549 -2.13968 0 0
0 0 69 0.726824 -0.574898 -0.523104 -0.542907 0 0
0 0 70 1.23941 1.4889 -0.462514 -0.724969 0 0
0 0 71 1.84268 0.739692 -2.23915 -1.97541 0 0
0 0 72 0.910898 1.59677 1.67423 2.27284 0 0
0 0 73 1.27064 1.6697 -2.54506 2.74201 0 0
0 0 74 -0.884542 -0.796143 -0.254746 -0.738815 0 0
0 0 75 -1.11478 -2.76718 -4.86593 2.28452 -59.8131 7.51917
0 0 76 1.27338 2.56166 -1.17129 -0.123882 0 0
0 0 77 1.80662 -2.28613 -2.60314 -1.47505 0 0
0 0 78 0.240315 0.0143195 -2.75543 -0.662273 0 0
0 0 79 4.35371 -0.105328 1.648 -1.58576 0 0
0 0 80 -0.270438 0.499355 -3.91098 -0.219786 0 0
0 0 81 3.1133 -2.09376 -1.25552 0.357554 0 0
0 0 82 1.82093 1.12556 -3.22376 -0.670367 0 0
0 0 83 2.41797 -0.88359 -0.851516 0.315255 0 0
0 0 84 -0.1076 0.13643 -2.16203 1.92397 0 0
0 0 85 1.67212 1.17383 -2.5847 -0.414219 0 0
0 0 86 0.429674 2.32927 -2.96426 -1.13725 0 0
0 0 87 0.748289 0.277346 -5.34051 3.0544 -43.5136 7.82844
0 0 88 3.89153 1.01204 -1.95284 3.28812 0 0
0 0 89 3.00281 -0.702545 -2.45608 -0.268205 0 0
0 0 90 4.63831 -0.505753 -3.84393 0.444105 0 0
0 0 91 3.10732 1.80335 -5.77476 -1.0138 -36.3287 6.9333
0 0 92 5.05661 3.44469 -4.06901 -0.797451 -24.8749 7.92518
0 0 93 6.71355 1.69679 -5.17245 2.12926 -35.9191 7.70672
0 0 94 7.03775 0.867529 -2.87532 -1.16468 0 0
0 0 95 5.62702 0.32317 -7.87426 -0.316596 -43.8249 5.31199
0 0 96 6.20355 1.71756 -2.51732 2.0714 0 0
0 0 97 5.98525 0.215662 -2.61132 -0.160461 0 0
0 0 98 5.12305 -0.0181777 -3.59214 1.32135 0 0
0 0 99 3.49052 1.55579 -4.7829 -1.20993 -35.9906 8.34093
0 0 100 6.16959 2.04862 -4.69039 -0.734983 -33.2029 8.20819
0 0 101 5.65491 2.82225 -2.87854 0.981614 0 0
0 0 102 5.86829 1.8509 -3.81625 -0.262277 0 0
0 0 103 3.76301 -0.595812 -6.47025 -0.315986 -47.6306 6.44382
0 0 104 2.92525 0.843693 -3.42225 -1.92279 0 0
0 0 105 4.12808 0.380001 -3.88728 0.623126 0 0
0 0 106 4.75315 1.83508 -3.00072 -0.651051 0 0
0 0 107 2.19157 2.20023 -2.72247 -0.655101 0 0
0 0 108 5.92795 -1.46265 -2.95367 0.0788906 0 0
0 0 109 6.40661 1.47052 -4.82462 0.681123 -36.5245 8.31552
0 0 110 3.82282 2.57868 -3.36196 1.37486 0 0
0 0 111 4.22194 1.92719 -4.83979 1.14621 -34.1438 8.06044
0 0 112 4.80144 -0.287565 -2.50979 -0.544076 0 0
0 0 113 4.71076 2.48347 -3.6305 -2.15382 0 0
0 0 114 5.00194 -0.848917 -2.6611 -0.929425 0 0
0 0 115 3.06343 1.89885 -2.40017 0.57871 0 0
0 0 116 4.05364 -0.467723 -4.9963 1.18969 -47.674 8.34368
0 0 117 3.91724 0.98058 -5.01344 2.39782 -39.4666 8.20138
0 0 118 2.4752 2.59349 -1.61739 -2.43199 0 0
0 0 119 5.75898 0.685129 -7.06076 1.15077 -42.2289 5.90229
0 0 120 3.28846 1.30838 -3.53824 0.553658 0 0
0 0 121 5.35213 -1.37744 -4.59744 -0.0479565 0 0
0 0 122 3.37887 -1.2687 -5.4873 0.198925 -51.5092 7.4412
0 0 123 4.87764 1.18481 -4.52997 -0.243127 0 0
0 0 124 6.8007 0.285281 -6.0681 1.79647 -43.6542 6.89137
0 0 125 6.16144 1.24385 -5.95829 -0.633004 -39.1042 6.88395
0 0 126 7.28963 -2.06748 -5.90904 1.7764 -54.6421 6.70318
0 0 127 5.99217 1.2188 -4.85576 0.892077 -37.9549 8.37275
0 0 128 10.265 -0.923914 -6.01652 0.226319 -49.3652 6.88072
0 0 129 7.36017 1.48871 -6.95444 -2.51274 -38.9586 5.89184
0 0 130 5.61437 -0.0348883 -6.42754 1.56254 -45.1555 6.51276
0 0 131 8.83453 -0.348216 -5.55203 -0.0801712 -46.7944 7.52576
0 0 132 8.04892 -0.631635 -8.32288 1.50572 -47.17 5.01593
0 0 133 9.34425 4.32846 -7.58102 0.471394 -30.1377 4.82167
0 0 134 13.8375 0.81288 -10.4641 2.39971 -42.779 3.98903
0 0 135 9.56318 3.61892 -9.77662 -0.491659 -34.8437 4.02637
0 0 136 11.7 1.61511 -8.05972 1.4448 -39.3342 5.09709
0 0 137 10.0131 -0.899845 -11.4677 2.19604 -47.2433 3.63971
0 0 138 11.0847 2.3156 -9.35138 -3.75245 -38.046 4.35091
0 0 139 14.593 1.27481 -13.1733 1.22438 -42.2363 3.16364
0 0 140 14.3405 -0.704783 -11.622 2.22143 -46.7351 3.59563
0 0 141 13.9197 1.40655 -12.8412 -0.591122 -41.8745 3.24144
0 0 142 16.1804 -1.39674 -12.7135 -1.76435 -48.1348 3.27388
0 0 143 14.2258 0.324239 -11.0365 1.12624 -44.1586 3.79147
0 0 144 13.831 0.346581 -14.2408 0.849082 -44.3029 2.93872
0 0 145 13.4791 -1.51252 -12.1222 0.551202 -48.5561 3.42792
0 0 146 9.73048 0.788814 -9.13681 -1.13635 -42.5328 4.56543
0 0 147 12.0682 -0.137918 -12.2343 1.03675 -45.3229 3.42145
0 0 148 10.2511 -0.938075 -9.43854 0.875919 -47.8379 4.41441
0 0 149 9.20653 -2.37658 -8.33246 1.40043 -52.9596 4.8394
0 0 150 12.2002 -0.508502 -6.83043 1.34888 -47.1288 6.11254
0 0 151 13.0029 -0.357269 -7.38638 0.777394 -46.3846 5.66109
0 0 152 10.5594 1.79437 -6.25314 -0.0322006 -36.9945 6.44578
0 0 153 10.6807 0.984284 -7.18359 0.159503 -41.099 5.77584
0 0 154 9.98408 1.271 -6.7403 0.141054 -39.6606 6.10779
0 0 155 11.9048 -0.890326 -6.66209 -0.362287 -48.806 6.23064
0 0 156 10.8418 -0.860195 -6.63807 -0.444867 -48.6918 6.25633
0 0 157 14.5266 -2.81796 -4.15378 2.361 -62.0766 8.39861
0 0 158 15.9313 -1.17291 -2.55894 2.43924 0 0
0 0 159 15.7616 0.956625 -5.2094 -1.26208 -39.7972 7.90941
0 0 160 17.6597 -0.0330801 -6.96108 0.716049 -45.1361 6.01361
0 0 161 15.8127 -1.27217 -1.97239 0.0771678 0 0
0 0 162 21.3844 0.91558 -1.18978 -0.554383 0 0
0 0 163 25.6204 0.00196934 -3.23645 0.163495 0 0
0 0 164 29.5496 2.06253 -0.495577 1.64063 0 0
0 0 165 35.4684 2.45985 5.66296 0.113389 33.2605 6.80424
0 0 166 40.2555 0.449972 2.33125 1.42271 0 0
0 0 167 50.0943 3.44604 7.77435 -2.79377 33.0472 4.94075
0 0 168 57.0257 1.05364 10.1782 -1.3708 42.0449 4.09199
0 0 169 64.2237 4.99831 15.3621 -4.1287 35.9884 2.59684
0 0 170 70.2127 5.92899 19.7583 -2.53757 36.6484 2.03304
0 0 171 78.5068 8.02766 23.8748 0.71886 35.7076 1.66573
0 0 172 84.9845 7.56597 25.9343 -2.88418 36.8681 1.55227
0 0 173 86.4562 8.08642 28.0936 -3.96799 36.9711 1.43439
0 0 174 88.7977 4.52632 31.7142 -5.46181 40.9387 1.30731
0 0 175 85.927 6.94191 28.8919 -2.04959 38.2448 1.41053
0 0 176 83.1557 8.0852 26.4498 -1.40133 36.5013 1.51644
0 0 177 78.6949 6.28178 26.4094 -0.661504 38.3101 1.54393
0 0 178 72.6184 6.40948 21.9389 2.56119 36.8571 1.83476
0 0 179 65.8973 6.44276 19.5414 -0.951101 35.8763 2.03895
0 0 180 59.8551 4.07331 13.9436 0.463972 36.8577 2.88684
0 0 181 51.7681 2.62561 14.1756 0.915396 39.7533 2.90586
0 0 182 48.5757 3.30132 13.2772 0.292003 38.0184 3.06372
0 0 183 44.1382 2.46386 10.3832 0.0183578 38.3255 3.92741
0 0 184 38.6894 3.22411 8.52679 1.16809 34.6438 4.60498
0 0 185 38.3071 6.02514 5.92138 0.963525 22.2512 5.01151
0 0 186 34.8269 0.661901 6.10455 -1.08465 41.9059 6.81927
0 0 187 33.2071 1.57378 3.07834 1.43404 0 0
0 0 188 31.5718 -0.368172 1.60418 -1.23384 0 0
0 0 189 29.0106 1.61632 1.93721 2.06078 0 0
0 0 190 29.2556 1.89495 1.88464 1.7865 0 0
0 0 191 28.3235 -1.99203 -0.782428 1.0895 0 0
0 0 192 25.4015 1.01674 3.21872 2.73783 0 0
0 0 193 24.2618 1.44383 0.704861 0.455194 0 0
0 0 194 26.4447 2.07455 0.290321 -2.0578 0 0
0 0 195 23.6728 -2.11736 2.08822 -1.46834 0 0
0 0 196 23.3588 0.0426006 -1.63238 -0.708771 0 0
0 0 197 21.8331 -0.99987 -2.95419 -1.54455 0 0
0 0 198 22.2025 2.02418 -1.92192 0.501589 0 0
0 0 199 21.6769 2.07538 0.648894 -1.40714 0 0
0 0 200 20.5121 -0.575809 -1.83674 0.523112 0 0
0 0 201 19.1828 -0.314377 -1.58629 -1.5542 0 0
0 0 202 20.2718 -0.355881 -3.00534 -3.69332 0 0
0 0 203 19.303 -0.531051 -2.49403 1.50134 0 0
0 0 204 16.7086 -0.837792 -1.02451 -0.964341 0 0
0 0 205 18.4473 -2.33826 -1.05014 -2.21272 0 0
0 0 206 15.659 -2.19054 0.413113 -0.164196 0 0
0 0 207 18.4824 -2.60621 -1.79844 -2.37342 0 0
0 0 208 16.8934 -0.5278 -3.74781 -3.79186 0 0
0 0 209 14.6352 -1.5369 -2.42676 -2.58012 0 0
0 0 210 13.5672 2.22088 -1.72391 -2.67095 0 0
0 0 211 11.3314 -3.53776 -2.14621 -1.35383 0 0
0 0 212 13.9955 0.302034 -0.6132 0.45211 0 0
0 0 213 13.5183 -2.77492 -1.64716 -1.75143 0 0
0 0 214 15.1378 -1.61349 -0.0281066 -1.08318 0 0
0 0 215 14.3073 -3.60093 -1.38326 -0.341936 0 0
0 0 216 13.476 -0.804261 -0.442265 -1.07302 0 0
0 0 217 12.713 -0.566185 0.49925 -0.955449 0 0
0 0 218 10.825 -2.97034 -1.15594 -1.17794 0 0
0 0 219 9.55962 -3.3676 -1.34968 2.52558 0 0
0 0 220 9.75487 -1.39325 -1.55343 1.59892 0 0
0 0 221 11.2713 -0.152005 -0.319401 0.294226 0 0
0 0 222 8.76414 -1.50087 -0.713727 -0.156996 0 0
0 0 223 11.0701 0.193415 -2.26469 0.0912038 0 0
0 0 224 8.18118 -2.44012 -0.748147 3.22568 0 0
0 0 225 9.11737 -1.1231 0.871194 0.470416 0 0
0 0 226 9.10419 -2.50075 -1.35412 -1.65563 0 0
0 0 227 10.8675 -0.142757 -1.86698 -4.35843 0 0
0 0 228 4.38942 -1.75178 -0.154678 1.7662 0 0
0 0 229 7.37371 -3.3525 -0.129544 -1.83562 0 0
0 0 230 5.84289 -2.97597 0.384712 0.539543 0 0
0 0 231 7.0426 -1.37668 -2.79595 0.345312 0 0
0 0 232 7.743 -2.14622 -2.24785 -1.0231 0 0
0 0 233 5.28229 -1.27747 -1.29712 -0.554671 0 0
0 0 234 3.78427 -0.431968 -1.25493 -0.983458 0 0
0 0 235 2.61808 -0.833852 0.0869685 -0.711984 0 0
0 0 236 4.15348 -1.42517 -2.06015 0.105917 0 0
0 0 237 3.93669 0.00231922 -0.896231 -0.22945 0 0
0 0 238 3.88679 -0.20784 -1.87966 0.414301 0 0
0 0 239 4.65598 -1.41465 -1.30956 0.14663 0 0
0 0 240 3.97714 -1.98862 -0.357539 -0.866065 0 0
0 0 241 6.04085 0.0253441 -1.88849 1.38454 0 0
0 0 242 1.91783 -2.84598 -0.889029 2.18886 0 0
0 0 243 1.70052 -0.15868 0.372099 2.39803 0 0
0 0 244 1.79732 -2.64341 -1.22582 0.169172 0 0
0 0 245 2.20812 -0.708107 -2.13737 -0.486187 0 0
0 0 246 3.44909 0.107885 -0.866982 1.58252 0 0
0 0 247 4.8248 -0.35472 -1.86915 -0.321921 0 0
0 0 248 1.18014 -0.70636 0.752346 2.1309 0 0
0 0 249 0.464701 -1.20656 -1.00538 -1.34779 0 0
0 0 250 4.23162 0.0496018 -1.63952 -0.00357032 0 0
0 0 251 4.17562 4.13181 -0.24939 -0.102112 0 0
0 0 252 6.18362 1.47396 0.198619 1.29052 0 0
0 0 253 0.855968 1.82664 0.753983 -1.60085 0 0
0 0 254 3.05768 3.18363 0.27202 0.739062 0 0
0 0 255 1.4732 -0.840212 -2.36811 0.632423 0 0
0 0 256 2.34454 0.975181 -1.81572 2.20895 0 0
0 0 257 0.669794 -0.145471 -3.11557 -3.41582 0 0
0 0 258 1.89425 0.988609 -1.46907 1.36121 0 0
0 0 259 0.856966 -0.868441 0.763227 -0.435382 0 0
0 0 260 -1.50428 -1.7333 0.467171 1.19255 0 0
0 0 261 0.403846 -0.810219 -0.134257 1.28441 0 0
0 0 262 3.69792 0.4967 -0.93106 0.695875 0 0
0 0 263 0.96181 0.559905 1.7599 -0.598901 0 0
0 0 264 3.30215 -0.654759 -0.835654 0.993924 0 0
0 0 265 3.74085 -0.185917 -0.0634153 -0.189391 0 0
0 0 266 1.41564 -1.1121 -2.6695 0.654376 0 0
0 0 267 1.94661 -1.13669 -3.53663 -4.48077 0 0
0 0 268 2.20319 -0.573449 -0.329763 -2.4053 0 0
0 0 269 0.464593 1.0007 0.0836673 -0.719048 0 0
0 0 270 0.568617 2.68632 1.1491 -2.21317 0 0
0 0 271 -0.626638 2.0564 -2.2053 1.52883 0 0
0 0 272 0.851693 1.50404 0.883011 0.419472 0 0
0 0 273 2.77126 1.31149 -1.77924 0.482539 0 0
0 0 274 -0.847564 2.50867 -0.766924 0.219838 0 0
0 0 275 1.91029 1.13165 -0.261858 -1.02516 0 0
0 0 276 0.690051 4.43485 1.30306 0.114645 0 0
0 0 277 2.80903 -0.713705 -0.384895 0.89578 0 0
0 0 278 -0.494065 1.31921 -1.37543 -0.569591 0 0
0 0 279 -1.09971 0.828264 0.867148 0.323037 0 0
0 0 280 0.27125 -0.254185 0.179615 0.367506 0 0
0 0 281 1.11981 -0.645191 -0.315576 -1.30988 0 0
0 0 282 2.80675 1.54996 1.5686 -3.73147 0 0
0 0 283 1.00771 -2.04567 -0.25386 -0.631626 0 0
0 0 284 4.14836 -2.22811 1.8612 -2.01766 0 0
0 0 285 2.54394 0.868708 1.43242 -0.315822 0 0
0 0 286 0.163251 -0.0202017 -1.32957 -3.27603 0 0
0 0 287 1.669 0.374595 -2.01694 1.34847 0 0
0 0 288 1.59137 -0.384776 0.537962 1.81638 0 0
0 0 289 0.484644 0.444524 0.848953 0.0442621 0 0
0 0 290 6.21891 0.115693 2.85769 -2.44258 0 0
0 0 291 2.40281 3.59336 1.24185 2.61689 0 0
0 0 292 3.69619 -3.56175 1.9398 0.467967 0 0
0 0 293 1.10543 -1.54965 -0.261958 0.534751 0 0
0 0 294 1.76429 -0.271629 3.99277 -1.49559 0 0
0 0 295 0.706989 0.465498 -0.545479 0.114208 0 0
0 0 296 -1.61799 0.901926 1.10625 -1.11034 0 0
0 0 297 1.48071 1.4027 1.92317 -0.462681 0 0
0 0 298 3.29608 -0.563621 2.25531 -1.84287 0 0
0 0 299 3.20631 1.10101 2.08676 -1.27632 0 0
0 0 300 1.86493 -1.13696 1.86237 -2.61058 0 0
0 0 301 1.26663 1.21022 0.184328 0.932904 0 0
0 0 302 1.96816 -1.15397 -0.912523 0.296576 0 0
0 0 303 0.904529 -1.61922 -0.632664 -0.981906 0 0
0 0 304 1.66581 -1.9203 1.61071 -1.03836 0 0
0 0 305 1.6645 -0.217681 0.732085 -1.8702 0 0
0 0 306 2.61359 -0.539247 1.45479 -1.39513 0 0
0 0 307 2.73524 -0.65358 0.54451 1.13917 0 0
0 0 308 1.62537 -0.378529 3.33853 -2.1623 0 0
0 0 309 1.28108 -1.41581 -1.12501 -2.1358 0 0
0 0 310 3.83067 -1.67624 -0.935108 -0.558936 0 0
0 0 311 -0.158804 -2.05848 2.81107 -3.69734 0 0
0 0 312 -1.27876 -1.20912 2.77248 -1.96575 0 0
0 0 313 1.8304 -1.85098 2.38035 -1.03972 0 0
0 0 314 1.8208 -2.09827 4.95671 -1.68657 56.4719 7.80375
0 0 315 4.40686 -1.21318 1.01555 -1.03866 0 0
0 0 316 4.39525 -0.529197 0.138294 0.34204 0 0
0 0 317 -1.05429 -0.797781 -0.402813 1.39428 0 0
0 0 318 1.67156 0.664266 0.509349 0.0237909 0 0
0 0 319 0.592605 1.55884 3.95936 -2.16674 0 0
0 0 320 2.61038 -0.969487 1.58265 -1.72514 0 0
0 0 321 2.98035 -1.6752 -2.58313 -1.71856 0 0
0 0 322 3.03281 -1.22757 -1.12129 -1.81644 0 0
0 0 323 0.943864 -0.903353 1.33073 1.96115 0 0
0 0 324 2.55735 -2.71519 -0.298227 0.0259532 0 0
0 0 325 0.601117 -0.787508 -0.887548 -0.0296354 0 0
0 0 326 0.888163 -2.04465 0.18447 0.0333808 0 0
0 0 327 3.77327 -1.37763 -0.500171 1.41643 0 0
0 0 328 -0.797966 0.544351 0.720924 2.88236 0 0
0 0 329 0.260123 -0.937337 0.184967 0.0042511 0 0
0 0 330 -0.443782 -3.9302 -0.472601 1.60426 0 0
0 0 331 1.95446 -0.451592 -1.3486 -1.1006 0 0
0 0 332 -2.50721 1.02234 -1.92432 -0.158747 0 0
0 0 333 1.09146 -0.579427 2.33306 -1.23187 0 0
0 0 334 -0.227282 -1.5672 -0.0830049 -2.22791 0 0
0 0 335 3.98381 0.868485 1.10984 0.856575 0 0
0 0 336 1.76512 -1.20362 0.0778663 -1.08588 0 0
0 0 337 0.573407 1.40293 2.84025 0.373784 0 0
0 0 338 -0.421057 0.165507 -0.933712 -0.957641 0 0
0 0 339 0.439468 -1.51731 1.68806 0.562726 0 0
0 0 340 0.718416 -0.0157571 -0.736477 0.244022 0 0
0 0 341 0.144878 1.82901 0.0853211 -0.97191 0 0
0 0 342 3.31433 -1.29151 -2.55446 1.3868 0 0
0 0 343 -1.38155 -0.300879 0.654522 0.583594 0 0
0 0 344 -1.33491 -1.06902 -0.201981 2.37231 0 0
0 0 345 1.13854 0.884725 0.876245 0.766674 0 0
0 0 346 2.63845 0.546932 -1.32333 3.19356 0 0
0 0 347 -0.132743 0.902488 -1.51708 -3.12432 0 0
0 0 348 -0.542989 0.318418 -2.81584 0.741407 0 0
0 0 349 -1.03911 0.0350177 1.95885 0.177561 0 0
0 0 350 2.89866 1.15154 0.791841 -0.504867 0 0
0 0 351 -0.609656 0.531604 -0.34997 -0.344812 0 0
0 0 352 -0.74347 -0.375012 0.216975 1.09682 0 0
0 0 353 1.53176 0.0988396 1.70287 -0.325341 0 0
0 0 354 -0.0702677 0.0844078 0.718375 0.506369 0 0
0 0 355 1.4057 -1.63665 1.14567 1.03578 0 0
0 0 356 0.692637 -1.7149 -1.81003 0.672413 0 0
0 0 357 1.7942 -3.82894 0.332492 -0.328442 0 0
0 0 358 0.353194 -0.211177 1.56742 0.084855 0 0
0 0 359 -1.58973 -1.13091 -3.26824 -0.148722 0 0
0 0 360 -0.882959 -1.07512 -0.185388 -2.41674 0 0
0 0 361 1.31835 -0.612825 1.31758 -0.693951 0 0
0 0 362 0.75893 -0.35588 -0.476923 1.61797 0 0
0 0 363 -0.337682 0.639641 -0.810229 -2.01164 0 0
0 0 364 1.76904 -0.810825 -2.82776 -3.05369 0 0
0 0 365 -0.286363 0.312854 -0.501089 -2.31431 0 0
0 0 366 1.93543 -0.587844 -1.96569 -0.655132 0 0
0 0 367 -1.31354 1.58501 0.224119 -1.13433 0 0
0 0 368 -0.168594 2.46519 -4.77121 -2.214 -31.3378 7.83155
0 0 369 0.860533 -0.0381282 4.99251 1.4582 45.2188 8.38465
0 0 370 0.60978 0.628163 -1.37407 0.250341 0 0
0 0 371 0.856902 -0.751374 1.29629 -0.597381 0 0
0 0 372 2.48589 0.683789 0.0484622 -0.822938 0 0
0 0 373 -0.0225217 -1.25723 -0.305762 1.08219 0 0
0 0 374 1.17617 1.25112 -2.23265 2.14945 0 0
0 0 375 -0.808321 -0.146387 0.152584 0.456608 0 0
0 0 376 0.0918372 0.291565 -1.05276 -0.288673 0 0
0 0 377 2.26759 -0.0455947 -3.18682 -2.18277 0 0
0 0 378 -1.17614 -0.312037 -1.65769 0.0791358 0 0
0 0 379 1.12487 -1.22761 1.73018 0.134617 0 0
0 0 380 -0.676794 2.46556 1.48074 0.258544 0 0
0 0 381 1.24295 0.628825 -1.13184 1.10727 0 0
0 0 382 -2.33223 1.20251 -0.521307 -0.165961 0 0
0 0 383 1.18522 1.37369 -1.34243 -1.02724 0 0
0 0 384 0.386056 -0.705165 -2.70661 -0.937886 0 0
0 0 385 -0.0848782 -1.12309 -2.02159 0.156153 0 0
0 0 386 0.00904442 0.393652 -1.85049 0.208185 0 0
0 0 387 3.19014 -1.05066 -0.263735 1.03398 0 0
0 0 388 -0.322739 0.174799 -0.836775 -0.680576 0 0
0 0 389 0.568927 1.32152 -0.527005 1.64129 0 0
0 0 390 -1.09267 1.97499 1.67213 1.84794 0 0
0 0 391 -0.172902 0.752542 -0.124635 1.04514 0 0
0 0 392 0.905858 -2.45402 0.954593 0.172871 0 0
0 0 393 0.870086 -1.31721 -0.688538 -0.095678 0 0
0 0 394 -2.4318 1.92296 1.50919 2.40028 0 0
0 0 395 0.806188 -0.736174 0.707209 -1.0082 0 0
0 0 396 -0.193714 -0.142664 -0.68017 0.653643 0 0
0 0 397 0.0745173 -0.943606 1.54904 -0.857723 0 0
0 0 398 -0.298284 1.52738 2.26846 -2.2958 0 0
0 0 399 0.916495 0.576162 -2.71162 -1.04607 0 0
0 0 400 -0.541838 -0.446009 -0.711179 -1.48278 0 0
0 0 401 -0.26501 -3.44345 1.9514 0.658452 0 0
0 0 402 0.822952 -2.01858 0.637118 0.227162 0 0
0 0 403 -1.68552 -1.34588 -0.312472 -1.42291 0 0
0 0 404 -1.36694 0.839041 0.687109 -1.32872 0 0
0 0 405 -0.207305 0.366218 -0.638331 0.0667167 0 0
0 0 406 -0.517082 -1.28079 -2.92989 -0.293863 0 0
0 0 407 1.17871 1.02066 -0.436289 1.71987 0 0
0 0 408 2.5231 -0.357683 -0.647024 1.97892 0 0
0 0 409 1.47701 4.47451 -0.627297 0.34768 0 0
0 0 410 1.63386 0.528151 0.353755 0.483651 0 0
0 0 411 0.791407 -0.687222 1.29368 -0.597594 0 0
0 0 412 1.88637 0.678192 -1.25303 -0.876781 0 0
0 0 413 -1.67768 -0.769265 -0.233464 -2.37688 0 0
0 0 414 1.36856 0.601962 -1.78794 1.02051 0 0
0 0 415 -1.03698 -0.13901 -1.61761 -0.495996 0 0
0 0 416 -0.358164 0.761379 -1.54234 -2.84683 0 0
0 0 417 -1.2721 -1.77868 -0.545744 -1.26803 0 0
0 0 418 -0.736151 0.0605082 -0.252993 -0.159648 0 0
0 0 419 1.55045 2.60728 -3.25891 -3.25895 0 0
0 0 420 0.928317 0.0819498 -1.56808 -0.389027 0 0
0 0 421 -0.666855 -1.07634 1.20754 -0.524842 0 0
0 0 422 0.528949 0.20016 -2.03146 -1.22172 0 0
0 0 423 2.78371 1.78233 1.13376 -0.969278 0 0
0 0 424 -1.17747 -2.25182 -1.30079 2.15752 0 0
0 0 425 -2.52413 0.248475 -0.119958 -0.185753 0 0
0 0 426 0.0877413 -1.16999 -1.2158 -2.76964 0 0
0 0 427 -2.8052 -1.17085 -1.24037 -0.518509 0 0
0 0 428 -0.814812 0.0299176 -0.469941 -0.402524 0 0
0 0 429 0.130353 -0.973286 -0.70281 -2.06511 0 0
0 0 430 -0.902632 -1.08951 2.01215 0.621619 0 0
0 0 431 -0.779746 -1.01906 -2.90509 -4.82399 0 0
0 0 432 -0.881049 2.09125 0.45778 -2.74294 0 0
0 0 433 2.27488 -3.66694 0.507519 -0.41194 0 0
0 0 434 0.230191 -0.584458 -0.31659 0.595585 0 0
0 0 435 0.867926 1.30996 1.54573 1.05131 0 0
0 0 436 1.12265 0.31215 1.27427 -2.46597 0 0
0 0 437 2.59071 0.00362992 -0.323786 0.485262 0 0
0 0 438 1.85853 0.975262 1.38587 1.15211 0 0
0 0 439 2.05233 -1.65761 -1.40323 2.39883 0 0
0 0 440 -0.260526 -2.26337 -1.95602 0.821455 0 0
0 0 441 2.16347 0.379536 1.54223 0.379218 0 0
0 0 442 0.381685 0.7112 1.18596 -0.917775 0 0
0 0 443 1.54544 -0.0542204 -1.46874 -2.27504 0 0
0 0 444 2.36424 0.200655 -0.911971 1.35174 0 0
0 0 445 1.62788 0.215744 1.14978 -0.0951574 0 0
0 0 446 -0.683354 -2.8834 -1.84381 1.72688 0 0
0 0 447 2.08013 -4.06089 0.446128 0.517093 0 0
0 0 448 0.449004 0.692692 -0.6932 0.694475 0 0
0 0 449 -0.896964 1.91124 -0.407275 2.00312 0 0
0 0 450 -0.971679 -1.03859 0.150217 -0.381162 0 0
0 0 451 0.330379 -1.64851 3.17038 2.73945 0 0
0 0 452 3.67868 -0.838945 1.11797 2.17349 0 0
0 0 453 -0.814012 -2.12451 1.56851 0.470357 0 0
0 0 454 -2.38885 -0.155373 -2.74454 0.350593 0 0
0 0 455 0.244058 0.176723 -1.93214 0.802973 0 0
0 0 456 0.760243 0.420437 0.650814 0.00429356 0 0
0 0 457 0.124193 1.11239 0.835541 1.95005 0 0
0 0 458 1.74763 0.894916 -1.14912 1.13251 0 0
0 0 459 1.18111 0.864972 -2.44238 -0.577755 0 0
0 0 460 2.1384 1.97385 0.231008 2.30519 0 0
0 0 461 2.48386 1.05784 1.36746 0.266352 0 0
0 0 462 1.01515 -0.162804 -0.298439 0.506629 0 0
0 0 463 1.23465 1.93898 -1.48352 2.28159 0 0
0 0 464 0.375943 0.923862 -1.23103 -0.527979 0 0
0 0 465 0.65126 -0.691498 -1.74747 0.290371 0 0
0 0 466 -1.81797 -1.54193 -0.0287935 0.456033 0 0
0 0 467 0.0143818 0.790226 -2.54961 -1.38131 0 0
0 0 468 -0.070361 1.10255 -1.37887 2.48193 0 0
0 0 469 1.65277 1.58415 -0.828428 -0.299375 0 0
0 0 470 -2.56417 -2.44272 0.733033 -1.1181 0 0
0 0 471 0.288615 2.21186 2.37374 2.51767 0 0
0 0 472 -0.740255 -0.653862 -0.317499 -1.20069 0 0
0 0 473 1.77981 0.0688112 1.66746 4.60531 0 0
0 0 474 0.21294 -0.681848 -3.93141 -0.941138 0 0
0 0 475 0.493832 1.97506 -3.15209 -0.0846034 0 0
0 0 476 2.25712 -2.5906 1.99721 -2.26037 0 0
0 0 477 0.506847 -0.667441 -1.07074 0.0765628 0 0
0 0 478 0.622088 -1.87018 -1.74614 -0.701495 0 0
0 0 479 0.605976 1.74109 -1.63011 -2.25229 0 0
0 0 480 1.57386 0.959233 0.691225 -0.775152 0 0
0 0 481 -0.497235 1.04509 -0.867143 0.546633 0 0
0 0 482 -1.47016 3.02568 -1.51321 1.90447 0 0
0 0 483 -0.350839 -0.0563124 2.2404 0.222738 0 0
0 0 484 2.42142 1.24841 -0.559136 0.858381 0 0
0 0 485 -0.086124 -0.49048 -1.40378 -3.05749 0 0
0 0 486 2.23113 0.0753531 -2.89341 0.612716 0 0
0 0 487 -1.23837 -0.179945 1.0042 -0.42169 0 0
0 0 488 -0.103535 -2.23213 -1.05386 -0.431224 0 0
0 0 489 0.70584 -0.209243 -3.2862 -0.488874 0 0
0 0 490 -1.10738 0.182506 -0.754324 1.67555 0 0
0 0 491 -1.31587 1.25375 0.78045 0.501405 0 0
0 0 492 -0.341587 -0.0915389 1.79808 1.10659 0 0
0 0 493 -1.08193 0.0265895 0.855671 -1.85027 0 0
0 0 494 -1.91909 -0.477427 -0.194549 1.56074 0 0
0 0 495 0.310416 -1.68411 0.908942 -0.414561 0 0
0 0 496 2.30757 -1.00244 0.483412 0.975598 0 0
0 0 497 2.05523 -0.0329651 -1.15111 0.578691 0 0
0 0 498 1.25366 0.358562 -2.38944 -0.545985 0 0
0 0 499 0.0736984 -3.25641 0.035087 -3.73644 0 0
0 0 500 0.0850373 0.0574523 -0.320446 4.03889 0 0
0 0 501 1.61977 0.545153 -0.967724 1.17243 0 0
0 0 502 -1.31079 -0.879765 1.20903 2.12313 0 0
0 0 503 1.2396 -1.99407 -2.5725 -0.780747 0 0
0 0 504 2.93173 1.53607 -0.153496 -0.374509 0 0
0 0 505 0.00112277 1.50315 1.03229 -0.276107 0 0
0 0 506 -1.21295 2.35493 0.0669441 -0.852964 0 0
0 0 507 -1.14152 1.74186 -0.839072 -0.77129 0 0
0 0 508 -1.44705 0.175858 -0.405852 1.4757 0 0
0 0 509 -0.0746991 -0.520069 -1.40009 -0.707176 0 0
0 0 510 0.497028 -0.0461483 0.767568 -1.74942 0 0
0 0 511 0.283368 -0.224954 0.693122 -1.85584 0 0
0 0 512 -3.20659 -2.18503 -0.705108 -1.39327 0 0
0 0 513 -1.21927 2.31977 1.03222 1.31324 0 0
0 0 514 0.36916 -1.14716 1.85212 -1.41334 0 0
0 0 515 0.633026 2.3842 0.0553243 -0.428149 0 0
0 0 516 -0.623919 -3.04478 -0.981371 -0.950668 0 0
0 0 517 0.935829 3.08221 -1.61294 -0.723646 0 0
0 0 518 -1.24959 -2.56325 -2.25524 -1.35724 0 0
0 0 519 1.84032 2.60079 -0.189655 -1.063 0 0
0 0 520 3.43349 -0.814759 0.430495 1.85175 0 0
0 0 521 1.53321 1.12141 2.97049 -0.565345 0 0
0 0 522 -1.55947 -0.023065 -0.246741 -0.682708 0 0
0 0 523 1.0716 -0.480349 -0.252963 -0.998444 0 0
0 0 524 0.614334 0.638062 0.858648 -0.794425 0 0
0 0 525 -0.61661 -3.48494 0.273328 -1.23706 0 0
0 0 526 -0.962476 3.09789 0.297156 0.292519 0 0
0 0 527 0.245138 0.378312 -2.08158 -0.387033 0 0
0 0 528 1.24312 -2.16584 1.06143 0.463021 0 0
0 0 529 1.05085 0.625965 -0.643708 1.29606 0 0
0 0 530 1.31107 -1.33709 1.33107 -2.29057 0 0
0 0 531 0.423911 -1.712 -0.919329 0.0885209 0 0
0 0 532 2.94829 -0.649472 0.957643 0.237161 0 0
0 0 533 0.692767 2.78884 -2.03247 -1.75841 0 0
0 0 534 4.09279 -0.113443 1.21966 1.5506 0 0
0 0 535 -1.13077 -1.7819 1.95343 2.17916 0 0
0 0 536 -1.25815 -1.51708 -0.284827 2.69197 0 0
0 0 537 -1.23126 -0.996966 0.374377 -2.22411 0 0
0 0 538 -0.439829 0.260373 -1.62135 -2.77165 0 0
0 0 539 -2.58253 0.515745 -0.18176 -1.70971 0 0
0 0 540 -1.56606 -3.39787 0.577555 -1.1363 0 0
0 0 541 -1.72025 1.64518 0.799053 1.13564 0 0
0 0 542 0.899878 -2.09064 0.661002 -0.558895 0 0
0 0 543 -0.384468 0.485985 0.146522 -0.286244 0 0
0 0 544 -1.33174 -2.20414 0.0847268 1.3879 0 0
0 0 545 -0.309375 0.284846 1.82588 -2.81128 0 0
0 0 546 -1.88186 0.976177 -0.318596 -0.951487 0 0
0 0 547 1.87176 -2.19366 -0.04061 1.99924 0 0
0 0 548 -1.58859 -0.943505 -0.563917 -0.276673 0 0
0 0 549 0.261601 0.508847 1.72196 -1.39017 0 0
0 0 550 2.12814 -0.734942 1.31952 -0.117895 0 0
0 0 551 -0.212672 1.83327 -0.464453 2.11218 0 0
0 0 552 0.562909 -0.321166 -3.28241 0.0619611 0 0
0 0 553 -1.72373 0.0903949 2.4873 -0.127189 0 0
0 0 554 -0.694739 -1.29955 -2.64168 0.722563 0 0
0 0 555 -2.0621 0.356638 -1.29343 -0.358772 0 0
0 0 556 1.52834 1.45537 -0.189241 2.20421 0 0
0 0 557 1.80529 -2.68856 2.63338 -2.09975 0 0
0 0 558 -0.703342 1.17738 1.36907 0.0976223 0 0
0 0 559 -0.462308 -0.505212 0.663717 0.965062 0 0
0 0 560 -0.490588 0.812602 1.60851 0.178631 0 0
0 0 561 -0.734144 0.0577893 -0.178437 2.20041 0 0
0 0 562 0.297093 0.0651651 1.00381 3.2456 0 0
0 0 563 1.26553 1.07249 3.07436 3.60229 0 0
0 0 564 -1.79449 -0.712283 -1.55421 -2.05443 0 0
0 0 565 1.17611 -0.589108 -1.94883 0.771453 0 0
0 0 566 0.57712 -2.03084 0.296378 0.473675 0 0
0 0 567 1.7102 2.05561 -0.359869 2.39913 0 0
0 0 568 -1.53308 -0.210241 0.348173 -1.33017 0 0
0 0 569 -0.223318 1.3338 0.399317 -1.95931 0 0
0 0 570 3.28143 0.278959 -1.6821 -1.48844 0 0
0 0 571 -2.0518 -2.6117 3.91017 -1.30001 0 0
0 0 572 -0.58089 2.32026 -0.0260346 0.132049 0 0
0 0 573 0.0974387 0.400132 -1.34325 -1.45665 0 0
0 0 574 0.504348 0.175365 1.18238 -2.57924 0 0
0 0 575 1.18879 1.29896 -0.0989396 0.635181 0 0
0 0 576 1.2516 0.527552 -2.29783 -0.223377 0 0
0 0 577 1.15115 -0.621523 -0.4468 1.59529 0 0
0 0 578 1.59087 1.37401 -0.305063 -1.55824 0 0
0 0 579 -0.0266541 -0.205486 -0.947052 -0.738923 0 0
0 0 580 -0.807212 2.01123 -2.8322 2.14942 0 0
0 0 581 -1.33466 -1.04317 0.648682 1.74395 0 0
0 0 582 0.81165 -2.02475 2.58989 1.97822 0 0
0 0 583 -2.30133 -0.86606 -0.139382 -2.74875 0 0
0 0 584 -0.61822 -1.0052 0.0320945 0.285965 0 0
0 0 585 -1.06018 0.809614 0.876503 -1.15949 0 0
0 0 586 2.94068 -3.22211 -1.76452 -0.95294 0 0
0 0 587 -1.38061 0.87547 0.887652 1.49006 0 0
0 0 588 2.86251 -1.17681 -3.47987 -0.485257 0 0
0 0 589 2.46889 -0.331783 -0.0501927 -0.605801 0 0
0 0 590 0.636308 0.161165 -0.0375694 0.127759 0 0
0 0 591 0.290846 -1.61168 -1.32666 -1.0215 0 0
0 0 592 -0.0224168 3.34107 -0.760099 2.44498 0 0
0 0 593 -2.42511 1.39759 1.32409 -0.388258 0 0
0 0 594 -1.60463 3.36363 -0.775631 -0.0264528 0 0
0 0 595 1.78405 -2.11024 -2.21599 -2.42224 0 0
0 0 596 2.16821 -0.94846 1.18519 0.964264 0 0
0 0 597 -0.124189 0.515139 1.76502 -0.936735 0 0
0 0 598 -0.0136067 0.169205 0.907694 1.65181 0 0
0 0 599 -0.557994 1.36105 -0.979049 -0.702532 0 0
0 0 600 -1.61625 -1.79657 0.921539 0.0599256 0 0
0 0 601 -0.920074 1.79518 -1.27022 0.848315 0 0
0 0 602 0.337625 1.55414 -0.762471 -0.37961 0 0
0 0 603 0.228855 0.129511 -1.22441 0.230189 0 0
0 0 604 0.948866 1.91227 -0.623869 -1.21783 0 0
0 0 605 1.78699 1.6667 1.27491 1.93071 0 0
0 0 606 0.986333 -0.471985 -2.63546 -2.53917 0 0
0 0 607 -1.36846 -0.174738 1.52178 1.17536 0 0
0 0 608 1.7329 1.18503 -0.982417 -0.141034 0 0
0 0 609 3.91374 -1.04601 -1.02322 0.916647 0 0
0 0 610 1.43811 0.619302 -1.21313 -1.18571 0 0
0 0 611 0.399192 1.85703 0.325162 0.441569 0 0
0 0 612 -3.15772 -0.40682 -3.45754 1.12199 0 0
0 0 613 0.95997 -2.19964 0.942903 0.907432 0 0
0 0 614 2.94232 -0.550809 -1.0415 0.133688 0 0
0 0 615 -0.757289 -1.46772 -0.642294 2.09266 0 0
0 0 616 0.0487741 1.14472 -1.63807 0.10991 0 0
0 0 617 -2.72372 -0.466933 -0.21266 0.471751 0 0
0 0 618 0.123063 0.981203 -1.0221 -2.84624 0 0
0 0 619 -0.14455 -0.183854 -0.677605 1.25511 0 0
0 0 620 -1.72743 0.407998 2.56667 0.816943 0 0
0 0 621 1.44564 -0.835881 2.37365 -1.02571 0 0
0 0 622 1.49534 -0.146235 -3.64436 -0.318225 0 0
0 0 623 -2.1292 0.487904 -0.443427 3.69816 0 0
0 0 624 0.368273 -0.254409 -0.245216 0.911678 0 0
0 0 625 -0.396733 2.09315 -0.00995813 -0.92988 0 0
0 0 626 -1.58148 -1.22978 -0.307967 2.63216 0 0
0 0 627 -0.769277 -2.02468 -0.245092 0.297056 0 0
0 0 628 -0.504084 0.275729 -0.659748 3.81819 0 0
0 0 629 0.553444 -1.46947 -0.434314 -1.83825 0 0
0 0 630 0.415166 0.914203 -0.941591 -1.32837 0 0
0 0 631 2.25425 -1.82886 -0.750392 -1.82199 0 0
0 0 632 -1.94567 -0.691859 1.60252 -0.131546 0 0
0 0 633 1.01219 -0.811361 1.1674 -1.01101 0 0
0 0 634 0.409397 -3.25341 1.22429 1.41494 0 0
0 0 635 -0.242428 -1.24826 -0.319534 2.31799 0 0
0 0 636 0.50895 -0.376839 -1.34997 -1.98019 0 0
0 0 637 1.33228 1.24363 -2.59263 -1.68155 0 0
0 0 638 0.0911884 -0.532237 1.82115 -0.0770212 0 0
0 0 639 -0.238069 0.223823 -1.23341 -2.42944 0 0
0 0 640 1.95238 1.60304 0.382083 0.598902 0 0
0 0 641 -1.33772 -1.24753 0.740961 -0.326352 0 0
0 0 642 -1.09783 -0.0403013 0.977716 2.66011 0 0
0 0 643 0.102715 -0.0919779 0.790948 0.461582 0 0
0 0 644 -0.325643 1.27571 -1.65651 -2.33752 0 0
0 0 645 -0.315927 1.28045 2.48801 1.55267 0 0
0 0 646 0.667297 -2.04009 2.29844 -0.582557 0 0
0 0 647 -1.3011 -0.0373592 -1.26093 1.44665 0 0
0 0 648 0.0914073 0.46706 0.346143 -0.550706 0 0
0 0 649 1.59343 0.573333 0.909095 -0.926927 0 0
0 0 650 0.457799 0.771181 -0.406584 -0.965599 0 0
0 0 651 0.0819731 -2.01715 -0.429744 1.30248 0 0
0 0 652 0.136453 1.60316 -2.11996 0.988377 0 0
0 0 653 -0.294152 0.219161 -0.966268 1.89426 0 0
0 0 654 0.907006 3.59039 0.798439 -0.698632 0 0
0 0 655 -0.539293 2.70316 2.31288 -3.18841 0 0
0 0 656 -3.84369 -0.237384 2.90893 0.982886 0 0
0 0 657 1.0248 2.35268 0.199481 -2.90387 0 0
0 0 658 -2.00884 1.53262 -0.258918 -1.04829 0 0
0 0 659 1.39397 0.128597 0.810341 -0.679345 0 0
0 0 660 -1.14719 1.01129 -1.16966 -0.622991 0 0
0 0 661 1.52371 0.101338 1.41183 -1.05177 0 0
0 0 662 -2.39036 -1.79936 -1.67125 -1.54475 0 0
0 0 663 -0.24594 0.580441 -1.72118 1.57399 0 0
0 0 664 -0.480455 -2.22056 3.03276 1.21564 0 0
0 0 665 1.44666 -1.56708 2.72636 1.086 0 0
0 0 666 -0.161892 0.783408 -0.146887 0.589629 0 0
0 0 667 -0.585086 0.0540989 0.890209 2.84262 0 0
0 0 668 0.688509 -0.361672 1.62505 1.15692 0 0
0 0 669 -0.288784 -0.809 2.3779 -0.387945 0 0
0 0 670 -3.35055 -2.19887 -0.733723 -0.733856 0 0
0 0 671 2.53073 0.824247 -1.50272 1.97193 0 0
0 0 672 -0.28064 -0.866546 -0.507042 0.210821 0 0
0 0 673 -1.42094 2.27894 -2.6783 -2.65055 0 0
0 0 674 -1.35248 4.19379 -0.036803 -2.53731 0 0
0 0 675 0.0448955 0.14261 0.717614 1.64951 0 0
0 0 676 -1.11493 1.54855 0.354624 1.28437 0 0
0 0 677 1.59426 -0.374656 2.35738 -1.71739 0 0
0 0 678 0.559288 -0.527603 -2.39187 -3.06743 0 0
0 0 679 1.02697 -0.313403 0.827399 -1.03756 0 0
0 0 680 -1.65351 1.55186 0.402507 -1.43122 0 0
0 0 681 2.37252 -1.87459 1.13963 1.02958 0 0
0 0 682 -0.143784 -3.9028 0.057404 -1.29378 0 0
0 0 683 -1.87305 1.6401 -2.24224 -1.03039 0 0
0 0 684 -0.783563 0.416974 0.668751 0.392904 0 0
0 0 685 -0.437344 0.0263861 0.909671 -0.0782269 0 0
0 0 686 2.46786 -0.200687 0.329692 -0.108721 0 0
0 0 687 0.0194423 -0.178348 -1.53992 0.600014 0 0
0 0 688 1.34842 -2.67973 -0.140972 -2.10839 0 0
0 0 689 0.743993 -2.76728 1.01901 2.03329 0 0
0 0 690 0.927956 1.03671 0.592342 1.27251 0 0
0 0 691 1.68618 3.1696 -0.0232431 -3.48164 0 0
0 0 692 4.96994 -0.664974 0.456761 0.751685 0 0
0 0 693 1.67501 -0.701272 0.168988 -1.01514 0 0
0 0 694 -0.848882 1.49058 -1.66293 0.227976 0 0
0 0 695 -1.81469 -1.06545 -0.368756 1.45837 0 0
0 0 696 0.8916 -2.03437 1.61186 -0.156262 0 0
0 0 697 0.131166 0.509611 -1.49851 -0.728503 0 0
0 0 698 -0.911588 0.0761334 -1.27078 1.19581 0 0
0 0 699 -2.21569 -0.377531 -0.692778 -1.18721 0 0
0 0 700 -0.159655 -0.59902 -0.670843 -1.13098 0 0
0 0 701 1.27292 -1.07982 -1.17916 0.724865 0 0
0 0 702 -1.19119 1.8104 -1.25917 -0.076571 0 0
0 0 703 -0.118619 -0.750373 -2.45337 -2.35857 0 0
0 0 704 1.62909 0.165013 -0.629996 -0.94246 0 0
0 0 705 0.993587 0.451183 0.226486 -1.1997 0 0
0 0 706 2.14666 0.630497 -0.283916 -0.452912 0 0
0 0 707 -0.0796909 -0.0319271 0.449951 0.0375053 0 0
0 0 708 0.322691 1.10272 -2.28733 0.768769 0 0
0 0 709 1.11295 0.376366 0.512382 -0.493432 0 0
0 0 710 -0.247204 0.943274 -1.59696 -0.647482 0 0
0 0 711 1.5806 0.574957 -1.33559 1.7297 0 0
0 0 712 -0.0287867 -0.540602 -0.722867 0.96458 0 0
0 0 713 0.204128 -0.258533 0.938987 -1.76732 0 0
0 0 714 -0.793019 -2.61172 3.05268 0.409112 0 0
0 0 715 2.79078 -0.203619 2.12491 -1.97389 0 0
0 0 716 -1.59602 1.36051 -4.05101 -1.33893 0 0
0 0 717 3.13307 -0.486348 -3.1933 0.297073 0 0
0 0 718 0.000595242 0.255048 -0.761603 0.428793 0 0
0 0 719 1.08052 -2.89397 -0.485811 2.91207 0 0
0 0 720 1.13934 0.232068 -0.370509 -3.6541 0 0
0 0 721 -0.709174 -1.39092 -1.25735 0.681233 0 0
0 0 722 -0.916635 0.267557 -0.39338 1.49859 0 0
0 0 723 -0.52977 0.625863 1.70739 0.666586 0 0
0 0 724 0.196853 -1.48739 0.237337 1.53698 0 0
0 0 725 0.974969 -0.00284413 -0.86147 0.406415 0 0
0 0 726 3.07867 1.58201 1.80204 1.45627 0 0
0 0 727 0.30032 2.14691 1.57352 -0.322496 0 0
0 0 728 -1.00111 0.975788 -1.16037 0.23787 0 0
0 0 729 0.388051 1.87287 0.706668 2.76937 0 0
0 0 730 1.9546 0.0315376 0.323814 -0.241895 0 0
0 0 731 0.306961 -1.56005 2.19902 0.866279 0 0
0 0 732 -0.707255 2.26195 -2.45272 2.04335 0 0
0 0 733 -0.359355 -0.508395 0.890275 1.21761 0 0
0 0 734 2.31513 -1.1877 -2.13018 -4.61606 0 0
0 0 735 1.61777 -0.913776 1.5305 1.77429 0 0
0 0 736 0.220204 -0.581144 -0.505169 0.00408015 0 0
0 0 737 1.08326 1.89589 -2.87027 -2.11301 0 0
0 0 738 1.08507 -0.804074 0.630036 -0.849657 0 0
0 0 739 -1.06233 0.889775 -0.400261 0.0800263 0 0
0 0 740 -0.619836 0.983549 1.51406 -1.84866 0 0
0 0 741 3.23448 0.522576 1.64112 -0.544972 0 0
0 0 742 0.757053 0.607992 1.28999 -0.247651 0 0
0 0 743 0.197102 -0.0357502 0.972073 -1.23316 0 0
0 0 744 -0.847814 0.599555 -0.277501 -0.237769 0 0
0 0 745 2.87243 -0.697917 1.1289 1.40411 0 0
0 0 746 -0.885314 -0.196812 -2.77699 -0.55687 0 0
0 0 747 0.913323 -3.45144 1.11734 -0.52879 0 0
0 0 748 0.777016 0.896206 -2.45012 -2.20399 0 0
0 0 749 0.0399027 -0.635086 -0.84471 -0.14297 0 0
0 0 750 -1.59437 -2.58806 -0.17447 1.65583 0 0
0 0 751 -1.49662 0.340622 -0.233351 0.095724 0 0
0 0 752 0.0648466 0.295916 -0.39426 -1.52813 0 0
0 0 753 3.59422 -2.23691 0.9475 -0.376414 0 0
0 0 754 -0.534342 1.28544 -1.29664 -1.30214 0 0
0 0 755 1.7322 -0.285587 -2.1986 -0.18814 0 0
0 0 756 0.815119 -0.00441653 -2.86428 -0.33572 0 0
0 0 757 -0.187522 1.73704 -0.662562 -0.471168 0 0
0 0 758 2.98938 -1.05585 0.881589 -0.730947 0 0
0 0 759 -1.47864 -1.20892 -1.56273 0.891009 0 0
0 0 760 0.897014 -0.0773393 0.978869 0.357353 0 0
0 0 761 0.340483 -0.146966 0.553978 -1.74133 0 0
0 0 762 0.0795324 1.47331 1.02151 1.38047 0 0
0 0 763 1.46171 0.0420849 -2.4773 1.4097 0 0
0 0 764 0.0860521 -0.177891 -1.29176 -2.79823 0 0
0 0 765 0.526821 -1.53583 -0.54437 1.87701 0 0
0 0 766 0.104276 1.60412 -0.388966 -2.08325 0 0
0 0 767 -1.87367 -1.58476 -0.590469 -2.08959 0 0
0 0 768 2.03421 0.42904 0.0140995 2.46026 0 0
0 0 769 -0.426428 -2.2206 2.25743 0.876202 0 0
0 0 770 -0.152599 -3.48018 3.00156 1.50863 0 0
0 0 771 1.3556 -0.322807 1.23587 1.33503 0 0
0 0 772 0.682086 0.242662 -0.554107 -2.45357 0 0
0 0 773 0.979279 -1.77746 2.11635 0.952738 0 0
0 0 774 1.37874 0.507199 -1.1108 -1.47026 0 0
0 0 775 -0.816935 -0.0790657 0.667658 -0.418329 0 0
0 0 776 1.48632 -0.247469 -0.614177 0.778072 0 0
0 0 777 -1.94396 -0.520262 -0.453446 -0.143298 0 0
0 0 778 -0.104405 -0.10434 -1.4366 -1.50838 0 0
0 0 779 1.71713 1.75426 -1.21777 -1.70692 0 0
0 0 780 0.297582 -0.290192 -2.62768 -3.31946 0 0
0 0 781 1.1198 -1.60561 1.51346 -0.459837 0 0
0 0 782 -2.08751 -0.862442 2.31583 -2.17327 0 0
0 0 783 -0.163147 0.552523 0.489119 0.904198 0 0
0 0 784 -0.542299 2.01782 -1.76882 -0.47066 0 0
0 0 785 1.06405 -0.404251 -2.48681 0.870581 0 0
0 0 786 0.251218 -2.62362 0.393183 0.139523 0 0
0 0 787 0.563913 2.33571 -3.43688 -2.02574 0 0
0 0 788 -0.979894 0.493445 -0.830866 -1.02496 0 0
0 0 789 2.11154 -0.760229 -0.246455 -0.0214583 0 0
0 0 790 1.34449 -2.21037 0.522064 -2.81681 0 0
0 0 791 0.949854 1.83162 -2.17009 0.0316561 0 0
0 0 792 1.40392 -0.691441 -2.26166 -3.22296 0 0
0 0 793 0.42426 -0.867278 -2.57554 -1.28962 0 0
0 0 794 -0.04252 2.13491 -0.0395819 0.477084 0 0
0 0 795 1.45006 -1.77373 -1.21961 0.645818 0 0
0 0 796 -0.553258 -1.76835 -0.531498 -1.73025 0 0
0 0 797 0.39431 0.854896 -1.14476 -0.433288 0 0
0 0 798 1.95441 0.50173 1.68138 -0.346424 0 0
0 0 799 0.0598525 -1.65061 -2.32536 0.475332 0 0
0 0 800 2.67119 -0.337313 -0.0696483 1.70139 0 0
0 0 801 2.21436 -2.05881 0.231672 1.74261 0 0
0 0 802 0.878723 -1.09323 0.852958 0.931591 0 0
0 0 803 1.02318 -1.10819 0.948324 -0.328797 0 0
0 0 804 -1.08687 -0.205678 0.521854 1.03152 0 0
0 0 805 0.639012 -0.522625 1.6605 1.1083 0 0
0 0 806 -0.74047 -0.00931111 -2.52243 -0.539219 0 0
0 0 807 2.29594 0.325363 0.769517 -2.24742 0 0
0 0 808 -0.333312 0.952013 -0.338313 2.85146 0 0
0 0 809 0.810037 0.736753 -2.58482 -1.04935 0 0
0 0 810 1.66213 -1.369 -3.03315 1.62274 0 0
0 0 811 -0.734513 -0.0182907 1.12375 -0.18864 0 0
0 0 812 0.355853 -0.0666803 -1.77906 -2.11283 0 0
0 0 813 1.20869 -1.20018 0.88486 -1.10392 0 0
0 0 814 2.44435 0.436919 -0.772389 -0.238829 0 0
0 0 815 0.423315 0.793777 -2.78471 -1.82003 0 0
0 0 816 1.38343 0.410173 -2.21258 -1.25178 0 0
0 0 817 1.43042 -2.14117 -0.00955215 0.15271 0 0
0 0 818 -2.07309 1.27229 -0.584601 1.8384 0 0
0 0 819 -1.87294 0.210286 -1.35695 -1.40864 0 0
0 0 820 -1.15101 0.00067538 2.91489 1.48604 0 0
0 0 821 1.31061 0.179646 0.0900691 0.444223 0 0
0 0 822 -0.865314 -1.62544 1.65805 1.41477 0 0
0 0 823 -0.163082 -2.14508 -0.741577 -0.267638 0 0
0 0 824 0.718461 -1.74296 3.82675 0.635482 0 0
0 0 825 0.124791 -0.447362 1.65011 0.644001 0 0
0 0 826 1.48635 -2.04743 1.44883 0.530518 0 0
0 0 827 -1.69018 1.53875 0.160541 1.37924 0 0
0 0 828 2.27115 1.2739 0.295761 1.24142 0 0
0 0 829 0.700374 2.0733 -1.46416 0.0830883 0 0
0 0 830 4.12019 2.53996 -1.83578 -1.37448 0 0
0 0 831 -1.16803 -2.0909 0.84595 2.21661 0 0
0 0 832 0.10418 -0.0796662 0.858298 1.27954 0 0
0 0 833 0.0711582 -1.7077 -2.3064 -1.48637 0 0
0 0 834 -0.238539 0.856739 -0.768287 0.734454 0 0
0 0 835 3.01457 0.897704 0.308239 -0.357577 0 0
0 0 836 -1.78846 1.83392 0.765894 -0.708016 0 0
0 0 837 -1.49786 -1.60931 -0.859769 -1.36368 0 0
0 0 838 0.393822 2.73859 0.647609 1.99882 0 0
0 0 839 -0.189228 2.01899 0.0990503 -1.77611 0 0
0 0 840 3.11088 3.16569 2.12272 0.438539 0 0
0 0 841 -1.88942 1.00144 -4.11573 0.357817 0 0
0 0 842 1.1126 -1.15129 1.19918 -0.422017 0 0
0 0 843 1.04413 2.23639 -3.84758 0.32006 0 0
0 0 844 -2.10755 -0.82495 1.06638 -0.550888 0 0
0 0 845 -0.854427 0.945589 1.99829 -0.2597 0 0
0 0 846 0.416879 -4.07093 0.407487 0.104898 0 0
0 0 847 0.805115 1.66144 1.46405 0.760363 0 0
0 0 848 0.832603 -1.26918 0.742549 -2.79844 0 0
0 0 849 0.654107 -1.65359 0.919566 1.40837 0 0
0 0 850 -1.26141 -0.856978 -2.19229 0.742781 0 0
0 0 851 -1.12025 -1.17728 2.46219 1.10386 0 0
0 0 852 -1.33041 -1.99169 -1.47818 1.89986 0 0
0 0 853 0.4489 0.626577 0.046588 -2.23383 0 0
0 0 854 -0.561642 1.15142 -1.61853 0.248574 0 0
0 0 855 1.22025 -0.824634 -1.3757 -0.383136 0 0
0 0 856 1.74679 -1.97716 -0.62841 -1.90773 0 0
0 0 857 -2.45073 1.29422 -1.65618 -1.39058 0 0
0 0 858 -0.341793 1.58659 2.62064 -1.24956 0 0
0 0 859 3.80855 -1.43391 0.0679322 0.0783974 0 0
0 0 860 2.75569 -1.17274 0.706826 -2.27976 0 0
0 0 861 -0.47376 2.25752 -0.502076 0.202952 0 0
0 0 862 -1.88677 -1.41487 -0.357364 0.140766 0 0
0 0 863 1.21906 0.997779 -1.33277 0.256684 0 0
0 0 864 1.24117 1.22753 -3.38143 -1.45926 0 0
0 0 865 -2.31465 0.938775 0.51245 1.16873 0 0
0 0 866 1.23789 1.3746 2.5106 -0.279917 0 0
0 0 867 3.34457 1.93555 0.56148 -0.0998915 0 0
0 0 868 0.487677 -2.21062 -1.73656 1.23153 0 0
0 0 869 -0.186058 1.24394 0.62759 0.489939 0 0
0 0 870 -0.210568 1.64734 -0.802826 0.171333 0 0
0 0 871 0.602654 1.76601 -0.200943 0.562386 0 0
0 0 872 -0.674527 2.42163 -1.38364 -0.182432 0 0
0 0 873 1.13797 0.289975 -1.04302 0.0376862 0 0
0 0 874 -3.95876 -0.265461 -0.748426 -1.96912 0 0
0 0 875 -0.0668497 3.21995 -0.608698 -0.00286168 0 0
0 0 876 0.979329 1.2398 -0.793566 0.137496 0 0
0 0 877 -2.31977 0.363664 -1.88722 -1.07338 0 0
0 0 878 0.833268 -0.0940795 1.27578 2.62663 0 0
0 0 879 1.99081 1.25239 -0.385609 -1.49349 0 0
0 0 880 -0.516052 -1.28348 -2.7489 0.498245 0 0
0 0 881 1.04227 0.650545 0.869468 0.84865 0 0
0 0 882 2.21396 0.318166 -1.27971 -0.353605 0 0
0 0 883 1.41349 0.414599 -0.0148748 3.1067 0 0
0 0 884 1.10498 -1.53287 -1.63511 -1.68552 0 0
0 0 885 0.989165 3.9048 -1.37609 -1.66682 0 0
0 0 886 -1.89733 0.203156 0.794849 0.590814 0 0
0 0 887 -0.822459 0.488737 1.3152 -0.060204 0 0
0 0 888 -0.644879 0.83777 -0.134951 0.459597 0 0
0 0 889 0.790175 0.997252 2.41744 0.254141 0 0
0 0 890 -0.0559394 -0.328939 -1.46983 0.0798299 0 0
0 0 891 0.308104 -2.6635 -1.63858 0.371362 0 0
0 0 892 2.17509 -0.650243 -0.119242 -3.37232 0 0
0 0 893 -1.059 -0.100458 0.3121 1.51454 0 0
0 0 894 1.16505 1.92702 -0.0872683 -0.171828 0 0
0 0 895 0.423129 -1.90098 -2.5505 -1.16511 0 0
0 0 896 1.44532 -1.72491 3.83786 -0.380225 0 0
0 0 897 -0.550766 2.02478 -0.731196 1.6557 0 0
0 0 898 -0.677825 -0.902651 0.058951 0.992343 0 0
0 0 899 -2.44337 1.6635 -0.0910687 -0.661782 0 0
0 0 900 1.05246 -4.19659 -0.385606 -3.43496 0 0
0 0 901 -0.910387 0.154424 -2.33911 3.31761 0 0
0 0 902 0.532139 -0.427667 0.767371 1.61008 0 0
0 0 903 -0.994626 -1.88375 -1.14247 -2.75734 0 0
0 0 904 -0.501716 0.11415 0.510815 0.373381 0 0
0 0 905 3.32399 -1.15041 0.992763 -0.558195 0 0
0 0 906 1.62255 -0.605146 -2.41564 1.92119 0 0
0 0 907 0.70737 1.75445 -0.922165 -1.40543 0 0
0 0 908 0.634974 0.515142 -2.52077 -0.951529 0 0
0 0 909 2.78926 -0.846737 0.575387 -0.234462 0 0
0 0 910 -0.297001 -1.2723 -1.34347 0.305742 0 0
0 0 911 0.204528 3.27863 -2.21645 1.09868 0 0
0 0 912 0.745992 -0.894308 -0.746428 -1.78681 0 0
0 0 913 -0.0917513 -1.90789 0.387434 -1.14242 0 0
0 0 914 0.335583 0.972085 1.78722 0.637834 0 0
0 0 915 0.0131968 -0.68528 0.964959 -2.14566 0 0
0 0 916 1.90342 1.2745 1.90462 2.96702 0 0
0 0 917 -0.887533 -0.58174 2.11616 1.73677 0 0
0 0 918 -2.20839 -0.186476 -1.15911 1.9915 0 0
0 0 919 0.243338 -0.245965 0.724416 0.0484342 0 0
0 0 920 1.50432 -1.71553 -1.27643 -0.240294 0 0
0 0 921 1.51285 0.731566 2.1099 0.805466 0 0
0 0 922 -1.33442 0.0822915 -1.52818 -1.10677 0 0
0 0 923 0.673059 -0.385901 1.63043 0.998354 0 0
0 0 924 -0.412014 -0.282237 -0.846682 0.226087 0 0
0 0 925 0.414499 0.236223 -0.638909 -1.45474 0 0
0 0 926 -0.618087 0.614116 -2.94734 0.796655 0 0
0 0 927 -1.02649 -2.17031 -1.09043 0.107102 0 0
0 0 928 0.986015 1.27023 -1.37855 -0.204557 0 0
0 0 929 0.975008 1.75354 0.427053 -0.945062 0 0
0 0 930 1.19804 -1.14775 0.347324 -1.41248 0 0
0 0 931 -0.311204 -0.731679 -0.808107 0.8605 0 0
0 0 932 -0.787224 -0.016252 -0.95304 1.23233 0 0
0 0 933 2.42634 -2.55116 0.176028 1.87348 0 0
0 0 934 1.3021 -0.636056 -0.0835358 1.64374 0 0
0 0 935 4.09761 0.201695 -3.05949 -1.82571 0 0
0 0 936 0.142218 -0.00508936 -0.266043 -5.17023 0 0
0 0 937 -0.109564 1.80933 -5.04059 0.242869 -35.1271 7.83656
0 0 938 1.95889 -0.757839 2.4775 3.50024 0 0
0 0 939 -0.166593 0.565391 1.37304 -1.64624 0 0
0 0 940 1.97162 -1.95895 0.104117 3.75117 0 0
0 0 941 0.0639038 -2.16331 -1.47078 0.327951 0 0
0 0 942 2.27837 2.41691 -0.709802 -0.852992 0 0
0 0 943 -1.52284 0.26352 0.262096 2.30908 0 0
0 0 944 -0.260164 -1.73695 -1.53283 0.530609 0 0
0 0 945 0.856844 0.529516 -1.20363 -1.3328 0 0
0 0 946 0.381844 -1.77265 -0.417408 -0.435372 0 0
0 0 947 2.3465 1.04084 0.169271 3.4461 0 0
0 0 948 -2.86559 0.825544 -0.878241 3.16571 0 0
0 0 949 -2.64147 -0.334436 1.39951 -1.79966 0 0
0 0 950 1.79431 1.48476 -0.475287 -2.0932 0 0
0 0 951 2.34679 2.07637 -1.66827 -1.78825 0 0
0 0 952 1.73001 -0.860891 -0.440985 1.79773 0 0
0 0 953 1.58872 2.13969 -0.604087 0.0754639 0 0
0 0 954 -2.55685 0.0402057 -0.106305 0.251345 0 0
0 0 955 3.34222 -0.648362 -2.55877 -0.266615 0 0
0 0 956 -1.93837 1.45327 0.0794124 2.16799 0 0
0 0 957 0.029688 -0.84675 0.614815 -0.587528 0 0
0 0 958 1.14252 0.326676 0.394146 -0.785265 0 0
0 0 959 -0.213881 -2.22658 0.325587 1.02574 0 0
0 0 960 1.53091 0.812575 1.73044 -0.201599 0 0
0 0 961 0.636683 -3.2986 0.246408 -0.283297 0 0
0 0 962 0.288663 -0.930223 1.75473 0.0417476 0 0
0 0 963 -1.52388 -0.88076 -1.28716 1.85745 0 0
0 0 964 -0.0425773 -1.23025 0.100152 -0.546406 0 0
0 0 965 1.8023 2.69491 0.00835079 -0.135247 0 0
0 0 966 2.031 0.916943 -4.5898 -0.399022 0 0
0 0 967 -3.30064 1.11881 -0.370302 -0.52584 0 0
0 0 968 0.878809 -0.0304905 -1.33257 -1.76244 0 0
0 0 969 0.738006 0.252356 0.846985 -0.52502 0 0
0 0 970 -1.27044 -1.51855 -0.935246 0.533468 0 0
0 0 971 0.814735 -0.851727 1.16434 -1.33473 0 0
0 0 972 0.298933 0.48037 -1.40887 -0.522424 0 0
0 0 973 2.56312 3.36229 1.61412 3.2149 0 0
0 0 974 -0.400304 -0.629 -1.11329 -2.08765 0 0
0 0 975 -0.347698 -0.974681 -3.57275 -3.24257 0 0
0 0 976 0.283342 -0.868391 -0.544862 1.01189 0 0
0 0 977 -1.58656 -0.680187 -0.893226 0.622035 0 0
0 0 978 -0.90233 -1.55586 -1.75132 -1.08058 0 0
0 0 979 -2.78289 0.00178611 1.58882 -0.269023 0 0
0 0 980 1.57763 -0.304652 -1.07379 0.289752 0 0
0 0 981 2.94444 -1.55911 -0.549839 -0.761236 0 0
0 0 982 -1.97563 1.24106 -1.95856 -0.0294717 0 0
0 0 983 -1.86167 0.144313 0.702639 2.60524 0 0
0 0 984 0.0530419 0.543348 -1.69648 -0.369631 0 0
0 0 985 -0.915955 0.452555 0.348712 -0.588737 0 0
0 0 986 -0.134393 1.18751 -0.29609 1.00061 0 0
0 0 987 2.26193 1.34573 -1.30018 -3.30929 0 0
0 0 988 -0.449596 0.0563473 1.12666 3.19297 0 0
0 0 989 0.57884 -1.45686 -1.35487 -0.0644858 0 0
0 0 990 -2.28374 -0.416522 -2.19662 0.433751 0 0
0 0 991 2.17687 -0.880006 -0.464121 -1.28815 0 0
0 0 992 1.39934 1.62514 -0.260809 1.43262 0 0
0 0 993 1.31198 -1.24944 -1.19167 0.541248 0 0
0 0 994 0.53989 -1.00641 -0.664943 1.12826 0 0
0 0 995 2.98606 -1.24216 -2.00529 2.68703 0 0
0 0 996 -1.28546 -1.23477 1.4105 -1.19076 0 0
0 0 997 -1.0991 0.983266 -1.31377 1.02703 0 0
0 0 998 -0.516562 -0.378763 2.19034 0.0896229 0 0
0 0 999 -1.44735 0.749105 1.80727 0.13244 0 0
0 0 1000 -0.901382 -1.53198 -2.11162 -1.27144 0 0
0 0 1001 -1.68047 -3.63425 -1.9588 1.27887 0 0
0 0 1002 0.100994 1.21927 1.11599 -1.60969 0 0
0 0 1003 -1.29649 -0.104426 0.0538843 -0.358875 0 0
0 0 1004 0.954636 -0.752522 -0.927412 0.966212 0 0
0 0 1005 -0.00418895 0.440337 -0.426571 -0.0438074 0 0
0 0 1006 -0.106039 0.683273 -0.208057 0.252738 0 0
0 0 1007 0.665538 -0.0823524 -2.8534 -0.0112875 0 0
0 0 1008 0.100041 0.835495 0.817323 0.035733 0 0
0 0 1009 1.82372 1.09425 0.955266 0.300464 0 0
0 0 1010 2.25285 0.7091 1.48003 0.6904 0 0
0 0 1011 -0.352262 3.483 0.765409 -2.81612 0 0
0 0 1012 0.0819421 -0.323615 -1.03255 -1.64769 0 0
0 0 1013 0.701255 -1.55155 1.74238 1.12772 0 0
0 0 1014 1.36729 1.11553 0.62287 0.889814 0 0
0 0 1015 1.33665 -0.646945 0.704029 -1.62052 0 0
0 0 1016 1.60647 0.195868 -0.600817 1.65098 0 0
0 0 1017 -0.805344 1.59863 -1.66485 -0.422042 0 0
0 0 1018 -1.75706 -0.678126 0.456284 -0.847911 0 0
0 0 1019 -0.02193 0.110035 1.51857 0.740917 0 0
0 0 1020 0.0597878 -1.40363 0.257319 -0.875854 0 0
0 0 1021 -0.692662 1.85666 -1.05291 0.151091 0 0
0 0 1022 -0.379589 -4.47516 1.46409 -1.28675 0 0
0 0 1023 1.08407 1.62785 0.993732 -1.33212 0 0
