# File: uwl_230327_200828_Combined.rf.sbG2.RMC_aux Src: J1713+0747 Nsub: 1 Nch: 1 Npol: 4 Nbin: 1024 RMS: 0.568785
0 0 0 3.02888 -0.703645 0.465795 0.60058 0 0
0 0 1 2.08117 0.301181 -0.0681641 0.154521 0 0
0 0 2 0.562976 0.0747434 1.03028 -0.266206 0 0
0 0 3 0.398595 0.929128 0.591001 -0.472609 0 0
0 0 4 1.7553 -0.164598 0.615096 -0.410926 0 0
0 0 5 1.25547 0.249062 0.0598079 1.11471 0 0
0 0 6 0.46444 -0.833381 0.202093 0.56062 0 0
0 0 7 0.764363 -1.0632 0.521097 0.299028 0 0
0 0 8 1.78516 -0.0755554 1.88566 -0.863894 0 0
0 0 9 1.47635 0.87555 1.03834 0.984216 0 0
0 0 10 0.348918 0.125415 0.358622 0.583232 0 0
0 0 11 2.27709 -0.174178 1.4727 -0.249222 0 0
0 0 12 2.30981 -0.647033 -0.0836081 -0.246655 0 0
0 0 13 0.455258 0.510304 0.916237 -0.160763 0 0
0 0 14 1.02035 1.00725 -0.0888466 -1.17216 0 0
0 0 15 1.72429 0.989508 1.29066 -1.00051 0 0
0 0 16 1.55814 -0.185552 1.18151 0.795848 0 0
0 0 17 2.55321 -0.130718 -0.538513 -0.788475 0 0
0 0 18 1.61382 -0.765131 0.501406 0.673499 0 0
0 0 19 2.49776 0.92547 1.93467 -0.133263 32.2177 8.39741
0 0 20 1.96055 -0.558836 0.965947 0.441967 0 0
0 0 21 1.16226 0.368461 1.22904 -0.0413397 0 0
0 0 22 2.60468 -1.57723 0.460792 -1.17093 0 0
0 0 23 2.63197 0.755064 1.94199 0.347623 34.3767 8.73022
0 0 24 3.09261 -0.102868 2.06223 -0.495504 46.4278 9.01218
0 0 25 3.59201 0.74249 3.0253 -0.916399 38.1053 5.91741
0 0 26 3.24718 -0.715481 2.03201 -1.63379 54.6987 8.47573
0 0 27 2.77169 0.0850023 1.07509 -0.818111 0 0
0 0 28 2.70805 -0.867847 2.17657 -0.799154 55.8691 7.75483
0 0 29 2.30595 -0.795307 1.4693 -0.949699 0 0
0 0 30 4.16077 -0.0184226 1.74089 -0.296298 0 0
0 0 31 3.55627 0.381295 2.04075 0.532634 39.7084 8.91487
0 0 32 2.66872 -0.696901 2.86668 -1.41299 51.8319 6.24929
0 0 33 3.69806 -0.674521 1.96357 -0.0435379 54.4793 8.80204
0 0 34 2.5561 0.392957 2.09146 -0.862609 39.6795 8.69651
0 0 35 3.31012 -0.556679 1.83287 -0.0205559 0 0
0 0 36 2.72585 -0.490246 2.82397 -0.539438 49.9243 6.46229
0 0 37 3.25275 -2.09044 2.42463 0.321379 65.3834 5.37113
0 0 38 2.93761 -1.82169 2.64426 -1.4252 62.282 5.46681
0 0 39 3.19239 -1.88846 3.42564 -0.639266 59.4334 4.56411
0 0 40 3.16026 -1.59258 2.18929 -0.772887 63.0169 6.45358
0 0 41 3.85291 -0.981882 3.07725 0.0432967 53.8484 5.67092
0 0 42 4.09166 -1.6235 2.1207 0.149279 63.7179 6.51165
0 0 43 3.57578 -0.931948 2.38657 -1.64829 55.6652 7.09857
0 0 44 1.76788 -2.23013 1.95202 -0.736383 69.4022 5.63561
0 0 45 3.97637 -0.673831 2.51558 0.404961 52.4977 7.06549
0 0 46 2.89836 -0.986625 2.55362 -0.218133 55.5624 6.64639
0 0 47 3.4143 -1.03121 1.57047 -1.58844 0 0
0 0 48 3.80564 -0.185292 2.53507 -0.251026 47.0902 7.31726
0 0 49 4.3368 -0.933237 1.15723 -0.866496 0 0
0 0 50 3.24061 -1.25908 2.24585 -0.417825 59.638 6.92626
0 0 51 2.73781 -0.727643 1.86475 -0.901313 55.6581 9.08618
0 0 52 3.21557 -0.720419 1.99672 -0.165263 54.9198 8.59434
0 0 53 1.74653 -1.56379 0.822235 -1.0895 0 0
0 0 54 2.96674 -1.34041 1.51539 -0.0914247 65.7469 8.47756
0 0 55 2.64313 -0.663637 0.512379 -0.07029 0 0
0 0 56 1.96451 -0.767167 2.16042 -0.484928 54.775 7.96208
0 0 57 1.69771 -1.0925 1.87796 -0.332177 60.0943 8.18692
0 0 58 2.11171 -1.48761 -0.00559029 0.420702 0 0
0 0 59 1.50098 -0.35916 -0.306542 -0.55045 0 0
0 0 60 2.13267 -0.945256 0.712847 -0.519406 0 0
0 0 61 1.17406 -0.145261 1.058 0.236567 0 0
0 0 62 2.79339 -1.75743 -0.123012 0.30867 0 0
0 0 63 0.927059 0.602434 0.894599 0.03115 0 0
0 0 64 0.172934 0.254364 0.840742 -1.07559 0 0
0 0 65 0.760635 -0.264229 0.365326 -0.106049 0 0
0 0 66 1.71188 0.504059 0.54884 -0.556242 0 0
0 0 67 0.578552 0.185723 0.0433303 -1.08383 0 0
0 0 68 1.49037 -0.499461 0.571033 -0.584908 0 0
0 0 69 0.269825 -0.857197 1.60604 -0.54108 0 0
0 0 70 0.727257 0.0467641 0.370757 -0.545578 0 0
0 0 71 1.11349 0.19069 0.229875 -0.0330811 0 0
0 0 72 -0.815573 0.193933 -0.520665 -0.706285 0 0
0 0 73 -0.0207205 -0.793406 0.00268537 0.0724637 0 0
0 0 74 0.109539 -1.42325 -0.396701 0.48368 0 0
0 0 75 0.136819 0.77649 1.56725 -0.00972241 0 0
0 0 76 0.602777 0.778919 -0.633061 0.406194 0 0
0 0 77 0.699701 0.791624 -0.743953 0.141282 0 0
0 0 78 0.428285 0.209439 -0.284365 -0.416801 0 0
0 0 79 1.11782 1.20407 -0.20929 -0.0717422 0 0
0 0 80 -0.304096 -0.297822 0.403528 0.653969 0 0
0 0 81 1.39623 0.286624 -0.504462 -0.200599 0 0
0 0 82 0.706632 1.00843 0.442995 -0.0415737 0 0
0 0 83 -0.579777 -0.546504 0.346075 -0.830633 0 0
0 0 84 0.609051 -0.0374927 -0.00556311 -0.3104 0 0
0 0 85 0.137551 -0.843187 0.262358 0.916462 0 0
0 0 86 -0.79941 -0.13147 -0.472451 -0.27171 0 0
0 0 87 -0.505101 -0.267989 -0.668039 -0.114612 0 0
0 0 88 0.366751 -0.178478 0.723087 0.990671 0 0
0 0 89 0.432169 -0.325207 -0.158152 0.39967 0 0
0 0 90 0.0170337 -0.0853573 0.39451 -0.382235 0 0
0 0 91 -0.734418 0.553167 0.267642 0.795067 0 0
0 0 92 -1.01305 -0.0213783 -0.855327 0.193952 0 0
0 0 93 0.999506 -0.751222 -0.126173 -0.18731 0 0
0 0 94 -0.566554 0.878934 1.29214 0.923897 0 0
0 0 95 -0.253956 0.0444366 -0.555493 -0.19563 0 0
0 0 96 0.602463 0.380153 1.09283 0.0841764 0 0
0 0 97 0.14677 -1.13691 0.454441 -0.456486 0 0
0 0 98 -0.963271 1.95682 -0.471477 -0.528576 -6.77335 7.59566
0 0 99 0.0127316 0.0110181 0.459908 -0.261273 0 0
0 0 100 0.0795314 -0.328478 -0.504074 -0.305318 0 0
0 0 101 0.369514 0.0401091 0.191615 -0.363202 0 0
0 0 102 0.52076 0.0796028 1.21277 -0.0421604 0 0
0 0 103 1.4518 0.0491505 0.614055 -0.328668 0 0
0 0 104 0.965921 -0.816357 -0.530556 -0.172696 0 0
0 0 105 0.47679 -0.890572 0.164469 -0.370239 0 0
0 0 106 0.167432 0.933155 -0.61065 -0.418251 0 0
0 0 107 0.292526 0.493007 0.24602 -0.972481 0 0
0 0 108 0.403568 -0.219898 0.813184 0.463661 0 0
0 0 109 0.445443 0.101805 -0.919728 0.885605 0 0
0 0 110 -0.0746597 -0.296443 -0.786785 -0.102698 0 0
0 0 111 -0.483934 0.314216 -0.311787 -0.710499 0 0
0 0 112 1.09509 0.179407 0.589972 -0.23308 0 0
0 0 113 0.277077 -0.126108 -0.0381944 0.701887 0 0
0 0 114 -0.545956 1.15131 0.0612874 0.658071 0 0
0 0 115 0.550863 0.461996 -0.071395 0.609597 0 0
0 0 116 0.313182 0.668419 0.121896 0.304428 0 0
0 0 117 0.113654 -0.206153 -0.753947 0.294084 0 0
0 0 118 0.825723 -0.856304 -0.543969 -0.246379 0 0
0 0 119 0.945036 0.163638 0.941337 1.57824 0 0
0 0 120 0.79351 -0.160603 -0.95993 0.178978 0 0
0 0 121 -0.662332 -0.352995 -0.74278 -0.72357 0 0
0 0 122 0.208345 0.742532 0.384024 -0.0089808 0 0
0 0 123 0.0619972 -1.08108 0.148805 0.720886 0 0
0 0 124 0.339237 0.212819 0.18271 -0.219528 0 0
0 0 125 0.663621 -1.37058 0.121798 0.386869 0 0
0 0 126 1.15985 -0.677293 -0.471605 -0.147952 0 0
0 0 127 -0.0410154 0.911186 -0.103283 1.15355 0 0
0 0 128 0.509373 0.372588 -0.0721208 0.966038 0 0
0 0 129 0.00407362 -1.28733 0.393769 -0.0760361 0 0
0 0 130 -1.62116 1.03791 0.208408 -0.0537434 0 0
0 0 131 -0.377669 -0.233008 -0.365835 -0.322051 0 0
0 0 132 0.0459902 1.55027 0.5958 -0.0871873 0 0
0 0 133 -0.500506 -0.0321812 0.0647839 0.739345 0 0
0 0 134 -0.306336 -0.174366 0.0869098 0.0884927 0 0
0 0 135 -0.583987 0.136627 1.75399 0.221708 0 0
0 0 136 -0.463253 -0.386435 -0.20588 -1.28118 0 0
0 0 137 -0.0386848 -0.064761 0.700595 -0.994385 0 0
0 0 138 -1.01575 -0.292132 0.107629 0.701759 0 0
0 0 139 -0.195902 0.173858 -0.866212 -0.970435 0 0
0 0 140 -0.278592 0.181123 0.218905 -0.0297394 0 0
0 0 141 -0.140967 0.17702 -0.142378 -0.582181 0 0
0 0 142 0.989012 -0.490343 0.71049 0.0983117 0 0
0 0 143 -0.867211 -0.194073 -0.0328826 -1.04212 0 0
0 0 144 -1.0391 0.823222 -0.0659835 -0.77031 0 0
0 0 145 -0.402203 0.557012 0.173214 -0.941399 0 0
0 0 146 -0.381528 -0.836551 -0.00360378 0.652427 0 0
0 0 147 -0.347644 -1.00496 -0.436236 -0.734477 0 0
0 0 148 0.565611 -0.00342616 0.0854566 -0.211401 0 0
0 0 149 0.369731 0.282487 0.0483082 0.234199 0 0
0 0 150 -0.379654 1.50454 0.247079 0.207232 0 0
0 0 151 0.675117 -0.650669 0.344431 0.625556 0 0
0 0 152 0.0638727 0.362316 -0.187114 -0.494445 0 0
0 0 153 1.17708 0.249309 -0.349077 -0.0891737 0 0
0 0 154 -0.831497 1.39406 -0.703591 0.0571674 0 0
0 0 155 -0.0414881 -0.531547 0.193606 0.166108 0 0
0 0 156 0.0619588 -0.470146 0.168969 -0.242777 0 0
0 0 157 0.296075 -0.619252 -0.48675 1.50585 0 0
0 0 158 0.39671 0.199211 -0.383175 0.311306 0 0
0 0 159 0.137058 -0.504548 1.17111 -0.703845 0 0
0 0 160 0.368878 0.83357 -0.606506 -0.346297 0 0
0 0 161 0.498222 0.541477 -0.519813 -0.479571 0 0
0 0 162 -0.795394 0.518323 0.239523 0.354148 0 0
0 0 163 0.692154 0.440434 0.16766 0.0952192 0 0
0 0 164 -0.266674 1.40225 -1.21027 -1.0451 0 0
0 0 165 -0.69161 -0.0140758 -0.298777 0.148317 0 0
0 0 166 -0.866157 -0.531766 -0.926519 0.831859 0 0
0 0 167 -0.0238219 0.581515 0.583024 -0.0707752 0 0
0 0 168 -1.16389 0.257552 -0.17371 -0.43556 0 0
0 0 169 -0.0336516 -0.296076 -0.199432 0.815442 0 0
0 0 170 0.361879 -0.181535 0.120645 -0.0626162 0 0
0 0 171 0.402248 -1.74547 -0.0999883 -0.0506402 0 0
0 0 172 0.303799 -0.84262 0.997499 0.835653 0 0
0 0 173 0.267853 -1.27013 0.173848 0.696076 0 0
0 0 174 -0.0534634 0.450956 -0.25483 -0.752955 0 0
0 0 175 0.0461522 -0.349814 0.407855 0.244657 0 0
0 0 176 -1.0042 -0.332813 0.117629 -0.171874 0 0
0 0 177 0.513384 -1.27366 0.0861463 0.915906 0 0
0 0 178 -0.238554 -0.632359 0.276169 -0.706116 0 0
0 0 179 0.47094 -0.48294 0.25955 0.307209 0 0
0 0 180 0.196665 -0.669927 0.0653349 0.465371 0 0
0 0 181 -0.373178 0.117602 -0.030226 0.154295 0 0
0 0 182 0.327595 0.418973 0.557568 -0.480032 0 0
0 0 183 0.496954 -1.07689 0.920086 0.802101 0 0
0 0 184 0.158291 -0.0296087 0.170721 -0.86416 0 0
0 0 185 -0.622965 -0.40322 0.409466 0.24094 0 0
0 0 186 0.0763148 0.233402 -0.0270215 -0.765721 0 0
0 0 187 0.358133 -0.124856 -0.592826 0.102265 0 0
0 0 188 -1.10091 0.0822514 0.0298862 -0.459039 0 0
0 0 189 0.486856 0.466486 -0.514222 1.60804 0 0
0 0 190 0.311935 -0.541742 -0.196191 0.285236 0 0
0 0 191 -0.221458 1.08002 -0.283713 -0.134278 0 0
0 0 192 -0.896477 -0.365108 -0.106346 -0.121934 0 0
0 0 193 0.13194 0.635006 -0.645389 -0.104314 0 0
0 0 194 0.0624938 0.133288 0.121504 0.169375 0 0
0 0 195 0.467201 -1.0678 -0.717525 -0.180162 0 0
0 0 196 -0.112719 -0.765863 0.58218 0.735345 0 0
0 0 197 -0.455146 0.237708 0.459055 0.384114 0 0
0 0 198 0.0910001 0.0291732 -0.431327 -0.27582 0 0
0 0 199 0.156321 -0.653903 -0.322835 1.05455 0 0
0 0 200 0.635477 0.278625 -0.350677 -0.514039 0 0
0 0 201 -0.273205 0.806622 -0.163188 0.21479 0 0
0 0 202 0.530482 0.0954477 0.567757 0.23298 0 0
0 0 203 -1.25272 -0.200494 -0.280662 0.636605 0 0
0 0 204 -1.25853 0.355044 -0.199009 0.296455 0 0
0 0 205 -0.602695 -0.275837 0.475493 -0.588016 0 0
0 0 206 -0.497722 0.151702 -0.101488 0.27868 0 0
0 0 207 0.545972 -0.965183 -0.157096 0.301389 0 0
0 0 208 -0.0700439 0.969949 0.738158 -0.382749 0 0
0 0 209 -0.426451 -0.586137 -0.0397623 0.162312 0 0
0 0 210 -0.612311 0.21247 0.131942 -0.311544 0 0
0 0 211 0.481276 0.222591 0.595431 -1.04265 0 0
0 0 212 -0.125845 0.242784 0.119976 0.761626 0 0
0 0 213 -0.00879659 0.126168 -0.0345086 -0.310444 0 0
0 0 214 0.44591 -0.871727 -0.550861 -0.439078 0 0
0 0 215 0.139551 0.260721 -0.739423 -0.891586 0 0
0 0 216 0.533278 0.321112 0.290583 1.11138 0 0
0 0 217 -0.585584 -0.530108 0.00968784 0.0458845 0 0
0 0 218 0.0137002 0.440606 -0.283899 -0.448562 0 0
0 0 219 -0.00080926 -0.235098 0.201444 -0.230915 0 0
0 0 220 0.367936 0.779704 0.297528 0.0720382 0 0
0 0 221 0.0326932 -0.27995 -0.763191 -0.01849 0 0
0 0 222 -0.0517403 -0.294101 -1.57383 0.60749 0 0
0 0 223 0.129189 0.135688 0.522642 0.548456 0 0
0 0 224 -1.47185 0.101048 0.208246 -0.14643 0 0
0 0 225 -0.261289 1.14852 -0.320734 0.780249 0 0
0 0 226 0.479633 0.10817 0.784353 -0.914109 0 0
0 0 227 -0.587308 1.7613 -0.254458 0.250349 0 0
0 0 228 0.0610797 0.0228148 -0.232016 -0.194137 0 0
0 0 229 -0.0917711 -0.382594 -0.857742 -0.983003 0 0
0 0 230 -0.0677725 0.318325 -0.155837 0.0377199 0 0
0 0 231 0.285111 0.422609 0.483894 -1.36571 0 0
0 0 232 -0.158212 -0.383325 -0.291708 -0.445052 0 0
0 0 233 0.604255 0.196106 -0.756545 -0.643222 0 0
0 0 234 -0.0495314 0.338892 0.656932 -0.152059 0 0
0 0 235 0.0354779 -0.473372 -0.406495 -0.29798 0 0
0 0 236 0.163196 0.780472 0.72431 0.260528 0 0
0 0 237 0.370427 -0.0161906 0.105823 0.551871 0 0
0 0 238 0.4057 -0.346765 1.09493 1.00692 0 0
0 0 239 -0.00873017 -0.654712 -0.196975 0.913577 0 0
0 0 240 -0.0803463 -0.0695792 0.035185 0.764707 0 0
0 0 241 0.515508 -0.93169 -0.174824 0.117027 0 0
0 0 242 0.0326083 0.721751 1.00824 0.428103 0 0
0 0 243 0.252075 -0.669101 -0.780764 1.44654 0 0
0 0 244 -0.26266 -0.394592 -0.131021 -0.052318 0 0
0 0 245 -0.693396 -0.236626 -0.60412 0.498797 0 0
0 0 246 0.421509 0.223526 -0.902776 -0.709685 0 0
0 0 247 0.356171 -0.163413 -0.0206024 0.208072 0 0
0 0 248 0.517329 -0.441512 0.0273619 -0.130561 0 0
0 0 249 0.0489542 1.01881 0.0319019 -0.4959 0 0
0 0 250 0.182248 0.412274 -0.0629543 -0.106781 0 0
0 0 251 0.631572 -0.623678 0.887053 -0.600234 0 0
0 0 252 -0.106109 -0.0592193 0.217758 -0.472805 0 0
0 0 253 0.509948 0.0342708 -0.532245 0.120417 0 0
0 0 254 0.259516 0.20006 1.17459 -0.566065 0 0
0 0 255 -0.654818 0.49558 0.451689 -0.132155 0 0
0 0 256 0.869742 0.873779 -0.635391 1.20659 0 0
0 0 257 -0.649368 0.159021 -0.164986 0.628552 0 0
0 0 258 0.436668 -0.0897961 0.0907265 0.488869 0 0
0 0 259 1.07869 -0.935608 0.021803 -0.603002 0 0
0 0 260 0.765204 0.172704 -0.00511546 0.102155 0 0
0 0 261 1.08627 0.582198 0.0835569 0.308869 0 0
0 0 262 0.0808678 0.440399 -0.420561 0.109968 0 0
0 0 263 1.03255 0.0497593 1.28674 -0.238771 0 0
0 0 264 0.02754 0.0969893 -0.13858 0.21437 0 0
0 0 265 0.176187 0.259236 -0.943665 -0.159921 0 0
0 0 266 -0.117378 -0.177348 -0.176558 -1.19172 0 0
0 0 267 1.34757 -0.397734 -0.494175 -1.30806 0 0
0 0 268 0.252817 -0.208704 -1.21783 0.306419 0 0
0 0 269 0.814091 -0.204784 0.619491 1.01696 0 0
0 0 270 0.101781 -0.139764 0.198519 -0.332422 0 0
0 0 271 1.84819 0.330258 0.146005 0.94576 0 0
0 0 272 -0.180416 -0.103745 -0.205505 -0.272934 0 0
0 0 273 -0.283443 -0.328393 -0.0837197 0.618888 0 0
0 0 274 1.0954 -0.0493531 -0.793382 -0.204106 0 0
0 0 275 0.248037 0.171839 0.669518 0.0020038 0 0
0 0 276 -1.11749 -0.0567108 -0.227712 0.368138 0 0
0 0 277 -0.50029 -0.482409 0.179854 0.66389 0 0
0 0 278 1.57023 0.38849 0.155153 -0.701304 0 0
0 0 279 0.288652 -0.286483 -0.35676 0.460888 0 0
0 0 280 -0.100946 -0.00554093 -0.907388 0.0931554 0 0
0 0 281 0.243072 0.325795 -0.481136 -1.05817 0 0
0 0 282 -0.480878 0.345185 0.190702 0.30565 0 0
0 0 283 0.507975 -0.0280394 0.132075 -0.420967 0 0
0 0 284 0.871146 -0.386426 -0.355538 -0.501825 0 0
0 0 285 0.718008 0.209494 -0.195425 -0.721653 0 0
0 0 286 0.132975 0.0715711 -0.00683582 -0.584936 0 0
0 0 287 0.448768 1.46514 0.424161 0.342346 0 0
0 0 288 0.245682 0.665118 0.716345 -0.195311 0 0
0 0 289 -0.189954 -0.21639 0.543284 -0.439693 0 0
0 0 290 0.0500834 0.118729 -0.374662 0.322603 0 0
0 0 291 -0.243678 0.593151 0.337731 -0.030664 0 0
0 0 292 0.535488 -0.141941 0.384407 1.03487 0 0
0 0 293 0.237767 -0.484107 -0.702705 -0.725016 0 0
0 0 294 -0.461636 -0.341037 -0.779272 0.325811 0 0
0 0 295 0.0312875 -0.503532 -0.299403 0.189047 0 0
0 0 296 0.210011 -1.45457 1.08522 0.264764 0 0
0 0 297 1.59789 -0.580177 0.505031 -0.352994 0 0
0 0 298 0.537032 -1.28609 0.315434 0.113198 0 0
0 0 299 0.0316528 -0.0923148 -0.031473 -0.48921 0 0
0 0 300 0.129378 -0.732155 0.464237 -0.0671945 0 0
0 0 301 0.83794 -0.837459 0.0715066 0.376139 0 0
0 0 302 0.044851 0.0725874 0.321792 0.470322 0 0
0 0 303 0.0352781 -0.0918193 -0.689478 0.514313 0 0
0 0 304 -0.439301 -0.133365 0.00273004 0.15471 0 0
0 0 305 1.16393 0.243459 0.157272 -0.224119 0 0
0 0 306 -0.100279 -0.314221 -0.254456 -0.57607 0 0
0 0 307 -0.0198577 -0.311064 -0.207783 -0.837456 0 0
0 0 308 1.27201 0.298927 0.412486 -1.19219 0 0
0 0 309 -0.644496 -0.155302 0.597083 -1.07505 0 0
0 0 310 0.561991 -0.107919 -0.227453 1.12414 0 0
0 0 311 0.630704 0.339622 -0.558731 -0.378229 0 0
0 0 312 0.116967 0.995933 0.78145 -0.260491 0 0
0 0 313 0.709349 -0.455604 -0.0101486 0.0190058 0 0
0 0 314 1.2301 0.396822 0.535128 -0.182564 0 0
0 0 315 0.229181 0.0632688 -0.315893 -0.876847 0 0
0 0 316 1.64886 -0.00725144 -0.329289 0.289126 0 0
0 0 317 -0.0730943 -1.0812 -0.636633 -0.314393 0 0
0 0 318 -0.133093 -0.357544 0.555015 -0.207912 0 0
0 0 319 -0.322638 0.746848 -0.326483 -0.894328 0 0
0 0 320 0.507766 -0.575344 -0.478056 -0.135096 0 0
0 0 321 -0.700011 -0.360616 0.29713 -0.745126 0 0
0 0 322 0.139903 0.34354 -0.268646 0.638918 0 0
0 0 323 0.594415 1.26379 0.504995 -0.444938 0 0
0 0 324 -0.677984 -0.607382 -0.129629 1.21094 0 0
0 0 325 0.835562 0.721512 0.0183751 0.856295 0 0
0 0 326 0.505446 0.230675 0.13221 -0.647166 0 0
0 0 327 0.121712 -0.557036 1.109 -0.241539 0 0
0 0 328 0.00969567 0.231813 0.632814 -0.919884 0 0
0 0 329 0.492162 0.367309 -0.114366 -0.654704 0 0
0 0 330 0.702334 2.01666 0.847356 0.174707 11.3955 7.15713
0 0 331 -0.493365 0.146256 -0.498693 0.842238 0 0
0 0 332 1.06401 0.650898 0.280133 0.660265 0 0
0 0 333 -0.347509 0.138542 -0.187916 0.502006 0 0
0 0 334 1.73393 0.760069 0.0133253 0.506233 0 0
0 0 335 0.319904 -1.31946 0.0898506 0.305685 0 0
0 0 336 -0.0896749 -0.376822 -0.215112 0.536411 0 0
0 0 337 0.809903 0.648648 -0.422978 0.315098 0 0
0 0 338 -0.247401 -0.719598 -0.00606016 -0.0140187 0 0
0 0 339 0.807186 0.397222 -0.21948 -0.176907 0 0
0 0 340 0.396476 0.539506 0.0661993 -0.23245 0 0
0 0 341 0.0160259 0.24124 0.816195 -0.255032 0 0
0 0 342 0.612854 -0.376834 -0.024908 0.748999 0 0
0 0 343 -0.453041 0.291906 -0.0732776 0.493893 0 0
0 0 344 -0.559065 -0.676053 -0.00168422 -0.131854 0 0
0 0 345 -0.945362 -0.0831212 -0.0397551 -0.344072 0 0
0 0 346 0.303193 0.520095 -0.522451 0.00663225 0 0
0 0 347 0.558323 0.206394 -1.13208 -0.668461 0 0
0 0 348 0.63348 -0.131417 0.587828 -1.47573 0 0
0 0 349 0.692846 -0.145555 -0.549683 1.28168 0 0
0 0 350 -0.239573 0.711459 0.259602 -0.654372 0 0
0 0 351 1.32134 -0.0164695 -1.19671 -0.556941 0 0
0 0 352 1.179 0.0345408 0.484246 0.170092 0 0
0 0 353 1.69331 0.347085 -0.0210991 0.115221 0 0
0 0 354 0.283187 0.753947 1.43265 -0.256277 0 0
0 0 355 -0.180393 -0.837292 0.498947 1.6087 0 0
0 0 356 0.513071 -0.386034 -0.454841 0.0119526 0 0
0 0 357 0.751371 0.194648 -0.145256 -0.325862 0 0
0 0 358 0.24013 0.545851 0.402867 -0.577894 0 0
0 0 359 0.628826 -0.0648737 -1.0632 0.13104 0 0
0 0 360 0.419754 -0.92881 0.462285 -0.664314 0 0
0 0 361 0.531135 -0.197771 -0.412108 -0.305046 0 0
0 0 362 0.597876 -0.0513802 0.0891294 1.74976 0 0
0 0 363 0.0483527 -0.186063 -0.469461 0.375468 0 0
0 0 364 0.638984 0.349647 0.249953 0.28968 0 0
0 0 365 -0.028282 0.392583 0.16752 -1.20947 0 0
0 0 366 -0.23536 1.01272 -0.893011 -0.109634 0 0
0 0 367 1.11535 -1.04107 -0.222575 0.10199 0 0
0 0 368 -0.408517 0.128463 -0.335586 1.2777 0 0
0 0 369 0.275786 -0.29352 -0.687806 -0.224297 0 0
0 0 370 0.610543 -0.694854 -0.0430184 -0.397221 0 0
0 0 371 0.95911 0.1264 0.620404 0.163418 0 0
0 0 372 1.0064 -1.62159 0.656637 0.286152 0 0
0 0 373 0.167374 0.0571893 -1.73923 0.0275536 0 0
0 0 374 -0.0225107 0.602734 -0.206477 -0.503089 0 0
0 0 375 -0.471685 0.0938758 -0.430913 -0.503226 0 0
0 0 376 -0.305407 -0.407548 0.983583 -0.316156 0 0
0 0 377 0.374257 -0.00496772 -0.429578 0.347224 0 0
0 0 378 1.16352 0.00500703 -1.23415 -1.2325 0 0
0 0 379 0.377036 0.857418 -0.718032 -0.287089 0 0
0 0 380 -0.656013 -0.572735 -0.214669 -0.0460858 0 0
0 0 381 0.486497 -0.648209 0.259425 0.470103 0 0
0 0 382 0.25282 0.132197 -0.221818 1.27302 0 0
0 0 383 0.603543 -0.686587 1.10027 -0.304217 0 0
0 0 384 1.03535 -0.131377 -1.09383 -0.503151 0 0
0 0 385 0.44719 0.624218 -0.283103 0.0422625 0 0
0 0 386 1.25761 -0.37735 0.0154829 -1.0087 0 0
0 0 387 0.188545 0.498026 0.444503 0.0220384 0 0
0 0 388 -0.376303 -0.043495 0.204272 0.332139 0 0
0 0 389 0.186062 0.263351 -0.249786 -0.344095 0 0
0 0 390 0.380978 -0.0639456 -1.0934 -0.630394 0 0
0 0 391 -0.241095 0.756976 -1.31169 0.396442 0 0
0 0 392 0.33885 0.405771 -0.540291 0.0853314 0 0
0 0 393 0.0327498 1.07027 -0.351273 0.888678 0 0
0 0 394 0.645868 -0.58283 -0.121456 0.577844 0 0
0 0 395 0.819091 -0.878512 -0.567974 -0.204881 0 0
0 0 396 0.0216907 0.669226 0.737472 0.874262 0 0
0 0 397 1.0378 -0.458706 -0.567941 0.931356 0 0
0 0 398 0.817691 -0.098988 -0.90381 1.48553 0 0
0 0 399 -0.0269325 -0.0255372 -0.152935 -0.5955 0 0
0 0 400 -0.00250369 0.29222 0.719559 -0.820632 0 0
0 0 401 0.591648 -0.219886 -0.981043 -0.337155 0 0
0 0 402 0.101626 -1.0462 0.0757933 0.780075 0 0
0 0 403 -0.554816 -0.0682765 0.390251 -0.362244 0 0
0 0 404 0.226627 0.116094 -0.794692 -0.690539 0 0
0 0 405 0.021045 -1.02589 0.476666 -1.3667 0 0
0 0 406 -0.200921 0.564467 0.421006 -0.856509 0 0
0 0 407 0.885006 0.064833 -0.31348 1.22306 0 0
0 0 408 -0.937902 -0.229746 0.226417 0.306326 0 0
0 0 409 0.329429 1.26683 -0.752421 -1.15308 0 0
0 0 410 0.978314 -0.692433 -0.835409 -0.0174406 0 0
0 0 411 -0.560699 0.707617 -0.537229 -0.755666 0 0
0 0 412 -1.14805 0.188363 -0.542262 -0.167533 0 0
0 0 413 0.865618 -0.399793 -0.369942 -0.0450131 0 0
0 0 414 0.310193 -0.213179 -1.19903 -0.144614 0 0
0 0 415 -1.0227 0.235696 0.913169 0.305606 0 0
0 0 416 0.15416 0.315873 0.339085 -1.08018 0 0
0 0 417 -0.507088 -0.6951 0.437892 0.0744045 0 0
0 0 418 0.225111 -0.973032 0.339819 0.419485 0 0
0 0 419 -0.158188 0.0263914 -0.478627 0.273739 0 0
0 0 420 0.518805 0.521079 -1.10642 0.137058 0 0
0 0 421 0.374941 -0.701875 0.0448332 1.02047 0 0
0 0 422 0.732445 0.297066 -0.920271 -0.326934 0 0
0 0 423 0.100024 -1.09433 -0.351674 -0.622316 0 0
0 0 424 -0.242062 0.337354 -0.48616 -0.900851 0 0
0 0 425 -0.536308 0.0366318 0.627356 -0.211585 0 0
0 0 426 -0.320423 0.40594 0.140215 0.450631 0 0
0 0 427 0.592497 1.60255 -1.17859 -0.463081 -18.1662 8.24625
0 0 428 -0.730387 -0.532807 0.0242451 -0.246835 0 0
0 0 429 0.0674839 1.05127 0.119654 -0.321278 0 0
0 0 430 -0.477857 0.604319 -0.73234 0.721528 0 0
0 0 431 -0.409838 0.554199 0.799398 -0.295411 0 0
0 0 432 -0.225024 0.482716 -0.7411 -0.201013 0 0
0 0 433 0.804545 -0.280379 -0.547527 1.25062 0 0
0 0 434 -0.628975 0.679889 -0.769794 0.673704 0 0
0 0 435 -0.231033 -0.765143 0.556129 0.0231205 0 0
0 0 436 0.675456 0.154669 0.484217 1.02243 0 0
0 0 437 -0.124269 -0.361555 1.23063 0.744014 0 0
0 0 438 0.2696 -0.850093 -1.15453 -0.0362933 0 0
0 0 439 0.624598 0.291259 -0.570343 0.17876 0 0
0 0 440 -0.948316 -0.013799 -1.0342 -0.533858 0 0
0 0 441 -0.407636 -0.83911 0.158367 0.0747786 0 0
0 0 442 0.584073 -0.393187 0.23526 -0.235914 0 0
0 0 443 1.09603 -0.457213 -0.636674 -0.503033 0 0
0 0 444 0.729879 0.295564 0.0933712 0.608223 0 0
0 0 445 -0.676587 -0.046687 0.80799 0.180675 0 0
0 0 446 -0.501095 -0.665992 -0.241618 0.338337 0 0
0 0 447 -0.15758 1.58057 0.161751 0.0747318 0 0
0 0 448 0.616288 -1.73184 -0.642541 0.583497 0 0
0 0 449 -0.130881 0.48013 -0.0540592 1.18287 0 0
0 0 450 0.224845 -0.747048 0.264659 -0.438889 0 0
0 0 451 1.09332 0.0670049 0.310846 -0.011619 0 0
0 0 452 0.942723 0.140682 -0.52177 0.260355 0 0
0 0 453 -0.292004 0.275953 -0.829638 0.351763 0 0
0 0 454 0.0138873 -1.20905 -0.0024174 1.10154 0 0
0 0 455 -0.229628 0.737415 -0.352722 0.310913 0 0
0 0 456 -0.257152 0.578713 0.54667 0.325314 0 0
0 0 457 -0.302161 -0.592157 0.137658 -0.0992424 0 0
0 0 458 -0.0302273 -1.06907 0.946785 0.302981 0 0
0 0 459 -1.26545 0.670645 -0.248396 -0.0529784 0 0
0 0 460 -0.101887 -0.718781 -0.374005 -0.921701 0 0
0 0 461 -0.435519 0.568585 -0.72252 0.00250467 0 0
0 0 462 -0.63982 1.03787 -0.344093 0.536464 0 0
0 0 463 -0.370279 -0.525932 0.766962 0.0441157 0 0
0 0 464 -0.802552 -0.543247 -1.25922 0.243082 0 0
0 0 465 -0.202505 0.323837 -0.356257 1.51476 0 0
0 0 466 0.687328 -1.84723 -0.640628 0.499118 0 0
0 0 467 -0.541311 0.0351161 0.835929 -0.0245883 0 0
0 0 468 0.0475858 -0.298479 -0.00721381 -0.849435 0 0
0 0 469 -0.38543 0.30567 0.385186 0.339549 0 0
0 0 470 0.949829 0.559181 -0.402602 0.407661 0 0
0 0 471 0.162744 -0.817018 -0.0652907 0.00967592 0 0
0 0 472 0.120662 -0.823238 0.338837 -0.375442 0 0
0 0 473 -0.607733 1.77406 0.392437 0.31398 0 0
0 0 474 0.256013 0.567704 0.520852 0.155769 0 0
0 0 475 0.100328 -0.0808721 -0.264492 0.614541 0 0
0 0 476 -0.22935 0.232443 0.367306 0.156435 0 0
0 0 477 0.757355 -0.0408111 -0.384008 -0.337921 0 0
0 0 478 0.201692 -0.644438 0.332745 0.396171 0 0
0 0 479 1.63884 -0.829484 0.0599698 -0.0931969 0 0
0 0 480 0.62657 -0.188937 0.0356134 -0.514615 0 0
0 0 481 0.988936 0.948384 -0.501822 -0.961021 0 0
0 0 482 0.240664 0.228733 0.0290121 0.691982 0 0
0 0 483 -0.345449 -0.521994 -0.979065 0.331677 0 0
0 0 484 0.403909 1.49928 -1.26708 -0.379085 -20.101 8.47747
0 0 485 -0.088826 -0.42038 0.169627 -0.140299 0 0
0 0 486 0.335612 0.480019 -0.309993 -0.487094 0 0
0 0 487 -0.52133 -0.163644 -0.0298054 -0.331951 0 0
0 0 488 -0.222068 0.116565 -0.225773 0.810139 0 0
0 0 489 1.84856 -0.127998 0.43056 0.165484 0 0
0 0 490 -0.841722 0.383872 -0.276577 0.0249643 0 0
0 0 491 0.69968 -0.737533 -0.272495 0.551118 0 0
0 0 492 0.12338 0.272333 0.280882 0.511448 0 0
0 0 493 -0.381895 0.622445 -0.378824 -0.678649 0 0
0 0 494 0.523656 -0.30945 -0.0387747 -0.977641 0 0
0 0 495 -0.776417 -0.225627 -0.309624 -1.13941 0 0
0 0 496 0.413513 -0.285675 0.481263 -0.116191 0 0
0 0 497 -0.649051 0.241169 0.229976 -0.358837 0 0
0 0 498 -0.315147 1.04878 0.563603 -0.0826136 0 0
0 0 499 0.391796 -0.429375 -0.247696 -0.515169 0 0
0 0 500 -0.800591 -1.73637 0.461561 0.244453 0 0
0 0 501 -0.272171 -0.320098 -0.432479 -0.781841 0 0
0 0 502 -0.289908 -0.199703 -0.184394 0.779106 0 0
0 0 503 -0.516976 0.678118 -0.741142 0.099333 0 0
0 0 504 -0.235383 -0.0300386 0.016947 0.052148 0 0
0 0 505 -0.758776 0.259255 -0.280072 0.787433 0 0
0 0 506 0.793636 -0.793991 0.863545 -0.32838 0 0
0 0 507 0.372809 0.143571 -0.229362 -0.89291 0 0
0 0 508 0.537052 -1.39458 -1.00959 -0.027289 0 0
0 0 509 0.0281358 -0.428193 0.081946 -1.19783 0 0
0 0 510 0.15948 0.0852939 0.0768859 1.17239 0 0
0 0 511 -0.288558 -0.510383 0.286514 -0.144005 0 0
0 0 512 -0.35422 0.424485 -0.450566 1.03459 0 0
0 0 513 0.448513 0.651195 0.622541 0.428602 0 0
0 0 514 0.0343029 -0.561582 -0.458993 -1.3094 0 0
0 0 515 0.159735 0.232155 -0.711304 -0.4091 0 0
0 0 516 0.703044 0.472196 -0.725672 0.555697 0 0
0 0 517 0.969046 -0.785808 -1.04538 0.499703 0 0
0 0 518 -0.88597 -0.00384775 -1.66333 -0.365032 0 0
0 0 519 0.908886 -0.222606 0.215469 0.370449 0 0
0 0 520 0.664101 0.150507 -0.129102 -0.390824 0 0
0 0 521 -0.582253 0.34668 -0.0208136 0.685561 0 0
0 0 522 -0.858344 0.146247 -0.188284 -0.469367 0 0
0 0 523 0.982489 0.587908 1.21523 -0.644567 0 0
0 0 524 -0.439329 0.116345 -0.789876 -0.55004 0 0
0 0 525 0.533453 0.288212 0.0950846 0.609346 0 0
0 0 526 0.495419 -1.03393 -0.17526 0.271679 0 0
0 0 527 -0.328337 -0.974562 -0.518141 -1.49689 0 0
0 0 528 0.949989 0.26348 0.452767 0.174503 0 0
0 0 529 0.0607682 1.72805 -1.33385 0.168879 -18.8319 7.55177
0 0 530 0.216167 0.399335 -0.701271 0.719989 0 0
0 0 531 0.63262 0.182604 -0.466575 1.17449 0 0
0 0 532 1.43951 0.338218 -0.947022 0.0426136 0 0
0 0 533 0.807996 1.14057 0.804615 -0.285756 0 0
0 0 534 -0.0909332 1.07736 -0.581202 -0.833556 0 0
0 0 535 1.04876 0.417193 0.148816 0.189571 0 0
0 0 536 -0.0948939 0.823661 -1.26946 0.702257 0 0
0 0 537 -0.115668 -0.722678 0.00612956 -0.172725 0 0
0 0 538 0.23277 -0.833187 0.237919 0.386349 0 0
0 0 539 0.828257 -0.192128 0.334187 1.00441 0 0
0 0 540 1.51134 -1.16688 -0.172712 0.133098 0 0
0 0 541 0.822126 -0.104505 0.50515 0.788977 0 0
0 0 542 -0.248826 1.1326 -0.614632 -0.109962 0 0
0 0 543 -0.418751 0.44085 -0.593282 0.300289 0 0
0 0 544 -0.132773 0.0709789 -0.0334608 0.435496 0 0
0 0 545 -0.440965 1.57997 0.107268 -0.223403 0 0
0 0 546 0.780554 0.166824 0.142642 0.164013 0 0
0 0 547 -0.220964 0.857639 0.0419288 -0.0600951 0 0
0 0 548 0.395248 0.712428 0.30264 -0.914662 0 0
0 0 549 0.0766884 0.0158072 -0.29255 0.66026 0 0
0 0 550 -0.4779 0.667396 -0.673788 -0.699785 0 0
0 0 551 0.251249 0.608567 -1.10764 -0.482787 0 0
0 0 552 0.138505 0.673425 0.943703 -0.755739 0 0
0 0 553 0.781685 -0.232222 -0.19635 0.333794 0 0
0 0 554 0.327126 -0.480006 0.12863 -0.725612 0 0
0 0 555 -0.153031 1.19537 0.152724 -0.651561 0 0
0 0 556 0.841417 -0.953912 -0.368854 -0.010882 0 0
0 0 557 1.54683 0.106186 -0.755086 0.166362 0 0
0 0 558 0.270096 0.452299 0.224732 -0.790064 0 0
0 0 559 1.07109 0.49628 -0.430447 -0.67001 0 0
0 0 560 -0.222813 -0.857066 -0.436164 0.496218 0 0
0 0 561 -0.210839 1.62462 0.136823 -0.585685 0 0
0 0 562 0.125727 -0.74653 0.574554 0.0895553 0 0
0 0 563 0.340642 0.805888 -0.102629 0.745413 0 0
0 0 564 0.860099 -0.760148 -0.242216 0.0451896 0 0
0 0 565 -1.42557 -0.367653 -0.32561 -1.14804 0 0
0 0 566 -0.170051 0.343869 -0.678261 -0.0139864 0 0
0 0 567 0.361123 -0.282221 -0.4976 0.653772 0 0
0 0 568 0.535961 -0.708936 0.0170298 -0.700639 0 0
0 0 569 0.316608 0.111939 -0.621838 0.97385 0 0
0 0 570 0.235107 -0.718925 -0.871657 0.374552 0 0
0 0 571 -0.042001 -0.0519876 -0.429282 -0.312651 0 0
0 0 572 0.13671 -0.367175 -0.38117 -0.199507 0 0
0 0 573 -0.296706 0.879868 -0.562584 0.997256 0 0
0 0 574 0.661968 -0.442065 -0.0800466 0.751624 0 0
0 0 575 0.792999 -0.406797 -0.617412 0.199407 0 0
0 0 576 -0.597553 -0.602115 -0.509918 0.419657 0 0
0 0 577 0.0364835 -0.316036 -0.143929 -0.697328 0 0
0 0 578 0.312919 -0.664307 0.13242 -1.07648 0 0
0 0 579 -0.256415 -0.457041 0.263718 0.508854 0 0
0 0 580 2.04135 0.637361 -0.877115 0.994093 0 0
0 0 581 0.365662 0.00161892 -0.671347 0.249791 0 0
0 0 582 1.08003 0.272785 -0.127738 -0.558018 0 0
0 0 583 0.103382 0.0388767 1.19667 -0.961437 0 0
0 0 584 -0.492044 -0.0727243 0.262031 -1.32619 0 0
0 0 585 0.667129 0.699492 -0.11532 0.403705 0 0
0 0 586 0.0320208 -0.0917194 0.0839972 0.113142 0 0
0 0 587 1.09197 -1.45007 0.641178 0.156219 0 0
0 0 588 -1.79245 -0.579012 -0.801768 -0.958382 0 0
0 0 589 0.624057 -0.291039 -0.221532 -1.30704 0 0
0 0 590 -0.0118294 0.962105 1.4278 0.430466 0 0
0 0 591 0.0147559 0.198574 -0.206346 0.0117238 0 0
0 0 592 0.703116 -0.47399 -0.488491 -0.885804 0 0
0 0 593 -0.149209 -0.973813 -0.582926 0.427043 0 0
0 0 594 0.378069 0.520387 -0.831808 0.514089 0 0
0 0 595 0.92372 0.205636 0.368713 0.390304 0 0
0 0 596 0.711106 0.570867 0.59015 -0.284075 0 0
0 0 597 0.19302 -1.04608 0.492198 0.195404 0 0
0 0 598 -0.325613 0.162559 0.22451 0.709543 0 0
0 0 599 0.404404 0.395284 -0.530973 -1.0771 0 0
0 0 600 1.01156 1.4126 -0.361265 -0.296488 0 0
0 0 601 -0.206221 0.840591 0.44385 -0.916503 0 0
0 0 602 0.691135 -0.0871449 -0.0426433 0.315509 0 0
0 0 603 0.0596161 -0.150031 -0.386996 0.295554 0 0
0 0 604 -0.536001 -0.495946 -0.344953 0.438135 0 0
0 0 605 0.644061 -0.255369 -0.170979 0.251781 0 0
0 0 606 -0.390153 0.881801 -0.301918 -0.807083 0 0
0 0 607 0.686423 -0.0254768 -0.0536527 0.664196 0 0
0 0 608 0.425752 -0.0936153 -0.155677 -0.593312 0 0
0 0 609 -0.63806 4.46737e-05 -0.639595 -0.000414781 0 0
0 0 610 0.388982 0.237421 0.032269 -0.975801 0 0
0 0 611 1.12786 1.07024 -1.12549 -0.525914 0 0
0 0 612 0.784698 0.268232 -1.05072 -0.288273 0 0
0 0 613 0.688247 0.405195 0.266626 -0.533035 0 0
0 0 614 0.175707 0.0330845 0.224507 -0.825175 0 0
0 0 615 0.270552 0.391295 -0.194251 -1.57034 0 0
0 0 616 -0.498978 0.43026 -1.27756 -0.0236648 0 0
0 0 617 -0.0116366 -0.851806 1.20701 1.66373 0 0
0 0 618 0.104671 0.910786 -0.684778 0.130428 0 0
0 0 619 -0.825804 0.277192 1.34376 -0.014459 0 0
0 0 620 0.308805 -0.980834 -0.160993 0.440524 0 0
0 0 621 -0.897517 -0.279343 -0.841904 0.787857 0 0
0 0 622 0.422125 0.599806 -0.267751 1.82756 0 0
0 0 623 0.648296 0.642592 0.370715 -0.136657 0 0
0 0 624 -0.430109 -0.438713 -0.123282 0.326669 0 0
0 0 625 0.237268 -1.43704 -0.362939 -0.815632 0 0
0 0 626 0.360546 0.22239 -0.280739 -1.30652 0 0
0 0 627 0.260391 -0.0617957 -0.0278629 -0.166006 0 0
0 0 628 0.121124 0.451153 -0.566763 -0.213824 0 0
0 0 629 -0.283862 -0.574524 -0.326798 -0.672671 0 0
0 0 630 -0.189218 0.360225 0.628086 1.01286 0 0
0 0 631 0.620058 0.227409 -1.06581 0.743428 0 0
0 0 632 0.674897 0.220178 -0.051752 -1.63282 0 0
0 0 633 1.52739 -1.83807 -0.398402 1.2231 0 0
0 0 634 0.122214 -0.339451 0.298726 0.122866 0 0
0 0 635 -0.396969 -0.0718026 -0.27164 0.103669 0 0
0 0 636 -0.789111 0.790893 0.495521 -0.806889 0 0
0 0 637 0.171016 -0.554581 0.0886086 -0.887158 0 0
0 0 638 -0.650541 0.0599319 -0.706687 0.909496 0 0
0 0 639 1.10449 -0.063275 0.323854 -0.620612 0 0
0 0 640 0.154291 0.0721924 -0.873039 -0.236968 0 0
0 0 641 -0.0507775 -0.0375793 0.570274 0.767938 0 0
0 0 642 0.843482 0.271875 -1.04886 -0.159292 0 0
0 0 643 0.426549 1.19332 0.250103 -0.278115 0 0
0 0 644 -0.706223 0.530888 -0.936733 -0.0811853 0 0
0 0 645 0.325261 -0.238593 -0.547554 -0.1756 0 0
0 0 646 -0.176327 0.815731 -0.834089 -0.0570759 0 0
0 0 647 0.671665 -0.410559 -0.812922 -0.130834 0 0
0 0 648 0.0906847 -0.044536 -0.0623877 0.844565 0 0
0 0 649 1.20118 0.238187 0.488113 0.0634985 0 0
0 0 650 0.408682 0.182271 0.261333 0.315557 0 0
0 0 651 0.697647 -0.0205501 0.420679 -0.439431 0 0
0 0 652 0.23188 -0.0773418 -0.167413 0.655672 0 0
0 0 653 0.461017 -0.644391 -1.25695 -0.500276 0 0
0 0 654 -0.469155 -0.973346 0.184568 0.375439 0 0
0 0 655 -0.217595 -0.0510542 -0.363208 -0.285859 0 0
0 0 656 1.12395 0.35293 0.704373 0.022761 0 0
0 0 657 1.33926 0.755191 0.6749 0.0783392 0 0
0 0 658 -0.428106 0.235171 -0.072299 0.258742 0 0
0 0 659 0.897843 -0.426805 -1.33459 -0.786943 0 0
0 0 660 -0.356836 0.25626 -0.422342 -0.203177 0 0
0 0 661 1.16005 0.481156 -0.170447 0.197648 0 0
0 0 662 -0.579373 -0.484386 0.119973 0.122082 0 0
0 0 663 0.174665 1.03528 -0.334753 0.254124 0 0
0 0 664 -1.11932 -1.08793 -0.148826 -0.102936 0 0
0 0 665 -0.366902 -0.815408 -0.743822 0.157973 0 0
0 0 666 0.211068 -0.0908542 0.861686 0.510418 0 0
0 0 667 -0.283618 0.183363 0.56954 0.199099 0 0
0 0 668 -0.523005 0.322584 0.0461627 0.811051 0 0
0 0 669 1.1296 0.291381 -0.129728 0.598236 0 0
0 0 670 -0.952714 0.020141 -1.23429 0.446329 0 0
0 0 671 -0.166178 -0.440588 0.061938 -0.656143 0 0
0 0 672 0.311253 -0.750623 0.645285 0.204067 0 0
0 0 673 -0.498505 -0.407631 0.381452 -0.729029 0 0
0 0 674 0.924012 -0.159725 -0.949926 -1.44154 0 0
0 0 675 0.302206 0.825442 -0.0829573 0.539697 0 0
0 0 676 0.648974 1.10466 -0.766241 0.455429 0 0
0 0 677 0.307913 0.243852 -0.223873 -1.17656 0 0
0 0 678 -0.254769 -0.108626 -0.604465 -0.624399 0 0
0 0 679 -0.338632 0.408407 -0.287647 0.651771 0 0
0 0 680 -0.651127 0.877846 -0.243073 -0.121987 0 0
0 0 681 0.558554 0.281869 -0.83844 -0.353523 0 0
0 0 682 -0.11534 0.171156 0.247302 -1.28722 0 0
0 0 683 0.389096 0.199208 0.0150263 0.563357 0 0
0 0 684 0.711877 -0.0619225 0.00685548 -0.520038 0 0
0 0 685 0.0908706 0.0807905 0.230122 -0.644873 0 0
0 0 686 -0.426089 1.33226 0.990279 -0.0013847 0 0
0 0 687 0.119235 1.17505 -0.417532 0.191257 0 0
0 0 688 1.00737 -0.490664 0.234461 -1.03142 0 0
0 0 689 1.03713 0.417477 -0.658343 -0.0320081 0 0
0 0 690 1.15738 0.89214 0.215198 -0.759789 0 0
0 0 691 -0.298938 0.708107 0.0931913 -0.0343219 0 0
0 0 692 -0.031562 0.210337 -0.327724 0.775 0 0
0 0 693 0.0623336 0.181792 -0.601245 -0.512491 0 0
0 0 694 0.611386 -0.253683 -0.181909 -0.341585 0 0
0 0 695 -0.0894727 -0.920444 -0.25031 0.0107406 0 0
0 0 696 0.545584 -1.16669 -0.394282 0.786605 0 0
0 0 697 0.454709 -0.0378181 1.09126 0.343138 0 0
0 0 698 0.671694 0.459817 0.737648 0.359844 0 0
0 0 699 0.441143 -0.465205 0.473018 -0.191801 0 0
0 0 700 0.044755 -0.578076 -0.217359 -0.168733 0 0
0 0 701 0.249341 0.0815497 0.544886 -0.849453 0 0
0 0 702 0.465459 0.158962 0.212654 -0.352759 0 0
0 0 703 0.126724 -0.539783 0.414314 0.879518 0 0
0 0 704 0.204549 -0.944127 1.02822 -0.63138 0 0
0 0 705 -0.0687444 -0.190639 -0.651811 -0.645064 0 0
0 0 706 -0.0925643 -1.03272 -0.779612 0.227587 0 0
0 0 707 0.192003 -0.399824 -0.0233156 0.219609 0 0
0 0 708 -0.158611 -0.49677 0.809153 0.0040851 0 0
0 0 709 0.0223177 0.46067 0.200344 0.338251 0 0
0 0 710 0.929377 0.0930589 0.0901032 -0.723617 0 0
0 0 711 2.14249 -0.626143 0.556569 -0.982716 0 0
0 0 712 0.571375 0.83389 0.785161 0.216156 0 0
0 0 713 -0.168243 -0.363008 0.0570047 0.16649 0 0
0 0 714 0.255808 0.49914 -1.37 0.86828 0 0
0 0 715 1.0413 0.296105 -0.361291 0.0448662 0 0
0 0 716 0.914227 0.0889004 0.747196 -0.274359 0 0
0 0 717 0.903326 -0.139991 -1.60678 -0.00450724 0 0
0 0 718 -0.0635376 -0.191327 0.159423 0.148435 0 0
0 0 719 -0.589718 0.799974 -0.193524 -0.41608 0 0
0 0 720 0.298594 -0.0490144 -0.498213 -0.0662875 0 0
0 0 721 0.326486 0.56574 0.174584 -0.920659 0 0
0 0 722 -0.488304 0.194467 -1.05091 -0.750194 0 0
0 0 723 -0.800014 0.531012 0.27895 1.59373 0 0
0 0 724 0.307842 -0.659621 -0.218756 -0.681192 0 0
0 0 725 -0.320447 0.256574 -0.355435 0.672087 0 0
0 0 726 0.620338 0.437552 -0.883156 0.651817 0 0
0 0 727 0.258578 -0.473767 -0.907371 0.192632 0 0
0 0 728 -0.0557647 -0.377577 0.114445 -0.172097 0 0
0 0 729 0.385598 -0.107695 0.39445 0.188677 0 0
0 0 730 0.127896 -0.455864 0.500451 -0.233749 0 0
0 0 731 1.11388 -0.469772 0.369851 -0.116624 0 0
0 0 732 0.378156 0.445255 0.646565 0.371341 0 0
0 0 733 1.0676 0.159002 -0.560935 0.511921 0 0
0 0 734 0.870919 0.65296 1.54649 0.486402 0 0
0 0 735 0.521711 -0.588073 -1.15593 -0.216777 0 0
0 0 736 -0.149562 1.189 0.0761065 -0.183203 0 0
0 0 737 0.721574 0.448178 0.923371 -0.0633196 0 0
0 0 738 0.619753 -0.234264 0.875067 0.71687 0 0
0 0 739 0.613254 0.143995 -0.252742 0.293141 0 0
0 0 740 0.759197 0.29862 -0.366473 0.204266 0 0
0 0 741 -0.357327 1.02475 -0.446874 0.213975 0 0
0 0 742 0.427663 -0.960801 0.0606887 0.152271 0 0
0 0 743 1.5799 -1.2128 0.487748 0.0909479 0 0
0 0 744 0.321879 0.281537 0.183503 1.392 0 0
0 0 745 0.678391 0.321347 -0.76623 -0.00829055 0 0
0 0 746 -0.818247 0.375792 -0.300258 0.302233 0 0
0 0 747 0.567507 -0.2904 0.854092 0.06908 0 0
0 0 748 0.495179 1.4452 -0.514513 -0.576834 0 0
0 0 749 -0.422503 -0.580485 0.220048 0.492079 0 0
0 0 750 0.00686482 -0.643659 -1.19963 -0.123782 0 0
0 0 751 1.21567 -0.0772834 -0.083853 -0.0524229 0 0
0 0 752 0.990067 0.354991 -0.622921 0.0829475 0 0
0 0 753 0.0977281 -0.0972035 0.170722 -0.288476 0 0
0 0 754 -0.466454 0.323865 -0.909268 -0.337558 0 0
0 0 755 1.14224 -0.00126761 0.509614 -0.448524 0 0
0 0 756 0.237158 -0.407583 0.838068 0.0311068 0 0
0 0 757 1.20059 0.0900509 0.381206 0.325119 0 0
0 0 758 -0.183292 0.321309 -0.288057 1.47923 0 0
0 0 759 -0.0758161 0.192018 0.540122 -0.00970846 0 0
0 0 760 0.000422172 0.175679 -1.27538 0.0798648 0 0
0 0 761 0.906906 0.153284 0.0115993 0.0743905 0 0
0 0 762 -0.536754 0.444149 -0.725263 -0.223107 0 0
0 0 763 1.12115 -0.540229 -0.287818 -0.783387 0 0
0 0 764 0.4293 0.691015 0.998011 0.166328 0 0
0 0 765 0.245564 0.169916 -0.040654 0.708298 0 0
0 0 766 -0.595936 0.110081 0.100346 0.138322 0 0
0 0 767 -0.526191 0.0450491 0.179759 -0.0854366 0 0
0 0 768 0.176141 -0.616502 0.46356 0.685798 0 0
0 0 769 0.768737 -0.101663 -0.517881 0.0259249 0 0
0 0 770 0.421676 -0.446938 0.203485 0.0647104 0 0
0 0 771 0.38738 -0.185072 -0.71844 -0.465941 0 0
0 0 772 0.974742 0.342508 -0.0936261 0.605615 0 0
0 0 773 -0.229684 0.114078 -0.155936 -0.185997 0 0
0 0 774 -0.167247 -0.391468 0.49512 -0.0910819 0 0
0 0 775 0.284145 0.844356 0.168874 1.05556 0 0
0 0 776 -0.500174 0.340678 -1.06754 0.257271 0 0
0 0 777 -0.258596 -0.0795526 1.15063 -0.918303 0 0
0 0 778 -0.146468 -1.55593 -0.560927 0.570774 0 0
0 0 779 0.169995 -0.238974 -0.408756 1.21212 0 0
0 0 780 0.819669 0.45629 0.221143 -0.000356812 0 0
0 0 781 0.602107 -0.319264 -0.407809 -0.307199 0 0
0 0 782 1.16734 -0.131008 1.33332 -1.32158 0 0
0 0 783 1.20179 0.0272181 0.136838 -0.104363 0 0
0 0 784 0.0773322 0.294404 -0.682492 -0.940056 0 0
0 0 785 1.4783 -0.0552692 0.970892 0.0745129 0 0
0 0 786 -0.23531 0.266374 1.36639 0.116871 0 0
0 0 787 -0.441755 -0.432703 1.05521 -0.817059 0 0
0 0 788 0.521394 -0.885016 0.3074 0.577195 0 0
0 0 789 1.484 -0.964105 0.1425 -0.121267 0 0
0 0 790 -0.108328 0.384455 0.127088 0.907244 0 0
0 0 791 0.262509 -0.0220355 0.0115659 -0.0405604 0 0
0 0 792 0.433426 1.00556 0.0516358 -0.405363 0 0
0 0 793 0.811527 0.814037 -0.47383 -0.893704 0 0
0 0 794 -0.00473253 0.111472 0.385266 -1.28844 0 0
0 0 795 0.859606 -0.82217 -0.174085 -1.03793 0 0
0 0 796 0.0250317 0.119638 0.23492 -0.259764 0 0
0 0 797 0.574983 0.0554046 -0.615217 0.241308 0 0
0 0 798 0.310758 0.0282135 -0.0380019 0.0736282 0 0
0 0 799 0.0870156 -0.0442531 -1.23384 0.794879 0 0
0 0 800 -0.00267122 0.0746005 -1.17637 -0.636945 0 0
0 0 801 0.746791 -0.137052 0.639917 0.0879257 0 0
0 0 802 0.201985 0.151761 -0.507136 -0.184923 0 0
0 0 803 -0.257091 0.972923 -1.02258 0.349434 0 0
0 0 804 0.395956 -0.362872 -0.234722 -0.00716205 0 0
0 0 805 1.32941 1.33195 0.0177179 0.00662549 0 0
0 0 806 0.287883 0.432611 0.63607 0.0742792 0 0
0 0 807 1.45537 -0.639152 0.385138 0.103089 0 0
0 0 808 1.15186 0.872884 -0.897231 -0.217269 0 0
0 0 809 0.634325 -0.284401 0.426083 0.504153 0 0
0 0 810 0.436482 0.539777 0.205173 -0.0242511 0 0
0 0 811 -0.165981 0.608278 -0.128886 -0.459615 0 0
0 0 812 -0.0136122 0.521438 0.280038 -0.277837 0 0
0 0 813 -0.380349 1.12867 0.899009 0.904415 0 0
0 0 814 0.812722 -1.14514 0.481031 0.221646 0 0
0 0 815 1.19626 -0.335259 -0.491566 -0.665503 0 0
0 0 816 0.535924 -0.0960057 -0.929372 -0.597248 0 0
0 0 817 -0.273889 0.255356 -1.17001 -0.497504 0 0
0 0 818 0.698046 0.850628 -0.682092 -0.239292 0 0
0 0 819 1.20851 -0.79483 -1.62396 0.786386 0 0
0 0 820 1.26415 -0.170514 -0.751848 -0.471486 0 0
0 0 821 0.779701 -0.376351 -0.669058 0.371605 0 0
0 0 822 0.541806 1.5482 -1.38205 0.207998 -20.8773 8.06484
0 0 823 0.520694 -0.286049 -0.693139 0.396817 0 0
0 0 824 -0.321214 0.113169 0.108448 -0.58488 0 0
0 0 825 0.32166 1.27037 -0.0967223 -0.632852 0 0
0 0 826 1.01992 0.254625 -0.548105 0.784614 0 0
0 0 827 0.826199 0.147718 0.124889 0.371608 0 0
0 0 828 0.676131 0.9373 -0.931174 -0.919466 0 0
0 0 829 1.46594 1.51065 -2.11433 -0.169677 -27.2274 6.73424
0 0 830 1.46162 -0.49157 0.194724 -1.02376 0 0
0 0 831 1.39053 0.130259 -0.990973 0.681551 0 0
0 0 832 2.21803 0.311059 -1.18749 -0.517904 0 0
0 0 833 2.83822 0.581975 -1.0583 -0.553682 0 0
0 0 834 2.87037 -0.286931 -0.703709 -0.146866 0 0
0 0 835 2.01648 0.097284 -1.04876 0.365566 0 0
0 0 836 3.09101 1.45741 -1.68123 -1.4508 -24.5395 7.72396
0 0 837 2.83925 -0.219302 -2.16312 0.0508991 -47.8945 8.54732
0 0 838 4.35426 -0.339893 -2.10885 -0.497041 -49.5779 8.67712
0 0 839 4.77405 0.505704 -2.90792 -0.434455 -40.0673 6.2753
0 0 840 4.43718 1.28284 -3.33172 -0.572263 -34.4707 5.09715
0 0 841 5.36022 0.883426 -3.79715 -0.0315988 -38.4514 4.73275
0 0 842 6.76269 0.963698 -4.67959 -0.764516 -39.1817 3.86902
0 0 843 7.23805 0.938413 -6.25064 -0.351306 -40.731 2.93409
0 0 844 9.52835 1.35069 -7.48076 -0.210829 -39.8826 2.4356
0 0 845 8.98753 2.00044 -6.80049 0.26391 -36.8041 2.58995
0 0 846 10.12 1.96592 -7.93155 -0.697882 -38.0396 2.25536
0 0 847 11.8685 1.61731 -8.07056 0.311189 -39.3341 2.24663
0 0 848 12.3045 1.78456 -8.35054 0.124917 -38.9685 2.16366
0 0 849 13.7967 2.80487 -9.28327 0.942706 -36.5941 1.89179
0 0 850 13.3386 -0.403657 -8.05566 -0.723796 -46.4343 2.30706
0 0 851 14.7142 1.91589 -7.89403 -0.0678393 -38.179 2.26968
0 0 852 14.96 1.77321 -7.74274 1.39797 -38.5504 2.32348
0 0 853 13.2934 0.755234 -6.91518 1.03948 -41.8836 2.67074
0 0 854 14.46 1.09212 -7.09532 -0.622055 -40.6248 2.58284
0 0 855 12.0324 0.217727 -6.61009 0.0830915 -44.0567 2.81429
0 0 856 12.6032 1.21245 -6.39037 -0.595448 -39.6285 2.84494
0 0 857 11.6911 -0.551223 -3.9993 0.493196 -48.9238 4.59646
0 0 858 11.5998 1.06403 -4.83574 -0.455446 -38.7954 3.72976
0 0 859 11.3101 1.09474 -5.19479 -0.742745 -39.0499 3.48085
0 0 860 11.3692 0.509151 -5.35688 0.78003 -42.2853 3.45428
0 0 861 11.0251 0.402008 -5.40705 0.641102 -42.874 3.43024
0 0 862 10.6806 -0.526126 -5.08636 -0.0757886 -47.9528 3.63397
0 0 863 9.63725 -0.0652351 -5.07653 -0.0197553 -45.3681 3.66672
0 0 864 8.14158 0.77712 -4.8155 0.00837201 -40.4164 3.79981
0 0 865 8.99215 0.370326 -3.94121 -0.226921 -42.3161 4.69568
0 0 866 8.7964 1.23941 -6.09687 1.27971 -39.2546 2.97169
0 0 867 7.80188 0.889771 -6.24561 -0.224542 -40.946 2.94078
0 0 868 8.7514 1.43965 -6.80149 -0.170294 -39.0244 2.65791
0 0 869 8.08958 1.00914 -5.66795 -0.821694 -39.9523 3.21648
0 0 870 8.40832 -0.127227 -6.49123 -0.0278071 -45.5614 2.86717
0 0 871 8.43587 1.60612 -7.1256 0.618863 -38.6488 2.52734
0 0 872 8.98701 1.4095 -7.08393 -0.682577 -39.3734 2.56048
0 0 873 7.23699 0.330722 -7.12015 0.594143 -43.6703 2.61081
0 0 874 8.94759 1.33183 -6.92203 0.264198 -39.5546 2.6247
0 0 875 8.28512 1.78421 -6.5712 -0.108166 -37.4046 2.7015
0 0 876 8.22307 1.05557 -7.52737 1.2445 -41.0087 2.44103
0 0 877 9.00078 0.466893 -7.69569 0.925278 -43.2641 2.41309
0 0 878 8.50522 0.611486 -6.907 0.288891 -42.4704 2.68118
0 0 879 8.4715 -0.152314 -7.41012 0.129333 -45.5888 2.51156
0 0 880 8.91085 1.57462 -8.34776 -0.113041 -39.659 2.17844
0 0 881 9.614 2.25634 -8.77331 0.578818 -37.7886 2.03297
0 0 882 9.81487 1.67938 -9.78549 0.540551 -40.1309 1.86576
0 0 883 10.9077 1.72498 -9.17081 0.939371 -39.6737 1.98319
0 0 884 12.9706 1.49159 -10.2592 0.625969 -40.8639 1.78929
0 0 885 11.6488 1.24458 -11.6449 0.293762 -41.9498 1.58652
0 0 886 13.149 1.93871 -12.0606 0.499511 -40.434 1.51738
0 0 887 14.0445 1.60503 -11.8962 1.25905 -41.158 1.54606
0 0 888 15.094 0.650067 -13.2587 1.35817 -43.5965 1.40181
0 0 889 14.2983 2.21002 -12.6626 1.19698 -40.0499 1.4409
0 0 890 15.4168 0.536464 -14.7472 0.701439 -43.9583 1.26124
0 0 891 16.0797 1.46442 -15.3347 0.910825 -42.2725 1.20661
0 0 892 17.7183 1.72296 -17.0711 1.09793 -42.1184 1.08312
0 0 893 19.2008 1.64279 -17.2866 1.43397 -42.2857 1.07044
0 0 894 20.2726 1.55973 -18.5542 0.505871 -42.5974 0.998612
0 0 895 21.924 0.2448 -18.624 1.13382 -44.6235 0.999471
0 0 896 22.2137 1.99711 -19.4059 2.31903 -42.0621 0.952545
0 0 897 23.587 1.44656 -21.9063 2.16626 -43.111 0.847332
0 0 898 23.7434 0.771238 -21.3471 1.65516 -43.9654 0.871313
0 0 899 25.4214 1.51475 -21.6439 1.5121 -42.9983 0.857299
0 0 900 25.07 1.21776 -20.9487 0.949922 -43.3365 0.88665
0 0 901 24.759 -0.146333 -21.2911 1.5629 -45.1969 0.874343
0 0 902 24.1167 0.350244 -20.9988 1.25659 -44.5222 0.886373
0 0 903 23.9769 0.26312 -19.6061 1.3138 -44.6156 0.949399
0 0 904 22.769 0.422343 -18.4128 0.353279 -44.343 1.01069
0 0 905 21.4267 0.408648 -17.3166 1.03156 -44.3241 1.07465
0 0 906 23.1234 -0.333145 -16.7875 0.482 -45.5684 1.10865
0 0 907 21.3496 -1.26549 -14.6406 0.24311 -47.4701 1.26521
0 0 908 21.9773 -1.15628 -15.0756 -0.228475 -47.193 1.23
0 0 909 21.7963 -0.677405 -12.5834 0.301238 -46.5407 1.47656
0 0 910 21.787 -0.809505 -12.3887 -0.210861 -46.8693 1.49839
0 0 911 23.5728 -0.388871 -12.5996 0.624595 -45.8839 1.47658
0 0 912 23.5244 -1.42107 -11.5442 -0.194095 -48.5088 1.59641
0 0 913 24.7927 -0.3375 -10.6025 -1.59995 -45.9116 1.75464
0 0 914 27.2787 -1.06112 -11.0042 -0.619605 -47.754 1.68126
0 0 915 30.4205 0.554873 -9.87724 0.896175 -43.3923 1.88078
0 0 916 33.9414 0.246876 -8.37454 0.343699 -44.1557 2.22167
0 0 917 37.7436 -0.683651 -8.32108 -0.757472 -47.3484 2.22716
0 0 918 42.7543 -1.43863 -6.77054 -1.29256 -50.998 2.66947
0 0 919 48.8584 0.208122 -4.33057 -0.591411 -43.6243 4.29215
0 0 920 56.5281 1.42856 -3.05132 -2.09746 -32.456 5.35165
0 0 921 66.2853 1.48054 1.98662 -0.584782 26.6522 7.03651
0 0 922 77.9283 3.24168 7.16261 -2.26697 32.8246 2.2975
0 0 923 92.1429 2.78266 10.9417 -2.34782 37.8656 1.63157
0 0 924 107.824 5.06385 17.7693 -3.86101 37.0468 0.994431
0 0 925 125.148 4.99288 24.6329 -3.90171 39.2709 0.735634
0 0 926 143.127 6.66045 35.3935 -5.49763 39.6713 0.513854
0 0 927 158.45 9.32597 43.8058 -7.18443 38.9908 0.412542
0 0 928 175.402 9.77248 53.4556 -8.70652 39.8199 0.340666
0 0 929 187.953 11.3767 61.1534 -8.92842 39.7307 0.297555
0 0 930 197.225 11.1512 66.337 -10.9761 40.2289 0.275436
0 0 931 202.393 10.3822 70.302 -8.88638 40.7996 0.260998
0 0 932 203.925 10.6379 72.0684 -7.26783 40.8016 0.254605
0 0 933 200.71 11.1713 69.691 -8.16631 40.4465 0.262619
0 0 934 195.413 10.5354 66.0046 -4.34809 40.4656 0.277325
0 0 935 187.546 8.73006 61.433 -3.09729 40.956 0.298995
0 0 936 176.88 9.61374 56.2546 -2.35845 40.151 0.324602
0 0 937 167.517 9.95276 50.4265 -1.07354 39.4175 0.359843
0 0 938 156.685 8.34087 44.6302 -0.489572 39.7071 0.407634
0 0 939 147.089 7.54659 39.5152 -0.017073 39.5939 0.45994
0 0 940 137.637 6.5779 34.1563 1.88614 39.5497 0.531891
0 0 941 129.426 6.55235 29.5582 1.13955 38.7505 0.609911
0 0 942 122.504 6.31152 26.6348 0.942043 38.3344 0.673855
0 0 943 115.227 5.43594 21.1878 1.1869 37.8053 0.841968
0 0 944 108.417 4.98952 18.7111 2.2634 37.5344 0.950287
0 0 945 102.34 4.25777 16.2591 2.2876 37.6627 1.09532
0 0 946 97.9017 4.89925 14.0915 0.996908 35.4144 1.22444
0 0 947 93.1875 4.08554 11.8765 1.18249 35.5084 1.45497
0 0 948 88.4042 4.21536 9.6958 0.765028 33.2512 1.71193
0 0 949 84.871 3.7009 7.6728 0.0624648 32.1251 2.11311
0 0 950 81.7875 3.41824 6.62402 0.408817 31.3523 2.40534
0 0 951 79.4084 2.47826 4.25863 -0.607182 29.9016 3.60987
0 0 952 75.3587 2.82878 4.36488 -0.318495 28.5268 3.3919
0 0 953 71.9488 0.710674 2.8055 -1.14515 37.8926 6.36531
0 0 954 69.8972 2.20525 2.33532 -1.22196 23.3205 5.30453
0 0 955 67.8038 1.91719 2.05733 -2.19102 23.5097 6.06692
0 0 956 64.2948 2.31295 1.16976 -2.78882 13.4138 6.1186
0 0 957 63.1401 0.653824 0.756351 -2.4509 0 0
0 0 958 61.1016 -0.180092 -0.508166 -1.58512 0 0
0 0 959 58.5546 -0.26746 0.0612725 -3.69118 0 0
0 0 960 55.3079 -1.28301 -0.316786 -3.66946 0 0
0 0 961 53.4206 -1.69946 -1.05042 -3.55323 -74.1401 8.07375
0 0 962 50.5812 -1.82339 -0.125478 -3.90218 0 0
0 0 963 49.1495 -1.42773 -0.569321 -4.00272 0 0
0 0 964 47.1792 -1.3624 -0.798814 -5.3055 0 0
0 0 965 43.4913 -2.21213 -0.305496 -3.68623 -86.0686 6.78281
0 0 966 41.2133 -2.36732 -1.08779 -3.797 -77.6606 6.04469
0 0 967 37.7922 -2.64514 0.0999318 -4.52893 88.9182 5.69641
0 0 968 36.8966 -2.31695 -1.48019 -3.26682 -73.7137 5.8849
0 0 969 34.5698 -2.28377 -1.55394 -3.76182 -72.8837 5.89288
0 0 970 33.3362 -3.17013 -0.758765 -5.41064 -83.2698 4.68942
0 0 971 30.0929 -3.30873 -0.201022 -4.35141 -88.2616 4.55151
0 0 972 29.1956 -3.05598 -0.744432 -4.25034 -83.1547 4.86215
0 0 973 28.0218 -3.42134 0.518891 -3.161 85.688 4.38141
0 0 974 26.4216 -3.23338 -0.741528 -3.27248 -83.5417 4.60296
0 0 975 23.9422 -2.93705 -1.06625 -3.89611 -80.0237 4.96933
0 0 976 22.2853 -4.21167 -0.968328 -2.4723 -83.5259 3.53355
0 0 977 20.5423 -3.69176 -0.418425 -2.73112 -86.7668 4.07038
0 0 978 19.8187 -3.06993 -0.218461 -2.35657 -87.9648 4.90395
0 0 979 19.0574 -3.67886 -1.65604 -2.85103 -77.8825 3.89797
0 0 980 17.4759 -3.90101 -0.806887 -2.49628 -84.1568 3.82433
0 0 981 15.6563 -3.29328 0.148023 -2.21239 88.7132 4.57468
0 0 982 14.4328 -2.74441 -0.763076 -2.24224 -82.2308 5.39034
0 0 983 15.2515 -3.26018 -0.925586 -1.1275 -82.0752 4.53389
0 0 984 14.5979 -3.86358 -0.687848 -2.53912 -84.9526 3.87177
0 0 985 13.1641 -2.62727 -1.87701 -1.56313 -72.2284 5.06565
0 0 986 12.1137 -3.03107 -0.444128 -1.6105 -85.832 4.94737
0 0 987 12.0837 -3.65185 -1.11289 -0.98707 -81.5258 4.03539
0 0 988 10.1314 -3.6745 -0.648944 -0.650117 -84.9922 4.07149
0 0 989 10.3196 -3.09597 -0.548463 -0.742258 -84.977 4.83209
0 0 990 9.98799 -3.02623 0.0614343 -1.11782 89.4185 4.98028
0 0 991 7.37683 -3.17838 -1.12204 -0.220979 -80.2779 4.6002
0 0 992 7.41699 -2.59419 -0.368153 -1.81422 -85.9614 5.78238
0 0 993 8.26337 -3.01136 -0.963712 -1.48382 -81.127 4.88215
0 0 994 7.57544 -2.36767 -0.590518 -0.323326 -82.9978 6.27123
0 0 995 7.17322 -3.25257 -1.09282 -1.11585 -80.7141 4.50838
0 0 996 6.27961 -2.0061 -1.65563 -1.38228 -70.2336 6.38197
0 0 997 6.50881 -2.65466 -1.51872 -1.93242 -75.1132 5.23794
0 0 998 5.80213 -2.67887 -0.406045 0.151193 -85.6906 5.59577
0 0 999 5.4755 -2.34233 -1.87948 0.261467 -70.6282 5.51131
0 0 1000 4.70674 -2.54106 -0.620949 -0.0268995 -83.134 5.84688
0 0 1001 5.9403 -3.21771 -0.593601 -0.379159 -84.7738 4.6463
0 0 1002 5.19024 -1.37616 -0.665512 0.739394 0 0
0 0 1003 5.41948 -1.44488 -2.04156 0.063834 -62.6441 7.0023
0 0 1004 4.15671 -1.62011 -0.893375 0.569704 0 0
0 0 1005 4.26383 -1.33252 0.430608 0.260018 0 0
0 0 1006 3.09209 -0.823352 -0.767251 -0.849965 0 0
0 0 1007 4.31739 -1.42611 -0.654166 -0.561039 0 0
0 0 1008 3.48923 -0.381492 -0.620232 -0.419266 0 0
0 0 1009 2.83322 -0.962461 -0.0686058 -0.0945651 0 0
0 0 1010 2.5697 -1.12633 -0.728282 -0.620434 0 0
0 0 1011 3.0132 -0.160199 0.768709 -0.530403 0 0
0 0 1012 2.18277 -0.411748 -0.101336 -0.626652 0 0
0 0 1013 2.25692 -0.682372 -0.102209 0.226008 0 0
0 0 1014 2.16167 -0.524881 -0.848775 0.153749 0 0
0 0 1015 1.87684 -0.303194 -0.153921 0.0706754 0 0
0 0 1016 1.95381 -0.543905 0.193965 0.000328507 0 0
0 0 1017 1.93798 -1.75591 0.135272 0.861483 0 0
0 0 1018 1.00499 -1.55917 0.313567 0.869473 0 0
0 0 1019 1.54711 -0.801559 0.300943 -0.561374 0 0
0 0 1020 2.15454 -0.181438 0.905259 0.325512 0 0
0 0 1021 0.492728 -0.572595 0.571825 -0.206133 0 0
0 0 1022 0.952435 0.536725 0.755581 -0.912362 0 0
0 0 1023 0.718628 -0.582512 -0.314933 0.540651 0 0
