# File: uwl_220214_190953.rf.sbG2.RMC_aux Src: J1713+0747 Nsub: 1 Nch: 1 Npol: 4 Nbin: 1024 RMS: 0.943722
0 0 0 0.018352 0.660835 0.19078 -0.263521 0 0
0 0 1 0.764339 -0.165976 -0.208952 1.28457 0 0
0 0 2 0.152144 0.402144 -0.36261 0.243429 0 0
0 0 3 -1.39277 0.26901 -0.0219432 0.0282537 0 0
0 0 4 -1.19768 -0.9993 1.00905 0.659582 0 0
0 0 5 -0.0978816 1.01485 -0.303021 1.40892 0 0
0 0 6 -0.836747 -1.12691 1.48384 -1.19302 0 0
0 0 7 0.417403 0.7338 -0.0390519 0.093321 0 0
0 0 8 1.223 -0.328591 0.324041 -0.923698 0 0
0 0 9 -0.134848 -0.951617 -1.14571 0.071016 0 0
0 0 10 -0.270245 0.336604 -0.273017 0.0291754 0 0
0 0 11 -1.9503 -1.7944 -0.639416 0.48303 0 0
0 0 12 -0.425887 1.34546 -0.107727 -0.460068 0 0
0 0 13 0.51428 1.92455 0.585511 0.955131 0 0
0 0 14 -0.259917 1.27512 0.221255 -2.14161 0 0
0 0 15 1.09454 0.514586 -1.28489 1.80788 0 0
0 0 16 1.10475 0.60926 -0.419385 2.80808 0 0
0 0 17 0.17056 1.15165 -1.23841 0.200713 0 0
0 0 18 0.31635 0.869914 0.0798136 0.21661 0 0
0 0 19 -1.37876 0.53375 0.343456 0.944195 0 0
0 0 20 1.42116 -0.0524251 -0.447645 0.574283 0 0
0 0 21 1.02227 -0.805093 2.8615 0.800475 0 0
0 0 22 0.040324 0.337318 -0.369375 0.170386 0 0
0 0 23 0.552423 1.6927 -0.795784 -1.00548 0 0
0 0 24 0.174123 0.62939 -1.50641 0.0615933 0 0
0 0 25 -0.752858 0.556017 1.59057 0.553663 0 0
0 0 26 0.778142 0.280632 0.647824 -0.134952 0 0
0 0 27 -0.859854 -0.165363 0.552961 -0.109049 0 0
0 0 28 -0.554753 -0.263882 0.599357 -0.0776715 0 0
0 0 29 -0.588103 0.340766 1.47187 -0.135994 0 0
0 0 30 0.826029 0.276367 -0.264668 -0.627948 0 0
0 0 31 -1.13001 0.552849 2.01044 0.398522 0 0
0 0 32 -0.851253 1.30764 0.740136 -0.0989642 0 0
0 0 33 0.571146 -0.331376 -0.231411 1.68495 0 0
0 0 34 0.541262 1.88682 -0.509939 0.565313 0 0
0 0 35 -0.861101 1.30198 -0.925039 1.23477 0 0
0 0 36 -0.654723 0.578513 -0.0994657 1.4703 0 0
0 0 37 0.270456 -0.33476 -0.866637 -0.418486 0 0
0 0 38 1.85819 1.58241 0.788227 -0.0837626 0 0
0 0 39 3.02243 -0.555054 0.955701 0.259286 0 0
0 0 40 1.32661 -0.686245 -0.55098 0.294928 0 0
0 0 41 0.522402 0.721615 -0.569221 -0.345351 0 0
0 0 42 1.68657 -1.45546 -1.58261 -1.08516 0 0
0 0 43 0.78888 0.542667 -0.434341 0.316435 0 0
0 0 44 -0.0877433 -1.24298 0.695418 0.146991 0 0
0 0 45 0.895966 0.794633 0.236736 0.0427211 0 0
0 0 46 0.0458447 -0.151926 0.284473 -1.24111 0 0
0 0 47 1.14818 -0.0921068 0.299909 0.474298 0 0
0 0 48 -0.59842 1.0495 -0.269103 -0.551522 0 0
0 0 49 0.716898 0.919969 -1.35584 0.596936 0 0
0 0 50 -0.181573 0.42214 0.860947 -0.71271 0 0
0 0 51 -0.351998 0.395613 0.0401747 0.348168 0 0
0 0 52 0.275222 0.765908 -0.408241 0.622062 0 0
0 0 53 -1.15208 0.303022 0.996221 -0.680625 0 0
0 0 54 1.31837 -0.179429 -2.15332 0.0253712 0 0
0 0 55 0.356072 1.06419 2.49486 1.60369 0 0
0 0 56 0.217852 0.122308 0.926259 -1.03083 0 0
0 0 57 0.281803 0.139537 -1.72091 -0.231784 0 0
0 0 58 0.126968 -0.774043 -0.472512 -0.130839 0 0
0 0 59 2.31338 -0.405725 0.423526 -0.30934 0 0
0 0 60 0.0679157 1.77247 0.885421 -0.60705 0 0
0 0 61 -0.364425 -0.320064 0.0912478 1.15834 0 0
0 0 62 0.302664 1.3979 0.536862 0.522653 0 0
0 0 63 -0.0493561 -0.414028 0.95837 -0.392029 0 0
0 0 64 0.703656 -0.5616 -0.52202 -0.426345 0 0
0 0 65 -1.13845 -2.88344 0.431153 -0.0570762 0 0
0 0 66 0.0884385 -0.949192 2.00566 0.0183464 0 0
0 0 67 0.118194 1.49571 0.474327 0.89909 0 0
0 0 68 0.0442643 -0.146956 0.732496 -0.968979 0 0
0 0 69 0.18414 -0.394626 0.263751 1.01709 0 0
0 0 70 0.080812 0.369345 -0.603073 1.17937 0 0
0 0 71 -0.0257152 -0.686409 0.781132 -1.34129 0 0
0 0 72 0.834384 0.0288671 -1.18002 -0.0831567 0 0
0 0 73 0.272322 -0.213733 -0.200075 0.696291 0 0
0 0 74 0.436445 -0.465867 0.594027 0.659314 0 0
0 0 75 2.27253 0.121529 0.0140834 1.18074 0 0
0 0 76 -0.349133 1.59118 -0.475649 0.293031 0 0
0 0 77 0.299529 0.18923 -0.401064 1.43775 0 0
0 0 78 -0.584308 0.425862 0.165553 0.730943 0 0
0 0 79 0.334192 1.06759 -0.396017 -0.889584 0 0
0 0 80 0.0602023 0.422251 -0.161864 -1.00663 0 0
0 0 81 0.00152585 -0.827593 -0.62747 0.764783 0 0
0 0 82 1.32011 -0.452032 0.914934 0.322109 0 0
0 0 83 1.47131 1.09283 -0.159945 -1.06776 0 0
0 0 84 1.36065 0.13993 0.277807 -1.24706 0 0
0 0 85 1.68735 -0.354509 -3.54677 -0.36055 -47.854 7.31358
0 0 86 2.17519 -1.75114 -0.450132 -0.11057 0 0
0 0 87 1.20787 -0.770478 -0.686523 0.850464 0 0
0 0 88 2.72969 -0.952446 -3.11416 0.165645 -53.503 7.99453
0 0 89 2.60964 0.555271 -1.22046 0.0716226 0 0
0 0 90 1.04444 -1.55167 -0.263956 -0.539198 0 0
0 0 91 2.95511 -1.01546 -3.57032 -1.50773 -52.9384 7.0151
0 0 92 2.65395 -0.06726 -2.53878 0.608292 0 0
0 0 93 1.91327 -1.08191 -0.539842 -0.299907 0 0
0 0 94 1.28651 0.406186 0.527836 -1.09543 0 0
0 0 95 2.17083 0.122568 -0.0276783 0.400135 0 0
0 0 96 3.97509 -1.6666 -0.698834 -0.626767 0 0
0 0 97 3.35537 -1.43304 -0.61303 -0.623669 0 0
0 0 98 1.06318 -0.629877 -0.433424 0.494767 0 0
0 0 99 1.61177 -1.9726 -1.53577 0.513697 0 0
0 0 100 1.60273 1.53666 -0.193103 -2.11033 0 0
0 0 101 2.37313 1.11376 0.0709903 0.795361 0 0
0 0 102 0.334322 1.22787 -0.572353 0.99625 0 0
0 0 103 0.519662 -1.27162 -1.01786 1.0566 0 0
0 0 104 0.366962 1.85596 -0.746036 0.391719 0 0
0 0 105 0.888186 0.340429 -0.489665 0.516614 0 0
0 0 106 1.95506 -1.48228 -0.334419 0.724093 0 0
0 0 107 1.83178 -0.165644 -0.552316 -0.607461 0 0
0 0 108 1.12966 1.39106 0.582056 1.78006 0 0
0 0 109 0.737773 0.31283 -0.554623 -0.507268 0 0
0 0 110 2.5397 0.596998 -2.20304 -0.258219 0 0
0 0 111 1.41939 -0.944763 -1.19668 0.418875 0 0
0 0 112 2.42637 -0.631239 -2.00084 -1.42266 0 0
0 0 113 0.663702 1.96532 -1.80015 -0.487878 0 0
0 0 114 0.569198 -1.3588 -2.13214 1.44937 0 0
0 0 115 1.07099 0.498901 -1.50996 1.17075 0 0
0 0 116 2.71327 0.423924 0.0698555 1.67709 0 0
0 0 117 1.0788 -0.163791 -2.95888 0.229376 0 0
0 0 118 1.2236 0.465333 -0.105104 0.982177 0 0
0 0 119 1.19561 0.0898147 -1.48811 -0.826189 0 0
0 0 120 2.98747 0.653891 -1.57363 1.10736 0 0
0 0 121 0.184041 0.0331437 0.757207 1.34647 0 0
0 0 122 -0.540032 0.448694 -0.724631 -0.503569 0 0
0 0 123 2.41235 -0.102783 -1.27718 -1.2344 0 0
0 0 124 0.90691 0.322685 -0.26529 1.71057 0 0
0 0 125 3.19805 -0.538445 -2.34848 0.606803 0 0
0 0 126 0.742769 0.904042 -2.81165 -0.566959 0 0
0 0 127 2.1977 -0.452414 0.168583 0.964777 0 0
0 0 128 0.662881 3.01606 -0.310351 0.309845 -2.93752 8.45074
0 0 129 1.49013 1.63047 -2.24852 1.57154 0 0
0 0 130 1.34841 -1.91915 -2.87139 0.335648 -61.8788 7.50891
0 0 131 1.59063 -0.420267 -3.56793 -1.14706 -48.359 7.2558
0 0 132 4.24388 0.0853267 -1.73633 -0.713781 0 0
0 0 133 1.99666 -0.983648 -3.00929 -0.565805 -54.0505 8.22169
0 0 134 3.77462 -0.0932333 -1.40737 0.108851 0 0
0 0 135 2.8015 0.127544 -1.71408 1.116 0 0
0 0 136 2.34802 0.779667 -2.12384 1.66695 0 0
0 0 137 3.76695 -0.216004 -1.50116 -0.160372 0 0
0 0 138 2.48214 1.26465 -2.63499 -0.484501 0 0
0 0 139 5.22522 0.778883 -2.45982 1.81083 0 0
0 0 140 4.63155 0.0252512 -2.52135 0.273005 0 0
0 0 141 3.59438 0.0698906 -2.30764 -1.23973 0 0
0 0 142 3.08094 3.50246 -3.30255 -1.39069 -21.6586 5.36631
0 0 143 3.00839 1.74934 -2.87963 0.090313 -29.3609 7.70219
0 0 144 2.16283 1.1045 -3.28816 -0.753791 -35.7163 7.50352
0 0 145 3.56864 0.325894 -2.43373 -1.10945 0 0
0 0 146 2.71763 -0.0459744 -2.08783 -1.27616 0 0
0 0 147 3.84934 -1.24736 -2.60454 0.39599 0 0
0 0 148 2.73991 -0.666119 -1.63377 0.738444 0 0
0 0 149 3.54858 -0.53337 -1.93182 -1.14392 0 0
0 0 150 5.4391 0.241408 -3.31189 0.662152 -42.9155 7.85107
0 0 151 3.02179 -0.846543 -2.14688 -0.972346 0 0
0 0 152 3.44585 0.0539104 -2.53167 -0.996493 0 0
0 0 153 4.63665 -0.829202 -1.77782 0.570355 0 0
0 0 154 3.48478 -1.2504 -0.906224 -1.01367 0 0
0 0 155 3.10822 -0.928378 -0.990709 0.656524 0 0
0 0 156 3.46226 1.37661 -1.46592 -0.766486 0 0
0 0 157 7.44241 -0.673703 -1.40531 -1.60481 0 0
0 0 158 5.56608 -1.40547 -0.798456 0.500951 0 0
0 0 159 5.38068 -1.56674 -2.10386 0.11424 0 0
0 0 160 6.22534 -0.769001 0.815265 2.20181 0 0
0 0 161 7.11587 -0.313121 -0.529943 2.0841 0 0
0 0 162 7.47 -0.751652 1.23367 0.625021 0 0
0 0 163 9.07358 -0.146376 0.351244 -1.353 0 0
0 0 164 9.83654 -0.0433788 2.0657 -1.79923 0 0
0 0 165 12.1034 0.0410881 2.86551 -0.189573 0 0
0 0 166 14.5923 1.26254 2.56075 0.907257 0 0
0 0 167 17.6385 -2.08441 4.4139 -0.360202 57.6392 5.32455
0 0 168 20.4267 1.70003 4.18752 -0.0902908 33.952 5.75498
0 0 169 22.5739 0.801826 4.16006 0.596967 39.5452 6.15043
0 0 170 24.3785 0.998992 8.60303 0.799794 41.6882 3.00979
0 0 171 25.8485 0.380242 8.9567 0.528024 43.7845 2.90833
0 0 172 26.7044 2.49635 9.30746 -0.197702 37.493 2.70256
0 0 173 27.4571 0.0389528 9.03538 1.54218 44.8765 2.88566
0 0 174 25.3928 0.493111 10.2819 0.347279 43.6271 2.53282
0 0 175 28.5667 0.00653934 11.2326 -0.342049 44.9833 2.32122
0 0 176 24.8666 -0.0763493 8.37914 1.28658 45.261 3.11156
0 0 177 23.3828 2.64539 7.13297 1.15198 34.8259 3.42003
0 0 178 22.7689 0.0695944 6.22375 1.10804 44.6797 4.18905
0 0 179 22.68 1.74003 5.43531 0.633725 36.1242 4.56125
0 0 180 17.2954 0.890538 4.3819 -0.0626445 39.2561 5.82701
0 0 181 17.0962 0.399182 5.86434 2.35506 43.053 4.43545
0 0 182 17.6417 0.35924 3.86166 -0.726958 42.3426 6.72181
0 0 183 13.7648 -0.45513 1.5293 0.404804 0 0
0 0 184 15.4595 0.326158 3.33158 1.45803 42.2043 7.78758
0 0 185 13.1989 -0.415888 2.24595 1.13253 0 0
0 0 186 11.4513 1.15362 3.36785 2.07249 35.5458 7.31073
0 0 187 11.4882 1.48683 1.86913 1.04006 0 0
0 0 188 12.5949 1.56775 1.62838 1.11883 0 0
0 0 189 10.0867 0.322612 1.15818 0.761138 0 0
0 0 190 11.4916 0.710016 -0.0240894 1.57683 0 0
0 0 191 9.83639 0.780354 0.86707 -0.666406 0 0
0 0 192 8.77283 -0.32259 -1.12172 -1.21408 0 0
0 0 193 9.96326 -0.324275 -0.862947 -1.58665 0 0
0 0 194 9.40564 1.45447 0.534199 -0.121089 0 0
0 0 195 9.0304 0.744718 0.952758 -0.374778 0 0
0 0 196 7.59679 -0.730644 0.494991 -0.184745 0 0
0 0 197 8.08912 0.540765 -1.00803 -1.42729 0 0
0 0 198 8.74291 0.332744 0.463715 -0.0668963 0 0
0 0 199 7.53072 -1.18356 -0.9698 -0.829443 0 0
0 0 200 8.44731 0.818668 0.0408262 -0.31887 0 0
0 0 201 7.25887 -0.476207 0.507135 -1.18361 0 0
0 0 202 7.78256 -0.455965 0.911562 -1.4164 0 0
0 0 203 6.20059 -0.956756 0.72121 0.91047 0 0
0 0 204 5.52762 0.226032 -0.951873 -0.376192 0 0
0 0 205 6.15373 -0.133121 -1.85115 0.256002 0 0
0 0 206 5.21535 0.303671 0.785861 -0.576854 0 0
0 0 207 5.73069 -0.336726 -1.28746 -1.39629 0 0
0 0 208 5.1715 0.0110457 -1.05419 -1.2793 0 0
0 0 209 3.181 0.313573 -0.940366 -0.0273195 0 0
0 0 210 5.05866 0.438058 0.776546 -0.649137 0 0
0 0 211 4.8018 -1.71627 -1.26257 -0.549312 0 0
0 0 212 2.05174 -0.61373 -0.219251 0.884779 0 0
0 0 213 3.14654 -1.08092 0.377598 0.400953 0 0
0 0 214 4.58574 -1.01962 -1.22363 0.183172 0 0
0 0 215 1.29895 0.314491 1.03182 -0.153182 0 0
0 0 216 3.11298 -0.94458 2.08104 0.566392 0 0
0 0 217 3.08672 -2.81688 -0.958852 -0.226891 0 0
0 0 218 3.8941 -1.25779 0.662704 0.0235171 0 0
0 0 219 3.36362 0.857532 -0.577716 -1.07069 0 0
0 0 220 1.69797 -0.192198 -0.603528 -1.74178 0 0
0 0 221 2.78588 -1.42402 0.733931 -0.16827 0 0
0 0 222 2.33137 -1.70578 1.25961 0.198696 0 0
0 0 223 1.73538 -0.913099 -0.751621 -0.0930717 0 0
0 0 224 2.7745 -0.215367 1.32226 1.43775 0 0
0 0 225 1.32644 0.932808 -1.77339 0.823958 0 0
0 0 226 2.08359 -1.26473 0.404035 -1.07237 0 0
0 0 227 1.18162 -1.79489 0.927427 0.693673 0 0
0 0 228 -0.00886185 0.0232216 -0.374717 0.187135 0 0
0 0 229 2.06268 -1.24281 -1.77971 -1.9443 0 0
0 0 230 2.79807 0.796546 -0.131067 2.13869 0 0
0 0 231 1.56796 -1.0021 -0.474316 -0.112079 0 0
0 0 232 1.51128 -0.114106 -0.250376 0.522269 0 0
0 0 233 0.0895285 -0.186647 0.169108 0.065588 0 0
0 0 234 0.788184 0.583537 -0.521698 0.579975 0 0
0 0 235 2.93694 0.80493 -1.62168 1.49593 0 0
0 0 236 0.479119 -0.289856 -0.548764 1.13989 0 0
0 0 237 0.478429 0.545488 0.141551 1.13069 0 0
0 0 238 1.59828 0.1541 -0.686539 0.49361 0 0
0 0 239 1.5825 1.33089 0.627919 -0.817298 0 0
0 0 240 0.507581 -0.0731909 -0.164974 0.899366 0 0
0 0 241 1.47911 0.203934 -2.36977 1.49832 0 0
0 0 242 0.407924 -1.37561 0.63959 1.01493 0 0
0 0 243 0.404 1.67052 0.356377 -0.560923 0 0
0 0 244 1.10319 -0.967266 0.449688 0.182318 0 0
0 0 245 1.8901 1.40355 -0.132343 1.40264 0 0
0 0 246 2.47744 -1.41361 -1.3433 -0.0215057 0 0
0 0 247 0.509174 -0.1996 1.83546 0.0604576 0 0
0 0 248 1.23522 -0.261487 -0.504379 0.0466648 0 0
0 0 249 1.08162 -0.708985 0.733337 1.59963 0 0
0 0 250 1.62415 -0.908427 -0.184077 0.210638 0 0
0 0 251 1.70979 0.506241 -0.325216 -1.05821 0 0
0 0 252 -0.215269 0.264931 2.07458 1.41035 0 0
0 0 253 1.86978 -0.618707 -0.965832 0.440795 0 0
0 0 254 1.61347 -0.478997 -0.0691649 -0.733389 0 0
0 0 255 0.526601 -0.0561963 0.158696 0.646436 0 0
0 0 256 0.644108 0.740674 -0.806926 -1.72615 0 0
0 0 257 0.29059 -1.32828 0.274329 1.12661 0 0
0 0 258 0.0833248 -0.49711 0.687542 -0.30559 0 0
0 0 259 -0.479687 0.68831 -0.021837 -0.493782 0 0
0 0 260 0.761379 0.390332 -0.720846 -0.156351 0 0
0 0 261 0.106435 1.14579 0.0778182 -1.00256 0 0
0 0 262 0.344713 0.323604 -1.87403 -1.55578 0 0
0 0 263 -0.00735739 0.64894 0.167023 -1.49951 0 0
0 0 264 -1.33058 0.445713 0.704135 0.192383 0 0
0 0 265 0.68049 -0.124412 1.75852 -0.0590857 0 0
0 0 266 1.21634 -0.864711 -1.37097 0.286264 0 0
0 0 267 -0.432432 0.0836154 -0.353616 -1.72223 0 0
0 0 268 0.72273 0.640288 -0.542707 0.105539 0 0
0 0 269 0.0191908 -0.173795 -0.888506 -0.630082 0 0
0 0 270 -0.451061 -0.213034 -0.0471499 -0.187701 0 0
0 0 271 1.45725 0.0312957 -1.62266 0.487703 0 0
0 0 272 0.413863 1.29062 -2.41221 -1.70841 0 0
0 0 273 -0.291395 -1.43667 1.28369 0.181092 0 0
0 0 274 0.654183 0.450447 0.807431 -0.433623 0 0
0 0 275 -0.729475 0.108392 0.120266 -0.546211 0 0
0 0 276 0.653476 0.0579337 0.433698 -0.794277 0 0
0 0 277 1.88819 -0.735048 1.24853 -0.629178 0 0
0 0 278 -0.518304 0.498359 -0.82936 0.247907 0 0
0 0 279 0.119046 0.080406 -0.740586 0.396389 0 0
0 0 280 1.04389 -1.00363 0.668755 1.7681 0 0
0 0 281 0.549014 0.125194 -0.0622488 0.960549 0 0
0 0 282 1.07111 -0.508424 0.52777 0.969088 0 0
0 0 283 -0.860232 0.426782 -1.34157 -0.466865 0 0
0 0 284 0.288412 -0.158877 0.573081 -0.164255 0 0
0 0 285 2.38281 0.13583 0.165333 0.588192 0 0
0 0 286 1.80392 -0.358228 -0.805546 0.0758875 0 0
0 0 287 -0.111317 1.01318 0.987545 2.15483 0 0
0 0 288 0.131891 -1.78032 0.0621167 0.563242 0 0
0 0 289 -1.13855 -0.527173 0.276531 0.387252 0 0
0 0 290 0.204327 0.0724037 -0.44789 1.09428 0 0
0 0 291 0.653463 -0.881231 0.871837 -0.101908 0 0
0 0 292 -1.11376 -0.197423 -1.55854 0.293298 0 0
0 0 293 -0.441006 -0.483782 0.0110383 1.49382 0 0
0 0 294 1.00382 1.03925 0.136391 1.83735 0 0
0 0 295 1.65047 -0.211454 -2.07626 -0.21884 0 0
0 0 296 0.269027 2.08598 -0.00677607 -0.892964 0 0
0 0 297 -0.143921 0.659666 1.00523 0.154275 0 0
0 0 298 -0.559635 0.773527 0.99049 0.910927 0 0
0 0 299 -0.105969 -0.179385 0.937238 -0.444235 0 0
0 0 300 -0.33873 -0.56844 0.790032 -1.07029 0 0
0 0 301 1.29102 -0.0755754 1.72929 1.16044 0 0
0 0 302 1.56594 -1.67911 -0.31055 0.0927602 0 0
0 0 303 0.705508 -1.28933 1.57081 -0.420238 0 0
0 0 304 0.774533 -0.335557 1.10133 1.61489 0 0
0 0 305 -0.519532 1.14491 0.148626 1.31208 0 0
0 0 306 -0.121025 0.053308 0.287113 -0.72583 0 0
0 0 307 1.42294 -0.610877 0.439451 -0.969417 0 0
0 0 308 2.43856 -1.18025 1.02594 0.106206 0 0
0 0 309 -0.0785629 0.712286 1.55266 0.166622 0 0
0 0 310 0.873553 -1.17576 0.207761 0.147295 0 0
0 0 311 -0.900172 0.149618 0.373005 0.0732479 0 0
0 0 312 -0.220658 -1.57525 1.39389 -1.49582 0 0
0 0 313 3.07027 -0.286326 -0.180589 -1.8031 0 0
0 0 314 0.11646 -0.478055 -0.680422 -1.27289 0 0
0 0 315 -0.462129 0.772242 -0.573348 -0.291315 0 0
0 0 316 1.2764 -0.571698 -0.0319791 -0.201313 0 0
0 0 317 1.24792 -0.00902933 0.485377 0.491427 0 0
0 0 318 -0.296904 -0.865981 1.41361 0.164954 0 0
0 0 319 -0.198088 -1.08427 0.170182 -0.996022 0 0
0 0 320 -0.380371 1.90818 0.313859 -0.257789 0 0
0 0 321 -0.134665 -0.22759 -0.0184772 -0.312927 0 0
0 0 322 -0.209408 0.29862 2.06809 0.193459 0 0
0 0 323 0.481886 0.654824 -0.606054 0.0241304 0 0
0 0 324 1.12192 2.73367 1.01435 -0.278812 0 0
0 0 325 -0.135765 1.61763 1.68259 0.553688 0 0
0 0 326 -0.184573 -1.1536 0.0150526 -0.150828 0 0
0 0 327 -0.564063 -0.590566 -1.41952 -1.36778 0 0
0 0 328 2.26875 -1.21918 -0.234216 -1.38641 0 0
0 0 329 -0.330291 0.388524 -0.657183 0.916 0 0
0 0 330 0.30372 0.678533 -1.52381 -1.21786 0 0
0 0 331 2.02187 -0.237869 -0.793818 -0.656357 0 0
0 0 332 -1.01305 -0.807458 0.867545 2.02874 0 0
0 0 333 -1.37109 0.461882 -0.023068 0.583864 0 0
0 0 334 -0.741568 -1.53636 0.193576 0.0817996 0 0
0 0 335 0.116865 -0.151533 0.165172 -0.311697 0 0
0 0 336 -0.0170289 -1.27956 -0.217822 -0.422844 0 0
0 0 337 -0.557584 0.458596 -1.69922 0.0725601 0 0
0 0 338 0.226449 0.290748 0.303405 -1.11723 0 0
0 0 339 -1.3444 0.967412 -1.29777 4.37053e-05 0 0
0 0 340 0.272562 0.603506 0.591834 0.118913 0 0
0 0 341 -1.61287 -0.754875 0.615744 0.907161 0 0
0 0 342 -1.05206 -1.03003 -1.32014 -0.66724 0 0
0 0 343 0.552459 -0.115258 -0.0310554 0.582943 0 0
0 0 344 0.584272 -1.00282 -0.299756 -0.0411141 0 0
0 0 345 -1.21326 -0.900693 -0.546873 1.25915 0 0
0 0 346 0.250218 -1.07186 1.14274 -0.506907 0 0
0 0 347 0.437266 -2.51522 1.23375 -0.692662 0 0
0 0 348 -0.361605 -0.634132 -0.193301 1.45939 0 0
0 0 349 -0.825913 1.69683 0.37076 0.262418 0 0
0 0 350 -0.641386 -0.199764 -0.133085 -0.544766 0 0
0 0 351 -0.813765 -1.51457 0.517868 0.422498 0 0
0 0 352 -1.00192 0.460604 0.569169 0.560177 0 0
0 0 353 -0.30992 0.159943 0.0974482 0.398233 0 0
0 0 354 -1.05981 0.186601 -0.142646 0.372581 0 0
0 0 355 -0.9029 -0.626998 -0.123694 1.95107 0 0
0 0 356 0.574036 -0.16178 0.220033 -0.763656 0 0
0 0 357 0.613689 0.16186 0.142743 0.313193 0 0
0 0 358 -0.38058 -0.46282 1.15057 -0.449822 0 0
0 0 359 -1.85691 0.573893 -0.265129 1.2417 0 0
0 0 360 0.0498402 -0.962105 -0.261393 0.0216168 0 0
0 0 361 -1.29778 0.600703 -0.758049 -1.81121 0 0
0 0 362 -0.835152 -1.51115 0.138473 0.312854 0 0
0 0 363 -0.623245 -1.74584 -1.26556 -0.631244 0 0
0 0 364 0.906873 -1.77832 -1.5206 -0.0993209 0 0
0 0 365 -1.03487 0.568707 -0.2449 -0.430128 0 0
0 0 366 -0.949589 0.0295363 -0.700712 -0.501006 0 0
0 0 367 -1.51961 0.860568 0.864567 0.896544 0 0
0 0 368 -1.97778 0.0153315 -1.19786 -1.44165 0 0
0 0 369 -1.01204 -0.829043 1.18752 0.511973 0 0
0 0 370 -0.728563 -0.27636 -2.40022 -0.272381 0 0
0 0 371 -0.187559 -0.429158 0.0888928 -0.952364 0 0
0 0 372 -0.372251 -0.0309465 0.0738667 0.882311 0 0
0 0 373 -0.887776 0.175849 -0.608208 0.198825 0 0
0 0 374 -0.663489 -1.00152 1.21829 0.363334 0 0
0 0 375 -0.159792 1.29214 0.127082 -0.557338 0 0
0 0 376 0.973952 1.79315 -0.657068 1.11494 0 0
0 0 377 -1.0179 0.720516 0.131915 -0.494515 0 0
0 0 378 0.0225697 0.949411 0.65181 -0.20176 0 0
0 0 379 -0.277141 -0.315156 -0.277925 0.34067 0 0
0 0 380 -0.331175 -1.28822 1.99735 -1.6884 0 0
0 0 381 -0.548016 -0.754709 -1.50286 -1.7977 0 0
0 0 382 -0.632021 -0.615996 0.898938 1.62578 0 0
0 0 383 -0.917948 1.31075 0.598575 -1.23793 0 0
0 0 384 -0.712795 -1.06525 0.777671 0.113481 0 0
0 0 385 -0.501519 -0.875142 -0.730455 0.591659 0 0
0 0 386 0.323866 0.531461 -1.67874 -0.755665 0 0
0 0 387 0.00578458 -0.228717 1.84496 -0.448755 0 0
0 0 388 -0.281585 -1.20569 0.964108 -0.911863 0 0
0 0 389 0.977222 0.917197 -0.74673 0.642377 0 0
0 0 390 0.35315 -0.376996 -1.08638 -0.685284 0 0
0 0 391 1.16973 -0.200054 1.34029 0.530346 0 0
0 0 392 -1.03628 0.286428 0.699395 0.0775958 0 0
0 0 393 0.526144 1.15013 -0.0824864 0.968886 0 0
0 0 394 2.90358 0.00324762 0.818276 0.991872 0 0
0 0 395 -0.618535 0.37682 0.0984199 2.54209 0 0
0 0 396 1.118 1.27139 0.582858 -1.85738 0 0
0 0 397 0.420441 -0.881651 1.02219 -2.23246 0 0
0 0 398 -0.241232 -0.785223 0.563121 -2.03865 0 0
0 0 399 0.0180114 -0.793798 -0.68021 -1.21988 0 0
0 0 400 0.762243 0.634445 -0.697047 -0.946469 0 0
0 0 401 -0.697383 0.897461 0.529999 -0.0862691 0 0
0 0 402 -0.120614 -0.072975 0.913464 -0.117903 0 0
0 0 403 0.544382 -2.18879 -0.520395 -0.0152358 0 0
0 0 404 -0.149526 1.3438 -0.00548002 0.222309 0 0
0 0 405 1.0728 0.421382 1.59258 -0.196426 0 0
0 0 406 -0.143964 -0.970836 -0.895955 -1.82033 0 0
0 0 407 1.94562 0.40655 -0.112653 -0.15501 0 0
0 0 408 -0.250733 -0.23564 -0.801554 -1.2761 0 0
0 0 409 0.457954 -0.0456944 -0.0235299 -1.08841 0 0
0 0 410 0.248588 0.47993 0.0370985 -0.102339 0 0
0 0 411 0.914445 -0.510203 -1.20641 -0.13973 0 0
0 0 412 1.6391 -0.370367 0.118064 -0.615701 0 0
0 0 413 -0.868145 0.377708 2.01682 1.22178 0 0
0 0 414 0.40149 0.247585 -0.998341 0.378185 0 0
0 0 415 2.25706 0.217548 -0.662898 -0.170814 0 0
0 0 416 1.71946 0.304957 0.710952 0.065749 0 0
0 0 417 -0.166402 0.572674 0.708375 -0.0782435 0 0
0 0 418 0.784548 0.808213 0.0479251 1.72472 0 0
0 0 419 -0.0717595 1.74534 -1.5337 -0.611701 0 0
0 0 420 -0.0678236 -0.457542 0.0108029 0.712793 0 0
0 0 421 0.969215 -1.15555 1.21219 1.02786 0 0
0 0 422 2.16909 0.0598793 -0.377144 0.681782 0 0
0 0 423 0.101549 -0.42101 -1.54533 -0.539523 0 0
0 0 424 0.845668 0.182589 0.716204 -0.167333 0 0
0 0 425 -1.00985 -0.236363 1.72746 -0.593237 0 0
0 0 426 0.737811 0.919423 -0.367725 -0.478564 0 0
0 0 427 -0.668541 -0.0545217 -1.31055 0.337096 0 0
0 0 428 1.95511 -1.42334 -1.00647 -0.433868 0 0
0 0 429 -0.588517 -0.317307 -0.809496 0.152927 0 0
0 0 430 1.30559 -2.41209 -1.07939 0.561297 0 0
0 0 431 -1.21813 -0.942074 -0.16877 0.0457364 0 0
0 0 432 1.28222 0.334515 -0.613719 0.69245 0 0
0 0 433 -0.329571 -0.897519 0.145303 1.02039 0 0
0 0 434 -0.374063 0.590591 -1.49384 0.515712 0 0
0 0 435 0.346106 -0.806491 0.530531 0.453563 0 0
0 0 436 0.743309 2.34097 0.213391 -0.779385 0 0
0 0 437 2.11089 0.40813 1.05014 -1.69365 0 0
0 0 438 0.047186 -0.526811 -0.0532694 -0.842676 0 0
0 0 439 -0.078207 0.609554 0.33389 0.136072 0 0
0 0 440 -0.878282 1.45292 -0.377885 0.79911 0 0
0 0 441 0.576615 1.08704 -0.44746 -1.74759 0 0
0 0 442 0.62704 0.700287 -0.303387 1.19811 0 0
0 0 443 0.64563 0.902698 0.40843 0.47353 0 0
0 0 444 1.55134 0.376156 -0.548916 0.435851 0 0
0 0 445 -0.420618 0.288319 0.965342 0.451713 0 0
0 0 446 -0.374017 0.615574 -0.28493 0.288656 0 0
0 0 447 0.189243 -0.149791 -0.127528 -1.61274 0 0
0 0 448 -0.995242 -0.114854 0.184738 -0.186082 0 0
0 0 449 0.253275 -0.854485 0.776544 1.70016 0 0
0 0 450 0.985772 0.877191 -1.48934 -0.0329871 0 0
0 0 451 1.44066 -0.201139 0.635872 1.57659 0 0
0 0 452 0.0438255 -0.100106 -0.929074 0.347351 0 0
0 0 453 -1.11234 0.447163 -0.701334 1.0457 0 0
0 0 454 -0.864978 -1.17474 -0.481974 -0.38001 0 0
0 0 455 -0.844288 0.400987 0.388068 0.00997574 0 0
0 0 456 0.554562 0.137715 -1.14132 -0.629939 0 0
0 0 457 -1.16196 0.578381 1.36362 -0.665598 0 0
0 0 458 -0.971163 0.560443 0.446435 0.325069 0 0
0 0 459 0.226132 1.95649 -1.16933 0.0868925 0 0
0 0 460 0.711423 0.48051 -2.27372 1.01639 0 0
0 0 461 0.13685 -1.36016 1.1758 -0.802491 0 0
0 0 462 1.26612 1.68736 -0.13043 -0.762357 0 0
0 0 463 -1.27581 0.334196 1.30151 0.588472 0 0
0 0 464 2.28163 0.470229 1.18854 0.240731 0 0
0 0 465 0.847199 1.28408 -1.03852 -1.09107 0 0
0 0 466 0.189707 1.59667 -0.410579 0.129728 0 0
0 0 467 -0.350444 -1.11468 0.274418 0.718401 0 0
0 0 468 0.216766 -0.964929 -1.19843 0.703665 0 0
0 0 469 0.0274343 1.37133 0.755983 -0.113937 0 0
0 0 470 0.168891 0.577212 0.669722 -1.10704 0 0
0 0 471 -0.977835 -1.05265 0.186905 -1.37518 0 0
0 0 472 0.949384 -0.958156 0.211876 -0.923467 0 0
0 0 473 -1.00701 0.435691 0.023503 -0.193372 0 0
0 0 474 0.593856 -0.706088 0.348416 0.346658 0 0
0 0 475 1.1186 0.828117 0.116385 1.24952 0 0
0 0 476 0.46452 0.636127 2.45233 1.51698 0 0
0 0 477 -0.878475 0.0160336 0.595133 0.524946 0 0
0 0 478 0.455201 0.540529 0.410796 0.563752 0 0
0 0 479 -1.67441 0.942223 1.39526 1.3683 0 0
0 0 480 -0.437685 1.41311 0.672887 0.211467 0 0
0 0 481 1.05513 -0.1186 0.0316182 -0.625891 0 0
0 0 482 0.237627 -0.22432 -0.689076 0.443199 0 0
0 0 483 -0.514743 0.566698 -0.427762 -0.0866938 0 0
0 0 484 -0.228758 1.54451 0.366919 -0.596862 0 0
0 0 485 -0.307114 -0.897735 -0.0635905 1.22684 0 0
0 0 486 -0.0211883 -0.436615 -0.318295 0.93012 0 0
0 0 487 0.362396 -0.00930387 0.771967 -1.42904 0 0
0 0 488 -0.398275 2.20962 0.913236 -1.00396 0 0
0 0 489 0.661987 0.230053 -0.734187 -0.692349 0 0
0 0 490 0.419387 0.605972 -0.077672 1.43808 0 0
0 0 491 -0.313291 -0.488424 0.55108 -0.0203942 0 0
0 0 492 0.492432 -0.210963 0.567737 1.55162 0 0
0 0 493 0.24732 -0.0356988 -0.386303 -0.767052 0 0
0 0 494 0.421093 -1.34809 -0.732769 -0.0490297 0 0
0 0 495 0.374909 0.674888 -1.41634 0.406916 0 0
0 0 496 0.512342 -0.800982 1.39877 -0.389741 0 0
0 0 497 0.50177 -0.587076 -1.0687 -0.271055 0 0
0 0 498 0.620783 0.796482 -0.760088 2.12901 0 0
0 0 499 2.02567 -0.108405 0.37938 1.44523 0 0
0 0 500 0.601668 -0.63353 -1.24964 0.0456774 0 0
0 0 501 -0.251859 1.41216 -1.09914 -1.49765 0 0
0 0 502 -0.649778 -0.479693 -1.84658 -1.87753 0 0
0 0 503 -0.608287 1.19154 -0.169897 -0.242741 0 0
0 0 504 -0.655108 0.699566 0.176829 0.636975 0 0
0 0 505 -1.61594 -0.190295 -0.22964 0.422271 0 0
0 0 506 1.59455 1.05763 -0.748546 1.14319 0 0
0 0 507 0.31846 -1.55127 0.758601 -0.124292 0 0
0 0 508 0.874457 0.291952 0.489864 1.65677 0 0
0 0 509 0.755769 0.28757 -0.283444 -1.08081 0 0
0 0 510 0.658803 0.740114 -0.392487 -0.381265 0 0
0 0 511 0.994384 -0.362386 0.314608 -0.430504 0 0
0 0 512 2.6184 1.59796 -0.134308 -0.88142 0 0
0 0 513 -0.514915 0.360718 0.292779 0.739766 0 0
0 0 514 -0.163184 0.705773 2.16284 -0.948575 0 0
0 0 515 0.166869 0.483843 -1.41168 0.581254 0 0
0 0 516 0.0101305 -0.860287 0.766982 -0.30153 0 0
0 0 517 1.19785 0.707814 0.836258 0.246334 0 0
0 0 518 0.313844 0.143812 -0.295107 0.132246 0 0
0 0 519 -0.196786 0.32397 0.175026 -0.773071 0 0
0 0 520 0.877749 -1.24823 0.997491 1.72553 0 0
0 0 521 0.465793 -1.0972 0.800252 -0.494562 0 0
0 0 522 -0.91351 -0.889264 -1.78625 -0.461561 0 0
0 0 523 -0.18064 -0.368716 -1.4276 -0.67204 0 0
0 0 524 0.944331 -0.027452 0.724981 0.79301 0 0
0 0 525 0.926026 -0.977171 -0.496285 -0.362167 0 0
0 0 526 1.6305 0.809167 -0.207209 -0.499609 0 0
0 0 527 0.523417 0.702827 -1.1607 0.586952 0 0
0 0 528 -0.558747 -0.451669 -0.223373 0.0190237 0 0
0 0 529 0.618027 0.140283 0.251326 0.0410838 0 0
0 0 530 2.07575 -0.3977 -0.107443 -0.0786749 0 0
0 0 531 0.383188 -0.555656 1.4451 3.33613 0 0
0 0 532 -0.755231 -1.0939 0.94355 0.078341 0 0
0 0 533 0.995267 -1.10297 -0.844062 -1.05517 0 0
0 0 534 -1.30574 -0.741628 -0.839965 1.12679 0 0
0 0 535 -1.8923 0.625742 0.0333137 0.239231 0 0
0 0 536 0.772613 -0.80959 -0.106662 1.24156 0 0
0 0 537 -1.66165 -0.466161 -0.09273 -0.456945 0 0
0 0 538 0.251795 -0.618958 -0.562177 0.020247 0 0
0 0 539 0.645806 0.918352 0.884096 -0.0603965 0 0
0 0 540 -0.371238 0.794234 2.27847 0.535063 0 0
0 0 541 0.354676 0.459006 -1.41806 -0.844048 0 0
0 0 542 1.62346 -1.38529 1.8042 -0.086634 0 0
0 0 543 -0.0637689 -0.346957 0.731615 1.35515 0 0
0 0 544 -0.370008 0.673296 -0.752622 0.938906 0 0
0 0 545 1.10828 0.835561 0.262033 1.24782 0 0
0 0 546 -1.18822 1.28325 -0.467844 0.208662 0 0
0 0 547 -1.19775 0.453129 1.61254 0.0721534 0 0
0 0 548 -1.32737 2.32904 2.26734 -0.460369 22.1155 7.94985
0 0 549 -1.0101 0.374106 0.39175 0.521184 0 0
0 0 550 1.04229 1.31096 -0.301051 -0.681926 0 0
0 0 551 2.16956 1.16302 0.446097 0.274813 0 0
0 0 552 -1.30248 -0.412621 0.378682 -0.261376 0 0
0 0 553 0.0386702 -1.2566 -0.591274 0.474616 0 0
0 0 554 1.48059 0.269556 0.828755 -0.0347767 0 0
0 0 555 1.97854 -0.864444 1.14992 0.0509657 0 0
0 0 556 0.306889 0.447597 -1.83337 0.820495 0 0
0 0 557 0.170461 0.29862 0.00387019 1.04834 0 0
0 0 558 0.334772 -0.412296 -0.105741 0.170089 0 0
0 0 559 0.986576 0.171287 -0.886141 -0.0783293 0 0
0 0 560 0.6372 -0.661794 -0.0142358 0.219978 0 0
0 0 561 -0.944731 0.238861 0.868198 0.238095 0 0
0 0 562 0.498519 0.838521 -0.802426 -0.500811 0 0
0 0 563 1.61753 0.412738 -0.494449 -0.416254 0 0
0 0 564 -0.234442 0.672841 -0.194574 0.22915 0 0
0 0 565 -0.315464 0.187138 -0.981068 0.711882 0 0
0 0 566 0.887665 -0.689048 1.34155 -1.74539 0 0
0 0 567 0.0854523 1.25913 -0.248868 -0.765433 0 0
0 0 568 1.11161 0.0763459 0.079882 2.20404 0 0
0 0 569 -0.755029 0.378178 -0.443006 0.304848 0 0
0 0 570 -0.700857 0.345946 -0.86949 -0.618925 0 0
0 0 571 -0.330114 1.10264 -1.56849 0.803074 0 0
0 0 572 1.10016 0.877679 0.670158 -0.742289 0 0
0 0 573 0.157481 0.443819 0.00629024 0.899758 0 0
0 0 574 -0.0262099 0.0128979 -0.622423 1.16826 0 0
0 0 575 -0.886427 -1.63713 -1.41081 -1.31361 0 0
0 0 576 0.306108 -0.444503 2.4361 0.455771 0 0
0 0 577 0.378229 0.289542 2.16578 0.778119 0 0
0 0 578 0.581252 -1.32648 -1.51431 -0.0224013 0 0
0 0 579 -0.55972 1.3619 -0.824953 1.22694 0 0
0 0 580 -0.597036 0.946888 -0.771749 0.574617 0 0
0 0 581 -0.106726 1.53009 -0.530789 -0.70566 0 0
0 0 582 -0.420012 -0.703752 0.0408768 -0.750824 0 0
0 0 583 -1.42035 -0.710089 0.59315 -0.645067 0 0
0 0 584 1.90489 0.54789 0.49249 1.33054 0 0
0 0 585 1.53206 -0.900098 0.824461 -0.229295 0 0
0 0 586 -0.546196 1.79601 -0.0459311 0.048542 0 0
0 0 587 -1.00913 0.755003 -2.51072 0.392422 0 0
0 0 588 0.648458 -0.723059 -0.820616 -1.63431 0 0
0 0 589 0.512489 -0.940444 -0.389956 1.83453 0 0
0 0 590 -2.51914 1.32689 0.261838 -0.633194 0 0
0 0 591 -0.294602 -0.0728982 0.596108 0.363818 0 0
0 0 592 -0.495425 0.146901 -0.718986 0.959972 0 0
0 0 593 0.889581 -0.734265 0.601983 -0.594406 0 0
0 0 594 -0.482247 0.260742 0.192171 0.740823 0 0
0 0 595 -1.40088 0.365399 0.893485 0.469907 0 0
0 0 596 -0.384115 1.83765 0.161285 0.998508 0 0
0 0 597 -1.01653 -0.285675 0.309691 -0.722485 0 0
0 0 598 0.865494 0.0425086 0.328921 0.508199 0 0
0 0 599 -0.229702 -0.593957 -2.04085 -0.232188 0 0
0 0 600 -0.735968 0.598089 -0.787082 -0.476947 0 0
0 0 601 -0.938036 -0.968122 -0.324334 1.25608 0 0
0 0 602 -0.132481 0.342998 -1.43871 -0.387362 0 0
0 0 603 -0.514208 -1.04553 -1.13187 -0.295461 0 0
0 0 604 -0.268425 -0.625878 1.66982 0.631553 0 0
0 0 605 0.741645 0.889529 -0.0653945 0.100983 0 0
0 0 606 -0.148246 -1.34566 -1.63203 0.974102 0 0
0 0 607 0.0452543 -0.156213 -1.41826 -0.187645 0 0
0 0 608 0.0532257 0.443481 -0.398707 0.705831 0 0
0 0 609 2.2594 0.0374514 -0.596062 -0.661721 0 0
0 0 610 0.0411974 -0.429057 -0.0773515 -0.269354 0 0
0 0 611 -1.06205 1.05273 0.236401 -0.204011 0 0
0 0 612 -0.607928 0.753075 0.0178301 -1.61253 0 0
0 0 613 1.59902 0.483709 0.5185 0.578098 0 0
0 0 614 -0.0619007 0.359312 -0.176009 0.539927 0 0
0 0 615 1.12979 -0.304432 -0.0482327 0.565508 0 0
0 0 616 1.77676 0.836483 -1.15173 -0.401046 0 0
0 0 617 -1.19435 -0.420921 2.2123 0.940527 0 0
0 0 618 0.753847 2.28606 -0.345179 0.0322079 0 0
0 0 619 0.42645 -1.64019 -0.900006 -0.0982428 0 0
0 0 620 -0.162444 0.295536 0.723694 0.458424 0 0
0 0 621 1.00025 0.03624 0.295583 -0.456292 0 0
0 0 622 -1.30731 -0.283579 0.863635 -1.25455 0 0
0 0 623 -0.492595 0.638435 -0.177902 0.193512 0 0
0 0 624 0.377597 0.011392 0.538953 0.208939 0 0
0 0 625 1.14474 -0.166001 1.93879 1.00499 0 0
0 0 626 0.570264 0.128263 0.673545 0.848615 0 0
0 0 627 -0.991757 0.697912 -0.691305 -0.453722 0 0
0 0 628 2.18229 1.29126 0.864669 -0.490622 0 0
0 0 629 -0.222574 1.25495 0.449152 -0.597759 0 0
0 0 630 0.64802 0.190861 0.45888 0.0685151 0 0
0 0 631 2.04044 -1.10933 0.581537 -1.27235 0 0
0 0 632 0.918027 -0.377884 -0.704462 -0.0285511 0 0
0 0 633 1.99396 -1.08115 1.34684 0.858457 0 0
0 0 634 0.43537 0.278355 0.338643 1.50757 0 0
0 0 635 -0.99994 1.25104 -0.728842 -1.27896 0 0
0 0 636 -0.612017 -0.121166 1.07392 -1.43399 0 0
0 0 637 2.0825 1.3431 -0.105948 -1.24293 0 0
0 0 638 1.68183 0.787431 -0.11664 -1.38998 0 0
0 0 639 0.873635 0.0771774 -1.03078 -0.129827 0 0
0 0 640 -1.08126 -1.10798 -0.000288781 0.432175 0 0
0 0 641 -0.594483 0.668277 0.115084 1.00436 0 0
0 0 642 -0.372131 0.911219 -1.60033 -2.27801 0 0
0 0 643 -0.76203 1.51386 -0.0863929 -1.69126 0 0
0 0 644 0.0734631 -0.71253 -0.293757 0.896977 0 0
0 0 645 -0.408333 1.33757 1.70108 -0.0862374 0 0
0 0 646 -0.705234 0.768212 1.19424 -1.99548 0 0
0 0 647 -0.10099 -0.504355 2.24949 0.526269 0 0
0 0 648 0.13622 1.1984 0.463552 -0.508868 0 0
0 0 649 -0.68872 -0.293663 -0.22801 -1.885 0 0
0 0 650 2.01609 0.736582 -1.15158 1.68135 0 0
0 0 651 0.00507605 1.2899 -1.31272 -0.12063 0 0
0 0 652 1.43158 -0.580815 -0.613585 0.169708 0 0
0 0 653 -0.279746 2.05291 -0.0965021 1.11624 0 0
0 0 654 2.07344 0.0149513 -0.217436 -0.117979 0 0
0 0 655 -1.5552 -0.425278 -0.874256 -0.478727 0 0
0 0 656 -0.0815636 -0.216402 0.603943 -0.203927 0 0
0 0 657 -0.0618612 2.03123 0.468425 0.788593 0 0
0 0 658 1.6552 0.187085 -0.246023 0.300516 0 0
0 0 659 -0.578839 0.638392 2.34296 -1.01168 0 0
0 0 660 -0.963428 0.00943506 1.43823 -0.111171 0 0
0 0 661 -0.391781 0.591464 -0.147998 -0.899143 0 0
0 0 662 -0.839138 1.53633 2.1342 0.424265 0 0
0 0 663 0.422682 -0.969347 -0.158991 -0.00126349 0 0
0 0 664 0.75563 -0.176235 0.0827034 -0.128953 0 0
0 0 665 -1.80679 0.622247 -0.832467 1.22645 0 0
0 0 666 -0.427132 -0.198926 -0.225244 1.65607 0 0
0 0 667 0.164987 0.953563 0.649977 0.0456871 0 0
0 0 668 -0.505381 0.306878 -0.218992 -0.338769 0 0
0 0 669 0.52246 0.200167 1.34037 1.68895 0 0
0 0 670 0.510795 -0.215307 -1.56436 -1.48752 0 0
0 0 671 -0.1644 -0.0742222 0.129977 -0.183377 0 0
0 0 672 0.174238 -1.55803 -0.566859 0.245806 0 0
0 0 673 0.459041 0.326283 -0.473609 0.463044 0 0
0 0 674 -0.811617 0.738309 0.197852 -0.582823 0 0
0 0 675 0.481234 -0.535446 1.41521 0.371736 0 0
0 0 676 0.576542 -0.469633 -0.124393 -1.39915 0 0
0 0 677 0.732211 -0.119039 0.590185 -0.136481 0 0
0 0 678 -0.54599 0.444436 0.0566551 1.84879 0 0
0 0 679 1.17548 0.273194 0.0275206 -1.86741 0 0
0 0 680 0.815425 0.524557 -0.23594 0.199388 0 0
0 0 681 0.26425 0.809846 0.50295 0.214591 0 0
0 0 682 -0.45108 -0.718129 1.1413 0.512744 0 0
0 0 683 0.391854 -0.712976 -1.58249 -0.94984 0 0
0 0 684 -0.059666 -0.0273234 0.57111 0.806691 0 0
0 0 685 0.242812 0.67673 -0.0271497 0.92095 0 0
0 0 686 -0.599928 -0.281251 0.647561 -0.11784 0 0
0 0 687 -0.470904 0.0873454 0.914848 -0.138419 0 0
0 0 688 -0.351399 1.63402 -0.574928 0.881298 0 0
0 0 689 0.0165269 0.0256706 -0.630114 -1.98585 0 0
0 0 690 1.51904 -0.488526 -1.1271 -0.836808 0 0
0 0 691 -0.0745037 0.706233 -0.983589 0.858101 0 0
0 0 692 0.663883 1.74517 0.334279 0.825295 0 0
0 0 693 0.18682 0.344812 -0.697788 -1.3473 0 0
0 0 694 0.163169 0.116532 -0.773925 -0.52133 0 0
0 0 695 0.15724 -0.901195 -1.44749 -0.650436 0 0
0 0 696 1.67799 -0.882902 -1.0066 0.217933 0 0
0 0 697 1.86624 0.472714 -1.17681 1.54047 0 0
0 0 698 0.15224 1.00305 -0.486067 0.652506 0 0
0 0 699 -0.321445 1.66409 -1.24632 -1.13839 0 0
0 0 700 1.29771 -1.07367 -2.98901 1.96743 -54.8793 8.19321
0 0 701 0.244484 -0.150971 -2.17721 1.57252 0 0
0 0 702 0.539552 -1.03634 -0.638203 0.158538 0 0
0 0 703 1.09554 -2.5172 -0.62358 0.726843 0 0
0 0 704 -1.19309 -0.131674 0.378283 -1.054 0 0
0 0 705 -0.460676 -0.269627 -0.948279 0.249627 0 0
0 0 706 1.06813 0.0837434 1.53504 0.932326 0 0
0 0 707 -0.686998 0.33278 0.308397 0.0339563 0 0
0 0 708 0.923672 1.12732 -1.08698 0.980565 0 0
0 0 709 2.02496 -0.00163984 -0.255974 1.16618 0 0
0 0 710 0.781839 0.449366 -0.0242951 -0.917447 0 0
0 0 711 -0.126231 0.888372 -0.721641 0.0491284 0 0
0 0 712 -0.38764 -0.00559819 -0.618187 0.258205 0 0
0 0 713 -0.0690789 -1.02492 -0.6914 1.47748 0 0
0 0 714 0.960347 0.577076 -0.743283 -0.313758 0 0
0 0 715 1.14444 -0.844413 0.73004 -0.246422 0 0
0 0 716 0.80813 0.157749 -0.257396 -0.92376 0 0
0 0 717 0.624946 -1.43723 1.25768 0.0133174 0 0
0 0 718 -0.245074 0.461368 -0.782834 0.0944911 0 0
0 0 719 0.476775 -1.08046 -1.52952 0.150014 0 0
0 0 720 1.4137 -0.643555 0.175857 -0.693766 0 0
0 0 721 1.81569 -0.568444 0.401784 1.03542 0 0
0 0 722 -0.606503 -1.16655 0.329783 -1.07138 0 0
0 0 723 0.264698 0.508085 -0.414711 -0.171287 0 0
0 0 724 1.31114 1.07243 1.25417 0.93044 0 0
0 0 725 0.64045 -1.88091 -0.0204609 1.46778 0 0
0 0 726 -1.45937 0.566159 -0.492074 -0.213179 0 0
0 0 727 -1.52494 1.03135 0.309767 -0.620025 0 0
0 0 728 0.983326 0.362801 -1.05922 -1.20614 0 0
0 0 729 1.31764 -0.456411 -0.409004 -0.178254 0 0
0 0 730 0.594925 0.340404 0.871126 -0.868511 0 0
0 0 731 -0.415553 0.296813 -0.523153 -0.727578 0 0
0 0 732 -0.125331 0.869394 -1.02391 -1.63945 0 0
0 0 733 -0.404738 -0.90916 0.209571 1.12853 0 0
0 0 734 -0.793012 -1.88899 -1.98516 -0.203409 0 0
0 0 735 0.945825 1.16589 0.386108 0.753559 0 0
0 0 736 0.684197 -0.971584 -0.260985 -0.362406 0 0
0 0 737 -0.457967 0.235432 -0.939731 0.618608 0 0
0 0 738 -0.908984 0.199125 -0.00210299 0.773376 0 0
0 0 739 1.14787 1.19065 0.939703 1.9079 0 0
0 0 740 -0.799147 0.229432 -0.392131 -1.12814 0 0
0 0 741 0.491858 -1.123 -0.0426298 -0.636775 0 0
0 0 742 0.130876 1.0874 0.750977 1.11879 0 0
0 0 743 0.307489 0.128439 -0.996085 1.522 0 0
0 0 744 -1.09892 -0.173346 -0.474816 0.641357 0 0
0 0 745 0.872468 0.415804 0.469921 -1.18968 0 0
0 0 746 1.70487 0.378858 0.344071 0.772326 0 0
0 0 747 1.55037 0.382477 -2.01409 -0.785713 0 0
0 0 748 -0.119581 0.599044 -0.0563914 -0.665414 0 0
0 0 749 1.82583 1.05795 -0.0991676 -0.218803 0 0
0 0 750 -0.244375 0.484345 0.473204 -0.193079 0 0
0 0 751 -0.291074 0.0806456 0.0643639 -0.810929 0 0
0 0 752 0.603829 0.0920943 1.60411 -0.757969 0 0
0 0 753 0.479314 -0.0321328 0.19886 1.50218 0 0
0 0 754 1.39154 0.546735 1.87454 0.376898 0 0
0 0 755 2.08462 0.185966 -1.0975 0.239667 0 0
0 0 756 -1.11411 -0.477424 -0.956982 1.03271 0 0
0 0 757 0.0341045 0.491207 0.145026 -0.290123 0 0
0 0 758 -1.76218 0.740087 -1.5964 1.02399 0 0
0 0 759 0.853276 0.110067 -1.14156 1.82583 0 0
0 0 760 0.815134 1.22133 0.742583 -1.29577 0 0
0 0 761 0.475429 -0.562143 0.445443 -0.101342 0 0
0 0 762 0.13183 1.34289 -0.548907 -1.03679 0 0
0 0 763 0.9259 -0.401512 -1.87086 0.871433 0 0
0 0 764 0.496903 0.425051 0.0498495 0.171762 0 0
0 0 765 0.632665 0.865974 0.907957 0.160975 0 0
0 0 766 0.919541 -2.09203 -1.49098 -1.0431 0 0
0 0 767 1.88797 0.0917975 -0.351062 -0.753223 0 0
0 0 768 1.08825 -0.0893762 -1.4643 0.720275 0 0
0 0 769 -0.0274687 -0.0462142 0.118051 -0.73641 0 0
0 0 770 0.786108 0.869261 -0.265246 0.262094 0 0
0 0 771 1.56475 -0.592354 -0.340914 1.35277 0 0
0 0 772 -0.519511 0.880048 -3.43884 1.21616 -37.8226 7.33746
0 0 773 1.08636 1.42684 -0.788355 -1.63645 0 0
0 0 774 -1.07206 -0.184508 -0.239534 -0.208709 0 0
0 0 775 1.48665 -0.42882 0.32293 0.541513 0 0
0 0 776 -1.84132 -1.17484 -0.439785 -1.7182 0 0
0 0 777 0.369018 0.435775 2.25566 -0.644994 0 0
0 0 778 1.80952 -0.504744 -0.88468 0.787688 0 0
0 0 779 0.901204 -0.57741 -0.0904662 1.49074 0 0
0 0 780 -0.270739 -0.146174 -0.625486 0.748963 0 0
0 0 781 0.45288 -0.197296 -0.692735 -0.289238 0 0
0 0 782 -0.640615 0.250541 1.08369 0.571544 0 0
0 0 783 0.603649 -0.138007 -0.243435 0.812549 0 0
0 0 784 0.432743 0.446539 -2.39723 1.36493 0 0
0 0 785 0.112826 -0.18274 0.686565 0.0132725 0 0
0 0 786 0.833011 -0.158242 1.09406 -0.262651 0 0
0 0 787 -1.26728 -0.806388 -0.096604 -0.317492 0 0
0 0 788 -0.923921 -0.142273 -1.43643 1.30627 0 0
0 0 789 0.578262 0.965879 0.679784 0.309355 0 0
0 0 790 -0.399352 -1.04126 -0.506862 -1.16955 0 0
0 0 791 -0.242245 -0.56441 -0.359543 0.464043 0 0
0 0 792 -1.05193 0.511586 1.03665 -0.397122 0 0
0 0 793 1.31954 -1.64739 0.106094 -0.767613 0 0
0 0 794 0.101886 -1.25928 -0.528215 -0.556319 0 0
0 0 795 0.300178 -1.00627 0.738955 1.18236 0 0
0 0 796 -0.722596 0.940322 -1.08442 -1.22459 0 0
0 0 797 1.99406 -0.378347 -0.473875 -0.187059 0 0
0 0 798 0.451121 -0.158898 0.522664 -0.305106 0 0
0 0 799 -1.27762 -0.260165 -0.465548 -0.699216 0 0
0 0 800 0.193471 2.20693 1.09933 0.62645 0 0
0 0 801 -0.544074 -0.553096 0.00548554 -0.927597 0 0
0 0 802 -0.644235 0.940948 0.91231 -0.258152 0 0
0 0 803 0.413903 0.258278 -0.954413 -1.56448 0 0
0 0 804 0.863414 -0.5005 -1.17932 -0.0180022 0 0
0 0 805 1.07489 0.154656 -0.79038 -0.613461 0 0
0 0 806 -0.354544 0.331515 -0.789686 -1.10818 0 0
0 0 807 -0.358464 -0.286613 0.260291 -1.2424 0 0
0 0 808 -0.0642196 0.492122 -0.463041 -0.0017505 0 0
0 0 809 -0.40587 0.884373 1.19331 -0.902536 0 0
0 0 810 -0.520928 0.77033 -0.0851034 2.22133 0 0
0 0 811 -0.480666 1.55574 -0.210819 -0.159912 0 0
0 0 812 -1.2409 1.20411 0.652473 2.19491 0 0
0 0 813 0.00949165 0.780927 1.03098 0.181976 0 0
0 0 814 0.159501 -1.55045 1.81494 0.284981 0 0
0 0 815 0.646865 -0.868817 0.0200549 -1.95222 0 0
0 0 816 0.738264 -0.816624 -0.471589 -0.708076 0 0
0 0 817 0.16166 0.341732 -0.48791 0.260515 0 0
0 0 818 0.309046 -0.138773 -0.509342 -0.668775 0 0
0 0 819 -0.996227 0.414796 -0.761995 -0.233123 0 0
0 0 820 0.778256 1.35431 0.198145 0.809581 0 0
0 0 821 -1.0114 -0.454295 -0.166914 0.225268 0 0
0 0 822 0.450446 0.227301 -0.969478 -0.851576 0 0
0 0 823 -0.111214 0.205839 -0.389193 -0.14677 0 0
0 0 824 0.687675 0.839756 -2.36314 1.75888 0 0
0 0 825 -1.08758 0.318714 0.0511532 0.385871 0 0
0 0 826 0.950832 -0.169015 1.30567 0.114614 0 0
0 0 827 -0.240003 0.989768 0.303843 -0.054099 0 0
0 0 828 0.709127 -0.366238 -1.13746 -1.46431 0 0
0 0 829 0.755288 0.00390211 1.10527 1.49134 0 0
0 0 830 0.261296 1.45334 -0.252164 -1.28413 0 0
0 0 831 0.857105 0.0905588 -1.18042 1.13946 0 0
0 0 832 0.725493 0.516624 0.714263 -0.71557 0 0
0 0 833 -0.622814 -1.74829 -0.00245963 -1.59375 0 0
0 0 834 1.14085 0.03179 -0.775185 0.396258 0 0
0 0 835 -0.90691 0.928256 -1.12575 -0.362929 0 0
0 0 836 -1.14573 -0.998441 -0.449918 -0.82446 0 0
0 0 837 -1.59306 0.398027 -0.330195 -0.294936 0 0
0 0 838 -1.51355 1.19579 0.364452 0.925025 0 0
0 0 839 -1.14728 2.12717 1.09056 -0.9347 0 0
0 0 840 -0.744292 -0.883848 -1.30424 0.980761 0 0
0 0 841 0.0270435 -1.03717 0.579191 0.0512621 0 0
0 0 842 0.373626 0.0793048 0.539328 -1.90965 0 0
0 0 843 0.350217 0.267312 1.11873 0.239588 0 0
0 0 844 1.36928 0.609143 0.601815 -1.16639 0 0
0 0 845 -0.283836 -0.310666 -1.89965 0.471203 0 0
0 0 846 -0.0298812 -0.571637 -0.367575 -0.434441 0 0
0 0 847 0.317123 -0.609219 -0.244135 0.667175 0 0
0 0 848 -0.343566 1.06654 -1.34594 -0.502705 0 0
0 0 849 0.645306 0.54784 0.650858 -1.36588 0 0
0 0 850 -0.612339 0.243224 0.944704 -0.55019 0 0
0 0 851 0.378457 -2.12065 -0.154929 -0.600444 0 0
0 0 852 -0.307081 0.845641 0.460752 1.41567 0 0
0 0 853 -1.00364 -1.08473 0.670407 0.22628 0 0
0 0 854 -0.582953 -0.572625 -1.39403 1.04 0 0
0 0 855 -0.319595 0.326207 -1.12983 0.507424 0 0
0 0 856 -0.253933 0.968576 -0.556424 -0.744365 0 0
0 0 857 0.550309 0.20112 0.0550522 -0.0218183 0 0
0 0 858 0.0796872 1.0164 -0.147832 2.73677 0 0
0 0 859 -1.19791 0.401279 -0.00931805 -1.48099 0 0
0 0 860 0.557402 -0.681009 0.634352 1.09956 0 0
0 0 861 0.806327 -0.322878 0.0746944 0.326435 0 0
0 0 862 2.07673 0.335145 -1.26395 0.81578 0 0
0 0 863 0.650858 -0.0543705 -0.81306 0.421411 0 0
0 0 864 -0.0142586 0.0729945 0.650785 1.0337 0 0
0 0 865 -0.269985 -0.056922 -0.99775 0.17094 0 0
0 0 866 1.69105 1.84569 -1.0702 0.212736 0 0
0 0 867 -1.67419 -0.559459 0.0162543 1.00395 0 0
0 0 868 0.666618 -0.348008 0.0484624 0.371074 0 0
0 0 869 1.00695 -0.325928 -0.995887 -0.86626 0 0
0 0 870 0.298965 -0.3612 -1.39686 0.729534 0 0
0 0 871 -0.11059 -0.559028 0.171972 1.48188 0 0
0 0 872 0.147578 0.524546 -3.01038 0.742467 -40.0578 8.52821
0 0 873 1.63047 1.3949 0.201777 -0.112383 0 0
0 0 874 1.39767 0.687882 -0.0361083 0.60369 0 0
0 0 875 0.495037 -0.149276 0.257639 1.94612 0 0
0 0 876 0.316394 1.39508 -0.0728488 1.42491 0 0
0 0 877 1.55308 -0.864902 -0.042881 -1.30313 0 0
0 0 878 1.22412 -0.572808 -0.270616 1.18723 0 0
0 0 879 1.07432 -0.600442 1.95587 -0.937709 0 0
0 0 880 0.403256 0.427412 -1.43704 0.14781 0 0
0 0 881 -1.8935 -0.269059 0.024402 -1.02015 0 0
0 0 882 0.774095 0.509452 0.537103 -0.341845 0 0
0 0 883 0.097624 0.849901 -1.4928 -0.491582 0 0
0 0 884 1.14114 1.12921 -0.781476 0.796545 0 0
0 0 885 0.256447 1.37627 1.60961 0.211471 0 0
0 0 886 -1.60279 -0.651608 0.442152 -0.0170836 0 0
0 0 887 0.718482 1.8403 0.972738 1.17143 0 0
0 0 888 1.73307 0.119263 -1.30795 -1.55063 0 0
0 0 889 0.921575 -0.986437 0.0564973 1.06351 0 0
0 0 890 2.22298 1.1675 -1.88248 -0.964139 0 0
0 0 891 -0.648021 -0.268363 0.301625 -1.00155 0 0
0 0 892 -0.20115 -1.04556 -1.54614 -2.07836 0 0
0 0 893 1.35637 0.0943947 0.481827 1.143 0 0
0 0 894 0.65445 1.72046 0.780951 2.07996 0 0
0 0 895 -0.166048 0.289514 -0.410626 1.93844 0 0
0 0 896 1.30658 -0.978924 1.38945 -0.0239993 0 0
0 0 897 -0.0191014 -0.624851 1.48073 -1.85839 0 0
0 0 898 1.01163 -0.865105 0.123138 -0.545622 0 0
0 0 899 -1.10787 1.45871 1.21039 -1.52642 0 0
0 0 900 0.697181 0.188592 -0.280336 -0.75268 0 0
0 0 901 0.175474 1.76546 -0.0677978 0.826476 0 0
0 0 902 0.170684 -0.513295 -1.5704 0.993182 0 0
0 0 903 -0.601068 0.520384 0.164796 0.149225 0 0
0 0 904 0.276053 -0.505773 0.615944 -1.72924 0 0
0 0 905 -1.70405 -0.660363 0.063439 0.323229 0 0
0 0 906 -0.111032 -1.23518 2.60989 -0.820191 0 0
0 0 907 -0.818303 -0.0982345 -0.706271 -0.114147 0 0
0 0 908 -1.05529 -0.163256 -0.0030432 0.639199 0 0
0 0 909 0.209118 -0.49319 -1.54005 -1.38932 0 0
0 0 910 2.21676 0.898028 -0.179092 1.19562 0 0
0 0 911 -0.736726 1.22656 0.438494 -1.06063 0 0
0 0 912 0.479655 -1.60696 0.500811 0.354591 0 0
0 0 913 0.213064 0.751203 0.295641 -1.05537 0 0
0 0 914 0.19574 -0.36155 -0.694404 -0.389875 0 0
0 0 915 0.686209 0.0815583 0.515326 1.02413 0 0
0 0 916 -0.0355873 0.284968 -0.175946 -0.957911 0 0
0 0 917 0.0822051 0.773562 1.19479 -0.435381 0 0
0 0 918 -0.926961 0.461165 -1.74254 0.643206 0 0
0 0 919 -0.571434 -0.261389 -1.49817 0.033189 0 0
0 0 920 -0.966655 0.181611 -1.36259 -0.903902 0 0
0 0 921 -0.322164 -1.12266 0.691894 1.98668 0 0
0 0 922 -0.755569 -1.25411 0.844543 0.639136 0 0
0 0 923 0.75159 0.258794 1.96226 0.129579 0 0
0 0 924 0.0104893 0.213471 -1.5146 -1.87349 0 0
0 0 925 -1.1941 -0.540696 1.29368 -0.596502 0 0
0 0 926 -0.500835 3.39746e-05 -0.454014 -0.301953 0 0
0 0 927 0.349863 -0.997362 0.610831 -0.671329 0 0
0 0 928 -0.996615 1.36508 0.650704 -0.025785 0 0
0 0 929 0.755134 0.650986 0.477333 0.753539 0 0
0 0 930 1.8019 -0.441456 0.681289 -0.572842 0 0
0 0 931 0.909096 0.223402 0.274326 -1.52904 0 0
0 0 932 -0.247956 1.21372 1.0355 1.15886 0 0
0 0 933 0.664943 0.421388 -0.44646 -0.208682 0 0
0 0 934 0.972297 1.26683 -0.6198 0.259607 0 0
0 0 935 -0.742366 0.533942 0.504634 -0.653633 0 0
0 0 936 -1.67217 -0.0461087 -0.134111 -0.257028 0 0
0 0 937 0.95783 1.13503 0.322743 -0.420225 0 0
0 0 938 0.371963 1.51652 0.0148564 1.41331 0 0
0 0 939 0.682177 0.380862 0.00240245 -1.44565 0 0
0 0 940 -0.189129 1.34166 -0.636411 -0.855598 0 0
0 0 941 -0.447841 0.722781 0.064881 -0.0750031 0 0
0 0 942 0.143319 0.346753 0.928126 -0.432297 0 0
0 0 943 1.67597 -0.380841 -0.76643 0.124931 0 0
0 0 944 1.52884 0.116224 -0.213356 0.0442459 0 0
0 0 945 1.01504 -0.551755 -0.243827 0.619995 0 0
0 0 946 -0.406975 -0.216887 0.793123 0.354439 0 0
0 0 947 -0.321701 -2.02196 -1.09434 -0.131311 0 0
0 0 948 1.37793 -0.165047 2.18826 0.806716 0 0
0 0 949 0.729187 0.207427 -0.413713 -0.338505 0 0
0 0 950 0.946362 0.231934 0.815497 1.91467 0 0
0 0 951 -1.35229 1.13584 -0.842881 1.56966 0 0
0 0 952 1.94328 -1.22826 -0.742375 -0.102284 0 0
0 0 953 0.268179 0.943885 0.15441 0.037311 0 0
0 0 954 -0.258378 1.18049 -0.271521 -1.34106 0 0
0 0 955 0.679474 2.19498 0.241241 -0.546941 0 0
0 0 956 -0.992643 0.770054 0.189184 0.043332 0 0
0 0 957 0.933114 -0.676728 -1.02608 0.62287 0 0
0 0 958 1.39071 0.122656 0.0435027 0.367556 0 0
0 0 959 -0.921795 0.107794 0.14396 -0.115253 0 0
0 0 960 0.223739 -1.16422 1.00076 -0.347935 0 0
0 0 961 1.48601 -0.947231 -0.112531 -2.86921 0 0
0 0 962 1.10611 1.35326 -0.435179 -0.737621 0 0
0 0 963 -0.140958 0.876 -1.03589 -0.945902 0 0
0 0 964 -0.91881 1.81181 0.235226 1.09275 0 0
0 0 965 0.998007 -0.278861 0.0613917 -1.16122 0 0
0 0 966 -1.60649 -0.503172 0.617886 1.41192 0 0
0 0 967 0.636985 0.470798 -0.0183421 -0.714195 0 0
0 0 968 -0.448698 -0.485043 -0.599237 0.854877 0 0
0 0 969 -0.178844 0.776716 -0.437048 -0.143464 0 0
0 0 970 -1.5403 -0.499988 -0.608987 0.0372158 0 0
0 0 971 -0.487983 0.129623 -0.697829 0.835749 0 0
0 0 972 0.188909 -0.303707 0.683461 0.113015 0 0
0 0 973 1.88581 -0.436208 -0.778658 -1.5587 0 0
0 0 974 -0.428124 0.725398 0.624331 0.625221 0 0
0 0 975 1.40857 1.05614 -0.831652 0.654409 0 0
0 0 976 0.819802 0.688412 -0.635686 0.408661 0 0
0 0 977 -1.04964 -0.634956 -1.77543 -0.152696 0 0
0 0 978 -0.546601 -0.606946 0.127192 -0.194023 0 0
0 0 979 1.93354 1.26567 0.66756 -1.1367 0 0
0 0 980 -1.56839 -0.22344 0.864393 0.612766 0 0
0 0 981 0.0339662 1.62377 1.89509 -0.51605 0 0
0 0 982 0.278527 -0.450189 0.588668 1.24025 0 0
0 0 983 0.0823081 1.09557 -1.56169 -0.214524 0 0
0 0 984 -0.367961 -0.101742 -1.13868 0.919299 0 0
0 0 985 -0.479835 1.04132 0.880148 -0.270983 0 0
0 0 986 0.368574 0.874905 -0.732249 0.320676 0 0
0 0 987 -0.771204 -2.7515 0.277008 0.240749 0 0
0 0 988 -0.141131 0.766623 -1.51066 1.29376 0 0
0 0 989 1.11669 0.546266 0.364242 1.01496 0 0
0 0 990 0.697792 1.49322 -0.720766 -0.264539 0 0
0 0 991 -1.02925 -0.283496 0.430497 0.405844 0 0
0 0 992 -0.458863 1.24197 -0.916396 1.28771 0 0
0 0 993 -0.436151 0.557793 -0.599006 0.392982 0 0
0 0 994 -0.0781104 0.652934 0.0304814 -0.576531 0 0
0 0 995 0.270429 1.99939 -1.86645 -0.00880255 0 0
0 0 996 1.42842 -1.01303 0.630895 0.327166 0 0
0 0 997 0.150991 -0.0448884 -0.421942 0.0531573 0 0
0 0 998 0.371501 0.591632 -0.63338 0.543871 0 0
0 0 999 -0.218931 0.530198 0.0206455 1.48608 0 0
0 0 1000 -0.105207 0.35399 -0.526749 0.10196 0 0
0 0 1001 -0.738883 -0.410693 -0.925108 -0.128523 0 0
0 0 1002 0.105407 -0.617844 -0.951631 1.03387 0 0
0 0 1003 0.725957 0.836416 0.17162 0.649146 0 0
0 0 1004 1.96388 -0.450195 -0.631624 -0.535287 0 0
0 0 1005 0.486686 -0.846743 0.221605 -0.381411 0 0
0 0 1006 -2.49804 -1.08119 0.314379 -0.848638 0 0
0 0 1007 0.476528 0.000152364 -1.30173 -0.0258987 0 0
0 0 1008 3.2216 -1.02391 0.0337356 1.59941 0 0
0 0 1009 0.450231 0.533435 -2.25899 0.795736 0 0
0 0 1010 -0.967864 -0.716609 0.741236 -0.601357 0 0
0 0 1011 0.259664 -0.095258 -0.233916 -0.515598 0 0
0 0 1012 0.502607 0.879618 -0.132241 0.517873 0 0
0 0 1013 0.650851 -0.0368049 0.236862 0.659964 0 0
0 0 1014 -0.288417 0.314749 -0.975886 0.459559 0 0
0 0 1015 0.379487 0.400412 -1.1829 0.774104 0 0
0 0 1016 0.186896 -0.680265 0.52687 0.806185 0 0
0 0 1017 0.144953 0.77785 0.336162 -0.531467 0 0
0 0 1018 0.23174 0.728218 0.538924 -0.208915 0 0
0 0 1019 0.232609 1.44503 1.00805 0.253576 0 0
0 0 1020 -1.34586 0.0559095 0.940056 -0.703927 0 0
0 0 1021 -1.70162 -1.15884 0.630221 -1.26554 0 0
0 0 1022 2.2007 -1.07543 -0.404494 1.47382 0 0
0 0 1023 0.658879 0.994783 0.30919 -0.360244 0 0
