# File: uwl_230713_100000_Combined.rf.sbG2.RMC_aux Src: J1713+0747 Nsub: 1 Nch: 1 Npol: 4 Nbin: 1024 RMS: 0.628696
0 0 0 0.696982 0.454013 0.265161 -0.523937 0 0
0 0 1 0.701346 1.06248 1.02793 1.21547 0 0
0 0 2 0.455828 -1.00482 0.584572 0.231066 0 0
0 0 3 -0.176291 -0.802483 0.339505 -0.874286 0 0
0 0 4 0.0468298 1.74022 0.874882 0.0152392 0 0
0 0 5 -1.80327 0.138467 0.665685 -0.714773 0 0
0 0 6 0.661082 0.513997 0.745413 -0.293414 0 0
0 0 7 -0.669636 -0.205303 -0.0227968 1.3495 0 0
0 0 8 0.713871 -0.988032 0.705108 0.476532 0 0
0 0 9 -0.242671 -0.558552 -0.123213 -1.25688 0 0
0 0 10 0.68581 -0.015103 -0.119687 -0.557065 0 0
0 0 11 0.34539 0.600231 0.498698 0.206494 0 0
0 0 12 0.157699 0.00688463 0.19245 0.145715 0 0
0 0 13 0.3675 0.15652 0.279885 -0.915184 0 0
0 0 14 1.22479 0.764301 0.164786 0.194373 0 0
0 0 15 0.0799581 1.79121 0.183902 -0.267882 0 0
0 0 16 1.16648 -0.0786431 -0.486947 0.730336 0 0
0 0 17 0.370102 0.13663 -1.21279 0.179825 0 0
0 0 18 0.435113 -0.207435 0.969795 -1.18743 0 0
0 0 19 0.139452 0.734765 0.639174 0.399741 0 0
0 0 20 0.363252 0.669486 0.806589 0.917072 0 0
0 0 21 1.15665 -0.73561 0.470813 0.348629 0 0
0 0 22 0.738285 -0.729024 0.0618768 -0.750795 0 0
0 0 23 0.648125 0.501644 0.876354 0.202818 0 0
0 0 24 1.307 -1.57583 0.256786 -0.4118 0 0
0 0 25 -0.0891168 0.498483 -0.0985699 1.14768 0 0
0 0 26 0.413988 -0.872074 0.174417 0.5636 0 0
0 0 27 -0.572414 0.173658 0.0241961 -0.306241 0 0
0 0 28 0.482816 0.604996 0.0632643 -0.968045 0 0
0 0 29 1.31564 -0.226344 1.00562 -0.325995 0 0
0 0 30 1.79769 0.848738 -0.522681 -0.547481 0 0
0 0 31 0.487796 0.644593 -0.320803 -0.261022 0 0
0 0 32 1.87123 0.64369 0.389238 0.41258 0 0
0 0 33 0.403953 -0.575085 1.50141 -0.00704506 0 0
0 0 34 2.07073 -0.371362 -0.641348 -0.843596 0 0
0 0 35 -0.476386 -0.121973 1.18267 -0.520518 0 0
0 0 36 0.878906 -0.336408 0.773131 -1.34568 0 0
0 0 37 0.748916 0.276703 0.649737 1.39102 0 0
0 0 38 0.131539 -0.673332 1.24954 -0.136088 0 0
0 0 39 0.662658 0.0284618 0.143723 0.47898 0 0
0 0 40 -0.345202 -1.10297 0.0578625 0.28456 0 0
0 0 41 0.0605199 0.126331 1.21912 -0.141081 0 0
0 0 42 0.149588 0.476305 0.692927 0.389701 0 0
0 0 43 1.25246 -0.518832 1.10568 0.748792 0 0
0 0 44 0.846135 0.16793 0.712844 0.946718 0 0
0 0 45 0.191765 0.264183 -0.173133 -0.286692 0 0
0 0 46 1.04588 -0.725538 0.911121 -0.736759 0 0
0 0 47 0.679353 -0.225592 0.183064 -0.37539 0 0
0 0 48 0.841339 -0.161978 0.180761 -0.599268 0 0
0 0 49 0.62668 -0.48182 -0.274245 0.218803 0 0
0 0 50 0.223069 -0.439308 1.06396 0.683056 0 0
0 0 51 0.634803 0.647431 0.36501 0.225147 0 0
0 0 52 0.811862 0.101676 -0.089337 0.165276 0 0
0 0 53 1.21377 0.300035 1.05497 0.460046 0 0
0 0 54 1.32352 -1.28338 0.952383 -0.177508 0 0
0 0 55 0.34329 -0.611724 0.0767986 0.425052 0 0
0 0 56 -0.0129611 0.720717 -0.534702 0.246166 0 0
0 0 57 1.4953 1.4662 0.30209 -0.664281 0 0
0 0 58 0.219382 0.21313 0.713372 -0.686842 0 0
0 0 59 0.0487722 0.600423 0.37124 -0.567413 0 0
0 0 60 0.882389 -0.17858 -0.274337 -0.334047 0 0
0 0 61 0.520835 0.370652 -0.373392 -0.339012 0 0
0 0 62 0.113243 -0.200935 -0.0841805 -0.33885 0 0
0 0 63 0.772971 0.621471 0.190924 -0.870263 0 0
0 0 64 0.0937881 -0.605422 0.188212 0.0649937 0 0
0 0 65 -0.214446 -0.443896 0.377787 0.657529 0 0
0 0 66 0.00678998 1.21047 0.691079 -0.459978 0 0
0 0 67 0.103591 -0.832588 -0.444097 -0.250988 0 0
0 0 68 0.39266 -1.63814 -0.580769 -1.0793 0 0
0 0 69 -0.77808 -0.204034 -0.0586646 -0.138706 0 0
0 0 70 0.0246638 0.919705 0.471189 0.317617 0 0
0 0 71 0.205939 0.510703 0.896829 0.191327 0 0
0 0 72 0.71414 -0.106746 0.869317 -0.661822 0 0
0 0 73 -0.505065 -0.725216 0.546572 0.62267 0 0
0 0 74 0.025665 -0.0482489 -0.368647 -0.106028 0 0
0 0 75 0.543801 0.567641 -0.762882 0.50055 0 0
0 0 76 -0.189018 -0.450754 0.0322692 0.0164779 0 0
0 0 77 0.658706 -0.659618 0.716048 -0.731948 0 0
0 0 78 0.1425 -0.229031 0.555325 0.584464 0 0
0 0 79 -0.327904 0.663348 0.102188 -1.44009 0 0
0 0 80 0.418284 -0.368696 0.791926 -1.09408 0 0
0 0 81 0.275323 0.164802 -0.23867 0.467951 0 0
0 0 82 -0.542388 -0.145585 -1.06669 -0.533411 0 0
0 0 83 -0.146188 -0.931812 0.0803206 0.16871 0 0
0 0 84 0.916647 0.445 -0.590927 -0.38133 0 0
0 0 85 0.130614 -0.828323 -0.387374 0.202081 0 0
0 0 86 -0.129008 -0.401633 0.48884 -0.26143 0 0
0 0 87 -0.562651 0.50283 -0.0690503 -0.412746 0 0
0 0 88 -0.197394 0.120833 0.497939 0.511912 0 0
0 0 89 0.521982 -1.03709 -0.691021 0.135782 0 0
0 0 90 -0.662695 0.151297 -0.323345 -0.948656 0 0
0 0 91 -0.0913946 -0.648152 1.02531 -1.307 0 0
0 0 92 -0.398026 -0.366407 -1.21419 -0.11433 0 0
0 0 93 -0.248203 -0.205171 -0.412674 -0.0640904 0 0
0 0 94 -0.0178552 0.912553 -0.240347 -0.504396 0 0
0 0 95 0.0909026 0.321177 0.285043 -0.670146 0 0
0 0 96 -1.07941 -0.398175 0.0892795 -0.649482 0 0
0 0 97 0.259715 -0.782073 -0.927341 0.18078 0 0
0 0 98 0.15121 0.697159 -0.418726 0.594503 0 0
0 0 99 0.222439 0.515869 -0.178305 0.611668 0 0
0 0 100 -0.592112 0.170142 -0.87302 -0.329782 0 0
0 0 101 0.0765196 0.621449 0.199872 0.449 0 0
0 0 102 0.0887876 1.05009 0.389552 -0.174645 0 0
0 0 103 0.681038 -0.17081 0.795879 -0.882667 0 0
0 0 104 -0.77402 2.04286 0.299129 -0.680081 4.1652 8.36544
0 0 105 0.818279 -0.50547 0.00473006 0.00803173 0 0
0 0 106 -0.325374 -0.227498 -1.16327 -0.222249 0 0
0 0 107 0.310177 0.48053 -0.10975 -1.18106 0 0
0 0 108 0.292892 0.546801 0.869185 1.41143 0 0
0 0 109 -0.253869 -0.279329 -1.71556 -1.02606 0 0
0 0 110 -1.49849 0.412476 -0.767482 0.644336 0 0
0 0 111 -0.057213 -0.571029 0.145009 -0.0177526 0 0
0 0 112 -1.17005 -0.699901 0.519162 1.45111 0 0
0 0 113 0.323099 0.487167 1.08145 0.435623 0 0
0 0 114 0.992525 -0.0794455 -0.124817 -1.11599 0 0
0 0 115 0.830827 0.175709 -0.307222 1.12492 0 0
0 0 116 0.260084 -0.481634 -0.991469 1.05036 0 0
0 0 117 0.361818 0.283821 0.798665 1.0597 0 0
0 0 118 -0.79895 0.881381 -0.92442 -0.902568 0 0
0 0 119 -0.960935 -0.621944 1.57906 -0.323868 0 0
0 0 120 0.169196 -0.198165 0.149058 -0.745926 0 0
0 0 121 -0.219447 0.0559752 -0.460359 -0.246218 0 0
0 0 122 0.486647 0.252022 -0.186089 0.772712 0 0
0 0 123 0.400533 -0.212091 -1.06871 0.0586047 0 0
0 0 124 0.230773 0.249424 0.293558 0.755 0 0
0 0 125 0.924868 -0.0265127 0.886314 -0.465351 0 0
0 0 126 0.640689 -0.741822 0.422119 0.251243 0 0
0 0 127 -1.27935 0.437046 -0.31813 -0.131624 0 0
0 0 128 0.520097 0.537341 -0.108003 0.33072 0 0
0 0 129 0.142389 -0.819763 -0.0824958 0.412578 0 0
0 0 130 -0.860122 0.0173659 0.156681 1.38604 0 0
0 0 131 0.333269 -1.39376 -0.356653 0.369048 0 0
0 0 132 -1.30302 -0.197333 -0.787211 -0.91306 0 0
0 0 133 -0.32178 0.694633 1.12203 -0.815019 0 0
0 0 134 -0.868204 -0.137505 -0.462223 -0.757231 0 0
0 0 135 0.0748685 0.757241 -0.0619932 -0.545681 0 0
0 0 136 0.0824988 0.332947 0.492921 1.35119 0 0
0 0 137 -0.258941 0.671236 0.0345708 0.984326 0 0
0 0 138 1.10329 0.543612 0.154487 -0.595703 0 0
0 0 139 0.318224 0.524139 -0.0674076 0.468804 0 0
0 0 140 0.427782 -0.00825985 -0.695337 0.353759 0 0
0 0 141 -1.49393 0.202563 0.00544154 0.955397 0 0
0 0 142 0.871704 -0.00460801 -0.242995 -0.306493 0 0
0 0 143 0.694381 -0.670553 0.298323 0.152982 0 0
0 0 144 -0.48115 -0.0761996 0.12675 -0.257717 0 0
0 0 145 0.363478 1.20605 -0.226129 0.263564 0 0
0 0 146 -0.0361076 -0.145056 -0.746616 -0.797197 0 0
0 0 147 1.16449 1.23186 0.318855 -0.332468 0 0
0 0 148 1.54255 -0.479937 -0.69474 0.0164756 0 0
0 0 149 -1.1026 -0.117833 -0.82299 -0.662763 0 0
0 0 150 -0.775434 -0.457468 -1.23142 0.154809 0 0
0 0 151 0.30447 0.919975 0.0836397 0.0522829 0 0
0 0 152 -0.114803 0.306867 0.633916 0.12503 0 0
0 0 153 0.491314 0.536895 -0.0620637 -0.224905 0 0
0 0 154 -0.0866095 0.46281 -0.936428 -0.640744 0 0
0 0 155 0.105059 0.766093 -0.397649 1.11032 0 0
0 0 156 0.132453 0.167628 -0.457246 0.0133407 0 0
0 0 157 0.630062 -0.488298 -0.328875 -0.168702 0 0
0 0 158 0.183164 0.692027 -0.336628 1.10846 0 0
0 0 159 -0.13194 0.250576 0.0703006 -0.504499 0 0
0 0 160 0.47006 0.54129 -0.293396 0.473622 0 0
0 0 161 0.652731 -0.0243308 0.44145 -0.538138 0 0
0 0 162 0.532308 0.598645 0.775227 0.0173674 0 0
0 0 163 0.450393 -0.533071 0.505106 0.144739 0 0
0 0 164 -1.04957 0.0707062 0.47159 0.618992 0 0
0 0 165 0.136363 -0.775621 0.227245 0.293033 0 0
0 0 166 1.30454 -0.514407 -0.115275 -0.00185591 0 0
0 0 167 0.408597 0.46279 -0.0556828 0.129837 0 0
0 0 168 0.320161 -0.0374084 0.687153 0.882888 0 0
0 0 169 -0.0221245 -0.537719 0.0205534 -0.353276 0 0
0 0 170 -0.234861 -0.0248251 0.50828 -0.948472 0 0
0 0 171 0.852125 -0.346158 0.520365 0.218828 0 0
0 0 172 -0.282217 -0.507033 0.202574 0.875436 0 0
0 0 173 -1.09159 0.900459 -0.0924833 0.50129 0 0
0 0 174 -0.442607 0.283399 0.574883 -0.227891 0 0
0 0 175 0.361353 0.662365 -0.0999831 -1.2678 0 0
0 0 176 0.201842 -0.209078 0.636073 0.234332 0 0
0 0 177 0.138547 -1.0828 -0.557158 -0.241132 0 0
0 0 178 0.656306 -0.286192 -1.43364 -0.0660167 0 0
0 0 179 0.470633 -0.904448 0.421079 0.408235 0 0
0 0 180 -0.0854262 -0.16516 -0.471424 -1.16311 0 0
0 0 181 0.632112 0.923855 -0.800201 -0.723858 0 0
0 0 182 1.09874 0.297849 -1.28811 -0.619519 0 0
0 0 183 -0.238022 0.615104 0.64788 -1.07512 0 0
0 0 184 0.29589 0.213421 0.215041 0.283645 0 0
0 0 185 0.992003 0.34242 0.0759927 0.96972 0 0
0 0 186 0.276108 -0.703788 -0.451757 -0.351676 0 0
0 0 187 0.313422 0.327281 0.597218 -0.0704223 0 0
0 0 188 -0.533682 -0.269855 0.290236 0.115989 0 0
0 0 189 -0.427321 -0.186502 0.198111 0.225732 0 0
0 0 190 0.712679 0.143589 -0.614056 -0.152741 0 0
0 0 191 -0.279471 0.675129 -1.44828 -0.332326 0 0
0 0 192 -0.284318 0.585092 0.456093 -0.603876 0 0
0 0 193 0.948555 0.715964 -0.392743 0.665456 0 0
0 0 194 0.211556 0.578479 -0.511381 0.231914 0 0
0 0 195 -0.823657 0.0969604 1.01359 -0.481127 0 0
0 0 196 1.74874 0.513603 0.976634 0.506925 0 0
0 0 197 0.036116 0.823325 -0.684706 -0.028041 0 0
0 0 198 -0.624262 -0.0989498 0.154414 1.27364 0 0
0 0 199 0.191216 -0.925558 0.990308 -0.0354303 0 0
0 0 200 -0.591502 0.0724585 -0.869706 1.00014 0 0
0 0 201 0.259969 0.645774 0.492638 0.994341 0 0
0 0 202 0.127691 -0.639602 0.420158 0.529138 0 0
0 0 203 -0.558911 0.630737 0.287002 0.403139 0 0
0 0 204 -0.578119 0.424876 0.114276 -0.412361 0 0
0 0 205 0.567069 -0.701358 -0.138868 -0.545711 0 0
0 0 206 0.322823 0.352144 0.4744 -0.186603 0 0
0 0 207 0.148735 1.03378 0.560604 -0.729609 0 0
0 0 208 -0.503722 0.338683 -0.122702 -1.09081 0 0
0 0 209 -0.937766 0.0775569 -0.108189 0.218128 0 0
0 0 210 0.683709 -0.105975 -0.659227 -0.137352 0 0
0 0 211 0.583303 0.00192508 -0.549728 1.14915 0 0
0 0 212 -0.18064 -0.656559 0.387942 0.351875 0 0
0 0 213 -0.205788 0.0950828 0.600101 0.192208 0 0
0 0 214 0.0327302 -0.0624671 -1.02503 -0.484552 0 0
0 0 215 1.27158 -0.243033 -0.668374 -0.473721 0 0
0 0 216 -0.302153 0.0875382 0.512119 -1.52144 0 0
0 0 217 -0.168819 -0.315352 1.61101 0.859766 0 0
0 0 218 -0.521237 -0.884596 0.121684 0.578553 0 0
0 0 219 0.325265 0.313866 0.480425 0.789154 0 0
0 0 220 -0.111739 -0.068528 -0.408236 0.495541 0 0
0 0 221 -0.439207 -1.00817 0.0383736 -0.493229 0 0
0 0 222 -0.129728 0.0801002 0.0717955 -0.285756 0 0
0 0 223 -0.107 -0.476646 1.20821 -0.628043 0 0
0 0 224 -0.464919 0.605976 -0.254805 -0.303207 0 0
0 0 225 -0.242611 0.458009 0.400837 0.342224 0 0
0 0 226 0.273603 0.49804 1.2742 -0.119406 0 0
0 0 227 0.652877 -0.49478 -0.221703 -1.11326 0 0
0 0 228 -0.506851 -0.273781 -0.147628 -0.194318 0 0
0 0 229 0.317259 -0.0777614 0.698837 -0.020821 0 0
0 0 230 1.0009 -0.564279 0.794333 0.115053 0 0
0 0 231 0.00658384 -0.466933 -0.452495 1.19518 0 0
0 0 232 0.290012 0.344281 0.564166 0.883768 0 0
0 0 233 0.439338 -1.12133 0.0888978 -0.741418 0 0
0 0 234 0.440305 -1.07617 -0.452904 -0.942564 0 0
0 0 235 -0.334354 -0.292638 0.829184 0.26869 0 0
0 0 236 0.236053 0.762361 -0.322519 0.603565 0 0
0 0 237 0.630266 0.548433 -0.499523 0.11189 0 0
0 0 238 -0.340919 -0.59492 -0.318217 -0.471743 0 0
0 0 239 0.37328 0.199013 -0.748578 -0.0584298 0 0
0 0 240 0.00840712 1.12411 1.25754 0.148861 0 0
0 0 241 0.701521 0.668699 -0.717135 0.504316 0 0
0 0 242 0.382283 -0.886706 0.450982 0.952949 0 0
0 0 243 -0.350452 0.350309 0.161741 -1.00974 0 0
0 0 244 0.458755 0.209403 -0.263802 0.342006 0 0
0 0 245 -0.033067 -0.499916 -0.78088 0.107389 0 0
0 0 246 -0.610489 0.00884312 0.315428 -0.310586 0 0
0 0 247 0.547869 0.542958 -0.863992 -0.291957 0 0
0 0 248 0.175857 0.218126 1.31581 1.3202 0 0
0 0 249 -0.596533 0.136676 -1.02939 -0.325071 0 0
0 0 250 0.769988 -0.206449 0.404626 1.17117 0 0
0 0 251 0.0490032 -0.916867 -0.493249 0.867378 0 0
0 0 252 0.0387216 0.140683 -0.729125 -0.908299 0 0
0 0 253 0.139771 0.57389 0.0025491 0.307642 0 0
0 0 254 0.492525 0.766131 -0.181784 -0.12106 0 0
0 0 255 -0.349247 0.0901346 -0.62151 -0.117338 0 0
0 0 256 -0.545123 -0.392039 -0.209924 -0.207161 0 0
0 0 257 0.177039 0.818293 0.0781399 0.151327 0 0
0 0 258 -0.150308 0.521525 0.491697 0.0596503 0 0
0 0 259 -0.713708 -0.34173 -0.446854 -0.457261 0 0
0 0 260 -0.311767 -0.0535388 0.0696911 0.430915 0 0
0 0 261 1.01395 0.356803 0.113841 0.0951324 0 0
0 0 262 0.43979 0.0402246 -0.477376 0.137114 0 0
0 0 263 -0.14143 -0.129041 -0.224458 -0.486328 0 0
0 0 264 0.482932 0.853195 -0.941725 0.468134 0 0
0 0 265 1.00175 -0.357083 -0.0105205 -0.0540565 0 0
0 0 266 -0.896454 0.513684 0.0256516 0.624281 0 0
0 0 267 0.456855 0.604213 0.5809 -0.634763 0 0
0 0 268 -0.11268 0.290266 0.642298 -0.733228 0 0
0 0 269 0.512224 0.749339 0.314132 0.181535 0 0
0 0 270 -0.197945 -0.871477 0.419236 -0.374486 0 0
0 0 271 0.289755 -0.962477 0.190682 0.160282 0 0
0 0 272 -0.801269 0.832194 0.146706 1.39529 0 0
0 0 273 -0.0407727 0.93501 1.22391 2.09067 0 0
0 0 274 -0.158277 0.15373 0.992767 -0.541221 0 0
0 0 275 -0.391283 0.51848 1.04324 0.738582 0 0
0 0 276 0.49492 0.829 -1.06754 -0.164118 0 0
0 0 277 -0.910503 0.163777 -0.627282 0.320568 0 0
0 0 278 0.24403 -0.32229 1.48604 -0.419526 0 0
0 0 279 0.00300813 -0.0890456 -0.307025 -0.724317 0 0
0 0 280 1.20814 -0.446131 -1.01783 -0.42821 0 0
0 0 281 -0.329892 -0.495714 0.0981177 -1.07 0 0
0 0 282 -0.203476 0.355065 0.0333825 -0.500763 0 0
0 0 283 -0.275896 -0.339171 0.00336778 -0.342876 0 0
0 0 284 -0.192138 0.535389 -1.42668 0.977534 0 0
0 0 285 0.545703 -0.51836 -0.0381569 0.287082 0 0
0 0 286 1.4337 -1.21112 -0.999855 0.602895 0 0
0 0 287 0.661322 0.329663 1.07708 -0.500922 0 0
0 0 288 -0.0113057 -0.821301 -0.448989 0.483644 0 0
0 0 289 -0.390801 0.492445 0.13379 0.766665 0 0
0 0 290 -0.0458026 0.0586497 -0.00771465 0.0685325 0 0
0 0 291 -0.0918603 -0.130668 0.746288 -0.175687 0 0
0 0 292 -0.769095 -1.12047 0.332481 -0.369417 0 0
0 0 293 0.365853 -0.842192 0.128214 0.751361 0 0
0 0 294 0.567329 -0.035008 0.411447 0.938998 0 0
0 0 295 -0.43506 0.342474 -0.794951 -0.025382 0 0
0 0 296 0.261743 -0.359238 -0.575294 0.11485 0 0
0 0 297 -0.435765 -0.0461255 0.411764 -0.0933301 0 0
0 0 298 -0.10785 -0.318268 1.81905 -0.602335 0 0
0 0 299 -0.169636 -0.632085 0.256393 -0.532054 0 0
0 0 300 -0.943265 -0.726573 0.168121 0.389825 0 0
0 0 301 -0.231733 -0.235534 0.569208 -0.6258 0 0
0 0 302 0.795515 0.973606 -0.594143 -0.355917 0 0
0 0 303 -0.00233072 -1.20298 0.686614 0.54166 0 0
0 0 304 0.998506 -0.47562 0.666161 0.11684 0 0
0 0 305 -0.360792 0.168287 0.551325 0.155617 0 0
0 0 306 -0.108431 -0.0846768 0.474722 -0.0348706 0 0
0 0 307 0.0431547 0.58813 0.584677 0.412172 0 0
0 0 308 -0.985571 0.149464 -0.228875 -0.126883 0 0
0 0 309 -0.474454 0.520068 0.423157 -0.57435 0 0
0 0 310 0.237381 1.12342 -0.749718 -0.279679 0 0
0 0 311 0.175199 0.891984 0.554404 -0.907471 0 0
0 0 312 0.125578 -0.361144 -0.380792 -0.577615 0 0
0 0 313 -0.0135554 0.79446 -0.668141 0.369673 0 0
0 0 314 -0.0736045 0.384908 -0.930653 0.294677 0 0
0 0 315 0.407694 0.260597 -0.230169 -0.414664 0 0
0 0 316 0.449013 1.88314 -0.0310732 0.186376 0 0
0 0 317 0.334779 0.148217 -0.0163638 -1.12873 0 0
0 0 318 -0.12609 -0.00477332 -0.946379 -1.08766 0 0
0 0 319 0.731032 -0.582948 1.0558 -0.163759 0 0
0 0 320 -0.129995 -0.421151 -0.0357776 0.519297 0 0
0 0 321 -0.260424 0.0561818 -0.285058 -0.175409 0 0
0 0 322 -0.242576 0.316055 0.740115 0.759232 0 0
0 0 323 0.635731 -0.495851 0.289272 -0.46854 0 0
0 0 324 -1.39272 0.0898167 -0.257038 0.7532 0 0
0 0 325 -0.218235 -1.089 -0.377526 -0.739974 0 0
0 0 326 0.703582 -0.447425 -0.0856408 -0.546079 0 0
0 0 327 -0.622962 0.244513 -0.870761 0.689766 0 0
0 0 328 -0.587059 0.46462 0.144707 0.278176 0 0
0 0 329 0.44314 -0.562032 0.747333 -0.897638 0 0
0 0 330 -0.296467 -0.0907852 -1.09414 -0.75541 0 0
0 0 331 0.220187 -0.437905 0.855701 -0.715833 0 0
0 0 332 0.495966 1.68392 -0.420624 0.55181 0 0
0 0 333 0.347695 0.403644 1.38728 0.0194646 0 0
0 0 334 -0.279437 0.0292047 0.972311 0.171323 0 0
0 0 335 0.786521 -1.26008 -0.995001 1.22195 0 0
0 0 336 -0.196675 0.724571 -0.541495 0.145168 0 0
0 0 337 0.323774 0.930736 -0.216953 1.20211 0 0
0 0 338 -0.290178 0.89678 0.396862 -0.684253 0 0
0 0 339 0.0597012 -0.304813 0.0626134 -0.510105 0 0
0 0 340 0.2001 -0.630186 1.02585 -0.0562739 0 0
0 0 341 0.682365 0.398302 -1.09607 0.818649 0 0
0 0 342 0.0304129 0.684414 -0.651709 -0.610374 0 0
0 0 343 -0.43646 -0.113052 0.157661 -0.434139 0 0
0 0 344 0.0525015 -0.465802 0.287168 0.416702 0 0
0 0 345 -0.120231 -0.430635 -0.248875 -0.120291 0 0
0 0 346 0.293726 0.0907276 -0.577598 -0.018831 0 0
0 0 347 -0.605334 -0.0925071 -0.347166 -0.221361 0 0
0 0 348 1.01673 0.107947 0.290685 -0.0244925 0 0
0 0 349 -0.636037 -1.11448 0.586463 0.0677601 0 0
0 0 350 -0.717187 -0.0233689 1.28101 1.29008 0 0
0 0 351 -0.449772 0.331422 -1.18434 0.307367 0 0
0 0 352 -0.557662 -0.238058 0.866445 -1.25394 0 0
0 0 353 -0.534662 -0.0702571 -0.779598 0.39705 0 0
0 0 354 0.0927814 -0.883829 1.80502 0.183661 58.0443 8.53776
0 0 355 -0.0595078 -0.26328 -0.226192 0.882131 0 0
0 0 356 0.532264 0.352476 -0.429023 0.913895 0 0
0 0 357 -0.254373 -0.440847 0.36434 -0.544208 0 0
0 0 358 0.819908 0.1483 -0.526686 1.28216 0 0
0 0 359 -0.477184 -0.403183 -0.405186 0.704815 0 0
0 0 360 -1.03186 -0.454252 0.494825 -0.457836 0 0
0 0 361 -0.655998 -1.0472 0.995068 0.553039 0 0
0 0 362 0.929284 -0.0411444 -0.206392 -0.814295 0 0
0 0 363 0.241171 0.126135 -0.0900567 0.106936 0 0
0 0 364 0.771927 0.956894 -0.517647 0.069324 0 0
0 0 365 0.905879 0.470546 -0.421475 0.811843 0 0
0 0 366 -0.287946 -1.55974 0.178123 0.508657 0 0
0 0 367 0.755485 0.478445 -0.16475 -0.482278 0 0
0 0 368 -0.132749 0.324712 0.39792 0.812207 0 0
0 0 369 0.0843589 -0.231874 -0.390706 -0.0295731 0 0
0 0 370 0.287285 0.368455 0.0980021 -0.088986 0 0
0 0 371 0.170517 -0.226849 -0.187864 0.0516251 0 0
0 0 372 -0.688978 -0.116318 0.590812 0.334672 0 0
0 0 373 -0.189775 -0.520076 -0.266163 0.963488 0 0
0 0 374 -1.42105 0.131909 0.831445 -0.304143 0 0
0 0 375 0.467194 0.741405 -0.167909 -0.833056 0 0
0 0 376 0.193726 -0.525844 0.473744 -0.377037 0 0
0 0 377 -0.234602 0.872839 0.203958 0.738989 0 0
0 0 378 0.814338 -1.00791 0.31358 -0.822451 0 0
0 0 379 -0.117828 -0.443717 -0.217724 -0.0676547 0 0
0 0 380 0.878454 -0.0415311 -0.422443 -0.739735 0 0
0 0 381 1.53747 0.340579 -1.26793 0.268681 0 0
0 0 382 -1.2393 0.0989368 -0.241798 0.176226 0 0
0 0 383 -0.467663 -0.215336 0.0887402 -0.414996 0 0
0 0 384 -0.607965 -0.304539 0.544204 -0.238303 0 0
0 0 385 0.654461 0.820925 0.0354899 0.246255 0 0
0 0 386 0.427048 0.956262 0.561418 0.423918 0 0
0 0 387 1.15072 0.659673 -0.776117 -0.197176 0 0
0 0 388 -0.636596 0.257009 -0.501609 0.0344983 0 0
0 0 389 -0.790444 0.54628 0.16333 0.0352212 0 0
0 0 390 -0.530195 1.16134 0.170738 -0.894412 0 0
0 0 391 1.10283 1.09518 0.356963 -0.142321 0 0
0 0 392 0.097426 -0.997194 -0.275451 0.817022 0 0
0 0 393 0.761027 0.164162 -0.0868749 -0.183165 0 0
0 0 394 -0.583664 -0.314776 -0.425685 0.0825856 0 0
0 0 395 1.16513 -0.2233 0.141732 -0.485947 0 0
0 0 396 0.43456 0.107292 -0.552205 -1.04509 0 0
0 0 397 0.760132 -0.458101 0.0177026 -1.31213 0 0
0 0 398 0.313176 -0.301064 0.227801 -0.408611 0 0
0 0 399 0.677154 0.0508308 1.22017 -0.685969 0 0
0 0 400 0.269836 -0.252068 -0.781535 -0.543066 0 0
0 0 401 -0.630191 -0.0894194 0.464586 0.203682 0 0
0 0 402 -0.173739 0.434232 0.294162 0.0565116 0 0
0 0 403 -0.841316 1.24817 -0.291205 0.348405 0 0
0 0 404 1.40422 -0.0449413 0.458285 0.117496 0 0
0 0 405 -0.203162 -0.878177 0.0781045 -0.697841 0 0
0 0 406 -1.12623 0.394499 0.236868 0.113423 0 0
0 0 407 -0.258671 0.114719 0.434029 -0.239163 0 0
0 0 408 0.349531 -0.779953 -0.39713 -0.198787 0 0
0 0 409 0.634526 -0.353287 0.443657 0.229845 0 0
0 0 410 -0.456672 0.506771 -0.688616 0.269096 0 0
0 0 411 -0.618955 -0.1402 -0.587264 0.095406 0 0
0 0 412 -0.473869 0.166986 0.645987 0.120754 0 0
0 0 413 0.507482 0.114988 0.0424037 0.483512 0 0
0 0 414 -0.116614 0.958724 0.234149 0.432719 0 0
0 0 415 -1.14615 0.946805 0.111716 0.646632 0 0
0 0 416 -0.701524 -0.45746 0.785953 0.868647 0 0
0 0 417 -0.235409 0.715948 -0.135489 1.18982 0 0
0 0 418 0.591098 0.906286 0.335556 0.0752992 0 0
0 0 419 -0.69428 -0.479502 0.114312 -0.130646 0 0
0 0 420 0.224883 -0.14193 -0.504637 0.534262 0 0
0 0 421 -0.583411 0.257217 0.263306 0.218479 0 0
0 0 422 -0.591041 0.57463 -0.178155 -0.855969 0 0
0 0 423 0.166077 -0.115164 -1.39457 0.123055 0 0
0 0 424 0.178085 0.126256 1.06587 -0.0437263 0 0
0 0 425 0.783731 0.085655 0.00618756 -0.374548 0 0
0 0 426 -0.123378 -0.0895572 -0.578776 0.100467 0 0
0 0 427 0.354107 -0.707283 -0.973211 -0.54165 0 0
0 0 428 1.4226 -1.01201 0.0978796 -0.290916 0 0
0 0 429 -0.148386 1.0303 -0.0167974 1.31052 0 0
0 0 430 0.475565 0.878812 0.353491 0.681806 0 0
0 0 431 0.60145 -0.16967 0.288293 0.369473 0 0
0 0 432 0.508994 0.0971424 -0.801324 -0.229577 0 0
0 0 433 0.282803 -0.761321 0.113012 -0.180745 0 0
0 0 434 0.236051 -0.424716 0.253682 0.699511 0 0
0 0 435 0.546506 0.813669 0.0396147 0.328241 0 0
0 0 436 0.320278 -0.557275 -1.16714 -0.0360531 0 0
0 0 437 0.0174376 -0.0608924 0.51049 0.498974 0 0
0 0 438 -0.11854 -0.312002 -0.973563 -0.0337826 0 0
0 0 439 -0.659659 0.447524 -0.410896 0.926762 0 0
0 0 440 1.07446 1.70365 -0.830386 0.807341 0 0
0 0 441 -0.141391 0.16496 -0.910688 0.116877 0 0
0 0 442 0.468141 1.19324 -0.779934 -0.46887 0 0
0 0 443 0.0534773 -0.053938 -0.690361 -1.4486 0 0
0 0 444 -0.113508 0.0337126 0.495313 0.701508 0 0
0 0 445 -0.0430657 0.114029 -0.397188 0.0758837 0 0
0 0 446 0.710662 -0.343249 1.11379 -1.41429 0 0
0 0 447 0.251293 0.449965 -0.767467 0.451773 0 0
0 0 448 0.0356227 -0.733642 0.526164 0.723358 0 0
0 0 449 -0.562145 0.0902626 0.521503 0.673146 0 0
0 0 450 0.298492 1.18549 0.703789 0.34913 0 0
0 0 451 0.717164 0.80542 -0.591829 0.0237268 0 0
0 0 452 0.881889 -0.0686185 0.537281 -0.795462 0 0
0 0 453 -0.58154 1.12832 -0.711522 -0.614138 0 0
0 0 454 1.34094 1.04618 0.664682 -0.00593066 0 0
0 0 455 -0.0124245 -0.429904 -0.292733 -1.00949 0 0
0 0 456 0.13226 -1.2116 -0.11089 -0.440023 0 0
0 0 457 0.242515 0.957761 0.762356 -0.0776163 0 0
0 0 458 -1.02761 -0.012576 0.320614 0.287643 0 0
0 0 459 -0.114404 0.109803 -0.697661 0.0667113 0 0
0 0 460 0.00635606 -0.810969 -0.428361 -0.0196309 0 0
0 0 461 0.27304 0.238192 -0.952431 -0.297651 0 0
0 0 462 0.457517 0.232694 0.073143 0.415845 0 0
0 0 463 -1.03575 -0.620102 0.847189 0.797232 0 0
0 0 464 -0.397629 -0.0250879 1.09268 0.0377782 0 0
0 0 465 0.617633 0.207362 -0.177479 -0.135455 0 0
0 0 466 -0.861028 -0.00520438 -0.283387 -0.363506 0 0
0 0 467 -0.783171 1.03488 -0.336634 0.355499 0 0
0 0 468 0.328811 0.566972 1.00456 0.000781827 0 0
0 0 469 0.659849 0.311052 -0.246895 1.36598 0 0
0 0 470 -0.204527 0.0423731 -1.09299 0.0438425 0 0
0 0 471 0.60933 0.557036 -0.0459407 -0.500108 0 0
0 0 472 0.565556 1.42992 0.398443 -1.60156 0 0
0 0 473 0.257211 -0.0532818 -0.569228 0.373778 0 0
0 0 474 1.24137 0.354013 -0.0651838 0.0246903 0 0
0 0 475 -0.740793 0.450424 -1.026 -0.260993 0 0
0 0 476 0.0172219 0.24762 -0.0944785 0.943346 0 0
0 0 477 0.101683 -0.609249 0.354843 -1.85494 0 0
0 0 478 0.521157 0.12147 0.1498 0.146355 0 0
0 0 479 0.871033 -0.348695 0.15489 0.331603 0 0
0 0 480 -0.0387231 -0.0992669 -0.132069 -0.258653 0 0
0 0 481 1.1831 0.0954511 1.53408 -0.301366 0 0
0 0 482 0.525332 -0.937226 -0.989142 -0.0405572 0 0
0 0 483 1.38525 0.871099 0.309287 -0.517291 0 0
0 0 484 1.0038 0.860354 1.15983 1.39005 0 0
0 0 485 -0.211019 -0.375702 -0.768898 -0.959059 0 0
0 0 486 0.161788 -0.164671 0.281334 1.00943 0 0
0 0 487 0.279131 -0.768589 0.0554915 0.213453 0 0
0 0 488 -0.112784 0.175433 0.0754577 0.320233 0 0
0 0 489 -0.43135 -0.624675 0.293971 0.00577586 0 0
0 0 490 -0.571434 -0.354543 0.163391 -0.779183 0 0
0 0 491 1.18838 -0.140299 0.0823412 -1.19819 0 0
0 0 492 -0.45729 -0.406621 1.08687 0.407213 0 0
0 0 493 0.396136 0.0408525 -0.332861 -0.842315 0 0
0 0 494 -0.118875 0.414799 -0.246876 0.17711 0 0
0 0 495 -0.101719 -0.162415 -0.337658 -0.664098 0 0
0 0 496 0.336442 0.456382 0.348722 0.337145 0 0
0 0 497 0.485796 0.810866 0.0339937 1.18298 0 0
0 0 498 -0.49113 0.00805917 -0.391377 0.160514 0 0
0 0 499 -1.09436 0.36772 0.0881643 1.46062 0 0
0 0 500 0.300872 -0.499467 -0.592553 -0.180853 0 0
0 0 501 0.120975 -0.107696 -0.0613235 0.881194 0 0
0 0 502 -0.0335964 0.496486 0.149496 -0.280102 0 0
0 0 503 -0.316611 0.718613 -0.0223802 -0.883031 0 0
0 0 504 0.633652 -0.254215 -0.59264 -0.512727 0 0
0 0 505 -0.767998 -1.05611 -0.199217 -0.188012 0 0
0 0 506 0.840853 -0.34942 -0.395682 -0.151991 0 0
0 0 507 -0.496213 -0.964467 -0.622809 0.524014 0 0
0 0 508 0.438422 -0.350012 -0.30711 -0.874776 0 0
0 0 509 -0.986678 1.13808 0.0456371 0.114841 0 0
0 0 510 -0.0432522 0.0817694 1.5236 -1.13665 0 0
0 0 511 -0.31536 1.61077 -0.0691938 0.373251 0 0
0 0 512 0.21594 0.887363 0.652082 -0.357405 0 0
0 0 513 -0.318198 -1.60032 -0.501725 0.468276 0 0
0 0 514 -1.22619 -0.239114 0.36171 -0.0836183 0 0
0 0 515 -0.197482 1.35987 -0.469306 -0.360753 0 0
0 0 516 -0.500842 -0.52834 -0.184055 -0.509346 0 0
0 0 517 0.375982 -0.904102 0.66549 -1.39314 0 0
0 0 518 0.180834 0.045782 -0.379043 0.970445 0 0
0 0 519 -0.308329 -0.569126 0.610061 0.524056 0 0
0 0 520 0.355184 -0.509983 -0.739364 0.24035 0 0
0 0 521 -0.290558 0.800384 -0.604505 -0.603985 0 0
0 0 522 -0.293387 -0.218414 0.0226862 0.275219 0 0
0 0 523 0.484031 0.912046 0.498843 0.473154 0 0
0 0 524 -0.119221 -1.02398 -0.0765995 0.242718 0 0
0 0 525 0.779211 0.0422075 0.256848 -0.286527 0 0
0 0 526 0.479886 -0.0323601 1.2547 -0.288965 0 0
0 0 527 0.426064 -0.467675 -0.351407 -0.0871286 0 0
0 0 528 -0.403817 1.26929 0.596408 0.240156 0 0
0 0 529 -0.199691 0.0873524 -0.970604 0.118367 0 0
0 0 530 -1.03535 -1.07039 0.0374292 0.0552366 0 0
0 0 531 -1.02484 0.496013 -0.118587 0.325455 0 0
0 0 532 0.643778 -0.457112 0.743769 -0.211721 0 0
0 0 533 -0.505946 -0.265256 -0.661375 0.00214843 0 0
0 0 534 0.439535 0.435063 1.4682 0.113043 0 0
0 0 535 -0.649874 0.751484 0.0379487 0.113119 0 0
0 0 536 -1.02081 -1.0672 -0.25418 -0.61531 0 0
0 0 537 0.0708966 -0.275297 -0.705481 -0.497217 0 0
0 0 538 -0.439041 0.453099 0.0103405 -0.504468 0 0
0 0 539 0.470862 -0.784798 -0.859311 0.902638 0 0
0 0 540 0.66042 -0.914354 -0.512925 -0.774377 0 0
0 0 541 0.75316 0.376034 -0.858077 0.851568 0 0
0 0 542 0.546311 -0.575246 -0.271796 0.46237 0 0
0 0 543 0.297006 -0.518436 0.580929 -0.17012 0 0
0 0 544 0.00282524 0.0320418 -0.143516 -0.133383 0 0
0 0 545 -0.0775012 -0.0399067 1.06285 -0.414419 0 0
0 0 546 -1.35007 -0.472439 0.558719 0.264672 0 0
0 0 547 -1.18215 -0.0168666 -0.560781 -1.24397 0 0
0 0 548 0.300699 0.698788 -0.0624564 1.35061 0 0
0 0 549 0.811481 -0.125099 0.23896 0.467508 0 0
0 0 550 0.211846 0.435939 0.128602 0.925723 0 0
0 0 551 0.328083 0.609271 -0.244403 0.988137 0 0
0 0 552 0.599645 -0.685377 0.142277 0.00770096 0 0
0 0 553 0.0216686 -0.245585 -0.902502 0.0239475 0 0
0 0 554 0.667891 0.133597 -0.329506 -0.948443 0 0
0 0 555 -0.308431 -0.237758 0.288021 0.575647 0 0
0 0 556 0.574426 0.224427 -0.690516 0.879652 0 0
0 0 557 0.1402 -0.135786 0.290375 0.0649365 0 0
0 0 558 -0.0546216 0.108691 0.949946 0.0373078 0 0
0 0 559 0.0833828 0.387288 -0.280594 -0.650908 0 0
0 0 560 0.0779221 0.179711 -0.803727 -0.776735 0 0
0 0 561 1.06589 0.467129 -0.981761 0.801751 0 0
0 0 562 0.39161 -0.564508 1.18523 0.123364 0 0
0 0 563 0.193179 -0.832528 0.196025 0.522071 0 0
0 0 564 1.11195 0.926347 -1.16403 -0.902455 0 0
0 0 565 -1.59242 -0.862529 0.153443 -0.234909 0 0
0 0 566 0.278192 0.438686 0.406442 -0.226125 0 0
0 0 567 -0.629636 -0.127825 0.607094 0.96089 0 0
0 0 568 0.182138 -0.0968235 -0.927653 -0.424018 0 0
0 0 569 0.356891 0.380678 -0.589335 -0.352665 0 0
0 0 570 -0.801115 -0.725559 0.0374747 -0.313435 0 0
0 0 571 0.302449 0.836614 0.427242 -0.141846 0 0
0 0 572 0.332559 0.23178 -0.078053 0.65697 0 0
0 0 573 -0.448673 0.127445 0.252103 0.495909 0 0
0 0 574 -0.664673 -0.542752 0.0913613 0.241251 0 0
0 0 575 -0.173734 0.592155 0.681801 0.486798 0 0
0 0 576 1.30232 -0.0489723 -1.29512 0.763616 0 0
0 0 577 -0.0408087 -0.869388 -0.232218 -0.925109 0 0
0 0 578 -0.19052 -0.422847 -0.0435577 0.119853 0 0
0 0 579 1.0258 0.093205 -0.179784 -1.76714 0 0
0 0 580 0.114124 -0.589225 0.343639 1.61134 0 0
0 0 581 0.0171133 0.149704 0.850708 0.364395 0 0
0 0 582 0.176764 0.416884 -1.1689 -0.535561 0 0
0 0 583 -0.124019 0.00776849 -0.457222 0.0878771 0 0
0 0 584 -1.15785 -0.0206318 0.798674 0.0685503 0 0
0 0 585 0.547212 -0.438608 -0.970685 0.0600321 0 0
0 0 586 -0.581213 -0.0518193 -0.357117 0.0851431 0 0
0 0 587 -0.668722 0.434284 -0.0639891 -0.168902 0 0
0 0 588 -0.91925 -0.226773 0.409375 -0.363957 0 0
0 0 589 -0.921642 0.158175 0.464873 -0.536349 0 0
0 0 590 0.678949 0.151828 0.813153 0.391361 0 0
0 0 591 0.361669 -0.717885 -0.366846 0.420237 0 0
0 0 592 -0.190171 0.464911 0.543334 0.472839 0 0
0 0 593 -1.68862 -0.0158693 1.08711 -0.811813 0 0
0 0 594 -0.610434 0.137607 0.122851 -2.04036 0 0
0 0 595 -0.714009 -1.48106 0.323349 0.816477 0 0
0 0 596 0.342049 -0.207321 -0.494409 -0.0410315 0 0
0 0 597 -0.127037 -0.195403 -0.690635 -0.16742 0 0
0 0 598 -0.575637 0.431695 0.24139 0.137109 0 0
0 0 599 0.930029 1.07803 -0.4278 -0.0654083 0 0
0 0 600 1.07167 -0.145401 -0.941278 -1.1952 0 0
0 0 601 -0.142088 -0.0929261 0.757322 -0.106875 0 0
0 0 602 -0.333588 0.0662268 -0.346625 0.672129 0 0
0 0 603 0.0951904 -0.689598 -0.0446686 -0.000247433 0 0
0 0 604 0.0030263 -0.103284 -0.132971 -0.627786 0 0
0 0 605 -1.11798 0.079693 -0.004937 0.0166236 0 0
0 0 606 0.269451 -1.01884 0.608513 -0.246807 0 0
0 0 607 -0.850798 1.21094 0.532138 0.14032 0 0
0 0 608 0.243282 -0.397287 0.178222 0.241034 0 0
0 0 609 0.0813977 0.9507 0.614167 1.51667 0 0
0 0 610 -0.32024 -0.173274 -0.524131 -0.622562 0 0
0 0 611 1.95061 0.106425 0.301279 -0.316497 0 0
0 0 612 0.0441406 -0.439342 -0.486525 -0.205051 0 0
0 0 613 0.69668 0.860191 -0.544983 0.271472 0 0
0 0 614 0.500109 -0.473272 0.16427 -0.759036 0 0
0 0 615 0.528732 0.679186 1.05559 0.606748 0 0
0 0 616 0.628054 -0.412938 -0.0567191 0.666101 0 0
0 0 617 0.430792 -0.217249 0.169019 -1.04685 0 0
0 0 618 0.572051 0.310486 -1.14206 -0.61706 0 0
0 0 619 -0.442215 -0.635426 0.141508 -0.883214 0 0
0 0 620 0.268124 -0.0829879 -0.906622 0.87095 0 0
0 0 621 -0.43791 -0.641161 0.993751 -0.212863 0 0
0 0 622 0.362143 0.838854 0.0655635 -0.218961 0 0
0 0 623 -0.385209 0.253311 -1.51435 1.43854 0 0
0 0 624 0.640957 0.815132 -0.640402 0.143576 0 0
0 0 625 -0.258074 -0.379095 -0.313327 -0.304934 0 0
0 0 626 0.0868429 -0.995167 -0.236962 0.467648 0 0
0 0 627 0.719333 -0.986658 -0.548181 -1.03099 0 0
0 0 628 -0.00902183 -0.126814 -0.45683 -0.527797 0 0
0 0 629 0.21927 -0.626879 -0.766607 0.688934 0 0
0 0 630 0.899532 -0.04456 0.929558 0.0814802 0 0
0 0 631 -0.0501896 -0.103212 -0.0520176 -0.655802 0 0
0 0 632 0.818071 0.410135 -0.910707 -1.21796 0 0
0 0 633 0.487953 0.503145 -1.04507 -0.362654 0 0
0 0 634 0.0555057 -1.30481 0.804467 0.867491 0 0
0 0 635 0.318754 -0.751412 0.329864 1.35493 0 0
0 0 636 0.166435 -0.459099 -1.77733 1.064 0 0
0 0 637 -1.22814 -0.492696 -0.256449 0.430503 0 0
0 0 638 0.399226 0.640248 0.330177 -1.64138 0 0
0 0 639 -0.427242 -0.920934 0.109009 0.586386 0 0
0 0 640 -0.413857 0.350725 0.898306 -0.23132 0 0
0 0 641 -0.199051 0.800864 -0.658005 -0.0040264 0 0
0 0 642 -0.330268 0.246611 -0.552792 0.125955 0 0
0 0 643 0.223703 -0.640594 -0.278104 -0.421857 0 0
0 0 644 0.133019 -0.0558746 0.000520576 -0.923164 0 0
0 0 645 0.417844 0.68049 -0.289914 -0.166064 0 0
0 0 646 0.257426 -0.67995 0.383362 -0.12839 0 0
0 0 647 -0.553273 0.122273 -0.448586 -0.220619 0 0
0 0 648 -0.582897 -0.817951 -0.413692 0.180444 0 0
0 0 649 -0.177103 0.633463 -0.626336 -0.356819 0 0
0 0 650 0.194953 0.157072 -0.268059 0.806896 0 0
0 0 651 0.59739 0.25436 0.146012 -0.229034 0 0
0 0 652 -0.790225 0.18088 0.0514296 1.40905 0 0
0 0 653 0.554383 -0.188366 0.535395 -0.628516 0 0
0 0 654 0.528521 -0.789338 -0.516208 0.0317677 0 0
0 0 655 0.719499 0.44577 0.605644 0.981588 0 0
0 0 656 0.228252 -0.588781 -1.04491 0.315228 0 0
0 0 657 0.785491 -0.207495 0.511695 1.3603 0 0
0 0 658 -0.5127 0.391561 -0.608807 0.344743 0 0
0 0 659 0.807035 0.586867 0.340018 0.0786327 0 0
0 0 660 -0.0135267 0.416935 -0.0526799 0.899398 0 0
0 0 661 -0.15602 -0.269016 -0.559757 -0.945403 0 0
0 0 662 -0.131735 -0.254893 0.207096 0.000723527 0 0
0 0 663 0.174749 -0.511527 -0.91092 0.114649 0 0
0 0 664 -0.709806 0.637226 -0.243997 0.138124 0 0
0 0 665 -0.171516 -0.451423 -0.578978 -0.580054 0 0
0 0 666 -0.748875 0.185285 -0.108546 -1.26318 0 0
0 0 667 0.816406 0.0541463 -0.00752681 0.548996 0 0
0 0 668 -0.529201 0.377245 0.494037 -0.99418 0 0
0 0 669 0.76519 -0.149657 1.22279 -0.367878 0 0
0 0 670 0.738449 0.0930215 0.769432 0.148183 0 0
0 0 671 0.451402 -0.54956 -1.30543 -0.334356 0 0
0 0 672 0.69163 -0.884209 0.0638369 0.753411 0 0
0 0 673 0.118469 -0.184254 -0.0918654 0.462957 0 0
0 0 674 0.316353 0.118409 -0.0708013 0.84565 0 0
0 0 675 0.370758 -0.378277 -0.0980509 0.545975 0 0
0 0 676 -0.289093 -0.0609453 0.206186 0.49947 0 0
0 0 677 -0.0801992 0.671088 0.0459096 0.325235 0 0
0 0 678 0.290632 -1.01169 0.793917 -0.694579 0 0
0 0 679 1.55137 -0.339443 -1.3135 0.699135 0 0
0 0 680 -0.219592 -0.665704 0.559977 0.479549 0 0
0 0 681 -0.892163 -0.200881 1.22384 0.985927 0 0
0 0 682 0.74109 -0.120892 -0.0638108 -0.0684187 0 0
0 0 683 1.11312 -0.295844 -0.423862 -0.507435 0 0
0 0 684 0.250319 -0.278602 -0.598645 -0.146742 0 0
0 0 685 0.0679878 0.187402 -0.016368 0.555697 0 0
0 0 686 1.12417 -0.0402896 0.240138 0.592924 0 0
0 0 687 -0.664515 0.379265 0.266841 0.803175 0 0
0 0 688 0.429312 0.906803 -0.691748 -0.12044 0 0
0 0 689 0.79224 -0.997084 -0.162482 -0.293502 0 0
0 0 690 -0.503998 0.280855 0.50172 -0.165975 0 0
0 0 691 1.27259 0.00868577 0.226895 0.70869 0 0
0 0 692 0.354 0.162444 -0.201447 -0.943732 0 0
0 0 693 -0.620025 1.18954 1.22769 0.995133 0 0
0 0 694 0.378663 1.03518 0.122808 0.393591 0 0
0 0 695 -0.371812 0.976998 0.0730408 -0.193357 0 0
0 0 696 0.361275 -0.390958 -0.247929 0.47383 0 0
0 0 697 0.0521489 0.36908 0.905129 0.604128 0 0
0 0 698 -0.0624751 -0.636929 0.973048 -0.471215 0 0
0 0 699 0.820744 -0.505037 -0.43212 -0.691447 0 0
0 0 700 0.485099 -0.759212 -0.750914 -0.760301 0 0
0 0 701 0.4717 0.369751 0.726487 -0.59714 0 0
0 0 702 0.966759 -0.00493601 1.2311 -0.473282 0 0
0 0 703 0.673807 0.259036 0.344089 -0.860916 0 0
0 0 704 -0.652713 -0.190498 -1.32496 -0.599753 0 0
0 0 705 -0.520289 0.709459 -0.864798 0.586328 0 0
0 0 706 0.238577 0.234493 -0.385907 0.442086 0 0
0 0 707 0.661731 -0.943566 -0.882795 -0.312371 0 0
0 0 708 -0.128143 0.260632 0.012236 0.0444606 0 0
0 0 709 0.0868789 0.689143 1.15144 0.278602 0 0
0 0 710 0.183983 -0.276295 0.296021 0.69669 0 0
0 0 711 -0.388455 -0.0897632 0.0860137 0.832252 0 0
0 0 712 0.799975 0.179771 -0.294749 0.922669 0 0
0 0 713 -1.06299 0.919637 -0.135826 0.00303393 0 0
0 0 714 0.460039 0.487996 -0.440984 -0.458632 0 0
0 0 715 0.666434 0.603231 -0.133079 -1.34132 0 0
0 0 716 -0.499768 1.05169 0.250345 0.184919 0 0
0 0 717 -0.342828 -0.497948 -0.263779 0.0387255 0 0
0 0 718 -0.0719077 -0.338661 0.130703 0.363161 0 0
0 0 719 1.23991 -0.16076 0.328608 1.39541 0 0
0 0 720 -0.00181258 1.70244 0.149947 1.18283 0 0
0 0 721 -0.774471 -0.45229 -0.377338 0.87103 0 0
0 0 722 0.612446 -0.876106 -0.593133 0.557908 0 0
0 0 723 -0.83483 -0.950478 0.394851 -0.492349 0 0
0 0 724 0.700259 0.25284 0.185704 1.01677 0 0
0 0 725 -0.00873569 0.108325 -0.0394362 0.198397 0 0
0 0 726 0.328946 -0.664658 0.126667 0.558497 0 0
0 0 727 -1.12832 0.176358 0.0119336 -0.064179 0 0
0 0 728 0.0159171 0.020612 0.331426 -0.359335 0 0
0 0 729 0.147166 -0.570177 -0.0662603 -0.0915147 0 0
0 0 730 0.591973 0.289683 0.253028 -0.843835 0 0
0 0 731 0.840945 0.191048 1.71355 -0.69145 0 0
0 0 732 0.625852 -0.889762 1.25369 0.203959 0 0
0 0 733 -0.0770369 0.662496 -0.529791 -0.282089 0 0
0 0 734 -1.32218 0.0952362 0.691334 0.00570077 0 0
0 0 735 0.83448 0.108809 -0.516929 0.901249 0 0
0 0 736 -0.70236 -0.480743 0.772635 1.02807 0 0
0 0 737 1.19641 0.434308 0.222172 -0.679232 0 0
0 0 738 -0.450617 0.329954 -0.930184 0.6687 0 0
0 0 739 0.0583299 1.16333 -1.17481 0.524839 0 0
0 0 740 0.254342 -0.28005 0.52622 -0.35333 0 0
0 0 741 0.382743 -1.06722 -0.646127 0.386236 0 0
0 0 742 -0.820595 -0.951833 -0.229825 -0.105867 0 0
0 0 743 0.070324 -0.798794 -0.203124 0.956366 0 0
0 0 744 0.547972 -0.786975 0.143305 -0.112486 0 0
0 0 745 0.145019 0.429122 -0.191505 0.0373965 0 0
0 0 746 0.693262 0.630858 1.56595 -0.415525 0 0
0 0 747 0.239704 0.453403 -0.399084 -1.27244 0 0
0 0 748 0.0305224 0.0630156 0.252021 -0.320878 0 0
0 0 749 0.156778 1.42486 0.825939 -0.531212 0 0
0 0 750 0.619405 0.183486 -1.67592 -0.258144 0 0
0 0 751 0.744859 0.595741 -0.0450428 -0.645771 0 0
0 0 752 0.984527 0.688738 0.244166 -0.127831 0 0
0 0 753 -0.329125 0.0981555 -0.233014 0.4208 0 0
0 0 754 -0.466716 0.751604 -0.483152 0.152112 0 0
0 0 755 -0.193822 0.30399 0.3105 -0.370454 0 0
0 0 756 0.411139 0.201112 0.771635 -0.234046 0 0
0 0 757 0.0302442 0.292126 0.518112 -1.17323 0 0
0 0 758 0.0367883 1.17249 0.259505 -0.533244 0 0
0 0 759 1.25363 -0.134703 0.264219 0.232053 0 0
0 0 760 0.0432042 0.498908 -0.0389313 1.11127 0 0
0 0 761 -1.09989 0.489799 -0.211602 -0.324564 0 0
0 0 762 -0.842891 0.110388 0.353511 -0.773691 0 0
0 0 763 0.702194 -0.584228 0.404549 0.879101 0 0
0 0 764 -0.419265 1.57791 -1.06713 -1.6337 0 0
0 0 765 0.217488 0.411712 -0.552101 -0.337602 0 0
0 0 766 -0.815577 0.689602 0.683321 0.125452 0 0
0 0 767 0.814289 -0.0990417 0.488359 -1.08291 0 0
0 0 768 -0.479603 0.342968 -0.418819 -0.189 0 0
0 0 769 0.427451 -0.10306 0.0964367 0.369904 0 0
0 0 770 0.0942761 -0.386919 -0.810925 0.611528 0 0
0 0 771 0.147573 -0.388936 -0.512671 0.145879 0 0
0 0 772 -1.31162 0.950585 -0.639377 0.241204 0 0
0 0 773 0.852868 -0.0356959 -0.116213 0.613976 0 0
0 0 774 -0.505764 -0.432083 0.180498 -0.400651 0 0
0 0 775 1.29703 0.752706 -0.750033 1.23517 0 0
0 0 776 0.970119 0.633723 -0.188 0.840484 0 0
0 0 777 0.485414 -0.330685 -0.0947924 0.16448 0 0
0 0 778 0.307575 -0.276178 0.240112 -0.803725 0 0
0 0 779 -0.967881 -1.00469 0.701439 -0.00746983 0 0
0 0 780 0.813253 0.76198 0.0235592 -0.31276 0 0
0 0 781 -0.271274 0.145329 -0.0429983 -0.992815 0 0
0 0 782 -0.244492 -0.928564 -0.495269 1.21886 0 0
0 0 783 -0.481391 1.1735 -0.378406 -0.0188056 0 0
0 0 784 -0.737547 -0.369883 -0.0845639 -0.633066 0 0
0 0 785 0.310403 0.112837 -0.362318 -0.0362408 0 0
0 0 786 0.433952 -0.932118 -0.83449 0.427334 0 0
0 0 787 -0.775302 1.15365 0.370688 -0.286769 0 0
0 0 788 0.445767 -0.193012 -0.487758 0.638737 0 0
0 0 789 -0.275432 -0.728333 -0.0516242 -0.705288 0 0
0 0 790 -0.401044 0.0363065 0.890055 -1.3589 0 0
0 0 791 0.017353 -0.350333 -0.291595 -0.229491 0 0
0 0 792 0.277937 -0.423692 -0.181505 -0.617698 0 0
0 0 793 0.760539 -0.388204 0.135146 0.714147 0 0
0 0 794 -0.581449 -0.0618851 -0.0386875 -0.0966522 0 0
0 0 795 -0.0674173 -0.167269 -0.222191 1.07148 0 0
0 0 796 0.759428 -0.28458 -0.446033 -0.553452 0 0
0 0 797 0.459325 -0.837545 -0.00616779 0.980789 0 0
0 0 798 -0.0148335 -0.366605 -0.0848328 0.0427918 0 0
0 0 799 0.247078 -0.26396 -1.23208 0.896678 0 0
0 0 800 0.740068 0.0986474 0.0318326 0.515871 0 0
0 0 801 0.479059 -0.352507 0.183396 0.0636785 0 0
0 0 802 -0.242803 0.322837 0.331068 -0.175999 0 0
0 0 803 0.27697 0.0825442 -0.755821 0.602466 0 0
0 0 804 -0.459186 0.3901 0.290665 0.138586 0 0
0 0 805 -0.614896 0.00761858 0.438706 -0.365318 0 0
0 0 806 0.584448 0.896951 0.300464 -0.455294 0 0
0 0 807 -0.142196 -0.0830211 0.254746 0.0141184 0 0
0 0 808 0.248586 0.320359 -0.693782 -0.841007 0 0
0 0 809 0.0256146 0.259186 0.168235 0.789118 0 0
0 0 810 0.597612 0.0268658 -0.0240295 -0.00775895 0 0
0 0 811 0.555605 0.757982 -0.694888 -1.02683 0 0
0 0 812 0.41349 0.882315 0.182684 0.0638716 0 0
0 0 813 -0.745988 -0.706594 0.83842 -0.729429 0 0
0 0 814 0.802678 0.148652 0.101355 0.314482 0 0
0 0 815 1.04344 0.00355017 -1.23604 0.332323 0 0
0 0 816 0.115184 0.300219 0.188125 -0.803723 0 0
0 0 817 0.49124 -0.903757 -0.732297 -0.692773 0 0
0 0 818 -0.173758 -1.56465 0.326866 0.249175 0 0
0 0 819 0.149327 -0.751812 1.4618 1.34005 0 0
0 0 820 0.0098746 0.156311 -0.301951 -0.223287 0 0
0 0 821 -0.616836 0.358229 0.328887 0.626392 0 0
0 0 822 -0.370588 -0.433613 -1.04085 -0.46225 0 0
0 0 823 -0.8301 -0.406233 -0.0354743 0.473683 0 0
0 0 824 0.16206 0.0720694 0.915864 -0.12154 0 0
0 0 825 -0.278846 -0.0333744 0.83327 0.465329 0 0
0 0 826 0.733587 -0.138833 -0.261531 0.0871021 0 0
0 0 827 -0.356789 -0.647061 -0.322433 0.523232 0 0
0 0 828 1.18086 -0.270486 0.107417 -0.0536974 0 0
0 0 829 0.592235 0.501886 0.568509 -0.694674 0 0
0 0 830 0.719945 -0.919785 0.0132848 0.112472 0 0
0 0 831 1.00788 0.268529 -1.17159 -0.0311041 0 0
0 0 832 -0.113501 0.698471 -1.10859 -0.33541 0 0
0 0 833 -0.315002 -0.553813 -0.169213 -1.50407 0 0
0 0 834 1.48042 -0.68323 -0.189423 -0.319751 0 0
0 0 835 1.70185 0.571023 -0.183529 -0.0999693 0 0
0 0 836 0.95028 -0.215368 -0.250606 -0.483514 0 0
0 0 837 0.114676 0.430105 0.0743496 -0.805266 0 0
0 0 838 1.24546 0.259691 -0.196092 0.0579479 0 0
0 0 839 0.430765 0.389587 -1.18494 -0.899933 0 0
0 0 840 1.49701 0.518445 -1.1453 0.793046 0 0
0 0 841 1.58697 0.453149 -1.25576 0.113145 0 0
0 0 842 1.85094 0.537953 -1.11352 0.508925 0 0
0 0 843 2.23083 0.94393 -0.325051 -0.604552 0 0
0 0 844 2.40269 0.84841 -1.51292 -0.220819 0 0
0 0 845 1.83684 0.391754 -1.19682 0.255123 0 0
0 0 846 2.95044 1.44046 -2.0237 -0.857843 -27.2784 6.91609
0 0 847 2.29582 1.26044 -1.8637 0.256897 -27.9645 7.63428
0 0 848 3.4177 0.494581 -2.14817 1.55804 -38.5173 7.7748
0 0 849 4.24111 -0.0386069 -1.63012 -0.206263 0 0
0 0 850 2.57818 1.45476 -1.74274 -0.670051 -25.0732 7.57242
0 0 851 3.53266 -0.102493 -2.16428 -0.492132 -46.3557 7.90676
0 0 852 2.3673 1.14842 -0.589071 -0.0934073 0 0
0 0 853 4.05987 0.638204 -1.21568 -0.394185 0 0
0 0 854 3.46719 0.120629 -1.75212 -0.6625 0 0
0 0 855 3.32925 -0.0298851 -0.359785 -1.01467 0 0
0 0 856 2.96827 -0.154939 -1.62396 0.514144 0 0
0 0 857 3.64802 -1.22042 -0.688714 0.718859 0 0
0 0 858 3.01308 -0.863385 -1.46882 -0.152283 0 0
0 0 859 3.03755 -0.334731 -2.25045 0.347373 -49.2301 7.53094
0 0 860 2.76979 0.557805 -0.481535 -0.896377 0 0
0 0 861 1.96019 -0.295624 -0.966869 -0.373284 0 0
0 0 862 2.23627 -0.12261 -0.463844 0.275027 0 0
0 0 863 2.18056 -0.327671 -0.599564 -0.197344 0 0
0 0 864 1.42915 -0.637053 -1.54019 0.0110342 0 0
0 0 865 2.48813 0.182365 -0.882409 -0.505008 0 0
0 0 866 1.53603 0.28609 -1.32434 -0.13309 0 0
0 0 867 1.57915 0.485167 0.0170021 -0.462987 0 0
0 0 868 2.35909 0.555881 -1.75969 -0.146889 0 0
0 0 869 1.12558 -0.12437 -1.96747 -0.439836 0 0
0 0 870 2.20152 0.297 -1.08675 0.646198 0 0
0 0 871 1.35578 1.30693 -1.07901 -0.826307 0 0
0 0 872 2.0109 0.775832 -0.728639 -1.2705 0 0
0 0 873 1.74525 0.668776 -1.71421 0.169812 0 0
0 0 874 2.68567 0.0586047 -2.3492 -0.641563 -44.2855 7.29019
0 0 875 1.91666 0.507647 -1.73535 -0.293316 0 0
0 0 876 2.10045 1.03668 -2.31828 -0.100822 -32.9535 6.75534
0 0 877 1.82404 0.477577 -0.548088 0.672086 0 0
0 0 878 1.68219 0.431214 -1.11294 0.0240863 0 0
0 0 879 2.44419 -0.179744 -1.52438 -0.731357 0 0
0 0 880 2.62723 1.36696 -1.7931 0.0867033 -26.34 7.62138
0 0 881 2.728 0.0297102 -2.79727 0.0173311 -44.6957 6.12395
0 0 882 3.05564 0.610263 -2.8739 0.435907 -39.0058 5.8331
0 0 883 3.04155 -0.233518 -1.73502 0.386368 0 0
0 0 884 2.87598 1.03444 -2.06549 0.0740524 -31.6987 7.42849
0 0 885 2.20602 0.6886 -1.59695 0.737348 0 0
0 0 886 3.11397 -0.129247 -2.00056 -0.176914 -46.8482 8.54573
0 0 887 3.59342 -0.043718 -2.71855 0.0520569 -45.4607 6.30083
0 0 888 3.10686 -1.37115 -3.45843 0.250918 -55.8133 4.61004
0 0 889 3.46881 1.02364 -3.86719 -1.08021 -37.587 4.28478
0 0 890 3.11248 1.40357 -2.61524 -0.423805 -30.889 5.78269
0 0 891 4.25609 -0.452196 -3.45665 -0.714619 -48.7265 4.91486
0 0 892 3.25706 0.00749922 -4.23116 -0.111538 -44.9492 4.04884
0 0 893 4.33078 1.66806 -4.04709 -0.0571954 -33.8002 3.91838
0 0 894 3.85846 -0.000274181 -3.51031 -0.707571 -45.0022 4.88028
0 0 895 4.24181 0.407373 -3.765 -0.66752 -41.9123 4.52418
0 0 896 4.50081 0.180904 -4.77236 0.625746 -43.9146 3.58716
0 0 897 5.49024 0.0242083 -4.56352 -0.500096 -44.848 3.75392
0 0 898 5.27795 -0.399373 -4.55354 -0.544648 -47.5062 3.74805
0 0 899 4.29114 -0.569064 -3.06367 1.23887 -50.2613 5.49927
0 0 900 4.5563 0.925152 -4.7741 -0.627845 -39.5164 3.52392
0 0 901 5.77802 0.874232 -4.82543 -0.270542 -39.8655 3.49428
0 0 902 4.98723 -1.19367 -5.08887 0.21978 -51.6005 3.27891
0 0 903 5.70968 -0.0346539 -4.21314 0.438707 -45.2356 4.06603
0 0 904 5.5876 0.263215 -4.15654 0.135008 -43.1883 4.11343
0 0 905 6.0778 -0.32136 -3.43479 0.293728 -47.6725 4.96626
0 0 906 4.45915 -0.00092721 -3.7138 -2.06562 -45.0072 4.61288
0 0 907 5.92284 -0.190075 -4.82607 -0.0428211 -46.1277 3.54704
0 0 908 5.29428 0.0891805 -3.52114 -0.276375 -44.2746 4.86374
0 0 909 4.99214 0.17485 -2.63516 -0.399219 -43.1019 6.48704
0 0 910 4.92362 -0.409193 -2.53851 -0.0993419 -49.5785 6.66398
0 0 911 4.47374 -0.30706 -2.43516 -0.406413 -48.5934 6.98064
0 0 912 6.30328 0.0899296 -3.05297 -1.09149 -44.1564 5.60897
0 0 913 5.47998 -0.87478 -2.84823 0.489049 -53.5367 5.75381
0 0 914 6.64343 -0.0621333 -1.38413 0.0159411 0 0
0 0 915 7.28469 1.05618 -1.2138 0.216937 0 0
0 0 916 6.63799 0.375555 -2.91672 -0.917802 -41.3315 5.8262
0 0 917 7.22439 0.0594294 -2.88723 -0.126783 -44.4104 5.93223
0 0 918 8.74353 0.217966 -1.97172 0.0912939 0 0
0 0 919 10.4341 -0.310651 -1.13555 -0.537534 0 0
0 0 920 12.0907 0.0381598 -0.194922 -0.688047 0 0
0 0 921 13.2339 1.09432 0.141302 -1.9558 0 0
0 0 922 15.9943 0.767344 1.42371 -1.10045 0 0
0 0 923 19.5117 -0.637594 3.14911 -0.415153 50.7229 5.33362
0 0 924 23.2792 1.81467 2.91162 0.413077 29.0334 5.00508
0 0 925 26.2989 1.85294 5.90986 0.0950264 36.296 2.76808
0 0 926 30.6448 1.97489 6.98772 -0.575882 37.1092 2.36069
0 0 927 34.7573 0.467175 8.73007 -0.431386 43.4684 1.95958
0 0 928 40.0365 1.40492 10.6488 -0.830323 41.2421 1.59516
0 0 929 42.3301 1.96601 13.7641 -0.513173 40.9355 1.23234
0 0 930 43.716 1.14795 15.5939 -0.0312374 42.8949 1.09568
0 0 931 45.1593 1.72157 15.7194 0.143868 41.875 1.08345
0 0 932 47.4668 1.46755 17.084 0.395467 42.5451 0.999149
0 0 933 45.7558 0.740217 17.4241 1.29931 43.7837 0.982323
0 0 934 47.3627 1.59095 16.3845 0.409997 42.227 1.04077
0 0 935 44.9351 1.52064 15.8155 0.299476 42.254 1.07831
0 0 936 42.1209 -0.777752 13.8131 0.219092 46.6113 1.2383
0 0 937 40.3206 0.262388 13.6683 1.09754 44.4501 1.25314
0 0 938 38.6031 1.44286 12.2851 1.67234 41.6507 1.38512
0 0 939 36.121 1.31295 9.44677 0.965744 41.0437 1.79648
0 0 940 34.229 1.13182 9.07016 1.04826 41.4436 1.87446
0 0 941 31.7765 0.632647 7.15013 0.653087 42.4718 2.38678
0 0 942 28.8206 1.17151 7.24059 0.82881 40.4047 2.33614
0 0 943 28.3368 2.94489 5.61561 1.47601 31.1635 2.70659
0 0 944 27.1174 0.683187 3.92124 1.15006 40.0584 4.30508
0 0 945 24.9724 1.98579 4.26619 1.87881 32.5197 3.64598
0 0 946 23.462 -0.605958 4.20713 -0.131695 49.098 4.03107
0 0 947 22.9803 0.694566 3.98892 0.775652 40.0612 4.23211
0 0 948 20.5771 2.2433 2.33645 0.0826072 23.0827 5.31028
0 0 949 20.2549 0.727059 3.67391 0.468694 39.403 4.5757
0 0 950 19.4165 0.920159 2.57025 0.108081 35.1512 6.2812
0 0 951 18.817 0.815664 1.94503 0.625918 33.6244 8.13265
0 0 952 18.3322 0.62816 1.64086 0.585279 0 0
0 0 953 18.176 -0.389905 1.9447 -0.17929 0 0
0 0 954 16.3262 1.07772 1.49821 0.134287 0 0
0 0 955 15.97 0.416491 1.29856 -0.8657 0 0
0 0 956 15.2169 0.767008 -0.0919718 -0.311041 0 0
0 0 957 14.9596 -0.255936 1.35655 -0.297626 0 0
0 0 958 13.4055 0.405215 1.09239 -0.848635 0 0
0 0 959 13.6124 0.287549 0.892548 0.151953 0 0
0 0 960 13.6164 -0.253696 -0.33418 -0.948366 0 0
0 0 961 12.3332 -0.418457 -0.0624886 -0.135619 0 0
0 0 962 11.6904 0.158813 -0.627187 -0.651273 0 0
0 0 963 12.1992 0.278748 -0.21391 -1.21164 0 0
0 0 964 11.4308 -0.415605 0.175097 -1.06182 0 0
0 0 965 9.79618 -0.683123 -0.0217579 -1.41305 0 0
0 0 966 9.75352 -0.864166 0.560076 -2.03031 0 0
0 0 967 9.0209 -0.066853 0.768099 -1.72876 0 0
0 0 968 9.21557 -0.999369 0.79827 -1.08932 0 0
0 0 969 8.33283 -0.92287 -0.0439142 -1.37763 0 0
0 0 970 7.01743 -0.644618 0.416818 -0.659029 0 0
0 0 971 7.62543 -1.0708 -0.274 -1.01727 0 0
0 0 972 6.93373 -0.651831 0.471941 -1.13931 0 0
0 0 973 6.34601 -0.0232358 -0.303437 -0.635627 0 0
0 0 974 5.12701 -1.61879 0.663157 -0.457159 0 0
0 0 975 6.78593 -0.308307 0.474173 -0.531935 0 0
0 0 976 4.46737 -0.127099 -1.30819 -2.04347 0 0
0 0 977 5.64714 -0.771551 0.292209 -0.60835 0 0
0 0 978 5.76015 -0.729663 0.402384 -0.824977 0 0
0 0 979 5.25166 -0.353494 -0.545246 -1.12936 0 0
0 0 980 3.18712 -0.222377 -0.812128 -0.105376 0 0
0 0 981 3.04472 -0.538197 0.506368 -1.33878 0 0
0 0 982 3.13503 -0.975635 -0.231755 -1.65476 0 0
0 0 983 3.66759 -1.10754 -0.525572 -0.215413 0 0
0 0 984 3.71826 -0.305192 0.374882 -1.13593 0 0
0 0 985 2.99455 -0.646744 1.5776 -1.1184 0 0
0 0 986 2.21634 -1.02765 -0.0530945 -0.14292 0 0
0 0 987 2.75867 -1.36403 0.647912 -1.15781 0 0
0 0 988 1.79792 -0.975672 -1.06357 -0.270803 0 0
0 0 989 3.33529 -0.571547 0.18539 -1.07753 0 0
0 0 990 2.21143 -1.02339 0.0167564 -1.28633 0 0
0 0 991 2.77246 -0.75662 -0.298522 -1.22469 0 0
0 0 992 2.01901 -1.78614 1.19491 -0.227996 73.1089 8.01799
0 0 993 1.34553 -1.10463 -0.446027 -0.651163 0 0
0 0 994 1.39357 -0.0201269 0.324105 0.521539 0 0
0 0 995 2.27702 -0.063516 -1.70569 -0.633639 0 0
0 0 996 1.86327 -1.46976 -0.0947719 -0.216777 0 0
0 0 997 1.66559 -0.617769 -0.0127099 -1.09076 0 0
0 0 998 0.746525 -0.887848 -0.209842 0.0525675 0 0
0 0 999 0.553218 -0.781144 -0.698197 0.972897 0 0
0 0 1000 1.0905 -0.244589 0.714075 -0.885084 0 0
0 0 1001 0.856426 0.733553 -0.0239459 0.549252 0 0
0 0 1002 0.503518 -0.923405 0.212002 0.233243 0 0
0 0 1003 0.835073 -0.59254 -0.85254 -1.53019 0 0
0 0 1004 0.881305 -0.57715 -0.753494 -0.280889 0 0
0 0 1005 1.34451 -0.353966 0.288774 -0.252651 0 0
0 0 1006 1.45681 -0.0451981 -0.0633542 -0.81446 0 0
0 0 1007 1.62217 -0.640466 -0.04013 0.700495 0 0
0 0 1008 0.293323 -0.181133 0.0103412 0.685667 0 0
0 0 1009 1.28745 0.0562089 -0.0820861 0.223957 0 0
0 0 1010 1.20287 -0.178466 0.438741 -0.0789148 0 0
0 0 1011 -0.102633 0.120958 -0.00113196 0.0263672 0 0
0 0 1012 -0.193348 -0.323315 -0.510878 -0.830913 0 0
0 0 1013 0.33883 -0.0437664 -0.392071 1.01638 0 0
0 0 1014 0.137494 -0.702587 -0.650078 0.0953163 0 0
0 0 1015 -0.165943 0.617895 -0.136889 -0.283338 0 0
0 0 1016 -0.24394 -1.14471 -0.492025 -0.774041 0 0
0 0 1017 0.658806 0.385177 1.71059 -0.104375 0 0
0 0 1018 1.1881 -1.8196 -0.959574 0.15579 -76.0974 8.38242
0 0 1019 1.33149 0.583564 0.470952 -0.256937 0 0
0 0 1020 1.80556 -0.311775 -0.42362 -0.371286 0 0
0 0 1021 0.567311 0.153339 0.247046 0.471916 0 0
0 0 1022 -0.204446 0.321474 0.613026 0.0911372 0 0
0 0 1023 -0.731543 -0.0170329 0.499001 0.00884968 0 0
