# File: uwl_190721_112924_b4.rf.sbG2.RMC_aux Src: J1713+0747 Nsub: 1 Nch: 1 Npol: 4 Nbin: 1024 RMS: 0.83231
0 0 0 -0.332785 0.179203 0.764647 -0.756344 0 0
0 0 1 0.477301 -0.850646 -1.5917 0.689103 0 0
0 0 2 -0.384311 0.40467 -0.532206 0.745777 0 0
0 0 3 2.0594 -2.12543 0.839598 -0.278121 0 0
0 0 4 0.631311 0.18092 -0.233998 -0.000466125 0 0
0 0 5 -0.0390365 -1.20082 0.498043 0.256357 0 0
0 0 6 -0.977409 -0.472792 1.16292 0.797481 0 0
0 0 7 -0.158516 0.744659 0.932753 -1.43566 0 0
0 0 8 1.26749 -1.07579 1.06316 -0.280356 0 0
0 0 9 -1.11409 0.969905 -0.362223 -0.33242 0 0
0 0 10 2.26123 0.563509 -0.225565 0.234405 0 0
0 0 11 0.372575 -0.918806 -0.50229 -0.584222 0 0
0 0 12 -0.0231569 0.0578109 -0.655541 -1.73743 0 0
0 0 13 -0.344459 1.7021 -0.0440998 0.572174 0 0
0 0 14 0.295121 0.433657 -0.629839 -0.493851 0 0
0 0 15 0.406253 -1.16118 1.09657 -0.718615 0 0
0 0 16 0.765222 -0.572072 -1.08934 0.347491 0 0
0 0 17 -0.386412 -0.271872 -1.40732 -0.550352 0 0
0 0 18 -1.04711 1.33935 1.94841 1.72904 0 0
0 0 19 0.996768 -0.811689 -0.96973 -0.647229 0 0
0 0 20 1.64495 -0.964809 2.13718 1.26751 0 0
0 0 21 -0.373352 1.05926 -0.891652 -0.94085 0 0
0 0 22 -0.297119 1.27032 -1.44426 0.271569 0 0
0 0 23 1.08316 -1.49129 -0.0977822 -0.191308 0 0
0 0 24 0.907747 -0.687461 0.731443 0.394405 0 0
0 0 25 -0.19272 -0.717331 -0.489013 0.206822 0 0
0 0 26 0.619218 1.01684 0.133282 -0.0165647 0 0
0 0 27 -0.283162 0.772303 -0.607358 -1.54519 0 0
0 0 28 0.0979436 -0.938355 -0.639337 -2.45717 0 0
0 0 29 1.08864 -1.09814 -0.363948 -0.840804 0 0
0 0 30 -0.629517 0.736873 -0.00364172 0.934334 0 0
0 0 31 0.466336 1.05982 0.544166 -1.27776 0 0
0 0 32 0.682941 -1.08859 -0.184556 1.99965 0 0
0 0 33 2.33178 0.174088 -0.443929 0.90924 0 0
0 0 34 1.21198 1.00663 -0.887124 1.40978 0 0
0 0 35 0.703134 0.697002 0.541865 0.323735 0 0
0 0 36 -1.15704 -2.00461 1.36334 0.572479 0 0
0 0 37 0.273978 -0.532508 -1.74069 0.783536 0 0
0 0 38 1.00369 0.519152 -0.346704 -0.940172 0 0
0 0 39 1.26562 -0.264425 0.411286 -0.500021 0 0
0 0 40 0.209074 -0.0480269 0.145891 -0.445534 0 0
0 0 41 1.28982 -0.220477 -0.883078 1.20403 0 0
0 0 42 0.420356 -0.797904 -0.591705 0.11414 0 0
0 0 43 -0.250307 0.348997 -0.337533 0.0754131 0 0
0 0 44 -0.245491 -0.0594126 -0.023618 0.674562 0 0
0 0 45 -0.563622 -0.616662 -0.861936 -0.605642 0 0
0 0 46 0.645276 0.49753 0.728645 0.867789 0 0
0 0 47 0.593877 -0.14972 1.19605 0.458472 0 0
0 0 48 0.535363 -1.05064 0.522822 -0.774811 0 0
0 0 49 -0.562905 -0.354995 -1.2657 -1.06145 0 0
0 0 50 0.501887 -0.663522 2.91105 0.511662 0 0
0 0 51 1.26797 1.01514 -1.4563 1.25017 0 0
0 0 52 -0.268331 1.0139 0.92463 -1.03319 0 0
0 0 53 0.230423 -0.151737 -0.293945 0.473868 0 0
0 0 54 0.744273 -0.0359248 -0.263427 0.555522 0 0
0 0 55 1.13797 0.190419 0.00787939 -1.10471 0 0
0 0 56 1.52971 -1.36006 0.669687 -2.08549 0 0
0 0 57 1.38724 0.470018 0.0896371 0.442127 0 0
0 0 58 -1.30805 2.05035 0.40346 -0.636586 0 0
0 0 59 -0.292574 0.266199 0.00180005 0.663186 0 0
0 0 60 0.300521 -0.849878 1.09089 -2.03423 0 0
0 0 61 1.60591 -0.419555 1.73427 -0.0468837 0 0
0 0 62 1.95293 -1.61807 1.20765 1.45793 0 0
0 0 63 -0.195629 1.3103 0.0869842 -0.337102 0 0
0 0 64 0.981237 -0.525334 -0.47673 -1.10601 0 0
0 0 65 -0.611212 -0.639232 0.498108 -1.53623 0 0
0 0 66 -0.627321 -0.0425894 0.921206 0.157811 0 0
0 0 67 0.294138 -0.623267 -1.17406 -0.608456 0 0
0 0 68 1.1443 0.406167 -0.436878 -1.23589 0 0
0 0 69 -0.532497 -1.12417 -0.27585 0.216502 0 0
0 0 70 0.317509 1.20443 -1.27633 -0.138901 0 0
0 0 71 0.0667372 1.33361 0.226189 0.53561 0 0
0 0 72 1.88627 0.423216 0.677871 0.0436073 0 0
0 0 73 0.767673 0.0061354 0.652063 -0.904363 0 0
0 0 74 0.778176 -0.300709 -1.78302 0.712499 0 0
0 0 75 1.7418 0.426202 0.483594 0.164613 0 0
0 0 76 -0.46442 -0.686865 -0.961123 1.60501 0 0
0 0 77 0.238746 0.438494 0.996893 -0.863466 0 0
0 0 78 -0.263996 0.532008 -1.01318 1.52853 0 0
0 0 79 0.483109 1.52647 0.346321 -0.267157 0 0
0 0 80 -0.132328 0.0522581 -0.611985 0.401175 0 0
0 0 81 0.829123 -1.00144 -0.664504 -0.830737 0 0
0 0 82 -0.719547 0.709762 -0.569295 -0.643257 0 0
0 0 83 0.726465 0.40854 -1.8666 1.36755 0 0
0 0 84 0.894664 -0.173409 -0.686005 -1.88026 0 0
0 0 85 0.0791396 0.172335 0.228012 -1.28271 0 0
0 0 86 0.945464 -0.708231 0.468151 0.192426 0 0
0 0 87 1.54664 1.12347 -0.242198 -0.558748 0 0
0 0 88 3.1284 0.808771 -2.24235 -0.118412 0 0
0 0 89 1.79929 1.09665 0.0669464 1.02129 0 0
0 0 90 0.743132 -0.179995 -2.06284 -0.493876 0 0
0 0 91 1.75174 -0.920822 0.137701 -0.0537667 0 0
0 0 92 2.38992 0.883684 0.275921 0.231415 0 0
0 0 93 -0.280319 0.298711 -0.152802 1.36081 0 0
0 0 94 4.10737 0.0609553 -1.28044 -0.190928 0 0
0 0 95 1.86082 0.433683 -0.721493 0.840997 0 0
0 0 96 1.45001 -2.01361 0.0720599 0.813538 0 0
0 0 97 3.02197 0.026359 0.592287 0.23453 0 0
0 0 98 3.10721 2.5611 -2.011 0.0162986 -19.0696 8.0892
0 0 99 -0.667947 0.355473 0.388985 1.69563 0 0
0 0 100 0.5462 1.3087 0.147514 2.16943 0 0
0 0 101 1.20669 -0.806265 -1.88444 0.0621655 0 0
0 0 102 0.923274 0.565333 0.0045525 -2.04222 0 0
0 0 103 0.787441 -0.390571 -0.32624 1.14403 0 0
0 0 104 1.49111 -1.40722 -1.31467 -2.3617 0 0
0 0 105 1.00345 1.23996 -0.417463 0.0273066 0 0
0 0 106 2.01216 -0.225577 -0.679481 0.641922 0 0
0 0 107 2.77653 0.289738 0.278619 0.0530597 0 0
0 0 108 0.56146 -0.176385 -0.20133 -2.27495 0 0
0 0 109 2.31468 1.05368 -1.80804 -0.84677 0 0
0 0 110 1.57774 0.0687372 -1.30591 -0.33144 0 0
0 0 111 0.800235 -1.34149 -1.76837 -0.0343305 0 0
0 0 112 1.9725 1.34242 -0.0594966 0.320363 0 0
0 0 113 3.14639 0.572326 0.412452 0.776624 0 0
0 0 114 3.24908 -0.150549 0.508184 0.0891744 0 0
0 0 115 0.514252 0.234149 -2.24221 -0.379712 0 0
0 0 116 0.398557 -0.121636 -2.45582 0.382477 0 0
0 0 117 1.09802 0.861836 -1.27664 -0.270947 0 0
0 0 118 0.583968 0.874868 0.418944 0.457708 0 0
0 0 119 1.0838 1.54717 -0.317102 0.780747 0 0
0 0 120 0.0329664 -0.0402531 0.182201 0.218935 0 0
0 0 121 1.41303 0.0240372 -2.85371 0.464015 0 0
0 0 122 2.67558 0.764771 -0.752159 0.683665 0 0
0 0 123 1.83737 0.915496 -2.29322 0.703874 0 0
0 0 124 1.77457 1.79814 0.604771 -0.681756 0 0
0 0 125 0.840796 1.623 -1.18595 0.549486 0 0
0 0 126 -0.225 -2.86275 -1.94366 -0.382533 -72.9127 7.58238
0 0 127 0.169426 1.02632 -2.64039 -0.786523 0 0
0 0 128 3.92872 -0.109812 -1.41158 0.0376436 0 0
0 0 129 0.99962 -0.311314 -0.90877 -0.0326936 0 0
0 0 130 1.16574 0.568391 -0.616144 -1.68936 0 0
0 0 131 2.53087 -0.208626 -0.471554 0.014098 0 0
0 0 132 1.26481 0.205939 -4.14099 -0.596924 -43.5765 6.58301
0 0 133 0.557234 -0.866891 -3.65663 0.30019 -51.6685 7.24234
0 0 134 1.03597 1.20791 -1.96861 -1.22751 0 0
0 0 135 2.57994 -0.312269 -2.20804 -1.43725 0 0
0 0 136 4.40886 -1.07512 -3.22345 0.805972 -54.2226 7.98849
0 0 137 3.03648 -1.13174 -0.890236 -1.15616 0 0
0 0 138 2.60502 0.458513 -2.32985 1.81023 0 0
0 0 139 4.46938 0.0302746 -3.71439 0.0100428 -44.7665 7.34887
0 0 140 3.31623 0.508003 -2.4929 0.683556 0 0
0 0 141 3.03118 -2.86019 -2.13995 -1.60202 -71.5983 7.36401
0 0 142 2.11444 0.847556 -3.15244 0.333848 -37.4757 8.33079
0 0 143 1.35064 -0.237435 -1.48344 1.2845 0 0
0 0 144 2.97792 0.0207599 -4.10123 -0.24318 -44.855 6.65585
0 0 145 0.866869 0.764339 -2.18905 -1.3379 0 0
0 0 146 2.08977 -1.11604 -1.528 -0.374183 0 0
0 0 147 4.56173 2.15576 -2.71536 -0.0225672 -25.7768 7.70208
0 0 148 3.52052 0.907658 -2.09426 -1.00142 0 0
0 0 149 2.6479 0.855696 -2.77967 -1.70782 0 0
0 0 150 3.41089 0.558509 -1.4535 1.81122 0 0
0 0 151 2.21198 -0.546229 -1.51451 -0.344262 0 0
0 0 152 3.71007 0.409352 -1.08019 -1.80186 0 0
0 0 153 1.95044 0.631608 -1.11375 1.72145 0 0
0 0 154 3.13714 -0.408747 -0.544561 -0.369906 0 0
0 0 155 3.0097 -0.679142 -0.949844 -0.5921 0 0
0 0 156 3.16955 0.603711 -0.833606 -0.241763 0 0
0 0 157 4.02494 -0.216408 -1.4854 1.03041 0 0
0 0 158 4.35149 0.841685 -0.9539 -1.44926 0 0
0 0 159 6.15971 0.293753 0.0397954 0.12748 0 0
0 0 160 5.28318 -0.822008 0.779257 0.534506 0 0
0 0 161 6.83438 -0.552752 -0.258893 -0.721612 0 0
0 0 162 6.98482 0.415864 -0.32958 -1.41467 0 0
0 0 163 8.12578 -0.142837 0.218072 0.26891 0 0
0 0 164 9.77106 0.0697217 1.57917 0.587665 0 0
0 0 165 11.9211 1.03862 1.71764 0.712355 0 0
0 0 166 13.5312 0.481762 3.23957 0.337197 40.7707 8.32459
0 0 167 16.9916 1.93064 2.64075 -0.332794 26.9148 8.18133
0 0 168 17.5534 0.311246 4.71511 0.340027 43.1117 5.77542
0 0 169 21.5907 0.370292 3.65125 -0.947979 42.1046 7.43386
0 0 170 21.2942 0.274364 7.08516 -0.970682 43.8912 3.84958
0 0 171 24.6413 1.55802 5.19348 -0.899045 36.6505 5.01127
0 0 172 25.0039 0.759168 8.21359 -0.221766 42.3596 3.3078
0 0 173 24.2173 0.756891 8.51418 -0.403672 42.4599 3.19214
0 0 174 23.4197 0.669847 7.88192 -1.44361 42.5712 3.4495
0 0 175 24.0911 0.838794 7.85576 -0.365935 41.9527 3.45304
0 0 176 24.6194 0.617313 8.06687 0.422687 42.812 3.37295
0 0 177 22.3188 1.03783 8.19804 -0.190413 41.3925 3.3005
0 0 178 20.6688 1.21154 7.45033 1.98547 40.3818 3.61125
0 0 179 21.1079 3.14797 4.44883 0.122979 27.3585 4.91487
0 0 180 18.6396 0.0568829 6.80216 0.381357 44.7604 4.01292
0 0 181 16.7816 0.792658 6.28276 -0.36035 41.4047 4.3069
0 0 182 17.0024 0.31155 4.39847 0.856491 42.9742 6.18893
0 0 183 15.3117 1.91738 4.83646 -0.840893 34.1872 5.20703
0 0 184 14.3737 -0.521075 3.49494 -0.041619 49.24 7.71586
0 0 185 14.8571 1.55992 3.87108 0.887447 34.026 6.48953
0 0 186 13.0431 0.281997 1.95581 -0.0377667 0 0
0 0 187 11.428 0.496108 3.09043 1.38274 40.4401 8.70907
0 0 188 10.7617 1.01522 1.31879 1.10545 0 0
0 0 189 10.4059 -0.418312 0.138119 1.32918 0 0
0 0 190 10.9037 0.526071 2.26507 -0.147955 0 0
0 0 191 10.0262 -0.125443 2.14133 1.13813 0 0
0 0 192 11.1236 0.0227828 2.08615 0.920693 0 0
0 0 193 9.7655 0.626112 2.39786 0.923971 0 0
0 0 194 9.37259 -0.0259733 1.84705 -0.152941 0 0
0 0 195 8.57941 0.106997 1.0614 1.50611 0 0
0 0 196 9.81767 -1.30415 -0.502818 0.0412137 0 0
0 0 197 8.56889 0.0725369 0.433366 -0.0517699 0 0
0 0 198 8.71259 1.08754 0.96819 -1.28127 0 0
0 0 199 7.67931 -0.267705 0.0339174 1.13709 0 0
0 0 200 6.50602 0.603167 0.857724 -0.65846 0 0
0 0 201 8.42551 -1.96234 -0.792108 1.47795 0 0
0 0 202 6.93536 0.0870326 -0.0993698 -0.705012 0 0
0 0 203 6.74554 0.667599 1.29346 0.93707 0 0
0 0 204 6.78179 -0.949712 -0.63978 -1.13691 0 0
0 0 205 7.84919 -0.94323 -0.530112 -1.62535 0 0
0 0 206 5.61539 1.5035 0.143196 -0.466982 0 0
0 0 207 3.84542 -2.46204 -1.81435 -0.746039 0 0
0 0 208 5.5344 -0.0169759 0.287129 0.54026 0 0
0 0 209 5.0581 -1.12099 0.706768 -1.56266 0 0
0 0 210 4.78936 -0.50949 -0.181799 0.276972 0 0
0 0 211 3.56625 0.685775 -0.849738 -0.978345 0 0
0 0 212 3.73116 1.34441 0.984376 -1.06798 0 0
0 0 213 3.59152 -0.311007 -0.868244 -0.0604382 0 0
0 0 214 3.35069 0.00225365 0.223454 0.383469 0 0
0 0 215 3.72529 -0.0616424 -0.608143 -1.13101 0 0
0 0 216 2.57266 -1.32558 0.114524 0.20789 0 0
0 0 217 3.55722 -0.225809 -1.15603 -1.03556 0 0
0 0 218 2.73424 -0.470441 0.921636 -0.399328 0 0
0 0 219 2.9205 -1.31073 -0.64254 -0.987031 0 0
0 0 220 1.3331 -1.17665 -0.65716 -0.811151 0 0
0 0 221 2.95432 -1.08428 -0.402964 0.693208 0 0
0 0 222 2.71037 -2.64352 -0.29718 -0.0365178 0 0
0 0 223 1.69687 -0.7213 0.20761 -0.0638129 0 0
0 0 224 2.09232 -1.06626 -0.771753 0.448458 0 0
0 0 225 2.19116 -0.133308 -0.199071 0.849224 0 0
0 0 226 1.03642 -1.67346 0.479013 -1.52186 0 0
0 0 227 0.941118 -1.03455 -0.612215 0.23469 0 0
0 0 228 1.01132 0.394266 -0.557852 0.848991 0 0
0 0 229 0.833209 0.00407332 -0.783715 -1.43179 0 0
0 0 230 -0.31059 -0.949288 0.36182 -0.153879 0 0
0 0 231 0.902491 0.120437 0.335105 -1.25816 0 0
0 0 232 1.27309 -1.11211 0.364009 -0.510571 0 0
0 0 233 -0.603542 -0.240806 -1.18412 0.892433 0 0
0 0 234 0.197143 -0.186836 1.67273 -0.147016 0 0
0 0 235 0.259529 -1.11721 -1.13875 1.83852 0 0
0 0 236 -0.471827 -0.600176 0.0785189 -0.536735 0 0
0 0 237 0.132828 -0.759543 0.644497 1.04611 0 0
0 0 238 2.31484 0.408473 0.631023 0.367522 0 0
0 0 239 2.14498 -1.30901 0.143535 -0.0959716 0 0
0 0 240 0.925489 -2.08764 -0.120108 1.64376 0 0
0 0 241 -0.0953542 0.252147 0.969702 -0.12736 0 0
0 0 242 0.240957 0.549176 -1.20809 -0.329081 0 0
0 0 243 -1.35193 -1.94513 -0.201433 0.411959 0 0
0 0 244 1.55862 -0.332848 -0.293492 -0.721614 0 0
0 0 245 0.252936 -1.83512 0.0209438 1.9832 0 0
0 0 246 0.334374 -0.312939 1.2309 0.272442 0 0
0 0 247 1.25843 0.481094 0.588722 -0.919547 0 0
0 0 248 0.819184 0.400636 -0.637642 -1.18865 0 0
0 0 249 1.07671 0.270371 -0.16421 0.198823 0 0
0 0 250 -0.386237 1.75176 0.483615 0.895435 0 0
0 0 251 -0.570512 -0.729611 0.911945 1.15075 0 0
0 0 252 -0.25155 -0.845439 0.426109 -1.25579 0 0
0 0 253 2.02643 2.31209 -0.766416 1.0329 0 0
0 0 254 1.85965 0.355976 -1.10999 -1.00264 0 0
0 0 255 0.619675 -1.01484 -1.75929 0.323173 0 0
0 0 256 -0.207457 0.468865 1.98806 -1.10323 0 0
0 0 257 -0.620631 1.06058 -0.686736 -0.052074 0 0
0 0 258 1.65024 -0.486835 0.519465 1.00547 0 0
0 0 259 -0.00329161 -1.76429 0.756319 -0.170642 0 0
0 0 260 -0.799082 0.129554 0.557445 0.524374 0 0
0 0 261 1.00662 -0.0125437 0.0256113 0.922213 0 0
0 0 262 0.430227 -0.496186 0.887189 -2.0372 0 0
0 0 263 0.779695 -0.445532 -1.57331 -0.33492 0 0
0 0 264 -0.0371052 -0.153578 -0.517639 0.30391 0 0
0 0 265 -0.636915 0.393703 -1.06631 0.621347 0 0
0 0 266 2.42542 0.902017 1.31709 -0.400788 0 0
0 0 267 0.597759 -0.823617 1.17919 1.01525 0 0
0 0 268 1.66407 1.4193 -0.106447 -1.68226 0 0
0 0 269 0.113526 1.53748 0.650741 0.085742 0 0
0 0 270 -0.213552 0.523899 1.98965 0.28262 0 0
0 0 271 1.47097 0.320263 -2.17021 0.750257 0 0
0 0 272 0.361217 0.54426 -0.966143 -0.546418 0 0
0 0 273 -1.16104 0.19159 0.954717 0.952174 0 0
0 0 274 0.57461 1.0368 -0.562646 -0.513154 0 0
0 0 275 0.4761 -0.280625 -0.0334556 1.086 0 0
0 0 276 -0.256123 -0.694264 1.7851 0.254681 0 0
0 0 277 1.99897 1.49764 -0.84475 0.226958 0 0
0 0 278 0.191278 -1.39579 0.677369 0.794124 0 0
0 0 279 0.165583 0.533012 -0.650666 0.255166 0 0
0 0 280 1.27813 -0.186724 0.265638 -0.207126 0 0
0 0 281 -1.49057 1.60508 1.16841 1.35205 0 0
0 0 282 1.18866 -1.62644 -0.357077 0.069158 0 0
0 0 283 -0.343635 -0.0922793 -0.671047 -1.19051 0 0
0 0 284 0.623076 0.378145 1.83957 0.300466 0 0
0 0 285 1.37255 1.53152 -0.561203 1.65433 0 0
0 0 286 -0.350556 1.18011 -0.244882 -0.318291 0 0
0 0 287 0.059475 0.408703 0.962444 0.798334 0 0
0 0 288 0.854977 -1.65549 0.232651 0.303735 0 0
0 0 289 0.0538059 0.134717 1.35988 -0.3224 0 0
0 0 290 1.28688 -1.47204 -0.640914 -1.12358 0 0
0 0 291 0.935713 -1.08384 -0.526971 -0.516637 0 0
0 0 292 0.277068 0.462438 1.21731 -1.01368 0 0
0 0 293 1.23292 0.388214 0.271263 0.590451 0 0
0 0 294 2.06031 -1.30464 -0.0151523 2.20391 0 0
0 0 295 1.77184 1.26182 1.07818 1.97345 0 0
0 0 296 0.743003 -0.00570771 -0.939628 -0.423356 0 0
0 0 297 1.23953 -0.488226 -0.659595 0.459456 0 0
0 0 298 0.341682 -0.318718 0.796236 -0.683147 0 0
0 0 299 1.35952 2.3778 -0.942291 0.55824 0 0
0 0 300 0.941987 -1.55634 -0.457364 -0.232603 0 0
0 0 301 1.22732 -0.793113 1.18315 1.39598 0 0
0 0 302 -1.27734 -0.875865 -1.25131 -0.593345 0 0
0 0 303 0.673226 -0.474116 -0.166963 0.249709 0 0
0 0 304 1.07966 0.0266216 -0.89512 -1.47137 0 0
0 0 305 2.21343 0.213273 -1.35865 0.48471 0 0
0 0 306 -0.377 -1.05768 0.57853 0.355165 0 0
0 0 307 -0.260484 -1.31001 2.10097 0.0896153 0 0
0 0 308 0.30798 -0.205482 -1.76907 -0.243801 0 0
0 0 309 -0.1387 0.386655 0.245094 -0.304212 0 0
0 0 310 1.07738 -0.460129 -0.0205772 0.351595 0 0
0 0 311 0.363851 -0.25254 1.35372 0.0774062 0 0
0 0 312 1.40251 0.850987 -0.278676 -0.342571 0 0
0 0 313 1.06141 0.927167 0.198826 -1.46081 0 0
0 0 314 -0.282164 -2.12201 -0.262395 0.385882 0 0
0 0 315 2.52785 0.00348747 -0.0901715 0.89088 0 0
0 0 316 0.182909 0.0890743 0.944515 0.472361 0 0
0 0 317 0.678834 -2.05158 0.186785 -0.312895 0 0
0 0 318 -0.388185 0.31618 1.33277 0.651099 0 0
0 0 319 -0.621177 0.361023 0.222074 -1.29836 0 0
0 0 320 2.33964 -0.243227 2.37676 -1.74309 0 0
0 0 321 1.46165 -0.806743 -1.10623 -0.00141557 0 0
0 0 322 0.321142 -0.447516 -1.70965 -1.69663 0 0
0 0 323 -0.090449 -0.874404 -0.583594 -1.16598 0 0
0 0 324 0.765346 -0.502652 1.16881 0.515683 0 0
0 0 325 0.531761 0.285897 -0.665464 -1.48146 0 0
0 0 326 0.50107 -0.208642 -0.447668 0.618556 0 0
0 0 327 0.741178 0.705821 0.0553772 -0.507096 0 0
0 0 328 0.836273 0.144932 0.389491 -0.947168 0 0
0 0 329 -0.364686 -2.23124 0.648313 0.210427 0 0
0 0 330 0.174517 -0.431252 0.421883 0.125906 0 0
0 0 331 -0.331137 -0.0368418 0.578295 -0.149977 0 0
0 0 332 0.362001 -1.57462 1.12118 -0.404182 0 0
0 0 333 1.65518 0.00346726 1.14699 -0.238164 0 0
0 0 334 0.353576 -1.43875 0.131114 -0.407021 0 0
0 0 335 -0.0639861 0.584162 -0.452344 -1.22206 0 0
0 0 336 0.404567 1.79556 -0.216549 -0.815668 0 0
0 0 337 0.693097 -0.71252 2.55788 -0.250688 0 0
0 0 338 0.585011 0.770053 1.526 -0.545933 0 0
0 0 339 1.52386 0.369034 -0.492849 0.359201 0 0
0 0 340 0.8999 1.96325 1.54056 0.582908 0 0
0 0 341 0.254141 0.563562 1.69896 0.346332 0 0
0 0 342 1.19622 0.444887 1.13397 0.38749 0 0
0 0 343 0.534357 -0.642714 0.995612 -0.987963 0 0
0 0 344 0.187666 0.693851 -1.5165 -0.952115 0 0
0 0 345 -0.508914 -0.418138 0.633338 -0.313177 0 0
0 0 346 0.00810015 -1.80485 0.282044 -2.5839 0 0
0 0 347 0.236739 -0.901997 2.11753 0.330359 0 0
0 0 348 -1.07651 0.623562 -0.531544 0.140007 0 0
0 0 349 -0.504573 0.613398 -0.0597812 -0.436669 0 0
0 0 350 0.0831734 1.99837 1.47447 0.396025 0 0
0 0 351 -0.31028 -0.590798 -0.260027 -0.439341 0 0
0 0 352 -0.255162 0.0342986 -0.0494785 -1.96883 0 0
0 0 353 -0.532677 -1.06062 -0.757679 -0.230405 0 0
0 0 354 0.194329 -1.11602 0.613513 -2.23334 0 0
0 0 355 -0.669091 1.48786 -0.56881 0.734579 0 0
0 0 356 -0.795618 1.63696 -0.647178 0.786015 0 0
0 0 357 -0.0356073 -0.00667486 0.110934 -0.401895 0 0
0 0 358 0.498406 0.37959 -0.397778 -1.09001 0 0
0 0 359 0.865659 -0.162244 0.209319 0.369252 0 0
0 0 360 0.112668 0.352428 0.425013 0.95823 0 0
0 0 361 0.908246 0.455036 -0.110626 -0.0593717 0 0
0 0 362 -0.00895475 -0.497431 0.789632 0.00855693 0 0
0 0 363 -0.861467 1.43965 0.149361 0.166867 0 0
0 0 364 0.932197 -0.473152 -0.0193606 0.844989 0 0
0 0 365 1.02106 -1.16478 -0.164734 0.146279 0 0
0 0 366 0.836227 0.625426 -1.21252 1.08712 0 0
0 0 367 0.574243 1.02765 0.105882 -1.39556 0 0
0 0 368 0.777975 0.109538 -0.0515499 1.71858 0 0
0 0 369 0.370143 0.380887 -0.0548242 -0.406209 0 0
0 0 370 0.370879 -0.506591 0.549989 -0.198995 0 0
0 0 371 0.809745 -1.57641 0.205154 0.712822 0 0
0 0 372 -0.0375261 0.998883 -0.731614 0.536809 0 0
0 0 373 -0.395639 0.239219 -0.578 -0.151515 0 0
0 0 374 0.709609 -0.0453676 -0.631365 1.71066 0 0
0 0 375 0.218112 -0.182641 0.346192 -0.399083 0 0
0 0 376 -0.460374 0.721226 -1.49481 0.167224 0 0
0 0 377 -1.61797 -0.306203 2.61937 0.514309 0 0
0 0 378 0.671565 -0.0330906 0.370239 0.253998 0 0
0 0 379 0.451302 -1.41636 -1.37199 -0.714802 0 0
0 0 380 -0.793655 1.30462 -0.0210676 1.0978 0 0
0 0 381 1.33528 -0.500712 -0.206072 -0.903237 0 0
0 0 382 -0.39741 0.773398 -1.46025 -0.110457 0 0
0 0 383 0.369393 -2.71282 -1.13928 0.462273 0 0
0 0 384 0.648094 1.48811 -0.0387173 1.3228 0 0
0 0 385 0.604625 -0.245864 0.286381 -0.998284 0 0
0 0 386 1.85126 0.900164 0.141463 0.742742 0 0
0 0 387 0.416455 1.91978 -0.0874707 0.0670069 0 0
0 0 388 -0.89378 0.0156669 0.260128 0.33543 0 0
0 0 389 -1.34353 -1.70977 -0.271718 0.0679473 0 0
0 0 390 0.408329 0.0575127 -1.81275 -1.03047 0 0
0 0 391 -0.455025 -1.36137 1.12486 -0.0200798 0 0
0 0 392 -0.196803 0.0104527 0.657426 -0.794809 0 0
0 0 393 0.62832 0.818757 0.940436 -0.105554 0 0
0 0 394 1.49992 0.344074 0.977247 0.290328 0 0
0 0 395 -0.0661028 0.292435 -0.447081 -0.944598 0 0
0 0 396 0.233402 -1.28219 1.42053 -0.573088 0 0
0 0 397 -0.552737 -0.274664 0.146132 -0.538595 0 0
0 0 398 -0.259645 -0.607956 -0.305786 0.53731 0 0
0 0 399 1.79603 0.550991 -0.166692 -2.3121 0 0
0 0 400 -0.485046 0.700308 0.243724 0.287834 0 0
0 0 401 0.73598 -0.0109637 -0.355623 -0.0524069 0 0
0 0 402 0.438685 -0.184781 0.0692175 1.78143 0 0
0 0 403 0.350711 1.40793 0.41292 1.23769 0 0
0 0 404 -0.587223 0.732023 -0.209511 -0.975985 0 0
0 0 405 0.00187773 -0.996675 1.00453 0.45393 0 0
0 0 406 -0.764948 -1.02148 -0.617456 0.930682 0 0
0 0 407 0.830124 -0.182882 -1.04594 0.0560577 0 0
0 0 408 0.401205 0.361092 1.36415 1.65574 0 0
0 0 409 -0.198434 -1.4117 -2.00319 0.3929 0 0
0 0 410 0.952048 2.01968 -0.0222857 0.320985 0 0
0 0 411 0.776756 0.0519783 0.728667 0.213551 0 0
0 0 412 -1.06631 -0.208232 -0.375682 -0.739694 0 0
0 0 413 -1.42744 -1.11175 -0.343965 0.380306 0 0
0 0 414 1.13191 1.35751 -0.355159 -0.873709 0 0
0 0 415 0.792424 0.603905 0.993562 1.20016 0 0
0 0 416 -0.933989 1.04591 0.0825768 -0.0918466 0 0
0 0 417 -1.4722 0.110666 0.844162 0.669165 0 0
0 0 418 -0.00153367 0.307392 0.411575 0.471076 0 0
0 0 419 0.778595 -0.883491 0.546447 -0.342308 0 0
0 0 420 0.897183 -0.685675 -0.428531 -0.272143 0 0
0 0 421 -0.0294732 -0.188447 0.540331 -0.847273 0 0
0 0 422 -0.0290343 -0.10762 0.160366 -0.0978237 0 0
0 0 423 -0.0909641 -0.0674683 0.446918 2.2129 0 0
0 0 424 -0.308657 -0.537303 0.575737 0.710027 0 0
0 0 425 0.276122 -1.46493 -0.107225 -0.133002 0 0
0 0 426 -0.53409 1.08285 1.52624 -0.582027 0 0
0 0 427 0.529166 -2.61732 -0.927796 1.21168 0 0
0 0 428 0.53795 -0.859366 -1.25133 -0.142262 0 0
0 0 429 2.98697 0.423873 -0.972042 -0.028011 0 0
0 0 430 -0.438929 -0.613164 -0.6376 -0.885783 0 0
0 0 431 -0.675849 0.0763215 0.549647 -0.173769 0 0
0 0 432 0.419641 1.06539 0.279006 0.720915 0 0
0 0 433 -0.0661457 1.0537 0.915949 0.138281 0 0
0 0 434 -0.0017525 -0.806996 -0.929156 -0.370544 0 0
0 0 435 1.68584 -0.405444 -1.60418 -1.03335 0 0
0 0 436 -1.09628 0.534597 0.561601 0.316431 0 0
0 0 437 -0.707927 0.408567 0.599463 0.492767 0 0
0 0 438 1.88222 0.00685114 -1.17516 -0.0848864 0 0
0 0 439 -0.512905 0.534915 -0.0490934 0.740188 0 0
0 0 440 0.75339 0.889559 -0.0697547 -0.641734 0 0
0 0 441 -0.213167 -0.972019 0.267691 -0.700803 0 0
0 0 442 0.0401424 1.47334 0.0477809 -0.544831 0 0
0 0 443 -0.889852 0.25058 0.0547772 0.18938 0 0
0 0 444 0.78742 -0.337255 0.468619 -0.463513 0 0
0 0 445 0.386924 2.07882 -0.386436 0.902587 0 0
0 0 446 -1.40863 -2.0855 1.43503 0.820383 0 0
0 0 447 0.141928 -0.554453 -0.843858 0.794956 0 0
0 0 448 0.765461 -0.887295 -1.39858 0.41994 0 0
0 0 449 -1.13899 0.693646 -0.0474064 -0.729713 0 0
0 0 450 -0.820032 -0.115035 -0.0332587 0.62841 0 0
0 0 451 -0.303131 -0.577644 -0.299762 -1.08069 0 0
0 0 452 -0.148437 -0.381117 0.362913 -0.514417 0 0
0 0 453 -1.08112 -0.735965 -0.00453436 -0.01571 0 0
0 0 454 0.287606 0.779321 -1.61872 0.562118 0 0
0 0 455 0.640988 1.95114 0.0777028 -0.530753 0 0
0 0 456 -1.03798 0.619772 0.425337 0.400423 0 0
0 0 457 -0.351346 0.949146 1.41925 0.679261 0 0
0 0 458 -1.47046 1.51712 0.523817 -1.15956 0 0
0 0 459 -0.924506 -0.349993 0.482195 -0.101618 0 0
0 0 460 -0.426264 0.578445 -3.37696 0.688032 -40.14 7.95479
0 0 461 -0.954869 -0.5533 1.73293 -0.290932 0 0
0 0 462 0.037474 0.804911 2.04843 1.37187 0 0
0 0 463 -0.866506 -0.752902 0.295104 -0.287174 0 0
0 0 464 -0.798553 -0.558296 -1.35086 -1.27975 0 0
0 0 465 0.226627 -1.18122 1.18918 -0.417801 0 0
0 0 466 0.493777 0.744588 0.249109 0.145478 0 0
0 0 467 -0.955729 -0.320333 -0.230625 0.707376 0 0
0 0 468 -0.0941024 1.16863 0.930655 1.29055 0 0
0 0 469 0.581291 0.399791 0.312846 0.719311 0 0
0 0 470 0.677812 -0.158786 -0.509794 -1.71819 0 0
0 0 471 -0.671918 -0.860703 -0.463073 -1.05944 0 0
0 0 472 -0.278934 -0.371676 0.662259 0.344355 0 0
0 0 473 0.284635 -1.12989 -1.22208 -1.39809 0 0
0 0 474 -0.64618 0.401812 -0.605684 -0.821219 0 0
0 0 475 0.0648724 -0.849847 0.183523 0.403255 0 0
0 0 476 -0.00717983 0.112149 0.290241 -0.112294 0 0
0 0 477 -0.971602 -0.523539 -1.65031 -1.2555 0 0
0 0 478 0.571892 1.417 -0.604093 -1.18459 0 0
0 0 479 0.882978 -0.931748 0.803791 0.138512 0 0
0 0 480 1.32692 0.116856 0.966346 1.48006 0 0
0 0 481 -0.0841634 -0.0693924 -0.253629 0.128139 0 0
0 0 482 1.28678 0.377824 1.06963 -0.166846 0 0
0 0 483 1.01741 -0.945921 0.0338431 -0.930805 0 0
0 0 484 -0.12225 0.0862074 1.20983 0.685077 0 0
0 0 485 -0.632722 0.972458 -0.893342 1.3865 0 0
0 0 486 0.700635 2.41821 -0.382144 -0.248955 0 0
0 0 487 0.296439 -0.365584 -0.496887 0.105846 0 0
0 0 488 -0.742671 -0.684731 -0.170569 2.04277 0 0
0 0 489 -0.0642336 -0.867476 -0.248314 0.183715 0 0
0 0 490 0.655517 -1.47089 -1.10319 -0.0179316 0 0
0 0 491 -0.0209991 -1.99882 0.100714 1.37364 0 0
0 0 492 -0.942916 -2.15009 0.580891 -1.1207 0 0
0 0 493 -0.733723 -0.182229 -0.158339 -0.74211 0 0
0 0 494 -0.435943 0.603155 1.90158 -0.601947 0 0
0 0 495 -0.377149 0.446293 2.53982 1.02851 0 0
0 0 496 -0.448992 -1.0914 -0.908419 1.62391 0 0
0 0 497 -0.969111 -1.20718 0.279087 0.32742 0 0
0 0 498 -0.138745 0.322477 -0.521811 -1.31778 0 0
0 0 499 1.12498 -1.4057 -0.0524982 -0.110055 0 0
0 0 500 -0.662537 0.85253 0.280614 0.110423 0 0
0 0 501 1.02926 0.515694 -0.369309 0.298856 0 0
0 0 502 -0.534872 2.30238 -0.464169 -1.12574 0 0
0 0 503 1.76394 -0.609824 0.784771 0.341191 0 0
0 0 504 -0.0868534 1.44282 -0.459604 -0.869124 0 0
0 0 505 1.04741 -0.105194 0.94509 1.36333 0 0
0 0 506 -1.50894 0.448376 -0.308649 -0.627627 0 0
0 0 507 -1.63622 1.19931 0.415842 -0.312147 0 0
0 0 508 0.409441 -0.0767727 -0.135252 -1.07351 0 0
0 0 509 1.24455 -0.412972 0.122611 -1.06642 0 0
0 0 510 -0.427899 -0.348594 -0.382981 -0.809775 0 0
0 0 511 -0.528578 -0.821692 0.287389 -0.430934 0 0
0 0 512 0.418323 0.105373 -0.376045 0.887647 0 0
0 0 513 0.800251 0.167234 -0.40852 1.05096 0 0
0 0 514 -0.631217 0.705171 -2.39931 0.260327 0 0
0 0 515 -0.0185731 0.0631963 0.716809 -0.546118 0 0
0 0 516 0.720555 0.997816 -1.72982 -0.788391 0 0
0 0 517 0.332526 -0.79813 -1.17217 -1.18312 0 0
0 0 518 0.904452 0.720339 0.195394 -0.808699 0 0
0 0 519 -0.539011 -1.68322 -0.925811 -0.955745 0 0
0 0 520 -0.148252 0.781355 -0.808128 0.804798 0 0
0 0 521 0.873888 0.334808 0.117064 -0.710939 0 0
0 0 522 0.437652 0.0580322 1.35732 -1.00826 0 0
0 0 523 -1.07807 -1.13621 -0.11816 -0.00988874 0 0
0 0 524 -0.170637 0.111946 0.073711 0.22995 0 0
0 0 525 1.53605 -0.0590246 1.11746 -0.749757 0 0
0 0 526 0.752176 -0.971271 -0.488095 -1.76694 0 0
0 0 527 0.340886 0.138332 0.14805 -0.191292 0 0
0 0 528 0.964325 0.944752 -1.12448 -0.119829 0 0
0 0 529 0.476933 -0.331762 -2.04024 -1.09229 0 0
0 0 530 0.732578 1.40904 -0.286863 0.942282 0 0
0 0 531 0.331391 0.201727 0.0307554 0.903269 0 0
0 0 532 -0.972459 0.972411 -1.2936 -0.386527 0 0
0 0 533 -0.893582 -0.725611 0.632655 -0.451323 0 0
0 0 534 -0.398666 0.637207 0.177823 0.769584 0 0
0 0 535 0.0533087 -0.713554 -0.340095 0.932183 0 0
0 0 536 -1.58914 0.204683 0.951521 1.16959 0 0
0 0 537 0.654487 -0.0900431 1.1462 -0.543435 0 0
0 0 538 -0.261121 -1.87709 0.452357 -0.179179 0 0
0 0 539 0.652548 -0.766761 -0.908112 0.585865 0 0
0 0 540 -0.339804 -2.11202 0.0319482 0.868297 0 0
0 0 541 -0.0851218 1.83633 0.552281 0.25309 0 0
0 0 542 0.689428 0.237234 0.631651 0.386464 0 0
0 0 543 -0.285587 -1.77516 0.298916 -1.25801 0 0
0 0 544 -0.485101 -0.425978 1.34614 1.57713 0 0
0 0 545 0.917692 -0.558745 0.863982 -0.504971 0 0
0 0 546 1.05955 -0.708244 -0.437073 -0.273513 0 0
0 0 547 0.120941 1.8513 -0.361618 0.746902 0 0
0 0 548 -1.26303 0.347308 -0.930286 -0.0178185 0 0
0 0 549 -0.212224 0.188407 -0.0305036 1.66967 0 0
0 0 550 -1.31598 -0.463459 -0.985792 -0.0625975 0 0
0 0 551 -0.764706 -0.61954 0.24863 0.0675898 0 0
0 0 552 0.51703 -0.546774 1.37891 -0.715812 0 0
0 0 553 -0.0760623 1.3638 -0.371317 2.03135 0 0
0 0 554 0.885371 1.46169 0.321953 -1.55266 0 0
0 0 555 -1.29811 1.25104 0.615151 0.668767 0 0
0 0 556 1.14325 -0.50202 -1.0538 1.5065 0 0
0 0 557 1.08356 0.321902 0.390383 -0.200957 0 0
0 0 558 2.38872 -1.27262 0.978536 0.300396 0 0
0 0 559 1.03817 0.444214 0.44754 -0.681395 0 0
0 0 560 -0.865564 1.85746 -0.401811 -0.263899 0 0
0 0 561 -1.71783 0.00300109 1.38261 0.422688 0 0
0 0 562 -0.112573 0.131521 -0.192481 0.531151 0 0
0 0 563 0.219924 -0.211697 -0.769187 0.268934 0 0
0 0 564 -0.941391 0.00567088 1.63465 -1.05208 0 0
0 0 565 1.81048 -0.384499 -1.53407 0.397038 0 0
0 0 566 -0.692795 -1.09833 -0.842189 -0.696559 0 0
0 0 567 1.03435 1.40109 0.0256755 -1.19552 0 0
0 0 568 1.02296 0.0902079 -0.0982333 -0.261376 0 0
0 0 569 0.447144 0.248631 -0.509497 1.07282 0 0
0 0 570 -0.26506 -0.772242 0.798081 0.0189108 0 0
0 0 571 -0.852205 -0.400223 -1.1161 2.17319 0 0
0 0 572 -0.127207 -0.0196147 1.13682 -0.076487 0 0
0 0 573 -1.49447 -0.0148315 0.142425 -0.62575 0 0
0 0 574 0.313757 0.903769 0.754307 0.377239 0 0
0 0 575 0.730076 2.0729 -0.474571 0.524317 0 0
0 0 576 2.7973 -0.774159 -0.355673 -0.653038 0 0
0 0 577 -0.297796 -0.438676 0.114605 0.232528 0 0
0 0 578 0.0144262 1.30131 0.372603 -0.0672651 0 0
0 0 579 -0.477482 -0.670036 -0.302793 -0.0884281 0 0
0 0 580 0.000298642 -0.250276 -0.254506 0.280105 0 0
0 0 581 0.033567 0.886559 -0.4691 -0.949185 0 0
0 0 582 0.675734 0.0466517 0.674512 0.526356 0 0
0 0 583 0.953746 0.00353229 -1.69981 -0.672995 0 0
0 0 584 -0.768104 0.0148265 1.96052 1.19429 0 0
0 0 585 -0.970429 -0.410883 0.274457 0.359459 0 0
0 0 586 -0.394627 -2.15313 -0.310505 0.435165 0 0
0 0 587 -0.65503 -0.477902 -0.144741 -1.00378 0 0
0 0 588 -0.373315 -0.566623 1.49423 -0.834369 0 0
0 0 589 -0.932204 0.0208282 0.495717 -0.193907 0 0
0 0 590 -0.103576 -0.152686 0.754026 0.234458 0 0
0 0 591 0.737734 0.0141065 0.641189 -0.148817 0 0
0 0 592 0.204237 1.50558 0.0240851 0.0796259 0 0
0 0 593 -0.107363 0.320943 -0.610174 0.968004 0 0
0 0 594 -0.276929 0.218681 1.1935 0.393974 0 0
0 0 595 0.446598 0.756134 0.438657 1.28153 0 0
0 0 596 0.330089 1.07063 -1.04294 -0.579195 0 0
0 0 597 -0.382255 -0.916915 0.556391 0.00836225 0 0
0 0 598 1.62237 0.790045 0.467766 0.447483 0 0
0 0 599 0.1052 -0.621972 -0.924959 -0.0481737 0 0
0 0 600 1.11084 -1.00156 0.16434 -0.86505 0 0
0 0 601 0.474494 0.815736 0.450866 0.364415 0 0
0 0 602 0.0865176 1.46785 0.498948 -1.37093 0 0
0 0 603 -0.0438224 0.811355 0.35769 2.22316 0 0
0 0 604 -0.452455 -1.209 -0.629778 -1.05711 0 0
0 0 605 0.22802 0.259046 1.06128 -1.43467 0 0
0 0 606 -0.986761 -0.839026 -0.292208 0.270942 0 0
0 0 607 0.255852 0.163056 -0.0965079 2.53954 0 0
0 0 608 -0.282612 -0.443554 -1.15794 1.10958 0 0
0 0 609 1.99338 -1.34576 0.700618 1.90878 0 0
0 0 610 1.04691 -0.0318538 -0.0534691 -1.25541 0 0
0 0 611 2.47708 -0.611507 -1.45432 0.226609 0 0
0 0 612 0.814024 -2.24845 -0.638341 -0.022151 0 0
0 0 613 0.214253 1.01363 -0.507996 0.290887 0 0
0 0 614 0.343786 0.0327186 1.18221 -0.0974609 0 0
0 0 615 -0.39986 0.139885 0.295217 -0.383367 0 0
0 0 616 -0.00991935 -1.43385 0.0764638 0.169056 0 0
0 0 617 -1.37878 -0.945737 1.94469 0.240823 0 0
0 0 618 -0.0147257 1.86849 -0.474807 0.0275831 0 0
0 0 619 1.67696 -1.54806 -0.189918 -0.394587 0 0
0 0 620 0.660446 1.38366 0.128287 -0.683306 0 0
0 0 621 0.468511 0.222174 -0.832415 -0.426484 0 0
0 0 622 0.867837 -0.562024 -0.582087 -1.39416 0 0
0 0 623 -0.196007 -1.05145 0.420301 1.23108 0 0
0 0 624 -0.527041 0.249323 -0.479598 -0.103852 0 0
0 0 625 0.206268 1.69707 1.01059 0.312562 0 0
0 0 626 -0.690374 0.87095 -0.0163093 1.28846 0 0
0 0 627 0.828451 -0.0587761 -2.01081 0.346857 0 0
0 0 628 0.0759992 -0.989783 -1.94842 -0.64966 0 0
0 0 629 -0.12755 -0.142863 0.650773 -0.0498932 0 0
0 0 630 -0.0960844 -0.884833 0.147385 0.161784 0 0
0 0 631 -0.758165 -0.927929 -0.107699 -0.229047 0 0
0 0 632 -0.0283034 -0.758615 1.19487 -0.477781 0 0
0 0 633 1.96817 -0.571827 -0.273101 -1.29467 0 0
0 0 634 0.767274 -0.562337 -1.98638 0.958997 0 0
0 0 635 -0.0622343 -1.09474 0.908685 -1.02064 0 0
0 0 636 0.0250059 1.02015 -1.31097 1.62015 0 0
0 0 637 -0.635165 -0.423925 -0.0211505 -0.822909 0 0
0 0 638 1.18131 0.792454 -0.197981 -1.19229 0 0
0 0 639 -0.210914 0.0182414 -1.12714 -0.310461 0 0
0 0 640 0.566574 -1.1714 -1.81069 -0.650523 0 0
0 0 641 2.24379 1.67928 -0.353936 0.931212 0 0
0 0 642 0.377946 -0.423827 0.0982747 -1.01488 0 0
0 0 643 0.703513 0.595639 -0.789353 -0.660291 0 0
0 0 644 0.130872 0.583078 0.641 0.289309 0 0
0 0 645 0.885562 -0.0208781 0.25855 -0.576517 0 0
0 0 646 -1.27667 -0.134615 -1.47352 0.350017 0 0
0 0 647 -0.145912 -0.6109 0.320087 -0.56586 0 0
0 0 648 -1.70019 -1.30291 -0.758082 -0.722403 0 0
0 0 649 0.0425863 0.250214 0.329289 -0.5798 0 0
0 0 650 1.20229 -0.994086 -0.470724 0.143282 0 0
0 0 651 -1.69535 1.62093 0.249744 0.400845 0 0
0 0 652 0.822925 -0.396768 -0.532178 0.790753 0 0
0 0 653 -0.114749 1.12673 0.606861 -1.49345 0 0
0 0 654 0.574005 -0.259141 0.339919 -0.33584 0 0
0 0 655 0.600123 0.945548 -0.789239 0.125587 0 0
0 0 656 0.784576 -1.01517 1.29609 0.317362 0 0
0 0 657 0.773295 1.13546 -0.719493 1.12538 0 0
0 0 658 0.751863 -0.993184 1.33788 -0.251585 0 0
0 0 659 -0.943811 -0.88412 1.78273 1.58353 0 0
0 0 660 -0.521271 0.627579 -0.0470715 0.524654 0 0
0 0 661 -0.282928 -0.172723 -1.98755 1.02643 0 0
0 0 662 -0.424094 -1.16971 0.407473 -0.239764 0 0
0 0 663 0.109686 -0.101905 -1.21252 -0.499185 0 0
0 0 664 0.169724 1.40748 1.11858 -0.155372 0 0
0 0 665 -0.397128 -1.14909 -0.466699 1.31006 0 0
0 0 666 1.39505 -0.0839359 -0.720426 0.113678 0 0
0 0 667 0.408794 -0.217461 -0.372447 -0.49336 0 0
0 0 668 0.576607 0.0104266 0.145321 0.650038 0 0
0 0 669 0.529437 -0.338934 0.0207298 -0.216317 0 0
0 0 670 1.25021 -0.884011 0.35448 -1.2028 0 0
0 0 671 0.557434 -0.686587 -0.104487 0.45024 0 0
0 0 672 0.913635 1.0115 0.0944228 0.712071 0 0
0 0 673 0.0365899 1.19866 0.69548 0.058582 0 0
0 0 674 -0.774614 -0.209042 -0.205018 0.169675 0 0
0 0 675 -0.711255 0.231274 -0.295569 0.421337 0 0
0 0 676 0.583638 -0.51966 -0.702674 -1.759 0 0
0 0 677 0.341744 -0.145943 0.24056 0.728891 0 0
0 0 678 -0.340768 0.1037 -0.300145 -0.0571775 0 0
0 0 679 0.860767 -0.399959 -1.716 -0.30172 0 0
0 0 680 0.238524 -1.09504 -1.62682 0.347364 0 0
0 0 681 0.828289 0.036879 0.645329 -0.335145 0 0
0 0 682 0.00135231 1.07877 -1.44958 -0.970729 0 0
0 0 683 -0.436482 0.579134 0.518884 -1.14122 0 0
0 0 684 0.79745 0.280844 -0.126223 1.03229 0 0
0 0 685 0.641075 0.928385 -1.58318 -0.63358 0 0
0 0 686 -0.0609182 1.50153 -0.812484 -0.118791 0 0
0 0 687 1.56643 -1.72834 0.277717 0.410707 0 0
0 0 688 -0.145664 0.0311655 0.57046 -1.42541 0 0
0 0 689 -0.402602 1.41573 0.906194 0.375197 0 0
0 0 690 1.10006 0.453841 0.562023 -0.140786 0 0
0 0 691 -0.208041 -0.988742 -0.863532 -0.0431166 0 0
0 0 692 1.63984 1.33985 1.25412 -0.932923 0 0
0 0 693 -0.666743 -0.266206 1.78788 0.262158 0 0
0 0 694 0.88821 -0.119974 -1.21388 -0.0264703 0 0
0 0 695 1.36186 1.06712 0.294281 -0.411059 0 0
0 0 696 0.315678 -0.78278 -0.269125 -0.30705 0 0
0 0 697 0.846974 -0.863432 1.26018 -1.45072 0 0
0 0 698 -0.436483 0.96312 -0.349952 -0.17147 0 0
0 0 699 1.65835 0.863266 1.64381 -0.164086 0 0
0 0 700 -0.0422268 -0.779124 1.25559 -0.16624 0 0
0 0 701 0.0783654 -0.85105 -0.314505 0.680552 0 0
0 0 702 -0.547472 -0.00471279 0.0563417 1.9912 0 0
0 0 703 -1.28263 0.516214 0.792412 1.63052 0 0
0 0 704 0.611343 0.0652477 0.391817 -1.61339 0 0
0 0 705 -0.969925 0.532772 -0.455086 -0.613849 0 0
0 0 706 -1.06905 -0.271943 -0.360182 -1.14054 0 0
0 0 707 0.55961 -0.962985 -0.366932 -0.422526 0 0
0 0 708 -1.00298 3.93391e-06 1.19225 -0.152354 0 0
0 0 709 -1.23137 1.01902 -1.14303 -0.150716 0 0
0 0 710 0.329236 -0.641204 0.283305 -0.067959 0 0
0 0 711 0.343235 0.953431 -0.059501 0.9846 0 0
0 0 712 -0.978156 0.4757 -1.06208 -1.57404 0 0
0 0 713 0.0018481 -1.06528 -0.816813 -0.374425 0 0
0 0 714 0.218338 -0.100763 0.140435 -0.676658 0 0
0 0 715 -0.105635 -0.83533 -0.660022 0.468962 0 0
0 0 716 -0.561288 -0.407672 0.131975 0.627313 0 0
0 0 717 0.219347 -0.268692 1.14037 0.580982 0 0
0 0 718 1.5716 -0.760126 -1.851 -0.420617 0 0
0 0 719 0.215306 -0.717076 -0.695733 0.599676 0 0
0 0 720 -1.3408 0.101278 0.957854 -0.605473 0 0
0 0 721 1.10195 -0.670217 1.28684 0.430147 0 0
0 0 722 2.06838 0.178548 0.856912 0.134031 0 0
0 0 723 0.537528 1.29398 -0.56513 -1.14458 0 0
0 0 724 0.726418 1.03727 1.48983 0.965764 0 0
0 0 725 0.437704 0.968832 0.00748565 -0.185122 0 0
0 0 726 -0.781884 -0.128499 0.95357 -0.828164 0 0
0 0 727 1.11654 0.20908 -1.80575 0.289591 0 0
0 0 728 -0.857676 1.28563 -0.36884 0.877341 0 0
0 0 729 0.606438 -1.52451 -1.38307 0.266052 0 0
0 0 730 0.832148 -1.50345 -0.887596 1.18744 0 0
0 0 731 -0.680813 -1.82997 -0.197572 0.628018 0 0
0 0 732 0.936399 -0.782054 -0.748942 -0.509621 0 0
0 0 733 1.32237 0.225637 -0.0734095 0.208329 0 0
0 0 734 1.73117 -0.446752 1.07084 -1.59892 0 0
0 0 735 0.528331 0.521625 -0.966096 0.390403 0 0
0 0 736 1.19967 0.205403 0.730062 -1.54131 0 0
0 0 737 0.879462 0.0244891 1.53477 0.481931 0 0
0 0 738 0.0457408 -0.0739763 0.682173 1.12591 0 0
0 0 739 0.579098 -0.245684 0.604858 0.963692 0 0
0 0 740 0.0840798 0.0764866 -0.640658 -0.843893 0 0
0 0 741 -0.174344 -0.410879 1.09122 -0.248388 0 0
0 0 742 -0.570436 0.870221 -0.101647 0.31796 0 0
0 0 743 0.509504 0.819926 0.658167 0.928373 0 0
0 0 744 -1.24294 -0.84427 1.29926 -0.810797 0 0
0 0 745 0.910189 -0.481053 1.05713 1.76148 0 0
0 0 746 -0.331605 1.01126 0.503388 1.00564 0 0
0 0 747 -0.586708 -0.419131 0.675051 1.70915 0 0
0 0 748 0.512264 -1.20432 -0.0692506 1.45216 0 0
0 0 749 -0.109495 0.82837 2.11513 0.52013 0 0
0 0 750 0.82506 0.227399 -0.4921 -0.647378 0 0
0 0 751 -0.514802 1.50119 0.852772 -0.0159805 0 0
0 0 752 2.0704 0.0292138 0.61514 1.72555 0 0
0 0 753 -0.0132131 0.564602 0.249022 1.15173 0 0
0 0 754 -0.0631799 0.0554698 -0.293854 -0.103881 0 0
0 0 755 1.32645 -1.74013 1.00486 -0.71487 0 0
0 0 756 -0.176186 -0.363265 -1.32413 -0.993101 0 0
0 0 757 1.13756 0.824249 -0.501481 0.890737 0 0
0 0 758 -0.910818 1.59031 -0.791659 -0.73759 0 0
0 0 759 0.0732976 -2.14369 0.00644256 -0.848699 0 0
0 0 760 -0.417239 -3.11087 0.394605 -1.90033 86.3854 8.21431
0 0 761 0.592976 -1.50252 -0.801138 0.590127 0 0
0 0 762 0.214725 0.677215 0.971753 -0.417996 0 0
0 0 763 0.319039 1.40594 -0.343578 -0.0592091 0 0
0 0 764 -0.77813 0.0424581 0.656139 -0.802515 0 0
0 0 765 0.286678 -1.52248 1.29343 -0.677404 0 0
0 0 766 0.0761412 -1.10313 0.557917 -0.240644 0 0
0 0 767 -1.15651 -0.00399542 -1.00549 -1.08173 0 0
0 0 768 -0.0736434 -0.277821 -0.299004 0.563214 0 0
0 0 769 0.496159 -0.364421 1.61915 0.247986 0 0
0 0 770 -1.60759 0.270524 0.785103 0.363766 0 0
0 0 771 -0.183008 -0.546574 -0.394342 0.361661 0 0
0 0 772 -1.17022 0.550969 -0.260358 -0.0819071 0 0
0 0 773 -0.277012 -0.649045 0.0439185 -0.248902 0 0
0 0 774 0.392345 0.0166963 0.636301 0.306511 0 0
0 0 775 0.258735 -0.978972 -0.074012 -0.574268 0 0
0 0 776 0.160838 -1.6476 0.240172 0.392795 0 0
0 0 777 0.434588 0.68154 -0.468998 0.0652312 0 0
0 0 778 0.326402 -0.463246 0.507757 -0.25367 0 0
0 0 779 1.48378 -2.3418 0.158954 0.176748 0 0
0 0 780 0.512794 -1.97643 0.539242 -0.340272 0 0
0 0 781 0.0431256 1.21287 0.286207 0.410512 0 0
0 0 782 0.1453 -0.114022 -1.43846 0.102726 0 0
0 0 783 0.209276 -0.151063 -0.0336637 0.98851 0 0
0 0 784 0.916293 0.0900187 1.48201 -0.603146 0 0
0 0 785 0.405767 -0.125563 -1.46309 1.23703 0 0
0 0 786 0.363751 -1.00205 0.542233 -1.23696 0 0
0 0 787 1.14371 -1.6955 2.21557 0.645271 0 0
0 0 788 0.199283 -0.27296 0.291619 -0.420962 0 0
0 0 789 -2.34509 0.0680547 0.779188 0.283688 0 0
0 0 790 -0.288803 -0.39071 0.348247 -0.269819 0 0
0 0 791 -0.148977 1.0886 -0.122391 1.07674 0 0
0 0 792 1.20086 -1.28301 1.15509 -0.867002 0 0
0 0 793 2.73698 -0.559923 1.36485 -0.800363 0 0
0 0 794 0.295202 -0.580806 -0.797212 1.27207 0 0
0 0 795 -1.65224 -0.820642 1.85003 -0.494116 0 0
0 0 796 0.983652 -0.873442 1.08346 -1.6874 0 0
0 0 797 1.34883 -1.54109 0.51445 -0.134782 0 0
0 0 798 2.70185 0.0265623 -0.56898 0.397827 0 0
0 0 799 -0.0616815 0.307631 -0.103738 -0.878087 0 0
0 0 800 1.33138 -0.823325 -0.446092 -0.0975171 0 0
0 0 801 1.9658 0.480264 0.920215 0.341142 0 0
0 0 802 0.262939 -0.561519 -0.905579 0.45261 0 0
0 0 803 -0.642612 1.45118 1.0767 -0.314237 0 0
0 0 804 -0.06167 -0.176015 -0.514136 -0.489032 0 0
0 0 805 -0.493906 -0.0523171 -0.32138 1.526 0 0
0 0 806 0.790957 0.355832 -0.150155 -0.510708 0 0
0 0 807 -0.0116918 1.46512 1.6412 -0.997524 0 0
0 0 808 0.768219 -0.108672 -0.897073 -0.204213 0 0
0 0 809 0.206073 0.90582 1.27021 0.648053 0 0
0 0 810 0.552227 0.87472 -0.00810113 0.570333 0 0
0 0 811 -0.349463 -0.564172 1.75189 0.773372 0 0
0 0 812 -0.230413 -0.590299 0.02376 -0.0823466 0 0
0 0 813 1.16154 0.144461 0.171721 -0.0405542 0 0
0 0 814 -1.32429 0.563269 1.05702 1.87075 0 0
0 0 815 -0.0244623 -0.78229 1.34782 0.130382 0 0
0 0 816 0.557153 0.790699 0.799975 0.534384 0 0
0 0 817 0.191063 0.317636 -0.448491 -1.17136 0 0
0 0 818 -0.0784011 -0.140695 -0.970056 -0.0686148 0 0
0 0 819 0.894994 0.672034 -2.4783 -0.618249 0 0
0 0 820 1.67085 0.591094 0.147755 1.07082 0 0
0 0 821 0.357995 -0.0724875 -0.881836 0.703785 0 0
0 0 822 0.695028 1.01261 0.513148 1.05468 0 0
0 0 823 1.54736 1.33574 0.974715 -0.839024 0 0
0 0 824 0.38022 -1.34498 -0.363127 -0.0973035 0 0
0 0 825 1.17333 1.20333 -0.114583 -1.06044 0 0
0 0 826 0.705663 -0.504474 0.161462 -0.620272 0 0
0 0 827 0.372457 0.253473 -0.125249 0.0910506 0 0
0 0 828 0.483124 1.0293 -1.38841 -1.1683 0 0
0 0 829 -0.777159 0.176352 0.87175 -0.57584 0 0
0 0 830 -0.412155 -0.188777 -0.00427202 -1.2697 0 0
0 0 831 0.144023 -0.893953 -0.588789 0.155714 0 0
0 0 832 0.0883383 0.65944 -0.499779 -0.128163 0 0
0 0 833 -0.512801 0.739264 -0.361227 0.999042 0 0
0 0 834 1.50691 -0.138938 1.45275 0.451367 0 0
0 0 835 1.28721 0.691142 -0.463864 -2.23572 0 0
0 0 836 -0.365958 1.07144 0.684768 0.453996 0 0
0 0 837 0.648701 0.643688 0.850438 -0.147564 0 0
0 0 838 -0.238412 -0.648134 0.238477 -1.05583 0 0
0 0 839 1.09191 0.0408205 1.67395 -0.198116 0 0
0 0 840 1.84035 -0.877072 -0.45527 -0.679227 0 0
0 0 841 0.461914 -1.1258 2.4516 -1.16662 0 0
0 0 842 0.244043 0.799798 0.334693 0.558365 0 0
0 0 843 -0.293859 -1.57579 -1.72377 1.1207 0 0
0 0 844 0.952893 -0.38102 1.65807 -0.0938754 0 0
0 0 845 1.95595 0.876457 -1.12883 -1.94887 0 0
0 0 846 0.943124 1.88984 -0.312494 -0.724749 0 0
0 0 847 1.38003 -0.0273933 0.475787 0.471738 0 0
0 0 848 0.773162 0.411171 -0.729598 0.217827 0 0
0 0 849 -1.57115 -0.404038 1.42285 -1.13173 0 0
0 0 850 -1.08168 -0.43982 0.141453 0.462083 0 0
0 0 851 1.46819 -0.087244 0.358534 -2.2587 0 0
0 0 852 0.982517 0.478268 -1.15486 0.197788 0 0
0 0 853 2.235 -0.00302982 -1.23998 0.795801 0 0
0 0 854 -0.591845 1.11718 1.53865 1.61553 0 0
0 0 855 -1.19629 -0.580665 1.20565 -0.455399 0 0
0 0 856 0.0716025 -1.44557 -0.670412 -0.659247 0 0
0 0 857 -1.31806 0.434713 -1.1355 1.22326 0 0
0 0 858 0.948957 -0.199321 -0.416397 -0.236451 0 0
0 0 859 -0.0160803 -0.913953 0.537285 0.858242 0 0
0 0 860 0.304548 -0.83864 -0.299094 0.79553 0 0
0 0 861 -0.103723 0.828061 -0.305946 -0.480001 0 0
0 0 862 -0.280376 -0.192544 0.10658 1.16907 0 0
0 0 863 0.964571 0.2077 0.157817 -0.727532 0 0
0 0 864 -0.867385 -0.0788398 -0.838963 0.215896 0 0
0 0 865 0.0261221 0.223895 0.182087 -0.698636 0 0
0 0 866 2.617 -0.95845 -0.267308 -0.912944 0 0
0 0 867 0.221101 -0.128462 0.264629 0.0613784 0 0
0 0 868 0.614741 -0.251979 -0.56931 1.04504 0 0
0 0 869 0.666418 -0.116199 2.00305 1.16056 0 0
0 0 870 1.19053 0.667096 -0.385133 0.128848 0 0
0 0 871 0.483334 -0.0154028 -1.91122 0.695824 0 0
0 0 872 1.22286 -0.0787513 -0.439525 1.13126 0 0
0 0 873 -0.369116 -1.10335 0.134783 1.98758 0 0
0 0 874 -0.872925 0.912411 1.14178 1.37096 0 0
0 0 875 1.93794 -0.709134 1.27687 -0.814766 0 0
0 0 876 -0.25199 0.341522 0.557804 1.21025 0 0
0 0 877 1.1062 -1.25928 0.327011 1.87887 0 0
0 0 878 -0.175594 0.624893 0.275523 -0.372465 0 0
0 0 879 1.56831 -0.644017 -0.0946176 0.0581615 0 0
0 0 880 1.75732 0.131581 -0.363338 -0.191147 0 0
0 0 881 -0.509582 1.40529 0.422458 0.531016 0 0
0 0 882 -0.0400126 0.0621772 0.457603 0.817019 0 0
0 0 883 -0.736849 0.725035 1.74228 -0.307253 0 0
0 0 884 -0.118713 0.854732 -0.898942 0.579469 0 0
0 0 885 -0.0375069 -0.452668 0.143008 0.70634 0 0
0 0 886 0.956286 0.211613 -0.417671 0.0772987 0 0
0 0 887 0.138248 1.38365 -0.355922 -0.627007 0 0
0 0 888 -0.912173 -0.978394 0.439875 -0.518188 0 0
0 0 889 0.639429 0.962091 0.920399 0.289538 0 0
0 0 890 -0.70529 0.315828 -0.0235237 -0.489879 0 0
0 0 891 1.2579 1.5345 -0.480419 -1.48323 0 0
0 0 892 -2.06545 -0.568623 -0.0491279 0.788008 0 0
0 0 893 0.226506 0.717898 0.128423 1.48583 0 0
0 0 894 -0.832567 -0.906109 1.73838 -0.389516 0 0
0 0 895 0.990976 0.350825 -0.394979 1.12263 0 0
0 0 896 0.269518 0.881971 1.9743 -0.134484 0 0
0 0 897 0.690668 1.56038 0.376249 2.50648 0 0
0 0 898 0.581875 1.22728 -0.411703 -0.766525 0 0
0 0 899 1.22465 0.183524 -0.394589 -0.209222 0 0
0 0 900 0.874609 -1.39367 -2.08828 0.401321 0 0
0 0 901 0.959376 0.706156 0.819352 -0.638953 0 0
0 0 902 0.259411 0.717035 2.08054 -0.148432 0 0
0 0 903 -1.03042 -0.234082 -1.63825 -0.424376 0 0
0 0 904 0.821254 1.66995 -1.11713 0.76991 0 0
0 0 905 0.439558 1.24045 -0.206107 0.200916 0 0
0 0 906 -0.218512 -0.861966 0.599699 0.659756 0 0
0 0 907 -0.903595 -0.908874 -0.645975 -0.497393 0 0
0 0 908 0.263368 0.768283 -0.674529 1.4808 0 0
0 0 909 0.0128186 0.674835 0.312768 -1.22592 0 0
0 0 910 -0.924705 -0.744068 -1.08565 -0.315499 0 0
0 0 911 2.62797 -0.634912 0.0846493 0.0637468 0 0
0 0 912 -0.0439036 -1.61115 1.34942 -0.749902 0 0
0 0 913 -0.519652 -1.76269 -0.0583221 1.07223 0 0
0 0 914 1.00217 -1.57755 -0.697011 0.487053 0 0
0 0 915 0.480403 0.590792 0.143893 -1.05321 0 0
0 0 916 -0.964964 0.277588 0.729435 -0.431275 0 0
0 0 917 -0.126311 0.385504 -0.842908 0.532899 0 0
0 0 918 0.249231 -0.418456 -0.714922 0.5152 0 0
0 0 919 -1.21857 -0.117858 -0.0843743 -0.895602 0 0
0 0 920 0.173282 -1.98008 0.238424 -0.747875 0 0
0 0 921 -0.0534841 2.00743 0.540182 1.659 0 0
0 0 922 -0.0350116 -2.01829 -0.160489 -0.290854 0 0
0 0 923 -0.693015 1.47654 0.798867 -0.264121 0 0
0 0 924 -1.37558 0.720862 -0.431266 -1.71139 0 0
0 0 925 -0.415922 -1.15274 0.542122 2.7765 0 0
0 0 926 0.215741 -0.9715 -0.807466 -1.30127 0 0
0 0 927 -0.239789 1.16235 1.28973 -0.224112 0 0
0 0 928 -0.361157 -0.412315 -0.353065 0.372518 0 0
0 0 929 -0.160088 0.146681 -0.454725 0.956151 0 0
0 0 930 0.181238 -1.56559 0.0473136 0.107663 0 0
0 0 931 -1.36429 -0.296506 -0.061195 1.18756 0 0
0 0 932 0.950613 1.83371 0.230751 -0.123407 0 0
0 0 933 1.19266 0.290103 -0.176439 -0.118393 0 0
0 0 934 -0.337315 -0.467221 0.558534 0.367539 0 0
0 0 935 -1.63254 -0.853963 -1.62589 0.513382 0 0
0 0 936 -0.236483 -0.164687 -1.59653 0.515534 0 0
0 0 937 1.27925 -0.0737815 1.86305 -0.602062 0 0
0 0 938 0.630283 0.183488 -0.768111 -0.85636 0 0
0 0 939 -0.0292684 1.05758 -0.774143 0.242608 0 0
0 0 940 0.680747 0.189719 -0.52632 -0.180896 0 0
0 0 941 0.0442695 -0.129487 0.37597 -0.697399 0 0
0 0 942 -1.32405 0.330318 1.16093 -0.13519 0 0
0 0 943 -0.646945 -1.17045 0.190431 -0.683883 0 0
0 0 944 -0.779178 -0.531566 1.90328 0.00866027 0 0
0 0 945 1.35443 0.622361 0.332589 0.00159946 0 0
0 0 946 0.78657 0.408286 0.446473 -0.477282 0 0
0 0 947 1.01701 0.271493 -0.857963 1.3246 0 0
0 0 948 0.550213 -0.134237 -0.315666 -0.00430868 0 0
0 0 949 0.925083 -0.202212 0.769002 -0.714658 0 0
0 0 950 -0.0546119 0.189735 0.397136 0.201377 0 0
0 0 951 1.40808 1.76021 1.48047 0.943704 0 0
0 0 952 -0.668024 -0.375372 -0.108533 -0.858832 0 0
0 0 953 0.20317 1.93007 1.41776 0.292761 0 0
0 0 954 0.432443 -0.170188 0.103747 0.565707 0 0
0 0 955 -0.415659 0.289253 -0.721436 0.122147 0 0
0 0 956 0.754101 -0.169937 1.45516 -1.70719 0 0
0 0 957 0.951401 0.359522 -1.06961 -1.246 0 0
0 0 958 0.59071 -0.548385 -0.251292 -0.21435 0 0
0 0 959 0.629304 -2.03176 2.23753 0.275643 0 0
0 0 960 -0.142243 0.677186 0.14268 -0.966238 0 0
0 0 961 1.59833 -1.57833 -2.10108 0.363421 0 0
0 0 962 -0.331491 0.833635 -0.620837 2.086 0 0
0 0 963 0.696973 0.454707 0.187984 -0.441792 0 0
0 0 964 0.578559 -1.18657 0.442247 1.26681 0 0
0 0 965 1.728 -0.571113 1.02959 -0.19039 0 0
0 0 966 -0.0985253 1.69033 -0.538978 0.011529 0 0
0 0 967 -0.764104 0.198177 0.229221 0.313502 0 0
0 0 968 1.52219 1.51825 0.0627654 0.877623 0 0
0 0 969 -0.960612 1.07257 0.919641 0.347867 0 0
0 0 970 1.60512 -0.90914 0.83521 0.437356 0 0
0 0 971 0.440151 -0.751025 -0.873854 -0.145253 0 0
0 0 972 -0.142277 0.545578 -2.1574 -0.356009 0 0
0 0 973 0.299555 -1.08885 1.04886 -0.182503 0 0
0 0 974 -0.165786 0.710259 -0.454797 -1.15788 0 0
0 0 975 0.263737 0.280079 -1.90301 0.677758 0 0
0 0 976 0.309315 -0.205309 -0.0618953 2.11657 0 0
0 0 977 0.834755 -0.884902 0.368432 0.91663 0 0
0 0 978 0.200802 0.71479 0.511097 -0.780331 0 0
0 0 979 0.213928 -1.95665 -1.50432 0.245274 0 0
0 0 980 -0.240604 1.15775 -0.221637 0.0784786 0 0
0 0 981 -1.36202 -1.16593 -0.175837 1.3554 0 0
0 0 982 0.291283 -0.275175 1.22391 0.58474 0 0
0 0 983 1.58462 1.48392 -0.899057 0.223401 0 0
0 0 984 1.03678 0.00290924 0.252082 0.540331 0 0
0 0 985 1.18066 -0.422312 2.63846 -1.59414 0 0
0 0 986 2.71845 1.70865 -1.29618 0.918498 0 0
0 0 987 1.30071 0.149017 -0.75109 0.382831 0 0
0 0 988 0.265649 -0.239976 0.16012 0.959041 0 0
0 0 989 0.219387 -0.483488 -1.16915 -0.230074 0 0
0 0 990 -0.481572 0.0697609 -0.711057 -0.698851 0 0
0 0 991 -0.141378 -1.00894 -0.594775 2.7611 0 0
0 0 992 0.0186283 -1.75109 -1.33223 -0.0356931 0 0
0 0 993 -1.12943 0.352534 0.0765833 -0.276042 0 0
0 0 994 -1.12454 -0.562654 0.828184 0.332557 0 0
0 0 995 0.516403 -1.32192 0.958683 1.30953 0 0
0 0 996 -1.06759 0.300667 0.540803 0.447723 0 0
0 0 997 -0.203869 0.145336 -0.0988559 0.22204 0 0
0 0 998 0.131018 0.607452 -0.0987621 -0.625356 0 0
0 0 999 -0.996209 -0.804332 -0.180936 0.218546 0 0
0 0 1000 -0.238738 -0.391928 0.195848 -0.157593 0 0
0 0 1001 -0.829561 -0.165064 -0.533149 -0.244368 0 0
0 0 1002 0.75716 -0.485209 -0.311629 -0.923515 0 0
0 0 1003 -0.124384 -0.710812 0.18487 0.200771 0 0
0 0 1004 1.17476 0.951486 -0.449811 -1.56551 0 0
0 0 1005 0.212271 -0.550955 0.853094 1.02723 0 0
0 0 1006 1.24216 -1.38957 0.416944 -0.497818 0 0
0 0 1007 1.12792 1.30641 -0.0701094 -0.167273 0 0
0 0 1008 1.38875 0.368151 -1.16554 1.09376 0 0
0 0 1009 0.850464 -2.15783 1.62586 -0.00394284 0 0
0 0 1010 0.6791 -0.650792 -0.907349 -1.61836 0 0
0 0 1011 -0.859537 -0.285573 -1.35097 0.823941 0 0
0 0 1012 -1.40396 -0.184898 0.832944 -0.489957 0 0
0 0 1013 1.34232 -0.314923 -0.0338856 0.21307 0 0
0 0 1014 0.138414 -0.452562 -0.148379 -0.29971 0 0
0 0 1015 -0.0908363 -1.23375 1.8457 0.169284 0 0
0 0 1016 -0.0985852 0.810925 0.851972 -0.800808 0 0
0 0 1017 0.266105 1.43315 -0.991465 -0.845613 0 0
0 0 1018 -0.213964 -0.912584 -1.56143 1.81408 0 0
0 0 1019 -0.283737 -0.551355 -0.361698 0.46294 0 0
0 0 1020 -0.124337 0.650346 0.50288 -0.615536 0 0
0 0 1021 0.0274329 1.7674 -0.447055 -0.613117 0 0
0 0 1022 -0.267929 -0.848814 -1.84054 -0.347506 0 0
0 0 1023 0.958082 -2.17407 0.20517 0.96646 0 0
