# File: uwl_230320_193342_Combined.rf.sbG2.RMC_aux Src: J1713+0747 Nsub: 1 Nch: 1 Npol: 4 Nbin: 1024 RMS: 0.946267
0 0 0 0.575283 -0.72499 1.4731 -0.55464 0 0
0 0 1 0.0279629 -0.734991 -0.993061 0.422698 0 0
0 0 2 0.852599 0.462225 -0.594899 2.25358 0 0
0 0 3 -0.122654 0.397103 0.746344 1.5734 0 0
0 0 4 1.00227 0.137477 1.13527 0.508888 0 0
0 0 5 0.600945 1.13468 0.596176 0.339222 0 0
0 0 6 2.13929 -0.433226 0.312872 0.0848633 0 0
0 0 7 -0.193233 -1.88999 -0.824584 0.648924 0 0
0 0 8 0.203005 -1.16173 -0.107441 -1.60066 0 0
0 0 9 0.794221 -0.107854 0.349532 0.461968 0 0
0 0 10 0.351558 0.807241 -0.869295 -1.44779 0 0
0 0 11 3.21656 -0.506958 0.966884 -0.753082 0 0
0 0 12 0.362004 0.446281 1.27477 0.0630149 0 0
0 0 13 0.198134 0.639802 0.596377 -0.545908 0 0
0 0 14 -0.181884 -1.6514 2.0254 -1.68109 0 0
0 0 15 2.05864 -1.50136 -0.154446 -0.453055 0 0
0 0 16 0.749289 -1.31689 -0.610113 -0.712832 0 0
0 0 17 2.85551 -1.37436 -0.320921 0.397482 0 0
0 0 18 2.90773 0.952636 0.819065 0.814071 0 0
0 0 19 1.01151 1.45297 1.22355 -0.492737 0 0
0 0 20 2.85375 0.261539 -0.775547 -0.868083 0 0
0 0 21 1.76025 -0.661658 0.753054 0.339992 0 0
0 0 22 2.28447 -1.99196 0.759342 -0.0178523 0 0
0 0 23 0.482544 1.26978 2.01576 -0.514364 0 0
0 0 24 1.42584 0.202352 1.50687 0.368875 0 0
0 0 25 0.745209 -0.0489172 2.73424 -0.471694 0 0
0 0 26 0.425993 -0.0134196 1.87331 -1.29965 0 0
0 0 27 0.579804 -0.296086 1.75539 -1.41999 0 0
0 0 28 0.690945 -0.460096 0.349276 -0.235636 0 0
0 0 29 1.89038 -0.118486 -0.15134 -1.55947 0 0
0 0 30 2.29385 -0.265493 2.03484 0.633115 0 0
0 0 31 0.143359 -0.226007 0.755621 -1.44901 0 0
0 0 32 0.887285 -0.0425421 0.929956 -0.301833 0 0
0 0 33 0.766457 0.64437 -0.729675 0.298179 0 0
0 0 34 3.52868 -0.906848 -0.898731 0.825751 0 0
0 0 35 0.707369 -1.29829 1.37624 0.236209 0 0
0 0 36 -0.653652 -0.374105 1.29219 0.822566 0 0
0 0 37 1.95156 0.240448 0.444773 -0.505288 0 0
0 0 38 0.826966 -0.350714 0.091831 0.674955 0 0
0 0 39 0.100925 0.142193 0.63448 -0.0043989 0 0
0 0 40 1.19644 -0.67057 1.89261 0.486302 0 0
0 0 41 0.448384 0.339555 0.0601012 0.973212 0 0
0 0 42 0.578443 -0.649984 1.04648 -1.21034 0 0
0 0 43 2.20079 -0.469137 1.4339 -0.998042 0 0
0 0 44 0.292332 0.208583 0.913867 1.23687 0 0
0 0 45 1.95535 0.31764 1.33289 -0.128732 0 0
0 0 46 1.34885 -1.28951 0.0644912 -0.235861 0 0
0 0 47 -0.686055 0.689521 0.1753 0.660557 0 0
0 0 48 0.696711 -0.370855 1.70422 -0.182523 0 0
0 0 49 0.0308274 0.296522 1.6947 1.09715 0 0
0 0 50 1.05116 -1.06057 1.74225 0.0936657 0 0
0 0 51 -1.20189 -0.720847 1.82546 -0.845268 0 0
0 0 52 0.559178 -1.54557 0.928081 -0.109472 0 0
0 0 53 0.388013 -1.14004 1.51209 -0.647574 0 0
0 0 54 1.47094 0.201256 1.01977 -0.0935478 0 0
0 0 55 1.65675 -1.73894 0.723398 -0.308304 0 0
0 0 56 0.0131476 0.628021 0.746795 -0.619826 0 0
0 0 57 0.169337 -0.11275 0.939234 -0.19157 0 0
0 0 58 0.993946 0.3698 0.0126169 -2.23265 0 0
0 0 59 0.715055 0.784319 0.720606 -0.794985 0 0
0 0 60 0.637276 0.163276 -0.137685 0.101252 0 0
0 0 61 1.93527 -1.53244 -0.69179 0.700634 0 0
0 0 62 0.390284 -0.505437 0.665306 -0.870406 0 0
0 0 63 -0.864717 -0.424944 -0.645161 -1.26455 0 0
0 0 64 0.0432981 -0.597353 0.733021 -1.4024 0 0
0 0 65 0.65271 0.479024 0.821578 0.423528 0 0
0 0 66 0.708475 0.167213 -0.221664 -1.36984 0 0
0 0 67 0.62955 0.0296434 0.420293 -0.494793 0 0
0 0 68 0.113285 0.253764 -0.095562 0.122201 0 0
0 0 69 -0.930046 -1.20284 0.074541 0.296296 0 0
0 0 70 0.765977 -0.764438 -0.285954 0.0446893 0 0
0 0 71 1.64366 0.00249279 0.00117759 -0.698033 0 0
0 0 72 1.06795 0.255562 -0.976722 -0.589021 0 0
0 0 73 0.676567 -0.585099 0.530307 -0.895397 0 0
0 0 74 -0.216304 -0.220756 -0.937105 -0.590752 0 0
0 0 75 -1.0438 0.454713 -0.407424 -1.36598 0 0
0 0 76 -0.575856 1.03319 0.652973 -1.12053 0 0
0 0 77 -0.322884 1.00359 -0.583469 1.42905 0 0
0 0 78 0.710255 0.998711 -1.63819 0.156091 0 0
0 0 79 -0.776921 0.711605 0.0560066 -0.361856 0 0
0 0 80 0.880126 0.140229 0.351936 -1.50368 0 0
0 0 81 1.43558 -0.275417 -0.430049 -0.179663 0 0
0 0 82 0.576614 -1.2673 0.86161 -0.055086 0 0
0 0 83 0.246974 1.25823 0.836442 1.76192 0 0
0 0 84 1.15288 -0.345291 1.07162 -0.511138 0 0
0 0 85 0.798626 -0.190173 -0.675935 0.592708 0 0
0 0 86 -0.364704 -1.03695 -0.675779 0.0821026 0 0
0 0 87 2.10426 0.6134 0.603347 0.0587577 0 0
0 0 88 -0.161271 0.818077 0.559516 -0.310768 0 0
0 0 89 -0.293224 0.904371 -0.136984 -1.64277 0 0
0 0 90 0.0319277 -0.0292192 -0.227789 -0.709927 0 0
0 0 91 0.537593 0.263018 -2.00115 0.477486 0 0
0 0 92 1.91958 -0.667759 -0.388808 -0.829618 0 0
0 0 93 1.43472 -1.02965 1.32044 0.0530173 0 0
0 0 94 2.09016 0.0409511 0.305352 0.623202 0 0
0 0 95 0.29386 -0.693966 1.29153 -0.820143 0 0
0 0 96 0.0231387 0.0230859 1.05017 -0.769461 0 0
0 0 97 0.726101 1.87192 0.0619684 -0.598975 0 0
0 0 98 1.1377 -1.32612 -0.797593 -0.458309 0 0
0 0 99 0.186467 -1.18651 1.22998 -0.84433 0 0
0 0 100 0.158209 1.59027 1.03253 0.693871 0 0
0 0 101 1.66171 0.490425 -1.51593 -0.405992 0 0
0 0 102 -0.127487 -0.205127 -0.105963 -0.937593 0 0
0 0 103 -0.189098 -0.500313 -0.523383 0.139567 0 0
0 0 104 -1.04266 0.970056 0.488245 0.725833 0 0
0 0 105 -0.68606 -0.711615 -1.10869 -0.230356 0 0
0 0 106 0.222875 -0.375965 0.552015 0.468349 0 0
0 0 107 0.376398 0.497965 1.43173 0.200001 0 0
0 0 108 -0.00167563 0.210828 0.867852 -0.433358 0 0
0 0 109 0.0804744 0.472132 0.0828822 0.406912 0 0
0 0 110 0.575302 -0.396135 0.0577513 -1.79878 0 0
0 0 111 -2.01605 0.292012 -2.14259 -1.34387 0 0
0 0 112 0.170786 0.293908 -0.597091 0.738838 0 0
0 0 113 0.458035 -1.59995 1.40478 -1.72687 0 0
0 0 114 1.01167 -0.898425 -1.10153 0.412459 0 0
0 0 115 0.216404 1.45286 -0.173103 1.4512 0 0
0 0 116 1.18753 0.402143 -0.0589706 -0.578018 0 0
0 0 117 0.0671419 -0.610087 0.289767 -1.31347 0 0
0 0 118 -0.385371 -0.325406 0.113781 -0.812973 0 0
0 0 119 0.00621038 -0.212064 0.31709 -0.309059 0 0
0 0 120 2.44829 0.155348 -0.829033 -1.69364 0 0
0 0 121 -0.459885 0.806083 0.76035 -0.926362 0 0
0 0 122 -0.660715 -1.07438 -2.4104 2.27252 0 0
0 0 123 0.303068 -0.0410042 -0.26178 1.09681 0 0
0 0 124 1.06881 1.93552 -0.472332 -1.44389 0 0
0 0 125 -2.11613 -0.33055 1.55958 -0.239424 0 0
0 0 126 1.35499 1.37513 1.45096 -0.372372 0 0
0 0 127 -0.316857 0.922421 -0.297895 0.0862319 0 0
0 0 128 0.0943588 0.215049 0.200521 0.567567 0 0
0 0 129 -1.55056 0.275862 0.83645 -1.09234 0 0
0 0 130 1.05256 -0.950854 0.0565838 0.276685 0 0
0 0 131 -1.31726 -1.12149 -0.349567 -1.16781 0 0
0 0 132 0.0493392 0.0839261 -0.645471 0.518748 0 0
0 0 133 -0.692997 0.0797798 1.67218 -0.196052 0 0
0 0 134 -0.720968 -0.708922 0.241724 0.460262 0 0
0 0 135 -1.0723 -0.298265 -0.726558 -1.12937 0 0
0 0 136 0.0079965 -0.768012 0.513141 0.509801 0 0
0 0 137 0.779511 -0.195168 0.399839 0.242762 0 0
0 0 138 -0.822712 1.46885 -0.784416 0.202488 0 0
0 0 139 0.242325 -0.287635 -0.376375 0.33604 0 0
0 0 140 0.141952 0.726309 -0.498511 -1.06295 0 0
0 0 141 1.41998 0.286462 0.808354 -1.32658 0 0
0 0 142 -0.708542 0.733351 1.06757 0.581569 0 0
0 0 143 0.107595 0.184971 1.68563 -0.179076 0 0
0 0 144 -0.214693 0.465966 0.519217 0.411521 0 0
0 0 145 -0.0795255 -0.302598 0.0405485 -0.910079 0 0
0 0 146 0.879241 0.810856 0.796855 0.800512 0 0
0 0 147 -1.25913 0.600234 0.0776298 1.24213 0 0
0 0 148 0.471321 0.077957 0.921663 -0.403193 0 0
0 0 149 -0.327351 1.36906 1.27667 0.831307 0 0
0 0 150 -0.421403 0.712985 0.366863 1.23364 0 0
0 0 151 0.546188 0.584147 -0.988342 -0.444995 0 0
0 0 152 0.797009 -0.238117 -0.849854 1.28693 0 0
0 0 153 -0.463993 -0.854145 0.968562 -0.613962 0 0
0 0 154 -1.17055 1.37683 1.93465 -1.17159 0 0
0 0 155 1.22924 -0.73696 -1.54859 -0.18536 0 0
0 0 156 -0.432098 -1.01672 1.27134 -2.05469 0 0
0 0 157 0.737286 1.44005 -0.562372 0.0393761 0 0
0 0 158 1.33727 1.04613 -0.658063 0.0161182 0 0
0 0 159 -0.900426 -0.0539996 0.734995 0.77426 0 0
0 0 160 -0.229759 -0.0724346 1.79866 0.821131 0 0
0 0 161 -0.753048 1.82303 -0.771233 -0.363932 0 0
0 0 162 0.161513 -0.909574 0.514356 -0.604951 0 0
0 0 163 -0.915279 -0.639013 -0.927208 0.29071 0 0
0 0 164 -1.03617 -0.717422 -0.404657 0.632364 0 0
0 0 165 -0.117986 -0.0501281 0.685712 0.0546411 0 0
0 0 166 -0.977554 -1.81298 0.498289 -0.209872 0 0
0 0 167 0.0658071 -0.0256373 -0.49526 -0.887598 0 0
0 0 168 0.299579 0.37446 -1.1267 -2.17499 0 0
0 0 169 1.1783 -0.242296 0.437366 -0.000423071 0 0
0 0 170 0.732708 -0.751668 -0.684633 -0.467794 0 0
0 0 171 0.0951231 -1.44015 0.45053 0.612402 0 0
0 0 172 0.280415 0.271927 -0.541933 -0.295752 0 0
0 0 173 0.788632 -0.0219576 0.825495 1.76394 0 0
0 0 174 0.566854 -0.995132 0.526641 -0.144605 0 0
0 0 175 1.77988 -0.08021 0.489779 3.08491 0 0
0 0 176 -1.20437 0.180937 0.52572 1.31927 0 0
0 0 177 1.37807 1.4447 2.49368 0.157741 0 0
0 0 178 -1.11639 -0.395533 -0.0661129 0.318984 0 0
0 0 179 -1.52931 -1.33496 1.02724 -0.37973 0 0
0 0 180 0.652475 -0.0280483 -0.032192 -0.799246 0 0
0 0 181 1.11689 0.623507 -0.907472 0.0407766 0 0
0 0 182 0.772038 -0.0969173 1.5196 -0.379413 0 0
0 0 183 0.964897 -0.489636 -0.0699991 -0.0796483 0 0
0 0 184 -0.624572 -0.889171 0.0418562 -1.75204 0 0
0 0 185 -0.574743 0.517537 -0.141764 -2.82342 0 0
0 0 186 1.92877 2.11636 0.565758 0.487449 0 0
0 0 187 0.615573 -0.272424 0.192079 -0.249105 0 0
0 0 188 0.951079 0.225083 -1.05521 0.698832 0 0
0 0 189 0.758707 1.06464 0.0273653 0.997334 0 0
0 0 190 -0.904663 -0.126073 0.320088 1.35837 0 0
0 0 191 2.07348 0.714508 -1.18234 0.663826 0 0
0 0 192 -1.13901 -0.488014 1.61359 -0.733779 0 0
0 0 193 1.53499 -1.28087 -0.429972 0.857763 0 0
0 0 194 -0.98611 -0.721421 0.0260127 1.1504 0 0
0 0 195 -0.74367 0.21578 -0.125892 0.65508 0 0
0 0 196 -0.121659 0.360084 -0.325477 2.28392 0 0
0 0 197 0.685328 -0.338554 -1.21803 -1.75826 0 0
0 0 198 0.140949 0.362376 0.357724 1.2213 0 0
0 0 199 -0.673186 0.0330377 0.151324 -1.27795 0 0
0 0 200 0.283104 -0.931902 0.189247 -1.7817 0 0
0 0 201 0.596632 -0.101275 -0.599998 -1.58473 0 0
0 0 202 -0.17726 0.193084 -0.871039 -0.42767 0 0
0 0 203 -0.498692 -1.14057 0.91947 -0.912312 0 0
0 0 204 0.166049 0.803451 0.150769 -0.797327 0 0
0 0 205 0.394503 -0.576914 -0.717354 0.173197 0 0
0 0 206 -0.715329 0.0139428 -1.46346 0.174075 0 0
0 0 207 0.128479 1.25717 0.939506 0.704309 0 0
0 0 208 0.988047 0.376723 -0.332975 2.51953 0 0
0 0 209 0.0974296 -0.813964 -0.910695 -2.17205 0 0
0 0 210 0.639035 -1.12725 1.43043 -0.898978 0 0
0 0 211 -0.299839 -0.335906 1.00551 0.737647 0 0
0 0 212 1.13478 0.611543 0.315251 0.340279 0 0
0 0 213 0.264168 0.664637 -0.70104 -0.117049 0 0
0 0 214 1.32689 0.827822 0.152765 0.46022 0 0
0 0 215 0.672759 1.13594 -2.06523 1.28569 0 0
0 0 216 3.44147 1.03569 0.970006 0.533928 0 0
0 0 217 1.22668 0.385568 1.3928 0.496178 0 0
0 0 218 -0.222778 -0.655656 0.0754439 -0.532586 0 0
0 0 219 0.202489 0.918545 -0.0833559 0.572672 0 0
0 0 220 -0.169817 0.939562 -0.846723 -0.86892 0 0
0 0 221 0.25849 0.0556733 -0.428734 -1.06439 0 0
0 0 222 0.645817 -0.991981 0.799473 -0.630985 0 0
0 0 223 0.0957667 -0.273509 -0.327979 1.72716 0 0
0 0 224 0.952312 0.389596 0.221919 1.42147 0 0
0 0 225 0.460119 1.44747 -0.395939 -0.897094 0 0
0 0 226 1.04456 -0.60495 1.04538 0.214565 0 0
0 0 227 -0.150204 0.247926 -0.295902 1.66542 0 0
0 0 228 2.02228 -1.30541 0.321171 -1.60687 0 0
0 0 229 0.872798 1.32713 0.161917 -2.09408 0 0
0 0 230 0.882281 -0.917013 -0.294106 -0.230549 0 0
0 0 231 2.6503 -1.35251 0.110872 -0.84934 0 0
0 0 232 0.809622 0.947676 -0.474729 0.457658 0 0
0 0 233 0.287234 0.82946 -1.48697 1.62509 0 0
0 0 234 2.29224 0.226449 -0.532333 1.09184 0 0
0 0 235 0.00885965 0.463455 -1.21446 -0.732939 0 0
0 0 236 1.07956 -1.55311 1.85104 -0.148226 0 0
0 0 237 0.494446 -1.07711 -0.594653 0.17793 0 0
0 0 238 1.3563 -0.393304 0.0425728 1.01173 0 0
0 0 239 0.669291 1.65566 0.525026 -0.324504 0 0
0 0 240 -0.271434 -0.577493 0.188786 0.346239 0 0
0 0 241 0.854797 0.643995 0.0168209 1.22948 0 0
0 0 242 -0.377989 0.0150275 -0.193025 1.33677 0 0
0 0 243 0.236222 0.086631 -0.171147 -0.134225 0 0
0 0 244 0.686404 -0.0388361 0.517033 -0.525475 0 0
0 0 245 -0.591908 -0.835194 0.494707 -0.678071 0 0
0 0 246 1.76911 -1.05247 -0.827971 -0.210143 0 0
0 0 247 0.628913 -0.70495 0.177399 0.273135 0 0
0 0 248 0.528602 -0.0833169 -0.114316 0.354472 0 0
0 0 249 1.66279 1.29147 0.0322778 0.390173 0 0
0 0 250 0.515655 0.395044 -0.413428 -0.34755 0 0
0 0 251 -0.696666 -1.28082 0.211652 -0.0387829 0 0
0 0 252 1.65153 -0.059911 -0.0849403 -0.531939 0 0
0 0 253 -0.834718 -0.909844 1.25728 0.0290772 0 0
0 0 254 0.0525513 0.352861 -0.00231593 -0.402057 0 0
0 0 255 -0.0805375 -1.5373 0.0429513 -0.15761 0 0
0 0 256 1.54538 0.0272583 -1.91324 0.81268 0 0
0 0 257 0.552345 1.01541 -0.00149992 -1.69764 0 0
0 0 258 1.49812 0.770037 -0.389627 1.298 0 0
0 0 259 1.44567 0.111443 0.0149336 -0.560702 0 0
0 0 260 -0.088547 -2.06596 0.543256 0.531811 0 0
0 0 261 -0.27899 -0.461611 -0.129454 -0.591991 0 0
0 0 262 -0.107254 -0.478503 0.836242 -0.11146 0 0
0 0 263 0.0926867 -0.406216 0.299164 0.805539 0 0
0 0 264 -0.727044 -0.0123284 -0.201446 -0.124422 0 0
0 0 265 0.220091 -0.106169 0.243638 0.113779 0 0
0 0 266 0.129562 -0.426169 0.391357 0.52656 0 0
0 0 267 0.642601 -0.67931 0.120167 -0.472522 0 0
0 0 268 -0.681388 -0.662343 -0.0373567 -0.00549384 0 0
0 0 269 -0.00439773 -0.0665679 -0.0785492 -1.34203 0 0
0 0 270 1.93361 -0.695721 -0.49502 -1.1103 0 0
0 0 271 0.178002 0.208725 0.4685 0.911143 0 0
0 0 272 -1.55595 -1.39581 -0.118844 0.221785 0 0
0 0 273 -1.0972 -0.0677112 -1.00887 0.29501 0 0
0 0 274 0.884625 0.157585 0.707762 -0.970335 0 0
0 0 275 -0.359443 -0.737855 -0.445086 -0.412432 0 0
0 0 276 0.0830377 -0.244091 -1.20405 -1.42339 0 0
0 0 277 0.117623 -1.10321 -1.09829 -0.373413 0 0
0 0 278 -0.507281 0.0191261 0.502557 -0.425405 0 0
0 0 279 0.506703 1.74575 0.779427 0.340202 0 0
0 0 280 1.04408 0.475683 0.51069 0.0249599 0 0
0 0 281 0.581734 0.057454 0.495582 0.284497 0 0
0 0 282 0.655811 -1.0407 1.22234 -0.0969714 0 0
0 0 283 -0.476047 0.354015 -0.166409 1.19836 0 0
0 0 284 0.668977 0.837313 -0.52719 -0.586266 0 0
0 0 285 0.124071 0.934373 0.831651 -2.17071 0 0
0 0 286 -0.601906 0.587032 -1.72813 -0.0384892 0 0
0 0 287 -0.67895 -0.609526 0.942681 0.323518 0 0
0 0 288 0.822681 -0.129543 1.52824 -0.475803 0 0
0 0 289 0.427978 -0.0339054 0.508235 1.31937 0 0
0 0 290 -0.336237 0.56885 -0.759859 -0.114796 0 0
0 0 291 -0.140208 1.5757 -1.0223 1.44917 0 0
0 0 292 -0.385438 0.665239 -0.42086 0.458511 0 0
0 0 293 0.664012 -0.908997 0.5301 -0.583953 0 0
0 0 294 2.40669 -0.120716 -0.263758 -0.806811 0 0
0 0 295 0.259742 0.614405 0.408879 -1.46231 0 0
0 0 296 0.980838 0.19232 -0.975642 -0.136001 0 0
0 0 297 0.69463 2.93946 -0.879471 -1.55486 -8.32844 8.69383
0 0 298 0.432238 0.133025 -0.0275937 -0.202975 0 0
0 0 299 0.546892 2.18106 -0.359564 -0.203042 0 0
0 0 300 -0.765112 0.762182 -0.973943 -1.33049 0 0
0 0 301 -0.928795 0.156926 -0.318065 0.774369 0 0
0 0 302 1.12011 -0.161641 0.767291 -0.141903 0 0
0 0 303 0.185224 -0.561203 -0.822303 -0.399207 0 0
0 0 304 0.868685 0.138075 -1.2101 -0.016999 0 0
0 0 305 -0.362731 1.09498 0.143251 -1.18466 0 0
0 0 306 0.693317 0.713885 1.39398 0.177859 0 0
0 0 307 -0.67799 1.75291 -0.635858 1.38015 0 0
0 0 308 -0.479246 2.55198 0.673388 0.0790458 0 0
0 0 309 -0.321492 0.164379 0.330554 -0.25969 0 0
0 0 310 0.669661 0.413263 -0.407039 0.360137 0 0
0 0 311 0.145091 0.52227 0.861418 -0.584902 0 0
0 0 312 2.04988 -0.478839 1.00579 2.04272 0 0
0 0 313 -0.250699 -1.50773 1.00415 -0.677713 0 0
0 0 314 -0.439806 0.558494 0.860326 1.11263 0 0
0 0 315 -0.209079 1.0359 0.755706 -2.07309 0 0
0 0 316 -1.05614 1.42125 1.94877 0.98606 0 0
0 0 317 0.622351 -1.52636 -0.12342 1.10414 0 0
0 0 318 -0.349913 0.123223 -0.765075 1.08171 0 0
0 0 319 1.69466 0.175838 -1.10197 -0.820931 0 0
0 0 320 -0.0131781 -1.17611 -2.04304 -1.49906 0 0
0 0 321 1.76338 -0.634328 -0.263953 -0.115147 0 0
0 0 322 -2.71049 1.40203 -0.220557 -0.822448 0 0
0 0 323 1.91236 -1.16825 -1.00621 -1.13009 0 0
0 0 324 -0.74818 0.883514 0.976856 -0.0185877 0 0
0 0 325 0.913085 -1.21944 0.653776 -0.432873 0 0
0 0 326 1.9301 2.57199 0.775168 -0.206023 0 0
0 0 327 -0.136524 1.83946 0.642227 -0.465347 0 0
0 0 328 -1.37388 0.497812 0.556374 0.444014 0 0
0 0 329 1.00719 1.10064 -0.13662 1.03258 0 0
0 0 330 -0.293426 -0.516462 1.66371 1.06499 0 0
0 0 331 -0.205652 -1.01181 -0.748101 1.17726 0 0
0 0 332 -0.844462 1.81182 -0.649075 -0.439547 0 0
0 0 333 0.875362 1.02528 0.394991 1.11833 0 0
0 0 334 -0.437305 0.313164 -1.30111 -0.522617 0 0
0 0 335 0.859533 -0.197262 -2.04289 0.423744 0 0
0 0 336 -0.172574 2.85669 -0.71436 1.33685 0 0
0 0 337 0.250803 -0.0366917 0.19208 -0.117957 0 0
0 0 338 -0.118032 0.573912 -0.389709 -0.51836 0 0
0 0 339 0.806394 -0.0330025 -0.273525 0.436439 0 0
0 0 340 -1.28847 0.286667 0.0746345 0.519937 0 0
0 0 341 -0.945451 -1.14928 0.0823616 -0.472574 0 0
0 0 342 -1.1441 -0.467434 0.845133 -0.107321 0 0
0 0 343 1.1139 -0.911859 -0.779466 -1.55818 0 0
0 0 344 0.267567 -0.166479 0.257932 -0.933399 0 0
0 0 345 1.5089 -0.00682354 -1.02575 -0.762618 0 0
0 0 346 -0.700562 1.47027 0.981683 -0.452435 0 0
0 0 347 0.283753 0.518829 0.499756 -0.485932 0 0
0 0 348 -0.789667 -0.509317 -0.486544 -1.05857 0 0
0 0 349 -0.113396 -1.08513 -1.01724 -0.164646 0 0
0 0 350 0.880362 -1.0799 0.484889 0.57804 0 0
0 0 351 1.42685 -0.347735 -0.538611 -1.59827 0 0
0 0 352 0.493344 -0.969243 -0.808154 -0.667596 0 0
0 0 353 -1.38817 0.692923 0.155242 -0.633998 0 0
0 0 354 1.20752 0.304538 -0.325493 -0.436397 0 0
0 0 355 0.188455 -0.11871 0.0221502 -0.0409473 0 0
0 0 356 1.24208 0.751217 1.26394 -0.500045 0 0
0 0 357 -0.0389404 0.0386651 -1.32081 0.786534 0 0
0 0 358 0.640469 -0.553232 0.112852 0.376881 0 0
0 0 359 0.717157 -0.983797 0.607254 1.49861 0 0
0 0 360 0.649089 1.09518 -0.20717 -0.425744 0 0
0 0 361 0.657742 0.797994 0.632592 -0.467361 0 0
0 0 362 -0.267403 -1.15922 1.2054 -0.0538271 0 0
0 0 363 0.317101 -0.869991 -1.377 0.0208918 0 0
0 0 364 2.01186 -0.676225 0.397789 0.431575 0 0
0 0 365 -0.220523 -0.363446 1.25223 -0.623556 0 0
0 0 366 1.15487 -0.216526 -0.608863 -0.482471 0 0
0 0 367 -0.942066 0.428342 -0.588442 0.505804 0 0
0 0 368 -0.568799 0.574299 -1.45585 -0.807557 0 0
0 0 369 0.800405 0.617738 -0.966402 -0.773473 0 0
0 0 370 0.0589106 1.00354 0.382298 -1.44816 0 0
0 0 371 -1.01469 -0.129451 -0.500907 0.401069 0 0
0 0 372 0.693395 0.22626 -0.701219 -0.0622477 0 0
0 0 373 -0.155625 -1.16191 0.935099 0.467989 0 0
0 0 374 0.114152 1.01675 -0.259339 1.1504 0 0
0 0 375 -0.0642509 0.88244 0.948093 1.47073 0 0
0 0 376 1.49738 0.069348 0.303452 -0.356965 0 0
0 0 377 0.300743 -0.412653 1.07975 -0.206917 0 0
0 0 378 0.068531 0.340157 1.23302 -0.925846 0 0
0 0 379 -0.455393 1.36112 -1.20609 -0.643727 0 0
0 0 380 -1.28688 0.243475 -0.31152 -0.582702 0 0
0 0 381 -0.76508 -0.522486 -0.466597 -0.376643 0 0
0 0 382 0.534549 -0.647049 -0.479063 -0.740796 0 0
0 0 383 0.273309 -2.94082 1.13608 -0.0186031 79.4389 8.43629
0 0 384 0.612783 -0.0484025 0.176102 1.63702 0 0
0 0 385 1.7811 -0.787233 1.41815 -0.218137 0 0
0 0 386 -0.058579 -0.960756 -0.755097 -0.226058 0 0
0 0 387 -1.02019 -1.73271 -1.05805 -0.760647 0 0
0 0 388 -0.135271 0.835648 -1.20926 1.3219 0 0
0 0 389 0.262908 0.201679 -0.787991 0.0803112 0 0
0 0 390 0.67585 -0.628727 -0.389522 -0.448491 0 0
0 0 391 -0.327848 -0.941104 0.433587 -1.29007 0 0
0 0 392 1.36678 -1.38553 1.12786 -1.29371 0 0
0 0 393 -1.4871 0.250248 -1.51142 -0.216658 0 0
0 0 394 1.33862 -0.629628 0.485308 0.0990629 0 0
0 0 395 -0.232252 1.63085 0.0186849 -1.64869 0 0
0 0 396 1.09546 0.424572 -0.95263 -0.844358 0 0
0 0 397 0.983437 -0.260719 2.25718 1.23286 0 0
0 0 398 -0.572874 0.0502518 0.746677 -0.537733 0 0
0 0 399 1.82401 0.414066 0.838462 -0.722383 0 0
0 0 400 -1.3095 0.947501 -0.0933299 0.780259 0 0
0 0 401 1.49107 0.123196 1.35749 -1.10545 0 0
0 0 402 0.240818 0.718374 -0.0494105 0.537346 0 0
0 0 403 -0.194756 0.905476 -0.546493 0.561226 0 0
0 0 404 0.697721 -0.746094 -0.668092 1.59618 0 0
0 0 405 1.52347 -0.392798 0.828804 1.45695 0 0
0 0 406 -1.81042 -0.18767 0.282595 -0.886019 0 0
0 0 407 -0.0219276 0.663536 -0.950335 -0.966154 0 0
0 0 408 0.111641 -1.18109 0.64696 0.997973 0 0
0 0 409 -1.12876 -0.327395 -0.394663 -0.7047 0 0
0 0 410 0.188708 -1.47037 0.6916 2.03812 0 0
0 0 411 0.571764 -1.18766 -0.578752 0.0714754 0 0
0 0 412 0.0692999 -0.901655 -2.08507 -0.912723 0 0
0 0 413 0.36207 1.01225 -0.280452 1.12773 0 0
0 0 414 -1.02027 0.296467 0.972404 -1.96403 0 0
0 0 415 -0.294383 -0.924002 -1.10408 -0.438799 0 0
0 0 416 -1.22009 1.73122 0.15303 0.0469007 0 0
0 0 417 -1.43647 0.255223 0.114555 -0.425827 0 0
0 0 418 -0.213493 1.02218 -0.428727 -0.54267 0 0
0 0 419 0.263434 0.878776 -0.0781056 0.832735 0 0
0 0 420 0.663797 -0.0385573 -0.106838 -0.219691 0 0
0 0 421 -0.293182 -0.75053 2.06872 -0.251746 0 0
0 0 422 -0.144192 -0.745125 -0.686651 -0.979809 0 0
0 0 423 0.183283 0.0901319 -1.73714 -0.193401 0 0
0 0 424 -0.561702 0.346043 0.188737 0.976512 0 0
0 0 425 -1.56601 0.741179 -0.347435 0.357661 0 0
0 0 426 -2.01311 2.02489 2.58679 -1.68733 25.9734 7.84798
0 0 427 0.181895 -1.48623 -0.470885 -0.639364 0 0
0 0 428 1.40958 0.751628 0.861802 -1.34612 0 0
0 0 429 -0.442885 0.375875 0.505644 -0.992562 0 0
0 0 430 0.605279 0.882594 -0.0549197 -1.27583 0 0
0 0 431 0.217311 -1.09042 0.0852807 -0.594667 0 0
0 0 432 0.447623 -0.184747 0.0899322 0.422133 0 0
0 0 433 -1.14831 -0.373332 -0.169872 -0.644071 0 0
0 0 434 0.501851 -0.199324 -0.466583 -0.722425 0 0
0 0 435 -0.938268 -0.129628 0.302645 0.742602 0 0
0 0 436 -0.513624 -0.344819 -0.455454 -0.0309474 0 0
0 0 437 -0.721944 1.55429 1.44464 0.0276778 0 0
0 0 438 0.176652 0.629607 0.43867 -1.33208 0 0
0 0 439 1.23109 -0.812763 -0.806139 -0.458383 0 0
0 0 440 1.02637 -0.383883 -0.828246 -0.854458 0 0
0 0 441 -1.06659 -1.33388 -0.155815 0.641712 0 0
0 0 442 -0.585255 -0.498591 0.32656 1.51582 0 0
0 0 443 1.0832 -0.0241888 -0.620618 0.549164 0 0
0 0 444 0.513509 -0.0232873 -0.752657 0.603178 0 0
0 0 445 2.67361 -1.14824 0.945031 -0.665218 0 0
0 0 446 -0.0707685 -1.75449 -0.379472 -1.72234 0 0
0 0 447 1.14995 -0.658006 1.13257 -0.170845 0 0
0 0 448 0.0903884 -1.52438 -0.888463 1.8401 0 0
0 0 449 0.319472 -1.13427 1.50368 -0.395921 0 0
0 0 450 -0.542526 0.0079695 0.0913728 0.460818 0 0
0 0 451 -0.272582 0.366182 -0.242158 -0.993291 0 0
0 0 452 0.145158 -0.840297 -0.25439 1.11978 0 0
0 0 453 0.0875665 -1.17522 -2.68088 -0.311233 0 0
0 0 454 0.254024 0.564978 0.506381 1.13729 0 0
0 0 455 0.274898 1.76461 0.668224 -1.17816 0 0
0 0 456 0.635044 0.116274 -1.57847 -0.0500259 0 0
0 0 457 1.25564 -0.759297 -0.308849 -0.728267 0 0
0 0 458 1.24044 -0.240129 -1.08602 -0.16881 0 0
0 0 459 0.684426 1.20404 0.604307 0.559867 0 0
0 0 460 2.22345 0.124624 1.40188 -1.12504 0 0
0 0 461 -0.260557 0.260731 -0.216467 -0.209421 0 0
0 0 462 -0.846509 -0.189219 0.0606108 0.0760424 0 0
0 0 463 -1.44858 1.18228 0.0597383 0.211127 0 0
0 0 464 0.459644 -0.825478 1.56764 -0.146995 0 0
0 0 465 0.490909 1.09333 -0.453242 0.415983 0 0
0 0 466 0.537977 0.835433 0.369481 0.597403 0 0
0 0 467 -0.364307 0.980899 -0.944084 -0.410283 0 0
0 0 468 -0.795836 0.484266 1.02836 0.319111 0 0
0 0 469 -0.846897 -0.140852 -1.82227 0.91975 0 0
0 0 470 -1.40762 -1.00158 2.24826 0.320629 0 0
0 0 471 0.335419 0.228156 1.41753 1.30058 0 0
0 0 472 0.0217053 0.11666 -0.352915 -0.550262 0 0
0 0 473 -1.34695 -0.618238 -0.161804 0.117815 0 0
0 0 474 -0.246707 0.105441 2.00418 0.497362 0 0
0 0 475 1.70934 -0.773522 -0.162653 0.664024 0 0
0 0 476 0.994818 0.87648 0.908032 1.10954 0 0
0 0 477 -0.253318 -0.355958 -1.01379 -0.902337 0 0
0 0 478 -0.138762 0.489798 1.20987 -0.382619 0 0
0 0 479 -0.865621 1.61204 0.312099 1.83917 0 0
0 0 480 -0.248062 1.10916 0.595724 0.11139 0 0
0 0 481 -0.849488 0.751063 -0.402367 2.2557 0 0
0 0 482 1.36423 0.440847 -1.02609 -0.914862 0 0
0 0 483 2.36031 1.69605 -1.08731 -0.643845 0 0
0 0 484 0.380697 0.938368 -1.30111 1.61455 0 0
0 0 485 -0.894737 -0.209391 -0.321962 -0.449106 0 0
0 0 486 -2.27202 -0.113885 0.177678 0.246737 0 0
0 0 487 0.488952 -0.928314 -0.0345766 1.64723 0 0
0 0 488 -0.645938 0.189952 1.1591 0.908098 0 0
0 0 489 -0.340052 1.12001 -0.0389487 0.422083 0 0
0 0 490 0.109456 -1.93232 0.152557 -0.300394 0 0
0 0 491 0.780081 0.60465 -0.421811 -0.737221 0 0
0 0 492 -0.0923776 1.38915 -1.4327 -2.07615 0 0
0 0 493 -0.66737 1.90692 1.67752 -0.327168 0 0
0 0 494 -0.045539 -0.156995 0.1764 -1.16841 0 0
0 0 495 -0.19436 1.19284 -0.73794 -0.755262 0 0
0 0 496 1.19871 0.319878 -0.654225 0.694611 0 0
0 0 497 -0.355041 -0.923475 -0.30535 0.71151 0 0
0 0 498 -0.914632 0.496789 -0.792814 -0.850365 0 0
0 0 499 -0.887708 -0.425708 -0.637788 1.40965 0 0
0 0 500 1.61385 -0.297939 0.35531 -0.922867 0 0
0 0 501 -0.601299 0.372637 -0.260098 0.280872 0 0
0 0 502 -0.0109692 -0.651763 -0.378276 0.0378062 0 0
0 0 503 -2.60695 -0.493549 0.0802805 2.34974 0 0
0 0 504 1.81532 -0.500737 0.00516098 0.081838 0 0
0 0 505 -0.827519 -0.50463 -0.504797 0.91331 0 0
0 0 506 -0.271617 -0.803114 -1.15837 -0.636985 0 0
0 0 507 1.7965 0.3005 -0.216544 1.51391 0 0
0 0 508 0.238126 0.641084 0.56866 -0.371614 0 0
0 0 509 1.24806 1.26879 -0.455677 -0.036052 0 0
0 0 510 -0.471617 0.240141 -0.379522 1.03725 0 0
0 0 511 -0.641609 0.50886 0.954676 0.157094 0 0
0 0 512 -0.537318 1.26854 1.49135 -1.2774 0 0
0 0 513 -0.421496 0.919268 1.44396 -0.473222 0 0
0 0 514 0.571048 -0.413843 1.46788 1.00633 0 0
0 0 515 -0.162668 0.781407 -1.68311 0.151604 0 0
0 0 516 -0.748313 0.898745 0.998457 0.468206 0 0
0 0 517 0.217776 -1.30725 -0.367314 0.15906 0 0
0 0 518 0.987534 -1.11587 -0.214946 0.142861 0 0
0 0 519 -0.185536 -1.50939 0.546631 0.40303 0 0
0 0 520 -1.00569 0.0498085 1.15042 0.797035 0 0
0 0 521 -0.422946 0.296932 -0.428355 -0.239287 0 0
0 0 522 1.35051 0.0750776 -0.0817547 -0.135932 0 0
0 0 523 -0.296305 0.137323 -0.490221 -1.15013 0 0
0 0 524 -0.529176 0.0608737 0.0259442 -0.407465 0 0
0 0 525 -0.223391 0.22289 -0.699287 0.415485 0 0
0 0 526 -0.417867 -0.554655 2.29121 -0.444038 0 0
0 0 527 0.646659 -0.942199 -0.768197 -0.667533 0 0
0 0 528 0.305748 1.34805 -0.12241 -1.25458 0 0
0 0 529 -1.20713 -0.786904 -0.893584 -0.683385 0 0
0 0 530 -0.931507 -1.18675 0.574892 -0.40548 0 0
0 0 531 -0.484109 -0.998362 -0.820748 1.29192 0 0
0 0 532 -0.0921629 -0.913722 1.4288 -0.00348913 0 0
0 0 533 -0.666669 0.574812 -0.257404 0.629694 0 0
0 0 534 1.65528 0.00752825 -1.11642 -0.37867 0 0
0 0 535 0.878813 -2.13275 -1.1504 0.10726 0 0
0 0 536 0.616118 -0.520495 -0.338507 1.10638 0 0
0 0 537 -1.33172 1.22185 0.12845 -0.582968 0 0
0 0 538 -1.82645 0.217662 0.762678 1.36689 0 0
0 0 539 -0.591182 -0.0479617 0.945574 0.164861 0 0
0 0 540 -0.288944 -1.305 -0.521375 0.723337 0 0
0 0 541 -0.010616 0.0886793 0.746001 0.113076 0 0
0 0 542 0.628949 0.42026 0.497191 -0.581454 0 0
0 0 543 -0.455734 -0.371977 0.885044 -0.937833 0 0
0 0 544 0.0877655 -1.7985 1.28498 0.797752 0 0
0 0 545 1.43675 -0.315775 0.399253 0.351426 0 0
0 0 546 1.96933 0.616859 0.565964 -0.0216275 0 0
0 0 547 0.679962 0.0741153 0.752797 0.193719 0 0
0 0 548 0.325404 -0.411518 0.0461131 -0.212931 0 0
0 0 549 -0.511022 -0.969172 -0.63579 0.218321 0 0
0 0 550 1.40204 0.33889 -0.508289 -1.20845 0 0
0 0 551 0.496262 0.422907 -1.36405 1.16692 0 0
0 0 552 0.896899 0.521972 0.954768 -0.763667 0 0
0 0 553 0.800398 -0.17984 -0.859183 -0.0168788 0 0
0 0 554 -1.64679 0.846878 2.02422 0.0886674 0 0
0 0 555 -0.585957 0.216382 -0.745854 -2.01038 0 0
0 0 556 0.786568 -1.52291 1.2008 1.90095 0 0
0 0 557 0.82362 1.03916 1.32077 -0.644863 0 0
0 0 558 -0.723285 -1.42859 -0.24192 0.226863 0 0
0 0 559 1.04308 0.824489 0.114388 -0.873659 0 0
0 0 560 -0.971274 0.137856 0.0673283 0.59756 0 0
0 0 561 0.306446 -0.0330951 -0.712733 -1.3545 0 0
0 0 562 0.440047 1.11943 -0.148523 -1.06112 0 0
0 0 563 -0.261692 -0.192049 0.109452 -1.46074 0 0
0 0 564 0.231538 -0.176638 0.409968 0.236947 0 0
0 0 565 -0.689963 1.14635 0.482643 0.325065 0 0
0 0 566 0.577724 -1.65133 0.045432 -0.937881 0 0
0 0 567 1.11221 1.26649 0.596013 -1.0759 0 0
0 0 568 -1.0241 1.1182 1.10511 0.296051 0 0
0 0 569 0.160665 0.656959 0.21669 -1.50665 0 0
0 0 570 -0.456464 0.324902 1.10573 -0.833863 0 0
0 0 571 -0.356365 -0.864635 1.06975 -1.45568 0 0
0 0 572 0.762635 1.1229 0.260157 1.52899 0 0
0 0 573 0.207592 0.676475 1.17336 1.216 0 0
0 0 574 0.719174 -0.667961 -0.499445 -0.742931 0 0
0 0 575 -0.400898 1.21243 1.41158 -1.2304 0 0
0 0 576 1.53393 1.43498 -0.568267 1.32362 0 0
0 0 577 -0.715006 0.874579 -1.02707 -0.887222 0 0
0 0 578 0.72946 -1.02799 0.167663 0.589704 0 0
0 0 579 -0.83621 -0.34481 -0.656186 0.443882 0 0
0 0 580 -0.913345 0.669079 0.0442924 -1.17779 0 0
0 0 581 1.30115 0.941353 -1.397 1.07775 0 0
0 0 582 0.66358 1.58365 0.00593501 -0.380467 0 0
0 0 583 1.14472 -1.04963 1.00944 -1.66523 0 0
0 0 584 0.899502 0.830882 1.08883 -0.671207 0 0
0 0 585 0.694249 0.62481 -0.604953 -0.109094 0 0
0 0 586 0.18865 1.57212 -0.0697062 0.70415 0 0
0 0 587 -0.580868 0.909268 0.787919 1.84798 0 0
0 0 588 0.122846 1.20487 -0.00287241 0.865884 0 0
0 0 589 0.225763 0.206612 -0.809636 0.511068 0 0
0 0 590 -0.766464 0.52188 0.185545 2.00781 0 0
0 0 591 -0.961391 0.960918 0.220655 -0.512633 0 0
0 0 592 -0.0517763 0.628187 0.207973 0.212922 0 0
0 0 593 0.461152 1.08974 1.35883 0.903506 0 0
0 0 594 1.03813 0.0471226 0.803242 -0.20892 0 0
0 0 595 0.134027 -0.613332 -0.541769 0.0914773 0 0
0 0 596 2.43143 1.00158 0.598295 0.860219 0 0
0 0 597 0.236238 0.175114 0.090308 1.34867 0 0
0 0 598 -0.0962695 0.425776 -0.170616 0.71052 0 0
0 0 599 0.423098 0.476851 0.648771 0.668325 0 0
0 0 600 0.538697 0.0257371 0.487949 0.457747 0 0
0 0 601 -0.815912 0.605622 -0.143163 -0.716997 0 0
0 0 602 0.915561 0.556651 0.565475 1.54308 0 0
0 0 603 -0.0642488 0.0510478 -0.442984 0.129075 0 0
0 0 604 -0.115713 1.12319 -1.1209 0.531138 0 0
0 0 605 0.335681 -1.3574 1.72168 0.629642 0 0
0 0 606 -0.716911 0.111903 -0.318264 -0.186009 0 0
0 0 607 -1.22181 0.245982 -1.51111 0.423944 0 0
0 0 608 -1.46693 -0.803384 0.626293 0.845044 0 0
0 0 609 -0.436083 1.3147 -0.65515 -0.50596 0 0
0 0 610 -1.48771 -0.584951 -0.797471 0.450957 0 0
0 0 611 1.91715 1.05355 -1.48482 0.293279 0 0
0 0 612 0.296875 -0.422225 1.47324 0.771688 0 0
0 0 613 1.03742 -0.0958318 0.0679673 0.369866 0 0
0 0 614 -0.53956 -0.162288 0.592506 -0.151234 0 0
0 0 615 0.58271 0.568282 -0.00795649 -0.141059 0 0
0 0 616 -1.57482 -0.262134 0.349985 0.964029 0 0
0 0 617 1.22651 -2.16767 0.213679 -0.509614 0 0
0 0 618 -0.111158 -0.733462 1.14846 0.0824745 0 0
0 0 619 -1.70165 0.416102 1.9383 -0.341833 0 0
0 0 620 0.220793 -1.61827 1.24915 0.935261 0 0
0 0 621 0.283446 1.24583 0.918363 0.449927 0 0
0 0 622 -1.80881 1.39775 -1.20305 0.993148 0 0
0 0 623 -0.285496 -0.971526 1.00471 -1.64973 0 0
0 0 624 1.5754 0.101433 0.506324 -0.935089 0 0
0 0 625 0.969608 0.177057 1.95385 0.692993 0 0
0 0 626 0.0268322 0.157082 0.40533 2.20282 0 0
0 0 627 -0.644533 -0.370316 0.213735 0.871619 0 0
0 0 628 1.53172 -0.450139 -0.468971 0.170213 0 0
0 0 629 1.4674 0.654646 0.903179 1.0117 0 0
0 0 630 1.04308 -2.63693 1.58523 0.0974104 74.4936 8.57189
0 0 631 -0.728201 -1.19034 1.39723 1.54781 0 0
0 0 632 -1.38566 -0.426725 0.711981 0.80898 0 0
0 0 633 1.44421 -1.07833 -0.215451 0.379983 0 0
0 0 634 0.470325 0.93488 -0.252447 0.076793 0 0
0 0 635 1.15337 -0.0214192 0.964328 1.39666 0 0
0 0 636 0.812993 -0.623003 0.164426 -0.413251 0 0
0 0 637 -1.02972 0.600882 0.138245 0.612653 0 0
0 0 638 0.960491 0.46261 0.10854 -0.896597 0 0
0 0 639 1.84856 -1.48156 -0.335011 -0.926787 0 0
0 0 640 -0.197133 -0.0250243 -0.162574 0.80231 0 0
0 0 641 0.762527 -0.200766 -0.880032 1.66207 0 0
0 0 642 0.726684 -0.337389 0.0248605 -1.23333 0 0
0 0 643 -0.417576 0.994023 1.16641 -0.115466 0 0
0 0 644 -0.223191 0.759827 0.202439 -0.347761 0 0
0 0 645 -0.75343 -0.543948 1.52533 0.609889 0 0
0 0 646 -1.03432 0.206666 -0.205211 -2.43444 0 0
0 0 647 0.813214 1.1297 0.7944 -0.570359 0 0
0 0 648 1.93275 0.67122 1.20587 -0.250756 0 0
0 0 649 0.498457 -0.602567 2.17531 -0.286606 0 0
0 0 650 0.0749967 -0.108844 0.144268 0.225014 0 0
0 0 651 0.741256 -0.496469 -2.23102 -0.491904 0 0
0 0 652 -0.484644 -1.07219 0.656871 1.1066 0 0
0 0 653 0.804949 0.789749 0.428065 0.600529 0 0
0 0 654 0.871195 -0.60165 0.194013 0.317809 0 0
0 0 655 -0.455145 -0.492096 -1.18662 -0.178587 0 0
0 0 656 0.593373 -0.403806 0.129433 0.206653 0 0
0 0 657 -0.418616 0.607265 -0.895207 0.666916 0 0
0 0 658 -0.675045 0.172698 -0.915972 0.458044 0 0
0 0 659 1.99961 -0.337175 -1.06197 -0.0549608 0 0
0 0 660 0.745018 -1.50864 1.05365 -0.166987 0 0
0 0 661 0.900898 -1.56603 1.01175 1.32566 0 0
0 0 662 -0.508889 2.5062 0.0908889 -1.18967 0 0
0 0 663 -0.770532 0.668677 0.517777 1.03673 0 0
0 0 664 0.257281 -0.0355098 0.837809 -0.344441 0 0
0 0 665 1.6671 0.219895 -0.977526 0.348604 0 0
0 0 666 -0.471473 -0.210571 -0.641131 0.918647 0 0
0 0 667 -0.757699 -1.00721 1.16777 -0.0719585 0 0
0 0 668 0.30825 1.41003 0.990912 0.360368 0 0
0 0 669 0.24635 -0.460017 0.338287 0.0562378 0 0
0 0 670 -0.884333 1.38492 1.35436 -0.346647 0 0
0 0 671 -0.466488 -0.168902 0.355359 -1.1389 0 0
0 0 672 0.382812 0.809781 -0.39413 -0.225114 0 0
0 0 673 0.232735 0.214508 1.14147 -0.335892 0 0
0 0 674 0.836166 1.90677 0.0496233 -0.00283918 0 0
0 0 675 -0.275844 1.69439 1.1631 -1.18034 0 0
0 0 676 -0.676997 0.69521 -2.38273 0.296452 0 0
0 0 677 0.498258 0.233185 1.2729 -1.27722 0 0
0 0 678 1.19815 -0.978475 -1.57598 1.40636 0 0
0 0 679 0.324297 0.116879 0.0155233 -1.02685 0 0
0 0 680 -0.537814 -0.24514 0.639039 0.857723 0 0
0 0 681 -0.811027 -0.799307 -0.548669 0.779676 0 0
0 0 682 0.17238 0.508332 0.529941 1.24643 0 0
0 0 683 0.798051 -0.142956 0.245348 -0.542581 0 0
0 0 684 1.05944 1.40675 -0.0110105 -0.980537 0 0
0 0 685 -0.480066 -0.0332662 1.45774 0.319342 0 0
0 0 686 -1.12429 0.418193 0.852697 -0.458269 0 0
0 0 687 -1.12796 0.80719 -0.261531 0.335732 0 0
0 0 688 -0.208566 -0.805847 1.83199 -0.363785 0 0
0 0 689 0.98505 1.14485 -0.0766775 0.380636 0 0
0 0 690 0.840921 0.150266 -0.911642 -0.891836 0 0
0 0 691 -0.646885 0.258075 -0.460661 0.590335 0 0
0 0 692 -0.556191 -0.530757 -0.517465 -0.0833519 0 0
0 0 693 1.44783 0.371844 -0.326232 0.586877 0 0
0 0 694 1.13998 -0.985246 -0.102428 -0.668246 0 0
0 0 695 -0.0765609 0.0712816 0.138016 -0.337761 0 0
0 0 696 -1.30413 -0.0429147 0.394346 -0.231875 0 0
0 0 697 0.357346 0.242965 0.432962 0.889801 0 0
0 0 698 0.618015 0.0468295 0.639175 0.96605 0 0
0 0 699 2.1536 -0.104214 0.414807 -0.20349 0 0
0 0 700 1.04092 -0.314901 0.171408 0.653067 0 0
0 0 701 0.750244 0.208023 1.12212 -1.30409 0 0
0 0 702 -0.00437546 -1.00271 -0.306093 0.0535361 0 0
0 0 703 0.0619767 1.99031 -0.96857 -1.11822 0 0
0 0 704 -0.870662 -1.7129 -0.329703 0.111405 0 0
0 0 705 -0.696927 -0.211998 0.385903 0.934798 0 0
0 0 706 0.488574 0.795802 -0.579025 1.97887 0 0
0 0 707 -0.731044 0.058302 0.0503636 -0.438631 0 0
0 0 708 -0.608223 -0.301185 1.11429 0.0945509 0 0
0 0 709 0.632 -1.25765 1.83661 0.413421 0 0
0 0 710 0.0583817 -0.283001 1.51558 0.331254 0 0
0 0 711 -0.256104 -0.71234 -0.851087 1.41155 0 0
0 0 712 0.732849 -0.712177 -1.23845 0.0841041 0 0
0 0 713 0.14256 0.140793 -0.182639 0.359336 0 0
0 0 714 1.39384 -0.41567 0.337417 -0.49352 0 0
0 0 715 1.94636 0.109479 1.09391 -0.634557 0 0
0 0 716 -0.805565 0.11078 0.0142832 -1.28402 0 0
0 0 717 0.277195 0.67292 0.310216 0.902827 0 0
0 0 718 -0.0555434 0.707514 2.11066 0.115337 0 0
0 0 719 -0.526577 1.4305 -0.690533 0.270836 0 0
0 0 720 0.786024 -0.126539 -0.316879 0.651273 0 0
0 0 721 0.0116622 -0.285407 1.5855 -0.154586 0 0
0 0 722 -0.478546 -0.696613 -1.87173 0.341868 0 0
0 0 723 0.588915 0.974081 -0.0542765 -0.407362 0 0
0 0 724 -0.447546 0.369083 -0.740953 2.01612 0 0
0 0 725 -0.513144 -0.69388 2.46757 0.314695 0 0
0 0 726 1.33915 0.101143 -0.288718 -1.18765 0 0
0 0 727 -0.470843 0.285852 -1.42276 1.35032 0 0
0 0 728 0.418838 0.432032 -1.23195 -0.361608 0 0
0 0 729 0.493082 -0.462857 0.549201 0.970466 0 0
0 0 730 2.16269 0.230896 0.500902 -0.481795 0 0
0 0 731 -0.61796 1.81988 -0.79894 1.07393 0 0
0 0 732 1.05035 -0.346391 0.580356 -0.940188 0 0
0 0 733 -0.513165 -0.577487 0.0984525 0.132257 0 0
0 0 734 -1.12297 0.699661 0.121175 0.167578 0 0
0 0 735 0.798281 -0.310661 -2.94602 0.20071 0 0
0 0 736 0.119063 -0.112876 0.609961 0.880787 0 0
0 0 737 0.506968 0.65333 0.898064 -2.20185 0 0
0 0 738 -0.747814 -1.22941 -0.227123 0.477978 0 0
0 0 739 -0.590423 -0.579192 0.936077 -0.491707 0 0
0 0 740 0.376207 -1.72988 0.6891 -1.38908 0 0
0 0 741 1.53157 -1.30746 2.01099 -0.709227 0 0
0 0 742 0.298225 -0.794209 -0.321468 -0.0617494 0 0
0 0 743 1.00354 -1.88828 1.89071 -1.16476 0 0
0 0 744 -0.864549 0.106112 -0.0365822 0.0387429 0 0
0 0 745 -0.506233 -0.587937 0.338398 -0.457532 0 0
0 0 746 1.15288 -0.403497 0.0570177 -0.134089 0 0
0 0 747 0.874727 -1.14022 1.14224 -0.195487 0 0
0 0 748 -2.17024 -0.387779 -1.5344 -0.720791 0 0
0 0 749 -0.701601 0.921976 0.650257 0.863611 0 0
0 0 750 0.657293 -0.56948 0.44577 0.210711 0 0
0 0 751 0.0833734 -0.971376 0.536779 -1.23989 0 0
0 0 752 -0.946938 1.34406 0.0150461 -3.03315 0 0
0 0 753 0.0776123 -1.04535 0.217557 -1.68381 0 0
0 0 754 0.888363 0.549295 -0.770612 -0.41309 0 0
0 0 755 0.173772 0.709137 -0.0852452 0.905026 0 0
0 0 756 0.586787 0.232088 0.0308456 0.322585 0 0
0 0 757 -0.0926482 -0.278084 1.52782 -0.830597 0 0
0 0 758 -1.19126 -1.34555 0.376691 0.442175 0 0
0 0 759 0.897249 -0.517852 -0.778664 0.573935 0 0
0 0 760 0.619676 -0.916611 1.05722 -0.532823 0 0
0 0 761 0.244614 1.13207 -0.106631 -0.140029 0 0
0 0 762 0.315448 -0.898642 0.702151 0.0795486 0 0
0 0 763 -0.690488 -0.559654 -0.49883 -0.852742 0 0
0 0 764 -1.964 -0.265787 1.13057 0.101679 0 0
0 0 765 1.24452 1.11458 -0.0971187 1.17841 0 0
0 0 766 1.17341 1.90353 -1.54845 1.65026 0 0
0 0 767 -0.825261 0.691707 1.98717 0.154519 0 0
0 0 768 -0.579702 0.733534 1.18659 -0.952936 0 0
0 0 769 0.916452 0.780797 -0.845962 -0.856955 0 0
0 0 770 -0.294057 -0.485995 -0.266004 -0.436349 0 0
0 0 771 -0.315773 0.833097 1.20669 -0.735391 0 0
0 0 772 -0.90275 -0.401643 -0.834058 -1.14975 0 0
0 0 773 -0.36767 0.111206 -1.62007 -0.22763 0 0
0 0 774 0.103494 0.38405 0.951901 1.42334 0 0
0 0 775 -0.142096 -0.682988 -1.23258 1.12158 0 0
0 0 776 0.180028 0.858564 -0.587573 1.99526 0 0
0 0 777 0.487355 1.31269 -0.799595 -0.2657 0 0
0 0 778 0.294888 0.62708 1.20318 0.244398 0 0
0 0 779 1.04178 -0.637562 1.47466 0.286194 0 0
0 0 780 1.30727 -0.399229 -0.956692 -1.04613 0 0
0 0 781 -0.359625 0.504803 -0.649019 -0.479605 0 0
0 0 782 -1.47474 0.327816 0.784938 0.221274 0 0
0 0 783 -0.659987 0.303279 -0.334258 -0.468862 0 0
0 0 784 -1.15584 1.27073 2.15346 1.00693 0 0
0 0 785 -0.962615 -0.45117 0.683411 0.639169 0 0
0 0 786 -1.42131 1.55983 0.791264 1.57345 0 0
0 0 787 0.0190895 -0.317414 0.134101 0.578761 0 0
0 0 788 1.26348 0.228167 0.0849193 -0.694304 0 0
0 0 789 -0.535561 2.19844 1.16457 1.57031 0 0
0 0 790 -0.342861 0.783329 -0.684482 2.08367 0 0
0 0 791 0.00776201 -1.18656 -0.833342 0.480588 0 0
0 0 792 0.231772 0.770781 0.333081 -0.940745 0 0
0 0 793 -0.71079 0.507894 1.17272 -0.553455 0 0
0 0 794 0.0842583 -1.00232 -1.01344 -0.179099 0 0
0 0 795 0.615708 -0.467427 0.374435 -2.11543 0 0
0 0 796 -0.417501 -0.228608 -0.678405 2.05615 0 0
0 0 797 1.12908 0.0121707 0.0831282 -0.280404 0 0
0 0 798 1.14252 0.113544 -0.137545 0.286782 0 0
0 0 799 0.924386 -0.0340701 -0.404417 0.29449 0 0
0 0 800 0.201117 -0.0826234 0.675116 0.766778 0 0
0 0 801 0.643916 0.115351 -0.682839 0.472868 0 0
0 0 802 2.07604 -0.253883 0.249468 1.85051 0 0
0 0 803 -0.626957 0.0962944 -1.76314 0.715543 0 0
0 0 804 -1.02781 -1.24433 2.29356 0.258688 0 0
0 0 805 0.827048 -0.417267 0.815942 1.11315 0 0
0 0 806 0.709089 1.75943 -0.111263 0.518995 0 0
0 0 807 -0.880171 0.873172 1.85519 -1.04369 0 0
0 0 808 -0.305218 0.501945 -0.443516 -1.20976 0 0
0 0 809 0.212217 -1.62886 -0.0915101 -0.691227 0 0
0 0 810 -0.263409 0.74986 0.362689 0.953099 0 0
0 0 811 -0.771207 0.0303712 -0.579306 0.621848 0 0
0 0 812 0.865365 -0.538488 -0.421855 -0.795864 0 0
0 0 813 2.03973 -0.290731 -0.10401 -1.24444 0 0
0 0 814 0.976761 0.0858009 -0.0865593 -1.3264 0 0
0 0 815 -0.963274 0.789012 -2.6194 0.224984 0 0
0 0 816 -0.609479 -0.0935942 0.146096 -0.484053 0 0
0 0 817 0.529728 -0.647049 0.0715705 -1.67178 0 0
0 0 818 0.771235 -0.3841 -0.887878 -0.477139 0 0
0 0 819 -0.989572 0.481348 0.609606 -1.34322 0 0
0 0 820 -0.128367 0.52322 0.298695 0.517828 0 0
0 0 821 -0.921977 -0.301007 -0.482452 -0.0868701 0 0
0 0 822 0.816466 -0.0362538 -0.0363303 -0.668575 0 0
0 0 823 -0.576331 0.642966 -0.436357 0.551235 0 0
0 0 824 1.22268 -0.437114 -0.0811455 -1.52178 0 0
0 0 825 0.259799 -0.877146 1.42936 1.13017 0 0
0 0 826 0.991714 1.45999 -0.113132 -0.635774 0 0
0 0 827 -1.6007 1.0718 1.39527 -0.382222 0 0
0 0 828 0.415746 -0.0803005 -1.08856 -0.784411 0 0
0 0 829 -0.179234 -1.1136 -0.626296 0.7746 0 0
0 0 830 1.02225 0.490474 -0.408917 1.522 0 0
0 0 831 -0.143962 -1.01498 0.751086 0.424328 0 0
0 0 832 0.825176 0.460971 -1.30326 -0.420836 0 0
0 0 833 1.57979 0.679306 -0.801061 0.763081 0 0
0 0 834 2.01015 -0.0573577 -1.68835 0.133596 0 0
0 0 835 -0.0549985 0.820046 -0.46475 -1.20428 0 0
0 0 836 2.71083 0.836559 -2.94095 0.0716776 -37.0608 8.26147
0 0 837 2.46655 -0.738591 -1.84401 0.103724 0 0
0 0 838 1.15582 2.5402 -1.41117 1.31602 0 0
0 0 839 0.626729 -0.167939 -2.18626 -0.452705 0 0
0 0 840 1.79907 0.483663 0.395933 1.3562 0 0
0 0 841 0.61059 -1.94868 -1.89347 -0.223138 0 0
0 0 842 0.994079 1.16282 -2.70981 -0.562586 0 0
0 0 843 4.47474 1.75664 -2.0804 -0.566982 0 0
0 0 844 2.80135 1.62957 -1.60216 -0.0614888 0 0
0 0 845 4.3475 -0.340117 -2.24325 -0.777686 0 0
0 0 846 3.85465 -0.106493 -1.95861 -0.9591 0 0
0 0 847 4.32961 0.19661 -3.36734 0.775473 -43.3292 7.45222
0 0 848 2.83406 -0.754937 -3.06515 -0.333777 -51.9182 7.99238
0 0 849 4.29747 1.20306 -2.70452 -0.142187 0 0
0 0 850 6.05597 1.08433 -2.55459 0.311814 0 0
0 0 851 6.14435 1.93992 -3.42646 0.865693 -30.2416 6.48845
0 0 852 6.27811 -0.692858 -3.84084 -0.687759 -50.1129 6.45316
0 0 853 4.7568 0.696474 -1.31802 -0.43082 0 0
0 0 854 4.4537 -0.15576 -2.52015 -0.590391 0 0
0 0 855 4.91963 -0.490612 -3.26805 -0.177039 -49.2688 7.61624
0 0 856 5.00837 0.800617 -1.54627 1.16624 0 0
0 0 857 4.96515 1.53955 -2.48702 -0.473482 0 0
0 0 858 5.19873 -0.0123806 -2.99337 0.22403 0 0
0 0 859 4.60264 -1.02878 -2.26208 -0.357018 0 0
0 0 860 4.84777 -0.426869 -3.74593 -0.0560274 -48.2506 6.67163
0 0 861 4.63037 0.489493 -2.49034 -1.11331 0 0
0 0 862 5.60247 -0.186548 -3.07738 0.2032 -46.7345 8.15345
0 0 863 4.24253 1.33564 -4.18729 0.523578 -36.1543 5.7542
0 0 864 3.40329 -0.681787 -0.00447154 2.64963 0 0
0 0 865 3.60565 -0.80574 -1.9179 0.0904341 0 0
0 0 866 3.3662 0.665637 -2.29464 -0.754735 0 0
0 0 867 2.64661 1.13853 -2.23382 0.843245 0 0
0 0 868 3.31518 0.73029 -1.34768 -0.0947595 0 0
0 0 869 3.94121 -0.531145 -2.05514 1.14161 0 0
0 0 870 3.07773 0.284011 -2.90624 -1.57873 0 0
0 0 871 3.24624 -0.226617 -1.83848 -0.893643 0 0
0 0 872 2.71452 -0.826442 -3.0597 -0.792972 -52.5576 7.96649
0 0 873 2.16351 0.328431 -4.52319 1.33165 -42.9235 5.54345
0 0 874 3.27065 0.0633334 -0.452611 0.510607 0 0
0 0 875 3.38276 1.17381 -3.00767 -0.767432 -34.3404 7.85451
0 0 876 2.71216 0.411431 -1.03871 0.355156 0 0
0 0 877 4.19099 0.793975 -3.96725 -0.300855 -39.3414 6.22793
0 0 878 3.82022 1.51148 -1.97512 0.518224 0 0
0 0 879 4.47261 0.848646 -4.48914 -0.893915 -39.6474 5.51383
0 0 880 4.37918 -0.344672 -4.38069 3.04687 -47.2494 5.72152
0 0 881 5.23511 2.95239 -3.19106 0.439488 -23.6124 5.96181
0 0 882 5.39373 0.00277185 -4.8291 0.741595 -44.9836 5.20408
0 0 883 2.28435 -0.0606654 -2.5332 1.71529 0 0
0 0 884 3.91631 0.145012 -3.44766 -0.348627 -43.7957 7.28374
0 0 885 4.03562 0.412618 -5.91614 1.65767 -43.0052 4.23899
0 0 886 5.53069 -0.747267 -5.59744 -0.287293 -48.8021 4.45562
0 0 887 6.72687 0.124616 -5.3967 0.781642 -44.3386 4.65567
0 0 888 4.96229 0.515225 -4.67475 -1.01574 -41.8553 5.34797
0 0 889 6.77062 0.516313 -3.80954 0.919266 -41.1408 6.54522
0 0 890 5.76762 1.15773 -7.70424 0.507901 -40.727 3.23066
0 0 891 5.81483 0.917574 -7.99701 0.522689 -41.7273 3.12486
0 0 892 7.34581 -0.704829 -6.38945 1.65718 -48.1475 3.91273
0 0 893 8.40602 -1.20501 -7.22615 -0.173453 -49.7337 3.43681
0 0 894 7.44055 -0.391014 -7.42415 0.236499 -46.5074 3.38099
0 0 895 8.48692 -0.768909 -7.18795 -2.55528 -48.0529 3.47915
0 0 896 8.29979 0.0957499 -8.92689 -1.03932 -44.6927 2.81506
0 0 897 9.16117 0.78441 -7.95586 0.616867 -42.1846 3.14565
0 0 898 9.69872 0.204429 -6.74497 -1.09552 -44.132 3.72442
0 0 899 9.21245 -0.162023 -8.28465 -0.210257 -45.5602 3.03294
0 0 900 10.0598 -0.427386 -10.2407 -1.30703 -46.1949 2.45219
0 0 901 10.1624 1.70666 -8.65599 -0.119197 -39.4232 2.85581
0 0 902 8.83479 -0.640014 -7.18982 0.162551 -47.5434 3.48348
0 0 903 9.56088 -0.768475 -7.23805 -0.432486 -48.0302 3.45532
0 0 904 9.57039 -0.523831 -7.74778 0.102664 -46.934 3.23727
0 0 905 9.26382 -0.740396 -6.7607 -0.885895 -48.1249 3.69814
0 0 906 10.8793 -1.40955 -7.21313 -1.00897 -50.5286 3.42805
0 0 907 8.21658 1.56696 -6.23909 -1.29759 -37.9508 3.92262
0 0 908 9.1181 0.516948 -5.67759 0.267837 -42.3988 4.41062
0 0 909 9.4908 -1.04169 -4.44314 -1.05302 -51.5974 5.52657
0 0 910 8.71664 -0.439682 -3.75919 2.33729 -48.3356 6.64613
0 0 911 9.01548 0.614086 -4.64713 0.0247543 -41.2362 5.36759
0 0 912 9.67891 0.586369 -4.02711 -1.04908 -40.8578 6.18417
0 0 913 11.1984 -1.133 -4.34331 1.11343 -52.3102 5.62333
0 0 914 12.4008 -0.145742 -3.80396 -0.991533 -46.0971 6.60236
0 0 915 11.8865 -0.673646 -3.00874 0.18596 -51.3101 8.17766
0 0 916 12.7454 -0.100376 -1.27329 0.833317 0 0
0 0 917 14.9282 -1.25898 -2.62734 -1.32679 0 0
0 0 918 16.7294 0.723656 -1.91696 -1.22401 0 0
0 0 919 20.1136 -0.043148 -1.30552 -0.451429 0 0
0 0 920 24.4685 0.611142 -1.23535 1.06804 0 0
0 0 921 25.3068 1.50474 1.02047 2.27882 0 0
0 0 922 30.1736 1.69171 2.05362 0.675039 0 0
0 0 923 37.4707 2.24982 7.44476 -0.649998 36.5925 3.24993
0 0 924 41.9838 3.76894 8.56497 0.137069 33.1243 2.71552
0 0 925 49.2787 2.02938 12.2656 -0.82586 40.3027 2.02513
0 0 926 58.3461 2.67684 12.8927 -1.86266 39.1353 1.91397
0 0 927 64.6305 4.91718 18.1868 -2.62 37.4353 1.34018
0 0 928 71.0203 5.15257 22.9967 -1.88543 38.6855 1.06988
0 0 929 75.8002 5.70433 23.7182 -1.96351 38.2385 1.03407
0 0 930 79.3049 6.80931 26.5985 -2.68162 37.8202 0.919186
0 0 931 80.1588 5.99921 29.8194 -1.84643 39.3124 0.828432
0 0 932 83.3408 6.95345 29.3362 -1.92481 38.3327 0.836612
0 0 933 80.5873 5.05504 27.951 -0.710806 39.8743 0.886687
0 0 934 79.8701 4.94593 27.0498 0.475038 39.8191 0.91595
0 0 935 75.5576 4.89586 24.9093 0.267938 39.4402 0.992498
0 0 936 71.4401 3.76689 22.0605 0.48662 40.155 1.12512
0 0 937 67.0065 4.29069 19.4916 0.343323 38.7927 1.26318
0 0 938 63.7169 4.67314 19.9127 0.791366 38.3964 1.23309
0 0 939 59.3326 4.38501 14.953 1.41698 36.828 1.62154
0 0 940 54.7305 3.91588 14.224 1.39403 37.3039 1.71169
0 0 941 52.4564 3.50315 12.6258 2.06027 37.2464 1.92742
0 0 942 49.6302 2.59076 10.4377 1.26236 38.0302 2.34613
0 0 943 46.6633 3.33508 10.6311 3.16396 36.2914 2.26943
0 0 944 43.0216 2.38351 9.13349 0.969262 37.687 2.67404
0 0 945 41.1888 2.36207 6.7219 0.947348 35.3193 3.55388
0 0 946 38.9708 1.2046 4.62382 1.66984 37.6989 5.28257
0 0 947 36.743 1.66207 5.73882 1.81976 36.924 4.22866
0 0 948 35.6129 2.50814 3.96792 -0.486772 28.8514 5.45807
0 0 949 33.4388 -0.877251 2.60674 0.0314621 0 0
0 0 950 33.5858 2.73699 2.35368 -0.0700508 20.347 7.23258
0 0 951 32.6165 1.67843 1.63317 -0.132554 0 0
0 0 952 30.1363 1.65655 1.95902 -0.243557 0 0
0 0 953 28.4923 1.20579 1.12452 -1.30743 0 0
0 0 954 28.1707 0.218518 -0.109196 -0.404411 0 0
0 0 955 26.7973 0.863523 2.37357 -0.759744 0 0
0 0 956 25.0829 -0.221089 0.187668 -1.41661 0 0
0 0 957 26.4461 1.20166 1.49195 -1.41559 0 0
0 0 958 24.4315 -0.846679 1.28212 -0.944916 0 0
0 0 959 21.0039 1.42196 -0.693677 -0.834282 0 0
0 0 960 22.8518 0.142534 0.485649 -1.49439 0 0
0 0 961 21.0682 -1.58465 -0.0500145 -1.28615 0 0
0 0 962 18.9579 0.150236 -0.67203 -0.755117 0 0
0 0 963 20.0826 -2.09068 0.252906 -0.954576 0 0
0 0 964 16.7326 0.0100756 -0.496794 0.900299 0 0
0 0 965 19.093 -0.866671 -1.30987 -1.78046 0 0
0 0 966 16.7487 -1.03544 0.512053 -1.15242 0 0
0 0 967 15.1482 -2.48118 -0.106507 -0.662108 0 0
0 0 968 14.4671 -0.822132 -1.60197 -1.49811 0 0
0 0 969 14.8649 -1.6246 -0.171354 -2.17884 0 0
0 0 970 13.4436 -0.143531 -0.594687 -1.45585 0 0
0 0 971 11.6451 -1.40797 1.4338 -1.07649 0 0
0 0 972 11.184 -1.22134 -0.43665 -1.92458 0 0
0 0 973 11.8685 -0.446749 -0.793199 -0.258859 0 0
0 0 974 10.0347 -2.29171 -1.32581 -0.643784 0 0
0 0 975 8.92271 -1.05223 0.15365 -1.70486 0 0
0 0 976 8.37134 -0.0727973 0.301018 -1.15233 0 0
0 0 977 7.98161 -1.82357 1.22717 -0.759157 0 0
0 0 978 7.35548 -1.7373 -0.160726 -2.15682 0 0
0 0 979 7.18117 -0.317377 2.0591 -0.966939 0 0
0 0 980 7.9791 -2.57167 -0.0499869 -0.998958 0 0
0 0 981 6.71027 0.2083 -1.18099 -1.01568 0 0
0 0 982 6.30519 -0.57283 -0.410809 -1.34416 0 0
0 0 983 5.11771 -2.11028 -0.422088 -1.23022 0 0
0 0 984 4.62893 -2.08123 0.732914 -0.279851 0 0
0 0 985 5.08337 -1.08225 0.781825 0.924681 0 0
0 0 986 4.21377 -1.17887 -0.107443 0.893133 0 0
0 0 987 5.48846 0.946106 -0.510052 -0.0773269 0 0
0 0 988 4.13782 -0.407108 0.433139 -1.77291 0 0
0 0 989 4.74546 -1.35156 -1.60927 -1.62368 0 0
0 0 990 3.58709 0.395306 -0.816533 -2.35653 0 0
0 0 991 3.27488 0.12308 1.01505 -1.62435 0 0
0 0 992 4.893 -0.876069 -0.549365 -0.400546 0 0
0 0 993 3.24134 -2.7981 -0.236133 0.65089 0 0
0 0 994 1.67408 -0.430472 -0.176908 1.6166 0 0
0 0 995 4.19504 0.454073 0.110166 -1.35751 0 0
0 0 996 1.04934 -0.234255 1.52985 -0.218019 0 0
0 0 997 1.41866 -0.335911 -0.707935 0.245314 0 0
0 0 998 2.96791 -0.681762 0.285316 -0.298992 0 0
0 0 999 2.48032 -1.64941 -1.00858 -1.70967 0 0
0 0 1000 0.675209 -1.20436 0.338989 0.743825 0 0
0 0 1001 3.10506 -0.425883 -0.254968 0.16538 0 0
0 0 1002 1.17059 -1.21979 1.2422 0.906143 0 0
0 0 1003 1.04155 -1.98655 0.35632 -0.184211 0 0
0 0 1004 1.56964 -0.0934424 -0.289265 1.26601 0 0
0 0 1005 1.36431 -1.09648 -1.86558 -1.49588 0 0
0 0 1006 1.12594 1.48394 0.158239 -2.10737 0 0
0 0 1007 0.249739 -1.12547 -0.180946 -0.210323 0 0
0 0 1008 2.08095 -0.871104 0.266036 0.605561 0 0
0 0 1009 1.38428 -0.0930637 0.0262364 -0.645055 0 0
0 0 1010 1.45202 0.0306444 -0.265612 0.482678 0 0
0 0 1011 1.9435 1.41861 -1.56452 -0.799718 0 0
0 0 1012 -0.679833 -0.892512 0.458749 -0.102762 0 0
0 0 1013 0.354474 -0.449781 1.03291 -0.0581991 0 0
0 0 1014 -0.289404 0.0374123 -0.499289 -0.265856 0 0
0 0 1015 0.709691 -0.113662 -0.340513 0.541264 0 0
0 0 1016 0.715938 0.659114 0.116744 0.655923 0 0
0 0 1017 0.903596 -0.788306 1.24585 -1.99212 0 0
0 0 1018 1.09974 1.06787 0.176064 -0.584644 0 0
0 0 1019 0.673221 0.669838 -1.78672 0.836096 0 0
0 0 1020 0.628338 -0.0379294 0.148685 1.16323 0 0
0 0 1021 1.16634 -0.907107 -0.729511 -1.9398 0 0
0 0 1022 -1.36972 0.300666 1.52334 -0.861675 0 0
0 0 1023 0.192535 1.93378 0.969951 1.26717 0 0
