# File: uwl_190717_112053_b4.rf.sbG2.RMC_aux Src: J1713+0747 Nsub: 1 Nch: 1 Npol: 4 Nbin: 1024 RMS: 0.871802
0 0 0 2.21813 -0.841126 0.99312 1.17009 0 0
0 0 1 -1.14196 0.405707 1.05394 0.0542556 0 0
0 0 2 -0.663226 -0.0225144 0.0680491 0.218221 0 0
0 0 3 0.896259 -0.904854 -0.690907 -0.890986 0 0
0 0 4 0.579635 0.288866 0.288464 -0.53818 0 0
0 0 5 1.09776 0.307824 -0.0765485 -0.60598 0 0
0 0 6 -1.29331 -0.135292 0.415785 0.257823 0 0
0 0 7 1.43978 -0.586945 0.627929 -0.674243 0 0
0 0 8 0.618558 0.954298 0.686198 0.125374 0 0
0 0 9 0.0832209 -0.462729 -0.137902 -0.41111 0 0
0 0 10 0.143246 1.33894 0.0245137 1.0296 0 0
0 0 11 1.07808 -0.100904 0.264715 1.44491 0 0
0 0 12 0.318002 -0.68172 0.558523 0.820021 0 0
0 0 13 -0.985197 -0.747929 -0.558695 -1.1474 0 0
0 0 14 -0.191318 1.85267 0.936807 -0.328385 0 0
0 0 15 -0.550581 0.190607 0.306823 0.234445 0 0
0 0 16 1.25497 0.612333 0.268877 -1.36502 0 0
0 0 17 1.92917 0.414215 -0.158373 0.386529 0 0
0 0 18 -0.0182801 1.40283 0.272728 -1.46872 0 0
0 0 19 -0.544271 -0.856784 0.504808 1.07807 0 0
0 0 20 -0.0329374 0.389907 0.280241 -0.619681 0 0
0 0 21 -0.466527 0.00177091 -0.91225 0.794719 0 0
0 0 22 0.0663005 -0.846321 -0.18887 2.17741 0 0
0 0 23 -1.31795 -0.855893 -0.669838 1.19249 0 0
0 0 24 -0.566178 1.39486 -0.537613 -0.440724 0 0
0 0 25 -0.812356 -0.158259 1.14383 1.84001 0 0
0 0 26 0.920603 0.184718 0.549997 -1.04509 0 0
0 0 27 -1.35617 -0.602099 0.0757861 0.858693 0 0
0 0 28 -0.99363 -0.440531 0.414347 0.941596 0 0
0 0 29 -0.0860767 0.914031 0.483859 1.25207 0 0
0 0 30 -0.371179 -0.688041 0.479936 3.09965 0 0
0 0 31 1.1171 0.298385 -1.01312 -0.597256 0 0
0 0 32 0.577315 -0.690097 -1.07051 -0.378305 0 0
0 0 33 -0.175067 -0.61527 1.87294 -0.113637 0 0
0 0 34 0.753705 1.01301 1.25079 -0.255226 0 0
0 0 35 0.499434 -0.567364 -0.458335 -0.227388 0 0
0 0 36 -0.468568 -0.0859642 -1.43765 -0.0166447 0 0
0 0 37 1.32444 -0.0139653 -0.765426 0.181143 0 0
0 0 38 0.401168 -0.615742 -0.163232 -0.457839 0 0
0 0 39 -0.95608 -1.13403 0.315431 -0.723431 0 0
0 0 40 0.258828 0.12998 -0.0302566 -1.26316 0 0
0 0 41 0.138498 -0.0610424 0.638821 0.148622 0 0
0 0 42 -1.40459 0.826416 0.874882 0.00986575 0 0
0 0 43 1.9916 1.93198 -0.501153 0.573289 0 0
0 0 44 0.10146 -0.936351 1.16189 0.593699 0 0
0 0 45 1.48369 0.234709 -0.361536 -0.204379 0 0
0 0 46 -0.252902 1.06468 0.564536 0.882825 0 0
0 0 47 -0.0599659 0.681202 -1.01497 0.576216 0 0
0 0 48 0.491719 0.242188 -2.53083 -2.19018 0 0
0 0 49 0.43805 -0.132222 -0.621971 -0.17672 0 0
0 0 50 0.45707 -0.476314 0.0693396 0.568111 0 0
0 0 51 1.07459 -1.86237 0.212136 0.328267 0 0
0 0 52 0.498891 0.209933 -0.220737 1.33557 0 0
0 0 53 -1.31622 -1.1441 0.321836 0.399936 0 0
0 0 54 -0.579087 0.0106979 0.708799 -0.523849 0 0
0 0 55 0.319123 0.0244716 0.43957 0.123804 0 0
0 0 56 -0.0550399 -1.51833 -0.772973 -0.191726 0 0
0 0 57 -0.525841 -1.2039 0.0209965 0.277784 0 0
0 0 58 -0.00292683 -0.690045 -1.40362 0.632264 0 0
0 0 59 0.490382 -0.41808 -1.23283 0.560272 0 0
0 0 60 0.281699 -0.0265869 -0.578852 -0.551984 0 0
0 0 61 0.645614 1.13557 0.859102 -0.957802 0 0
0 0 62 0.0813748 0.992698 0.254071 0.170436 0 0
0 0 63 1.39062 -0.134169 -1.00114 -1.4185 0 0
0 0 64 -0.279548 0.461593 1.89752 0.0976991 0 0
0 0 65 0.319974 0.0589638 -0.0242625 -0.0919182 0 0
0 0 66 1.25966 0.552244 -1.34365 0.362276 0 0
0 0 67 0.174874 1.1495 -1.24256 0.560526 0 0
0 0 68 -0.121503 0.370999 0.596285 -1.56263 0 0
0 0 69 -0.324585 -0.159398 -0.900304 0.0727371 0 0
0 0 70 -0.159575 0.957026 0.699795 0.23717 0 0
0 0 71 -0.205042 -0.384317 -0.379586 -0.819595 0 0
0 0 72 0.310247 1.03423 -0.891199 -0.983675 0 0
0 0 73 0.441944 -0.184852 -1.52334 0.579849 0 0
0 0 74 0.205184 -0.0388648 -1.1143 0.555942 0 0
0 0 75 2.38607 -0.0776786 -1.05211 0.954745 0 0
0 0 76 1.72073 -1.44107 -1.00813 0.726537 0 0
0 0 77 0.381346 0.0627287 -1.60556 -0.569165 0 0
0 0 78 2.50233 1.45592 -2.28634 -0.288587 0 0
0 0 79 3.92997 0.665194 -2.26109 0.351233 0 0
0 0 80 3.63355 -0.0410213 -1.12417 -0.643459 0 0
0 0 81 4.43541 0.712038 -2.0509 0.253745 0 0
0 0 82 5.96399 0.562179 -1.90347 0.274766 0 0
0 0 83 4.30019 1.69215 -0.882866 0.256933 0 0
0 0 84 5.8946 0.452518 -5.21228 -0.827998 -42.5191 4.38777
0 0 85 4.67516 0.880122 -3.6437 0.202293 -38.2103 6.18003
0 0 86 7.54908 0.947672 -3.82802 0.0463796 -38.0476 5.87721
0 0 87 6.99997 3.20143 -4.42831 0.590805 -27.0675 4.46417
0 0 88 9.1312 0.0633602 -4.85349 0.314445 -44.626 4.72281
0 0 89 8.55455 0.613183 -6.07319 0.0842971 -42.1173 3.76272
0 0 90 9.64361 0.988246 -6.84821 -0.955431 -40.8942 3.32603
0 0 91 11.5538 0.88194 -6.04079 -0.918908 -40.8468 3.77003
0 0 92 11.131 1.54362 -6.70861 0.235661 -38.521 3.36212
0 0 93 11.9744 1.03484 -7.04807 -1.18326 -40.8236 3.23099
0 0 94 11.0645 1.98389 -5.51091 -0.566874 -35.1007 3.99941
0 0 95 10.4387 1.39578 -5.97189 0.288225 -38.4223 3.77495
0 0 96 12.3824 1.72932 -4.75275 0.311222 -35.0029 4.63354
0 0 97 11.0692 -0.221742 -5.61832 0.894959 -46.1301 4.07815
0 0 98 12.2153 0.450977 -4.61404 -0.578238 -42.2088 4.95361
0 0 99 11.9406 0.132704 -4.26171 0.655483 -44.1082 5.37729
0 0 100 12.025 1.60108 -5.66335 -0.843956 -37.107 3.95021
0 0 101 10.8826 2.26088 -2.83092 0.414002 -25.6939 6.7859
0 0 102 9.37665 0.247945 -4.81038 -0.678221 -43.5247 4.76149
0 0 103 9.98667 0.438195 -5.6031 -0.900601 -42.7641 4.08351
0 0 104 9.98091 1.72481 -6.40458 -1.84947 -37.4637 3.50085
0 0 105 10.1372 0.763119 -3.15659 0.79991 -38.2046 7.13347
0 0 106 9.71181 1.00819 -4.87739 -0.309889 -39.1606 4.63884
0 0 107 9.08437 1.52547 -3.42421 0.429297 -32.9936 6.3074
0 0 108 8.96796 -0.442473 -5.94738 -1.67937 -47.1274 3.84781
0 0 109 8.70721 1.25079 -5.49665 -0.263809 -38.5902 4.10489
0 0 110 8.71533 1.89234 -4.83004 1.09183 -34.3027 4.53094
0 0 111 9.11642 2.49272 -6.51451 0.663946 -34.5305 3.36642
0 0 112 7.34559 0.0291746 -5.54588 -2.11025 -44.8493 4.13336
0 0 113 7.14618 0.424488 -6.94671 -0.717974 -43.2516 3.29609
0 0 114 7.8348 0.794907 -5.425 0.456756 -40.832 4.19776
0 0 115 6.60995 0.876878 -6.33591 -1.06524 -41.0602 3.59681
0 0 116 8.26513 0.910729 -5.98711 0.330114 -40.6754 3.80171
0 0 117 8.52331 1.21487 -6.85483 -0.662556 -39.975 3.31208
0 0 118 6.66287 0.556799 -5.39012 -0.168723 -42.0511 4.23893
0 0 119 7.78745 -0.634466 -7.15765 0.423272 -47.5328 3.19491
0 0 120 7.71107 0.315181 -7.24946 0.497232 -43.7553 3.16023
0 0 121 7.79263 0.66724 -7.67469 1.01444 -42.5156 2.97995
0 0 122 8.6166 -0.173419 -6.83789 0.276499 -45.7264 3.35173
0 0 123 8.2323 1.05395 -7.37958 -0.815534 -40.936 3.08694
0 0 124 9.21316 1.4526 -5.89705 1.2948 -38.081 3.81585
0 0 125 10.113 0.757106 -8.378 -0.954099 -42.4182 2.72928
0 0 126 9.91286 0.413797 -8.47849 -0.0200959 -43.6029 2.70172
0 0 127 11.1814 0.421604 -9.65534 0.283174 -43.7499 2.37277
0 0 128 12.201 1.739 -9.8864 -1.28184 -40.0119 2.29679
0 0 129 11.6894 0.974736 -10.5575 0.249243 -42.3625 2.1656
0 0 130 12.8392 1.08626 -10.8663 0.606824 -42.1457 2.10312
0 0 131 12.7022 0.833694 -10.9007 -0.764825 -42.8132 2.09914
0 0 132 14.233 0.141436 -10.5812 0.466495 -44.6171 2.16631
0 0 133 14.7758 1.34418 -13.035 1.58923 -42.0562 1.75286
0 0 134 16.1006 1.25466 -14.7702 1.05058 -42.5723 1.54857
0 0 135 17.8653 1.13894 -13.3922 -0.115375 -42.5695 1.70789
0 0 136 18.4254 1.91035 -15.3992 -0.376983 -41.4641 1.48159
0 0 137 19.279 1.37303 -16.2751 0.613732 -42.5889 1.40542
0 0 138 20.3098 1.20488 -17.3803 -0.54933 -43.0172 1.31698
0 0 139 20.7929 0.193579 -19.3271 1.15222 -44.7131 1.18603
0 0 140 20.0793 0.492701 -18.6894 -0.417428 -44.2449 1.22628
0 0 141 22.9665 1.50299 -19.9218 -0.118696 -42.8428 1.14865
0 0 142 22.6267 0.804141 -19.0463 1.06253 -43.7912 1.20289
0 0 143 21.3917 2.5362 -17.4928 1.01416 -40.8752 1.30202
0 0 144 21.4412 -0.145923 -17.0641 -0.244243 -45.245 1.34334
0 0 145 21.719 1.49809 -19.0534 -0.294711 -42.7522 1.20083
0 0 146 21.2094 -0.26052 -17.8075 -2.25662 -45.4191 1.2872
0 0 147 21.0857 0.799952 -16.1173 0.173226 -43.5793 1.4212
0 0 148 22.1579 0.0728264 -15.6049 -0.458244 -44.8663 1.46897
0 0 149 20.3803 0.652225 -14.8082 0.420595 -43.739 1.54709
0 0 150 22.1155 -0.962047 -15.5161 -0.381347 -46.774 1.47565
0 0 151 20.0427 0.870446 -14.345 -1.21646 -43.2638 1.59619
0 0 152 21.7721 0.265342 -14.1166 -0.462333 -44.4616 1.62367
0 0 153 22.1649 -1.87793 -11.4547 -1.3391 -49.6553 1.9848
0 0 154 22.6066 -2.03791 -10.1991 0.185448 -50.6498 2.22027
0 0 155 24.3652 -1.37718 -9.41077 1.49176 -49.1628 2.41991
0 0 156 25.1859 -2.18841 -9.74626 -1.14725 -51.3276 2.31602
0 0 157 29.4403 -2.08312 -9.59738 0.0974409 -51.1231 2.35431
0 0 158 31.6123 0.671776 -9.18729 -0.861953 -42.909 2.49102
0 0 159 36.3522 0.397392 -8.80701 -1.01531 -43.7082 2.60122
0 0 160 38.3714 0.207449 -5.66888 -0.596019 -43.9521 4.04205
0 0 161 43.7466 1.01992 -5.54673 -1.62712 -39.7905 4.09017
0 0 162 52.2127 -0.578859 -0.235643 -0.218348 0 0
0 0 163 62.161 1.40787 -0.0995778 -1.14038 0 0
0 0 164 72.9082 1.96782 4.06394 -1.36836 32.0815 5.2595
0 0 165 85.9667 1.83404 8.29754 -0.189143 38.768 2.72168
0 0 166 99.8238 5.03211 15.7652 -2.94162 36.1487 1.40967
0 0 167 114.435 5.24909 21.3533 -0.991956 38.0947 1.05388
0 0 168 131.837 5.83266 29.8276 -4.92978 39.4678 0.75958
0 0 169 147.444 8.18069 38.7046 -4.98904 39.0327 0.584221
0 0 170 164.107 8.74308 47.2955 -5.20715 39.7633 0.479635
0 0 171 176.414 9.26949 55.4772 -5.8671 40.2571 0.409682
0 0 172 186.506 11.9643 61.7256 -8.06335 39.5152 0.367126
0 0 173 194.356 11.7376 66.7667 -7.66349 40.0146 0.340098
0 0 174 197.423 9.95164 69.9377 -8.16428 40.9508 0.325739
0 0 175 199.541 9.83628 68.8939 -4.20787 40.9373 0.33066
0 0 176 195.566 10.3609 68.6996 -4.86182 40.7118 0.331356
0 0 177 189.931 9.9889 63.4044 -2.97702 40.5235 0.358801
0 0 178 182.634 8.84559 61.0084 -1.59402 40.8751 0.373326
0 0 179 175.362 9.03347 53.0063 1.63306 40.1642 0.428632
0 0 180 165.036 7.36256 49.5006 0.243238 40.77 0.45996
0 0 181 156.727 6.72214 45.8961 2.30453 40.8337 0.496186
0 0 182 148.52 7.26143 39.2557 2.69033 39.76 0.57786
0 0 183 140.95 5.56979 36.9342 1.76229 40.7121 0.61634
0 0 184 133.174 6.89367 31.7231 2.48862 38.8699 0.71224
0 0 185 123.908 6.53293 25.027 0.573421 37.6851 0.897085
0 0 186 118.937 6.77385 25.1134 2.87579 37.4524 0.892749
0 0 187 111.534 3.60159 20.4782 3.75189 40.0126 1.10884
0 0 188 104.738 6.04182 17.3438 3.26999 35.397 1.27392
0 0 189 100.914 3.88208 16.1933 2.32241 38.2593 1.39095
0 0 190 97.1366 4.56278 12.3381 2.62872 34.8525 1.78256
0 0 191 92.9982 3.46866 11.9804 0.912418 36.9264 1.86514
0 0 192 86.5443 2.91856 8.64904 1.30207 35.6767 2.5603
0 0 193 84.2618 3.23568 8.05941 0.548197 34.0628 2.70926
0 0 194 79.7226 2.82145 7.24848 0.788524 34.3659 3.02097
0 0 195 78.4431 2.98666 6.26975 0.562977 32.2644 3.41652
0 0 196 75.0826 2.00895 5.10753 -0.0505955 34.2644 4.28324
0 0 197 69.2493 3.61981 4.33763 -1.15031 25.0773 4.36698
0 0 198 66.7077 0.701874 3.10107 -0.993731 38.6235 7.27716
0 0 199 64.5685 0.168453 2.70167 -0.269511 0 0
0 0 200 62.5613 -1.10652 0.174521 -2.6727 0 0
0 0 201 61.2426 0.0997772 -0.363152 -3.62365 0 0
0 0 202 57.5588 -0.345968 -0.228637 -2.47205 0 0
0 0 203 56.4341 -0.732059 -0.631175 -1.9075 0 0
0 0 204 52.8446 0.267502 1.01911 -3.17444 0 0
0 0 205 50.9169 -0.63167 -0.424819 -3.1868 0 0
0 0 206 49.1616 0.154921 -0.429218 -2.55053 0 0
0 0 207 45.0732 -0.95499 -0.483268 -3.82583 0 0
0 0 208 42.5772 -0.07481 -0.529577 -3.67391 0 0
0 0 209 40.3117 -2.99213 0.328217 -3.24185 86.87 8.95
0 0 210 38.8481 -3.56495 0.0136316 -4.51024 89.8905 7.56944
0 0 211 36.1697 -3.18151 -1.27537 -5.11817 -79.0778 7.71959
0 0 212 32.2407 -3.55978 1.58578 -2.07453 77.9942 6.76303
0 0 213 32.4037 -2.47106 -0.432259 -3.00559 0 0
0 0 214 31.0518 -2.14721 0.307819 -3.55135 0 0
0 0 215 27.0017 -2.10604 -1.12172 -2.99869 0 0
0 0 216 27.5126 -1.7717 -0.318559 -3.58993 0 0
0 0 217 25.3438 -3.02671 1.70682 -2.88248 75.2903 7.50056
0 0 218 22.6909 -4.5958 -1.89597 -3.25113 -78.7908 5.31688
0 0 219 20.863 -3.1578 0.102216 -2.98699 89.073 8.53976
0 0 220 21.3845 -1.7188 -0.703753 -3.15663 0 0
0 0 221 17.5584 -2.25198 -0.0947826 -1.57902 0 0
0 0 222 17.741 -3.07246 -1.14013 -3.33611 -79.8206 8.09428
0 0 223 17.5378 -2.78243 -0.526499 -2.99691 0 0
0 0 224 16.6254 -2.75454 -1.6794 -1.43364 -74.315 8.04282
0 0 225 13.5043 -3.83757 -0.856643 -2.7714 -83.7082 6.81736
0 0 226 14.6189 -1.36198 -0.382151 -1.48209 0 0
0 0 227 12.6813 -2.57255 -1.1784 -2.05551 0 0
0 0 228 12.0577 -3.3057 -1.42371 -2.43909 -78.3496 7.33227
0 0 229 12.7795 -2.917 -2.35786 -1.35968 -70.5254 6.78722
0 0 230 10.7434 -3.55361 -1.59283 -0.582702 -77.9284 6.76613
0 0 231 9.41964 -3.63819 -2.07814 -2.17833 -75.1325 6.21606
0 0 232 8.84621 -2.39063 -2.13519 -1.63637 -69.1152 7.88165
0 0 233 8.49917 -3.10826 0.310136 -2.45943 87.151 8.6269
0 0 234 6.79004 -1.43432 0.618465 -1.06548 0 0
0 0 235 7.10652 -2.61447 -1.21562 0.0203668 0 0
0 0 236 7.95518 -3.34568 -0.490127 -1.33785 -85.8329 7.95704
0 0 237 7.16212 -2.19703 0.484914 -0.414907 0 0
0 0 238 6.13642 -1.42433 -0.700062 0.329313 0 0
0 0 239 5.26674 -3.26596 -0.935759 -0.267897 -82.006 7.85855
0 0 240 4.62557 -1.42212 -0.813267 0.327952 0 0
0 0 241 5.32697 -2.74991 0.535783 0.183124 0 0
0 0 242 3.70608 -1.60415 -1.37698 -1.3705 0 0
0 0 243 4.65268 -1.99082 -1.1618 -1.00084 0 0
0 0 244 5.67352 -2.04806 -0.432639 0.828851 0 0
0 0 245 5.20876 -0.796484 0.0451226 0.800824 0 0
0 0 246 3.25209 -0.476332 -0.629911 -1.50736 0 0
0 0 247 3.34131 -1.79649 -0.6276 -0.317954 0 0
0 0 248 3.20309 -1.70292 0.127055 -1.37502 0 0
0 0 249 2.12352 -1.43471 0.600458 0.261587 0 0
0 0 250 3.18676 -0.326358 -1.04559 -0.307509 0 0
0 0 251 3.74358 -1.76532 -0.307712 0.85933 0 0
0 0 252 3.53753 -1.25218 -0.739818 0.609926 0 0
0 0 253 1.86226 -0.567495 -0.580622 -0.0774206 0 0
0 0 254 1.43855 -0.697547 0.47774 -0.970104 0 0
0 0 255 2.43234 -0.986067 -0.432778 -0.150287 0 0
0 0 256 2.35767 0.339755 -0.110866 -0.0368708 0 0
0 0 257 1.38984 -1.60843 0.901102 0.266785 0 0
0 0 258 2.00989 0.0296952 -1.06858 -0.620759 0 0
0 0 259 1.55745 0.953311 0.228668 0.521029 0 0
0 0 260 1.68923 -1.14424 -0.590056 0.507464 0 0
0 0 261 2.09867 1.26807 0.755523 -0.356061 0 0
0 0 262 2.35565 -0.837661 0.0503241 0.501418 0 0
0 0 263 1.82135 -0.172358 1.62065 0.252609 0 0
0 0 264 1.47333 0.0749391 -0.103117 -0.66823 0 0
0 0 265 0.539598 1.07469 1.06007 -1.76026 0 0
0 0 266 1.23269 0.127662 -0.898019 -0.877093 0 0
0 0 267 0.473403 -1.59281 1.17631 -0.438598 0 0
0 0 268 2.18206 -0.0664998 -0.522491 0.751911 0 0
0 0 269 1.88643 0.847293 -0.604103 0.338859 0 0
0 0 270 1.35531 -0.490096 0.543988 0.698319 0 0
0 0 271 2.02014 -0.43135 0.810303 -0.293613 0 0
0 0 272 -0.0399813 -0.97367 0.965561 0.153888 0 0
0 0 273 2.07762 0.501896 0.231949 -1.23396 0 0
0 0 274 0.167027 1.89271 0.997432 -1.03372 0 0
0 0 275 -0.180522 1.14284 -1.19096 -0.718072 0 0
0 0 276 1.35899 1.2981 -0.660287 1.6411 0 0
0 0 277 0.909444 0.872568 0.493572 0.38984 0 0
0 0 278 2.1907 -0.129418 1.4768 -0.543686 0 0
0 0 279 0.15163 -0.565453 0.743894 -0.0819243 0 0
0 0 280 1.56002 -0.464216 1.27395 -0.362775 0 0
0 0 281 2.57024 0.154198 1.4269 -1.12989 0 0
0 0 282 1.67675 -2.09097 0.778487 -1.20229 0 0
0 0 283 1.22616 -0.150719 1.35763 -0.0611318 0 0
0 0 284 1.56114 0.361771 1.01341 -1.3361 0 0
0 0 285 1.76321 0.489197 0.608303 -1.85268 0 0
0 0 286 1.32442 -1.96896 1.04735 0.920872 0 0
0 0 287 1.22762 1.13605 1.10131 0.1029 0 0
0 0 288 1.85638 -0.290139 1.33114 -0.462463 0 0
0 0 289 1.53245 0.146471 1.61774 0.428238 0 0
0 0 290 2.8786 -1.20439 1.98509 -2.23924 0 0
0 0 291 2.07693 -0.552408 1.3596 -0.00568617 0 0
0 0 292 2.78197 -1.21727 3.2248 0.161191 55.3401 6.80852
0 0 293 2.22217 -0.698287 2.28272 0.152395 0 0
0 0 294 2.09527 -1.13101 -0.55314 -0.671995 0 0
0 0 295 2.57732 -0.0886418 0.914648 0.00673568 0 0
0 0 296 2.86072 -0.154901 3.28557 -1.02556 46.3496 6.9722
0 0 297 2.831 -0.875555 1.82087 0.819242 0 0
0 0 298 0.742676 -0.480679 1.96853 0.670775 0 0
0 0 299 1.81152 -1.54202 2.40541 0.129099 0 0
0 0 300 2.28645 -2.38352 2.43456 -0.536598 67.1965 7.33579
0 0 301 2.73638 -1.36876 1.15967 0.740386 0 0
0 0 302 4.78193 -0.343488 2.50951 -0.273302 0 0
0 0 303 3.10312 0.544255 3.24967 0.0810493 40.2462 6.99366
0 0 304 2.85264 -1.27779 1.74046 -1.13135 0 0
0 0 305 4.00211 -0.743899 1.37429 0.052629 0 0
0 0 306 2.05492 -0.549013 2.34956 -0.774028 0 0
0 0 307 3.17392 0.390084 1.72589 -0.497621 0 0
0 0 308 3.19216 -0.546451 1.93624 0.0837096 0 0
0 0 309 2.64097 -0.613874 2.69945 0.00270956 0 0
0 0 310 3.24452 -1.95172 2.98809 0.506072 61.5756 6.78322
0 0 311 2.98409 -0.580203 0.676563 -0.425332 0 0
0 0 312 2.98203 -1.23776 1.17947 -1.39763 0 0
0 0 313 1.80816 -1.15219 2.16906 -0.521152 0 0
0 0 314 2.02135 -0.736036 1.89428 -0.658283 0 0
0 0 315 1.35666 -2.2654 1.91878 -0.484762 69.8678 8.5447
0 0 316 4.00269 -1.14683 2.94778 -1.63942 55.6293 7.42879
0 0 317 2.20441 -0.477158 1.83636 0.158845 0 0
0 0 318 2.40891 -0.752437 1.67772 0.428479 0 0
0 0 319 2.74082 -0.133611 -0.542958 -0.202893 0 0
0 0 320 3.02152 -0.845245 0.707166 -1.40594 0 0
0 0 321 0.255005 0.600862 -0.634752 1.08196 0 0
0 0 322 1.41694 -0.299172 1.39053 1.20621 0 0
0 0 323 1.00398 -1.0388 0.903345 0.0898841 0 0
0 0 324 1.36036 -1.46334 1.42539 0.313977 0 0
0 0 325 0.54964 0.162241 -0.285176 0.622002 0 0
0 0 326 -0.574118 -0.742913 1.60623 0.00444053 0 0
0 0 327 2.18442 0.818049 0.889206 0.516103 0 0
0 0 328 1.32378 -0.99278 0.748014 -1.15767 0 0
0 0 329 0.418003 0.102377 -0.559122 -1.41693 0 0
0 0 330 1.76114 0.714875 1.81483 -0.0130448 0 0
0 0 331 0.843627 -1.0601 0.145327 -1.50205 0 0
0 0 332 -1.33917 -0.30444 0.782765 0.105563 0 0
0 0 333 1.37941 -0.384262 1.26994 -0.985821 0 0
0 0 334 0.615183 0.40775 0.335759 0.449692 0 0
0 0 335 0.614334 0.231968 1.63607 0.186812 0 0
0 0 336 1.11526 -0.108709 1.06829 0.779587 0 0
0 0 337 1.27457 -1.03473 1.21108 0.795716 0 0
0 0 338 0.253959 0.161512 0.380156 -0.925769 0 0
0 0 339 -0.311193 -0.370316 0.275272 1.19775 0 0
0 0 340 0.445947 1.60973 -0.539837 -0.940778 0 0
0 0 341 -0.428461 0.72305 1.08032 0.494921 0 0
0 0 342 0.305139 1.85897 -0.713109 0.312539 0 0
0 0 343 0.00427613 -0.529542 -0.0297378 -0.430273 0 0
0 0 344 -1.17887 -0.552162 0.46281 0.621931 0 0
0 0 345 -2.15087 -0.177453 0.591196 0.284042 0 0
0 0 346 0.585783 -0.0808591 -1.73444 0.793459 0 0
0 0 347 0.503686 1.64796 0.16696 1.62537 0 0
0 0 348 -0.880346 0.319637 0.175305 -1.17587 0 0
0 0 349 -0.550729 0.643148 -0.354065 -0.0287289 0 0
0 0 350 0.755525 -1.34521 0.232401 0.789473 0 0
0 0 351 0.409139 -0.105946 -0.0217779 -1.29543 0 0
0 0 352 2.2391 -0.356139 0.535275 0.941676 0 0
0 0 353 -0.815545 0.398968 -0.859375 0.141862 0 0
0 0 354 0.627975 1.19008 1.85559 -1.42229 0 0
0 0 355 0.537 -0.198281 1.12439 1.82433 0 0
0 0 356 -0.954622 -0.507672 -1.0563 -2.70534 0 0
0 0 357 -0.745161 0.0166153 0.565185 -0.407103 0 0
0 0 358 -0.451791 0.943154 0.691465 0.999041 0 0
0 0 359 -0.192681 0.411564 -0.633718 -0.29213 0 0
0 0 360 -0.986155 0.344601 -0.198258 -1.16204 0 0
0 0 361 -0.3249 -0.866011 -0.410274 -0.58228 0 0
0 0 362 -0.633699 -0.742089 -0.268197 0.0686577 0 0
0 0 363 0.61242 -1.47331 -0.0647699 -1.46886 0 0
0 0 364 -0.0719119 -0.907571 1.78167 -0.516605 0 0
0 0 365 0.158213 -0.326098 1.38917 -0.57196 0 0
0 0 366 -0.84194 -0.681609 2.26814 -0.276688 0 0
0 0 367 -1.25688 -0.0730489 -0.678243 -0.863394 0 0
0 0 368 -1.16038 -0.226825 -0.463845 -0.425673 0 0
0 0 369 -1.76776 0.455985 0.477084 -0.834705 0 0
0 0 370 -2.17795 -0.95809 0.510326 -0.560062 0 0
0 0 371 0.368259 -1.36814 -0.0470783 -0.167721 0 0
0 0 372 0.59268 0.438466 -0.0884342 -0.0454925 0 0
0 0 373 -0.757178 0.359487 0.766678 -0.672721 0 0
0 0 374 -0.900181 -1.42811 0.128116 -0.399028 0 0
0 0 375 1.16578 -0.175751 -0.361158 -0.877074 0 0
0 0 376 1.30067 -0.828608 -0.905139 -0.138611 0 0
0 0 377 1.51566 -0.803995 1.94006 0.489829 0 0
0 0 378 -0.47954 -1.34412 1.16248 1.69096 0 0
0 0 379 -0.126945 0.100974 -0.731239 0.915841 0 0
0 0 380 0.780529 -0.617172 0.40478 0.665985 0 0
0 0 381 0.176817 0.660754 -0.685672 0.164093 0 0
0 0 382 -0.178969 -0.150868 0.103058 -0.567788 0 0
0 0 383 0.149732 0.256544 1.52151 -0.0431527 0 0
0 0 384 -1.18575 0.501815 0.938315 1.83788 0 0
0 0 385 1.54362 0.962932 -0.839206 1.26471 0 0
0 0 386 1.36659 -1.18634 -1.19545 0.824227 0 0
0 0 387 0.745454 -1.29098 0.352398 1.70306 0 0
0 0 388 -1.28577 0.086546 1.1424 0.0925462 0 0
0 0 389 1.10439 0.0492208 -1.37437 0.362364 0 0
0 0 390 -0.5437 -0.26368 0.496044 0.511655 0 0
0 0 391 -0.745946 0.40059 1.20376 -1.12176 0 0
0 0 392 -0.0086137 0.189036 -0.743893 1.08732 0 0
0 0 393 -0.371272 0.0893131 -1.04462 0.348495 0 0
0 0 394 0.709392 0.522309 -1.17809 -0.416438 0 0
0 0 395 -0.169777 1.00787 2.51909 0.677252 0 0
0 0 396 0.0192867 0.0531966 0.180745 0.0413419 0 0
0 0 397 -0.896214 0.0984135 -1.53424 1.0403 0 0
0 0 398 0.284217 1.5244 1.54745 -0.274508 0 0
0 0 399 0.526953 -0.435797 1.21711 -1.30384 0 0
0 0 400 1.71402 -0.653436 1.62131 0.119175 0 0
0 0 401 1.34754 0.0301709 -0.714501 -0.529895 0 0
0 0 402 0.757593 0.337694 0.00563577 -0.123141 0 0
0 0 403 -0.845661 -0.104964 0.174171 -1.31114 0 0
0 0 404 -0.0276078 -0.771252 1.70145 -0.389646 0 0
0 0 405 0.61869 -0.401989 -0.87542 -1.88563 0 0
0 0 406 0.121921 1.46808 1.40847 1.10773 0 0
0 0 407 -0.543617 0.258004 -0.155875 -0.205397 0 0
0 0 408 0.673907 0.221226 1.07489 0.765283 0 0
0 0 409 -0.0620918 -0.580849 -0.617676 0.406089 0 0
0 0 410 -0.554088 -0.406496 -0.0198323 -0.402613 0 0
0 0 411 -0.803773 -0.276457 0.40296 -0.101179 0 0
0 0 412 -0.6176 -0.389525 -1.33814 -0.0658042 0 0
0 0 413 0.489879 0.727579 -0.378087 0.0960094 0 0
0 0 414 1.04454 0.997428 1.59797 -0.24972 0 0
0 0 415 0.806839 2.36021 0.134119 -0.400452 0 0
0 0 416 0.420142 0.425506 -0.961947 0.440006 0 0
0 0 417 0.778251 0.341172 0.0575306 -0.0279465 0 0
0 0 418 -0.901851 -0.289746 -1.36012 0.545813 0 0
0 0 419 0.929853 0.0788812 -0.935085 0.333312 0 0
0 0 420 -0.544842 -0.513304 -1.09264 0.430829 0 0
0 0 421 0.914427 0.0596332 -0.118364 0.080287 0 0
0 0 422 -2.11314 -0.810205 0.0732189 -0.564872 0 0
0 0 423 -0.0812107 -0.0747748 0.807693 -0.380819 0 0
0 0 424 0.412972 -1.02215 0.779236 0.376876 0 0
0 0 425 0.372458 -2.38931 -0.162433 0.127388 0 0
0 0 426 0.854412 1.03166 -1.20099 0.075069 0 0
0 0 427 0.498808 0.453249 0.25787 -0.308382 0 0
0 0 428 0.0993025 -0.971123 -1.59558 0.0144451 0 0
0 0 429 -1.16513 1.29423 -0.356167 -0.641403 0 0
0 0 430 0.201837 0.136331 1.92654 -0.366102 0 0
0 0 431 1.36061 1.44931 1.12127 0.270873 0 0
0 0 432 -1.74186 -1.69826 0.794441 1.45039 0 0
0 0 433 -0.882232 1.4173 0.744199 -0.668761 0 0
0 0 434 0.841946 -0.579437 -0.878612 1.39666 0 0
0 0 435 -0.143876 -0.724427 0.714946 0.921294 0 0
0 0 436 0.0521236 -1.047 -0.211454 0.030755 0 0
0 0 437 -0.0190473 0.655005 -0.130469 0.78461 0 0
0 0 438 -0.199468 0.393147 1.1829 1.9027 0 0
0 0 439 0.582184 0.848054 -0.508242 -0.686112 0 0
0 0 440 1.24858 0.798798 0.13062 -1.05685 0 0
0 0 441 0.515109 1.12239 -1.19796 -0.151922 0 0
0 0 442 -0.480623 0.193726 0.553816 1.41225 0 0
0 0 443 -0.243722 -0.28388 0.512218 0.0692131 0 0
0 0 444 1.07033 -0.364262 -0.823432 -0.71646 0 0
0 0 445 -0.746273 -0.21297 -0.827695 -1.03102 0 0
0 0 446 0.317113 -0.219646 -0.768362 0.726881 0 0
0 0 447 -0.115189 -0.736794 0.877191 -1.19095 0 0
0 0 448 -0.0378076 0.29506 0.53292 -1.00677 0 0
0 0 449 1.61984 -1.24726 0.617506 1.03867 0 0
0 0 450 -0.574659 1.29748 -1.80313 0.912979 0 0
0 0 451 1.77712 0.68779 -1.01921 -0.551946 0 0
0 0 452 -0.855029 0.604868 -1.63312 -1.008 0 0
0 0 453 0.310633 0.00920816 -0.0454978 -0.570267 0 0
0 0 454 -0.104165 -0.121557 -0.877924 0.754948 0 0
0 0 455 -1.52586 -1.16111 -1.13564 0.128992 0 0
0 0 456 -0.63951 0.546638 -0.528046 -0.0453771 0 0
0 0 457 -0.213192 0.797525 -0.333326 0.739583 0 0
0 0 458 -0.892118 0.213056 -1.25121 1.71418 0 0
0 0 459 0.150774 0.29669 0.502088 -1.87316 0 0
0 0 460 -0.0899967 -1.44889 -1.50725 1.17822 0 0
0 0 461 -0.246937 0.415204 -0.82946 -0.266621 0 0
0 0 462 -0.288438 -1.71015 -1.41443 0.792816 0 0
0 0 463 -0.910439 0.374901 -0.163183 1.78191 0 0
0 0 464 -1.73579 -0.341938 -0.499533 -0.316923 0 0
0 0 465 -0.562353 -0.0462238 -0.827702 -0.171803 0 0
0 0 466 0.336932 -0.00297651 0.68947 0.807457 0 0
0 0 467 -0.00771591 -0.539132 -0.774549 0.214163 0 0
0 0 468 0.55265 -0.803108 0.812181 0.398021 0 0
0 0 469 0.341363 -0.798071 -0.327427 0.667265 0 0
0 0 470 0.0874472 0.379074 -0.165443 -0.157228 0 0
0 0 471 -0.743561 -0.418156 0.797027 -0.933641 0 0
0 0 472 1.83062 0.782579 0.355549 0.192697 0 0
0 0 473 0.786807 0.566743 0.582554 -0.603009 0 0
0 0 474 -0.384959 1.06825 -0.945677 0.248201 0 0
0 0 475 0.564803 0.131897 0.247457 -1.72482 0 0
0 0 476 0.529757 1.23633 -2.02647 0.0512303 0 0
0 0 477 -0.567837 -0.49405 0.836189 0.343795 0 0
0 0 478 1.28104 -0.00666428 -0.194276 -0.795967 0 0
0 0 479 0.454407 -0.121625 0.716434 -0.718564 0 0
0 0 480 0.448245 1.03945 -0.550412 -0.186364 0 0
0 0 481 0.830197 -0.320396 -2.15464 -1.04993 0 0
0 0 482 0.272564 0.834672 -0.133289 -0.345951 0 0
0 0 483 0.361673 -0.251917 0.811229 -0.653112 0 0
0 0 484 -1.21344 0.145803 -0.843984 -0.0259265 0 0
0 0 485 -0.0737806 0.288259 1.20937 -0.834168 0 0
0 0 486 1.16708 0.848903 0.76373 0.247305 0 0
0 0 487 0.447451 -0.253562 -0.655347 1.38369 0 0
0 0 488 0.281056 -0.815099 -0.179418 1.07616 0 0
0 0 489 -2.26644 0.206943 0.227627 -2.95043 0 0
0 0 490 -0.946316 -1.11077 0.120257 1.22058 0 0
0 0 491 -0.564698 1.86077 0.135882 0.533002 0 0
0 0 492 0.627587 -0.796564 0.607935 1.04938 0 0
0 0 493 0.284312 1.42552 -1.17881 -0.872954 0 0
0 0 494 2.10493 -0.559913 0.304209 -0.749326 0 0
0 0 495 2.59109 0.672192 -0.741817 -0.111378 0 0
0 0 496 -1.67118 0.979873 -1.08182 0.85102 0 0
0 0 497 0.0897446 1.73462 -0.402189 -0.547947 0 0
0 0 498 0.473713 0.704288 1.39529 0.431014 0 0
0 0 499 0.575861 0.0639266 1.32941 -0.620393 0 0
0 0 500 -0.29656 -0.554898 1.3056 0.527758 0 0
0 0 501 -0.398899 -0.619082 -0.280016 -0.610567 0 0
0 0 502 1.4694 0.107365 0.835649 0.354459 0 0
0 0 503 -0.124369 0.710404 1.76343 -0.984715 0 0
0 0 504 -0.742405 -0.683386 0.562945 1.73755 0 0
0 0 505 0.19515 0.782194 0.80342 -0.0748527 0 0
0 0 506 -0.0103061 -0.954419 -0.436228 0.189025 0 0
0 0 507 -0.124606 1.05567 0.913856 0.610925 0 0
0 0 508 0.368801 1.55326 1.88568 0.692538 0 0
0 0 509 0.260044 -0.369388 -0.841656 -1.3136 0 0
0 0 510 0.641114 0.0909607 0.468839 0.0567178 0 0
0 0 511 0.762103 0.611795 -0.774073 0.853254 0 0
0 0 512 0.562243 0.105185 1.26175 0.0856844 0 0
0 0 513 -0.0367721 -0.727301 -1.93903 0.126407 0 0
0 0 514 1.17136 0.238689 1.07128 -0.225693 0 0
0 0 515 1.32241 -0.223087 2.35724 -1.44334 0 0
0 0 516 0.629153 -0.45408 0.206985 1.33244 0 0
0 0 517 0.228952 0.0474273 0.132251 0.117446 0 0
0 0 518 1.55381 0.128311 -0.139354 -0.193592 0 0
0 0 519 0.933637 0.232318 -0.469604 -0.622178 0 0
0 0 520 0.753454 -0.547788 0.238434 -0.129549 0 0
0 0 521 0.868908 1.54902 -2.1211 -0.45956 0 0
0 0 522 0.129892 -0.747928 -0.383518 -0.779705 0 0
0 0 523 1.61144 0.231008 -0.432979 -1.79653 0 0
0 0 524 -0.157907 -0.810019 -0.360023 0.0416247 0 0
0 0 525 -0.777145 -0.796472 0.248644 -0.280772 0 0
0 0 526 -0.375939 0.338126 1.20471 -0.384923 0 0
0 0 527 0.373397 0.766475 2.21695 -0.262357 0 0
0 0 528 0.335478 -0.544022 -0.904777 1.05513 0 0
0 0 529 -0.782044 0.913457 -0.282807 0.716601 0 0
0 0 530 1.04109 0.155405 0.474901 0.644192 0 0
0 0 531 -1.48977 1.15386 0.94653 0.249039 0 0
0 0 532 2.00465 1.81702 -0.523386 -0.467888 0 0
0 0 533 0.980491 -0.455862 0.222346 -0.737889 0 0
0 0 534 -0.692419 1.22526 -0.359801 0.346564 0 0
0 0 535 0.753266 -0.504191 0.461662 -0.858944 0 0
0 0 536 0.275693 0.859408 -0.882158 -1.67919 0 0
0 0 537 1.07013 -0.761343 0.526644 -0.464964 0 0
0 0 538 -0.114447 1.21367 0.839135 0.957158 0 0
0 0 539 -1.23469 -0.354097 0.173277 1.21397 0 0
0 0 540 1.7619 0.744823 -1.40465 -0.525195 0 0
0 0 541 -0.0314632 1.63171 -0.790825 -0.545926 0 0
0 0 542 0.795091 2.58261 -0.165239 -0.639515 0 0
0 0 543 1.21396 -0.276761 -1.11308 1.96442 0 0
0 0 544 0.135806 -0.676652 0.0140416 0.015511 0 0
0 0 545 1.06945 0.0256562 0.76138 0.353787 0 0
0 0 546 0.514425 0.924025 1.16346 0.479468 0 0
0 0 547 -0.457683 -0.627107 0.231676 -0.30093 0 0
0 0 548 0.672417 -0.891389 -0.0139751 -0.0960849 0 0
0 0 549 2.40154 -0.1971 1.56815 -1.12539 0 0
0 0 550 -0.863938 -0.250135 0.363507 0.587559 0 0
0 0 551 0.344635 -0.188451 1.28047 0.545004 0 0
0 0 552 0.598648 0.187474 0.959534 0.833525 0 0
0 0 553 0.593245 1.14898 -0.241796 0.198785 0 0
0 0 554 1.24613 0.098478 0.373707 -0.0017624 0 0
0 0 555 1.75955 -0.0988554 0.675952 -0.557468 0 0
0 0 556 1.04078 0.317957 1.68323 1.30518 0 0
0 0 557 -0.727316 0.705933 0.448147 -1.06685 0 0
0 0 558 0.261341 0.453459 -1.65565 -0.843458 0 0
0 0 559 0.702035 0.387482 0.388689 -0.363515 0 0
0 0 560 0.408609 -0.421753 0.4748 -0.263144 0 0
0 0 561 0.703289 0.662473 -0.242814 -0.935859 0 0
0 0 562 0.125127 0.487309 0.0979783 0.203108 0 0
0 0 563 0.796046 -0.287658 -0.143761 -0.823835 0 0
0 0 564 0.307117 0.721213 -0.811595 -0.602348 0 0
0 0 565 0.00638837 0.647941 -0.351553 -0.446819 0 0
0 0 566 0.82161 0.702741 0.169737 -0.392753 0 0
0 0 567 0.952379 1.63126 0.51525 0.074462 0 0
0 0 568 -0.566575 -1.29544 -0.45743 0.727616 0 0
0 0 569 0.223869 -0.0349803 0.54918 0.362325 0 0
0 0 570 0.934247 1.00455 -0.647529 0.976489 0 0
0 0 571 -0.438123 -0.274743 0.0318535 -0.697293 0 0
0 0 572 0.241643 -0.892324 0.0942236 -0.449502 0 0
0 0 573 -1.3265 0.247485 -0.1925 0.06947 0 0
0 0 574 1.36855 0.970793 1.01386 0.603274 0 0
0 0 575 0.311119 0.273488 -0.0915795 0.329331 0 0
0 0 576 0.123515 0.781061 0.319206 1.45149 0 0
0 0 577 0.32923 1.2739 0.020562 -0.643514 0 0
0 0 578 0.386606 -0.546581 0.351149 0.962623 0 0
0 0 579 -0.0973495 0.788643 0.863252 -0.281947 0 0
0 0 580 0.209341 0.192288 -0.204684 0.551513 0 0
0 0 581 -0.389544 1.52812 -1.01989 0.92348 0 0
0 0 582 0.328471 -1.38762 -0.0292176 -0.947751 0 0
0 0 583 -1.23212 0.960751 -2.18835 -0.490163 0 0
0 0 584 -0.975549 -0.887515 -0.811307 1.08604 0 0
0 0 585 1.25904 1.12956 -0.23316 1.00985 0 0
0 0 586 0.204546 -1.1724 -0.213291 -0.917227 0 0
0 0 587 0.468043 -0.34742 0.712474 0.26596 0 0
0 0 588 -1.48392 0.289971 -0.0924313 0.626877 0 0
0 0 589 -0.689761 0.282236 -0.891603 -0.103873 0 0
0 0 590 1.01946 -0.384296 -0.820556 -0.130278 0 0
0 0 591 0.58112 -0.399811 -1.05265 0.163128 0 0
0 0 592 0.112987 0.212909 -0.667521 0.160932 0 0
0 0 593 -0.47978 0.546953 -0.106419 -1.17096 0 0
0 0 594 -0.101876 0.341198 -1.2541 -1.25382 0 0
0 0 595 0.0973756 1.39469 0.194238 0.230548 0 0
0 0 596 0.461435 0.2879 0.981179 0.400092 0 0
0 0 597 -0.181813 -0.765942 -0.796328 -0.215194 0 0
0 0 598 0.479317 -0.89337 1.76958 0.172378 0 0
0 0 599 0.783324 0.2443 -0.704135 -0.588041 0 0
0 0 600 -0.197594 0.804606 0.71204 -0.477366 0 0
0 0 601 -0.82533 0.0795161 -0.730756 0.460341 0 0
0 0 602 0.00146447 0.431604 -0.352925 0.064657 0 0
0 0 603 0.580624 -1.62224 -0.912421 -0.765908 0 0
0 0 604 0.304229 1.37296 0.313335 -0.144768 0 0
0 0 605 0.646959 -0.0582613 -0.996158 1.21053 0 0
0 0 606 -0.291174 0.206569 0.988339 0.994458 0 0
0 0 607 0.350924 -0.0851024 -0.0121952 0.110426 0 0
0 0 608 -0.426943 -0.3402 1.52343 0.8386 0 0
0 0 609 -0.216787 1.60852 -1.05839 0.771421 0 0
0 0 610 0.0934697 -1.15038 -1.39528 -0.601221 0 0
0 0 611 1.15946 -0.601727 -0.554813 -0.2944 0 0
0 0 612 1.93998 -0.288444 -0.685594 0.252529 0 0
0 0 613 0.665789 -0.102598 0.452949 0.160389 0 0
0 0 614 -0.584612 -0.74321 0.295724 0.464012 0 0
0 0 615 0.730934 -0.847652 0.679464 -1.06206 0 0
0 0 616 1.38466 -0.0450363 -1.06262 1.67897 0 0
0 0 617 0.0563856 1.46023 -0.929775 -0.658737 0 0
0 0 618 -0.950299 -0.0333454 -0.901793 -0.892884 0 0
0 0 619 0.285709 -0.185772 -0.594957 1.74444 0 0
0 0 620 0.525511 -0.345552 -1.66158 1.35615 0 0
0 0 621 -0.065218 -1.29949 -1.85484 1.34677 0 0
0 0 622 0.0794598 0.737136 1.27521 0.866164 0 0
0 0 623 -0.26683 -0.362374 0.599436 -0.111472 0 0
0 0 624 0.65985 0.399921 0.373104 0.486789 0 0
0 0 625 -0.532626 0.182667 -0.062626 -0.429869 0 0
0 0 626 -0.145045 -0.188432 -0.688192 1.2106 0 0
0 0 627 0.168441 0.45377 -0.126685 -0.345007 0 0
0 0 628 -0.0275072 0.0755592 0.397439 0.63951 0 0
0 0 629 -0.174825 0.099553 0.0285907 0.905197 0 0
0 0 630 -1.14686 -1.0077 0.172021 0.227773 0 0
0 0 631 1.29635 1.09615 1.835 0.477197 0 0
0 0 632 0.90645 -1.09516 0.139542 -1.62935 0 0
0 0 633 -0.100686 0.793987 0.604678 0.0263824 0 0
0 0 634 -1.31487 0.316887 -0.73998 -0.842634 0 0
0 0 635 0.325986 0.491149 -0.464444 -0.0247589 0 0
0 0 636 -0.249082 -0.575228 1.12536 -0.383186 0 0
0 0 637 0.0718965 -1.01027 -0.677104 0.321364 0 0
0 0 638 -0.665699 0.332529 -0.841276 -0.0669245 0 0
0 0 639 -0.068094 0.110048 0.0119262 -0.127267 0 0
0 0 640 0.409455 -0.185282 1.25493 0.196244 0 0
0 0 641 -0.434637 -0.499634 0.0630518 -0.460252 0 0
0 0 642 -0.144123 -0.451299 -0.076457 -0.741983 0 0
0 0 643 -0.712249 -0.0790067 -1.00201 0.832056 0 0
0 0 644 1.27023 0.0467203 0.264957 1.04492 0 0
0 0 645 1.94381 -0.142137 -0.430024 1.48627 0 0
0 0 646 -0.735314 0.601957 -0.369764 0.00577302 0 0
0 0 647 -0.880838 -0.419182 -0.698349 -1.21863 0 0
0 0 648 0.891878 -0.439641 0.806699 0.0259473 0 0
0 0 649 1.22858 -0.414182 0.503367 1.20596 0 0
0 0 650 1.32919 -0.572818 -0.77382 0.618823 0 0
0 0 651 -1.10818 -0.793859 0.688806 -0.824756 0 0
0 0 652 0.0876985 0.349006 -0.776527 0.104637 0 0
0 0 653 -0.190074 0.273517 -0.95122 0.595276 0 0
0 0 654 0.411889 0.653195 0.436024 -1.56483 0 0
0 0 655 0.185139 -0.638478 0.795233 0.949027 0 0
0 0 656 1.15965 0.38125 -0.605871 -0.129771 0 0
0 0 657 -0.598709 -0.429973 -0.246246 0.725632 0 0
0 0 658 1.69111 -0.443154 -0.472227 0.443598 0 0
0 0 659 -1.49167 -0.0989233 -0.339936 -1.79548 0 0
0 0 660 1.12573 -0.470258 -0.703155 0.326777 0 0
0 0 661 0.156876 -0.510024 -1.15393 0.337441 0 0
0 0 662 -0.552317 0.27267 0.760996 -0.132499 0 0
0 0 663 0.780439 -0.137986 -1.27635 -0.452149 0 0
0 0 664 -0.0672595 0.118856 0.595448 0.246924 0 0
0 0 665 -0.847936 -1.28098 0.973692 -0.9547 0 0
0 0 666 0.509137 0.48313 -0.0970059 0.0326855 0 0
0 0 667 -0.497017 0.467941 1.14438 -0.140533 0 0
0 0 668 0.336698 -0.238727 -0.19652 2.10799 0 0
0 0 669 -0.957865 -0.46436 -0.487521 0.785433 0 0
0 0 670 0.409679 -0.153637 0.723301 -0.64037 0 0
0 0 671 0.398468 -0.407091 -0.513369 -0.852281 0 0
0 0 672 0.337346 1.02466 1.22149 -0.260471 0 0
0 0 673 1.51506 0.3865 -1.49759 0.34693 0 0
0 0 674 0.174365 0.763825 -0.351983 0.559707 0 0
0 0 675 -0.0773266 0.474876 0.622491 -0.858554 0 0
0 0 676 -0.349818 0.905767 0.676219 -0.129133 0 0
0 0 677 0.205212 -0.771123 -0.984499 0.348385 0 0
0 0 678 -0.572956 0.444744 -2.15995 1.06036 0 0
0 0 679 -0.0251566 1.4293 -1.19897 0.627429 0 0
0 0 680 -0.201697 -0.53199 0.0640657 -1.01333 0 0
0 0 681 0.438022 -0.151478 1.06025 2.02211 0 0
0 0 682 -0.65815 -1.11155 -0.462962 -0.261609 0 0
0 0 683 0.151402 1.01302 -0.902885 1.00453 0 0
0 0 684 0.317314 0.652494 0.228891 1.66665 0 0
0 0 685 0.381535 -0.0405309 -0.755202 1.20186 0 0
0 0 686 0.637449 0.11651 -0.564443 0.666073 0 0
0 0 687 -0.659857 -1.83638 -1.73838 -0.626365 0 0
0 0 688 -2.04347 0.98779 1.19054 1.62466 0 0
0 0 689 -0.883624 1.51427 0.676899 0.850366 0 0
0 0 690 1.78909 -1.72903 0.0176153 1.2006 0 0
0 0 691 0.706481 -0.0867982 -1.46386 0.437716 0 0
0 0 692 0.990573 0.906168 0.924778 -0.758529 0 0
0 0 693 0.601381 1.18112 -0.43821 0.254739 0 0
0 0 694 -1.86664 -0.605965 0.271876 -1.22391 0 0
0 0 695 -0.439188 0.491856 0.112262 0.640793 0 0
0 0 696 0.396815 0.852842 0.865414 -0.508824 0 0
0 0 697 0.41442 -0.427982 0.0475896 -0.757965 0 0
0 0 698 -0.450376 -0.701362 1.17031 -0.339682 0 0
0 0 699 -0.233025 1.64071 -0.28396 -0.227072 0 0
0 0 700 0.906638 -1.18039 0.254361 -0.29829 0 0
0 0 701 0.192763 -0.566062 -0.245601 -1.00417 0 0
0 0 702 0.479083 -1.16391 0.441352 -0.55675 0 0
0 0 703 -1.02394 -0.0813408 -0.677781 -0.0787355 0 0
0 0 704 1.04642 -0.587216 0.807606 0.238867 0 0
0 0 705 -0.872578 -0.659011 -0.519291 0.108543 0 0
0 0 706 1.00704 0.245735 -0.818535 0.0787225 0 0
0 0 707 0.16127 -0.714699 -0.348158 -0.282773 0 0
0 0 708 0.20936 0.318899 0.0696434 -0.530476 0 0
0 0 709 0.164392 0.116417 -0.123 -1.50437 0 0
0 0 710 0.482911 -0.582304 1.09213 0.751282 0 0
0 0 711 -0.367133 0.651543 1.05894 0.891686 0 0
0 0 712 -1.26151 -0.158696 -0.356522 1.51083 0 0
0 0 713 0.455262 1.66452 0.354329 0.620235 0 0
0 0 714 1.91802 0.816226 -0.110338 0.943231 0 0
0 0 715 1.79353 0.306732 -0.14566 -0.842266 0 0
0 0 716 0.0446508 -0.924348 0.594835 -0.421142 0 0
0 0 717 -0.221662 -0.292369 -0.973911 1.24451 0 0
0 0 718 -0.300569 0.807904 -0.110289 -0.528044 0 0
0 0 719 -0.295411 -0.149577 -0.688493 0.641845 0 0
0 0 720 -0.607932 0.0861778 -0.538304 -0.852244 0 0
0 0 721 1.64553 0.436019 0.114274 0.119283 0 0
0 0 722 0.130739 0.591385 -0.337112 -0.775323 0 0
0 0 723 -1.33463 0.700014 -0.245139 -0.543822 0 0
0 0 724 -0.392549 0.831404 -1.55659 0.181125 0 0
0 0 725 0.153517 1.39924 -0.0397457 -0.0343517 0 0
0 0 726 -0.157153 0.276946 1.25897 0.329352 0 0
0 0 727 -0.821327 0.518098 0.232647 -0.475498 0 0
0 0 728 -0.392634 0.651821 -0.178744 -2.48039 0 0
0 0 729 -0.425136 -0.69758 -0.287534 -2.017 0 0
0 0 730 -0.709704 -0.698695 0.175945 1.7241 0 0
0 0 731 0.0249152 1.37221 -0.869625 -0.968534 0 0
0 0 732 0.44032 -0.083961 0.00761997 0.269834 0 0
0 0 733 -0.505888 0.711619 1.95448 0.138993 0 0
0 0 734 1.9214 0.461717 0.139674 -0.605416 0 0
0 0 735 1.90719 0.146846 0.771264 0.954861 0 0
0 0 736 -0.339883 0.673168 -1.0183 -1.19903 0 0
0 0 737 1.0502 -0.38411 -1.50424 -0.83275 0 0
0 0 738 0.865499 -0.837604 1.7557 -0.791951 0 0
0 0 739 -2.57056 -0.588976 -0.411336 0.380883 0 0
0 0 740 -0.295655 0.967632 0.661381 -1.55375 0 0
0 0 741 0.630508 -1.06986 -0.34097 0.852944 0 0
0 0 742 0.184677 0.212757 -0.653059 -0.435249 0 0
0 0 743 1.98464 0.248273 1.02307 -1.22046 0 0
0 0 744 -0.271163 0.0129766 -1.76225 -0.207671 0 0
0 0 745 1.46752 -0.413675 -0.50463 -0.808617 0 0
0 0 746 0.041685 0.642337 0.574059 -0.542854 0 0
0 0 747 1.2696 0.0632821 -0.580581 0.254406 0 0
0 0 748 0.495192 0.734082 0.607141 0.293564 0 0
0 0 749 -1.18076 0.0594216 0.362842 0.885616 0 0
0 0 750 0.049022 0.64146 0.314399 0.048995 0 0
0 0 751 2.25126 -0.658193 -0.85445 2.11214 0 0
0 0 752 0.780303 -2.06873 -0.174094 -0.235758 0 0
0 0 753 1.21837 -0.832437 -0.958415 -0.494868 0 0
0 0 754 0.762294 -0.176405 -0.964176 1.03341 0 0
0 0 755 -0.463615 1.2524 0.375328 0.213279 0 0
0 0 756 -0.224651 -0.63841 -0.251081 0.171304 0 0
0 0 757 0.0298177 -0.329473 -0.220248 -0.885431 0 0
0 0 758 0.1549 0.990593 0.833368 -1.06542 0 0
0 0 759 0.476703 -0.0101667 0.955566 0.719969 0 0
0 0 760 -0.178029 1.12376 -0.438253 0.369068 0 0
0 0 761 0.00131372 0.172266 0.0900951 -0.127921 0 0
0 0 762 1.13631 -0.414392 0.433581 0.369453 0 0
0 0 763 -0.676806 1.91745 0.634931 -1.10204 0 0
0 0 764 0.912595 0.251653 -0.130102 -1.10065 0 0
0 0 765 -0.335745 0.226117 1.65497 -0.843217 0 0
0 0 766 -1.02461 1.50171 -0.0390164 0.766311 0 0
0 0 767 -0.109255 -0.50217 -0.0216294 0.0569431 0 0
0 0 768 -0.157911 -0.497146 -0.390732 -0.32162 0 0
0 0 769 0.69337 0.547742 -1.08089 -0.573681 0 0
0 0 770 0.11723 -0.208337 0.780695 0.522487 0 0
0 0 771 0.667392 -0.623654 -0.22956 -1.10329 0 0
0 0 772 -0.568155 2.05191 -1.18651 -0.581726 0 0
0 0 773 1.20602 -0.456525 0.66508 -0.172553 0 0
0 0 774 -0.944866 -0.568396 0.309515 0.136347 0 0
0 0 775 -0.196132 0.961375 -0.407722 1.28354 0 0
0 0 776 1.8893 0.215946 -0.729004 0.604083 0 0
0 0 777 0.709582 1.65734 1.35724 0.0379403 0 0
0 0 778 -0.0399894 1.21708 0.4217 1.01103 0 0
0 0 779 1.04274 -0.523155 -0.621277 -1.61489 0 0
0 0 780 0.411039 1.01006 -1.0438 1.56523 0 0
0 0 781 -0.714118 -0.538617 0.0149342 -0.565944 0 0
0 0 782 0.0822956 -0.472659 -0.708473 -0.335302 0 0
0 0 783 -0.340278 0.335458 0.130164 -0.537765 0 0
0 0 784 -0.389511 -0.0463002 0.372007 -0.733377 0 0
0 0 785 1.88839 0.431491 -0.366276 -1.77073 0 0
0 0 786 1.4792 0.0756391 0.0595076 0.780294 0 0
0 0 787 0.69754 -0.388181 -0.259792 -0.19544 0 0
0 0 788 0.139801 -0.983734 -1.20787 -1.28137 0 0
0 0 789 -0.0849719 1.11587 0.605679 1.23824 0 0
0 0 790 -0.335182 -0.51046 -2.16935 -0.0252961 0 0
0 0 791 0.386639 1.33848 -0.864311 -0.735526 0 0
0 0 792 -0.129385 0.451527 0.100913 0.273718 0 0
0 0 793 -0.815935 0.993284 -0.0944173 -0.268567 0 0
0 0 794 -0.541195 0.84356 -1.12185 0.859979 0 0
0 0 795 -1.36128 -0.114485 -0.51845 -0.449571 0 0
0 0 796 0.810552 0.78066 0.391023 0.713565 0 0
0 0 797 -0.795674 0.870806 0.10447 0.367684 0 0
0 0 798 -0.029159 0.393769 1.33286 -0.0436135 0 0
0 0 799 1.19065 0.464888 1.09971 -0.466656 0 0
0 0 800 -0.046881 -0.270197 0.473804 0.348998 0 0
0 0 801 0.143439 0.232269 0.49668 -0.755522 0 0
0 0 802 0.142924 0.52757 -1.24381 1.10753 0 0
0 0 803 0.149278 -0.940099 1.24117 0.255366 0 0
0 0 804 1.33117 1.07764 -0.26791 -0.555748 0 0
0 0 805 0.441854 -0.633805 -0.251126 -1.49122 0 0
0 0 806 1.15563 0.446875 1.05083 -1.05263 0 0
0 0 807 -0.370746 -0.88333 -1.90939 0.531645 0 0
0 0 808 -0.38857 0.399758 0.220928 0.103751 0 0
0 0 809 -0.577405 -0.790809 0.26752 -1.00897 0 0
0 0 810 -0.723923 0.0521785 -1.39405 -0.0682202 0 0
0 0 811 1.1044 2.76806 -1.26515 0.636731 -12.2814 8.65057
0 0 812 0.485916 1.90311 -0.249494 2.00736 0 0
0 0 813 -0.776386 -1.54355 0.236295 -0.357334 0 0
0 0 814 -0.934017 -0.607008 0.234614 -0.906839 0 0
0 0 815 0.459562 -0.389686 -0.33419 -1.03183 0 0
0 0 816 0.0678576 -0.447007 1.30279 0.4098 0 0
0 0 817 -0.658376 1.10343 -0.17551 -0.382317 0 0
0 0 818 -0.393295 0.675429 -1.21483 -0.0623473 0 0
0 0 819 0.0499845 -0.864584 0.844336 0.284447 0 0
0 0 820 -0.277228 0.47477 -1.13636 -0.76135 0 0
0 0 821 -0.027606 0.845242 0.10183 -1.73522 0 0
0 0 822 -1.71908 -0.994701 -1.84318 0.492414 0 0
0 0 823 -0.185059 0.771226 0.486981 -0.0688543 0 0
0 0 824 -0.517262 0.0509964 -0.536784 -1.34502 0 0
0 0 825 -0.382092 0.25578 -0.908473 -0.249903 0 0
0 0 826 -0.290493 1.46349 1.51963 -0.189431 0 0
0 0 827 -0.76798 -0.125604 -1.39149 1.61363 0 0
0 0 828 -0.179535 -2.0036 -0.835707 0.156453 0 0
0 0 829 1.67551 0.00337929 -1.03991 0.800537 0 0
0 0 830 -0.647022 0.542025 -0.745658 -0.691677 0 0
0 0 831 0.890916 -0.969621 0.230085 0.693131 0 0
0 0 832 1.22687 0.044686 -0.00644117 -0.881199 0 0
0 0 833 -0.916933 1.62521 -0.732343 -0.825829 0 0
0 0 834 0.578938 2.56852 0.942618 -1.53261 0 0
0 0 835 1.30356 1.24442 -0.667516 0.0985696 0 0
0 0 836 -0.642897 0.995829 -0.536935 -1.05623 0 0
0 0 837 0.190482 -0.613977 0.122562 -0.596006 0 0
0 0 838 0.363487 -0.611291 -1.10338 -0.164067 0 0
0 0 839 -0.0790583 -0.723183 0.0190976 -0.0344381 0 0
0 0 840 0.320822 -0.993824 1.21215 0.414817 0 0
0 0 841 0.404701 0.187778 -0.511168 1.17486 0 0
0 0 842 -0.51722 1.11417 1.3885 0.043583 0 0
0 0 843 0.585171 0.541194 -0.339236 0.681331 0 0
0 0 844 0.61891 1.14718 -0.171519 -2.75624 0 0
0 0 845 -0.530208 -0.14069 -0.374176 -0.491074 0 0
0 0 846 0.428418 -0.703565 -0.308232 0.66454 0 0
0 0 847 0.274826 1.12578 0.0191867 -0.296823 0 0
0 0 848 -0.679242 -0.367255 0.375452 -0.23016 0 0
0 0 849 -0.44873 -0.804867 0.792815 -0.619472 0 0
0 0 850 0.634583 -0.261444 -0.0164541 -0.505355 0 0
0 0 851 0.133813 -1.07446 -2.08525 0.405809 0 0
0 0 852 0.0186538 -0.204979 -0.624916 -0.804521 0 0
0 0 853 -1.09992 -0.773332 0.995049 -0.216371 0 0
0 0 854 -0.667551 -0.461199 0.612029 0.417786 0 0
0 0 855 -0.903619 0.816912 0.172939 -0.34191 0 0
0 0 856 0.882426 1.28667 -0.463254 -0.182387 0 0
0 0 857 0.332167 -0.197502 0.0440599 1.68819 0 0
0 0 858 -0.323238 -0.111865 0.244861 -0.617743 0 0
0 0 859 -1.0773 -0.014926 0.622428 0.967895 0 0
0 0 860 0.753862 0.374899 -0.771702 -1.36605 0 0
0 0 861 -0.489539 -1.18982 -0.851989 1.29377 0 0
0 0 862 -0.255588 -0.727567 0.252789 -1.69477 0 0
0 0 863 -0.706624 -1.34963 0.000466691 0.0855848 0 0
0 0 864 -1.15439 -0.775971 -1.627 0.246982 0 0
0 0 865 1.13151 0.665433 0.368917 -0.0682424 0 0
0 0 866 1.25457 -0.643362 -1.63603 0.43897 0 0
0 0 867 -1.51557 0.527692 1.02042 0.405229 0 0
0 0 868 1.57866 -1.40293 0.201161 0.715687 0 0
0 0 869 0.808914 0.613456 -0.229342 1.1188 0 0
0 0 870 -1.53858 2.0036 1.77191 0.0646774 0 0
0 0 871 0.668555 -0.33394 1.32873 0.181621 0 0
0 0 872 0.365665 0.251859 0.00607942 0.769125 0 0
0 0 873 -0.75835 0.766864 0.561865 0.673837 0 0
0 0 874 0.288628 -0.594635 -0.649427 -0.648551 0 0
0 0 875 0.974038 0.132575 0.581486 0.695271 0 0
0 0 876 -0.215197 1.30028 -1.05811 -0.989147 0 0
0 0 877 0.0165502 0.691596 -0.405808 -1.20468 0 0
0 0 878 0.0835513 0.691398 0.843688 0.577581 0 0
0 0 879 0.377959 -0.288302 -0.983624 0.650617 0 0
0 0 880 -0.450535 1.34485 0.966204 -0.312307 0 0
0 0 881 0.824904 -0.527861 0.333325 1.14135 0 0
0 0 882 0.791679 0.584203 -0.451035 -0.395729 0 0
0 0 883 0.382118 -0.829139 1.31594 -0.903894 0 0
0 0 884 -1.23572 -0.552586 -1.39489 0.716388 0 0
0 0 885 0.467697 0.0956249 1.21082 0.380873 0 0
0 0 886 1.31543 0.0720993 -1.26438 0.553972 0 0
0 0 887 -0.415944 0.634654 -0.412655 0.789669 0 0
0 0 888 -0.354704 -1.04003 -0.389638 -0.250573 0 0
0 0 889 -0.0637009 1.35176 -1.34968 -0.173905 0 0
0 0 890 -0.874638 -0.196031 -0.361057 -0.895689 0 0
0 0 891 1.45185 1.95903 0.0122658 -0.194639 0 0
0 0 892 0.7842 -0.382799 -0.709226 0.424529 0 0
0 0 893 1.31684 0.6804 -0.597789 0.765483 0 0
0 0 894 1.4367 -1.53265 -0.640248 0.915366 0 0
0 0 895 -0.312624 -0.738046 0.139905 -0.481861 0 0
0 0 896 0.322431 -1.01341 -1.55903 0.658164 0 0
0 0 897 0.576145 -0.309436 0.527799 0.337162 0 0
0 0 898 -1.02229 0.0291104 -0.361055 0.366278 0 0
0 0 899 0.129029 0.0567642 -0.902797 -0.26815 0 0
0 0 900 0.135512 -0.516281 -1.15947 -0.387287 0 0
0 0 901 0.523389 -0.600075 0.625804 1.73153 0 0
0 0 902 -0.00798008 0.608802 0.354384 1.26476 0 0
0 0 903 0.874619 -0.967063 0.332047 -2.11221 0 0
0 0 904 -0.0759889 0.0621866 0.854765 -0.0964226 0 0
0 0 905 0.161007 1.08774 1.61144 1.28547 0 0
0 0 906 -0.629368 0.85194 -0.88045 1.01172 0 0
0 0 907 0.566196 0.268916 0.237749 -0.0918437 0 0
0 0 908 -1.11797 -0.320846 -0.309397 0.723412 0 0
0 0 909 0.0303845 0.641247 -1.04098 0.0106038 0 0
0 0 910 -1.28564 -0.631351 -0.149069 0.796677 0 0
0 0 911 -0.771061 0.301242 -0.476676 0.756164 0 0
0 0 912 0.15804 0.161755 1.03012 -1.53979 0 0
0 0 913 0.883314 0.559044 0.43023 -0.298226 0 0
0 0 914 -0.537971 -1.1408 -0.952647 0.514362 0 0
0 0 915 0.969567 0.613095 -0.338447 1.33536 0 0
0 0 916 0.0465252 0.609086 -1.09823 -0.242932 0 0
0 0 917 -0.902994 -0.301825 -0.303166 1.26006 0 0
0 0 918 0.485521 -0.0220488 0.199182 0.238777 0 0
0 0 919 0.1216 -1.44698 -1.88353 0.288252 0 0
0 0 920 -0.539469 0.677989 -0.230255 -0.536651 0 0
0 0 921 0.626474 -0.311333 0.719389 -0.316927 0 0
0 0 922 1.23311 -1.64845 0.103489 -0.973447 0 0
0 0 923 -0.517505 3.60568 -0.889706 -0.614446 -6.93046 7.20778
0 0 924 0.0280054 0.85916 0.309741 1.69089 0 0
0 0 925 -2.25271 -1.74113 1.50144 0.0494122 0 0
0 0 926 -0.201175 0.193958 -0.312057 0.766558 0 0
0 0 927 0.139001 0.692213 1.11373 0.863968 0 0
0 0 928 0.424892 1.18528 0.0370275 -1.16542 0 0
0 0 929 -0.0380982 -0.308845 0.452009 -1.12108 0 0
0 0 930 0.871767 0.551092 1.16049 1.25929 0 0
0 0 931 0.880891 -0.672609 -2.55023 -0.0948925 0 0
0 0 932 -0.829119 -0.657006 -0.61515 -0.400548 0 0
0 0 933 0.245931 -0.312876 -0.0639416 -0.93951 0 0
0 0 934 -1.35184 0.469028 0.670074 0.508105 0 0
0 0 935 0.445403 -0.292747 0.814181 0.653745 0 0
0 0 936 -0.290571 -1.43945 1.20366 0.847827 0 0
0 0 937 2.05044 2.77509 1.16348 0.835037 11.3731 8.7791
0 0 938 -0.197977 -0.803484 -0.0214061 -0.935076 0 0
0 0 939 -0.0806823 0.802346 -0.900723 -0.235871 0 0
0 0 940 -0.598152 -0.56003 -0.896532 -0.92766 0 0
0 0 941 -0.809699 -0.26982 0.27338 1.08787 0 0
0 0 942 -0.270364 1.21693 -2.00775 0.61358 0 0
0 0 943 0.374418 0.170953 -0.532479 -1.37451 0 0
0 0 944 0.492578 0.815824 1.40765 0.803966 0 0
0 0 945 -0.128323 0.540087 -0.87055 -1.19672 0 0
0 0 946 2.312 0.243817 -0.678572 -0.199169 0 0
0 0 947 -0.737274 -0.426324 -0.943676 0.157012 0 0
0 0 948 -0.469556 -1.38788 -0.55473 0.411332 0 0
0 0 949 0.852948 -0.315254 -1.08271 -0.744331 0 0
0 0 950 -1.17545 -1.14899 -0.686829 0.187504 0 0
0 0 951 -0.199602 0.382174 0.817886 1.00566 0 0
0 0 952 0.568052 -0.309291 -0.251297 -0.47217 0 0
0 0 953 0.202307 -0.576358 0.837335 -0.306292 0 0
0 0 954 1.56287 0.2092 -0.338835 -0.577335 0 0
0 0 955 0.336515 -0.133383 -0.441941 0.622468 0 0
0 0 956 -2.06391 0.0492966 -0.895665 0.972032 0 0
0 0 957 1.3976 0.335956 0.514265 -0.00487912 0 0
0 0 958 -0.0158823 0.66253 0.171732 -0.121256 0 0
0 0 959 -0.015498 0.277464 -1.40269 0.802564 0 0
0 0 960 0.114598 -0.892808 -0.0525428 0.0178688 0 0
0 0 961 0.68068 -0.52475 0.516125 -0.39458 0 0
0 0 962 -1.35597 -0.802168 -0.193767 -0.0682406 0 0
0 0 963 0.89997 0.0439947 -0.89481 -0.95452 0 0
0 0 964 0.424114 1.00403 -0.412994 -0.96339 0 0
0 0 965 0.65735 -0.0136566 0.0265345 0.0134578 0 0
0 0 966 -0.635363 -0.465788 -0.92937 -0.60077 0 0
0 0 967 -0.336899 0.852732 -0.305202 0.159698 0 0
0 0 968 0.399043 -0.788898 0.173958 -0.992679 0 0
0 0 969 0.0492107 0.593163 -0.369669 1.24081 0 0
0 0 970 -1.5213 0.738595 0.0121642 1.12386 0 0
0 0 971 0.779527 0.828637 0.439384 0.37061 0 0
0 0 972 0.24266 0.444447 -0.683859 0.203518 0 0
0 0 973 -0.464597 0.740975 -0.0197397 -1.26778 0 0
0 0 974 -1.43843 0.198971 -0.791451 0.718938 0 0
0 0 975 0.421412 -0.148498 -1.87223 1.48038 0 0
0 0 976 -0.74551 1.18482 -1.53786 0.537124 0 0
0 0 977 1.04549 -0.99188 -0.62088 -0.0189291 0 0
0 0 978 -0.161492 0.378501 0.949805 0.0934992 0 0
0 0 979 0.89508 -0.61908 -0.564011 0.596857 0 0
0 0 980 1.08777 0.147621 1.38571 0.773176 0 0
0 0 981 1.13925 0.337937 -0.681658 -0.376144 0 0
0 0 982 0.219162 1.63078 1.25864 -0.213286 0 0
0 0 983 0.166979 -3.09784 -1.10115 -2.1393 -80.2159 8.07861
0 0 984 -0.0722182 -0.959077 0.917309 1.33721 0 0
0 0 985 0.589315 1.64106 0.950532 -0.0178136 0 0
0 0 986 0.625769 -0.0680463 0.040036 0.569122 0 0
0 0 987 -1.06611 -0.165249 0.796095 1.30071 0 0
0 0 988 1.80564 -0.192377 -0.728499 0.888573 0 0
0 0 989 1.96214 0.38232 0.142193 0.283997 0 0
0 0 990 -0.715578 0.446307 -0.681019 0.0851861 0 0
0 0 991 0.491106 0.908585 -0.387497 0.149174 0 0
0 0 992 -0.73017 -0.947738 -0.672255 -1.12391 0 0
0 0 993 -0.554905 0.480208 -0.378182 0.124781 0 0
0 0 994 1.32623 0.376321 -0.335963 -0.760173 0 0
0 0 995 -0.0069676 0.645506 0.0704125 1.24364 0 0
0 0 996 0.815482 0.110737 0.985487 0.206608 0 0
0 0 997 -0.39839 0.527225 -1.34415 -0.0120612 0 0
0 0 998 -0.221378 0.5935 -0.327098 -1.74338 0 0
0 0 999 -1.82079 0.0599583 -1.17692 -0.212042 0 0
0 0 1000 -1.98471 0.835042 -0.821089 2.39171 0 0
0 0 1001 -1.21989 0.662774 -0.667227 -1.86338 0 0
0 0 1002 1.46269 0.00656384 -0.172306 -1.01936 0 0
0 0 1003 1.25984 0.22472 1.37381 0.56454 0 0
0 0 1004 1.42957 0.212022 -0.144638 0.189634 0 0
0 0 1005 0.703894 0.021959 0.0728671 1.3465 0 0
0 0 1006 1.51707 -0.792751 0.76133 -0.559393 0 0
0 0 1007 0.436602 1.90438 0.560041 -0.0368149 0 0
0 0 1008 1.07003 -0.0893886 -1.38107 0.579194 0 0
0 0 1009 1.605 1.14156 -0.891175 0.526586 0 0
0 0 1010 0.591898 -0.242905 0.856178 0.0804413 0 0
0 0 1011 -0.651204 0.20986 2.39488 1.10974 0 0
0 0 1012 -0.548509 0.399526 -0.288427 -0.145809 0 0
0 0 1013 0.354185 -0.240775 0.499383 0.0510034 0 0
0 0 1014 -0.507936 1.26226 0.973357 0.601084 0 0
0 0 1015 0.514912 0.143067 -0.861686 0.686748 0 0
0 0 1016 0.47231 0.613405 2.64005 0.623368 0 0
0 0 1017 1.36669 -0.440975 -0.0983967 0.0986492 0 0
0 0 1018 0.687329 -0.280645 0.605847 0.406556 0 0
0 0 1019 -0.182052 -0.488051 1.45347 -0.357079 0 0
0 0 1020 0.17478 0.0534952 -0.363454 -0.126337 0 0
0 0 1021 -0.42629 -1.20405 1.08682 0.718317 0 0
0 0 1022 2.44236 0.0343026 -0.0381323 -0.565516 0 0
0 0 1023 0.078459 1.2035 -0.574413 0.232345 0 0
