# File: uwl_200623_105940_b4.rf.sbB2.RMC_aux Src: J1713+0747 Nsub: 1 Nch: 1 Npol: 4 Nbin: 1024 RMS: 3.15099
0 0 0 0.699786 -0.954753 3.66804 3.65024 0 0
0 0 1 3.71718 2.80092 4.66911 1.27292 0 0
0 0 2 -2.09632 5.17443 3.51665 -5.17795 0 0
0 0 3 2.62374 -5.13295 -3.45612 -1.73268 0 0
0 0 4 0.449201 8.20101 6.3006 4.94534 0 0
0 0 5 4.08109 -0.345909 1.70509 1.13564 0 0
0 0 6 2.9972 -3.07549 -0.408056 -0.347467 0 0
0 0 7 5.64304 3.69302 2.34411 -3.42043 0 0
0 0 8 -3.13002 5.69176 0.145384 -2.96692 0 0
0 0 9 -0.730804 -2.39309 -3.17356 3.12598 0 0
0 0 10 -1.52088 0.729781 -1.44106 1.54272 0 0
0 0 11 0.317286 -0.328535 0.620338 -4.74094 0 0
0 0 12 -2.17086 1.34262 1.0551 -2.44899 0 0
0 0 13 -2.51517 1.82903 1.28932 0.0744174 0 0
0 0 14 1.48393 -5.81379 3.49343 -0.26625 0 0
0 0 15 2.12914 1.57266 -1.2638 -0.606207 0 0
0 0 16 1.79166 0.344225 3.53324 1.1257 0 0
0 0 17 -2.40997 -2.95166 -1.64299 -1.2634 0 0
0 0 18 3.9165 0.668497 2.89861 -4.95195 0 0
0 0 19 6.30232 4.07376 -3.3211 2.04436 0 0
0 0 20 2.58685 3.81494 -1.33205 -0.836631 0 0
0 0 21 4.28353 -4.6529 -4.51891 -2.58777 0 0
0 0 22 1.50533 -3.15434 3.52266 5.34722 0 0
0 0 23 0.697284 0.315611 2.14063 4.75143 0 0
0 0 24 1.54513 7.43099 0.607982 1.02937 0 0
0 0 25 -6.41346 4.09905 3.52341 -1.49862 0 0
0 0 26 -1.63016 -4.23884 -6.17156 3.69329 0 0
0 0 27 -1.72618 2.37534 -0.179347 2.60039 0 0
0 0 28 5.04519 3.03993 -1.0245 1.18933 0 0
0 0 29 0.601465 -1.20071 2.99246 -0.452517 0 0
0 0 30 2.25626 4.08262 -3.28725 1.31465 0 0
0 0 31 -0.559245 0.429111 0.939789 3.08769 0 0
0 0 32 -6.17485 4.82166 7.61182 1.65539 0 0
0 0 33 0.81864 -3.40127 -0.185639 2.06786 0 0
0 0 34 -5.75909 -1.29179 -1.39551 0.63199 0 0
0 0 35 3.47157 -2.74144 4.66575 1.9892 0 0
0 0 36 -2.52217 1.07497 -3.0632 -2.09693 0 0
0 0 37 2.16802 -1.21902 0.904891 0.381633 0 0
0 0 38 -6.4958 -5.9055 -2.39158 3.61907 0 0
0 0 39 0.88039 -5.07686 2.61258 -2.47813 0 0
0 0 40 -5.88323 -0.678387 -1.52035 4.53616 0 0
0 0 41 8.36248 -0.651612 -4.28095 -4.60385 0 0
0 0 42 -4.33501 -0.275241 -5.09498 2.01128 0 0
0 0 43 -1.33889 0.451155 1.65526 0.290171 0 0
0 0 44 1.19966 -4.38877 1.88822 -2.01844 0 0
0 0 45 3.24549 3.03398 -0.783528 -4.13799 0 0
0 0 46 -1.22885 -2.26166 -2.66264 5.99627 0 0
0 0 47 2.90739 3.35405 -4.482 2.27058 0 0
0 0 48 1.23298 -4.03085 -1.13695 -1.43647 0 0
0 0 49 -3.966 -2.17014 2.96849 -0.313211 0 0
0 0 50 -1.48596 -3.67531 4.08078 -1.08389 0 0
0 0 51 -2.56113 -2.07099 1.39356 -0.549666 0 0
0 0 52 -2.32955 2.58887 -2.14717 0.0639081 0 0
0 0 53 0.942304 -0.361522 -0.416983 -1.83714 0 0
0 0 54 0.818658 -4.91307 3.58435 0.853642 0 0
0 0 55 -2.90745 -0.647813 -2.16236 -0.390508 0 0
0 0 56 1.28362 -5.00198 -4.92474 0.753411 0 0
0 0 57 -4.37297 0.498457 0.476364 2.07622 0 0
0 0 58 -3.86338 1.75831 1.9539 -6.0723 0 0
0 0 59 -0.961858 0.863453 -5.65629 6.33181 0 0
0 0 60 -2.59893 1.88813 -2.56412 4.7227 0 0
0 0 61 -3.00808 -0.443524 6.42794 1.63874 0 0
0 0 62 -2.15449 -2.04734 -1.4597 -1.66663 0 0
0 0 63 -2.59059 -2.68968 -4.77346 4.447 0 0
0 0 64 2.3027 0.0534676 0.111868 5.83131 0 0
0 0 65 -0.888144 -0.0827076 -1.95237 -3.23792 0 0
0 0 66 -1.78066 -0.583726 2.57659 -3.01066 0 0
0 0 67 -1.01359 3.32677 -4.0472 -3.9569 0 0
0 0 68 -2.85679 -1.24127 -2.30548 1.13595 0 0
0 0 69 2.56587 0.0267217 -1.11826 0.726921 0 0
0 0 70 -2.97972 -1.97454 2.62915 -0.585804 0 0
0 0 71 -3.19561 0.504626 -2.93984 -2.16475 0 0
0 0 72 1.35363 3.13758 3.23773 -1.20732 0 0
0 0 73 1.65164 3.06897 0.193983 2.16159 0 0
0 0 74 -0.791273 -4.47493 -2.1823 -2.98149 0 0
0 0 75 -1.55223 1.81873 -0.894227 -0.237361 0 0
0 0 76 -3.20241 -2.62677 5.77821 -3.4889 0 0
0 0 77 1.68418 1.14722 -3.49356 -0.441739 0 0
0 0 78 -4.80575 -4.71829 -2.76981 -2.13793 0 0
0 0 79 3.716 1.13345 2.76531 -3.57419 0 0
0 0 80 -1.58728 -0.276228 -2.36271 2.44803 0 0
0 0 81 -1.66326 3.68036 -4.01122 2.85732 0 0
0 0 82 0.377759 -0.906526 1.78261 1.94179 0 0
0 0 83 2.1734 1.84284 5.45267 0.227627 0 0
0 0 84 2.76377 5.80492 -0.443341 1.28167 0 0
0 0 85 -2.23379 -5.1276 -1.6541 -2.10524 0 0
0 0 86 -4.74537 -3.20209 -2.69281 1.65246 0 0
0 0 87 4.32586 1.42493 -0.967455 -3.8656 0 0
0 0 88 -0.533874 3.44948 0.918905 -5.62094 0 0
0 0 89 1.91416 -1.34755 -3.74429 -1.25811 0 0
0 0 90 1.63711 -3.47345 -1.34556 -6.15285 0 0
0 0 91 3.50863 -3.78307 7.46396 -2.83286 0 0
0 0 92 -0.854212 7.86811 -3.38227 -2.94813 0 0
0 0 93 0.936876 3.62292 -4.30274 -0.472962 0 0
0 0 94 -1.71398 -1.65277 0.34362 -4.37533 0 0
0 0 95 2.88675 3.83531 3.44284 -1.66829 0 0
0 0 96 0.890673 1.84303 1.08303 0.714246 0 0
0 0 97 3.03843 2.32132 1.43029 -0.324385 0 0
0 0 98 -4.02081 2.89787 -2.15345 0.862885 0 0
0 0 99 2.2105 -0.856664 -7.33465 -6.53854 0 0
0 0 100 -0.269641 -1.89338 -8.38456 -3.30142 0 0
0 0 101 0.362335 0.385069 -1.00807 -1.46015 0 0
0 0 102 1.49331 -3.58016 2.91944 -2.52822 0 0
0 0 103 0.016422 -0.922442 -2.64755 1.6041 0 0
0 0 104 1.10294 2.55542 -0.385312 -2.95499 0 0
0 0 105 2.72202 4.54869 6.06136 4.0829 0 0
0 0 106 0.868848 3.6499 -1.24929 -1.8616 0 0
0 0 107 0.855379 7.01394 1.66492 1.04094 0 0
0 0 108 2.55843 0.837851 0.735007 -2.61557 0 0
0 0 109 3.67776 -2.57923 -2.80585 1.20304 0 0
0 0 110 3.29012 1.10811 -0.261672 2.92774 0 0
0 0 111 -0.252225 -5.04509 0.324681 -6.09696 0 0
0 0 112 3.79214 0.326446 -1.88385 -2.4955 0 0
0 0 113 1.16893 -2.9405 -5.46102 2.74616 0 0
0 0 114 -0.421194 -0.0561978 -3.07194 -0.139685 0 0
0 0 115 0.509982 0.908881 -1.19409 1.75446 0 0
0 0 116 4.55171 -1.68369 -2.59661 5.73131 0 0
0 0 117 -5.22946 2.89348 -3.31937 -1.70436 0 0
0 0 118 2.58304 -3.05935 -8.14682 0.667417 0 0
0 0 119 6.60302 0.268829 0.487173 -0.601403 0 0
0 0 120 -1.01572 0.0618607 -0.374035 1.7951 0 0
0 0 121 -0.343612 -1.16503 2.13373 -5.46325 0 0
0 0 122 -0.0954143 -2.92533 -3.39007 -2.07827 0 0
0 0 123 -0.421855 2.48084 -2.11649 2.37444 0 0
0 0 124 -1.81766 4.70578 1.78943 -3.02612 0 0
0 0 125 0.40239 -3.11353 -8.03395 -1.4769 0 0
0 0 126 1.61518 -1.23027 1.21927 -3.37306 0 0
0 0 127 -1.83986 0.53118 -0.903847 6.51807 0 0
0 0 128 6.331 -1.60417 0.357944 -6.22675 0 0
0 0 129 2.19925 3.73197 2.21828 -3.97783 0 0
0 0 130 2.48887 3.0118 1.9164 2.29908 0 0
0 0 131 5.12736 -1.42681 4.4443 3.05052 0 0
0 0 132 -0.230099 -6.51928 -2.92905 0.0918135 0 0
0 0 133 -0.0218617 2.189 5.92546 4.48176 0 0
0 0 134 -0.186159 -5.67073 -5.57553 1.75294 0 0
0 0 135 -0.502966 -2.03603 -3.82469 0.799949 0 0
0 0 136 0.38159 -6.5299 4.15242 0.194867 0 0
0 0 137 3.46493 2.74492 -9.82798 -1.48817 0 0
0 0 138 0.312125 2.97766 -0.873539 -2.30096 0 0
0 0 139 -0.128697 1.63799 1.81784 -1.39009 0 0
0 0 140 2.0707 -1.92868 1.96693 -1.84413 0 0
0 0 141 -1.13625 -1.79932 -4.49107 1.73607 0 0
0 0 142 2.82839 -3.89285 1.20874 0.56008 0 0
0 0 143 -2.57776 1.02641 0.656403 0.661643 0 0
0 0 144 1.23121 -1.04855 -0.928902 1.02067 0 0
0 0 145 -0.00971872 -1.41654 -4.67046 0.657801 0 0
0 0 146 5.23299 -2.90078 2.98566 2.38029 0 0
0 0 147 3.36808 0.414768 5.88059 4.36059 0 0
0 0 148 1.12209 -2.51842 1.33614 0.547362 0 0
0 0 149 -5.67555 -2.90562 -2.29626 -0.918334 0 0
0 0 150 -4.11652 -2.20631 -1.9722 0.93775 0 0
0 0 151 -1.07351 0.596129 0.0728559 -1.07938 0 0
0 0 152 -0.77154 -0.131161 4.29761 0.5 0 0
0 0 153 -3.13415 2.66626 2.87025 -2.42002 0 0
0 0 154 -0.221452 2.34548 -5.23167 -4.66175 0 0
0 0 155 1.52574 -5.96884 0.199122 -1.97957 0 0
0 0 156 -1.13262 -1.76989 -0.90158 -5.84778 0 0
0 0 157 -2.12601 -6.88079 4.08139 6.86217 0 0
0 0 158 -0.0664685 -4.77143 -9.63619 -2.50027 -58.1713 8.33107
0 0 159 1.62881 -2.19483 -1.00669 -1.38263 0 0
0 0 160 0.855867 -0.224567 -3.83801 2.46196 0 0
0 0 161 1.25239 -3.42806 -0.559352 -1.85889 0 0
0 0 162 -2.69119 -3.58058 -0.311814 -0.182079 0 0
0 0 163 2.66166 0.33806 2.17161 0.451629 0 0
0 0 164 -0.546081 -1.82315 -0.00595141 0.317975 0 0
0 0 165 -0.724976 -0.764323 -4.11817 -0.989854 0 0
0 0 166 -0.371519 -4.99327 -2.51444 -0.117385 0 0
0 0 167 -3.50686 3.84254 -3.21334 -0.143763 0 0
0 0 168 0.0536323 -1.73194 -3.01324 0.804337 0 0
0 0 169 -0.443068 7.52927 -5.28956 3.40403 0 0
0 0 170 -0.677267 1.75803 -1.499 4.34992 0 0
0 0 171 0.135656 -4.50055 -1.2835 -9.74225 0 0
0 0 172 -1.85511 -4.76102 -4.95839 3.06984 0 0
0 0 173 -1.0129 -4.43936 1.61968 0.73342 0 0
0 0 174 2.53881 5.14677 -4.97633 6.41128 0 0
0 0 175 2.70732 -0.426574 -0.971433 -0.895942 0 0
0 0 176 0.0781777 -5.05873 -6.16045 0.78586 0 0
0 0 177 -4.06748 -1.63186 -2.56169 1.91016 0 0
0 0 178 4.99169 1.09897 -2.70168 1.36118 0 0
0 0 179 1.62047 -1.65835 -2.63768 -0.537446 0 0
0 0 180 -4.47708 -2.36414 -0.822207 -5.34659 0 0
0 0 181 3.59253 -4.0529 -0.543406 -2.10583 0 0
0 0 182 1.10864 -8.70289 -0.148501 3.96873 0 0
0 0 183 -4.95779 -4.09202 -3.98802 0.219905 0 0
0 0 184 1.18635 -2.65234 -1.18048 3.00255 0 0
0 0 185 -1.66417 -1.76603 1.85921 -0.551996 0 0
0 0 186 5.28108 0.247736 -1.13866 1.0614 0 0
0 0 187 -1.41593 7.01007 0.508628 0.379609 0 0
0 0 188 -1.93181 -2.5711 -0.318201 1.71381 0 0
0 0 189 -2.38382 -0.392598 2.72202 2.35962 0 0
0 0 190 0.741811 3.48053 -4.84817 -5.37098 0 0
0 0 191 8.09416 -1.40992 -5.26086 3.3046 0 0
0 0 192 -2.119 -2.29592 -0.34253 2.23943 0 0
0 0 193 2.6489 -2.67091 3.3464 -3.4299 0 0
0 0 194 1.17757 0.509909 -1.52796 4.59707 0 0
0 0 195 8.53288 4.15182 -2.21918 -1.7438 0 0
0 0 196 2.34455 -3.83059 -3.36212 1.0852 0 0
0 0 197 -0.0155177 2.12615 7.09681 2.54927 0 0
0 0 198 3.23916 0.253825 0.548518 -1.18606 0 0
0 0 199 9.83455 4.50464 -3.80626 -1.91014 0 0
0 0 200 3.20021 5.41453 -4.27404 -2.08543 0 0
0 0 201 5.16666 4.75232 -0.469603 1.65632 0 0
0 0 202 3.89426 -2.42452 -3.39277 2.94171 0 0
0 0 203 3.31765 -0.124987 -0.395255 -1.70003 0 0
0 0 204 6.93287 8.01939 -0.95773 6.30291 0 0
0 0 205 8.79029 0.847951 -2.80138 -2.20637 0 0
0 0 206 3.8712 -1.31864 -5.78802 -1.53335 0 0
0 0 207 9.72711 5.61301 -4.37681 -0.939249 0 0
0 0 208 7.0739 4.16227 -8.66579 1.0784 0 0
0 0 209 11.5513 5.27748 -12.1394 -3.13206 -33.2518 6.74823
0 0 210 8.49584 4.61471 -8.96763 1.1128 0 0
0 0 211 7.75325 4.33797 -8.36409 -1.53102 0 0
0 0 212 16.1175 6.86716 -12.2937 -1.44466 -30.4063 6.38119
0 0 213 17.8163 3.89733 -13.4176 -2.06997 -36.9017 6.35376
0 0 214 20.2662 10.5451 -13.6965 -2.21457 -26.2035 5.25041
0 0 215 18.0915 4.23406 -14.8804 2.56881 -37.0584 5.73689
0 0 216 14.3458 10.5511 -15.1405 -1.47577 -27.564 4.90156
0 0 217 20.3932 5.74952 -18.8367 1.52472 -36.5131 4.51017
0 0 218 19.4176 7.30437 -14.6495 -8.32856 -31.7494 5.47342
0 0 219 22.027 10.1494 -16.1802 -3.43185 -28.9505 4.72026
0 0 220 22.6652 12.1646 -19.0295 -1.41253 -28.7056 3.99412
0 0 221 22.5717 7.8651 -20.1832 1.9849 -34.3549 4.11524
0 0 222 26.4834 13.6174 -18.0065 6.46571 -26.4508 4.01762
0 0 223 23.0198 7.31118 -22.3354 -1.24216 -35.9375 3.78292
0 0 224 22.9611 6.92581 -22.6981 -1.2984 -36.5158 3.74298
0 0 225 27.2287 4.28023 -18.3234 -2.02254 -38.4259 4.70848
0 0 226 23.0077 2.57665 -23.4901 1.50392 -41.8701 3.73771
0 0 227 22.263 6.95652 -17.6011 1.67869 -34.2172 4.71124
0 0 228 27.4282 6.69062 -20.9639 3.71805 -36.1498 4.03874
0 0 229 24.9225 13.2153 -17.6666 0.183551 -26.601 4.10958
0 0 230 22.4019 4.84924 -20.0228 4.09263 -38.1929 4.30175
0 0 231 25.2368 8.26638 -23.1679 5.39945 -35.1817 3.61869
0 0 232 21.1554 1.14227 -19.6156 5.54498 -43.3336 4.49227
0 0 233 17.0028 7.69485 -19.2772 -2.44043 -34.1198 4.29657
0 0 234 23.134 8.23153 -15.9847 0.74583 -31.3766 4.98718
0 0 235 16.9772 5.5715 -17.782 -2.16007 -36.3015 4.7683
0 0 236 18.1674 3.85231 -20.0026 -0.253372 -39.5494 4.34404
0 0 237 16.7336 3.26039 -11.2974 0.600542 -36.951 7.54939
0 0 238 18.1708 9.60518 -17.7172 5.08786 -30.7681 4.45514
0 0 239 20.7435 1.79271 -20.23 4.90674 -42.4679 4.34766
0 0 240 18.6146 9.92749 -12.9253 2.03101 -26.2367 5.56817
0 0 241 22.9696 4.87596 -12.3655 -1.87295 -34.2398 6.70783
0 0 242 18.237 9.19691 -19.5731 -4.65321 -32.4162 4.13731
0 0 243 17.9081 3.15461 -20.4181 6.53057 -40.6086 4.27892
0 0 244 17.8264 5.42463 -10.5649 3.78042 -31.4107 7.54971
0 0 245 14.0201 9.04595 -10.6354 -1.93602 -24.8086 6.52284
0 0 246 13.5554 2.02351 -11.4647 1.25665 -39.9952 7.59767
0 0 247 17.2728 0.942081 -14.3288 -7.50342 -43.1192 6.14733
0 0 248 16.7625 2.03779 -11.8002 0.765455 -40.1011 7.38566
0 0 249 21.6288 2.14891 -21.1299 0.0065685 -42.0965 4.15816
0 0 250 15.5237 3.78762 -18.1163 1.2116 -39.0956 4.78338
0 0 251 12.4117 -0.00380707 -20.3387 7.80914 -45.0054 4.33875
0 0 252 22.6175 7.34813 -17.0613 2.23427 -33.3495 4.80767
0 0 253 22.2767 6.4536 -26.9256 -1.14478 -38.2607 3.20048
0 0 254 25.3865 9.42984 -15.5896 1.97198 -29.4155 4.94298
0 0 255 25.441 2.76403 -18.9556 0.934916 -40.8519 4.61406
0 0 256 28.6193 7.37053 -26.3959 -1.4237 -37.1993 3.23796
0 0 257 34.3555 4.95693 -29.6775 -1.19452 -40.2588 2.939
0 0 258 31.7447 5.88579 -26.9526 1.71792 -38.8407 3.20996
0 0 259 31.2591 4.32412 -30.0695 -4.53404 -40.9084 2.90937
0 0 260 36.2434 5.424 -30.1012 0.101834 -39.8927 2.89217
0 0 261 30.6666 9.8136 -28.0754 -3.36344 -35.3666 2.99204
0 0 262 40.5454 2.93034 -25.5769 -3.43053 -41.7321 3.43119
0 0 263 41.5577 6.09678 -29.3845 1.10333 -39.1392 2.94988
0 0 264 40.2686 6.67682 -41.6878 -1.71949 -40.4503 2.09421
0 0 265 41.0145 6.25806 -40.6687 -1.53928 -40.626 2.14844
0 0 266 48.4702 8.61882 -40.9034 -0.716206 -39.0506 2.11799
0 0 267 51.3132 5.69129 -46.3149 -2.63887 -41.4972 1.89328
0 0 268 55.1105 6.92251 -39.2598 -2.6275 -40 2.21873
0 0 269 57.8871 9.01116 -46.1224 -2.24673 -39.4725 1.88312
0 0 270 58.6314 10.8088 -43.9683 -2.05594 -38.0944 1.95757
0 0 271 62.7846 6.69704 -51.4242 -2.31157 -41.29 1.70384
0 0 272 64.2213 6.03359 -52.8573 1.75435 -41.744 1.66037
0 0 273 63.5306 6.79698 -54.9989 -0.679634 -41.4774 1.59422
0 0 274 63.9146 6.23904 -54.3869 -3.12552 -41.7279 1.61359
0 0 275 65.4576 8.44932 -65.2293 -2.05906 -41.3097 1.34335
0 0 276 74.766 11.7518 -52.1654 -3.95221 -38.6522 1.65644
0 0 277 71.4964 7.44938 -54.9272 -3.86004 -41.1383 1.59423
0 0 278 78.6278 4.99437 -55.492 -5.26138 -42.4286 1.58481
0 0 279 86.1829 5.53787 -59.0464 -5.83633 -42.321 1.48897
0 0 280 88.2241 3.86262 -66.8013 -2.19842 -43.3453 1.31914
0 0 281 101.105 1.8758 -61.0406 0.905541 -44.1199 1.44509
0 0 282 102.588 4.26848 -71.8643 2.77607 -43.3004 1.22611
0 0 283 100.827 2.75896 -65.2686 0.287762 -43.7897 1.351
0 0 284 110.183 -0.629658 -66.7146 -8.65427 -45.2704 1.32267
0 0 285 107.727 9.23714 -64.0958 3.03773 -40.8997 1.36483
0 0 286 117.008 3.36053 -62.3853 -4.62798 -43.4583 1.41278
0 0 287 126.842 -0.960224 -62.4105 -6.14393 -45.4407 1.4138
0 0 288 137.747 0.254906 -64.4297 -3.80564 -44.8867 1.36962
0 0 289 149.416 -1.55292 -62.2895 -6.33298 -45.7141 1.41631
0 0 290 166.019 2.61094 -60.5474 -1.24657 -43.7654 1.4563
0 0 291 175.413 -2.43597 -43.8892 0.136931 -46.5884 2.00801
0 0 292 184.156 -0.812798 -30.57 -3.95787 -45.7615 2.88578
0 0 293 190.094 -5.24726 -16.2642 -2.58088 -53.9406 5.20125
0 0 294 205.62 -0.960449 1.70594 -2.23579 0 0
0 0 295 209.136 2.50465 13.6869 4.57968 39.8149 6.358
0 0 296 217.614 -6.29196 21.2284 1.66591 53.2547 4.01042
0 0 297 228.309 6.20804 30.5612 0.761632 39.2587 2.83837
0 0 298 238.605 9.18438 46.9772 3.69359 39.4689 1.84881
0 0 299 256.899 2.77854 60.7203 4.32101 43.69 1.45201
0 0 300 267.856 11.049 78.6899 2.49077 41.0036 1.11219
0 0 301 284.43 6.49527 82.3716 5.89497 42.7457 1.0685
0 0 302 293.228 14.9177 89.668 4.83581 40.2772 0.972809
0 0 303 304.637 13.4042 99.7442 2.29059 41.1731 0.878033
0 0 304 310.434 19.2167 108.602 7.48574 39.9828 0.802
0 0 305 315.85 19.9267 114.145 3.5594 40.0487 0.763321
0 0 306 320.243 14.5459 113.011 9.75739 41.3328 0.77544
0 0 307 316.262 25.907 106.063 11.156 38.1369 0.811761
0 0 308 308.633 18.6414 98.2094 4.84728 39.6262 0.885152
0 0 309 307.099 20.3091 96.9613 6.99131 39.0851 0.89367
0 0 310 292.018 19.6421 81.9756 3.38878 38.2627 1.05124
0 0 311 280.692 18.3436 71.8237 12.3307 37.8365 1.19606
0 0 312 279.818 15.9307 61.6708 -0.713213 37.758 1.39213
0 0 313 274.381 17.8833 52.3568 0.174607 35.5708 1.60785
0 0 314 261.459 14.6139 45.037 5.82595 36.0112 1.87744
0 0 315 251.106 12.2771 34.2071 -1.23381 35.1284 2.44947
0 0 316 237.417 8.37305 31.8055 9.84396 37.6255 2.69655
0 0 317 231.247 2.27484 24.7043 -6.0664 42.3694 3.55931
0 0 318 221.005 4.83598 13.0248 -1.05158 34.8152 6.41088
0 0 319 208.615 -0.758827 6.33005 -0.604139 0 0
0 0 320 196.452 6.55434 9.46847 -3.48174 27.654 7.85319
0 0 321 197.627 -1.34685 -3.83791 -3.58607 0 0
0 0 322 191.998 -1.49944 -6.88019 -3.66556 0 0
0 0 323 179.716 -4.15833 -0.691395 -4.50286 0 0
0 0 324 177.214 -4.12846 -8.15916 -2.00425 0 0
0 0 325 172.174 -0.115654 -14.4244 -0.0836334 -45.2297 6.11758
0 0 326 168.188 -0.240166 -12.0693 -4.39824 -45.57 7.31025
0 0 327 159.422 -5.39565 -11.3547 -0.772751 -57.7084 7.11905
0 0 328 156.077 -6.27542 -19.8604 -9.53263 -53.7677 4.26651
0 0 329 153.642 -10.7334 -13.8389 -4.22923 -63.8986 5.18341
0 0 330 151.127 -12.5917 -12.5513 -6.77134 -67.5461 5.15299
0 0 331 146.862 -4.08138 -18.1202 -6.5829 -51.3467 4.7687
0 0 332 141.733 -4.26041 -17.2553 -4.99498 -51.9346 4.98703
0 0 333 141.444 -6.32917 -18.6835 -6.98405 -54.3571 4.50899
0 0 334 129.129 -13.4839 -26.0584 -6.78078 -58.6796 3.0565
0 0 335 127.057 -7.94577 -20.8947 -2.16105 -55.4103 3.986
0 0 336 132.52 -10.3607 -13.4791 -9.08526 -63.7738 5.33803
0 0 337 120.284 -9.08307 -17.7971 -13.6271 -58.5191 4.48667
0 0 338 117.176 -10.3569 -14.8315 -13.4465 -62.4634 5.00065
0 0 339 111.702 -13.5009 -12.625 -15.2121 -68.4601 4.96771
0 0 340 114.679 -6.10602 -14.9748 -8.3833 -56.0917 5.51671
0 0 341 108.287 -4.879 -22.9391 -15.2672 -51.0038 3.77535
0 0 342 99.6266 -13.013 -16.4653 -9.84256 -64.1602 4.32836
0 0 343 98.9173 -10.5868 -12.4843 -11.1484 -65.1491 5.56322
0 0 344 99.4325 -12.5586 -12.399 -15.1807 -67.6832 5.19295
0 0 345 90.1658 -10.8315 -9.50565 -16.814 -69.3651 6.38608
0 0 346 87.6529 -6.69955 -12.7241 -11.8033 -58.8839 6.23904
0 0 347 84.7668 -15.1286 -14.0054 -12.6237 -68.6039 4.45556
0 0 348 75.85 -11.0529 -12.887 -8.15979 -65.3095 5.36586
0 0 349 71.7789 -16.2963 -12.968 -14.9411 -70.7443 4.43383
0 0 350 72.1857 -11.7732 -15.6725 -6.98359 -63.457 4.6261
0 0 351 70.2965 -14.6628 -11.6143 -5.62386 -70.8087 4.93737
0 0 352 66.9263 -15.7763 -12.0958 -10.3218 -71.2612 4.65077
0 0 353 61.1752 -13.2685 -9.72836 -5.38909 -71.8757 5.6276
0 0 354 67.7046 -6.43961 -9.71578 -12.8798 -61.7682 7.74785
0 0 355 60.1837 -14.5263 -9.06756 -2.74526 -74.0134 5.4333
0 0 356 58.5801 -12.7299 -11.945 -5.04846 -68.4111 5.25948
0 0 357 53.7446 -9.3688 -7.75521 -13.2907 -70.1915 7.58232
0 0 358 55.4025 -13.3014 -11.1756 0.215732 -69.9818 5.30535
0 0 359 52.5731 -13.9434 -8.40816 -7.72724 -74.4546 5.71965
0 0 360 49.6236 -10.7857 -9.53489 -10.963 -69.2611 6.39114
0 0 361 49.1599 -13.6705 -8.54424 -6.59158 -73.997 5.77116
0 0 362 45.1227 -16.2283 -9.08014 -11.5086 -75.3859 5.01791
0 0 363 47.3682 -11.5752 -8.13868 -8.19255 -72.4442 6.55208
0 0 364 39.9244 -4.56876 -5.52064 -0.854198 0 0
0 0 365 42.8219 -6.03152 -20.0027 -2.83595 -53.3899 4.25101
0 0 366 32.9801 -10.9554 -4.35617 -9.65973 -79.158 7.97046
0 0 367 40.6212 -9.62987 -11.402 -7.9549 -65.0918 6.1007
0 0 368 32.124 -13.3676 -8.29059 -5.29643 -74.0964 5.91598
0 0 369 35.9309 -13.0221 -8.73559 -2.57709 -73.0726 5.921
0 0 370 30.6595 -11.15 -7.08731 -7.81886 -73.7793 7.03857
0 0 371 31.0696 -3.35002 -6.06944 -6.55596 0 0
0 0 372 36.0379 -7.03012 -3.75853 -1.76594 0 0
0 0 373 24.6315 -7.59739 -5.59924 -1.2764 0 0
0 0 374 32.2814 -11.3247 -8.50396 0.90136 -71.5482 6.53278
0 0 375 27.8082 -2.25861 -6.60326 -4.47522 0 0
0 0 376 20.3459 -11.2532 -4.26387 -0.682297 -79.6241 7.81458
0 0 377 23.9527 -4.28061 -4.4657 -5.95822 0 0
0 0 378 20.6443 -6.74221 -6.73285 -0.703157 0 0
0 0 379 22.3252 -8.06624 -4.35073 1.33387 0 0
0 0 380 20.6588 -5.48791 -5.54181 -1.26747 0 0
0 0 381 17.2322 -6.47922 -0.133465 -2.79018 0 0
0 0 382 15.7367 2.69283 -2.10339 1.88349 0 0
0 0 383 15.3653 -1.43302 -2.51274 -4.79824 0 0
0 0 384 14.2171 -6.43097 -6.43917 -2.5092 0 0
0 0 385 16.5215 -4.96835 -2.91065 0.646171 0 0
0 0 386 16.806 -2.59165 -2.08754 -1.37209 0 0
0 0 387 11.502 -1.79106 -5.41008 -2.10549 0 0
0 0 388 13.1064 -5.64347 0.152627 -5.76346 0 0
0 0 389 14.6949 -1.62091 -3.88944 -0.137654 0 0
0 0 390 14.597 -2.14878 -4.61003 -1.04428 0 0
0 0 391 16.9367 -0.197954 -4.38573 -6.69663 0 0
0 0 392 8.84547 -2.90946 -0.88323 0.52467 0 0
0 0 393 15.1206 -0.447763 1.32646 -4.70569 0 0
0 0 394 10.5636 0.614776 -5.98216 -4.5785 0 0
0 0 395 6.38441 -1.02402 -1.46931 -1.62278 0 0
0 0 396 12.3089 -1.38525 0.909571 -1.0836 0 0
0 0 397 10.4863 -1.36184 -2.63347 -0.409902 0 0
0 0 398 16.9346 0.565203 1.4882 -7.86606 0 0
0 0 399 10.8955 -0.278368 4.72233 -5.78612 0 0
0 0 400 5.2279 0.828811 -4.17044 0.391792 0 0
0 0 401 7.65844 -1.12498 0.710613 -0.726272 0 0
0 0 402 10.1708 1.27732 2.96132 -2.47287 0 0
0 0 403 8.29528 -1.62812 -1.52322 -5.69061 0 0
0 0 404 4.26582 -1.61091 -3.82794 0.0805596 0 0
0 0 405 7.26743 -6.04186 -0.0483644 2.21813 0 0
0 0 406 12.6638 1.64848 3.37309 -1.11323 0 0
0 0 407 5.65826 2.85476 6.68696 1.21459 0 0
0 0 408 3.4659 -5.73378 2.02933 -2.38358 0 0
0 0 409 5.36198 -3.16283 5.12853 4.68364 0 0
0 0 410 9.77555 -1.77349 1.82146 -0.244282 0 0
0 0 411 11.4772 -3.5719 1.07167 1.20779 0 0
0 0 412 11.2138 -5.85696 -0.0491487 -2.36268 0 0
0 0 413 8.75673 4.49574 0.709834 1.87947 0 0
0 0 414 10.7918 -5.62575 2.80322 0.639825 0 0
0 0 415 5.4612 -0.685644 9.27698 -2.23504 0 0
0 0 416 12.75 -1.64764 9.36638 -0.59469 0 0
0 0 417 8.41668 -7.0469 3.31584 4.20779 0 0
0 0 418 1.15785 -1.29446 0.329488 5.18967 0 0
0 0 419 5.31424 -2.93045 8.72721 0.554666 0 0
0 0 420 10.559 -5.45664 4.54657 4.01753 0 0
0 0 421 9.52538 -0.350565 4.50663 0.802508 0 0
0 0 422 14.1741 1.92998 5.79526 -0.518475 0 0
0 0 423 10.0066 -5.29124 9.2087 1.64526 59.9406 8.46727
0 0 424 8.86691 -1.66282 2.80606 -0.847578 0 0
0 0 425 3.44553 -4.75788 6.69168 -6.34046 0 0
0 0 426 10.0493 -0.496358 3.41201 -0.800419 0 0
0 0 427 7.00302 -5.03489 5.65156 -3.6448 0 0
0 0 428 7.25311 1.335 7.14835 -6.22495 0 0
0 0 429 2.31113 -5.07469 1.28691 -0.051349 0 0
0 0 430 7.70825 -6.89184 2.84237 -5.1882 0 0
0 0 431 8.92104 -3.81355 10.7251 2.14126 54.787 7.81959
0 0 432 10.4615 -0.181432 3.5084 -3.01233 0 0
0 0 433 8.82781 -5.20527 5.97303 -1.44156 0 0
0 0 434 10.2726 -7.00233 1.31768 -4.52175 0 0
0 0 435 15.0237 -3.13079 4.36837 -6.03394 0 0
0 0 436 7.80034 -5.7905 12.4161 -0.48665 57.5015 6.52989
0 0 437 3.68924 -7.81246 11.2837 -1.29199 62.3487 6.58944
0 0 438 12.804 -2.08065 2.83105 -5.08981 0 0
0 0 439 15.794 -1.83775 7.42469 -2.88309 0 0
0 0 440 9.50011 -8.39375 4.79681 -0.605569 0 0
0 0 441 12.8196 -5.43395 6.62909 -0.0524506 0 0
0 0 442 11.5317 -2.57909 9.88994 2.78054 0 0
0 0 443 4.04902 -3.63127 4.96851 -4.43784 0 0
0 0 444 10.6331 -3.085 8.26072 -2.68119 0 0
0 0 445 10.3159 -1.30059 3.32477 -6.11163 0 0
0 0 446 5.00958 -1.16075 6.09678 4.36338 0 0
0 0 447 0.763154 -0.369747 10.0153 -5.08339 0 0
0 0 448 6.88816 -7.60066 6.46298 4.85064 0 0
0 0 449 6.50159 -3.64501 8.39918 3.93947 0 0
0 0 450 5.53867 -4.84308 5.33248 5.13025 0 0
0 0 451 4.25837 -4.54601 2.73521 3.41947 0 0
0 0 452 6.11619 -9.54019 2.04791 0.44312 0 0
0 0 453 7.43963 -4.81051 2.61819 -0.288727 0 0
0 0 454 5.14846 -3.54948 -4.69833 -5.78207 0 0
0 0 455 10.5976 -0.798209 3.70119 -1.79921 0 0
0 0 456 1.95983 0.777511 2.79962 -2.93779 0 0
0 0 457 8.86286 -3.51923 7.18116 -7.18323 0 0
0 0 458 10.0401 -3.1396 -3.37705 -0.0681722 0 0
0 0 459 0.900246 -1.51552 1.85529 5.68475 0 0
0 0 460 5.50537 -6.90326 -3.73105 -2.89086 0 0
0 0 461 2.82147 -5.07851 4.39436 1.35252 0 0
0 0 462 -1.38891 -6.55878 3.63533 -2.82652 0 0
0 0 463 3.64607 -1.81361 2.32286 4.69895 0 0
0 0 464 3.65841 0.27319 1.56088 -0.576641 0 0
0 0 465 1.85482 3.17478 1.06494 -1.72025 0 0
0 0 466 -1.62796 -4.81091 -1.63418 5.70668 0 0
0 0 467 6.4513 0.751729 2.6121 -0.104746 0 0
0 0 468 6.67275 -3.69081 5.01821 0.17664 0 0
0 0 469 6.36549 -2.49953 0.815355 7.53355 0 0
0 0 470 -1.53384 3.42893 1.86808 -3.7785 0 0
0 0 471 1.65028 0.213989 4.79259 0.74165 0 0
0 0 472 0.707083 -2.30234 -1.10392 0.882013 0 0
0 0 473 0.236573 -2.2666 5.47901 -1.93013 0 0
0 0 474 3.67015 -3.91262 3.36085 3.35299 0 0
0 0 475 6.69062 0.731289 -0.630298 -3.22374 0 0
0 0 476 8.72949 0.133518 -0.820774 0.462671 0 0
0 0 477 3.98835 -2.43592 2.16706 -1.91012 0 0
0 0 478 3.98153 -5.67099 -1.64526 -1.62647 0 0
0 0 479 0.82357 1.25242 -0.191409 -2.52813 0 0
0 0 480 1.37867 -1.09817 2.79405 -4.02294 0 0
0 0 481 4.84621 -4.30435 -2.04305 -4.52789 0 0
0 0 482 -2.80411 -8.18959 0.901271 0.459218 0 0
0 0 483 2.2436 -1.09251 3.17642 4.21795 0 0
0 0 484 -0.920167 -3.97228 -0.365005 -0.0629063 0 0
0 0 485 -1.21595 -2.80438 5.61697 -0.591524 0 0
0 0 486 -0.831521 -2.71443 5.7971 3.86272 0 0
0 0 487 -4.71317 -2.24523 -2.96686 -1.34756 0 0
0 0 488 4.05007 3.48194 0.151777 -4.54785 0 0
0 0 489 2.61511 -1.83715 2.70404 3.01826 0 0
0 0 490 0.629686 0.210994 4.26614 -2.01378 0 0
0 0 491 -1.92764 -5.13403 -1.07625 -4.78169 0 0
0 0 492 -0.769907 3.50365 -3.2764 2.45164 0 0
0 0 493 5.8999 -1.50979 -3.26445 -1.24287 0 0
0 0 494 3.1296 3.31162 2.82468 -1.50565 0 0
0 0 495 3.17137 -0.726501 -3.18483 -2.81166 0 0
0 0 496 2.43008 0.322832 1.84567 -0.189761 0 0
0 0 497 3.38496 -7.63731 3.34577 0.567535 0 0
0 0 498 3.48482 -0.830746 -2.30575 -2.3427 0 0
0 0 499 -3.04144 -4.394 2.45947 -2.21081 0 0
0 0 500 -1.67477 -5.91867 -1.01085 -4.15195 0 0
0 0 501 -5.46772 2.87671 2.58844 -2.55968 0 0
0 0 502 1.15564 2.17715 -0.802552 -5.85088 0 0
0 0 503 5.06384 -1.54346 2.44389 -5.36398 0 0
0 0 504 1.71585 -4.39059 0.691204 -0.31285 0 0
0 0 505 -4.07043 -2.25951 -2.86998 4.1109 0 0
0 0 506 -0.565396 -0.708392 1.62656 1.55496 0 0
0 0 507 2.56804 -0.637097 -2.34957 -0.635433 0 0
0 0 508 0.764657 -4.84665 -0.808097 1.98891 0 0
0 0 509 4.57286 2.255 1.67121 1.17338 0 0
0 0 510 0.677641 -2.29479 0.319934 -0.33538 0 0
0 0 511 0.955735 2.80303 1.98545 0.603928 0 0
0 0 512 5.69322 4.84117 -3.92846 2.78039 0 0
0 0 513 -2.70102 0.942022 -2.71436 -0.642085 0 0
0 0 514 0.296885 0.667628 4.69519 -0.553035 0 0
0 0 515 1.25028 1.86731 4.73785 4.23075 0 0
0 0 516 -5.27538 1.99018 -1.24781 1.94591 0 0
0 0 517 -0.720315 0.795315 -0.0680543 1.82794 0 0
0 0 518 -1.6146 -1.92587 5.85992 0.0238394 0 0
0 0 519 5.30719 5.14209 -0.845697 -0.417224 0 0
0 0 520 -1.51386 -1.18583 -4.20107 -0.84742 0 0
0 0 521 -2.48047 -3.40265 -5.39487 -0.861295 0 0
0 0 522 -3.03735 -3.91664 -1.53265 1.65948 0 0
0 0 523 0.296579 1.25596 2.16527 4.06556 0 0
0 0 524 3.63232 -1.57616 -6.45442 -1.58264 0 0
0 0 525 -0.68368 -1.74613 -5.36745 1.41471 0 0
0 0 526 0.130654 0.310751 -2.28544 2.6035 0 0
0 0 527 -0.0954053 -2.39985 1.88692 -6.70934 0 0
0 0 528 1.4603 1.5485 -2.66545 2.60191 0 0
0 0 529 2.58046 -3.76875 0.463679 -2.83368 0 0
0 0 530 -1.82333 -3.4619 -0.0447987 -2.03926 0 0
0 0 531 2.07572 3.61339 0.133666 0.827472 0 0
0 0 532 -0.839344 -3.62313 0.69373 0.868193 0 0
0 0 533 -4.33423 1.48546 2.59991 -0.323648 0 0
0 0 534 -0.173667 -8.21696 -2.20245 2.0262 0 0
0 0 535 -1.84498 -3.01283 1.56465 -0.452904 0 0
0 0 536 1.08632 0.0451044 -6.92582 0.10709 0 0
0 0 537 3.04917 -2.25914 4.70311 0.100839 0 0
0 0 538 2.19539 2.58786 3.29685 -3.11791 0 0
0 0 539 1.37648 -3.76129 3.36685 -5.32089 0 0
0 0 540 4.9882 -5.47265 0.627094 2.33419 0 0
0 0 541 0.503338 -1.64228 4.19783 2.00932 0 0
0 0 542 -1.60479 -2.01487 -2.80533 -2.55361 0 0
0 0 543 -0.498358 -2.96927 -7.24205 -0.181823 0 0
0 0 544 0.92588 1.79497 0.355919 0.680127 0 0
0 0 545 -0.574386 2.42832 -1.8266 -2.72223 0 0
0 0 546 -6.03578 -6.2243 -3.06935 0.528502 0 0
0 0 547 -2.68503 -5.7258 1.9 0.156403 0 0
0 0 548 6.02611 2.26377 -3.70872 -2.69049 0 0
0 0 549 -0.948844 0.796852 -6.79446 -2.39142 0 0
0 0 550 0.500284 0.748631 -4.85593 3.33144 0 0
0 0 551 4.54905 -1.32916 1.45622 -0.408483 0 0
0 0 552 -5.35928 -0.884371 -2.38011 1.02687 0 0
0 0 553 2.46241 0.173908 -2.45219 1.82184 0 0
0 0 554 0.863602 -5.12093 1.70744 -4.0709 0 0
0 0 555 1.99462 2.66183 -7.54487 1.29176 0 0
0 0 556 0.706674 0.869555 -3.41528 2.94962 0 0
0 0 557 -1.18356 1.20188 1.83333 -2.92404 0 0
0 0 558 -2.78106 1.52326 -2.5413 -0.209995 0 0
0 0 559 0.282444 -1.40366 0.883549 -1.63407 0 0
0 0 560 1.97361 0.307317 -1.69494 -2.75011 0 0
0 0 561 2.85729 -3.06764 -4.7296 -4.08327 0 0
0 0 562 3.35506 -0.635474 -6.52307 -3.03611 0 0
0 0 563 -3.13237 0.821801 -1.5467 -1.70378 0 0
0 0 564 -0.104771 2.13182 -2.2165 -2.73449 0 0
0 0 565 -0.680825 1.89768 0.431746 -1.64044 0 0
0 0 566 5.07299 -0.237523 -4.1988 -2.43967 0 0
0 0 567 2.94168 4.66951 -2.45008 -1.97715 0 0
0 0 568 4.37927 -4.18857 -0.900783 2.39686 0 0
0 0 569 -5.50863 0.41505 2.25857 3.48444 0 0
0 0 570 -2.0054 -4.52149 -3.88515 2.10173 0 0
0 0 571 -2.57992 4.23012 -1.25759 2.50427 0 0
0 0 572 6.6186 3.70525 2.13565 -5.88331 0 0
0 0 573 -4.75332 -0.249385 -0.641308 -2.25459 0 0
0 0 574 -0.703085 0.0895595 -3.86771 -1.56437 0 0
0 0 575 5.26997 -6.80032 0.0773256 0.754256 0 0
0 0 576 -4.55534 4.80034 3.23934 6.18093 0 0
0 0 577 -2.19675 -5.68203 -4.89224 -1.93638 0 0
0 0 578 3.90432 1.28406 -6.12273 -2.23906 0 0
0 0 579 4.75107 -3.97121 -4.59177 2.83398 0 0
0 0 580 -2.50184 -0.291902 -1.31513 1.97223 0 0
0 0 581 3.88513 -0.753885 -4.52124 -4.31496 0 0
0 0 582 0.083783 1.04412 -2.12449 2.80562 0 0
0 0 583 -7.17848 1.55143 1.19241 1.05236 0 0
0 0 584 3.33653 2.07241 -1.02802 0.194462 0 0
0 0 585 -0.926281 1.22642 -6.31833 1.27188 0 0
0 0 586 3.13569 2.53614 -4.05025 -5.54262 0 0
0 0 587 -2.52579 -0.819053 -2.89539 2.14348 0 0
0 0 588 -2.41451 5.40349 -0.660629 0.99434 0 0
0 0 589 -0.142201 1.12033 -3.88883 0.260088 0 0
0 0 590 1.27786 -0.773791 -1.74938 3.21958 0 0
0 0 591 3.43375 2.44551 -2.68893 -4.46189 0 0
0 0 592 3.61338 -0.50854 -1.14806 -2.03948 0 0
0 0 593 2.42309 -1.6018 0.192321 -0.603501 0 0
0 0 594 2.41127 4.06623 -2.63541 2.75871 0 0
0 0 595 -0.334976 -4.58102 -1.50746 -0.128644 0 0
0 0 596 3.37747 -3.82177 -5.5222 0.378681 0 0
0 0 597 1.53374 -1.10478 -5.82574 -0.0664601 0 0
0 0 598 -1.73403 1.36372 -1.63518 -1.93981 0 0
0 0 599 5.32413 1.32321 5.62145 -0.463197 0 0
0 0 600 2.52428 3.21922 -0.714557 -2.2497 0 0
0 0 601 -2.2975 -0.474902 4.33484 1.20737 0 0
0 0 602 0.739694 1.72113 -1.02068 3.01417 0 0
0 0 603 1.92016 2.77683 -2.13792 -0.498275 0 0
0 0 604 -3.12667 6.09241 0.42285 0.841783 0 0
0 0 605 -0.00186431 2.41787 1.30595 2.17377 0 0
0 0 606 -4.71734 -0.477 0.576173 -0.928312 0 0
0 0 607 1.77951 -3.07541 -2.73182 1.16313 0 0
0 0 608 0.131639 5.27411 -0.411981 0.345519 0 0
0 0 609 4.33118 1.86272 0.166918 -1.69704 0 0
0 0 610 1.47577 3.96986 0.504568 -2.87109 0 0
0 0 611 1.25387 3.86601 -8.57301 7.72971 0 0
0 0 612 5.22511 1.62056 1.78573 0.38091 0 0
0 0 613 4.28716 2.18581 -0.275998 -1.27065 0 0
0 0 614 -2.79025 2.91468 -4.8915 1.69921 0 0
0 0 615 0.471255 -1.97985 6.26007 4.97098 0 0
0 0 616 -0.331894 -4.02882 -4.25754 0.762324 0 0
0 0 617 -0.263031 -3.48945 -2.85584 1.98617 0 0
0 0 618 5.35695 2.09096 -3.84275 3.13717 0 0
0 0 619 3.29832 -0.504364 -0.482643 -1.36808 0 0
0 0 620 -1.97199 4.35679 -1.1823 -4.22225 0 0
0 0 621 0.678655 4.26061 2.58945 1.95089 0 0
0 0 622 -3.15009 -0.416833 -1.28418 2.59168 0 0
0 0 623 -4.20788 -5.02559 0.599357 -1.81716 0 0
0 0 624 3.43749 0.141673 -7.84187 1.60379 0 0
0 0 625 3.7704 5.51111 1.41434 -3.5762 0 0
0 0 626 3.60011 -0.791069 -2.6127 0.481481 0 0
0 0 627 1.83251 0.627943 -2.16023 -1.72894 0 0
0 0 628 0.512647 -2.67388 -3.66504 2.53109 0 0
0 0 629 -5.12576 0.591627 3.71182 -0.615067 0 0
0 0 630 0.385308 3.51337 -4.77447 -0.695385 0 0
0 0 631 0.235564 -0.611871 -1.02192 1.55748 0 0
0 0 632 -4.49938 3.26137 2.3509 4.72002 0 0
0 0 633 -4.84338 3.65531 -4.70501 -1.60977 0 0
0 0 634 0.0259264 -1.13002 -3.92991 1.58424 0 0
0 0 635 5.06771 -1.21873 1.53422 2.73018 0 0
0 0 636 4.55491 -1.35523 3.48546 4.06658 0 0
0 0 637 -0.940125 -1.8716 2.90014 -0.167046 0 0
0 0 638 2.8553 -3.59721 -3.7717 0.422519 0 0
0 0 639 -3.1242 0.120391 -1.54115 -3.604 0 0
0 0 640 3.77777 -0.450077 -5.59246 1.68333 0 0
0 0 641 -0.925086 2.31719 2.78148 3.52207 0 0
0 0 642 6.33498 -1.11625 -1.71426 -5.08171 0 0
0 0 643 -2.95217 -0.46098 -6.32479 1.02403 0 0
0 0 644 -2.54294 -4.08518 -2.03799 2.66872 0 0
0 0 645 -2.9992 1.13832 -3.76227 4.99895 0 0
0 0 646 1.28615 -2.47086 3.21555 1.49749 0 0
0 0 647 -3.05113 -0.70109 4.50901 -5.22719 0 0
0 0 648 -3.68343 -1.19544 3.58952 0.312421 0 0
0 0 649 -2.629 -1.26188 1.65265 -0.473666 0 0
0 0 650 -4.63801 -3.60623 1.11493 0.870846 0 0
0 0 651 -1.60685 -0.819292 -0.240098 -1.16758 0 0
0 0 652 0.633537 -1.26138 -4.33289 1.3159 0 0
0 0 653 2.03833 -4.23922 -2.25892 4.18754 0 0
0 0 654 -3.19647 1.94189 -0.738402 -6.68049 0 0
0 0 655 0.830742 -1.64682 2.20961 -1.34423 0 0
0 0 656 -2.2408 -4.63274 -3.4373 -2.1859 0 0
0 0 657 -0.898641 0.924458 -2.25235 1.9582 0 0
0 0 658 2.05692 3.1118 -2.13342 3.78345 0 0
0 0 659 4.01933 -0.638022 6.34418 0.332531 0 0
0 0 660 -1.54413 -0.66013 0.626992 1.16391 0 0
0 0 661 -4.24348 -0.0721514 -1.5344 2.18085 0 0
0 0 662 3.4839 -4.6113 -7.51253 2.1879 0 0
0 0 663 0.610026 -1.89957 1.12116 -4.32322 0 0
0 0 664 -3.85208 -0.836663 2.14904 5.62323 0 0
0 0 665 3.43959 -1.96812 -0.0120754 -4.40915 0 0
0 0 666 -0.850141 -1.86217 1.96875 0.278742 0 0
0 0 667 4.29655 3.04566 -2.09126 -1.79046 0 0
0 0 668 -0.507558 5.04715 1.3733 0.851228 0 0
0 0 669 2.3959 1.03456 -3.74535 3.60629 0 0
0 0 670 -0.839075 -2.29036 -4.69175 -1.53647 0 0
0 0 671 -1.7458 -0.412065 -0.235383 5.94569 0 0
0 0 672 -2.87842 1.04304 -0.713428 6.32127 0 0
0 0 673 3.52489 -0.570291 -2.4901 0.883115 0 0
0 0 674 -2.1383 -2.76386 -9.27541 -0.571757 0 0
0 0 675 -4.14178 0.266729 1.95896 -4.71391 0 0
0 0 676 0.0788959 3.17411 2.93249 -1.46726 0 0
0 0 677 -3.6813 -0.869667 3.32152 3.89025 0 0
0 0 678 2.78136 1.89786 1.20147 4.06903 0 0
0 0 679 0.194733 -0.973592 -6.04799 -1.12028 0 0
0 0 680 -0.620241 1.25157 5.48501 1.03331 0 0
0 0 681 3.18748 1.30751 -1.29842 4.26801 0 0
0 0 682 -0.954617 -7.29071 1.62171 4.47851 0 0
0 0 683 3.48831 0.571296 4.32134 -1.22672 0 0
0 0 684 -3.58489 -2.91745 0.296954 6.14442 0 0
0 0 685 -3.19815 2.65383 -2.24106 -1.96024 0 0
0 0 686 -4.01596 -1.20288 -7.23485 3.17683 0 0
0 0 687 6.49857 -2.49472 1.47084 -0.248419 0 0
0 0 688 -0.311386 0.840858 -1.80982 -3.08149 0 0
0 0 689 4.466 0.0530839 -3.63036 2.92507 0 0
0 0 690 -0.460883 -2.14649 -0.139738 0.0334129 0 0
0 0 691 0.952888 -1.80526 -3.43902 4.154 0 0
0 0 692 -0.131723 0.509981 -2.7016 -2.06988 0 0
0 0 693 -0.792518 1.77684 -2.01247 4.49624 0 0
0 0 694 0.16392 0.164623 -7.58882 1.05789 0 0
0 0 695 0.928575 1.5856 0.18613 0.545169 0 0
0 0 696 1.86261 4.69505 -1.58062 -2.16923 0 0
0 0 697 -3.36099 -5.90387 -1.19633 -1.04161 0 0
0 0 698 5.869 1.23449 1.31538 -0.133527 0 0
0 0 699 -3.60697 0.400477 -5.49596 -2.68998 0 0
0 0 700 8.19725 1.65578 1.81926 -5.90742 0 0
0 0 701 -1.51517 2.52006 -0.608578 2.13217 0 0
0 0 702 2.97218 1.18679 2.85834 -0.137058 0 0
0 0 703 2.74148 2.31887 5.58423 0.309383 0 0
0 0 704 5.88304 -0.361345 -0.865528 -1.35858 0 0
0 0 705 -5.73487 0.246297 -3.37175 1.37711 0 0
0 0 706 0.637103 6.10806 -2.17996 0.774248 0 0
0 0 707 -1.90057 -2.99323 4.54089 0.60352 0 0
0 0 708 -2.95644 -0.372945 -3.45593 2.67436 0 0
0 0 709 0.761407 1.47908 1.59953 -4.04426 0 0
0 0 710 3.74724 -0.0156103 -1.91546 4.31293 0 0
0 0 711 0.723146 -2.15766 4.56254 0.29853 0 0
0 0 712 0.726026 -0.407321 0.408427 0.391132 0 0
0 0 713 0.200393 3.5403 -1.80904 4.46004 0 0
0 0 714 -1.42952 0.950055 -4.07825 0.462173 0 0
0 0 715 -0.982967 -2.70515 0.611927 -0.834794 0 0
0 0 716 -2.62646 -1.82333 0.830663 -1.16318 0 0
0 0 717 2.27427 5.85564 -0.655808 -2.06278 0 0
0 0 718 2.72532 -5.54174 -1.22448 -3.39853 0 0
0 0 719 4.88634 -2.32051 0.436947 4.47727 0 0
0 0 720 1.93433 2.28153 3.88261 4.23722 0 0
0 0 721 2.27555 -5.12688 -1.1247 8.46482 0 0
0 0 722 2.24278 0.376476 -0.402413 1.17963 0 0
0 0 723 2.80159 2.18323 -4.82824 0.329161 0 0
0 0 724 4.13758 4.64067 -1.54788 -2.27864 0 0
0 0 725 0.237724 -4.73292 0.653563 3.36086 0 0
0 0 726 -3.31605 5.38598 1.34859 0.991892 0 0
0 0 727 -3.57955 0.202136 -4.09552 -3.03534 0 0
0 0 728 -1.93272 -2.77047 4.11048 -2.51827 0 0
0 0 729 2.93106 -3.43652 -6.365 1.45576 0 0
0 0 730 -0.503248 -3.09505 -3.17149 -1.51098 0 0
0 0 731 1.03476 -1.1351 -4.26432 -5.1418 0 0
0 0 732 4.88367 3.7544 -2.13366 -3.21393 0 0
0 0 733 -4.11639 -1.0235 1.46693 -0.39527 0 0
0 0 734 1.39369 1.17233 -1.79995 -2.29483 0 0
0 0 735 -0.772427 0.437307 1.93589 2.0149 0 0
0 0 736 4.31945 -2.74394 -2.28794 -1.38383 0 0
0 0 737 4.08006 -3.21018 1.95983 2.86803 0 0
0 0 738 3.71566 2.69407 3.79289 -2.74867 0 0
0 0 739 0.130841 -0.778724 -0.914483 -1.83104 0 0
0 0 740 0.137409 -4.23358 -1.85591 4.97849 0 0
0 0 741 4.85631 -0.517404 3.76651 2.59881 0 0
0 0 742 -4.0705 -4.81764 -2.33627 1.25174 0 0
0 0 743 3.43346 -3.44845 -1.98835 -3.28784 0 0
0 0 744 -0.675832 -3.84451 2.482 0.458155 0 0
0 0 745 -1.92709 5.7122 -3.36684 -1.79287 0 0
0 0 746 2.08727 -3.70589 0.0225868 3.73884 0 0
0 0 747 1.79549 4.13275 -0.320952 -1.74852 0 0
0 0 748 -0.351356 -4.80518 -4.19409 -2.73126 0 0
0 0 749 -0.0685517 0.902754 -1.58983 -0.215555 0 0
0 0 750 0.562438 -2.04338 0.570359 -0.555199 0 0
0 0 751 4.91511 -1.90679 -2.17453 -2.13625 0 0
0 0 752 -0.523491 -0.319748 -3.82482 -4.24793 0 0
0 0 753 0.992371 -1.25346 -3.81654 -0.638182 0 0
0 0 754 3.79088 1.90906 -1.54486 1.86982 0 0
0 0 755 0.324733 4.35042 -0.81943 -0.533988 0 0
0 0 756 1.5935 2.19409 -0.632825 0.0455889 0 0
0 0 757 5.10551 -7.34113 4.15942 -2.45339 0 0
0 0 758 2.17048 2.74595 -2.03998 -0.0262655 0 0
0 0 759 0.746173 -2.77753 0.334875 1.95585 0 0
0 0 760 -2.71278 2.66682 1.80286 0.636283 0 0
0 0 761 0.966318 4.38309 -4.50112 -3.1848 0 0
0 0 762 1.5916 -4.30021 2.44161 2.40959 0 0
0 0 763 4.52778 -3.84593 -2.15711 -4.16978 0 0
0 0 764 3.75495 -5.5741 0.319089 -1.57528 0 0
0 0 765 -2.55451 -0.603878 -2.81178 1.1114 0 0
0 0 766 -7.05207 -2.86688 -0.153504 -2.98151 0 0
0 0 767 3.68293 -0.245201 -4.80123 -2.10647 0 0
0 0 768 -2.11812 2.23453 3.26703 -0.466378 0 0
0 0 769 5.53747 1.67549 3.33361 4.15107 0 0
0 0 770 -0.495927 1.44517 2.73406 -3.60362 0 0
0 0 771 0.553773 3.6584 -3.28908 1.88521 0 0
0 0 772 4.18688 -1.46427 0.00406097 1.54126 0 0
0 0 773 0.410859 -0.343522 -1.65722 -0.760373 0 0
0 0 774 2.5991 -2.20879 0.707458 -1.04637 0 0
0 0 775 -0.507321 7.21011 -2.67521 1.21096 0 0
0 0 776 2.43331 1.4949 -0.946813 7.04279 0 0
0 0 777 -2.18432 6.38327 1.76988 0.244731 0 0
0 0 778 0.328946 -0.377551 -0.864478 3.53241 0 0
0 0 779 1.77241 -0.0991624 2.6618 -2.916 0 0
0 0 780 2.80599 -5.15177 0.0735732 -2.83709 0 0
0 0 781 5.28538 1.5753 -1.72429 3.80026 0 0
0 0 782 -1.95682 1.29139 0.391258 2.2427 0 0
0 0 783 -0.251254 -1.48385 0.581225 -2.66451 0 0
0 0 784 2.66338 4.94137 0.923512 -0.124158 0 0
0 0 785 -1.12291 -3.67821 0.412534 2.02627 0 0
0 0 786 2.42632 3.99805 -4.49536 -0.0817487 0 0
0 0 787 2.0975 2.51934 1.0885 -3.63712 0 0
0 0 788 -5.30866 -1.3545 -0.330978 -2.57011 0 0
0 0 789 -0.107887 -0.0558531 -0.19109 0.758951 0 0
0 0 790 -0.727029 1.46344 -3.01402 1.93113 0 0
0 0 791 -3.15806 2.30634 -3.47698 0.951357 0 0
0 0 792 -1.61842 -2.39243 -5.29286 2.8491 0 0
0 0 793 2.80098 0.0389066 -1.04202 -3.9682 0 0
0 0 794 4.1286 0.543584 5.27989 0.339613 0 0
0 0 795 1.665 0.867961 -4.36909 -4.14497 0 0
0 0 796 2.55275 2.30229 3.76172 -0.303339 0 0
0 0 797 -2.39183 -2.56472 -0.825088 0.0395042 0 0
0 0 798 -1.81817 -2.95834 -0.791041 5.00637 0 0
0 0 799 -0.183479 -2.5296 -5.36839 -4.94723 0 0
0 0 800 -3.98242 4.45034 -3.4596 1.59768 0 0
0 0 801 1.36062 4.33271 -0.0203426 -2.44577 0 0
0 0 802 -1.35566 5.20643 -4.06723 2.88807 0 0
0 0 803 3.08939 3.15634 1.66705 0.490228 0 0
0 0 804 -2.7558 4.44234 0.274956 0.193474 0 0
0 0 805 0.88189 2.47731 -1.66855 -4.92617 0 0
0 0 806 1.17163 2.41019 -5.83359 -4.30958 0 0
0 0 807 -3.70149 -1.7523 1.4076 -0.239176 0 0
0 0 808 -0.564997 -3.2903 -1.7528 -2.32106 0 0
0 0 809 -2.74862 -0.322625 -3.70587 2.07044 0 0
0 0 810 2.43142 -2.27257 5.88295 2.20508 0 0
0 0 811 -3.14661 3.87128 -2.731 2.31671 0 0
0 0 812 0.339729 2.85001 -3.01547 -2.01147 0 0
0 0 813 3.329 -5.59895 -1.01312 -1.35285 0 0
0 0 814 -2.87451 1.25096 -0.844798 2.31485 0 0
0 0 815 -3.99932 -2.03092 -0.465535 -1.55515 0 0
0 0 816 4.70768 0.159135 2.24103 -2.36608 0 0
0 0 817 -0.857268 3.95614 -0.156075 -0.299433 0 0
0 0 818 0.165117 5.89507 2.32712 6.06496 0 0
0 0 819 2.50433 3.36501 -5.34711 3.23649 0 0
0 0 820 2.76158 -3.17749 4.92752 -0.611704 0 0
0 0 821 2.74824 0.285 2.60827 -2.23163 0 0
0 0 822 1.91714 1.09639 8.29431 5.75927 0 0
0 0 823 4.07887 -0.966635 -2.27466 0.238821 0 0
0 0 824 -2.05293 1.83724 -0.890868 -0.303315 0 0
0 0 825 -3.36278 -4.55172 3.47005 3.21369 0 0
0 0 826 -0.699903 0.182883 0.838478 1.34684 0 0
0 0 827 -0.588811 2.72671 3.13922 -5.18094 0 0
0 0 828 -2.7977 0.164215 0.410639 -0.40764 0 0
0 0 829 -7.0318 -3.5151 1.24832 -1.73312 0 0
0 0 830 -2.21965 -0.568105 2.90359 -1.37267 0 0
0 0 831 1.40187 -3.72769 -5.67568 -1.1585 0 0
0 0 832 -1.09029 -1.87114 1.63394 -0.247708 0 0
0 0 833 -0.344075 -0.398233 -4.7114 -1.08341 0 0
0 0 834 3.7466 0.0125376 -7.7594 -3.63237 0 0
0 0 835 3.87434 1.26546 0.990903 0.886827 0 0
0 0 836 -0.259687 0.90484 -1.16531 -2.33339 0 0
0 0 837 -1.79722 -1.71906 3.53356 -0.909105 0 0
0 0 838 1.15439 -2.34467 -4.02859 2.03412 0 0
0 0 839 3.5976 0.790387 -2.00364 0.229925 0 0
0 0 840 4.1018 -0.90574 4.99795 1.77396 0 0
0 0 841 1.05801 2.49549 -0.948672 0.0558462 0 0
0 0 842 0.210296 1.14672 5.96297 4.84516 0 0
0 0 843 2.19667 0.0943756 1.35489 -2.13848 0 0
0 0 844 -3.57279 5.1292 -4.52022 2.75598 0 0
0 0 845 -1.64415 -3.25148 2.92445 -6.5851 0 0
0 0 846 -1.13466 -0.574751 2.09448 -5.40286 0 0
0 0 847 3.43066 -2.53247 3.95902 0.757269 0 0
0 0 848 -0.533612 -1.32549 -1.93599 -2.64106 0 0
0 0 849 -3.4095 0.199313 -0.494969 -0.0692843 0 0
0 0 850 -4.68189 5.86545 -2.84444 -1.31584 0 0
0 0 851 3.00679 -5.73885 -1.16791 -5.46687 0 0
0 0 852 4.87407 -0.870132 3.89413 5.80939 0 0
0 0 853 -4.92535 -3.51983 4.01007 -0.875094 0 0
0 0 854 3.54329 3.4322 -8.06233 2.02784 0 0
0 0 855 0.713561 -0.107757 0.576817 -1.64514 0 0
0 0 856 -5.05127 1.42034 4.6837 -0.617913 0 0
0 0 857 -0.000801682 -2.5464 5.23519 0.613874 0 0
0 0 858 0.478318 -5.16892 5.42691 -4.94584 0 0
0 0 859 -0.793907 1.49285 3.67477 -1.98868 0 0
0 0 860 -1.04554 0.201417 -3.50275 0.413982 0 0
0 0 861 0.378092 -4.6419 1.73002 0.755203 0 0
0 0 862 -0.650549 0.660733 3.18095 -0.0491011 0 0
0 0 863 1.36894 -0.264592 -1.72428 2.94363 0 0
0 0 864 1.77869 -2.3177 -1.2647 -1.04422 0 0
0 0 865 -3.48162 1.93506 -4.44763 4.32708 0 0
0 0 866 -2.7046 -8.13402 -4.58064 3.15658 0 0
0 0 867 0.218388 4.67973 -0.021633 -0.589962 0 0
0 0 868 2.9089 -2.01158 0.435755 2.14177 0 0
0 0 869 2.77867 5.24375 -0.226593 0.904251 0 0
0 0 870 -5.32574 -1.40225 -2.67782 -1.29292 0 0
0 0 871 0.540275 1.72309 0.451927 0.211097 0 0
0 0 872 -2.57687 -5.2215 -0.617498 -1.6088 0 0
0 0 873 0.183647 -2.69023 -0.900504 5.57426 0 0
0 0 874 2.58557 -5.64151 4.6994 0.198741 0 0
0 0 875 0.770254 2.81216 4.03012 2.04946 0 0
0 0 876 -2.15747 0.1212 -0.853492 3.53511 0 0
0 0 877 -0.221098 1.55095 -6.24683 -0.311049 0 0
0 0 878 -0.682353 -0.257291 -4.28458 0.990112 0 0
0 0 879 0.495484 -2.94603 -1.03006 -1.68815 0 0
0 0 880 -7.33473 -5.45789 -4.27938 1.82906 0 0
0 0 881 0.714602 4.42906 -1.21521 1.24564 0 0
0 0 882 0.204664 1.04084 1.79443 0.870881 0 0
0 0 883 -0.231439 -1.00602 1.6922 -3.52279 0 0
0 0 884 6.84005 0.391126 -1.27968 -0.750466 0 0
0 0 885 2.95711 -0.470916 -2.89123 2.0584 0 0
0 0 886 6.26557 4.78091 2.92729 1.95517 0 0
0 0 887 3.39241 4.44872 2.32187 -0.575986 0 0
0 0 888 -5.4869 0.559068 -1.05459 5.53626 0 0
0 0 889 0.433642 -1.74196 5.67764 0.882673 0 0
0 0 890 1.09442 -4.2531 0.74585 0.82504 0 0
0 0 891 -0.788304 3.33548 -3.84448 6.11803 0 0
0 0 892 4.3964 -1.17525 -0.245528 0.273787 0 0
0 0 893 -0.0389045 -1.56807 1.31162 4.38918 0 0
0 0 894 2.50987 -2.92528 -1.78572 -0.0322543 0 0
0 0 895 2.06987 1.4454 -3.61699 0.302163 0 0
0 0 896 -5.36252 -4.16612 0.0615472 -3.24482 0 0
0 0 897 3.61109 -0.995536 1.33753 -1.11405 0 0
0 0 898 -0.849483 -3.443 1.57665 6.37454 0 0
0 0 899 -1.64906 2.06121 -1.01972 2.07763 0 0
0 0 900 -3.4438 -2.21731 -4.53865 -1.5201 0 0
0 0 901 0.0953095 5.52995 -2.07568 0.742286 0 0
0 0 902 4.08691 -1.30425 -0.724255 -1.16333 0 0
0 0 903 -0.141903 1.90977 1.1094 0.879857 0 0
0 0 904 2.8111 2.04069 -3.63124 -2.10078 0 0
0 0 905 0.322739 0.250663 -1.52218 0.692982 0 0
0 0 906 -2.65395 -0.807076 0.560377 -0.681216 0 0
0 0 907 -1.25565 -2.995 -2.96746 -3.13631 0 0
0 0 908 1.00974 0.60665 4.04802 -2.79801 0 0
0 0 909 -2.46001 -6.66959 4.9539 -0.548818 0 0
0 0 910 1.18271 -3.32113 2.5798 -1.10372 0 0
0 0 911 -0.200654 3.25645 -1.50904 -0.143308 0 0
0 0 912 -1.082 -3.8333 0.781932 -3.30802 0 0
0 0 913 -0.534009 -5.10895 -0.19964 -0.392199 0 0
0 0 914 -2.59168 1.81044 -2.26291 -2.01608 0 0
0 0 915 -0.426668 1.80704 -2.46125 4.26043 0 0
0 0 916 1.07052 0.113095 -1.94874 1.16081 0 0
0 0 917 3.67103 4.9977 1.54554 -3.99131 0 0
0 0 918 -1.27937 0.954163 -1.11391 1.05319 0 0
0 0 919 7.4136 -4.33898 -4.54554 -4.29126 0 0
0 0 920 1.23088 -0.939096 0.411087 1.84026 0 0
0 0 921 -1.60889 0.437902 -0.517891 2.49814 0 0
0 0 922 -1.98045 3.50375 -2.87465 1.86316 0 0
0 0 923 2.80999 0.986869 -1.66463 -1.58897 0 0
0 0 924 5.07926 0.350666 3.28999 -0.0758257 0 0
0 0 925 6.12963 -5.99382 1.80959 2.0148 0 0
0 0 926 3.32467 -4.27029 1.31076 1.01583 0 0
0 0 927 2.33338 0.892473 1.02265 -3.87624 0 0
0 0 928 3.16514 -2.04907 -2.41125 -0.402603 0 0
0 0 929 3.0519 1.50972 0.477424 -2.75336 0 0
0 0 930 6.399 -1.98448 2.0602 -2.16802 0 0
0 0 931 -0.797056 -0.419997 5.63769 1.34443 0 0
0 0 932 -0.602857 -1.27226 2.66151 -3.70258 0 0
0 0 933 -0.809934 -2.04014 -1.84107 2.41537 0 0
0 0 934 0.569625 1.11304 1.23848 -2.51519 0 0
0 0 935 2.09918 4.90793 -9.37503 0.29553 0 0
0 0 936 0.856785 0.983849 5.04377 -2.97076 0 0
0 0 937 3.87304 -3.99079 3.2576 4.37875 0 0
0 0 938 3.78822 4.72239 4.62479 0.538298 0 0
0 0 939 -4.04381 3.0899 2.48987 2.08563 0 0
0 0 940 -0.213232 1.23024 2.74807 -1.24914 0 0
0 0 941 -3.17901 -2.78597 3.29445 -3.90861 0 0
0 0 942 -0.803919 -2.47283 0.192182 0.695958 0 0
0 0 943 -0.751124 2.02809 -0.29923 2.71267 0 0
0 0 944 -1.90198 -0.587731 -1.13606 2.26449 0 0
0 0 945 -5.41321 -3.38397 -0.878567 2.71208 0 0
0 0 946 5.60153 0.834788 -3.5202 -1.99786 0 0
0 0 947 -0.293741 0.772848 -1.60242 0.0852608 0 0
0 0 948 1.21086 -2.82553 1.1956 -3.27114 0 0
0 0 949 -2.09291 4.49709 -2.67462 2.34075 0 0
0 0 950 -0.42738 2.2022 3.86601 0.651751 0 0
0 0 951 1.51581 3.69128 -1.44825 3.5575 0 0
0 0 952 -0.329654 -1.40196 -3.32035 2.10334 0 0
0 0 953 0.00290251 5.27827 -4.74999 -4.61902 0 0
0 0 954 2.52496 4.87804 4.01242 -3.6332 0 0
0 0 955 0.0274434 6.26582 -3.1337 -0.977682 0 0
0 0 956 2.61406 -1.54942 -1.00152 -0.125361 0 0
0 0 957 0.825872 -3.71153 2.58127 2.19725 0 0
0 0 958 3.8242 -0.547724 -1.33006 3.32739 0 0
0 0 959 0.17526 1.64665 -3.47782 4.35234 0 0
0 0 960 -0.0399185 3.83367 -2.37046 -1.29711 0 0
0 0 961 7.08868 -0.678607 0.204652 0.149174 0 0
0 0 962 -0.329522 3.85857 1.89128 0.957909 0 0
0 0 963 1.2608 -3.22276 -4.4499 -2.6885 0 0
0 0 964 4.39139 -0.774936 -1.43109 0.969426 0 0
0 0 965 3.81999 4.83383 -0.93984 -1.86772 0 0
0 0 966 2.96772 -3.28151 3.4545 -1.06848 0 0
0 0 967 -1.07573 -1.37859 -0.630267 2.90776 0 0
0 0 968 -1.40459 2.62739 -3.32235 -1.98797 0 0
0 0 969 -1.55676 1.10696 -6.40397 3.37364 0 0
0 0 970 0.202714 0.463388 0.504762 -2.16758 0 0
0 0 971 4.4916 -2.93856 1.25402 0.254126 0 0
0 0 972 0.895434 -6.37455 1.47651 -4.85307 0 0
0 0 973 4.58679 0.758726 3.86698 -1.14912 0 0
0 0 974 -0.0397247 1.38479 -0.754824 2.84325 0 0
0 0 975 1.51715 0.00556475 6.90445 0.837491 0 0
0 0 976 -1.72476 0.394733 -1.43386 1.13115 0 0
0 0 977 -8.14677 3.55044 2.44726 -0.377161 0 0
0 0 978 4.08058 -1.3097 -1.0135 0.655683 0 0
0 0 979 0.731662 -0.44513 -5.25986 -1.32529 0 0
0 0 980 -5.16166 1.80753 5.02549 1.78456 0 0
0 0 981 -6.35975 3.01548 3.22653 1.40165 0 0
0 0 982 -0.315838 -6.00992 0.682376 -3.20709 0 0
0 0 983 3.98747 -2.72651 -1.94701 -4.04385 0 0
0 0 984 -0.770849 0.877339 -0.293017 -2.63454 0 0
0 0 985 -5.58788 -0.123952 1.78145 1.55143 0 0
0 0 986 -0.669581 -2.49949 -0.282553 1.28048 0 0
0 0 987 1.67285 5.83552 5.22836 2.89054 0 0
0 0 988 1.37013 0.583663 1.72426 1.12918 0 0
0 0 989 1.44067 2.86779 -2.9479 -3.78851 0 0
0 0 990 0.696903 -0.237629 3.21635 0.0569063 0 0
0 0 991 2.18788 -0.494541 -1.30489 -0.841265 0 0
0 0 992 3.89068 -0.976679 0.60823 -0.670036 0 0
0 0 993 2.81206 1.22618 6.65772 1.49758 0 0
0 0 994 -4.5074 -3.13192 -2.04899 -0.633459 0 0
0 0 995 1.57654 1.27123 3.66598 1.60766 0 0
0 0 996 -0.31322 4.93217 5.56811 -1.50952 0 0
0 0 997 -2.73764 -2.38253 6.07556 -2.54718 0 0
0 0 998 0.899525 -3.50184 -1.3647 -0.029977 0 0
0 0 999 1.50195 -0.339918 -1.1558 1.01626 0 0
0 0 1000 1.56929 4.12387 4.60606 4.05274 0 0
0 0 1001 4.93942 -5.34287 0.75145 3.85882 0 0
0 0 1002 -5.22593 -5.64557 0.382002 -0.480643 0 0
0 0 1003 -4.12829 -4.23968 1.79729 -2.82517 0 0
0 0 1004 -1.78925 -0.284974 1.84292 -2.24373 0 0
0 0 1005 -0.0592906 0.999506 3.1314 3.40399 0 0
0 0 1006 -2.19314 1.77448 -2.27779 6.75176 0 0
0 0 1007 0.26141 6.85549 -0.430171 3.46261 0 0
0 0 1008 -0.39801 2.81232 -2.95071 0.481854 0 0
0 0 1009 6.56316 -2.42065 -5.27141 2.36103 0 0
0 0 1010 2.36056 -2.24061 -0.188542 2.95122 0 0
0 0 1011 -4.62594 -3.90553 0.2457 0.45408 0 0
0 0 1012 -3.37378 1.02597 -4.08395 2.69354 0 0
0 0 1013 4.20956 -3.44302 -3.48557 2.40646 0 0
0 0 1014 4.86087 1.03639 2.56019 -1.23377 0 0
0 0 1015 6.74694 2.60363 -2.26525 -0.50702 0 0
0 0 1016 -3.20146 -0.5779 -0.195087 0.422443 0 0
0 0 1017 5.14357 -1.96521 0.750894 -1.4123 0 0
0 0 1018 -1.30631 2.10608 -10.7988 0.142733 -39.4821 8.04337
0 0 1019 1.69358 2.62574 0.269543 -3.92973 0 0
0 0 1020 -4.64786 -0.733629 -2.39079 4.22373 0 0
0 0 1021 4.51581 -0.183832 2.41323 -0.39883 0 0
0 0 1022 -2.86339 -2.53304 -2.05255 -0.348132 0 0
0 0 1023 -0.28207 2.00812 -1.86101 4.1937 0 0
