# File: uwl_220529_124113_Combined.rf.sbB2.RMC_aux Src: J1713+0747 Nsub: 1 Nch: 1 Npol: 4 Nbin: 1024 RMS: 3.08323
0 0 0 17.4547 -4.73603 -2.02666 -0.240202 0 0
0 0 1 18.2247 -9.1686 -6.5541 -3.81953 -72.2206 7.73051
0 0 2 10.5775 -3.47303 -4.52982 -5.37232 0 0
0 0 3 12.3195 -3.9521 -0.665613 -2.55462 0 0
0 0 4 10.2179 -7.80249 1.23015 2.01165 0 0
0 0 5 9.05511 -7.00828 -5.58346 -3.05157 0 0
0 0 6 9.50367 -1.50516 -1.26943 -3.64048 0 0
0 0 7 14.935 -3.74182 -1.24783 -2.40615 0 0
0 0 8 18.5463 1.3256 1.87814 -0.747125 0 0
0 0 9 10.2259 -4.74179 2.36456 1.82814 0 0
0 0 10 9.59597 -5.18172 3.8101 -0.307395 0 0
0 0 11 4.38673 -1.93624 -5.14644 0.151567 0 0
0 0 12 7.48358 -5.55149 0.595261 -1.44097 0 0
0 0 13 11.4883 -5.51342 -3.0327 0.846193 0 0
0 0 14 5.83546 -3.56093 -4.71236 -4.29482 0 0
0 0 15 5.703 0.0954196 2.54532 -5.99354 0 0
0 0 16 8.60225 -3.96636 -0.973687 -0.199529 0 0
0 0 17 3.99351 -3.46197 0.885791 -5.21626 0 0
0 0 18 12.6929 -0.295605 -2.09124 -5.85655 0 0
0 0 19 5.87636 0.865505 -1.43526 -2.62041 0 0
0 0 20 5.12943 -0.119049 1.61872 1.97475 0 0
0 0 21 11.6141 0.389334 0.677469 0.0637622 0 0
0 0 22 11.596 -2.18695 1.87163 -2.11514 0 0
0 0 23 6.64823 -3.71442 -2.60734 0.0114627 0 0
0 0 24 4.41437 -2.52192 4.44863 1.74238 0 0
0 0 25 5.67585 0.0884748 2.47202 -4.14178 0 0
0 0 26 -0.435811 -6.33063 -0.912316 -2.86026 0 0
0 0 27 6.66143 -0.663545 0.968561 -5.60743 0 0
0 0 28 3.15002 -3.76817 2.30016 -3.8561 0 0
0 0 29 4.7831 -1.22567 -4.1222 0.164073 0 0
0 0 30 11.4231 -1.35553 1.94231 -0.465039 0 0
0 0 31 -0.140606 -2.34255 -0.488307 -5.6939 0 0
0 0 32 3.1089 -0.667602 -0.44402 3.86977 0 0
0 0 33 2.00704 0.273143 2.20352 0.918813 0 0
0 0 34 0.743908 -3.92937 0.138333 2.3988 0 0
0 0 35 4.72258 1.85208 1.2432 1.19326 0 0
0 0 36 7.76027 2.42837 1.77914 1.16696 0 0
0 0 37 7.61067 1.08005 1.19451 -2.01976 0 0
0 0 38 8.91997 -0.776922 6.37618 1.2855 0 0
0 0 39 5.45718 -0.392475 0.209516 -0.426136 0 0
0 0 40 3.07942 1.54597 0.016992 2.008 0 0
0 0 41 5.92433 -0.535783 0.719459 -3.49903 0 0
0 0 42 7.88739 -3.12143 0.239216 -0.66118 0 0
0 0 43 -2.19924 -1.80228 9.42068 1.62829 0 0
0 0 44 4.92021 -7.07972 1.23238 0.14364 0 0
0 0 45 3.30481 2.92296 2.65588 -3.50187 0 0
0 0 46 10.9252 -1.04559 6.50054 2.82795 0 0
0 0 47 4.6162 1.81854 8.24558 -0.324764 0 0
0 0 48 6.26271 -2.49791 4.1392 2.39936 0 0
0 0 49 6.11764 -1.42274 0.133411 4.32882 0 0
0 0 50 7.84149 3.76614 3.25546 -2.52705 0 0
0 0 51 2.62772 0.939077 2.78014 0.321527 0 0
0 0 52 3.35388 -0.810708 2.77657 0.434396 0 0
0 0 53 6.57068 -3.32939 1.98766 -4.83154 0 0
0 0 54 8.33287 -4.97328 7.07872 2.5379 0 0
0 0 55 2.31772 -3.67027 1.66072 -0.0426604 0 0
0 0 56 10.1963 -5.76572 4.92938 -3.96792 0 0
0 0 57 2.11718 -1.92711 3.77266 -3.86553 0 0
0 0 58 6.51144 -1.10856 6.91054 -3.31204 0 0
0 0 59 2.31769 -1.52105 -1.83045 -0.768448 0 0
0 0 60 5.90547 -6.86498 0.181212 -3.48602 0 0
0 0 61 1.27577 1.30844 2.4603 -1.67872 0 0
0 0 62 6.47728 -2.58073 6.99797 -2.93693 0 0
0 0 63 -0.485135 -0.356366 9.17157 0.863275 0 0
0 0 64 3.08251 -3.3613 2.74232 -4.60416 0 0
0 0 65 6.33361 -2.63777 4.40549 1.68934 0 0
0 0 66 9.66982 -3.70549 -1.77076 1.52554 0 0
0 0 67 4.65622 -0.281406 1.77377 0.257867 0 0
0 0 68 5.32426 -0.898365 9.07623 0.0994333 0 0
0 0 69 4.43421 -1.58686 6.70577 -3.25402 0 0
0 0 70 4.99471 -4.06276 4.15472 -1.10396 0 0
0 0 71 6.00249 -0.36893 7.87889 -0.495653 0 0
0 0 72 0.96198 -7.28793 5.01269 -3.06226 0 0
0 0 73 1.52636 -2.36086 5.99192 -0.819426 0 0
0 0 74 2.92359 -1.75914 -1.51252 4.01831 0 0
0 0 75 3.23814 -8.36639 5.62969 1.84653 73.0318 8.6586
0 0 76 2.72418 -2.8581 4.433 -2.20317 0 0
0 0 77 4.5271 -1.50681 -0.758615 -0.781515 0 0
0 0 78 1.96849 -9.80447 2.36316 -1.77625 83.2243 8.83743
0 0 79 3.64583 -2.50629 7.76934 -5.87099 0 0
0 0 80 5.67296 1.70943 -0.576247 -3.12227 0 0
0 0 81 3.33148 -2.39425 0.96482 -0.394554 0 0
0 0 82 9.59929 -4.20885 1.48637 3.24972 0 0
0 0 83 7.38424 0.685884 2.53055 -1.41017 0 0
0 0 84 0.685893 -1.14245 6.66426 4.37113 0 0
0 0 85 4.10044 2.5703 -1.27325 -1.84568 0 0
0 0 86 -0.868219 -1.50852 -0.0544075 -1.68571 0 0
0 0 87 5.84511 -1.33172 0.215238 -0.475566 0 0
0 0 88 3.44722 4.76941 0.718433 1.55294 0 0
0 0 89 2.04785 0.137407 -1.35438 1.32813 0 0
0 0 90 4.27761 -0.80984 -2.41087 -3.85392 0 0
0 0 91 2.75246 -0.707399 3.33659 -0.174202 0 0
0 0 92 0.467301 7.02816 3.00816 -1.34241 0 0
0 0 93 -0.0479374 -3.62294 -3.67051 0.35618 0 0
0 0 94 4.61014 3.89349 -0.624361 3.2609 0 0
0 0 95 4.5385 -0.919159 1.81212 4.6557 0 0
0 0 96 6.30741 0.903191 -3.71289 3.57087 0 0
0 0 97 6.10639 1.51003 -1.95248 -0.932208 0 0
0 0 98 5.7342 -4.23277 -0.658514 0.872723 0 0
0 0 99 4.4359 -1.62563 1.49627 -2.06962 0 0
0 0 100 -1.49962 -3.93908 1.88973 -2.26734 0 0
0 0 101 0.525051 2.45401 2.39507 -1.77141 0 0
0 0 102 -2.93329 -0.215207 1.87387 3.73642 0 0
0 0 103 4.25704 -0.725533 0.265365 0.956022 0 0
0 0 104 -1.21548 -1.97013 1.75214 -3.03458 0 0
0 0 105 1.49634 -0.406298 5.38916 -2.72484 0 0
0 0 106 -2.47614 1.87401 0.682996 -0.269439 0 0
0 0 107 2.73941 -3.15802 -0.208228 0.348795 0 0
0 0 108 0.992199 4.35444 2.15856 -0.047579 0 0
0 0 109 1.12387 1.6759 0.818637 -4.39846 0 0
0 0 110 5.55427 -1.14204 0.38133 2.21285 0 0
0 0 111 4.91269 0.789986 1.68986 5.04147 0 0
0 0 112 3.99204 -1.9142 0.549468 2.27814 0 0
0 0 113 0.0957931 -2.74358 1.89945 0.368409 0 0
0 0 114 -1.1381 -1.66382 -1.7198 -1.1525 0 0
0 0 115 2.07599 0.267493 6.39629 -0.713803 0 0
0 0 116 0.391492 -4.22379 0.505198 -1.44714 0 0
0 0 117 3.43732 -0.895931 3.4494 3.99525 0 0
0 0 118 2.19057 0.0549223 -2.02917 -0.260003 0 0
0 0 119 6.24276 -2.04094 -2.38401 -5.48603 0 0
0 0 120 -2.11492 -4.69848 1.77422 -2.51511 0 0
0 0 121 5.80609 -4.5593 4.80229 -4.91372 0 0
0 0 122 -1.20327 -6.67892 -0.794406 -0.321678 0 0
0 0 123 3.34874 1.97609 0.739112 2.42494 0 0
0 0 124 2.35005 -2.77082 0.154342 4.74766 0 0
0 0 125 2.38745 -0.897161 -3.72453 1.68716 0 0
0 0 126 -0.328379 -1.75811 -0.979766 1.03896 0 0
0 0 127 1.48949 4.40414 8.71657 -4.30111 0 0
0 0 128 2.63092 -3.71654 0.463806 -2.52144 0 0
0 0 129 -1.59803 1.56026 -0.434765 -2.13922 0 0
0 0 130 -2.99676 2.50947 -0.389985 -0.993411 0 0
0 0 131 0.816104 0.191255 -1.74616 -0.473848 0 0
0 0 132 4.50604 4.38803 4.63499 0.394383 0 0
0 0 133 -2.56726 -0.5649 -2.46237 4.33698 0 0
0 0 134 1.15502 1.08299 3.49936 -0.317258 0 0
0 0 135 -1.64738 3.80301 -0.805177 0.430188 0 0
0 0 136 1.93445 -1.5055 1.21819 -3.79917 0 0
0 0 137 2.1779 0.110315 0.363403 -0.320884 0 0
0 0 138 -2.49956 1.99715 2.21653 1.83321 0 0
0 0 139 1.77924 2.34396 0.386033 4.28635 0 0
0 0 140 3.13757 1.32298 -0.275405 -6.94415 0 0
0 0 141 -2.50381 4.04871 -4.76155 1.11438 0 0
0 0 142 0.693061 -4.58311 0.351422 -5.59474 0 0
0 0 143 0.0294262 -1.99129 -0.771988 -0.603112 0 0
0 0 144 -3.98399 4.67941 -7.22872 -5.56344 0 0
0 0 145 -1.71886 -0.675704 0.266275 0.70415 0 0
0 0 146 1.65922 2.10854 0.524421 4.21388 0 0
0 0 147 1.98782 6.5876 -2.97255 1.06831 0 0
0 0 148 -1.03312 -2.82692 -3.64458 2.89141 0 0
0 0 149 -0.595835 0.113748 3.72535 -2.1993 0 0
0 0 150 -3.50518 -2.36028 5.6773 3.71117 0 0
0 0 151 -2.26971 3.16068 0.351942 -0.992559 0 0
0 0 152 -4.57456 -2.73862 -5.50953 -1.19191 0 0
0 0 153 2.53729 -2.40475 -0.386913 -3.06529 0 0
0 0 154 1.293 -1.39292 -1.89885 -2.36459 0 0
0 0 155 0.967798 -3.38047 5.26651 -4.05516 0 0
0 0 156 -1.83676 -2.70437 -2.99013 -1.12783 0 0
0 0 157 3.96525 -4.9853 -2.45438 -2.26497 0 0
0 0 158 1.97372 -4.02468 2.53199 -3.41541 0 0
0 0 159 0.722005 -2.60361 0.930725 1.50202 0 0
0 0 160 -1.70562 -3.21697 -1.80888 1.53478 0 0
0 0 161 -1.77761 -0.625174 -1.14582 -1.9821 0 0
0 0 162 3.96388 2.10894 -4.78931 -2.70855 0 0
0 0 163 -5.07458 4.0643 5.59355 -0.23063 0 0
0 0 164 1.79618 3.61112 -2.30329 -4.51692 0 0
0 0 165 0.591135 -0.166176 -0.969553 0.652008 0 0
0 0 166 -1.48876 1.92643 -0.0825476 -4.17763 0 0
0 0 167 -0.092962 -7.22841 2.22374 2.16589 0 0
0 0 168 2.65373 -1.53906 0.536058 3.69283 0 0
0 0 169 0.782627 -1.35838 4.26377 -0.958796 0 0
0 0 170 1.65958 1.65881 4.45651 -0.394341 0 0
0 0 171 -3.70995 1.23865 -0.463934 -4.21378 0 0
0 0 172 -1.13834 -3.75792 3.37528 -0.554469 0 0
0 0 173 -3.38074 -1.10669 -1.21548 5.64198 0 0
0 0 174 -2.06103 -0.0168303 0.326508 0.486465 0 0
0 0 175 1.15325 0.590204 0.051493 2.82296 0 0
0 0 176 1.69186 6.94279 -1.08245 2.82396 0 0
0 0 177 1.49313 2.26427 -1.2721 0.144022 0 0
0 0 178 2.56141 -7.03211 -2.96731 3.13452 0 0
0 0 179 0.991272 -2.72558 1.7324 -0.465767 0 0
0 0 180 1.82075 -3.17122 2.18952 0.958166 0 0
0 0 181 -0.0647972 0.463441 -1.93417 -1.48121 0 0
0 0 182 -5.12163 1.93637 1.67836 -2.39488 0 0
0 0 183 0.548468 -3.87556 3.13929 1.73211 0 0
0 0 184 -2.74032 5.63591 0.746508 1.28435 0 0
0 0 185 -2.7878 -1.4659 1.17212 0.990066 0 0
0 0 186 1.0644 7.39329 3.25562 -2.24615 0 0
0 0 187 1.46003 5.2314 -0.15632 2.90998 0 0
0 0 188 -0.230914 1.48554 -0.164901 -5.43471 0 0
0 0 189 3.01972 2.73762 1.63313 -4.29154 0 0
0 0 190 0.0970509 0.267134 0.494163 2.31084 0 0
0 0 191 -1.09391 2.39746 -0.562089 0.732158 0 0
0 0 192 -0.676609 -4.61355 6.81569 1.29188 0 0
0 0 193 0.170228 -1.79945 3.72774 -5.29528 0 0
0 0 194 1.47637 -4.09702 -3.92644 -0.455545 0 0
0 0 195 -1.63176 -2.7937 2.64032 -0.658671 0 0
0 0 196 -3.45999 3.06548 -0.436219 -0.268384 0 0
0 0 197 -0.59725 -3.82578 1.02392 -3.93059 0 0
0 0 198 4.69982 -5.06942 -2.53698 -0.571385 0 0
0 0 199 1.89137 -4.57042 1.97333 -5.90122 0 0
0 0 200 3.00967 1.47284 -3.9248 -4.68636 0 0
0 0 201 1.28824 -3.30924 -4.9601 3.78364 0 0
0 0 202 -0.810624 -3.6663 2.68821 -2.70017 0 0
0 0 203 0.142421 -5.17798 0.529251 3.41128 0 0
0 0 204 5.92209 -0.74148 -0.64608 -0.474709 0 0
0 0 205 2.68298 1.53801 -0.0120982 -1.36286 0 0
0 0 206 1.15676 -0.822874 -4.7751 0.671357 0 0
0 0 207 2.8578 -0.45524 5.75363 7.64649 0 0
0 0 208 3.95196 -2.48571 0.938195 -3.41792 0 0
0 0 209 -1.69176 0.958166 1.03925 -2.04137 0 0
0 0 210 -0.597641 2.14413 0.663494 -4.64413 0 0
0 0 211 0.335933 -1.70732 1.38141 -3.00194 0 0
0 0 212 7.36739 7.75755 0.0905932 -4.94832 0 0
0 0 213 0.875198 1.63706 -2.46701 1.54074 0 0
0 0 214 -4.36628 -0.181361 -1.85661 1.45125 0 0
0 0 215 -1.56589 4.77601 -5.32969 0.0240669 0 0
0 0 216 0.643507 -7.37089 4.46264 4.39492 0 0
0 0 217 1.23632 1.47416 1.6922 -0.661763 0 0
0 0 218 -5.06147 0.493437 0.00100339 5.62093 0 0
0 0 219 2.50521 -2.72646 0.529466 1.91368 0 0
0 0 220 0.680045 0.949887 0.701993 -2.73348 0 0
0 0 221 1.43616 -1.80032 -1.7662 -0.265503 0 0
0 0 222 -0.525342 5.87825 1.44186 -1.9244 0 0
0 0 223 -1.37467 1.59331 -2.74531 -2.10001 0 0
0 0 224 -6.28274 -3.39903 -1.01755 2.68269 0 0
0 0 225 2.71994 0.624067 -0.0704676 -1.4349 0 0
0 0 226 -5.05552 -3.2401 3.3251 -0.964338 0 0
0 0 227 2.97342 2.76636 4.80628 0.913625 0 0
0 0 228 -0.345546 -0.420213 -2.09208 3.62102 0 0
0 0 229 2.2211 -2.75746 -4.42792 -3.18387 0 0
0 0 230 -4.62884 0.65083 2.69944 0.778884 0 0
0 0 231 1.02706 3.97745 -0.132558 -5.49753 0 0
0 0 232 4.30922 1.22978 1.06633 -0.649847 0 0
0 0 233 3.14521 1.15035 3.59791 -3.53748 0 0
0 0 234 -1.68804 -4.27928 1.76072 -4.83199 0 0
0 0 235 -1.72265 -0.647729 4.31355 1.84148 0 0
0 0 236 5.50656 4.92522 -3.61241 3.92747 0 0
0 0 237 -1.89943 0.891295 -1.65989 2.53219 0 0
0 0 238 4.39327 4.03571 -2.41738 -4.24833 0 0
0 0 239 -0.9036 2.4864 1.11154 -0.971313 0 0
0 0 240 -1.44277 -0.00880176 0.739964 1.86067 0 0
0 0 241 0.873793 -0.334963 0.742293 -1.52757 0 0
0 0 242 1.64573 -2.91206 -2.34335 0.821777 0 0
0 0 243 5.83039 -4.55328 3.26504 0.322664 0 0
0 0 244 -0.609378 0.113392 2.30719 -0.526568 0 0
0 0 245 -5.99039 -2.73649 -2.90831 -1.98896 0 0
0 0 246 0.460024 3.68687 -3.57599 4.2402 0 0
0 0 247 4.44369 -1.0787 0.853794 -0.781778 0 0
0 0 248 6.07283 -0.518339 1.05123 0.0955669 0 0
0 0 249 -3.08047 -5.09915 -6.12574 -0.887858 0 0
0 0 250 4.1842 -0.172785 -0.745208 1.44399 0 0
0 0 251 0.179982 -1.25356 -0.678054 1.62697 0 0
0 0 252 1.63443 0.946279 -0.819093 1.77266 0 0
0 0 253 0.159621 -2.91994 -1.49029 -1.21366 0 0
0 0 254 0.0261334 1.05912 -0.839565 -3.45688 0 0
0 0 255 -0.834307 1.50756 -0.319622 5.19268 0 0
0 0 256 -0.418418 -0.39632 -0.663332 -2.72011 0 0
0 0 257 -1.86684 -0.453745 -0.621655 -2.02615 0 0
0 0 258 -0.327578 0.99543 -2.34168 0.271708 0 0
0 0 259 0.819041 0.69752 -0.432085 3.45647 0 0
0 0 260 -0.760526 0.556642 0.656753 3.65322 0 0
0 0 261 -1.23784 1.23759 -3.86867 0.169535 0 0
0 0 262 -2.38055 -1.12551 -1.85838 1.03725 0 0
0 0 263 0.746813 1.70694 0.770785 -0.100762 0 0
0 0 264 -1.0492 -2.90588 2.83304 -0.716616 0 0
0 0 265 -2.25813 2.1655 -5.49605 -1.46221 0 0
0 0 266 0.832789 -0.268575 1.98948 1.10412 0 0
0 0 267 2.18671 4.31396 4.41819 -1.6924 0 0
0 0 268 3.37299 -4.15481 4.73278 -2.23045 0 0
0 0 269 1.45192 0.804375 -1.65172 -2.4558 0 0
0 0 270 -2.486 1.04902 -5.47518 -0.612668 0 0
0 0 271 2.57239 -1.05775 5.72404 -3.5072 0 0
0 0 272 2.47986 1.82798 -0.628857 0.602638 0 0
0 0 273 -1.36857 2.05221 -1.96501 -2.24876 0 0
0 0 274 5.2809 -5.26207 0.37103 1.77802 0 0
0 0 275 1.90662 -0.0970416 2.91407 -2.42728 0 0
0 0 276 0.135724 -0.506188 2.56487 1.05408 0 0
0 0 277 -2.16977 0.802836 -1.71754 -3.87044 0 0
0 0 278 1.08169 2.06617 -4.81913 0.764443 0 0
0 0 279 4.45811 -0.744238 6.34899 3.46227 0 0
0 0 280 2.90566 -0.734612 0.00621361 3.97932 0 0
0 0 281 -2.14343 1.71575 4.58685 3.61241 0 0
0 0 282 0.551937 3.54295 -3.48034 2.84108 0 0
0 0 283 -0.213269 -2.47825 -0.690598 -0.675257 0 0
0 0 284 3.75988 0.663705 -6.75632 0.426769 0 0
0 0 285 -2.41201 -0.0695498 4.8453 -3.49735 0 0
0 0 286 2.81866 -2.97804 0.343701 -3.94964 0 0
0 0 287 -1.33148 1.17267 -1.71667 4.38101 0 0
0 0 288 2.94948 4.01991 -1.40539 -2.37265 0 0
0 0 289 -0.293311 -1.89745 -3.74854 -2.59923 0 0
0 0 290 2.28173 2.34945 -3.88065 6.29107 0 0
0 0 291 1.24818 -2.22116 0.827106 -2.86424 0 0
0 0 292 1.59192 1.56235 -1.24922 2.57362 0 0
0 0 293 2.01497 5.54601 -3.57671 1.76318 0 0
0 0 294 2.67373 -5.37486 -2.06962 -0.0415116 0 0
0 0 295 1.25425 -1.18735 1.55117 -0.309213 0 0
0 0 296 3.41889 1.10043 3.40284 2.48452 0 0
0 0 297 -4.95248 -1.11835 -1.79201 0.682476 0 0
0 0 298 4.57372 6.05677 1.14819 5.36496 0 0
0 0 299 -1.59292 2.88361 1.58507 -7.80593 0 0
0 0 300 0.699956 -6.12896 -0.797796 -6.24631 0 0
0 0 301 1.70996 0.108474 2.07635 -1.50469 0 0
0 0 302 1.88731 5.25189 3.18314 1.85776 0 0
0 0 303 -3.66301 0.121692 4.0685 4.87312 0 0
0 0 304 4.00441 5.21658 -2.53765 -3.71194 0 0
0 0 305 -2.62021 2.75704 0.594781 -4.95179 0 0
0 0 306 -0.737574 0.170521 3.73152 -3.25313 0 0
0 0 307 -2.01081 -1.14819 -2.40327 3.99455 0 0
0 0 308 -3.24862 6.9838 1.39541 -5.52342 0 0
0 0 309 2.93902 1.60876 -3.64212 0.786729 0 0
0 0 310 -0.358807 2.90954 2.60379 -1.61549 0 0
0 0 311 2.22198 6.36327 0.727025 1.36496 0 0
0 0 312 -2.85643 -2.70288 -6.66081 -0.977164 0 0
0 0 313 1.75843 -0.455555 0.917807 -4.18162 0 0
0 0 314 -5.5293 2.24129 6.61025 0.696167 0 0
0 0 315 -1.78502 1.36154 -1.24157 2.26175 0 0
0 0 316 -1.47443 -2.49119 0.0498936 -1.06471 0 0
0 0 317 2.72858 4.21777 3.24115 -0.229972 0 0
0 0 318 1.5719 -3.10459 1.85682 -4.1987 0 0
0 0 319 -3.2376 -0.243202 5.108 -1.9205 0 0
0 0 320 5.41275 2.02357 1.21822 -6.84258 0 0
0 0 321 -2.12181 1.27142 -3.81043 -2.14508 0 0
0 0 322 0.940374 -2.66811 1.67737 -0.251316 0 0
0 0 323 0.414147 -1.84487 -0.909652 0.907899 0 0
0 0 324 4.83697 -4.50302 0.00553969 -4.02569 0 0
0 0 325 2.36465 0.368 -4.497 -1.66773 0 0
0 0 326 -1.30783 0.617006 4.0999 -1.48611 0 0
0 0 327 -1.02458 2.92729 -4.62833 1.45446 0 0
0 0 328 -0.48675 2.71573 -2.46006 -2.22704 0 0
0 0 329 7.19775 0.820886 2.63 6.10054 0 0
0 0 330 2.1488 -1.09657 10.5324 2.75223 47.972 7.7756
0 0 331 0.749184 4.81517 -0.305209 2.71354 0 0
0 0 332 2.44755 4.18757 -1.4945 4.15035 0 0
0 0 333 2.35834 1.31583 2.53391 4.03009 0 0
0 0 334 2.72567 1.78745 0.393134 -2.08022 0 0
0 0 335 2.10882 1.29815 0.472929 -1.15554 0 0
0 0 336 0.254139 -1.53122 3.19407 1.78111 0 0
0 0 337 -1.25203 0.67913 2.23297 -3.95841 0 0
0 0 338 -1.32415 -5.43441 -3.57307 -6.06994 0 0
0 0 339 -0.611886 -2.73416 -3.32826 3.21311 0 0
0 0 340 -0.0202148 -0.790993 -0.185262 -0.541913 0 0
0 0 341 1.54817 0.751758 -2.66849 1.74005 0 0
0 0 342 1.44159 0.972654 -0.730172 -1.72845 0 0
0 0 343 5.85549 -4.40215 1.11622 -3.32023 0 0
0 0 344 2.27062 -4.93908 0.754507 -4.12279 0 0
0 0 345 0.889382 2.80216 -3.1762 0.252719 0 0
0 0 346 -1.43563 0.801076 -2.36256 0.294861 0 0
0 0 347 1.8136 -7.17352 -0.654299 0.426797 0 0
0 0 348 1.09671 0.554142 1.86279 -8.23036 0 0
0 0 349 0.509495 3.9072 -1.40003 0.616748 0 0
0 0 350 2.2464 -3.36408 1.11562 0.788546 0 0
0 0 351 0.194585 -0.195264 -2.19063 -6.21222 0 0
0 0 352 1.29315 -0.130743 2.01645 -0.49247 0 0
0 0 353 1.28001 -0.246486 -7.19432 -0.256664 0 0
0 0 354 1.48549 2.56167 -1.3293 2.92485 0 0
0 0 355 0.137527 4.21482 0.312817 -2.4983 0 0
0 0 356 3.21692 4.01379 -3.27184 6.46909 0 0
0 0 357 -0.0329566 1.26474 2.25588 -2.5281 0 0
0 0 358 1.32626 1.9682 6.17052 2.08475 0 0
0 0 359 1.6479 1.80753 1.57858 -0.922765 0 0
0 0 360 1.48553 2.59175 -0.317956 -5.70118 0 0
0 0 361 1.10691 0.0501994 0.682076 -3.42459 0 0
0 0 362 3.12416 -0.118314 -4.12744 -0.552841 0 0
0 0 363 -1.28566 2.9285 1.09505 -4.15815 0 0
0 0 364 -0.813109 2.84496 2.58094 -1.80341 0 0
0 0 365 -1.88781 -4.57131 -1.49048 5.9695 0 0
0 0 366 -0.0492635 -7.96934 -2.34665 -1.77957 0 0
0 0 367 7.6784 0.205133 -2.06126 2.02664 0 0
0 0 368 -0.606793 -4.53619 0.907173 -4.15049 0 0
0 0 369 6.08351 1.34254 -1.97977 -3.813 0 0
0 0 370 4.88527 -0.13985 5.54521 0.416455 0 0
0 0 371 1.6548 -4.13095 0.539857 0.868706 0 0
0 0 372 3.99928 1.183 -2.07534 0.557712 0 0
0 0 373 1.04949 -1.31995 -2.86574 -3.79618 0 0
0 0 374 4.73116 1.71311 0.339934 3.74957 0 0
0 0 375 -3.65742 -1.57324 1.15497 -4.38953 0 0
0 0 376 -0.291488 -1.25874 1.24332 -1.5768 0 0
0 0 377 3.4592 2.11598 -0.268788 0.445483 0 0
0 0 378 1.34372 -2.22698 -4.39315 2.87422 0 0
0 0 379 0.720442 -6.42133 -1.14106 -0.374434 0 0
0 0 380 3.37971 -0.132052 0.14067 -0.36512 0 0
0 0 381 -2.06785 -1.04856 -2.20257 2.69267 0 0
0 0 382 -2.39175 -0.897458 1.64946 2.99385 0 0
0 0 383 3.05451 0.242457 -1.50525 -2.7532 0 0
0 0 384 4.01925 -0.543674 -0.250792 0.00413197 0 0
0 0 385 -3.83652 -3.72311 1.94436 -4.74675 0 0
0 0 386 4.19027 -4.94217 -3.05826 3.97513 0 0
0 0 387 -2.49424 -5.31974 2.16725 -3.85965 0 0
0 0 388 1.51012 -0.46534 1.04044 3.25888 0 0
0 0 389 -0.625401 -1.71361 0.0967767 2.38751 0 0
0 0 390 2.95491 -0.78138 -0.0637091 -3.67239 0 0
0 0 391 -2.80429 -0.54655 2.58573 -3.26824 0 0
0 0 392 1.64843 0.499725 -2.23041 -0.490611 0 0
0 0 393 4.39263 2.42795 -0.0637458 -2.63162 0 0
0 0 394 -3.50711 6.59275 4.95009 -0.304521 0 0
0 0 395 -2.4382 3.52424 -0.51713 -3.38599 0 0
0 0 396 4.59544 -1.09406 1.16352 -4.04255 0 0
0 0 397 0.571904 0.524028 -2.32007 5.357 0 0
0 0 398 1.86396 0.867388 -0.179624 -1.643 0 0
0 0 399 -0.903242 0.613893 2.78596 5.3892 0 0
0 0 400 -1.11681 -2.06097 -4.31275 -0.341755 0 0
0 0 401 0.225196 5.06061 -4.0146 -4.48383 0 0
0 0 402 -5.20711 -0.00183082 -0.466641 -0.861039 0 0
0 0 403 2.90713 -2.44529 -0.305867 0.250089 0 0
0 0 404 4.16182 1.36353 4.74457 2.43343 0 0
0 0 405 1.41645 0.794917 -2.34264 -2.38575 0 0
0 0 406 -1.04407 -3.52601 2.88388 1.93794 0 0
0 0 407 -3.84105 -1.06177 2.51106 -1.22261 0 0
0 0 408 1.16897 -6.71181 -1.97347 0.515232 0 0
0 0 409 2.08926 2.08235 -3.6571 -3.02027 0 0
0 0 410 -2.50904 1.58439 4.31805 -4.54553 0 0
0 0 411 -4.36706 1.35844 -2.49163 -1.51922 0 0
0 0 412 -1.79311 -5.93433 -0.781425 1.61082 0 0
0 0 413 3.01371 4.24478 -1.49403 3.44536 0 0
0 0 414 -6.07696 -1.10323 -3.28692 0.0605613 0 0
0 0 415 -0.801401 -4.02755 -4.29087 4.48039 0 0
0 0 416 -1.204 0.0260426 -0.607546 3.418 0 0
0 0 417 -0.953619 -2.26399 2.06521 3.2298 0 0
0 0 418 1.91021 -2.0922 -1.22249 3.52385 0 0
0 0 419 0.814597 3.3371 -0.921695 -3.25944 0 0
0 0 420 -7.59855 -5.06616 -0.408419 -3.64534 0 0
0 0 421 1.33151 2.63634 1.07884 -1.00449 0 0
0 0 422 -1.44867 -0.36036 -1.39312 0.0716832 0 0
0 0 423 -2.89548 1.47094 2.58177 -3.33166 0 0
0 0 424 -0.477377 -3.90469 -4.42547 2.83251 0 0
0 0 425 1.64946 0.0327592 0.87431 -1.97314 0 0
0 0 426 -2.10127 3.13713 0.478351 -0.35491 0 0
0 0 427 2.76961 6.571 -3.25321 0.354366 0 0
0 0 428 2.03368 -0.229282 -2.81336 -2.454 0 0
0 0 429 -0.198167 -1.24189 -2.30605 1.41768 0 0
0 0 430 0.0101179 1.41378 2.0612 2.17442 0 0
0 0 431 -0.58867 -3.01128 0.695717 -2.28334 0 0
0 0 432 -3.38056 -1.48271 0.70696 0.0417516 0 0
0 0 433 -1.47336 1.6081 1.78359 4.39104 0 0
0 0 434 9.29673 -2.27049 -6.1865 -3.16416 0 0
0 0 435 1.85769 2.20135 -1.57561 -5.2543 0 0
0 0 436 -5.97973 -2.97312 -2.64198 1.4099 0 0
0 0 437 6.62788 2.78303 -3.65966 -2.14439 0 0
0 0 438 7.09973 -3.45276 -1.85421 6.84448 0 0
0 0 439 7.26266 -0.389708 -3.72111 -0.0880733 0 0
0 0 440 -0.186188 -1.50579 0.759653 -2.64422 0 0
0 0 441 -0.212102 2.68536 5.43863 -1.36353 0 0
0 0 442 3.10815 1.85746 0.576944 -0.975627 0 0
0 0 443 0.800005 0.72948 1.75871 -1.87592 0 0
0 0 444 4.45683 -2.35629 3.6637 -3.37274 0 0
0 0 445 -2.37508 1.19229 0.688939 0.207955 0 0
0 0 446 5.42773 -1.92738 4.5776 1.1681 0 0
0 0 447 0.797773 1.50408 0.667947 0.160276 0 0
0 0 448 -2.21126 -3.33209 -1.27796 -1.13022 0 0
0 0 449 1.01424 -2.9068 -0.143448 0.0895475 0 0
0 0 450 0.956129 0.39463 0.462681 1.38293 0 0
0 0 451 0.346523 -2.18306 -1.04378 -5.73901 0 0
0 0 452 0.340067 0.205233 -2.78084 -2.2184 0 0
0 0 453 0.976998 5.27914 -5.00934 -3.47172 0 0
0 0 454 0.630066 0.09082 0.709705 2.01707 0 0
0 0 455 4.97531 1.30351 -1.30967 -2.24981 0 0
0 0 456 2.92355 2.88805 -2.14933 0.154619 0 0
0 0 457 1.78598 2.0532 1.31682 -2.08524 0 0
0 0 458 -2.97278 -0.324155 -2.51476 -1.28796 0 0
0 0 459 -0.9459 0.834931 5.85366 -2.34571 0 0
0 0 460 0.374115 6.95631 -1.8076 -2.56528 0 0
0 0 461 1.37877 1.47312 0.588551 0.891682 0 0
0 0 462 6.03213 -3.64288 1.1933 -5.98344 0 0
0 0 463 -2.13444 2.46327 3.97031 1.10901 0 0
0 0 464 -3.86825 2.58463 -3.00496 3.68103 0 0
0 0 465 -0.0893562 -4.49244 -0.139176 -0.606995 0 0
0 0 466 2.52744 -3.77974 -3.47082 0.19886 0 0
0 0 467 2.91555 3.7553 3.16926 0.862343 0 0
0 0 468 -1.31302 1.62025 0.112346 1.27467 0 0
0 0 469 -1.27794 1.49615 -1.62298 3.02252 0 0
0 0 470 -11.0224 1.61783 -1.52611 -0.994824 0 0
0 0 471 -1.24796 2.98576 -1.14788 -1.59009 0 0
0 0 472 1.87444 0.434511 -1.74647 -2.466 0 0
0 0 473 2.38071 -1.0372 -2.60753 2.88411 0 0
0 0 474 1.97158 1.15427 -1.2599 2.02734 0 0
0 0 475 -5.21483 1.06555 2.04929 -0.87725 0 0
0 0 476 -0.845177 -0.710437 0.927956 1.17529 0 0
0 0 477 2.58249 0.0589014 -5.9371 1.60992 0 0
0 0 478 4.01835 -1.18201 -0.624076 4.28598 0 0
0 0 479 -2.70909 -1.58494 2.6821 2.15382 0 0
0 0 480 -0.286569 0.84949 -1.15035 -1.32594 0 0
0 0 481 5.2537 3.02516 -0.26785 -2.14319 0 0
0 0 482 -0.126442 0.74638 0.778106 -0.574936 0 0
0 0 483 1.56105 1.14511 -1.41306 -2.78456 0 0
0 0 484 -1.41391 -0.242794 2.34526 -0.679482 0 0
0 0 485 2.66169 -1.58058 1.70655 0.204293 0 0
0 0 486 1.31146 -0.863383 4.57667 1.0491 0 0
0 0 487 -5.21536 0.813732 -0.929631 2.29645 0 0
0 0 488 -2.47651 3.75605 -0.910732 0.144748 0 0
0 0 489 7.81376 0.0380788 -2.04045 -0.439969 0 0
0 0 490 -1.86568 1.10137 0.477611 -3.47641 0 0
0 0 491 -0.216492 1.22595 -0.803519 -0.550052 0 0
0 0 492 -1.74124 0.689373 1.80592 -2.79356 0 0
0 0 493 -3.4627 0.324889 0.375712 1.50515 0 0
0 0 494 2.17064 -0.223405 -0.644258 2.10725 0 0
0 0 495 6.25803 -3.96832 5.51725 -2.55808 0 0
0 0 496 4.09172 1.15656 0.797403 -0.958308 0 0
0 0 497 -1.40767 -1.98518 0.319666 -4.28204 0 0
0 0 498 3.29207 0.221616 3.34135 1.30196 0 0
0 0 499 0.926196 1.9998 -1.55553 0.517238 0 0
0 0 500 1.71368 4.16082 1.48026 1.48006 0 0
0 0 501 2.21255 0.785439 0.159786 -3.67719 0 0
0 0 502 -0.508249 2.5119 -2.53375 3.04769 0 0
0 0 503 -2.59489 -4.98203 -5.71725 0.794289 0 0
0 0 504 -1.40933 0.459124 0.131186 0.297202 0 0
0 0 505 0.335446 2.42794 6.33568 -3.84083 0 0
0 0 506 -1.55697 7.18579 -1.92248 -1.98 0 0
0 0 507 -1.56721 1.27536 1.04902 -4.02465 0 0
0 0 508 -1.29149 1.24232 -1.17405 -1.82966 0 0
0 0 509 0.640883 -1.72593 -3.88859 1.4503 0 0
0 0 510 3.00598 0.13582 5.27363 1.97926 0 0
0 0 511 -0.748458 1.11936 -1.1064 3.75322 0 0
0 0 512 2.2077 -0.679615 1.30788 1.83414 0 0
0 0 513 1.40971 -0.312835 -8.92855 -1.07084 0 0
0 0 514 2.93039 -1.94515 -3.15097 -2.83889 0 0
0 0 515 3.33309 -2.38413 -4.80388 -0.587352 0 0
0 0 516 0.872684 -0.0190634 -2.98556 2.3604 0 0
0 0 517 0.00322679 -0.562009 -1.54384 1.54393 0 0
0 0 518 4.75349 0.440575 5.48466 0.139749 0 0
0 0 519 6.18475 -4.80614 -0.903705 -0.150644 0 0
0 0 520 5.40547 2.39246 5.03238 -5.05402 0 0
0 0 521 4.20611 -1.16673 0.787203 -1.08515 0 0
0 0 522 3.98968 2.35703 4.28001 -2.77804 0 0
0 0 523 3.5717 -2.37084 -3.85515 -2.22005 0 0
0 0 524 2.91564 -1.4683 -2.78063 -0.121247 0 0
0 0 525 6.80877 0.817373 -2.39451 -0.121332 0 0
0 0 526 2.13873 4.94284 -2.31897 -1.76223 0 0
0 0 527 2.06576 3.94292 0.929787 1.16869 0 0
0 0 528 0.677385 1.71397 2.89251 -2.60932 0 0
0 0 529 4.09463 -9.24505 3.21618 -1.98186 0 0
0 0 530 -3.4382 1.91167 1.82527 -1.48791 0 0
0 0 531 3.52587 -1.03882 -0.419643 -2.04663 0 0
0 0 532 -3.46747 1.72265 1.15149 -0.225254 0 0
0 0 533 0.884175 3.81355 0.661045 -0.58393 0 0
0 0 534 0.0474181 1.43046 2.05337 -1.16532 0 0
0 0 535 0.450776 5.64278 0.875261 2.13892 0 0
0 0 536 -7.36587 1.88523 -0.469196 0.799059 0 0
0 0 537 0.229458 2.67571 1.93184 -2.67401 0 0
0 0 538 -0.842683 -2.41157 2.58159 1.20125 0 0
0 0 539 -4.09422 -5.6366 3.14983 0.956916 0 0
0 0 540 -0.26131 -0.855032 3.28287 -2.36762 0 0
0 0 541 -6.16371 0.895126 0.961334 -1.55389 0 0
0 0 542 0.893211 1.12441 -3.76374 2.8159 0 0
0 0 543 0.299238 2.5779 1.86343 -2.06024 0 0
0 0 544 -2.51862 1.72608 0.341194 -1.75985 0 0
0 0 545 0.332515 4.65973 -1.1195 2.45794 0 0
0 0 546 3.11875 -1.86303 -3.89584 -0.979049 0 0
0 0 547 -1.31222 1.3309 -0.169485 0.555355 0 0
0 0 548 -0.489123 0.649379 -1.93618 -6.09538 0 0
0 0 549 -2.16039 2.84876 -0.0742401 -5.0728 0 0
0 0 550 -1.56021 5.58847 0.25647 2.31358 0 0
0 0 551 -0.938106 -2.52756 2.7395 -3.88144 0 0
0 0 552 6.8479 -0.732642 0.599262 1.78951 0 0
0 0 553 7.72952 0.597777 -2.02951 -0.994491 0 0
0 0 554 0.727774 1.51627 -6.45432 1.30185 0 0
0 0 555 2.00069 -0.732428 -3.74061 -1.51851 0 0
0 0 556 -3.5347 0.890279 -0.414858 -0.237896 0 0
0 0 557 -1.09726 2.68295 2.83743 3.93798 0 0
0 0 558 0.36175 -1.56496 1.76005 -2.73467 0 0
0 0 559 -0.606536 1.62099 -1.72302 -5.87581 0 0
0 0 560 7.75962 3.18642 3.68019 -0.474128 0 0
0 0 561 -2.1374 1.72895 -0.520516 3.14252 0 0
0 0 562 -2.77022 1.78707 7.14412 -0.730199 0 0
0 0 563 -0.315386 2.55622 -3.18526 -0.270987 0 0
0 0 564 -1.08372 2.27004 3.28655 1.8257 0 0
0 0 565 -2.22225 -2.34394 1.60201 1.36292 0 0
0 0 566 1.2638 1.68106 -1.07022 -1.02076 0 0
0 0 567 5.30028 1.05063 1.67153 2.87691 0 0
0 0 568 -1.45031 0.670443 4.94479 -2.77157 0 0
0 0 569 -2.98571 -5.58404 0.267251 -0.534154 0 0
0 0 570 1.89735 -0.667753 -0.470437 -6.05418 0 0
0 0 571 -0.909069 2.21069 1.6141 0.576418 0 0
0 0 572 3.07983 2.49184 3.14676 -5.56993 0 0
0 0 573 -2.40523 1.17392 6.84065 1.09442 0 0
0 0 574 -0.43514 1.84712 8.11967 -4.04265 0 0
0 0 575 7.24 1.37505 1.66418 -1.3617 0 0
0 0 576 2.48185 0.280566 3.05413 1.8953 0 0
0 0 577 1.14136 -0.514102 -6.52088 -3.41099 0 0
0 0 578 1.01581 5.31578 2.93049 -3.70549 0 0
0 0 579 -4.83569 -0.53743 -1.76776 1.215 0 0
0 0 580 -1.95626 -0.785681 0.710621 2.81603 0 0
0 0 581 2.63971 -0.999907 0.721138 1.43229 0 0
0 0 582 1.6392 3.54964 3.18301 -0.773458 0 0
0 0 583 0.0523643 -0.297722 3.59123 1.25268 0 0
0 0 584 1.62125 -1.45444 2.80287 2.42455 0 0
0 0 585 -0.00103176 -2.94299 -8.15437 0.968982 0 0
0 0 586 1.51947 -1.59364 -1.41445 -5.37036 0 0
0 0 587 2.00249 2.0392 -0.798201 1.22234 0 0
0 0 588 0.450752 2.45968 5.88947 4.15792 0 0
0 0 589 1.61471 4.36099 2.89381 -1.28625 0 0
0 0 590 -2.75575 0.736796 3.16156 0.536056 0 0
0 0 591 3.66529 1.6077 3.13855 1.62948 0 0
0 0 592 4.22506 -2.54691 -3.3425 1.03727 0 0
0 0 593 5.1877 -0.841617 -1.55668 1.44823 0 0
0 0 594 -2.41955 -1.14887 1.19594 -0.428708 0 0
0 0 595 3.09051 3.25398 -1.7363 3.00611 0 0
0 0 596 4.5185 2.74668 4.45727 2.6994 0 0
0 0 597 2.30417 -0.873219 -1.22533 1.7859 0 0
0 0 598 -0.860289 3.12865 2.63381 -0.156654 0 0
0 0 599 -0.679129 -1.64424 -4.79117 3.14905 0 0
0 0 600 -1.57695 0.770034 1.0543 1.70497 0 0
0 0 601 3.12191 -1.6315 -1.48375 -1.7317 0 0
0 0 602 -0.304725 2.78561 0.796704 0.608054 0 0
0 0 603 0.587541 3.16595 -0.278534 -1.22791 0 0
0 0 604 -0.798505 1.61668 -1.74038 3.49502 0 0
0 0 605 2.65999 3.44507 -5.09698 -3.54553 0 0
0 0 606 0.332226 0.0180594 -0.0410904 -1.00468 0 0
0 0 607 -3.95878 3.76451 -0.742357 -0.491027 0 0
0 0 608 2.81419 3.68521 -4.02731 -5.13727 0 0
0 0 609 3.65114 1.14265 2.01822 -6.27993 0 0
0 0 610 3.92936 -1.36821 -1.91841 0.583399 0 0
0 0 611 -3.72732 1.87626 -2.33252 4.05952 0 0
0 0 612 -0.39611 5.16413 -0.209924 -1.22357 0 0
0 0 613 -0.883514 0.845451 1.46101 -4.97853 0 0
0 0 614 -0.065194 1.35257 1.09179 -0.230814 0 0
0 0 615 0.323759 2.07131 3.66192 -1.08147 0 0
0 0 616 -2.51113 0.998449 -1.08925 -1.98229 0 0
0 0 617 -4.80851 0.840148 1.67115 -3.27251 0 0
0 0 618 -1.23953 4.3138 4.15577 -1.49909 0 0
0 0 619 3.69631 4.04769 -0.823023 0.153371 0 0
0 0 620 -0.516306 -0.773 -0.354191 -5.54827 0 0
0 0 621 1.5867 0.217835 0.466173 -2.35718 0 0
0 0 622 -0.53024 1.27889 1.4028 0.445473 0 0
0 0 623 1.349 2.17328 4.19904 2.93668 0 0
0 0 624 3.46817 2.22268 0.08337 3.76073 0 0
0 0 625 -0.0736985 4.54125 0.337036 2.54055 0 0
0 0 626 2.8403 -1.66516 -0.447863 -1.6727 0 0
0 0 627 -6.27764 3.90682 -3.67921 -1.18577 0 0
0 0 628 -1.48944 1.28717 -2.01007 -1.66649 0 0
0 0 629 -1.05535 -2.11239 -3.78794 4.9021 0 0
0 0 630 0.883403 2.33035 3.61761 -1.48215 0 0
0 0 631 4.14646 5.2425 -1.05154 0.263898 0 0
0 0 632 2.90524 2.91691 1.20029 -0.999374 0 0
0 0 633 -1.58195 -0.0760942 1.1326 7.21257 0 0
0 0 634 -2.5758 -6.28755 1.58161 1.77706 0 0
0 0 635 1.53351 1.21707 -2.01738 1.10779 0 0
0 0 636 -4.05184 -2.08094 1.98817 1.02375 0 0
0 0 637 -3.99669 -0.111443 -7.59451 2.68817 0 0
0 0 638 4.47505 2.69322 -1.51245 3.89713 0 0
0 0 639 1.0804 -2.19899 -3.19605 0.958663 0 0
0 0 640 1.13803 -0.809424 0.356929 -0.062254 0 0
0 0 641 -2.45796 1.08278 3.03424 3.7475 0 0
0 0 642 -3.77921 0.964359 -0.650199 6.99378 0 0
0 0 643 -1.19051 2.18907 3.16966 -0.0242948 0 0
0 0 644 2.73445 -2.40408 4.10797 -4.85178 0 0
0 0 645 -2.55328 0.578562 -3.97554 -1.94493 0 0
0 0 646 2.28761 -9.50695 -3.01151 -3.85897 -81.2117 8.91185
0 0 647 1.08511 2.67268 1.39389 0.0613412 0 0
0 0 648 1.45858 2.84052 2.43252 -0.40198 0 0
0 0 649 7.37427 2.53827 1.22196 -0.186657 0 0
0 0 650 5.71371 1.31039 -7.03584 1.91072 0 0
0 0 651 -4.8736 -2.23858 7.0492 0.306438 0 0
0 0 652 -3.75654 -1.2426 -0.932779 -0.166167 0 0
0 0 653 -1.49986 -5.67877 5.0031 0.824998 0 0
0 0 654 -0.48827 -2.77584 -2.77665 1.75802 0 0
0 0 655 -2.39858 4.63812 1.11715 4.54771 0 0
0 0 656 2.83057 -5.13388 3.86677 2.45609 0 0
0 0 657 0.192906 0.837022 5.63252 -4.1905 0 0
0 0 658 3.11643 -0.310799 -2.90407 -3.24758 0 0
0 0 659 -3.7369 4.05764 6.03079 -1.57351 0 0
0 0 660 2.03361 -7.02446 0.703349 0.67108 0 0
0 0 661 -0.253139 -2.85737 -4.75449 4.69181 0 0
0 0 662 0.334345 0.56161 -1.57274 2.01875 0 0
0 0 663 3.33805 0.674788 3.18251 0.199254 0 0
0 0 664 4.05513 -4.59041 -0.872076 -2.50036 0 0
0 0 665 -1.46131 1.33912 0.618031 2.81345 0 0
0 0 666 1.90279 0.170347 0.803007 -0.446308 0 0
0 0 667 -3.01606 -1.70329 3.59891 -2.89296 0 0
0 0 668 4.34689 -1.70968 1.97251 -2.09636 0 0
0 0 669 2.48159 -0.652264 -1.54004 -2.34158 0 0
0 0 670 0.73378 1.10865 -0.164634 0.710948 0 0
0 0 671 5.60517 3.72793 -3.47562 0.202833 0 0
0 0 672 3.61718 -1.85982 0.53849 -1.87841 0 0
0 0 673 0.164221 4.13392 0.115686 2.63684 0 0
0 0 674 -0.849323 -1.68149 -3.39637 2.57997 0 0
0 0 675 -0.419888 3.23183 0.0405645 -1.75603 0 0
0 0 676 0.39184 1.10031 3.83471 -5.7299 0 0
0 0 677 3.51271 3.54335 -2.90937 0.524326 0 0
0 0 678 5.80453 -4.85545 -2.33561 1.87378 0 0
0 0 679 -0.846419 0.78325 1.49071 -3.49172 0 0
0 0 680 1.81079 -2.55402 5.5636 1.48328 0 0
0 0 681 0.267334 -0.535477 -0.667013 -1.19078 0 0
0 0 682 2.93231 2.95535 -4.8876 1.69686 0 0
0 0 683 -1.82109 -3.83952 4.67022 -0.10653 0 0
0 0 684 -3.15855 1.87364 -1.08881 -2.47199 0 0
0 0 685 -1.73557 -5.7269 3.32271 2.22456 0 0
0 0 686 2.33245 1.65892 1.15132 -3.82011 0 0
0 0 687 -3.04543 -0.0389767 -0.166983 -3.76995 0 0
0 0 688 -1.692 1.60025 -0.467552 1.34082 0 0
0 0 689 -1.11721 2.21248 0.824621 -7.03526 0 0
0 0 690 2.57992 6.66941 2.66059 3.04403 0 0
0 0 691 0.308988 -4.89306 -1.71279 1.21461 0 0
0 0 692 -1.62377 -1.57997 2.20472 -4.60232 0 0
0 0 693 4.79814 1.90086 -1.74141 -1.41018 0 0
0 0 694 0.057098 1.1387 -3.82367 -1.40146 0 0
0 0 695 -1.37256 -0.283502 3.15207 -0.815629 0 0
0 0 696 -5.41199 1.44111 -1.4984 0.928158 0 0
0 0 697 -1.34111 -1.29859 -7.33437 -0.803229 0 0
0 0 698 0.968111 -0.504857 2.20511 1.97513 0 0
0 0 699 3.20785 0.216537 -1.07351 4.05628 0 0
0 0 700 -3.61101 0.32387 4.73985 1.51086 0 0
0 0 701 -4.01466 3.07632 -1.42998 -5.42126 0 0
0 0 702 -0.541488 4.3624 0.672374 2.8232 0 0
0 0 703 1.44465 -0.371518 1.20284 -1.56615 0 0
0 0 704 5.19429 -1.30682 0.855666 0.153421 0 0
0 0 705 0.189807 -0.680642 0.392285 0.0656286 0 0
0 0 706 7.92964 1.0472 1.22628 0.475474 0 0
0 0 707 -0.131712 -4.63022 2.97221 -0.0108535 0 0
0 0 708 5.1032 -0.227228 -2.59059 6.94696 0 0
0 0 709 2.35753 -3.58357 2.54995 1.37021 0 0
0 0 710 -5.10635 -0.451098 -2.40063 0.857807 0 0
0 0 711 -0.720196 0.875489 -1.75198 1.64613 0 0
0 0 712 0.936125 -0.954801 -3.38099 -1.19123 0 0
0 0 713 -3.91704 0.463455 -4.39362 -1.62787 0 0
0 0 714 -2.12575 -5.80347 0.438762 0.141216 0 0
0 0 715 -2.80364 0.472943 4.91654 -0.23747 0 0
0 0 716 1.08835 -1.89313 -2.39492 -1.44273 0 0
0 0 717 -4.18951 2.04584 -4.01809 -3.38418 0 0
0 0 718 1.18457 1.44832 3.28165 1.42876 0 0
0 0 719 1.91914 2.91264 -0.682905 -3.82233 0 0
0 0 720 -1.1975 0.203441 -3.41416 3.58383 0 0
0 0 721 -0.542009 -4.19705 -0.439643 -1.23605 0 0
0 0 722 0.521954 0.644662 0.598495 2.79912 0 0
0 0 723 3.79032 -0.249065 -4.00344 0.0635896 0 0
0 0 724 4.51115 4.7277 2.22476 -0.919579 0 0
0 0 725 -3.00322 -0.75366 1.34004 0.894395 0 0
0 0 726 0.0611609 -1.35392 -4.14384 5.13547 0 0
0 0 727 0.0173725 -1.74454 -2.42415 -8.41762 0 0
0 0 728 -4.36746 2.50097 4.02867 3.06595 0 0
0 0 729 -5.08109 -2.33258 -2.55108 -5.39299 0 0
0 0 730 -1.50116 1.25712 4.40866 -2.4862 0 0
0 0 731 2.61998 1.30205 -1.70023 -4.41822 0 0
0 0 732 -1.63968 3.37253 -2.55725 0.895469 0 0
0 0 733 -1.28445 4.11905 -5.28296 4.99282 0 0
0 0 734 2.1796 0.0103943 -1.49286 0.0259666 0 0
0 0 735 -0.527348 -0.165972 -4.73705 -0.14235 0 0
0 0 736 -2.09132 2.17199 0.790439 7.00536 0 0
0 0 737 -0.795354 2.26623 1.62178 -0.136914 0 0
0 0 738 -3.73534 -4.30397 0.0891982 -2.74127 0 0
0 0 739 -2.39185 -1.3708 2.62814 2.26644 0 0
0 0 740 2.12361 -2.16651 1.73014 -4.99436 0 0
0 0 741 -3.84337 2.90678 0.640044 -1.47504 0 0
0 0 742 -3.50542 -2.5566 3.08237 0.370424 0 0
0 0 743 -0.187473 2.8718 -1.92557 1.06218 0 0
0 0 744 -1.41355 -4.3359 -4.62288 -3.19911 0 0
0 0 745 -2.88577 -1.77797 1.0117 -0.129234 0 0
0 0 746 -2.30367 -0.55589 1.35389 2.7901 0 0
0 0 747 2.10719 3.87494 -3.2859 -3.81707 0 0
0 0 748 1.02475 -1.23888 0.899821 -1.58895 0 0
0 0 749 -2.99189 5.83281 -6.04095 3.37291 0 0
0 0 750 -0.355934 0.454133 2.30574 -0.614951 0 0
0 0 751 -0.981248 1.86668 0.519744 -1.37875 0 0
0 0 752 8.15367 2.85759 1.29007 0.149581 0 0
0 0 753 -6.84823 0.79896 1.52346 -3.79637 0 0
0 0 754 -0.508381 0.823634 -0.328772 -3.297 0 0
0 0 755 -3.09479 -4.20155 2.59431 0.599122 0 0
0 0 756 0.188779 0.258403 -4.46825 -1.56699 0 0
0 0 757 0.481835 5.1055 6.68834 -2.14439 0 0
0 0 758 6.57872 -4.14647 1.01652 1.13178 0 0
0 0 759 5.13684 2.14454 -3.03884 2.93073 0 0
0 0 760 2.35638 -2.99378 -3.02752 3.03571 0 0
0 0 761 -2.45492 -3.98756 2.70714 2.2382 0 0
0 0 762 2.31985 -1.98101 5.25252 0.288977 0 0
0 0 763 6.72464 4.74848 -2.60811 -2.04488 0 0
0 0 764 1.02127 -2.63734 1.29304 -1.59741 0 0
0 0 765 -0.6674 0.485435 -2.2401 1.79267 0 0
0 0 766 -0.912233 6.16908 -2.35421 -4.42427 0 0
0 0 767 -2.33163 -0.104843 -4.68057 1.8846 0 0
0 0 768 -4.20423 0.462343 -3.55153 -1.66402 0 0
0 0 769 -0.361162 2.36506 -4.23467 1.77898 0 0
0 0 770 -1.52921 -0.890279 -3.79203 -0.329372 0 0
0 0 771 0.596475 -0.81499 0.840008 1.08055 0 0
0 0 772 2.25347 -3.1287 3.56765 4.11868 0 0
0 0 773 2.60223 -0.627664 -4.21484 -1.56152 0 0
0 0 774 1.17139 8.07522 -3.22385 3.67277 0 0
0 0 775 0.77299 -0.846676 2.89459 -0.534646 0 0
0 0 776 -5.04891 0.75898 5.17537 -0.0712758 0 0
0 0 777 -4.64823 2.81 -2.74442 0.296768 0 0
0 0 778 0.285792 -1.04979 4.31884 -1.96136 0 0
0 0 779 2.79531 -0.427185 7.17547 3.0095 0 0
0 0 780 -2.96394 -0.846596 2.70024 2.68934 0 0
0 0 781 -3.97807 -1.26117 0.939559 -1.93208 0 0
0 0 782 -7.55016 0.132482 1.64283 0.499001 0 0
0 0 783 3.09575 1.62497 0.621014 -3.43941 0 0
0 0 784 0.644871 -1.61493 -0.472347 -0.872311 0 0
0 0 785 2.31936 -3.86571 -0.238377 0.405698 0 0
0 0 786 1.18324 -4.25503 4.15511 1.77126 0 0
0 0 787 1.5315 -0.871217 3.95974 -2.87412 0 0
0 0 788 2.02626 -5.57793 -1.65091 -0.205707 0 0
0 0 789 6.2517 7.67535 4.69086 -1.1222 0 0
0 0 790 -2.34588 2.87042 1.2516 -1.74558 0 0
0 0 791 2.64477 3.56428 2.54024 4.3364 0 0
0 0 792 1.57876 -1.15924 0.239407 -3.10811 0 0
0 0 793 0.894432 0.32631 -1.49759 0.331955 0 0
0 0 794 0.567735 -0.315416 -0.927606 2.01904 0 0
0 0 795 0.997467 -2.16273 -0.745148 -3.34996 0 0
0 0 796 7.74463 -1.69381 -0.287763 2.83122 0 0
0 0 797 5.04399 0.177059 -4.6166 -2.15398 0 0
0 0 798 3.37618 -1.12516 -2.13292 -3.39301 0 0
0 0 799 1.0352 2.62063 -4.07587 1.78275 0 0
0 0 800 0.012692 2.42856 -3.33047 1.05599 0 0
0 0 801 2.28494 2.75105 1.06178 -1.33558 0 0
0 0 802 -3.587 0.522956 -0.186796 -4.84725 0 0
0 0 803 3.56898 1.50735 1.94805 -2.92586 0 0
0 0 804 1.18192 -0.246879 1.71177 0.24461 0 0
0 0 805 6.45763 -1.69391 3.46045 3.17382 0 0
0 0 806 0.795999 -2.48033 4.05279 -0.228417 0 0
0 0 807 -1.00934 -0.580997 3.10211 -0.640763 0 0
0 0 808 1.19637 -0.188231 -2.20077 -1.24505 0 0
0 0 809 -3.04663 -2.32906 1.57874 1.06805 0 0
0 0 810 -3.55246 -3.59256 4.55077 1.40227 0 0
0 0 811 0.263765 0.753161 4.92355 3.50079 0 0
0 0 812 1.53717 3.79867 -1.64858 0.351468 0 0
0 0 813 -0.497181 0.263632 6.39413 -4.31512 0 0
0 0 814 0.937896 -1.80579 3.97071 0.124686 0 0
0 0 815 -1.31086 3.21646 -1.86528 -0.102043 0 0
0 0 816 -3.23453 1.27535 -1.10629 -3.80097 0 0
0 0 817 4.22732 -1.15508 -7.13679 0.481396 0 0
0 0 818 2.98322 -0.364971 2.9786 -1.51006 0 0
0 0 819 -3.07234 -2.32627 3.01958 3.41177 0 0
0 0 820 1.28963 -2.1227 2.41875 -0.253252 0 0
0 0 821 -3.93651 -0.192498 -1.45007 1.21663 0 0
0 0 822 -2.00373 -2.01319 -2.35461 -2.11672 0 0
0 0 823 5.31914 0.575651 2.7951 -2.83921 0 0
0 0 824 -1.0742 -1.88159 -3.96308 1.74828 0 0
0 0 825 0.56203 0.579574 3.3568 -0.525191 0 0
0 0 826 4.54096 1.63103 -2.01065 -2.91832 0 0
0 0 827 1.70435 -2.99619 0.788156 -5.91653 0 0
0 0 828 -1.55368 3.55062 -1.91794 4.19595 0 0
0 0 829 1.28844 1.7348 1.86236 3.81077 0 0
0 0 830 -1.03232 1.01564 2.25751 -0.754035 0 0
0 0 831 2.10906 4.63101 2.26133 1.6959 0 0
0 0 832 2.09653 4.07524 -2.34447 -4.70998 0 0
0 0 833 -3.31253 -2.63237 -1.18582 -0.400985 0 0
0 0 834 0.363445 -2.1686 -0.108213 -5.42873 0 0
0 0 835 2.86969 3.95337 -0.692267 -0.420952 0 0
0 0 836 -4.96933 -3.06051 2.84728 -0.252404 0 0
0 0 837 -4.06042 3.21537 -4.25279 -0.980626 0 0
0 0 838 -3.60498 0.181747 3.57562 -2.3456 0 0
0 0 839 -2.34943 -2.37287 2.21347 -0.980493 0 0
0 0 840 -1.23134 3.8358 -4.38329 -1.95372 0 0
0 0 841 2.58552 -0.427471 -3.35431 -5.75239 0 0
0 0 842 9.15788 3.60201 -0.628888 -3.21615 0 0
0 0 843 4.55713 0.280275 -1.91282 -1.43681 0 0
0 0 844 2.43128 2.14498 5.72323 -0.0390743 0 0
0 0 845 2.83893 1.39426 -2.4285 0.582999 0 0
0 0 846 -0.183341 -1.86571 -4.47638 0.09453 0 0
0 0 847 1.30506 1.94669 1.18877 2.44448 0 0
0 0 848 6.80748 -0.62534 1.18436 -2.19908 0 0
0 0 849 0.393174 -2.32487 1.68551 0.783043 0 0
0 0 850 2.60823 -0.522182 -5.77997 -3.71024 0 0
0 0 851 -1.73055 -0.359022 0.215165 2.08493 0 0
0 0 852 0.95932 -5.2264 -5.75693 1.88613 0 0
0 0 853 1.48988 -1.01008 -2.98376 -9.08546 0 0
0 0 854 4.36693 5.61508 -4.95289 -1.07641 0 0
0 0 855 4.81837 -3.87367 0.0413412 0.409163 0 0
0 0 856 7.57896 2.93059 -2.05234 3.26036 0 0
0 0 857 2.59819 -2.53098 -1.9529 -0.870138 0 0
0 0 858 8.70141 2.12028 -2.06461 1.28814 0 0
0 0 859 1.425 0.57169 -4.70312 -2.5449 0 0
0 0 860 3.16549 5.3329 -6.27129 -2.46792 0 0
0 0 861 8.12113 -0.315906 -4.48749 4.65336 0 0
0 0 862 6.06962 0.767035 -16.9905 4.60558 -43.7076 4.83734
0 0 863 11.3459 2.68461 -4.76849 -0.871339 0 0
0 0 864 9.79429 2.64388 -11.8388 -0.684753 -38.7056 6.81063
0 0 865 10.8988 3.0809 -9.27153 -2.24694 0 0
0 0 866 13.2628 4.69652 -15.983 3.43171 -36.8124 4.97377
0 0 867 14.3868 2.15352 -11.0914 -2.50845 -39.506 7.30463
0 0 868 16.5685 3.59342 -7.87667 -1.28969 0 0
0 0 869 13.2363 5.05205 -12.1537 -1.26593 -33.7142 6.33381
0 0 870 10.4317 3.44365 -16.1883 -0.550579 -38.9954 4.98983
0 0 871 17.6233 1.01987 -11.4634 -1.83707 -42.458 7.15252
0 0 872 10.0767 2.25388 -11.8201 0.902001 -39.6022 6.85793
0 0 873 11.9174 7.10953 -14.8579 -0.918366 -32.2144 5.07891
0 0 874 11.0995 -1.73646 -11.7755 -0.807421 -49.1943 6.92422
0 0 875 10.9229 3.0662 -10.9573 -2.51858 -37.1834 7.27749
0 0 876 13.3113 7.98515 -13.4792 2.17951 -29.6786 5.37449
0 0 877 17.285 -0.36998 -14.8856 -9.38232 -45.7119 5.52457
0 0 878 14.2837 0.25755 -10.6639 3.96428 -44.3082 7.71178
0 0 879 20.0108 3.08886 -11.2775 -2.95825 -37.3413 7.07987
0 0 880 16.1348 1.68977 -10.3297 -2.1588 -40.3548 7.87751
0 0 881 11.3728 1.86757 -9.67722 0.224342 -39.5385 8.37361
0 0 882 11.4537 1.28359 -8.02408 0.336836 0 0
0 0 883 15.5992 5.82552 -12.3996 -2.22595 -32.4176 6.10334
0 0 884 12.5711 2.66839 -14.5277 4.57329 -39.7961 5.58564
0 0 885 11.1143 2.0462 -7.1378 -3.18285 0 0
0 0 886 15.4995 7.50266 -10.7658 -2.10691 -27.5638 6.45443
0 0 887 12.2734 1.68662 -11.5514 0.729491 -40.8465 7.05975
0 0 888 13.0082 7.13978 -13.2557 -2.7958 -30.8461 5.57528
0 0 889 16.3421 0.694588 -13.1143 -1.1031 -43.4841 6.26515
0 0 890 10.8074 1.33551 -9.29112 2.34391 0 0
0 0 891 14.1963 -0.583577 -12.8108 -1.53015 -46.3041 6.4155
0 0 892 8.04942 -0.664577 -9.73607 -3.47893 0 0
0 0 893 8.74628 4.18316 -8.38626 1.63225 0 0
0 0 894 10.1682 5.94714 -7.97619 -3.26425 -26.6457 8.53528
0 0 895 12.9002 4.01343 -3.72499 -2.27824 0 0
0 0 896 12.4918 1.51794 -10.4061 0.342846 -40.8504 7.83687
0 0 897 17.7267 1.31817 -12.4499 -0.786284 -41.9781 6.57702
0 0 898 16.1847 6.42646 -10.0517 -0.546121 -28.7038 7.0765
0 0 899 13.7215 0.442651 -16.2272 -0.938413 -44.2187 5.06754
0 0 900 16.368 5.53151 -13.8506 1.27165 -34.1149 5.5847
0 0 901 19.1436 -0.368117 -10.4376 0.046911 -46.0099 7.87681
0 0 902 13.8489 5.0926 -12.1973 -2.52135 -33.6693 6.3077
0 0 903 20.5219 2.70803 -14.3737 0.41677 -39.6652 5.64151
0 0 904 18.0798 -0.182519 -17.4327 -2.44671 -45.2999 4.71833
0 0 905 19.748 5.29797 -13.755 -0.824615 -34.4675 5.64651
0 0 906 23.6004 6.09836 -18.4336 1.23574 -35.8472 4.27483
0 0 907 21.896 8.07049 -12.673 -1.16268 -28.7549 5.6184
0 0 908 22.898 2.89037 -18.1995 -5.83711 -40.4879 4.47389
0 0 909 24.0882 3.1793 -18.0634 -6.01852 -40.0089 4.49723
0 0 910 26.2163 6.12006 -23.7772 1.15555 -37.7829 3.36941
0 0 911 19.7813 4.28871 -21.6768 4.0035 -39.4044 3.73542
0 0 912 29.8168 7.60325 -21.515 -3.05012 -35.2685 3.64142
0 0 913 29.7424 3.66993 -19.515 1.63625 -39.6747 4.15546
0 0 914 31.3657 3.65259 -23.751 -5.12856 -40.6286 3.43033
0 0 915 35.0789 4.08457 -29.1639 1.62027 -41.0136 2.79819
0 0 916 32.9443 4.60483 -31.4209 -5.05389 -40.8312 2.59525
0 0 917 34.3997 5.04758 -29.5238 0.742956 -40.1491 2.75345
0 0 918 40.0533 1.57373 -28.4905 -2.92978 -43.4192 2.88358
0 0 919 40.9672 -2.65727 -35.5193 -0.0127745 -47.1392 2.31057
0 0 920 39.7895 3.5913 -30.2576 1.30977 -41.6156 2.70306
0 0 921 44.8665 2.64443 -38.5488 -2.56406 -43.0378 2.12976
0 0 922 45.7364 -4.03128 -36.9426 0.0258652 -48.1138 2.21587
0 0 923 52.6574 1.52708 -41.2247 -1.00092 -43.9393 1.99422
0 0 924 48.993 0.0898743 -41.2285 0.159478 -44.9376 1.99515
0 0 925 54.3838 1.58426 -37.1386 -1.14733 -43.7787 2.21322
0 0 926 53.8666 -1.35497 -42.1613 0.273995 -45.9204 1.95018
0 0 927 55.6338 0.313538 -36.7968 -0.133878 -44.7559 2.23537
0 0 928 61.3202 -3.18664 -41.3908 -3.90105 -47.2012 1.98253
0 0 929 64.8067 0.985603 -44.8757 1.44253 -44.3709 1.83264
0 0 930 72.0152 -2.3838 -42.586 -1.61719 -46.6019 1.92909
0 0 931 71.9136 1.14539 -40.4769 -1.74427 -44.1896 2.03153
0 0 932 75.3994 0.253487 -43.896 -3.10027 -44.8346 1.87388
0 0 933 82.8483 -5.11948 -40.8911 -3.36156 -48.5681 1.99886
0 0 934 89.7708 -3.26516 -45.2637 -4.95554 -47.063 1.81344
0 0 935 96.2165 -4.69376 -38.794 -1.09241 -48.4494 2.10779
0 0 936 110.617 -1.4136 -41.0255 -3.85352 -45.9867 2.00405
0 0 937 116.716 -4.36232 -38.9509 -3.11549 -48.1951 2.10108
0 0 938 124.11 -7.41386 -31.5937 0.787888 -51.6031 2.54688
0 0 939 126.212 0.931 -18.5556 -3.45602 -43.5638 4.42846
0 0 940 135.671 -3.35822 -9.39923 2.30836 -54.8306 8.32669
0 0 941 131.678 1.45842 0.0693031 -1.82469 0 0
0 0 942 136.907 1.49199 11.0831 2.16178 41.1665 7.36754
0 0 943 141.224 5.95162 12.8691 3.33932 32.5904 5.89481
0 0 944 148.373 4.49847 28.2949 -0.428051 40.4832 2.87758
0 0 945 156.114 8.41271 32.1174 2.80864 37.661 2.49215
0 0 946 164.153 8.27865 47.0899 0.702629 40.0145 1.72516
0 0 947 179.446 13.3478 49.2834 1.0856 37.4229 1.62112
0 0 948 183.254 10.9124 55.7579 1.26421 39.4633 1.4527
0 0 949 186.739 16.7168 62.7945 -2.01726 37.5464 1.27354
0 0 950 185.844 18.517 65.5114 7.95531 37.1085 1.21648
0 0 951 198.493 16.8466 65.6014 2.60145 37.7987 1.22138
0 0 952 196.211 17.8159 65.9654 3.17876 37.4431 1.21135
0 0 953 193.964 22.281 65.0258 -0.781479 35.543 1.20821
0 0 954 199.314 20.1989 58.5778 1.85805 35.4873 1.34045
0 0 955 184.224 18.6631 57.0641 2.18419 35.9447 1.3822
0 0 956 176.224 17.299 52.1439 -0.126607 35.8232 1.51086
0 0 957 172.963 13.8252 41.6559 2.45828 35.8197 1.89119
0 0 958 161.377 9.81811 33.6597 1.82446 36.8693 2.3629
0 0 959 155.272 14.6863 30.363 2.35413 32.0937 2.48102
0 0 960 140.443 9.92313 21.8533 -1.26817 32.7891 3.48079
0 0 961 135.864 2.32118 13.6841 -3.17874 40.1864 5.9417
0 0 962 127.045 0.418388 18.558 -2.34122 44.3542 4.4315
0 0 963 120.791 3.71377 10.6023 0.311122 35.3478 7.39551
0 0 964 114.204 4.26534 9.99183 0.75215 33.4416 7.67811
0 0 965 106.872 6.11414 5.41874 0.96043 0 0
0 0 966 104.966 -3.8496 -2.83164 4.5222 0 0
0 0 967 102.552 3.21498 -2.13626 7.20613 0 0
0 0 968 97.2955 -0.91135 1.3837 -1.02681 0 0
0 0 969 93.3348 -2.18372 -3.74476 -0.87903 0 0
0 0 970 85.0961 -5.21639 -4.71722 -5.3314 0 0
0 0 971 84.4781 -7.81882 -6.28956 2.44143 -70.5932 8.64345
0 0 972 85.2074 -6.04215 -8.41102 -0.974115 -62.846 8.18784
0 0 973 79.4626 -1.39163 -5.11714 -1.56044 0 0
0 0 974 79.0239 -6.50405 -6.99413 -2.2112 0 0
0 0 975 77.0917 -4.15454 -7.90812 -1.81244 0 0
0 0 976 78.815 -7.37469 -8.25625 -6.1873 -65.886 7.72805
0 0 977 78.5657 -10.507 -10.3576 0.938518 -67.7052 5.8298
0 0 978 74.3411 -3.20661 -10.7344 -4.35379 -53.3161 7.39753
0 0 979 71.4798 -7.38638 -15.4127 -5.08917 -57.8028 4.89489
0 0 980 68.6372 -8.31396 -10.8155 -4.07034 -63.7749 6.23261
0 0 981 72.5385 -7.04093 -11.4808 -7.00158 -60.7599 6.25944
0 0 982 69.1844 -8.66314 -14.5226 -4.98345 -60.4086 4.98048
0 0 983 64.7233 -6.29299 -3.68092 -6.11594 0 0
0 0 984 61.5288 -5.50689 -12.3648 -10.3835 -57.0034 6.16898
0 0 985 64.2921 -9.43969 -12.1744 -5.5805 -63.8945 5.52103
0 0 986 64.8894 -6.43719 -7.97059 -5.57703 -64.4625 8.31539
0 0 987 61.0902 -10.8664 -9.32247 -6.01499 -69.6866 6.04228
0 0 988 60.94 -5.61992 -1.9699 -7.97532 0 0
0 0 989 50.2428 -13.1211 -5.93695 -3.0605 -77.8272 6.13259
0 0 990 52.9797 -10.8212 -10.334 -5.16039 -68.1596 5.756
0 0 991 57.1995 -6.76925 -7.75331 -7.85656 -65.5618 8.30407
0 0 992 53.6245 -7.23772 -9.6751 0.0331832 -63.3997 7.02913
0 0 993 50.4111 -3.98567 -9.03299 -6.49147 -56.9044 8.4554
0 0 994 46.6629 -11.7495 -9.59506 -7.61394 -70.3819 5.71415
0 0 995 45.4964 -7.01306 -8.25788 -6.88396 -65.1699 7.87996
0 0 996 45.6057 -4.26805 -6.91604 -5.55459 0 0
0 0 997 38.0941 -7.24051 -5.32525 -11.1943 0 0
0 0 998 45.275 -7.63039 -3.65132 -0.776048 0 0
0 0 999 45.4734 -8.13268 -5.83488 -7.15626 -72.171 8.70324
0 0 1000 38.9277 -11.8409 -9.45057 -0.739698 -70.7028 5.72677
0 0 1001 33.7338 -11.2752 -8.61833 -6.50301 -71.3036 6.1237
0 0 1002 35.7188 -3.23681 -0.793871 -2.51331 0 0
0 0 1003 31.1601 -8.83263 -8.01288 -9.23269 -68.893 7.23745
0 0 1004 35.9106 -10.4445 -7.34901 -2.5897 -72.4345 6.8261
0 0 1005 34.3705 -8.16392 -7.91579 -5.65645 -67.942 7.56915
0 0 1006 26.3003 -10.6346 -5.1851 -2.64608 -77.0038 7.45173
0 0 1007 34.2958 -8.13824 -8.52112 -4.19084 -66.8417 7.28111
0 0 1008 26.3774 -8.46442 -5.99923 -2.59197 -72.3363 8.40037
0 0 1009 29.823 -11.436 -4.68068 -6.22928 -78.8705 7.16254
0 0 1010 29.2001 -9.24592 -8.49132 -3.90063 -68.7181 6.87201
0 0 1011 28.9259 -10.1546 -7.5975 -6.09184 -71.5984 6.85819
0 0 1012 26.1391 -9.35066 -5.7065 -5.92316 -74.3026 7.99693
0 0 1013 20.3065 -4.72714 -6.04819 -2.35712 0 0
0 0 1014 21.6758 -5.03195 -2.97544 -4.95966 0 0
0 0 1015 24.0383 -5.84332 -4.62814 -0.644701 0 0
0 0 1016 21.873 -6.77775 -8.69546 -3.91761 -63.9675 7.71625
0 0 1017 13.4199 -3.7842 -5.22013 -3.8431 0 0
0 0 1018 10.8592 -8.06436 -9.27553 -2.22991 -65.5022 6.95264
0 0 1019 19.1094 -6.04839 -5.85038 -5.39406 0 0
0 0 1020 11.5922 -5.96304 -3.80802 0.305521 0 0
0 0 1021 23.7004 -4.72116 -1.17552 -2.57025 0 0
0 0 1022 13.1906 -8.70998 1.9053 -2.14116 0 0
0 0 1023 16.0251 -5.02734 -3.8351 0.113248 0 0
