# File: uwl_191021_044005_b4.rf.sbB2.RMC_aux Src: J1713+0747 Nsub: 1 Nch: 1 Npol: 4 Nbin: 1024 RMS: 2.93965
0 0 0 -3.38855 5.71418 2.26654 0.836474 0 0
0 0 1 -1.75027 4.29332 -4.5394 -3.7092 0 0
0 0 2 1.26396 -3.05438 -2.22403 2.25413 0 0
0 0 3 -0.289219 3.36791 2.34087 3.62256 0 0
0 0 4 -1.58832 -0.248935 2.274 0.703857 0 0
0 0 5 -3.94372 -2.73721 -3.52358 4.69177 0 0
0 0 6 2.58844 3.44075 -7.9588 -0.321298 0 0
0 0 7 -1.92627 2.31629 3.00684 1.61923 0 0
0 0 8 4.09077 -4.80957 -0.92458 -1.02452 0 0
0 0 9 -3.33966 1.22986 -2.29854 -0.008851 0 0
0 0 10 3.7747 2.613 -1.16005 0.0217018 0 0
0 0 11 3.1576 -1.79221 -5.9857 0.941792 0 0
0 0 12 2.08063 -0.204893 -1.83024 1.72531 0 0
0 0 13 1.95527 5.19027 1.38051 -4.2652 0 0
0 0 14 -2.62721 -3.13554 2.55917 1.67295 0 0
0 0 15 -2.44025 -1.25306 -0.636202 -3.53883 0 0
0 0 16 2.55742 -2.53335 -2.16753 0.824411 0 0
0 0 17 3.42656 6.79631 1.8318 -2.8798 0 0
0 0 18 -3.4612 -3.92717 5.1036 1.40994 0 0
0 0 19 -2.87204 -1.83435 -7.61145 -1.87212 0 0
0 0 20 1.88669 -3.79514 -0.0530949 -0.842992 0 0
0 0 21 -1.83188 3.53364 3.67139 1.17963 0 0
0 0 22 -2.26203 -1.88047 1.10125 3.24993 0 0
0 0 23 0.330722 0.148835 -1.17919 -0.808232 0 0
0 0 24 -1.14801 2.98729 -0.206498 -3.31469 0 0
0 0 25 -3.09289 -1.65023 -4.34573 -0.69867 0 0
0 0 26 2.15577 3.30337 0.411577 0.141009 0 0
0 0 27 2.04606 8.88521 -8.56237 -1.6885 -21.97 8.07957
0 0 28 3.58159 -4.85077 -0.664948 -6.44039 0 0
0 0 29 -6.61453 2.1745 2.20953 -1.83849 0 0
0 0 30 4.0826 -0.413856 -0.69003 -1.63924 0 0
0 0 31 0.933038 -0.44782 -0.0962194 1.62574 0 0
0 0 32 5.27437 0.261731 -1.40638 -2.98483 0 0
0 0 33 -1.29649 4.97169 2.27829 1.50516 0 0
0 0 34 3.42381 -4.18357 0.152128 2.3495 0 0
0 0 35 -1.70359 2.11237 4.08735 0.414283 0 0
0 0 36 1.16004 1.12106 2.2104 1.35626 0 0
0 0 37 2.35262 0.229291 0.389178 2.53993 0 0
0 0 38 3.89569 -5.38059 -0.521967 6.19967 0 0
0 0 39 3.61137 -2.79462 0.0682949 3.76821 0 0
0 0 40 4.41095 0.12119 4.43998 -0.547757 0 0
0 0 41 -1.07607 3.48338 -1.51167 3.14476 0 0
0 0 42 -3.48081 -7.44899 5.95018 4.90844 0 0
0 0 43 5.56607 5.17641 3.41752 -1.55461 0 0
0 0 44 -1.09355 0.302628 -4.03614 -1.03793 0 0
0 0 45 3.26764 3.19009 1.92127 1.71732 0 0
0 0 46 4.26085 3.85758 -2.01289 4.83155 0 0
0 0 47 2.26475 0.287153 -1.93639 2.14286 0 0
0 0 48 2.59596 1.67858 1.02848 1.17861 0 0
0 0 49 1.52943 0.973401 -1.13558 -0.441643 0 0
0 0 50 -2.67261 -3.19827 -6.30016 -0.140324 0 0
0 0 51 -2.64404 -1.7289 1.26154 -4.27051 0 0
0 0 52 -1.03519 1.91052 2.05389 10.7944 0 0
0 0 53 -2.25357 -5.88383 4.14499 -3.07961 0 0
0 0 54 -0.807014 2.59891 -0.672274 1.04828 0 0
0 0 55 -2.89068 -0.0725102 1.18219 0.114877 0 0
0 0 56 -0.298192 -2.28566 1.36442 -5.37775 0 0
0 0 57 -1.45224 -0.509116 3.65412 5.34364 0 0
0 0 58 -5.88761 2.62079 -2.79877 3.62171 0 0
0 0 59 -1.08501 -1.97584 2.07055 3.58132 0 0
0 0 60 -1.35467 -3.04493 -0.259922 1.87585 0 0
0 0 61 3.58965 -1.46996 -2.49608 4.44209 0 0
0 0 62 2.24325 4.02908 1.33672 -2.51192 0 0
0 0 63 6.63955 3.9465 1.93601 0.98997 0 0
0 0 64 -1.13748 -4.01369 -3.59361 1.98602 0 0
0 0 65 -3.53748 -7.32547 5.069 3.63478 0 0
0 0 66 -1.61215 -3.01083 7.12116 -4.41485 0 0
0 0 67 0.401033 -3.2924 0.762331 -0.61951 0 0
0 0 68 -1.81797 1.25149 -5.3103 -1.22733 0 0
0 0 69 -3.51826 -5.65936 -2.05951 5.11715 0 0
0 0 70 2.03965 0.038349 2.74766 7.0141 0 0
0 0 71 5.37651 7.21638 2.04007 -4.8627 0 0
0 0 72 -0.178473 -5.08009 1.41873 -0.50458 0 0
0 0 73 0.31578 -1.11203 0.749696 -0.381884 0 0
0 0 74 2.33483 -3.58173 -7.2166 1.9147 0 0
0 0 75 0.451858 -3.58653 2.4521 3.43418 0 0
0 0 76 4.47186 -5.65235 4.97121 -7.49414 0 0
0 0 77 -1.15602 10.8883 -1.37228 -1.15601 0 0
0 0 78 -3.58257 5.22874 1.53476 -4.95261 0 0
0 0 79 6.09212 1.8554 -3.67299 4.24029 0 0
0 0 80 1.40026 -0.777807 -4.42996 -1.90167 0 0
0 0 81 0.603856 6.43193 0.909817 3.03681 0 0
0 0 82 -3.50692 3.57218 -1.55114 1.7894 0 0
0 0 83 -4.2595 -2.34766 0.952769 5.1065 0 0
0 0 84 1.63135 5.40123 0.00416921 1.17193 0 0
0 0 85 4.94458 5.95389 3.89986 -4.64552 0 0
0 0 86 -1.91268 4.39549 -2.9702 1.09989 0 0
0 0 87 -2.38508 0.542724 -0.395438 6.23945 0 0
0 0 88 -4.44888 -5.28778 -1.69508 -1.66176 0 0
0 0 89 5.39229 4.76296 -7.62076 -1.37158 0 0
0 0 90 -1.76053 2.77516 2.18916 0.44031 0 0
0 0 91 -5.91979 1.40465 -1.56558 0.275524 0 0
0 0 92 9.25937 -1.04522 -0.416923 -2.47226 0 0
0 0 93 -2.36465 3.49662 6.35367 1.69277 0 0
0 0 94 1.22948 -1.56213 -2.68062 1.02082 0 0
0 0 95 -3.23848 0.088523 -0.257801 4.41378 0 0
0 0 96 1.45078 0.00151539 2.08167 7.7313 0 0
0 0 97 -2.0624 2.74158 -2.99959 -0.00940602 0 0
0 0 98 -2.25883 -3.61091 1.43482 -5.83592 0 0
0 0 99 0.511577 -4.79541 1.30571 -0.486933 0 0
0 0 100 0.154055 -0.349362 -0.151178 -1.75326 0 0
0 0 101 3.01157 -4.83419 -0.382449 -0.1647 0 0
0 0 102 2.12201 5.5821 -1.77714 -2.37272 0 0
0 0 103 -0.0239117 2.01248 -1.72191 -0.514745 0 0
0 0 104 -1.71387 0.00533509 -2.05409 4.23888 0 0
0 0 105 -1.77421 -0.459029 7.48602 -4.38648 0 0
0 0 106 -0.0923098 -0.14264 -0.257666 -3.82163 0 0
0 0 107 1.78919 -3.29655 -5.08239 -3.11336 0 0
0 0 108 -3.83851 0.207 2.25539 0.380281 0 0
0 0 109 1.68565 -1.19348 0.424868 -5.57813 0 0
0 0 110 4.13571 -1.30016 -3.68511 2.53672 0 0
0 0 111 -0.936062 2.09867 3.84943 -1.31388 0 0
0 0 112 -4.84791 2.6325 -4.72379 2.05169 0 0
0 0 113 -1.52284 -4.66019 -1.89076 -3.30382 0 0
0 0 114 -1.26252 2.69108 -3.56 -1.15097 0 0
0 0 115 2.74794 -4.5239 -1.50549 0.0355624 0 0
0 0 116 0.0706084 -1.82713 2.64356 1.91701 0 0
0 0 117 0.385933 -0.769029 -5.02625 2.48125 0 0
0 0 118 -0.428159 1.75412 -0.269219 2.82013 0 0
0 0 119 4.90209 2.41888 -2.61833 -4.04237 0 0
0 0 120 -3.59159 3.71966 -1.92935 7.39026 0 0
0 0 121 0.0425462 -0.659708 3.30485 -2.8067 0 0
0 0 122 -0.399585 3.48251 -2.01513 -1.56782 0 0
0 0 123 6.71986 2.66549 0.479537 -1.08099 0 0
0 0 124 2.75738 1.57276 -2.76957 -1.65957 0 0
0 0 125 -1.02229 1.23277 1.94471 0.244404 0 0
0 0 126 -1.13826 -0.555332 -3.14056 3.88888 0 0
0 0 127 0.304438 3.61228 2.24682 -1.1094 0 0
0 0 128 -1.46981 4.74998 0.640797 5.63122 0 0
0 0 129 1.76755 0.82614 1.97396 3.6023 0 0
0 0 130 5.27481 4.21956 -7.11438 -3.86349 0 0
0 0 131 -0.35194 -3.11038 -6.31406 1.09056 0 0
0 0 132 -3.66911 0.644024 1.48915 -4.43745 0 0
0 0 133 -6.86865 3.67635 2.40467 0.671568 0 0
0 0 134 1.55959 5.03385 -0.0960607 -5.35945 0 0
0 0 135 -1.47817 -2.08038 -5.0059 4.14808 0 0
0 0 136 -1.02695 -4.20024 3.49706 -0.991934 0 0
0 0 137 4.18503 -1.04574 0.617431 -2.15085 0 0
0 0 138 -2.74022 -4.38605 1.203 -1.49191 0 0
0 0 139 0.947772 -0.220575 3.68577 -0.973543 0 0
0 0 140 -0.27466 -2.15132 5.98881 7.29148 0 0
0 0 141 -2.0876 6.83345 4.06827 1.89718 0 0
0 0 142 -0.753799 0.0291878 -0.21083 3.02286 0 0
0 0 143 1.14264 -0.262369 -2.67915 -0.778002 0 0
0 0 144 1.71273 -3.25654 -1.14917 2.01171 0 0
0 0 145 -1.92587 0.88615 -2.89067 6.63779 0 0
0 0 146 -1.00749 -0.725752 -6.35116 0.752969 0 0
0 0 147 -3.06265 2.82826 3.18228 -1.28526 0 0
0 0 148 -2.94931 3.05753 0.566745 -7.17845 0 0
0 0 149 1.70196 4.59364 -0.359671 -4.3129 0 0
0 0 150 0.12328 -0.587876 -7.98087 6.09554 0 0
0 0 151 2.78304 6.27116 0.603135 -0.852438 0 0
0 0 152 0.542219 1.05199 -1.24906 -0.883733 0 0
0 0 153 0.780202 -8.7991 -4.07216 3.35421 0 0
0 0 154 -0.699607 -1.7537 4.53522 0.444941 0 0
0 0 155 2.94166 -1.95697 2.92652 2.28461 0 0
0 0 156 -2.80387 2.20154 1.98342 -2.24025 0 0
0 0 157 -1.93364 1.09263 0.345528 3.55084 0 0
0 0 158 -0.896479 -8.71496 -0.890884 2.58445 0 0
0 0 159 4.41113 1.91462 -2.8019 -1.35608 0 0
0 0 160 -0.567183 9.7284 -1.90802 1.31369 0 0
0 0 161 -0.163117 0.608649 0.698624 2.00146 0 0
0 0 162 -2.87266 1.96223 2.80138 0.396203 0 0
0 0 163 -5.45249 5.30489 0.175838 3.1409 0 0
0 0 164 4.31464 -0.0745423 -5.26956 -9.94232 0 0
0 0 165 0.480361 7.8116 -5.8937 -3.23438 0 0
0 0 166 1.67921 -1.80375 -2.16479 4.50591 0 0
0 0 167 -2.68682 0.688061 -0.833573 4.23806 0 0
0 0 168 -0.221152 -5.39201 -2.03784 0.0890326 0 0
0 0 169 4.05097 -2.10535 0.551759 0.0938513 0 0
0 0 170 -1.48101 7.1148 0.274065 0.336957 0 0
0 0 171 3.09908 -5.85726 5.33736 1.23588 0 0
0 0 172 -2.87624 -0.700647 3.57874 -4.57728 0 0
0 0 173 -2.2158 0.14514 0.0634655 1.25203 0 0
0 0 174 0.589907 9.29415 4.21652 0.624099 0 0
0 0 175 -4.37421 5.04244 -2.58928 0.219815 0 0
0 0 176 1.32296 -0.343901 -5.17074 -1.59273 0 0
0 0 177 1.69821 -5.49329 -5.35445 -1.76727 0 0
0 0 178 1.51292 -5.64849 2.22612 1.71343 0 0
0 0 179 3.58927 -2.01247 3.50315 2.80298 0 0
0 0 180 -0.650052 -0.153986 -3.03194 0.0602721 0 0
0 0 181 -1.65275 2.65987 -0.401479 -2.47002 0 0
0 0 182 2.61005 0.9881 -2.16606 -1.43498 0 0
0 0 183 2.31357 1.96384 1.98589 2.80196 0 0
0 0 184 -3.14787 -3.8318 -1.02329 1.79454 0 0
0 0 185 1.85361 -1.04761 0.0614448 2.92678 0 0
0 0 186 9.04647 1.65123 0.130658 0.446346 0 0
0 0 187 -4.26891 -3.74061 0.998817 -2.80059 0 0
0 0 188 4.80408 3.2057 4.26411 6.96626 0 0
0 0 189 4.60974 -2.77678 3.69953 -3.03228 0 0
0 0 190 5.73927 1.15621 -2.64522 -4.02422 0 0
0 0 191 -0.041149 3.50853 2.84695 -1.5534 0 0
0 0 192 -0.983408 3.79965 -2.86025 0.194426 0 0
0 0 193 -2.63197 -1.99178 -5.15529 0.991992 0 0
0 0 194 4.08382 2.35196 -0.986542 -0.864938 0 0
0 0 195 6.57641 0.77133 -0.948168 5.85963 0 0
0 0 196 2.17328 -5.05404 0.452053 -0.176099 0 0
0 0 197 0.766448 -5.17842 4.38586 1.6026 0 0
0 0 198 -0.570839 6.04941 -5.49854 -3.6396 0 0
0 0 199 3.70762 -1.58319 2.44277 -2.76878 0 0
0 0 200 -1.54749 -4.61244 -0.169979 1.32361 0 0
0 0 201 2.3662 -3.50882 -2.22699 0.377144 0 0
0 0 202 1.47649 -3.32619 -2.85564 2.58012 0 0
0 0 203 -5.88144 -3.02493 -0.784326 2.18807 0 0
0 0 204 -1.73024 2.51807 0.406517 -2.98191 0 0
0 0 205 0.72651 3.83971 -0.500771 -2.46911 0 0
0 0 206 -3.28977 -7.45087 -3.74711 4.00994 0 0
0 0 207 -2.6212 -0.0371335 -3.59296 1.59814 0 0
0 0 208 -4.25301 0.642179 1.75664 -1.65254 0 0
0 0 209 2.88258 -4.00813 0.222352 1.13582 0 0
0 0 210 -1.93256 -0.00754011 0.154726 -2.45816 0 0
0 0 211 -4.3047 3.40028 -0.490022 -0.419621 0 0
0 0 212 2.9177 -3.62395 0.257033 -0.46736 0 0
0 0 213 -4.50734 2.33085 -3.19355 4.11728 0 0
0 0 214 4.20939 -3.42021 5.92302 2.74254 0 0
0 0 215 -2.00026 -2.80378 6.56766 -1.51767 0 0
0 0 216 -2.71118 3.20273 2.59847 1.0364 0 0
0 0 217 -6.099 -0.473374 0.291631 0.726713 0 0
0 0 218 -1.06298 -3.88482 7.14974 -2.85561 0 0
0 0 219 -3.89998 -3.63184 3.95073 0.611505 0 0
0 0 220 2.16131 -5.18992 4.8482 -2.81017 0 0
0 0 221 -1.45419 1.62097 3.50631 -5.27754 0 0
0 0 222 1.54305 -0.70003 4.96157 0.879047 0 0
0 0 223 2.47864 -0.307911 0.43469 -2.37514 0 0
0 0 224 0.486925 -0.0376654 -3.26301 -4.77646 0 0
0 0 225 -1.19125 5.71635 0.99444 5.56779 0 0
0 0 226 4.73843 4.61084 -1.53999 2.863 0 0
0 0 227 0.478955 1.11096 -0.660881 -3.51032 0 0
0 0 228 -1.91454 3.14635 0.214029 2.00353 0 0
0 0 229 3.04291 3.50671 0.552009 0.998802 0 0
0 0 230 7.18497 2.4679 -0.463407 -1.2475 0 0
0 0 231 -0.538195 3.33662 0.747001 -1.41292 0 0
0 0 232 -2.73333 -0.691846 -2.31387 2.25682 0 0
0 0 233 -1.85791 -3.75811 1.73663 -2.89654 0 0
0 0 234 -0.309475 3.22084 5.25194 -2.84496 0 0
0 0 235 8.32744 -1.04584 -1.83134 4.82753 0 0
0 0 236 -1.12855 10.2643 -7.68484 -2.12402 -18.4111 7.69917
0 0 237 -0.169472 -4.92529 -2.16123 -2.58373 0 0
0 0 238 -3.40222 -0.136704 -3.57962 1.07237 0 0
0 0 239 -2.53093 -5.90745 -3.28761 -3.58852 0 0
0 0 240 -0.39332 -1.17977 2.90482 0.987394 0 0
0 0 241 -0.383018 -0.816298 -5.13546 3.25978 0 0
0 0 242 1.62923 1.14712 -1.47481 0.336876 0 0
0 0 243 -1.09036 -0.227438 5.18481 -2.02651 0 0
0 0 244 -1.06148 -1.77211 -0.595584 1.45728 0 0
0 0 245 1.75124 -7.14305 0.784973 -5.74162 0 0
0 0 246 -1.9306 0.166908 7.63592 7.2807 0 0
0 0 247 -0.672865 -4.27719 -0.579636 -3.16986 0 0
0 0 248 -0.846003 1.16064 8.34483 -6.69373 0 0
0 0 249 2.84807 1.70998 7.78628 3.65328 0 0
0 0 250 -1.02181 -3.52961 3.27844 -3.10905 0 0
0 0 251 0.273335 -3.99191 -5.10369 -1.89289 0 0
0 0 252 -0.491173 -4.83007 -0.138069 -2.28772 0 0
0 0 253 0.314582 -0.571047 0.0853998 -6.53377 0 0
0 0 254 -1.31541 2.58589 2.81444 2.50543 0 0
0 0 255 0.724893 0.0338461 5.216 -2.15509 0 0
0 0 256 -3.15536 1.03782 -3.51393 -2.02126 0 0
0 0 257 -1.61125 -1.1296 2.65084 3.4793 0 0
0 0 258 -5.4273 -4.34024 -2.61982 -0.629584 0 0
0 0 259 2.27389 -2.1682 3.34604 4.89381 0 0
0 0 260 -1.06173 -0.0532539 -0.319138 -5.03832 0 0
0 0 261 -1.85816 0.198714 1.2381 0.921366 0 0
0 0 262 -4.20999 -1.55309 -0.897704 -6.07956 0 0
0 0 263 -0.788196 -6.03907 -0.537688 2.96954 0 0
0 0 264 3.32369 -0.126888 5.83272 -0.105224 0 0
0 0 265 -0.832115 -1.2496 0.490823 -3.5022 0 0
0 0 266 -0.0283004 1.81221 2.23511 4.52367 0 0
0 0 267 0.841021 -2.28938 0.0104155 3.51265 0 0
0 0 268 1.41525 -2.42315 0.955477 -1.34144 0 0
0 0 269 1.40291 -1.12292 -10.3919 2.62292 0 0
0 0 270 0.966432 -3.43083 0.861822 -2.57315 0 0
0 0 271 2.52236 2.96767 -5.21464 2.35471 0 0
0 0 272 6.87712 0.174009 4.02718 1.45277 0 0
0 0 273 0.389622 3.43854 -1.03555 -1.72293 0 0
0 0 274 -0.95277 3.57817 -2.38772 -6.69476 0 0
0 0 275 -1.30076 -0.0352592 -0.0802613 -3.24413 0 0
0 0 276 -5.71854 -0.522981 7.01912 3.85677 0 0
0 0 277 3.56747 -1.65047 0.357535 1.18774 0 0
0 0 278 0.598936 -4.69876 -2.47541 -1.37387 0 0
0 0 279 0.381282 2.9136 2.48412 -0.655526 0 0
0 0 280 -0.771581 -6.68441 -0.977965 0.49677 0 0
0 0 281 8.38837 3.73003 1.89934 11.1268 0 0
0 0 282 1.05038 -1.57379 3.16623 1.30164 0 0
0 0 283 -2.31559 -0.804995 5.22089 2.51457 0 0
0 0 284 1.20405 -5.16069 1.45436 -6.5305 0 0
0 0 285 2.20443 0.127559 -0.261272 3.92112 0 0
0 0 286 -0.926974 -1.1048 -2.57934 4.24055 0 0
0 0 287 0.585686 -5.09715 3.84162 -1.82416 0 0
0 0 288 -2.92633 0.526358 -4.62956 4.58248 0 0
0 0 289 0.828259 -2.96274 4.48063 4.57665 0 0
0 0 290 2.29045 -2.1564 -0.966875 -2.84491 0 0
0 0 291 -6.0735 1.87844 0.554917 -4.70746 0 0
0 0 292 5.58604 -1.08699 3.84098 -1.78067 0 0
0 0 293 5.46402 -0.516988 5.38851 -1.6849 0 0
0 0 294 3.30232 -6.80558 -0.122946 1.46501 0 0
0 0 295 2.15782 4.41243 -1.50204 2.96712 0 0
0 0 296 -1.63915 -0.574038 3.0962 -0.319286 0 0
0 0 297 2.49845 6.04403 0.180036 -3.28629 0 0
0 0 298 -0.366982 2.65824 2.02683 0.343766 0 0
0 0 299 0.489906 -1.22609 -3.88301 -0.269625 0 0
0 0 300 1.37287 2.27866 -0.0641217 2.32967 0 0
0 0 301 1.21388 -2.40479 2.18312 -6.54952 0 0
0 0 302 1.49096 0.68052 -0.941382 -7.04682 0 0
0 0 303 0.382953 -6.74015 -1.33877 -4.04777 0 0
0 0 304 -4.77003 1.43984 -1.38797 -6.29651 0 0
0 0 305 3.82553 1.33592 -2.14635 3.46484 0 0
0 0 306 3.06415 -7.11199 -4.07004 2.01867 0 0
0 0 307 3.60874 1.08264 -5.0203 8.94274 0 0
0 0 308 -0.285032 2.77801 -2.79698 -1.05637 0 0
0 0 309 5.86849 -0.36149 8.97773 -3.77273 0 0
0 0 310 -3.56417 0.506804 -2.05195 0.499332 0 0
0 0 311 -3.04219 0.0221258 -1.85542 8.37345 0 0
0 0 312 3.77553 4.79823 0.295278 2.71082 0 0
0 0 313 -0.100856 -0.0588345 0.569431 -9.52508 0 0
0 0 314 -2.72244 -1.35871 -1.42381 -1.21134 0 0
0 0 315 4.9373 -1.51918 -4.32182 10.6012 0 0
0 0 316 -3.96801 -0.445261 -3.42845 0.0281846 0 0
0 0 317 -2.97839 2.36104 3.33869 -2.99712 0 0
0 0 318 -2.96217 -5.32253 -5.04439 -0.785339 0 0
0 0 319 2.84064 -1.05686 0.441685 -4.71849 0 0
0 0 320 0.789223 1.38949 2.21461 -5.38682 0 0
0 0 321 4.89697 0.860432 -0.740034 1.59394 0 0
0 0 322 -5.32208 -2.67207 -3.12612 -2.00244 0 0
0 0 323 4.69995 -0.95872 7.79055 -2.4282 0 0
0 0 324 -3.75412 -0.238499 1.38437 -1.6743 0 0
0 0 325 0.195195 3.77186 5.83116 5.48229 0 0
0 0 326 -4.6158 3.21655 0.0033813 1.15331 0 0
0 0 327 0.393462 -2.27509 -3.26221 -2.6735 0 0
0 0 328 -0.144067 0.563695 -0.0831468 0.72835 0 0
0 0 329 0.438613 4.17791 -1.63267 2.12272 0 0
0 0 330 -1.47994 1.58484 9.97153 7.66797 0 0
0 0 331 -6.50653 3.08675 4.80623 0.804737 0 0
0 0 332 4.59643 -3.10039 3.07882 0.671541 0 0
0 0 333 2.92507 -5.99671 4.09796 -2.68718 0 0
0 0 334 -2.23723 -2.27181 -1.3742 -3.60644 0 0
0 0 335 -0.220069 1.87366 4.10301 2.60743 0 0
0 0 336 -2.43958 0.956053 0.97863 5.79713 0 0
0 0 337 8.1782 -2.57164 1.61743 6.5462 0 0
0 0 338 -0.770852 4.16154 -3.16728 3.09045 0 0
0 0 339 2.00232 2.42549 6.85655 -1.37853 0 0
0 0 340 -0.15169 -4.71604 0.694564 -0.48892 0 0
0 0 341 -4.64581 6.1136 -3.65754 1.22764 0 0
0 0 342 -6.52894 2.85252 -5.01441 -0.303068 0 0
0 0 343 2.16904 -3.54884 -2.82692 -2.57699 0 0
0 0 344 5.69127 2.77415 -2.35099 -0.46087 0 0
0 0 345 1.87394 1.64698 -8.85506 -2.80361 0 0
0 0 346 1.73698 4.88306 -2.2626 -0.334759 0 0
0 0 347 -0.280523 0.929116 -5.10645 -7.12999 0 0
0 0 348 -4.44715 -1.08462 0.661871 -0.681364 0 0
0 0 349 -1.50771 -5.12265 2.23608 -0.211733 0 0
0 0 350 3.99051 3.61306 -1.80181 -0.917275 0 0
0 0 351 -2.72131 3.22919 -0.787071 2.74373 0 0
0 0 352 1.68726 -0.170089 0.622456 1.12933 0 0
0 0 353 -3.62322 -0.582161 4.20661 -4.34395 0 0
0 0 354 1.88939 -6.46804 -2.18635 1.01125 0 0
0 0 355 -1.22065 -1.40087 3.7407 -5.14294 0 0
0 0 356 2.0545 -4.21524 -3.0085 1.71792 0 0
0 0 357 -2.36356 0.61491 3.32212 1.67175 0 0
0 0 358 0.605386 2.43129 -4.11438 3.44208 0 0
0 0 359 2.49529 -1.57878 -5.4553 -4.77994 0 0
0 0 360 0.59477 -0.217859 -2.34443 -1.29901 0 0
0 0 361 0.586595 -3.03501 -3.12766 -0.808938 0 0
0 0 362 -1.24052 3.96722 -4.52278 -1.19402 0 0
0 0 363 5.42894 -0.952126 -0.184981 3.91683 0 0
0 0 364 -5.20994 -0.148477 -1.49307 0.585816 0 0
0 0 365 -3.14831 2.89034 -6.55638 2.21757 0 0
0 0 366 0.408302 3.27374 4.82747 -0.627714 0 0
0 0 367 11.5605 -3.79239 0.646265 -2.42522 0 0
0 0 368 5.8263 -4.70614 1.04564 -0.0509047 0 0
0 0 369 1.97663 2.12451 3.24811 -5.59432 0 0
0 0 370 -2.86216 -0.807489 -3.21162 -1.83684 0 0
0 0 371 2.58124 -1.21357 0.0162427 4.46128 0 0
0 0 372 -0.626476 -1.91275 -0.908563 1.1234 0 0
0 0 373 0.208373 -2.56763 -1.27763 -4.54969 0 0
0 0 374 -1.28821 -2.74245 -2.53894 -2.92492 0 0
0 0 375 -1.30305 1.43909 0.489846 2.58221 0 0
0 0 376 -1.5071 3.08498 -3.59996 1.59273 0 0
0 0 377 4.74943 3.92003 4.56351 -1.18491 0 0
0 0 378 3.86766 6.36145 3.01488 -3.93795 0 0
0 0 379 3.55793 -1.75117 5.01875 0.479156 0 0
0 0 380 6.09761 -6.72471 0.793253 4.62999 0 0
0 0 381 3.80248 -0.0476111 -5.84359 5.25884 0 0
0 0 382 6.91614 1.91401 -1.63376 -1.72955 0 0
0 0 383 0.858441 -0.560351 -3.21475 4.62392 0 0
0 0 384 -0.868245 -1.96219 4.57771 -0.682872 0 0
0 0 385 -0.336241 -0.878925 -4.69376 2.96116 0 0
0 0 386 4.20395 -5.78959 1.14561 -6.34436 0 0
0 0 387 6.85595 6.54687 -2.00968 1.44806 0 0
0 0 388 1.39257 3.49292 -4.73238 5.38359 0 0
0 0 389 -3.67293 -7.89254 2.01878 0.562879 0 0
0 0 390 -2.06431 -1.87661 0.870543 0.610211 0 0
0 0 391 -5.74048 -1.35265 -1.93226 0.134234 0 0
0 0 392 -0.630939 7.33772 -3.35353 2.16585 0 0
0 0 393 -2.26501 -1.86716 -1.35708 -0.645737 0 0
0 0 394 1.88105 -3.39007 -6.99842 0.0927395 0 0
0 0 395 2.36584 5.34024 0.625965 0.346189 0 0
0 0 396 2.87761 -3.06456 -0.105339 -0.730106 0 0
0 0 397 -9.34681 -4.11316 -3.2073 1.28966 0 0
0 0 398 -4.66028 1.87876 -4.9303 0.662434 0 0
0 0 399 1.37895 1.79071 -1.78972 -1.24431 0 0
0 0 400 -3.37811 6.6671 -0.649852 -1.72822 0 0
0 0 401 2.44457 -3.92821 0.736796 4.43546 0 0
0 0 402 7.3351 3.79732 -6.27059 2.65186 0 0
0 0 403 2.77613 -1.53928 -1.09998 1.72819 0 0
0 0 404 1.95909 1.83851 7.86071 -1.34987 0 0
0 0 405 -0.0947065 0.665146 -0.211044 3.06578 0 0
0 0 406 -1.26631 -0.619441 -2.88073 1.72157 0 0
0 0 407 8.16558 -9.85908 3.06732 -3.73033 0 0
0 0 408 -3.10934 4.5596 -0.958407 1.6491 0 0
0 0 409 1.72578 1.43614 -1.04169 -4.23234 0 0
0 0 410 2.17678 2.50684 -1.67514 -2.38942 0 0
0 0 411 2.66851 -0.783215 -4.89244 4.70449 0 0
0 0 412 0.803244 -0.183778 2.48524 0.779041 0 0
0 0 413 2.9073 -2.43252 1.68652 0.27512 0 0
0 0 414 3.08654 -2.42554 -7.78395 -3.01002 0 0
0 0 415 0.943136 -3.06793 2.37831 1.19813 0 0
0 0 416 3.54725 -4.21342 -0.462516 8.79723 0 0
0 0 417 3.61126 4.40681 -0.293823 -4.94557 0 0
0 0 418 -3.52104 1.51096 -1.83815 0.585336 0 0
0 0 419 0.0874355 -5.99181 0.462345 1.5159 0 0
0 0 420 4.70603 3.90224 -0.12389 2.76195 0 0
0 0 421 -0.770453 -1.26917 0.772099 -0.704665 0 0
0 0 422 7.70934 2.71621 -1.56891 -1.30413 0 0
0 0 423 3.19959 3.6148 1.17447 -3.31313 0 0
0 0 424 9.6012 -5.45713 -9.10673 -4.58585 0 0
0 0 425 3.3083 1.11247 -5.05225 2.05006 0 0
0 0 426 1.58413 -0.800533 -1.2966 2.68651 0 0
0 0 427 -0.512858 -2.54891 -8.90373 8.41344 0 0
0 0 428 2.91481 -5.9919 2.95703 -0.136581 0 0
0 0 429 -0.855914 1.0589 3.08046 1.44113 0 0
0 0 430 -0.812038 -0.779647 4.08979 0.245021 0 0
0 0 431 4.77396 -2.02163 -0.55637 5.55631 0 0
0 0 432 -0.185913 1.78534 -1.47257 -3.5824 0 0
0 0 433 0.213891 -0.529709 0.364219 4.34907 0 0
0 0 434 -0.293887 7.39669 6.30443 -2.48355 0 0
0 0 435 4.21353 -1.30047 -5.251 0.530758 0 0
0 0 436 -0.75099 0.400465 1.58182 -0.117024 0 0
0 0 437 5.00523 -1.38651 3.33379 0.0625378 0 0
0 0 438 -0.39989 0.88289 0.549985 1.11492 0 0
0 0 439 0.710292 2.46402 -0.333339 0.91755 0 0
0 0 440 2.21198 1.64735 1.12353 0.647298 0 0
0 0 441 5.5559 -0.0758064 -3.47446 -5.04314 0 0
0 0 442 -0.806803 -4.59362 4.5121 0.207283 0 0
0 0 443 6.00505 -0.422254 -0.0637704 1.10882 0 0
0 0 444 4.4402 2.81528 -2.2038 -0.408972 0 0
0 0 445 -0.192278 -3.49132 2.63863 1.43515 0 0
0 0 446 1.83826 -5.64922 2.14521 8.93862 0 0
0 0 447 -0.694662 -3.37367 4.20547 -3.45599 0 0
0 0 448 -2.4472 4.27123 0.687492 -3.98442 0 0
0 0 449 3.08746 -2.45161 3.30853 7.67513 0 0
0 0 450 -2.03571 -2.64266 5.02482 4.15118 0 0
0 0 451 -0.990931 -1.58961 0.991637 -3.33065 0 0
0 0 452 -1.27104 0.202904 1.86896 2.19375 0 0
0 0 453 4.32364 0.865221 -2.76937 1.81684 0 0
0 0 454 1.53897 1.38292 1.37423 -2.95805 0 0
0 0 455 -2.07568 0.93031 2.06643 -8.25148 0 0
0 0 456 2.53252 1.06583 -2.65511 4.62933 0 0
0 0 457 -1.30114 0.26996 0.283846 -2.16881 0 0
0 0 458 3.09338 -0.678989 -0.134941 2.4309 0 0
0 0 459 4.88439 -0.0942409 -3.73886 0.79182 0 0
0 0 460 -2.98284 -3.06533 -0.27785 1.07047 0 0
0 0 461 2.91299 -3.67747 1.31281 -5.233 0 0
0 0 462 3.48277 -2.34189 0.415954 3.81565 0 0
0 0 463 -5.84017 -2.08116 3.20416 2.55202 0 0
0 0 464 -2.90425 -4.18587 0.683868 1.11282 0 0
0 0 465 -0.844789 -6.59826 4.19878 4.27324 0 0
0 0 466 2.01102 -5.42395 -0.122265 -3.50666 0 0
0 0 467 5.61034 4.73441 -1.08437 -1.51388 0 0
0 0 468 -4.93393 -5.39282 2.91023 5.00734 0 0
0 0 469 1.92415 -4.11376 1.01264 2.36655 0 0
0 0 470 -2.03881 -3.09089 3.07204 -2.67253 0 0
0 0 471 -2.97245 3.50776 0.118565 -5.15052 0 0
0 0 472 -0.1457 4.29095 2.88466 0.0881515 0 0
0 0 473 6.99056 0.680438 0.170951 -1.17438 0 0
0 0 474 -1.41502 10.6029 1.0487 -3.57003 0 0
0 0 475 4.00158 -6.31943 -2.04348 -0.630015 0 0
0 0 476 3.63944 1.37282 -0.0933925 1.80011 0 0
0 0 477 -4.85879 -7.62278 2.87861 -2.02057 0 0
0 0 478 6.78883 -0.371278 3.56948 -3.35098 0 0
0 0 479 0.790378 1.48154 0.532985 -3.0291 0 0
0 0 480 1.67677 -1.67214 -0.512025 -3.15915 0 0
0 0 481 3.12285 -2.92341 0.664842 -5.2635 0 0
0 0 482 -3.93769 -2.21074 0.935198 4.9467 0 0
0 0 483 -2.58208 -0.369769 5.60548 -0.832791 0 0
0 0 484 8.19262 -0.635087 -0.294718 2.42635 0 0
0 0 485 0.406009 -1.48518 6.43911 4.63543 0 0
0 0 486 2.76576 -4.61256 -2.06241 0.230862 0 0
0 0 487 2.31304 3.96018 -2.7062 -5.24483 0 0
0 0 488 2.10828 -5.41889 0.204663 -1.43005 0 0
0 0 489 -2.38208 3.7178 2.78549 0.333152 0 0
0 0 490 4.03375 -6.72065 -4.27765 -2.22836 0 0
0 0 491 -1.6677 -1.79295 0.588239 -4.21421 0 0
0 0 492 0.556295 -0.573583 4.97378 2.82856 0 0
0 0 493 2.41305 -1.90245 0.861279 -7.20962 0 0
0 0 494 -1.05496 -2.93767 -3.62593 2.64378 0 0
0 0 495 2.23442 1.97845 6.64942 1.20465 0 0
0 0 496 6.91646 -4.39666 1.49565 4.36372 0 0
0 0 497 0.966051 -0.807487 3.62319 4.33316 0 0
0 0 498 4.32558 0.796607 0.116021 -0.0610916 0 0
0 0 499 5.16748 2.02785 0.628603 1.82239 0 0
0 0 500 1.19746 -0.517973 5.45189 2.13325 0 0
0 0 501 3.36818 3.75995 -2.93787 -3.58478 0 0
0 0 502 -2.77918 4.57526 -4.04728 -1.54004 0 0
0 0 503 -1.54128 1.9802 -3.5255 5.32389 0 0
0 0 504 6.65766 2.86645 5.1451 -0.791596 0 0
0 0 505 2.62856 -7.75281 0.339989 -0.826235 0 0
0 0 506 0.265937 -4.4238 0.628225 -4.99771 0 0
0 0 507 -2.04605 -1.17908 -0.607944 -2.58528 0 0
0 0 508 1.37649 -5.17741 0.957414 3.22013 0 0
0 0 509 1.13686 8.53937 6.0376 -2.0659 0 0
0 0 510 -2.96954 4.49461 5.83156 -2.78256 0 0
0 0 511 -1.91826 -1.69201 2.74774 1.15843 0 0
0 0 512 1.40852 -0.356322 -2.1872 -1.1315 0 0
0 0 513 0.942725 -2.08001 -0.237538 1.1288 0 0
0 0 514 4.90263 1.77484 3.03202 3.47734 0 0
0 0 515 1.8157 2.57286 -2.3095 -0.615885 0 0
0 0 516 0.854659 0.408611 -3.08135 -0.278052 0 0
0 0 517 2.92966 -0.445123 -3.90273 0.228424 0 0
0 0 518 -2.04294 -2.15365 1.80624 -0.888687 0 0
0 0 519 0.660464 -0.284433 -1.33884 0.578273 0 0
0 0 520 -4.25534 -1.47704 -3.12407 -0.227012 0 0
0 0 521 3.44745 0.518142 4.54488 -0.645099 0 0
0 0 522 8.21839 -4.07978 0.85118 0.0344883 0 0
0 0 523 0.786081 -6.28863 -6.02971 -1.99932 0 0
0 0 524 -0.630643 -3.97553 1.71342 -1.98013 0 0
0 0 525 2.70188 3.33521 1.58875 -2.02368 0 0
0 0 526 -3.56086 7.36207 1.5665 4.01677 0 0
0 0 527 -1.58489 4.03295 -0.392503 0.722634 0 0
0 0 528 -2.27017 5.716 -2.23333 -0.361972 0 0
0 0 529 3.09787 -6.1867 1.37545 -1.30176 0 0
0 0 530 -1.13266 -4.03867 1.21792 -4.3175 0 0
0 0 531 0.288631 3.77153 0.867184 -1.6548 0 0
0 0 532 -1.74172 5.07628 -2.02736 -0.995819 0 0
0 0 533 4.1641 -3.02019 -4.53544 -5.81629 0 0
0 0 534 1.78587 1.92485 0.390727 2.39112 0 0
0 0 535 3.00858 3.04854 -0.784478 -1.91631 0 0
0 0 536 0.330374 -1.1651 -1.68913 4.22706 0 0
0 0 537 5.10867 0.128885 -4.41318 4.09198 0 0
0 0 538 5.32587 -2.65643 -6.59395 -0.395077 0 0
0 0 539 4.28921 -1.93903 -4.04969 0.275312 0 0
0 0 540 -0.370129 0.784622 0.980769 3.22273 0 0
0 0 541 1.97232 -2.64046 -0.20052 -0.644672 0 0
0 0 542 1.43138 0.967224 -4.71901 0.856858 0 0
0 0 543 -1.6469 1.21005 -1.66078 4.24902 0 0
0 0 544 0.766243 -3.49067 -2.99564 -2.64367 0 0
0 0 545 3.6241 -1.88943 3.76899 1.47815 0 0
0 0 546 -1.30474 1.29803 3.79248 3.91077 0 0
0 0 547 4.13918 -3.10099 2.3027 1.57618 0 0
0 0 548 0.0682872 1.90218 -0.775687 0.0257668 0 0
0 0 549 4.79491 -4.0472 -2.09631 1.54976 0 0
0 0 550 -4.24743 7.57316 -3.27899 1.96423 0 0
0 0 551 3.43921 4.31238 9.20784 -2.77199 0 0
0 0 552 6.6453 2.21864 -3.58762 -1.08821 0 0
0 0 553 -1.33005 -0.533563 2.82759 -6.17022 0 0
0 0 554 2.56857 5.57441 -5.68941 3.66436 0 0
0 0 555 7.69876 3.6304 -8.2176 -2.10476 0 0
0 0 556 6.61003 2.51394 -5.20968 -0.728764 0 0
0 0 557 10.7901 -3.23777 -5.11123 -5.42019 0 0
0 0 558 4.91744 0.803623 -2.7528 -0.34907 0 0
0 0 559 13.5959 2.43249 -6.25498 -4.94241 0 0
0 0 560 12.9102 1.13375 -4.44976 0.625229 0 0
0 0 561 6.27365 3.77204 -0.520577 0.766888 0 0
0 0 562 6.86512 6.68268 -6.24527 3.29608 0 0
0 0 563 9.90224 2.06238 -12.6508 -2.84512 -40.3704 8.07743
0 0 564 13.3589 -3.95392 -21.0903 -5.09492 -50.3092 4.82219
0 0 565 16.2378 1.15539 -12.0483 -4.77604 -42.2611 8.56465
0 0 566 12.835 3.01347 -15.1542 4.45863 -39.3766 6.69489
0 0 567 19.3028 2.76673 -9.94931 -0.0914326 0 0
0 0 568 19.3848 4.12937 -15.8455 -4.98245 -37.6967 6.30522
0 0 569 19.2661 3.06707 -14.3731 1.0222 -38.9772 7.03559
0 0 570 14.8968 7.55138 -20.5328 -0.918086 -34.904 4.6998
0 0 571 20.0084 3.30961 -18.6111 -1.50437 -39.9582 5.47522
0 0 572 21.5384 3.09442 -13.0529 -3.04174 -38.3316 7.70246
0 0 573 19.0293 11.596 -20.1571 -3.17419 -30.0445 4.37837
0 0 574 19.7991 9.83114 -14.589 1.799 -28.0125 5.75939
0 0 575 22.8486 2.61765 -14.3133 -0.128798 -39.8181 7.11207
0 0 576 15.9002 7.43621 -16.6125 2.88222 -32.9427 5.6289
0 0 577 22.5484 8.74878 -15.7921 1.747 -30.5068 5.64567
0 0 578 24.8134 3.06491 -17.1307 7.59245 -39.9282 5.9471
0 0 579 12.0921 3.96844 -12.8014 3.12032 -36.3882 7.68979
0 0 580 17.1669 1.15592 -9.99217 -2.11482 0 0
0 0 581 14.3971 12.2015 -17.9536 -2.41449 -27.8998 4.66629
0 0 582 19.6989 5.47852 -11.108 1.94383 -31.8736 8.25388
0 0 583 13.7755 1.55688 -12.4571 -5.94063 -41.4381 8.25354
0 0 584 19.0109 4.16104 -13.4728 -0.724904 -36.4184 7.30926
0 0 585 20.1575 7.69415 -15.5988 0.898555 -31.8725 5.87751
0 0 586 18.6065 6.49216 -15.2165 -1.72492 -33.4472 6.19883
0 0 587 16.2944 12.2511 -14.6863 1.03553 -25.0828 5.25756
0 0 588 19.6838 4.05523 -13.8747 2.09008 -36.8539 7.13447
0 0 589 11.9857 4.02761 -9.53889 -11.6033 0 0
0 0 590 18.1104 -0.105287 -17.471 5.87847 -45.1726 5.93728
0 0 591 15.3961 4.76355 -15.6208 4.57707 -36.5205 6.31201
0 0 592 8.80453 3.36061 -17.1991 -2.51797 -39.472 5.90332
0 0 593 20.4221 2.56396 -18.8781 -0.170529 -41.1328 5.43762
0 0 594 20.2788 9.28918 -15.2373 4.89426 -29.316 5.69575
0 0 595 16.3797 13.8366 -15.6323 -7.51867 -24.2436 4.80564
0 0 596 17.5855 5.39036 -12.0541 -1.68932 -32.9533 7.759
0 0 597 15.6094 -5.08251 -7.60404 -1.48524 0 0
0 0 598 15.3291 -3.35328 -12.9046 -0.482359 -52.2831 7.74376
0 0 599 10.4361 6.11846 -13.5661 1.38378 -32.8621 6.8831
0 0 600 18.444 2.24105 -10.7338 -5.17129 0 0
0 0 601 18.9256 2.50899 -12.7085 -7.22858 -39.416 7.98575
0 0 602 15.7495 6.36938 -8.54975 4.15804 0 0
0 0 603 16.57 5.48625 -8.94404 4.13329 0 0
0 0 604 19.1679 2.0233 -20.7696 2.11155 -42.218 4.96747
0 0 605 21.1031 2.44022 -15.5527 6.5339 -40.5415 6.57747
0 0 606 26.0705 7.85056 -19.8008 -5.4065 -34.1864 4.82109
0 0 607 20.4134 1.39954 -18.8642 4.18747 -42.8785 5.48163
0 0 608 27.8818 4.40309 -18.0997 -2.61158 -38.1637 5.54582
0 0 609 23.4251 7.0332 -23.8888 0.630284 -36.7974 4.14101
0 0 610 23.2634 4.57587 -17.4175 1.61676 -37.64 5.73276
0 0 611 29.5272 0.734981 -18.5644 -0.697761 -43.8664 5.58272
0 0 612 34.5715 9.40606 -18.3292 4.85353 -31.4172 4.9573
0 0 613 35.858 0.78035 -28.4727 -0.0261948 -44.215 3.64166
0 0 614 26.9726 6.26982 -24.9548 3.75217 -37.9483 4.01387
0 0 615 40.8267 0.128838 -31.4081 -5.41272 -44.8825 3.3027
0 0 616 37.3838 1.50554 -28.8266 7.08994 -43.5052 3.59289
0 0 617 43.9951 4.97349 -31.9193 -0.815142 -40.5719 3.20549
0 0 618 45.6667 7.94652 -38.8565 1.2762 -39.2209 2.60776
0 0 619 46.6546 5.21903 -40.7082 -0.0504503 -41.3471 2.5245
0 0 620 47.3951 8.48941 -34.3675 -11.5238 -38.0623 2.91783
0 0 621 47.7477 4.40195 -43.1028 -4.92965 -42.0844 2.39236
0 0 622 49.3374 3.45846 -41.2118 -4.60324 -42.6015 2.50695
0 0 623 48.4997 0.932852 -46.677 3.07204 -44.4275 2.22184
0 0 624 55.0801 5.30042 -47.8371 -2.65669 -41.8387 2.15334
0 0 625 56.8572 5.9609 -41.3776 0.248958 -40.9012 2.47764
0 0 626 58.895 -6.67382 -40.8871 1.40145 -49.6352 2.49913
0 0 627 63.2297 6.19331 -48.4436 -8.26602 -41.3572 2.1215
0 0 628 63.3253 -3.26569 -47.0665 -4.95612 -46.9845 2.1979
0 0 629 66.515 6.64622 -42.7877 -0.428301 -40.5854 2.39147
0 0 630 65.977 2.57727 -50.9826 -2.52322 -43.553 2.03169
0 0 631 73.2281 -0.290096 -52.8991 2.42471 -45.1571 1.96092
0 0 632 80.7526 -3.10996 -56.4863 -0.0693516 -46.5757 1.83324
0 0 633 82.0433 0.370354 -54.4463 -8.38287 -44.8051 1.90518
0 0 634 79.4745 3.65996 -59.8497 -1.73219 -43.2503 1.72951
0 0 635 90.9676 -0.181278 -51.3853 -2.22236 -45.1011 2.01871
0 0 636 97.2507 -0.894447 -57.4481 -4.23282 -45.446 1.80542
0 0 637 98.0335 -0.666073 -58.0448 -4.4609 -45.3287 1.78698
0 0 638 114.052 2.16718 -51.9015 -0.0524405 -43.8045 1.99665
0 0 639 125.664 2.56961 -52.2129 -4.0247 -43.5913 1.98397
0 0 640 128.801 -3.09922 -50.5911 -3.01492 -46.7528 2.04601
0 0 641 132.994 2.17047 -48.0675 -4.38586 -43.7073 2.15554
0 0 642 153.979 -2.24419 -41.8026 -1.79275 -46.5365 2.4774
0 0 643 156.454 -3.34898 -26.6279 -5.12442 -48.5842 3.86075
0 0 644 158.602 -7.19193 -18.3397 -4.28247 -55.7063 5.21388
0 0 645 159.582 -0.871223 -6.83341 0.522256 0 0
0 0 646 172.504 -5.93285 6.08543 0.388288 0 0
0 0 647 168.671 -1.05055 20.419 8.23309 46.4726 5.07252
0 0 648 184.135 2.47835 26.5977 -2.77621 42.3383 3.88078
0 0 649 191.974 10.6921 37.4442 4.22244 37.0317 2.64903
0 0 650 202.817 6.51479 39.2978 6.7859 40.2936 2.59898
0 0 651 212.314 15.3698 48.7412 8.36259 36.2491 2.01616
0 0 652 222.524 13.6396 56.9176 6.04952 38.2619 1.76523
0 0 653 232.049 10.2527 68.3596 6.44981 40.7351 1.49824
0 0 654 239.554 16.8745 73.2049 10.5224 38.5097 1.37567
0 0 655 245.559 17.7466 83.5327 5.27122 39.0029 1.21084
0 0 656 249.326 19.8468 83.0136 9.24639 38.2771 1.21049
0 0 657 253.844 22.403 84.0482 12.3982 37.5374 1.18673
0 0 658 251.46 18.8931 80.5851 7.02073 38.4027 1.24845
0 0 659 246.739 15.2645 72.7579 9.31919 39.0756 1.39101
0 0 660 240.84 24.9193 67.8838 4.62222 34.9212 1.42191
0 0 661 232.998 14.6026 64.5445 -1.14219 38.626 1.56191
0 0 662 226.039 15.8597 58.4347 2.62757 37.4076 1.70454
0 0 663 218.93 13.491 48.5125 -1.349 37.2296 2.04918
0 0 664 210.014 16.3593 43.0588 1.02005 34.5983 2.23104
0 0 665 205.898 11.8431 35.1419 1.42372 35.6879 2.77618
0 0 666 204.711 10.1935 23.7747 4.88029 33.3962 3.96403
0 0 667 187.279 0.328438 17.941 2.76066 44.4756 5.78078
0 0 668 186.989 3.38855 16.6887 0.295984 39.2612 6.07367
0 0 669 177.009 -1.54702 15.0638 -0.0869233 47.9318 6.84491
0 0 670 170.968 -1.22184 4.92024 0.850118 0 0
0 0 671 162.123 -2.60223 -2.53128 1.11724 0 0
0 0 672 158.711 -6.7955 4.53097 -3.10243 0 0
0 0 673 149.837 2.22021 -5.11478 1.00771 0 0
0 0 674 155.707 -3.45267 -7.93904 -7.71413 0 0
0 0 675 138.634 -3.88338 -11.1147 -2.14066 -54.6295 8.73979
0 0 676 138.487 -3.66607 -14.8008 -5.05166 -51.9559 6.774
0 0 677 131.684 -4.77508 -12.4884 -1.6783 -55.4624 7.68535
0 0 678 132.465 -4.15421 -11.5779 -5.08383 -54.8691 8.36204
0 0 679 127.589 -13.4764 -10.0344 2.66563 -71.6644 5.8744
0 0 680 122.916 -15.751 -10.5769 -2.52684 -73.0591 5.1828
0 0 681 116.067 -6.87794 -11.0484 -8.00368 -60.9517 7.80512
0 0 682 116.044 -10.1221 -16.9508 -0.813121 -60.4217 5.15155
0 0 683 112.37 -10.0194 -10.9199 -10.9103 -66.2687 6.76003
0 0 684 115.7 -11.4755 -12.3915 -4.55133 -66.4009 5.92976
0 0 685 106.186 -0.430553 -12.5769 -6.71581 -45.9803 8.24236
0 0 686 102.962 -7.5235 -9.52695 -0.863517 -64.1492 8.30011
0 0 687 103.411 -5.51254 -12.2383 -6.83369 -57.1242 7.63173
0 0 688 94.4735 -7.08237 -11.4388 -10.0955 -60.882 7.55145
0 0 689 93.5973 -14.083 -10.0237 -10.7238 -72.2792 5.70039
0 0 690 89.1176 -14.0442 -8.56849 -9.73174 -74.3061 5.95767
0 0 691 90.388 -9.27245 -17.6383 -3.26988 -58.8654 5.12202
0 0 692 89.0523 -5.7406 -12.8825 -6.83281 -57.0092 7.26484
0 0 693 87.9281 -19.4253 -13.1968 -9.76461 -72.9046 4.18891
0 0 694 86.3481 -9.47725 -14.6265 -6.55366 -61.4706 5.82096
0 0 695 76.0746 -14.7831 -4.117 -8.01009 -82.2189 6.28129
0 0 696 71.0339 -9.99177 -6.4042 -4.52692 -73.6711 8.27219
0 0 697 71.7322 -15.1993 -8.28258 -7.90318 -75.7063 5.64264
0 0 698 69.8721 -7.6818 -9.86314 -8.44305 -63.9564 8.06373
0 0 699 67.4735 -10.4932 -8.5157 -10.4934 -70.4695 7.32765
0 0 700 64.8303 -11.4655 -5.89614 -4.33538 -76.3928 7.56322
0 0 701 63.6966 -13.1391 -13.2541 -7.74633 -67.3752 5.35169
0 0 702 57.3089 -5.11712 -4.80943 -11.2543 0 0
0 0 703 61.2103 -13.4732 -12.2744 -3.45337 -68.8329 5.45786
0 0 704 54.759 -11.7987 -14.342 -4.60344 -64.7214 5.41717
0 0 705 49.1782 -13.9866 -7.24319 -6.00948 -76.3109 6.19203
0 0 706 48.4427 -8.32569 -6.13318 -7.00008 0 0
0 0 707 53.9408 -12.2017 -10.4661 -9.32591 -69.6892 6.17328
0 0 708 46.1501 -11.9488 -8.59398 -10.0349 -72.1376 6.69737
0 0 709 38.7376 -13.3368 -1.96302 -4.9873 -85.8134 7.11935
0 0 710 42.4081 -11.6182 -10.2738 -1.39605 -69.2571 6.40638
0 0 711 41.8803 -9.26853 -3.10108 -2.99674 0 0
0 0 712 39.1912 -7.73023 -12.898 -2.24479 -60.4679 6.76297
0 0 713 43.9429 -5.8262 -11.774 -6.62537 -58.1639 7.78131
0 0 714 39.1466 -8.59638 -2.67737 -9.38522 0 0
0 0 715 32.6257 -13.3686 -8.06553 -4.99346 -74.4483 6.27534
0 0 716 32.5161 -7.62723 -10.3682 -0.489385 -63.1698 7.84818
0 0 717 34.7471 -9.68978 -5.33438 -4.15295 0 0
0 0 718 34.2132 -7.94945 -5.4048 -7.81728 0 0
0 0 719 30.2627 -5.72056 -12.9184 -0.944691 -56.9424 7.25307
0 0 720 28.3561 -2.66267 0.251057 -3.82443 0 0
0 0 721 34.8064 -7.69099 -8.99282 0.407314 -65.2691 8.48949
0 0 722 30.0756 -4.24522 -7.67619 -1.87012 0 0
0 0 723 27.6648 -8.93005 -6.83453 2.94923 0 0
0 0 724 25.9014 -7.82958 0.999112 -1.05287 0 0
0 0 725 17.9924 -7.57181 -7.82859 -1.20157 0 0
0 0 726 20.3797 -14.3998 -1.24154 -1.12469 -87.5361 6.6323
0 0 727 22.1651 -3.58248 -7.8521 -2.19964 0 0
0 0 728 20.9318 -6.15763 -0.405647 2.3507 0 0
0 0 729 22.6018 -5.75657 -7.53455 -5.0481 0 0
0 0 730 18.3524 -2.5138 -7.79215 0.0916961 0 0
0 0 731 16.231 -3.57054 -4.98791 -3.18915 0 0
0 0 732 10.0816 1.85872 0.148912 1.16031 0 0
0 0 733 14.2138 -2.04412 -1.01881 2.19971 0 0
0 0 734 16.4342 -6.19329 -0.656435 0.949793 0 0
0 0 735 16.6124 -8.27615 -1.7541 -1.10199 0 0
0 0 736 14.5265 -0.188732 -6.66039 -6.38092 0 0
0 0 737 13.2173 -1.81801 -5.72089 -7.09235 0 0
0 0 738 15.6154 2.58511 -3.053 -3.6614 0 0
0 0 739 14.712 0.8308 -4.6663 -3.35104 0 0
0 0 740 9.29423 -6.20604 -2.19909 0.82222 0 0
0 0 741 9.31898 2.8334 -4.9643 -0.76332 0 0
0 0 742 14.6547 -1.01761 -1.93718 -9.73722 0 0
0 0 743 13.0918 -0.977351 -1.09106 -6.04673 0 0
0 0 744 14.3536 -0.847543 -1.31633 -1.20604 0 0
0 0 745 10.0609 -3.46083 1.38202 -2.50309 0 0
0 0 746 14.8164 2.20348 -1.89004 1.74157 0 0
0 0 747 8.63179 -1.7206 2.95771 0.497393 0 0
0 0 748 13.3081 1.20233 -5.59884 -3.60499 0 0
0 0 749 10.5384 -0.206934 1.06825 -3.99424 0 0
0 0 750 3.51512 1.73212 9.44534 0.00641374 0 0
0 0 751 5.60087 0.974304 2.98026 -0.339306 0 0
0 0 752 2.9362 1.85179 -1.93688 3.47855 0 0
0 0 753 12.3238 1.56767 0.160372 4.29364 0 0
0 0 754 7.08378 1.71237 -4.8806 -2.25287 0 0
0 0 755 9.37244 0.867659 -0.174098 -2.55797 0 0
0 0 756 8.9876 -2.50249 1.75063 -0.698563 0 0
0 0 757 8.99074 -4.16399 1.5101 -3.50834 0 0
0 0 758 6.5475 1.78386 0.525821 -1.0712 0 0
0 0 759 8.99239 5.43071 6.95231 -1.58242 0 0
0 0 760 3.13217 0.559337 0.377774 -1.43049 0 0
0 0 761 10.1302 3.53507 -0.970145 -1.5625 0 0
0 0 762 4.96638 -9.06829 5.52239 -1.99606 0 0
0 0 763 9.04571 -1.29632 1.81271 -1.49202 0 0
0 0 764 8.74513 -0.153701 4.40671 -2.17988 0 0
0 0 765 4.8025 1.33137 5.20212 3.41122 0 0
0 0 766 10.8355 0.272836 4.98189 -0.310512 0 0
0 0 767 3.75928 -2.6972 4.23339 -5.43112 0 0
0 0 768 4.50685 2.64496 2.01999 2.89344 0 0
0 0 769 8.34407 -1.19623 3.84017 3.07597 0 0
0 0 770 8.34979 -1.60316 2.07179 -4.59918 0 0
0 0 771 -1.50503 -0.320066 2.70703 -0.488642 0 0
0 0 772 13.9003 -0.420722 7.39156 -1.83263 0 0
0 0 773 5.18901 -0.447272 -1.76907 -3.28453 0 0
0 0 774 6.03668 -2.28871 3.07727 0.120906 0 0
0 0 775 7.9011 -1.21472 10.7857 -0.0768392 0 0
0 0 776 12.6262 -0.406753 3.15801 4.13466 0 0
0 0 777 11.6248 -1.28215 5.39072 4.6061 0 0
0 0 778 13.4531 1.28133 4.01863 3.46187 0 0
0 0 779 7.97934 1.48693 5.17585 -1.96551 0 0
0 0 780 9.57208 -1.00934 4.06279 -1.90005 0 0
0 0 781 4.31861 -8.26765 -1.67177 -3.23061 0 0
0 0 782 6.36627 3.03186 6.21887 -6.7579 0 0
0 0 783 8.68413 -2.39196 6.68007 -3.64602 0 0
0 0 784 -0.146093 -5.67599 -0.645708 -8.08584 0 0
0 0 785 6.508 3.1589 4.20383 -1.16267 0 0
0 0 786 5.81769 -1.68436 3.71562 1.19912 0 0
0 0 787 9.08309 -1.06627 8.15618 0.685548 0 0
0 0 788 10.7539 -3.09648 3.68474 -5.32528 0 0
0 0 789 7.96123 -8.78383 -0.344156 -4.88876 0 0
0 0 790 6.08888 -5.28358 4.45755 2.25558 0 0
0 0 791 9.12777 -0.933908 5.46371 -4.84845 0 0
0 0 792 8.60151 -6.25045 4.89425 -0.911795 0 0
0 0 793 12.5815 -1.58135 -0.542905 6.17921 0 0
0 0 794 5.28053 2.00459 5.16903 2.0802 0 0
0 0 795 13.7834 -6.16817 0.451747 6.46203 0 0
0 0 796 3.25994 -1.97138 8.22429 2.67448 0 0
0 0 797 13.0826 -3.3861 -1.7526 0.296788 0 0
0 0 798 -0.466711 -4.11731 5.31033 -4.52231 0 0
0 0 799 8.37002 -8.77779 -1.51196 2.07743 0 0
0 0 800 6.39849 1.16324 4.91505 -2.20009 0 0
0 0 801 7.41152 -2.36915 6.11153 -0.351072 0 0
0 0 802 7.61447 -5.32919 2.95453 -6.72051 0 0
0 0 803 3.43881 1.09131 0.765967 2.10166 0 0
0 0 804 9.22055 -2.24334 4.50302 4.18951 0 0
0 0 805 8.22331 -0.103509 2.30801 3.10138 0 0
0 0 806 6.43693 1.45453 -0.93009 -5.0831 0 0
0 0 807 2.69493 0.835078 0.413406 0.756764 0 0
0 0 808 5.8011 -2.39112 -0.547872 -6.64615 0 0
0 0 809 7.00646 0.253853 -0.242073 0.723122 0 0
0 0 810 8.85949 -8.80048 2.01589 -1.51419 0 0
0 0 811 -1.04211 -0.427828 1.70544 -4.36436 0 0
0 0 812 3.29588 -3.06153 -4.34729 -4.47213 0 0
0 0 813 6.76128 -1.41581 2.04426 3.34172 0 0
0 0 814 4.44013 -2.85183 1.33866 -1.0296 0 0
0 0 815 6.08708 -1.28139 -2.22672 -4.22874 0 0
0 0 816 5.13579 1.99458 7.48105 -4.47674 0 0
0 0 817 5.11664 0.899411 3.20612 4.72196 0 0
0 0 818 4.6047 -4.87248 -1.37581 2.05052 0 0
0 0 819 7.7782 -1.63259 1.15668 -3.03384 0 0
0 0 820 4.78384 -2.1881 0.411802 -2.14241 0 0
0 0 821 0.621703 -2.23236 -3.82821 -1.41925 0 0
0 0 822 4.26179 5.20704 2.05085 3.19988 0 0
0 0 823 11.6252 5.94717 -0.789978 0.43362 0 0
0 0 824 7.4658 1.24369 -0.158537 -0.568012 0 0
0 0 825 7.92296 3.83178 -3.83751 -4.12034 0 0
0 0 826 0.505281 4.32481 0.119893 0.311101 0 0
0 0 827 1.38848 -2.92574 1.8271 -3.56978 0 0
0 0 828 -0.111299 -2.36382 4.26541 -1.77555 0 0
0 0 829 1.67781 2.01558 1.64453 -9.58881 0 0
0 0 830 3.54172 0.525952 -1.28688 1.00643 0 0
0 0 831 3.44138 -4.7407 2.22326 -1.63131 0 0
0 0 832 1.96513 -2.7622 0.130873 3.6385 0 0
0 0 833 -3.87134 -1.25485 -0.895926 4.27815 0 0
0 0 834 4.62787 3.01423 2.01847 0.935117 0 0
0 0 835 7.89415 -0.598082 1.27746 -3.24255 0 0
0 0 836 4.97466 -2.0067 1.74841 -0.466365 0 0
0 0 837 4.07688 5.06119 -1.36588 -0.385236 0 0
0 0 838 3.32852 -1.45079 4.43894 3.37838 0 0
0 0 839 3.71928 -1.88803 -0.580154 -4.40734 0 0
0 0 840 8.21541 -3.38999 -9.91343 -4.3828 0 0
0 0 841 0.781899 -2.31125 6.3287 -2.47404 0 0
0 0 842 5.98417 -5.14868 -2.23932 -1.32563 0 0
0 0 843 2.55358 -1.02966 -1.88623 0.134053 0 0
0 0 844 8.8165 4.32972 0.401915 0.0785577 0 0
0 0 845 3.62921 -0.874681 1.63044 -0.46482 0 0
0 0 846 -0.00383905 -0.124225 -1.71772 -0.615823 0 0
0 0 847 6.60915 0.623283 2.03118 -1.58716 0 0
0 0 848 -0.247753 -2.87577 0.334614 3.97263 0 0
0 0 849 5.74205 -0.1901 2.32103 0.908433 0 0
0 0 850 4.11592 -2.56747 1.67518 3.04927 0 0
0 0 851 0.242125 2.43561 -6.44215 -1.10359 0 0
0 0 852 -0.713736 -2.50021 3.6171 5.10834 0 0
0 0 853 -0.417072 2.9787 -2.05714 3.96318 0 0
0 0 854 2.30813 -0.674385 -2.0156 -0.184469 0 0
0 0 855 -2.0869 3.97894 7.59428 -1.33593 0 0
0 0 856 -4.37633 -2.6614 -5.16885 3.81507 0 0
0 0 857 6.65746 -3.55939 1.23731 1.01009 0 0
0 0 858 1.70617 0.254812 -3.14654 -0.350119 0 0
0 0 859 -1.70513 -1.2094 1.39539 2.44517 0 0
0 0 860 1.53349 -0.409728 -8.3206 -4.0114 0 0
0 0 861 6.69555 0.650826 2.25925 -3.00544 0 0
0 0 862 9.79986 3.66895 -1.81306 -8.44622 0 0
0 0 863 6.83827 2.14913 -1.36107 3.5714 0 0
0 0 864 6.45693 4.86661 -7.66113 3.13271 0 0
0 0 865 2.37063 -2.52057 -3.0231 2.03926 0 0
0 0 866 -0.102078 -2.03005 -2.02705 -0.221647 0 0
0 0 867 2.82389 -5.44846 -4.23953 1.55116 0 0
0 0 868 -1.86174 -0.60123 -1.87175 7.1785 0 0
0 0 869 3.37922 0.527748 1.15405 -1.37578 0 0
0 0 870 2.63948 -1.90639 0.548258 7.40252 0 0
0 0 871 5.74045 0.0468218 -5.45455 -2.11244 0 0
0 0 872 -4.15009 -2.6468 -0.963003 0.032305 0 0
0 0 873 4.40062 1.58851 -0.252813 5.87783 0 0
0 0 874 -2.85654 -2.58062 1.55335 0.126799 0 0
0 0 875 -0.286356 5.32451 7.11805 -3.01598 0 0
0 0 876 5.30519 3.64431 -1.01694 6.59489 0 0
0 0 877 0.843957 0.396641 -1.29598 -0.168816 0 0
0 0 878 -7.5964 2.24923 0.545707 -0.251454 0 0
0 0 879 0.786386 4.05303 2.43829 -6.72547 0 0
0 0 880 10.2751 5.66169 -0.253377 0.242503 0 0
0 0 881 0.395007 -0.454751 -5.04092 -0.350388 0 0
0 0 882 1.61987 -1.45229 -2.97276 9.65958 0 0
0 0 883 1.67046 5.62349 1.81171 2.63955 0 0
0 0 884 0.179198 -0.775317 -5.11393 3.36728 0 0
0 0 885 -2.2656 -3.19735 -3.64382 -5.18535 0 0
0 0 886 2.53944 4.0372 -4.79918 -0.0772006 0 0
0 0 887 -0.322657 -3.07961 2.6724 7.03297 0 0
0 0 888 2.14972 6.66237 2.9336 2.85187 0 0
0 0 889 3.48558 10.7014 -7.56118 -2.89201 -17.6217 7.5181
0 0 890 3.61602 4.30052 1.50783 -3.25406 0 0
0 0 891 -0.886169 3.44937 0.469012 -1.79433 0 0
0 0 892 -0.021968 0.00151316 -5.9302 -5.00962 0 0
0 0 893 2.23279 2.94058 -5.1838 -1.1392 0 0
0 0 894 1.24891 1.72314 3.16126 -6.57131 0 0
0 0 895 0.591485 -1.81857 -3.65968 -5.43452 0 0
0 0 896 7.25741 -2.6141 0.442417 0.768801 0 0
0 0 897 2.8063 -6.47719 -0.406873 2.71113 0 0
0 0 898 7.33861 1.80771 4.38821 -0.59415 0 0
0 0 899 3.98337 2.39145 -1.92143 2.15796 0 0
0 0 900 -1.06969 0.873345 0.440308 -4.45183 0 0
0 0 901 -0.546733 -2.20459 -5.34213 1.68241 0 0
0 0 902 -2.92075 -0.743509 -2.25674 3.63 0 0
0 0 903 2.1737 -1.76041 1.15236 5.44032 0 0
0 0 904 -3.11029 -3.9853 -0.778913 3.04057 0 0
0 0 905 2.68991 -3.35051 -4.81455 4.63702 0 0
0 0 906 6.54417 1.13031 -7.62735 1.32493 0 0
0 0 907 1.79152 3.28472 -0.380545 -1.33916 0 0
0 0 908 3.6346 4.04753 -0.0536807 1.09565 0 0
0 0 909 3.89674 -0.536867 2.42675 2.35479 0 0
0 0 910 2.28133 10.3166 3.29254 3.66321 0 0
0 0 911 -1.25365 -1.57422 -2.08974 -1.2094 0 0
0 0 912 2.15537 6.67894 -3.70868 -1.20297 0 0
0 0 913 -1.09377 -2.02979 -6.4606 -0.065234 0 0
0 0 914 -4.88101 0.604997 -5.80442 -2.36746 0 0
0 0 915 1.49226 -2.85236 -2.66301 -1.43791 0 0
0 0 916 0.666109 1.83286 -0.613059 2.93596 0 0
0 0 917 0.925384 4.06536 -3.56213 -1.26861 0 0
0 0 918 -2.56307 2.13611 4.774 -2.09532 0 0
0 0 919 7.87286 5.50717 -2.57607 -1.86209 0 0
0 0 920 1.15181 3.25749 -2.93932 4.13825 0 0
0 0 921 3.59267 -0.134732 -2.25118 4.05904 0 0
0 0 922 2.31092 -3.88494 3.67094 -0.299811 0 0
0 0 923 1.95455 3.43389 2.76934 -6.36694 0 0
0 0 924 0.019196 2.80038 -2.61214 2.83246 0 0
0 0 925 2.28189 -4.15431 -1.67414 -1.47467 0 0
0 0 926 0.261113 0.855037 -7.18601 3.32395 0 0
0 0 927 2.69887 0.731485 -5.50067 1.16855 0 0
0 0 928 -1.60551 3.38922 -1.71653 0.713303 0 0
0 0 929 7.08081 2.98503 -1.98646 -3.73988 0 0
0 0 930 -3.73642 3.03992 1.32111 1.00131 0 0
0 0 931 5.32948 7.31387 -0.398714 -5.20049 0 0
0 0 932 0.894747 5.09723 -5.31245 -0.596337 0 0
0 0 933 -1.14633 1.68398 6.22478 1.02157 0 0
0 0 934 -0.343425 1.46382 -4.35787 -1.90801 0 0
0 0 935 3.01031 5.6174 1.5844 -8.81604 0 0
0 0 936 2.86679 -4.51324 -0.313706 -0.413026 0 0
0 0 937 -1.19414 -1.82929 2.05882 -1.19272 0 0
0 0 938 -3.52191 -0.513454 -5.0606 -1.57525 0 0
0 0 939 -0.20832 -1.0496 -1.2654 -1.32798 0 0
0 0 940 3.66679 2.64076 -1.7149 1.90406 0 0
0 0 941 -0.425939 2.12394 6.86551 5.22136 0 0
0 0 942 0.772808 -2.45574 -0.473044 2.20865 0 0
0 0 943 -2.94303 -2.88542 3.05448 0.468505 0 0
0 0 944 -4.57268 -4.68767 1.41057 -3.78904 0 0
0 0 945 -0.732012 3.64637 4.15236 -6.4869 0 0
0 0 946 1.20603 -3.02486 5.25955 -5.48759 0 0
0 0 947 -0.603427 -5.73046 -4.70088 -2.04654 0 0
0 0 948 -4.06514 -1.14687 3.06227 0.462359 0 0
0 0 949 5.17364 -3.7482 -0.256928 1.19432 0 0
0 0 950 -2.03657 -0.0213268 -0.215194 4.6548 0 0
0 0 951 4.36673 -3.16774 -1.69917 -0.86676 0 0
0 0 952 3.32563 0.84424 6.43282 -1.19725 0 0
0 0 953 0.716772 1.41097 0.84389 -0.718109 0 0
0 0 954 0.209348 -0.102904 -2.29392 3.86756 0 0
0 0 955 9.99337 0.148247 -1.30201 -1.91404 0 0
0 0 956 -1.97302 -4.35216 3.31715 -3.82672 0 0
0 0 957 -3.93197 1.83784 -3.82423 1.27667 0 0
0 0 958 3.98634 0.862412 -2.80137 5.12858 0 0
0 0 959 7.74056 1.44657 0.375749 -6.62793 0 0
0 0 960 1.60138 1.28781 -1.84372 0.770338 0 0
0 0 961 0.689258 -1.48065 -0.354055 3.17322 0 0
0 0 962 -0.103662 3.81832 -2.28019 0.427791 0 0
0 0 963 -2.28769 1.15798 -3.05233 -0.618852 0 0
0 0 964 4.77456 5.42695 -4.91291 -4.39517 0 0
0 0 965 -0.186276 -0.0546397 -1.63406 -4.69285 0 0
0 0 966 6.54519 -2.19269 2.31887 3.04984 0 0
0 0 967 -3.42164 9.18766 3.01792 -0.225446 0 0
0 0 968 1.27741 -2.56101 2.61895 -2.89095 0 0
0 0 969 -0.421738 2.7805 1.18718 4.0664 0 0
0 0 970 3.20851 2.02032 -1.14504 4.3363 0 0
0 0 971 -1.33478 0.24905 -1.00454 0.985341 0 0
0 0 972 5.62773 0.0642951 0.187138 -0.8365 0 0
0 0 973 9.00926 1.05659 0.643784 -0.570764 0 0
0 0 974 7.14973 1.76673 -3.80676 -0.453853 0 0
0 0 975 -5.63773 -2.36959 -0.0340182 -4.78981 0 0
0 0 976 1.00785 0.0425937 1.08888 0.852888 0 0
0 0 977 -0.586011 1.53929 5.2836 4.9488 0 0
0 0 978 4.45791 1.70451 6.78379 -3.7947 0 0
0 0 979 0.8188 2.88537 1.39231 -0.191522 0 0
0 0 980 1.85078 -2.38741 -4.02382 2.76614 0 0
0 0 981 -1.53956 -1.58568 -0.405711 -2.73016 0 0
0 0 982 2.10642 7.1806 -4.26009 -2.64821 0 0
0 0 983 -3.33439 6.60885 2.22646 5.28521 0 0
0 0 984 6.42896 -0.617378 0.902562 1.44384 0 0
0 0 985 3.56284 1.36866 -3.03395 -2.45287 0 0
0 0 986 5.9576 9.16374 -1.57522 -11.9362 0 0
0 0 987 3.94975 0.83102 -0.962616 9.12313 0 0
0 0 988 2.36688 -3.44282 -4.43456 4.69035 0 0
0 0 989 8.52148 -1.75891 -0.10743 1.79321 0 0
0 0 990 1.61294 3.60463 6.51251 2.05937 0 0
0 0 991 -0.430525 1.33012 -5.17637 -2.59325 0 0
0 0 992 -4.80823 2.51375 -2.5288 1.54162 0 0
0 0 993 1.85418 -1.09229 -8.2987 -0.177126 0 0
0 0 994 4.79073 -1.86381 -1.44822 -5.39338 0 0
0 0 995 -3.19114 1.95965 -1.36432 6.84913 0 0
0 0 996 -4.45753 -0.322719 3.03027 1.84184 0 0
0 0 997 6.94405 -5.89407 0.0906442 -2.38597 0 0
0 0 998 1.37357 -0.556207 -0.334803 4.84053 0 0
0 0 999 -4.64586 4.94185 -1.12583 0.657515 0 0
0 0 1000 4.09319 5.99478 0.415723 4.35016 0 0
0 0 1001 6.43164 2.12621 -4.82036 2.57853 0 0
0 0 1002 5.84229 -1.68829 -3.10145 -3.11948 0 0
0 0 1003 -6.66055 2.14983 2.12589 -5.27882 0 0
0 0 1004 -0.145449 5.08628 -5.30261 2.91517 0 0
0 0 1005 -0.422355 0.420287 -0.0326749 2.36176 0 0
0 0 1006 0.472522 -7.92716 0.422577 6.24875 0 0
0 0 1007 -3.28687 -0.392335 -1.71038 0.313971 0 0
0 0 1008 -0.471812 0.697212 -1.68752 3.10708 0 0
0 0 1009 4.40919 -1.23637 2.93946 -0.361509 0 0
0 0 1010 3.8199 0.929383 3.70787 4.69876 0 0
0 0 1011 8.18377 -4.30051 -2.0644 0.396369 0 0
0 0 1012 0.263066 -2.07142 -5.44357 1.14355 0 0
0 0 1013 5.73385 0.286687 -0.151441 -0.192444 0 0
0 0 1014 2.89416 -3.61979 1.13646 1.09187 0 0
0 0 1015 -2.52078 -1.75917 0.329095 0.354042 0 0
0 0 1016 2.57023 2.87053 5.51445 2.16475 0 0
0 0 1017 1.42848 -2.66694 -1.34681 2.68374 0 0
0 0 1018 -2.5639 2.79173 -2.55463 -0.611449 0 0
0 0 1019 -1.5453 2.82298 -7.3459 3.31006 0 0
0 0 1020 2.82027 -0.675195 -0.0455172 -6.14389 0 0
0 0 1021 2.45232 1.34374 1.61534 -0.63232 0 0
0 0 1022 0.523795 0.894041 1.18866 0.124023 0 0
0 0 1023 -3.74019 -2.23715 -5.00314 0.82821 0 0
