# File: uwl_221231_004317_Combined.rf.sbB2.RMC_aux Src: J1713+0747 Nsub: 1 Nch: 1 Npol: 4 Nbin: 1024 RMS: 4.58267
0 0 0 14.8273 -3.78073 0.301716 4.1775 0 0
0 0 1 13.4046 -1.41366 1.18891 -0.92191 0 0
0 0 2 16.894 -12.5147 -11.4831 -0.399646 -68.7307 7.71972
0 0 3 11.6386 3.85898 -1.68391 -4.46765 0 0
0 0 4 0.206777 -0.528253 -7.98512 -8.40475 0 0
0 0 5 4.33128 -0.472647 -7.41842 0.426577 0 0
0 0 6 5.37195 -7.00783 2.11434 2.29629 0 0
0 0 7 7.639 1.49936 -0.586962 -5.05027 0 0
0 0 8 1.03211 2.68094 -1.53897 -3.07252 0 0
0 0 9 1.92853 -1.36173 6.56064 -0.956433 0 0
0 0 10 6.16979 -2.62995 2.97127 1.52884 0 0
0 0 11 6.93827 3.06878 -1.12593 -0.987597 0 0
0 0 12 2.59018 -5.68301 1.82323 6.48309 0 0
0 0 13 2.96518 -1.81249 4.60311 2.92448 0 0
0 0 14 6.05615 -0.55688 0.201891 -2.51061 0 0
0 0 15 1.52363 -1.06751 8.33584 -1.26313 0 0
0 0 16 5.73121 3.21857 2.97841 1.84098 0 0
0 0 17 10.2952 -2.8553 -5.42666 -2.94957 0 0
0 0 18 13.2367 -0.715118 -7.30901 -9.00713 0 0
0 0 19 10.3433 -7.14393 0.444113 3.82111 0 0
0 0 20 8.52081 -3.24429 -2.20173 -3.40785 0 0
0 0 21 1.3286 -4.63735 -2.51138 7.29362 0 0
0 0 22 2.26146 1.60324 -0.0422987 -5.86618 0 0
0 0 23 5.36666 -6.64124 2.09434 -0.327355 0 0
0 0 24 4.51188 10.1865 -3.94991 -0.720862 0 0
0 0 25 10.7528 -3.33478 10.482 -0.855736 0 0
0 0 26 1.21048 -5.68081 2.76564 -1.96847 0 0
0 0 27 -2.082 5.96711 -2.02757 -10.8967 0 0
0 0 28 3.29348 -0.413905 -1.24238 -5.68605 0 0
0 0 29 3.54777 2.05632 -0.398663 -2.5806 0 0
0 0 30 0.610729 1.00754 -8.96444 3.52841 0 0
0 0 31 3.19619 -2.70209 -6.50254 0.143634 0 0
0 0 32 3.36023 4.68316 -4.85565 0.228013 0 0
0 0 33 6.00293 2.24652 -1.73989 -9.79893 0 0
0 0 34 3.05258 -8.64489 -3.44068 -2.37727 0 0
0 0 35 1.25249 2.80747 5.08842 -5.11483 0 0
0 0 36 1.20747 2.17812 1.49464 5.76317 0 0
0 0 37 -2.62227 2.89239 9.22319 -0.736734 0 0
0 0 38 5.67332 -1.85162 -0.833857 4.88562 0 0
0 0 39 0.112193 -3.66561 -5.31865 2.62215 0 0
0 0 40 0.0973371 -2.48435 -0.356816 2.38477 0 0
0 0 41 -2.10045 -10.8613 6.26211 -8.68528 0 0
0 0 42 1.48338 3.60591 1.43636 -3.31279 0 0
0 0 43 2.6209 -7.53389 17.0318 3.46445 56.9309 6.69012
0 0 44 5.80417 2.78062 -1.22018 -4.83653 0 0
0 0 45 10.0484 -0.0816879 0.629798 -0.493827 0 0
0 0 46 4.03401 -3.11185 2.66431 1.35458 0 0
0 0 47 7.07407 3.84298 11.16 -7.00449 0 0
0 0 48 -0.269745 -4.84839 4.38016 5.98063 0 0
0 0 49 1.73355 -3.05617 1.67073 -2.67633 0 0
0 0 50 -0.163543 -4.86696 -1.36579 -0.530853 0 0
0 0 51 6.91607 -3.68232 -2.02168 -5.27663 0 0
0 0 52 8.16337 2.48517 1.73107 -5.07436 0 0
0 0 53 0.683441 -4.71144 2.72983 -3.76183 0 0
0 0 54 1.49962 0.121067 -8.29681 1.64644 0 0
0 0 55 3.95273 -0.607653 -3.50116 3.17089 0 0
0 0 56 0.109849 -4.43119 -1.80891 -2.96024 0 0
0 0 57 -1.17695 5.83506 11.1862 1.69746 0 0
0 0 58 8.93017 -0.305146 0.46229 -4.07202 0 0
0 0 59 5.29758 -5.27413 3.99042 1.33587 0 0
0 0 60 -8.16936 -3.02881 2.93696 -7.82631 0 0
0 0 61 1.90971 -5.9308 8.91286 4.60643 0 0
0 0 62 9.18001 -6.25875 -2.1692 0.278299 0 0
0 0 63 1.23959 0.901222 5.17489 3.11959 0 0
0 0 64 7.14304 -2.06548 4.04464 7.95582 0 0
0 0 65 3.07684 2.60915 -2.45011 7.14736 0 0
0 0 66 0.0133654 -1.70095 10.2928 7.30275 0 0
0 0 67 6.23981 -1.22353 3.20201 -5.53301 0 0
0 0 68 3.18718 1.74851 -4.71387 1.13057 0 0
0 0 69 3.37237 -5.80096 -5.22469 2.85936 0 0
0 0 70 3.74082 -0.804878 5.48318 -11.9911 0 0
0 0 71 0.536601 0.73249 2.61822 -2.48328 0 0
0 0 72 5.54293 5.44378 9.76382 7.66606 0 0
0 0 73 4.53475 -1.01545 3.53101 4.05887 0 0
0 0 74 2.67688 -7.38738 2.12434 5.19876 0 0
0 0 75 -3.33145 2.26971 3.87838 -2.67507 0 0
0 0 76 6.27374 -6.65168 15.2739 -4.21054 56.7664 7.47445
0 0 77 5.5155 -2.37337 5.33353 -1.09471 0 0
0 0 78 3.60346 5.1531 -7.32614 4.48463 0 0
0 0 79 8.25577 2.10503 7.70254 2.79081 0 0
0 0 80 6.49999 1.15189 0.269361 -7.85128 0 0
0 0 81 -0.480175 -1.51782 -0.353942 2.724 0 0
0 0 82 8.75425 -3.03232 2.00027 3.17366 0 0
0 0 83 -2.48425 -3.73259 -0.679354 3.58079 0 0
0 0 84 -2.44894 4.5269 4.13643 2.87301 0 0
0 0 85 7.09659 -2.09508 -1.34588 -4.25296 0 0
0 0 86 0.653002 -6.79765 6.62878 3.85122 0 0
0 0 87 -2.5936 -2.76591 7.75859 8.90064 0 0
0 0 88 4.31717 -0.107703 -2.15424 -4.29193 0 0
0 0 89 10.1193 0.51559 -1.73548 -2.00775 0 0
0 0 90 -3.95643 -2.24728 -0.266186 -1.41386 0 0
0 0 91 1.42489 2.08965 7.51851 1.6185 0 0
0 0 92 0.808858 1.75669 -0.739662 -4.89484 0 0
0 0 93 2.06541 4.77652 -7.07689 1.14863 0 0
0 0 94 4.72083 -1.85269 -2.75437 -3.46699 0 0
0 0 95 -1.90474 -1.04882 -1.31688 -6.3993 0 0
0 0 96 5.80684 -5.76837 15.1474 1.7153 55.4238 7.64657
0 0 97 3.58506 -3.01489 -3.08829 0.244182 0 0
0 0 98 0.609081 -6.39418 5.58831 -0.969517 0 0
0 0 99 -0.220107 -3.13578 -1.04026 -1.18539 0 0
0 0 100 5.58688 -1.06597 2.45106 -3.414 0 0
0 0 101 -0.136292 -5.13884 4.54401 0.159222 0 0
0 0 102 -4.78285 4.06842 -2.68485 -4.71601 0 0
0 0 103 -0.649854 1.77155 4.72156 7.02153 0 0
0 0 104 1.03631 9.50446 6.80836 -3.28263 0 0
0 0 105 0.515307 -5.52562 1.64493 2.14743 0 0
0 0 106 13.1843 -0.256684 -6.11994 -1.10557 0 0
0 0 107 -5.04494 -7.61478 -4.2662 6.8265 0 0
0 0 108 0.844139 -4.57226 11.0676 3.7535 0 0
0 0 109 -3.32261 -7.89919 0.23296 3.81329 0 0
0 0 110 0.425274 6.19231 6.06767 1.49043 0 0
0 0 111 -4.0966 -1.59049 -7.46315 0.308166 0 0
0 0 112 -0.500755 -1.97087 -1.67464 3.63127 0 0
0 0 113 -1.52868 -4.23525 9.59065 -2.33433 0 0
0 0 114 -3.65935 -1.24903 3.31584 4.29739 0 0
0 0 115 0.766539 -1.71846 2.15701 6.12749 0 0
0 0 116 9.98058 -6.12709 1.40662 -5.80579 0 0
0 0 117 -3.65146 2.54212 -11.3681 0.639326 0 0
0 0 118 2.34557 -0.273868 -11.7198 6.6456 0 0
0 0 119 10.0414 0.796988 1.8991 1.13231 0 0
0 0 120 0.448943 5.07673 -0.357142 -1.02408 0 0
0 0 121 5.93878 -1.13458 1.69963 -0.424498 0 0
0 0 122 1.74582 4.06266 1.38224 -1.26859 0 0
0 0 123 -2.73257 6.85073 5.82666 0.893009 0 0
0 0 124 -2.99611 -7.16144 0.650586 -2.56681 0 0
0 0 125 0.753487 -9.54197 1.76814 -1.87228 0 0
0 0 126 5.22725 1.73871 0.984618 -0.452273 0 0
0 0 127 -4.61393 0.106671 13.6001 -4.47347 0 0
0 0 128 2.94657 -4.2641 7.33438 -7.04567 0 0
0 0 129 1.66016 -3.77061 -1.28869 0.52008 0 0
0 0 130 4.78065 -6.47744 1.89962 1.06185 0 0
0 0 131 -0.719388 -6.80776 0.184084 -7.15199 0 0
0 0 132 -4.23554 0.69412 5.04414 4.85064 0 0
0 0 133 -8.74217 -3.16293 7.48985 0.663532 0 0
0 0 134 -0.409607 -4.48103 -4.97982 -2.15516 0 0
0 0 135 5.72668 -5.21003 -4.89651 -4.38764 0 0
0 0 136 6.09854 -2.26154 -2.78034 -0.265612 0 0
0 0 137 -0.0973501 4.88685 2.75132 -1.5238 0 0
0 0 138 -0.195513 -2.0109 2.08825 -0.294971 0 0
0 0 139 -1.39625 7.97504 2.79823 3.80236 0 0
0 0 140 1.12206 4.61463 3.58185 0.637253 0 0
0 0 141 0.0594869 4.10139 4.05326 6.1413 0 0
0 0 142 -6.87312 0.431908 6.62709 -1.68889 0 0
0 0 143 -1.94157 -5.1747 -0.584683 -4.9611 0 0
0 0 144 1.25997 -0.335067 -0.164566 -6.71384 0 0
0 0 145 -2.70725 -2.51301 -0.726047 -7.62025 0 0
0 0 146 -3.00868 3.38545 -0.893349 0.876377 0 0
0 0 147 2.28206 -2.51144 -5.70969 -1.14664 0 0
0 0 148 3.59906 5.34238 -0.0456685 -1.3934 0 0
0 0 149 2.98827 -7.27532 2.68189 6.24169 0 0
0 0 150 -6.68441 -1.17468 3.1974 1.34112 0 0
0 0 151 15.5183 -0.783921 -2.71468 7.36999 0 0
0 0 152 0.817477 7.56599 2.93739 1.2114 0 0
0 0 153 -2.20872 -4.4268 -0.0328281 -0.749137 0 0
0 0 154 4.50506 2.98623 0.678897 3.28401 0 0
0 0 155 -1.72349 -9.78326 0.585673 0.815777 0 0
0 0 156 5.86937 2.0345 -0.690757 -9.73086 0 0
0 0 157 11.6557 4.24517 -1.38353 5.44854 0 0
0 0 158 -2.93354 0.491743 -0.970917 -4.74174 0 0
0 0 159 3.14279 -4.68908 -1.32318 -9.77092 0 0
0 0 160 -4.4945 2.12604 2.90582 -0.0212751 0 0
0 0 161 9.15559 -1.80371 5.31957 3.56635 0 0
0 0 162 3.68089 6.63121 2.57345 1.16982 0 0
0 0 163 -5.25559 -6.24835 0.782957 -5.85689 0 0
0 0 164 4.64735 -6.67483 -3.07239 0.392002 0 0
0 0 165 -7.05116 -0.349926 1.92842 -4.80987 0 0
0 0 166 -0.243467 4.72028 -3.35997 4.75409 0 0
0 0 167 -7.52888 0.684802 2.44657 4.45256 0 0
0 0 168 -3.6573 4.82615 -0.512897 -6.52503 0 0
0 0 169 3.95554 -1.1711 -3.84969 1.92894 0 0
0 0 170 0.0138518 1.05022 9.64822 -3.60407 0 0
0 0 171 4.90146 7.56066 -0.317081 -4.84876 0 0
0 0 172 3.43816 -4.79619 1.22557 -1.05874 0 0
0 0 173 0.853148 6.1068 -3.76379 0.74012 0 0
0 0 174 -4.84111 0.893693 -6.00762 0.995402 0 0
0 0 175 -2.22935 -1.4755 -0.0667824 -3.50653 0 0
0 0 176 8.48639 -1.81561 -2.95201 0.227356 0 0
0 0 177 6.80744 -6.56497 -4.29365 -0.672173 0 0
0 0 178 -0.827132 0.610889 3.98601 1.49912 0 0
0 0 179 0.827279 -6.86881 -1.29127 4.27733 0 0
0 0 180 -14.3141 -4.15531 -0.974678 4.81394 0 0
0 0 181 1.38104 6.95587 -8.72644 3.12578 0 0
0 0 182 5.93159 3.22674 6.94487 -2.53072 0 0
0 0 183 8.57557 -2.00599 -4.42786 -7.65486 0 0
0 0 184 3.56771 -4.6049 -2.15292 5.51417 0 0
0 0 185 -0.125927 -6.17039 3.13482 -1.16905 0 0
0 0 186 8.55988 0.605867 0.476886 2.88759 0 0
0 0 187 -5.08389 4.00513 -2.29677 -5.04185 0 0
0 0 188 -9.79142 -5.17532 -0.0395101 1.41836 0 0
0 0 189 4.32948 0.169698 -4.98465 0.691582 0 0
0 0 190 3.80625 -0.156865 -7.76476 2.7482 0 0
0 0 191 -0.466135 0.90513 -1.49442 3.97062 0 0
0 0 192 -1.36518 9.99044 -5.46475 -8.3114 0 0
0 0 193 6.51598 -9.01676 2.1832 2.66764 0 0
0 0 194 7.73371 -2.07512 0.830041 -3.43019 0 0
0 0 195 -2.37513 1.75808 0.555362 2.74599 0 0
0 0 196 -0.993292 -1.80116 6.58434 -0.640206 0 0
0 0 197 3.94428 -5.01502 5.51115 9.87084 0 0
0 0 198 -1.96605 -0.49373 1.94132 0.23075 0 0
0 0 199 3.26214 7.77603 8.47501 -6.22566 0 0
0 0 200 0.135571 3.33387 3.24078 -0.9394 0 0
0 0 201 0.443868 -2.01099 2.27946 0.347101 0 0
0 0 202 1.50043 0.458574 3.2427 0.107599 0 0
0 0 203 4.8229 1.95349 -7.21367 -1.50656 0 0
0 0 204 3.64123 1.29798 3.0028 1.24469 0 0
0 0 205 -1.48799 -0.67442 6.48837 1.54444 0 0
0 0 206 -8.63989 -6.12386 1.46617 -4.5901 0 0
0 0 207 -8.74245 -4.50213 -2.59757 2.50131 0 0
0 0 208 0.713516 0.0565178 -1.16753 -3.26886 0 0
0 0 209 -0.992315 1.20892 2.43574 3.62297 0 0
0 0 210 6.3262 1.68591 -3.51616 -3.6589 0 0
0 0 211 5.18992 3.58613 3.50463 -0.899836 0 0
0 0 212 -4.0541 5.30537 -1.31513 -2.14086 0 0
0 0 213 7.66102 -0.521876 2.711 0.322562 0 0
0 0 214 4.7488 -0.904096 6.81891 2.35351 0 0
0 0 215 -6.71477 -1.38395 -5.05152 -3.45301 0 0
0 0 216 1.74411 -0.330828 2.59579 5.43804 0 0
0 0 217 -0.180832 -0.0951148 7.2585 -0.831546 0 0
0 0 218 4.48289 -1.75606 -0.33831 -1.87876 0 0
0 0 219 1.1593 -3.72305 -6.3505 0.949573 0 0
0 0 220 2.87843 2.64965 -2.03612 8.80765 0 0
0 0 221 -2.64357 -4.8035 -0.703141 -2.06944 0 0
0 0 222 3.6807 3.08898 13.2955 -0.216573 0 0
0 0 223 6.98945 -0.937642 -0.157754 -6.98984 0 0
0 0 224 -2.14452 -4.06844 -1.92071 -2.20449 0 0
0 0 225 -1.27991 -0.0510553 -1.50414 4.99912 0 0
0 0 226 5.84207 3.96809 -4.03259 -3.96491 0 0
0 0 227 -2.70375 -0.176274 4.36717 0.33863 0 0
0 0 228 1.25516 -1.29444 0.102632 2.6462 0 0
0 0 229 4.94232 1.97865 -1.7866 2.69154 0 0
0 0 230 -2.74922 -0.959172 -0.698786 -0.222613 0 0
0 0 231 -5.36829 2.16638 -7.7705 -1.46785 0 0
0 0 232 -2.43466 -6.34024 0.444252 6.9981 0 0
0 0 233 -0.742209 0.0549834 -1.75598 1.21349 0 0
0 0 234 1.73193 5.45828 -0.650967 -2.62223 0 0
0 0 235 11.5397 3.54589 -3.94661 -7.78561 0 0
0 0 236 0.373946 -0.464351 -12.4194 -1.2362 0 0
0 0 237 2.29667 -3.27213 4.67975 2.13983 0 0
0 0 238 -3.17927 -0.445219 -1.21084 -0.179977 0 0
0 0 239 0.986794 -1.13776 5.64264 -9.40448 0 0
0 0 240 -4.30523 6.60659 2.87814 2.22501 0 0
0 0 241 -2.2156 -2.11672 -0.198811 -4.83001 0 0
0 0 242 -1.54412 -6.99078 4.56734 0.88203 0 0
0 0 243 1.9842 -6.19849 4.00105 -7.15527 0 0
0 0 244 2.45409 0.220877 4.35528 4.41093 0 0
0 0 245 -0.980081 -0.941511 5.63921 4.16144 0 0
0 0 246 3.9806 -0.992826 0.742524 10.2334 0 0
0 0 247 0.522482 -2.99001 1.75855 -3.70349 0 0
0 0 248 1.2099 -8.66896 1.63785 -5.51831 0 0
0 0 249 -1.5579 -0.149094 3.34257 1.90933 0 0
0 0 250 -1.03732 7.61551 -1.12319 7.28439 0 0
0 0 251 4.3731 1.23373 7.19379 -4.86419 0 0
0 0 252 7.93122 -2.52636 -3.39527 -0.714149 0 0
0 0 253 -3.41799 9.72148 3.44084 4.1188 0 0
0 0 254 -0.632064 0.153733 2.10531 7.82123 0 0
0 0 255 6.61498 -2.95972 5.22008 3.02359 0 0
0 0 256 -2.28208 -4.03139 -0.695631 -3.70282 0 0
0 0 257 7.75174 1.64108 -1.89272 -1.07801 0 0
0 0 258 -3.50707 7.17129 -5.11692 7.81117 0 0
0 0 259 3.5864 3.11039 4.03092 1.7068 0 0
0 0 260 -4.27841 5.65968 -9.47815 -2.08671 0 0
0 0 261 0.50668 4.93856 11.2074 2.50046 0 0
0 0 262 2.2192 4.49432 9.9566 -0.289412 0 0
0 0 263 4.42315 3.48718 6.04841 -6.56209 0 0
0 0 264 7.47009 -2.10761 -2.34701 0.361004 0 0
0 0 265 8.93636 -2.89947 4.75191 -8.30284 0 0
0 0 266 2.59466 4.12377 -1.42634 -4.27434 0 0
0 0 267 -6.84342 0.690435 3.76503 -0.711125 0 0
0 0 268 0.569819 3.3368 2.38556 1.02603 0 0
0 0 269 -7.46663 -4.38685 1.3733 2.69579 0 0
0 0 270 4.74227 -5.31948 1.36729 0.504803 0 0
0 0 271 7.20491 -1.16766 -4.38592 -3.39137 0 0
0 0 272 0.986382 -4.36233 4.80324 -0.171296 0 0
0 0 273 -1.13014 1.97768 -3.61533 3.05641 0 0
0 0 274 -5.28063 -3.48027 -0.949183 3.96044 0 0
0 0 275 2.44199 3.64663 -5.78034 1.14828 0 0
0 0 276 -1.26814 -0.20333 1.71019 -4.4856 0 0
0 0 277 3.72378 -7.28234 -7.04827 -5.49685 0 0
0 0 278 7.32928 4.44104 -0.0671242 -7.79257 0 0
0 0 279 -0.684977 7.22474 -1.52146 8.27736 0 0
0 0 280 1.64568 1.22972 0.189839 -2.52732 0 0
0 0 281 1.16023 14.2665 1.03315 1.27859 0 0
0 0 282 -0.171329 -3.75063 -3.91863 -6.66065 0 0
0 0 283 0.990976 -4.26313 2.68085 0.670082 0 0
0 0 284 5.19447 2.75417 8.45694 3.95685 0 0
0 0 285 0.73736 0.0014523 5.17927 6.45598 0 0
0 0 286 3.22043 5.11265 -2.02715 0.798716 0 0
0 0 287 -1.10051 0.633682 4.09073 3.3844 0 0
0 0 288 4.4459 0.11265 0.741175 -0.200987 0 0
0 0 289 -4.60234 0.20309 6.80379 3.95108 0 0
0 0 290 -4.44652 -0.182456 5.28859 2.09277 0 0
0 0 291 3.73067 -1.9534 2.86522 -6.3912 0 0
0 0 292 7.4506 -5.25486 3.64975 2.1162 0 0
0 0 293 6.06454 3.6089 -2.35689 2.79311 0 0
0 0 294 2.97533 -1.35207 0.0217288 -0.183205 0 0
0 0 295 0.168332 4.72448 -10.2596 -1.79948 0 0
0 0 296 -2.31037 4.97943 3.99705 -5.82112 0 0
0 0 297 -7.69052 -8.04514 5.08561 4.92136 0 0
0 0 298 2.65083 -5.40601 9.46504 8.72709 0 0
0 0 299 -10.4758 -0.194055 11.0091 -0.701925 0 0
0 0 300 5.67883 4.4198 4.55192 0.816461 0 0
0 0 301 -3.736 10.3626 -7.30754 -0.664984 0 0
0 0 302 -5.17397 7.20049 8.0315 -0.456581 0 0
0 0 303 1.82713 -0.539837 3.17932 4.00314 0 0
0 0 304 -2.36063 0.215825 -3.6208 1.49254 0 0
0 0 305 0.651573 4.79147 1.20699 -0.245103 0 0
0 0 306 -4.36371 2.51761 0.922193 -4.30882 0 0
0 0 307 8.19757 1.40184 -9.51881 -1.64957 0 0
0 0 308 -1.26083 -2.35231 1.33099 2.36558 0 0
0 0 309 3.0408 -3.16415 6.5991 0.316882 0 0
0 0 310 -6.38159 -0.0735259 -0.365583 0.0668838 0 0
0 0 311 3.68421 6.55365 2.3008 -10.1038 0 0
0 0 312 0.960158 -1.86613 0.245057 -0.933476 0 0
0 0 313 -5.49773 2.28024 -0.39559 -0.1946 0 0
0 0 314 -6.16512 1.69476 2.11099 0.317111 0 0
0 0 315 0.265122 12.1844 -2.39409 -1.2211 0 0
0 0 316 5.66625 0.878575 2.2491 -10.4187 0 0
0 0 317 -1.85025 1.73472 -1.18183 4.6227 0 0
0 0 318 -0.319531 3.53271 -0.215079 11.077 0 0
0 0 319 6.29287 2.4808 -3.34127 -8.96081 0 0
0 0 320 -3.51909 2.1251 6.51651 2.53016 0 0
0 0 321 -1.25354 6.67548 -5.08226 -7.76681 0 0
0 0 322 0.795978 -7.28988 -4.37533 -6.18113 0 0
0 0 323 -4.54975 0.338905 -1.33061 -4.93366 0 0
0 0 324 -5.47929 1.74745 -3.84881 0.224674 0 0
0 0 325 6.45257 -1.9616 -2.44754 1.33503 0 0
0 0 326 -2.92467 1.15096 5.51171 0.371239 0 0
0 0 327 -13.2679 7.16623 -0.357954 4.43439 0 0
0 0 328 5.25925 4.18426 4.02596 0.545446 0 0
0 0 329 0.42965 4.18986 2.20192 -3.47416 0 0
0 0 330 1.34043 12.4596 5.37153 -9.49878 0 0
0 0 331 6.2294 -5.0508 4.31901 4.03135 0 0
0 0 332 3.53467 1.73094 7.6245 -6.04932 0 0
0 0 333 -6.86039 -3.99068 -1.59974 -7.16677 0 0
0 0 334 -3.32041 2.42454 -1.18343 -1.65365 0 0
0 0 335 2.37126 -2.60599 5.96164 -1.51849 0 0
0 0 336 0.265498 -1.91593 -2.08209 -5.79228 0 0
0 0 337 13.5012 -0.418481 3.92137 -2.54814 0 0
0 0 338 12.5189 -5.27629 -3.54704 -2.80612 0 0
0 0 339 -0.104046 -6.0979 -0.611573 5.66395 0 0
0 0 340 0.404483 -3.92738 -4.80265 4.75911 0 0
0 0 341 15.5547 5.67705 3.291 5.51634 0 0
0 0 342 1.30086 -5.09099 -4.50972 -3.52751 0 0
0 0 343 -0.7349 3.60088 1.97901 -4.65904 0 0
0 0 344 -1.88056 -2.34431 -5.67795 -3.43506 0 0
0 0 345 -1.07526 -6.52967 2.13918 1.14303 0 0
0 0 346 -4.85392 -10.5283 5.90957 0.129302 0 0
0 0 347 3.98833 -6.49744 2.88154 4.41705 0 0
0 0 348 7.59885 2.1955 -9.72836 -1.39572 0 0
0 0 349 -2.0162 -4.16047 -4.05591 0.791309 0 0
0 0 350 -2.77035 6.63724 -4.84631 -0.392524 0 0
0 0 351 1.89657 0.188736 9.36194 2.95308 0 0
0 0 352 1.89619 6.46756 -2.72563 -4.0511 0 0
0 0 353 -5.96302 7.12697 -0.878174 4.8734 0 0
0 0 354 3.37185 -5.18552 -3.37663 -0.855923 0 0
0 0 355 3.77109 -2.80652 3.03681 5.3244 0 0
0 0 356 6.62359 -4.73775 4.31149 6.72174 0 0
0 0 357 1.20343 8.24258 -1.51307 4.97618 0 0
0 0 358 0.883868 0.617642 -3.99127 -3.99664 0 0
0 0 359 -3.72887 1.67837 -2.46412 -2.08223 0 0
0 0 360 2.58861 3.41883 1.56081 -0.0101819 0 0
0 0 361 5.24976 -0.642915 -3.51017 -2.90649 0 0
0 0 362 -8.60153 2.89514 -2.03198 -0.449378 0 0
0 0 363 -1.94633 1.228 -6.09001 -2.18943 0 0
0 0 364 1.59046 2.94822 -5.7502 0.391617 0 0
0 0 365 2.01302 3.93475 2.79888 -0.142374 0 0
0 0 366 4.49473 7.13913 -4.20892 -2.74698 0 0
0 0 367 -2.69771 4.59355 2.24243 -3.75766 0 0
0 0 368 -4.61288 4.48183 0.0985996 3.35083 0 0
0 0 369 0.743912 7.75886 0.817656 -0.420632 0 0
0 0 370 -3.83389 6.13757 4.49623 -4.09992 0 0
0 0 371 1.28924 4.5509 1.15935 -6.10057 0 0
0 0 372 2.90817 8.46856 0.591052 -5.78943 0 0
0 0 373 -1.72119 -3.37464 1.58796 -5.71775 0 0
0 0 374 -6.04506 3.97205 -2.73031 1.59583 0 0
0 0 375 -1.99388 12.4747 7.83692 9.30761 0 0
0 0 376 -0.114157 -4.29061 0.241624 1.50067 0 0
0 0 377 2.64878 3.78181 -4.64172 2.34395 0 0
0 0 378 0.010715 -11.6096 1.47639 7.7674 0 0
0 0 379 3.57771 2.70574 -1.86797 3.24646 0 0
0 0 380 -1.04563 2.51383 -1.98261 4.33968 0 0
0 0 381 -2.15844 5.7668 -0.586079 -4.14603 0 0
0 0 382 4.76252 -1.55763 7.81565 6.23832 0 0
0 0 383 -5.2283 8.14982 -10.1504 2.43187 0 0
0 0 384 6.4694 -0.517995 -5.1276 2.17191 0 0
0 0 385 2.86357 1.96521 -0.846101 3.86357 0 0
0 0 386 5.25961 1.97667 0.0642285 3.90003 0 0
0 0 387 5.74971 1.06185 7.42094 -3.80027 0 0
0 0 388 5.36095 -2.3901 0.750555 -0.841488 0 0
0 0 389 6.98388 -1.18272 8.49739 1.75426 0 0
0 0 390 -8.88477 1.78726 10.0259 3.12201 0 0
0 0 391 -4.72321 0.668373 7.76055 -0.405206 0 0
0 0 392 -6.14215 2.2146 -0.924167 -6.22521 0 0
0 0 393 2.94169 -2.14238 1.64753 1.16079 0 0
0 0 394 1.78458 3.10806 0.962732 6.17928 0 0
0 0 395 12.5192 3.2614 -6.62472 5.36367 0 0
0 0 396 0.537478 -1.74516 -2.40609 6.14391 0 0
0 0 397 -0.0298266 8.97835 6.16099 6.46872 0 0
0 0 398 7.53652 -7.78419 1.41708 1.57671 0 0
0 0 399 0.473376 0.295495 -0.59344 2.77704 0 0
0 0 400 3.98277 0.238997 2.8616 10.1518 0 0
0 0 401 -3.11754 -7.75 -2.68838 0.523648 0 0
0 0 402 11.5202 8.79663 -1.2718 6.72462 0 0
0 0 403 -3.01227 2.09933 7.28626 -5.68304 0 0
0 0 404 -5.74218 -1.06873 5.72595 5.57711 0 0
0 0 405 2.21785 4.75987 6.32094 -5.77401 0 0
0 0 406 1.5686 -0.508513 -2.39898 -4.97606 0 0
0 0 407 -5.93415 -4.03727 0.867131 -0.816061 0 0
0 0 408 2.52092 -4.45505 1.07511 -1.10009 0 0
0 0 409 3.39649 -1.88321 -0.631911 -6.02099 0 0
0 0 410 -1.58033 0.577841 -1.78717 -5.05474 0 0
0 0 411 3.412 0.23344 -4.60873 0.701966 0 0
0 0 412 6.70948 5.80538 3.92531 0.856426 0 0
0 0 413 2.67844 -1.14078 -2.0641 -2.18878 0 0
0 0 414 -0.293526 -4.40743 -4.36885 -9.02336 0 0
0 0 415 7.38612 3.75044 1.97311 0.985774 0 0
0 0 416 4.92217 -1.44588 -3.13927 3.76742 0 0
0 0 417 1.89444 -0.658584 3.48551 0.953301 0 0
0 0 418 -0.672159 -0.37161 1.4278 -2.70809 0 0
0 0 419 3.38044 3.19964 0.269958 -0.984878 0 0
0 0 420 2.22084 3.11969 -4.40716 -3.75812 0 0
0 0 421 7.64492 3.03304 1.88957 1.26981 0 0
0 0 422 -4.15109 3.01113 1.31256 1.73179 0 0
0 0 423 -0.831226 6.95319 3.1651 5.05331 0 0
0 0 424 -3.06446 1.12984 1.88242 2.03329 0 0
0 0 425 -2.3939 -2.62118 0.869517 0.218369 0 0
0 0 426 8.67389 -3.68596 1.58314 9.05323 0 0
0 0 427 6.18519 4.90319 2.47506 -2.11688 0 0
0 0 428 1.16589 -4.44824 1.11678 -3.20234 0 0
0 0 429 -1.86679 -2.55463 -5.84894 0.260108 0 0
0 0 430 3.98077 -4.74334 2.5465 -8.01603 0 0
0 0 431 0.731056 -3.67048 0.261724 1.78933 0 0
0 0 432 0.428911 5.69889 5.25242 -1.89847 0 0
0 0 433 10.3049 1.8827 3.81933 -2.40017 0 0
0 0 434 2.98402 -11.1916 1.28645 -4.35438 0 0
0 0 435 -2.00515 -0.0599771 5.10277 2.59262 0 0
0 0 436 8.11724 -1.34658 -0.0469239 4.61561 0 0
0 0 437 -3.4389 3.8795 1.42235 -7.36148 0 0
0 0 438 -2.86007 -5.52016 1.14573 0.685852 0 0
0 0 439 0.297208 5.57708 -3.49898 -8.1448 0 0
0 0 440 6.92302 -4.22041 -3.21338 -6.74138 0 0
0 0 441 -7.48714 -0.465206 0.577364 5.60727 0 0
0 0 442 10.2123 -3.93729 1.34058 -3.10085 0 0
0 0 443 4.86475 1.63341 -5.92694 3.42679 0 0
0 0 444 -1.64599 4.73156 4.70471 -6.47313 0 0
0 0 445 2.05091 -5.71934 -8.96143 -5.54226 0 0
0 0 446 0.346377 0.0922198 9.14194 -5.45129 0 0
0 0 447 -3.39146 -0.00684118 -1.4852 5.50949 0 0
0 0 448 -1.24442 -0.0852078 4.06737 7.24231 0 0
0 0 449 -0.510801 -12.2582 -2.50134 4.88708 0 0
0 0 450 1.48071 -2.94901 -9.10599 0.651224 0 0
0 0 451 -0.322697 1.4072 2.29699 -2.34309 0 0
0 0 452 -3.63625 -7.37745 7.29924 0.419366 0 0
0 0 453 -0.512394 0.206862 2.43235 2.21634 0 0
0 0 454 1.12442 -5.15886 1.47825 -0.46313 0 0
0 0 455 -1.94717 -8.5248 -0.738917 2.61497 0 0
0 0 456 6.0477 3.16875 -8.04002 0.472298 0 0
0 0 457 3.41434 -0.50416 -2.13158 0.308208 0 0
0 0 458 2.2376 -1.92696 -2.07508 -3.37442 0 0
0 0 459 6.94738 3.576 -2.82819 -5.54551 0 0
0 0 460 3.86212 -4.44261 5.15822 1.39952 0 0
0 0 461 3.99087 -7.49102 -4.47142 6.23297 0 0
0 0 462 0.0643005 5.65838 -0.358589 -1.69973 0 0
0 0 463 1.34817 -3.50242 -1.78329 -2.75141 0 0
0 0 464 3.67737 4.50717 -2.1514 5.7813 0 0
0 0 465 2.85634 2.24368 -7.71345 -2.71239 0 0
0 0 466 -7.28349 4.46133 0.534568 4.00667 0 0
0 0 467 -0.826743 -2.14521 0.313564 2.46845 0 0
0 0 468 5.38979 1.65402 3.64959 -4.70229 0 0
0 0 469 -6.20704 -0.495369 -2.79714 -3.58631 0 0
0 0 470 3.3467 -5.52431 -7.67246 -0.071312 0 0
0 0 471 -0.295424 4.98488 -14.9748 2.43069 -35.7941 7.8226
0 0 472 -2.02421 -4.58236 0.616802 1.3921 0 0
0 0 473 -2.57133 -8.24335 -1.57565 4.28311 0 0
0 0 474 1.64803 2.50713 -7.72875 -8.74343 0 0
0 0 475 -0.424554 1.59335 -2.78536 2.45353 0 0
0 0 476 2.64737 5.1349 6.57079 -0.746447 0 0
0 0 477 1.87122 8.21059 4.07459 2.40419 0 0
0 0 478 6.94125 1.53254 3.47758 0.694938 0 0
0 0 479 -4.02644 -10.3083 4.32593 3.11666 0 0
0 0 480 5.53597 -2.48514 -3.74998 2.24006 0 0
0 0 481 -0.335939 4.49918 1.38812 0.748079 0 0
0 0 482 3.58392 1.99003 3.28622 -2.63932 0 0
0 0 483 0.688866 -6.07006 2.3478 -1.97027 0 0
0 0 484 0.974573 -9.58352 2.92817 6.54525 0 0
0 0 485 -3.03398 1.64058 11.0433 -1.69524 0 0
0 0 486 0.175986 -7.62228 2.87594 -5.57483 0 0
0 0 487 -2.14077 1.93532 5.35135 2.10822 0 0
0 0 488 10.3547 1.13981 -1.66246 -0.572184 0 0
0 0 489 -5.02399 0.762114 1.0945 5.1022 0 0
0 0 490 -4.09247 5.18909 1.52861 0.249268 0 0
0 0 491 -5.97577 -0.313771 -3.59306 -4.24127 0 0
0 0 492 -3.28033 1.75948 2.94022 -3.01051 0 0
0 0 493 1.84594 2.3192 -2.13354 6.74734 0 0
0 0 494 4.88869 0.628165 5.67138 7.01285 0 0
0 0 495 2.7219 -9.87673 -1.11287 -3.19899 0 0
0 0 496 0.5995 5.10028 -0.766523 5.85844 0 0
0 0 497 -3.31333 8.03089 2.27642 1.9131 0 0
0 0 498 -0.938837 -1.73127 0.173762 6.26636 0 0
0 0 499 -1.76558 -2.81636 -6.7115 1.74523 0 0
0 0 500 7.89025 -4.20036 6.09879 -2.48976 0 0
0 0 501 1.16518 -4.44094 1.37922 -5.23106 0 0
0 0 502 1.05405 -2.56358 0.360352 -1.51044 0 0
0 0 503 -6.15526 2.2469 -1.05102 -3.33927 0 0
0 0 504 -7.63997 -6.55224 0.845658 -0.391166 0 0
0 0 505 4.75613 3.08559 -3.80924 1.16818 0 0
0 0 506 4.90373 5.93149 4.75703 2.8536 0 0
0 0 507 3.68706 2.97706 -1.755 4.13259 0 0
0 0 508 3.92229 2.07547 0.971298 0.504174 0 0
0 0 509 7.29759 0.521531 -4.24618 2.47314 0 0
0 0 510 -0.58951 1.5664 -4.93447 -2.32042 0 0
0 0 511 2.11392 1.56514 -1.55212 -5.31522 0 0
0 0 512 6.36339 -2.74142 -2.19607 -5.18423 0 0
0 0 513 3.90412 -2.28389 9.20316 -2.04655 0 0
0 0 514 0.0372698 3.14265 -2.62026 -4.70056 0 0
0 0 515 4.31128 4.18076 0.691241 -3.46967 0 0
0 0 516 -1.89474 4.57433 -2.61369 -0.389513 0 0
0 0 517 4.06775 1.13917 10.9353 4.30038 0 0
0 0 518 4.34124 -1.20215 4.90092 3.00868 0 0
0 0 519 6.58102 0.485049 -2.18463 -0.0992889 0 0
0 0 520 4.55875 -7.95914 2.30308 -0.93695 0 0
0 0 521 0.192871 3.43859 1.13698 -5.79264 0 0
0 0 522 -0.63601 7.29338 -5.68333 2.98948 0 0
0 0 523 -2.55198 5.98043 -14.473 6.45218 -33.7745 7.93621
0 0 524 -6.63301 3.60763 -3.53119 11.0766 0 0
0 0 525 1.12338 -5.68706 -0.417213 0.211548 0 0
0 0 526 -4.57212 0.831503 -1.04681 2.90671 0 0
0 0 527 3.17997 5.86976 5.68033 -5.96715 0 0
0 0 528 4.72858 6.23889 -0.400258 0.883551 0 0
0 0 529 -2.03637 -1.47163 -0.720485 4.30319 0 0
0 0 530 4.54003 -3.57726 -0.0311515 -8.87893 0 0
0 0 531 2.64766 -2.94188 -2.33456 2.91397 0 0
0 0 532 -10.5056 -5.243 -2.35965 1.83355 0 0
0 0 533 -2.13601 2.09585 5.46155 2.29176 0 0
0 0 534 -5.0165 0.549057 -3.74106 0.545514 0 0
0 0 535 -5.34665 3.44237 -4.50074 6.69934 0 0
0 0 536 6.31079 2.11051 7.2817 0.193018 0 0
0 0 537 2.89454 3.63888 5.40809 5.64964 0 0
0 0 538 8.28948 1.07535 -2.38485 -5.30914 0 0
0 0 539 4.7455 -10.2532 -3.26787 -1.15784 0 0
0 0 540 6.43151 0.898154 0.248072 0.904483 0 0
0 0 541 3.78945 -2.64045 -4.87979 -2.9324 0 0
0 0 542 -10.7407 -1.87482 -1.46269 4.00831 0 0
0 0 543 -2.51169 10.7745 6.99162 -7.67694 0 0
0 0 544 -3.13982 2.92091 1.50898 -3.25628 0 0
0 0 545 14.2733 -5.82542 -6.91255 -2.39192 0 0
0 0 546 3.78728 -0.825677 -0.0988788 8.9231 0 0
0 0 547 -6.27646 0.566752 2.871 3.06627 0 0
0 0 548 -0.769325 1.07906 6.04265 1.46867 0 0
0 0 549 1.463 2.61886 -1.20018 7.63737 0 0
0 0 550 -0.396211 2.7902 0.103278 -4.09342 0 0
0 0 551 -2.68667 5.02834 -1.73738 7.23186 0 0
0 0 552 4.25525 -1.40914 -14.0921 -5.18667 0 0
0 0 553 2.25857 -1.15522 3.94435 -3.56536 0 0
0 0 554 1.84711 -0.386654 11.4717 -2.50761 0 0
0 0 555 3.34445 -1.09867 -3.37121 -0.97362 0 0
0 0 556 -6.24842 5.86206 -3.63777 -1.01088 0 0
0 0 557 4.40082 -1.98741 1.87951 -2.51502 0 0
0 0 558 -1.81094 4.16246 -1.40152 -9.47829 0 0
0 0 559 3.35637 -2.03904 -5.72141 2.26986 0 0
0 0 560 -0.618041 -10.2395 2.44905 5.1075 0 0
0 0 561 0.874542 -4.34232 8.12832 4.97698 0 0
0 0 562 7.38006 -4.21572 -7.22457 4.92208 0 0
0 0 563 1.14414 0.514994 4.71715 8.32545 0 0
0 0 564 0.758337 -7.02265 -10.1954 3.37517 0 0
0 0 565 8.19297 -0.735576 2.16493 2.59744 0 0
0 0 566 -0.0788674 -0.974498 -0.35119 -0.984114 0 0
0 0 567 6.83479 -0.539448 1.30924 7.60796 0 0
0 0 568 3.02471 -2.77973 5.73685 1.37563 0 0
0 0 569 -6.78132 -0.416331 1.78815 0.0372688 0 0
0 0 570 -4.83291 -3.56462 -2.15503 2.17323 0 0
0 0 571 -1.55485 0.841762 -0.673424 2.46855 0 0
0 0 572 -3.66799 -7.21085 9.34134 5.49892 0 0
0 0 573 9.5696 -1.08719 -4.40595 -4.37589 0 0
0 0 574 0.340244 1.37473 -2.85938 -0.308483 0 0
0 0 575 -4.72943 -3.00633 1.04615 1.5243 0 0
0 0 576 4.52525 -3.01176 -1.93806 9.39609 0 0
0 0 577 -2.25432 1.6011 -6.20373 7.12496 0 0
0 0 578 0.364624 1.8949 -0.158458 6.64458 0 0
0 0 579 -4.77814 1.1236 -6.95225 1.97348 0 0
0 0 580 10.512 2.04782 -1.84396 1.29172 0 0
0 0 581 2.47115 -8.90944 1.93087 -2.3896 0 0
0 0 582 -4.75802 -2.07198 6.29936 10.3978 0 0
0 0 583 1.98322 -4.60294 0.858003 -0.702732 0 0
0 0 584 9.39631 -2.85949 -6.36407 4.72444 0 0
0 0 585 -1.94145 3.57956 -3.35321 -2.62221 0 0
0 0 586 0.289377 -4.69503 -4.20982 -1.9776 0 0
0 0 587 2.78888 -0.645846 -1.73835 -2.52877 0 0
0 0 588 -5.72658 6.23861 1.61018 5.01241 0 0
0 0 589 -7.02851 -1.12099 -7.7579 2.21543 0 0
0 0 590 2.76874 1.59131 -0.776894 -2.52948 0 0
0 0 591 0.413108 -3.42752 3.1927 -1.94125 0 0
0 0 592 -0.00162965 1.15379 5.4442 3.20995 0 0
0 0 593 1.20851 -3.06085 1.28799 -5.5577 0 0
0 0 594 1.65881 0.10222 -2.21286 0.691082 0 0
0 0 595 2.83774 5.18112 10.8059 1.20742 0 0
0 0 596 6.95554 -7.15682 -3.24428 0.134453 0 0
0 0 597 1.91842 5.62279 2.72734 -2.87827 0 0
0 0 598 4.21802 -8.14434 1.95516 -1.73006 0 0
0 0 599 -0.108225 8.6181 -6.88983 -1.56159 0 0
0 0 600 -5.40923 -1.40363 -2.76069 -3.50888 0 0
0 0 601 -0.740829 3.51484 -3.51681 -1.20243 0 0
0 0 602 2.13132 2.13873 -3.33633 -1.98406 0 0
0 0 603 -2.26513 9.22485 -4.01125 -4.61475 0 0
0 0 604 -1.12721 -1.85777 6.73021 -5.4966 0 0
0 0 605 3.33107 -1.6385 2.2943 -6.67579 0 0
0 0 606 -4.90361 1.19456 0.903613 3.152 0 0
0 0 607 -3.86414 6.06916 0.438771 3.1983 0 0
0 0 608 4.71614 -0.141646 -0.747935 3.11114 0 0
0 0 609 1.65234 -7.27159 -3.74984 0.439744 0 0
0 0 610 2.19018 -0.841705 -3.53809 -0.563269 0 0
0 0 611 3.19337 5.67944 -1.96532 -1.09647 0 0
0 0 612 2.68806 -2.53061 2.60586 -7.02027 0 0
0 0 613 -0.974061 6.69184 2.3627 2.32451 0 0
0 0 614 6.02599 -1.63616 -5.93601 -3.53473 0 0
0 0 615 0.846021 -0.318343 6.1604 -1.80081 0 0
0 0 616 -4.17435 5.80751 -1.70609 2.03878 0 0
0 0 617 0.0291755 -2.69355 -0.0746614 2.3342 0 0
0 0 618 -9.1553 2.27421 7.36634 -10.5217 0 0
0 0 619 1.98518 0.490428 -3.057 4.7271 0 0
0 0 620 -0.375195 5.72395 1.52007 4.25928 0 0
0 0 621 4.79437 -6.58163 -0.130808 1.06592 0 0
0 0 622 -0.775898 -2.67247 1.97892 -5.0843 0 0
0 0 623 -5.75048 1.41879 3.97238 0.865563 0 0
0 0 624 2.00642 3.74051 2.24341 -1.65346 0 0
0 0 625 -2.86551 -0.964311 3.22624 -6.86402 0 0
0 0 626 -1.44875 5.46755 4.27288 -8.91797 0 0
0 0 627 -9.02522 2.56485 3.46781 5.47737 0 0
0 0 628 -9.94224 1.70766 -3.08692 4.68219 0 0
0 0 629 2.91873 -3.68124 1.23435 -3.14487 0 0
0 0 630 -4.98511 -0.740919 5.72643 0.994652 0 0
0 0 631 5.23072 -1.67048 -0.53406 -6.3452 0 0
0 0 632 -5.21925 -4.76093 2.73169 -1.74632 0 0
0 0 633 1.64934 2.73758 -2.16814 -1.47373 0 0
0 0 634 -4.25802 6.6878 -4.52267 3.14667 0 0
0 0 635 10.9246 -3.23907 1.88184 1.64223 0 0
0 0 636 6.7474 12.8881 2.95376 6.48316 0 0
0 0 637 -5.04009 -6.53178 5.74532 -4.83183 0 0
0 0 638 2.6809 -2.36264 -2.12066 -9.32447 0 0
0 0 639 -5.91674 1.98958 5.53495 1.90863 0 0
0 0 640 -1.04747 3.7369 3.24125 -2.90618 0 0
0 0 641 -0.450783 4.23223 -7.39205 -3.89661 0 0
0 0 642 0.00152245 -0.88361 -5.18556 -8.86427 0 0
0 0 643 -2.08138 -3.77252 8.52938 4.26982 0 0
0 0 644 -2.94368 -5.95653 5.12682 -3.31486 0 0
0 0 645 -1.17222 5.03194 -8.23142 0.0430613 0 0
0 0 646 0.763927 -4.22465 4.93042 6.10293 0 0
0 0 647 2.3647 1.93791 1.18897 -2.01256 0 0
0 0 648 3.46398 4.34259 -4.05776 -2.07939 0 0
0 0 649 -0.66992 -1.57639 -5.14228 -9.46864 0 0
0 0 650 -4.00191 -5.37765 -1.17336 -6.84276 0 0
0 0 651 -4.76019 -6.20703 -3.86766 -5.60162 0 0
0 0 652 -2.48905 -0.344834 -0.217162 4.0169 0 0
0 0 653 -3.66767 -5.30313 -1.88779 -7.2679 0 0
0 0 654 0.613838 4.5727 -4.81055 -0.227486 0 0
0 0 655 4.14913 -3.43514 -5.89665 3.63141 0 0
0 0 656 1.42973 -4.24198 2.25482 1.6674 0 0
0 0 657 4.13743 -1.18613 -4.51135 1.07258 0 0
0 0 658 2.24723 -2.62216 4.5045 3.55903 0 0
0 0 659 -5.12395 -4.56939 -4.33663 1.67221 0 0
0 0 660 -0.866247 0.632102 -5.80118 -6.1746 0 0
0 0 661 -4.15486 1.11156 7.45661 0.846699 0 0
0 0 662 -3.78405 0.712479 1.39234 -0.824884 0 0
0 0 663 -6.64765 2.66346 6.88659 0.5627 0 0
0 0 664 -1.11644 8.61478 -3.22796 -2.71193 0 0
0 0 665 0.420723 0.099611 7.64994 -2.50208 0 0
0 0 666 -2.0399 -2.08415 1.09423 4.39743 0 0
0 0 667 -8.35705 0.503453 -6.36659 -8.16206 0 0
0 0 668 3.00794 0.516243 3.9017 -4.59966 0 0
0 0 669 0.954556 6.75584 3.23338 5.54367 0 0
0 0 670 7.70599 -5.23622 2.10334 -0.649717 0 0
0 0 671 -3.72159 -2.69422 11.1032 -8.80309 0 0
0 0 672 -8.16504 0.631361 -5.99038 6.81845 0 0
0 0 673 1.06127 -0.953993 13.2035 4.56812 0 0
0 0 674 -1.23317 1.6437 -2.23461 1.61928 0 0
0 0 675 0.626728 -1.42244 0.759044 2.00377 0 0
0 0 676 3.33312 -4.27701 2.49973 5.97049 0 0
0 0 677 2.46144 -2.28016 -6.4268 10.4697 0 0
0 0 678 0.894191 0.0294729 0.487772 3.58736 0 0
0 0 679 0.472709 1.5307 1.49631 4.41696 0 0
0 0 680 1.60103 -5.5735 2.72372 2.10075 0 0
0 0 681 -1.8104 -0.305137 9.66737 0.251722 0 0
0 0 682 5.24266 7.2716 4.17118 1.99512 0 0
0 0 683 0.0865562 2.29869 4.79759 -1.16843 0 0
0 0 684 -1.10534 0.751391 2.91049 7.84042 0 0
0 0 685 7.97305 3.63962 8.00995 -3.43092 0 0
0 0 686 5.82876 1.63911 -3.43176 0.335194 0 0
0 0 687 3.74812 9.32207 -1.99164 6.98526 0 0
0 0 688 3.85422 2.47303 4.87907 2.13868 0 0
0 0 689 -2.85668 -0.336389 7.99715 1.80816 0 0
0 0 690 -0.667078 -11.5926 5.83385 -2.14741 0 0
0 0 691 8.83055 -13.4578 -7.98062 4.96906 -74.6658 8.5886
0 0 692 -2.51566 -5.3612 7.58405 2.21945 0 0
0 0 693 -7.44092 -4.90653 -4.48962 3.96403 0 0
0 0 694 3.81647 -0.236222 -1.20353 8.10224 0 0
0 0 695 1.36276 -4.26757 8.87292 1.55267 0 0
0 0 696 -5.37489 1.63687 7.91346 -0.61326 0 0
0 0 697 4.74197 3.04527 -0.85493 -5.1901 0 0
0 0 698 6.21949 -2.14391 -0.452294 -0.29278 0 0
0 0 699 -0.633847 5.65935 -2.01475 3.77799 0 0
0 0 700 -3.52252 -3.03209 -2.12141 -0.220608 0 0
0 0 701 3.60257 -10.5318 -2.76954 -6.1254 0 0
0 0 702 -4.27173 2.42202 7.70124 0.694165 0 0
0 0 703 1.99336 -4.26634 1.08066 -1.70714 0 0
0 0 704 7.71423 4.49994 -3.48947 0.245701 0 0
0 0 705 5.41402 2.15128 4.42267 -6.63746 0 0
0 0 706 13.45 -2.57603 4.4392 -11.3791 0 0
0 0 707 5.01709 -8.35658 -2.36731 -5.27217 0 0
0 0 708 1.74959 5.51139 -7.27312 -4.96265 0 0
0 0 709 5.34956 1.52996 4.07907 1.03456 0 0
0 0 710 4.66827 -3.38542 1.04504 2.84526 0 0
0 0 711 3.7318 -0.360258 8.76641 2.814 0 0
0 0 712 -1.44545 -2.50521 -0.947553 5.79676 0 0
0 0 713 -8.20551 1.70289 -3.6113 0.0689256 0 0
0 0 714 -0.864104 -4.52463 -1.86334 0.785134 0 0
0 0 715 -1.05967 -1.50092 -8.9053 -5.38535 0 0
0 0 716 1.78577 -3.58101 -0.722798 -3.96263 0 0
0 0 717 1.61439 2.32576 0.618435 -5.55248 0 0
0 0 718 6.33023 -1.3837 0.832603 5.5148 0 0
0 0 719 1.53898 1.26453 -1.67366 3.69741 0 0
0 0 720 -4.4929 -9.32822 3.3228 1.49578 0 0
0 0 721 -0.628695 0.098701 -3.72134 0.637472 0 0
0 0 722 -1.34798 -8.20352 -6.75491 0.263485 0 0
0 0 723 0.304033 0.26334 -2.87502 1.2008 0 0
0 0 724 0.570642 -7.99935 0.497456 1.30993 0 0
0 0 725 1.57324 -0.0645409 -7.04308 -1.55387 0 0
0 0 726 0.523667 -1.31099 4.54226 -2.78142 0 0
0 0 727 -2.62133 1.7783 -3.70112 -9.60743 0 0
0 0 728 -2.13168 -4.58124 2.62543 -10.0499 0 0
0 0 729 -2.09667 6.82536 -3.56831 -5.71301 0 0
0 0 730 -0.713686 3.08036 1.42089 4.14088 0 0
0 0 731 4.87592 1.66569 3.41157 -1.18047 0 0
0 0 732 0.897048 -5.82562 4.07564 -4.37801 0 0
0 0 733 -0.205927 1.47668 -2.2243 1.29255 0 0
0 0 734 -2.78655 9.77838 5.31082 -4.23842 0 0
0 0 735 -1.31934 8.85368 5.62571 -5.34797 0 0
0 0 736 -1.91711 1.9355 3.969 -1.3047 0 0
0 0 737 0.0628645 -6.00004 0.301139 7.10111 0 0
0 0 738 1.40902 8.68511 -0.364506 -1.88517 0 0
0 0 739 -1.29604 -6.25774 -2.54043 0.282665 0 0
0 0 740 0.780824 1.78625 3.76394 -2.29404 0 0
0 0 741 4.18369 0.807907 8.32471 -4.3991 0 0
0 0 742 -6.77229 -0.15111 1.64275 4.88374 0 0
0 0 743 8.85257 -9.65576 2.5529 -3.35918 0 0
0 0 744 -0.499444 -0.977443 0.897716 3.51686 0 0
0 0 745 2.59412 1.35412 -1.83726 6.51962 0 0
0 0 746 2.7171 1.17476 -0.792366 -1.54583 0 0
0 0 747 0.923573 -5.15602 1.11397 0.529327 0 0
0 0 748 7.18829 -8.86915 4.34428 -2.96368 0 0
0 0 749 -2.38293 4.08658 0.83048 -2.72385 0 0
0 0 750 2.26535 3.57373 2.44163 -4.58571 0 0
0 0 751 2.25014 1.57827 4.43475 3.67533 0 0
0 0 752 -2.82524 -1.27831 0.552093 -10.6066 0 0
0 0 753 3.82738 2.89787 4.95684 1.3584 0 0
0 0 754 0.674489 0.682982 -9.48607 5.93707 0 0
0 0 755 0.139985 -5.41958 -0.0533126 4.23927 0 0
0 0 756 2.87824 1.40692 6.8773 3.56473 0 0
0 0 757 3.60528 -3.94563 5.88867 -5.29337 0 0
0 0 758 -1.89652 -2.35319 3.29044 0.52382 0 0
0 0 759 -1.3668 3.57059 -2.12086 -1.04191 0 0
0 0 760 -2.77059 -6.04881 1.1288 -1.30007 0 0
0 0 761 12.0552 -1.76774 7.28525 -1.6612 0 0
0 0 762 4.8956 -1.22117 -2.20536 -3.6046 0 0
0 0 763 -4.34565 -9.67507 1.15246 -4.90385 0 0
0 0 764 -5.67803 1.9585 -5.1538 7.16924 0 0
0 0 765 -4.22136 0.933592 -2.93321 3.46723 0 0
0 0 766 0.17914 -0.607934 -0.940336 2.55977 0 0
0 0 767 -7.55755 2.62444 4.32225 0.0436063 0 0
0 0 768 1.34708 5.65883 1.69225 -1.79853 0 0
0 0 769 2.26259 0.189397 -2.44642 -2.83307 0 0
0 0 770 -8.03273 3.60494 1.96285 0.903968 0 0
0 0 771 5.99388 -1.97936 -6.40501 1.22217 0 0
0 0 772 -1.11298 7.0134 -2.95153 -3.88064 0 0
0 0 773 3.74597 -1.23038 1.16387 -2.13597 0 0
0 0 774 8.38735 3.63837 -5.11393 -1.27474 0 0
0 0 775 6.12874 0.0189826 6.96357 -2.31936 0 0
0 0 776 0.574326 0.455762 1.51306 -1.32983 0 0
0 0 777 0.50356 -5.81517 -2.75768 -0.802353 0 0
0 0 778 1.15837 4.30262 2.28997 -1.16904 0 0
0 0 779 0.884242 -5.68948 1.93586 4.46776 0 0
0 0 780 5.68649 -2.67328 -4.40422 1.75655 0 0
0 0 781 2.87489 7.47588 0.495326 0.677527 0 0
0 0 782 2.48225 -6.51303 1.83526 -1.73633 0 0
0 0 783 8.69343 -6.49309 5.04358 -5.66768 0 0
0 0 784 -0.946197 -0.586555 3.83811 -1.08131 0 0
0 0 785 3.60513 -2.15157 -1.02656 0.53727 0 0
0 0 786 -3.51312 8.62996 -6.69336 -2.5612 0 0
0 0 787 -6.09575 0.633774 1.06568 -0.634371 0 0
0 0 788 4.25972 -0.863316 9.55902 0.824915 0 0
0 0 789 8.12382 2.02573 2.10986 0.788736 0 0
0 0 790 -2.68508 0.0537596 5.81143 2.5665 0 0
0 0 791 -5.13027 -11.4852 -6.68501 3.63491 0 0
0 0 792 0.153811 -4.22416 -0.0146286 4.2003 0 0
0 0 793 0.729143 -1.99282 4.98714 -1.34924 0 0
0 0 794 4.24461 1.16052 -5.206 4.27265 0 0
0 0 795 1.50417 -0.546954 -1.53084 2.62138 0 0
0 0 796 4.532 -0.693074 -5.92821 -3.03782 0 0
0 0 797 -4.46051 8.00149 1.02772 3.90172 0 0
0 0 798 -0.405291 -1.19308 2.58263 6.16777 0 0
0 0 799 6.96171 -1.1913 3.99852 -4.87274 0 0
0 0 800 6.37722 4.2737 -8.0742 3.11204 0 0
0 0 801 -2.21008 -1.13529 6.28221 5.10876 0 0
0 0 802 6.3154 1.45407 2.1619 0.62596 0 0
0 0 803 -2.14017 -5.48895 6.48118 3.2193 0 0
0 0 804 -8.5871 -1.6145 -5.26154 0.844486 0 0
0 0 805 -0.593301 -8.58943 1.53782 -3.57483 0 0
0 0 806 -3.41248 -2.10482 3.42346 3.03293 0 0
0 0 807 -1.85627 -4.96397 5.92852 -5.03226 0 0
0 0 808 5.06506 -4.69696 -1.87577 -3.87065 0 0
0 0 809 -2.23695 -5.89072 -5.7243 2.90095 0 0
0 0 810 -3.24876 -8.40661 1.24652 -1.8799 0 0
0 0 811 -2.58203 -4.40013 5.60273 -4.19685 0 0
0 0 812 -7.06259 7.24738 -2.36971 -0.119965 0 0
0 0 813 0.0961561 -2.43533 0.9528 -8.82706 0 0
0 0 814 0.417127 2.06569 1.95399 -0.399596 0 0
0 0 815 1.28367 -6.82766 0.738681 -1.07707 0 0
0 0 816 -4.84725 2.5801 0.877925 -8.98771 0 0
0 0 817 1.40867 9.12036 1.34425 -3.4642 0 0
0 0 818 -3.92123 -1.29403 5.70337 -1.27792 0 0
0 0 819 1.19587 2.02545 -5.58385 1.0593 0 0
0 0 820 -7.28707 -4.42209 -4.13878 -4.16053 0 0
0 0 821 -3.13132 5.22832 -5.7637 6.55366 0 0
0 0 822 -3.73596 4.02627 0.127973 2.07324 0 0
0 0 823 0.0878775 -5.78177 -6.85051 -3.47989 0 0
0 0 824 -3.00232 6.21643 -2.24931 -3.30138 0 0
0 0 825 2.39233 0.389812 -3.86158 6.38322 0 0
0 0 826 2.53814 -5.19188 -0.879139 -3.05204 0 0
0 0 827 1.57485 5.22664 7.85794 7.97631 0 0
0 0 828 -1.84477 -1.19008 2.69138 0.616214 0 0
0 0 829 3.26558 4.22696 8.19321 -2.93454 0 0
0 0 830 -4.74936 0.672808 1.52537 -9.87618 0 0
0 0 831 4.43857 5.29339 -6.4916 -5.23748 0 0
0 0 832 -3.43719 1.82675 4.88995 0.882813 0 0
0 0 833 -0.0773451 0.641136 -4.6044 -3.86633 0 0
0 0 834 2.36264 -8.68883 5.82034 -3.384 0 0
0 0 835 3.23945 1.16511 -2.85969 1.31673 0 0
0 0 836 0.492197 -5.43776 0.204212 8.8806 0 0
0 0 837 4.79047 3.52938 -8.97554 -3.75262 0 0
0 0 838 2.81521 -2.24079 -1.87286 4.43266 0 0
0 0 839 2.85643 -0.631117 -6.54159 0.222168 0 0
0 0 840 2.02635 -4.00632 -6.30743 0.536131 0 0
0 0 841 1.9587 -1.25788 -4.15764 0.912356 0 0
0 0 842 2.42309 5.15244 -1.81159 4.81553 0 0
0 0 843 0.424941 10.3264 -0.49955 5.01117 0 0
0 0 844 0.0408764 -8.18452 6.4164 7.35021 0 0
0 0 845 -9.21452 4.87209 -2.08933 -3.78489 0 0
0 0 846 4.0562 2.11043 -2.32758 -3.7649 0 0
0 0 847 4.30429 5.27944 -0.361504 -1.71143 0 0
0 0 848 -1.00939 -0.0825522 1.57511 -0.325081 0 0
0 0 849 3.91997 -2.21732 -5.57668 -10.4733 0 0
0 0 850 -3.64539 1.05139 0.183697 4.84914 0 0
0 0 851 -1.88571 -0.963659 -2.73766 -7.76273 0 0
0 0 852 1.05483 1.88274 -5.24685 -12.2145 0 0
0 0 853 -0.315546 -2.055 -4.80535 2.20551 0 0
0 0 854 4.96616 0.440344 -3.24134 -0.965843 0 0
0 0 855 5.30916 1.29541 -2.35443 -1.39284 0 0
0 0 856 9.74594 3.99366 5.37344 -1.35737 0 0
0 0 857 -1.09576 -4.22837 -7.66194 3.8534 0 0
0 0 858 7.66204 2.12361 0.461857 4.53987 0 0
0 0 859 4.49812 4.70556 -8.16157 7.57689 0 0
0 0 860 2.55471 0.937558 -9.18269 -1.8288 0 0
0 0 861 10.711 1.70622 -8.96631 0.628497 0 0
0 0 862 5.7763 3.2025 -6.64171 3.00826 0 0
0 0 863 12.2375 0.414192 -5.733 -2.40844 0 0
0 0 864 3.19826 -4.27552 -12.0633 -10.7199 0 0
0 0 865 2.39023 -0.0769445 -7.5953 4.38064 0 0
0 0 866 6.78852 -0.163663 -0.243869 -0.582469 0 0
0 0 867 7.50159 -1.12338 -10.0258 -2.96707 0 0
0 0 868 9.99804 -3.82586 -9.82929 -4.01307 0 0
0 0 869 6.38132 0.888347 -4.36144 -4.80192 0 0
0 0 870 14.3727 2.85776 -8.69357 -3.31446 0 0
0 0 871 11.7049 0.767499 -3.70895 -8.70706 0 0
0 0 872 4.19169 -1.41133 -3.18639 -11.0951 0 0
0 0 873 11.5557 0.960354 -7.9546 -5.69792 0 0
0 0 874 8.69007 7.20264 -6.92401 -11.1858 0 0
0 0 875 10.4136 -1.84769 -4.64185 -7.9643 0 0
0 0 876 7.65728 -2.9523 -6.26578 3.62238 0 0
0 0 877 17.7534 2.00004 -1.88345 1.65577 0 0
0 0 878 5.60748 -5.31396 -3.27076 -0.637889 0 0
0 0 879 6.83824 3.91517 -10.2802 -2.29152 0 0
0 0 880 8.78465 4.94714 2.35746 -1.2732 0 0
0 0 881 3.18308 3.11384 -7.24191 -0.303525 0 0
0 0 882 6.03028 -0.756868 -2.56375 -3.49009 0 0
0 0 883 7.3347 -0.919636 5.02391 -0.0439311 0 0
0 0 884 1.18108 1.94872 -13.7992 -2.36588 0 0
0 0 885 7.70695 2.61211 -4.64447 -2.6429 0 0
0 0 886 13.1033 1.39761 -0.734916 7.62293 0 0
0 0 887 12.0276 -2.58278 -12.8171 0.344429 0 0
0 0 888 10.4947 0.971719 -8.106 8.30533 0 0
0 0 889 4.76503 -0.406383 -7.34109 -6.89673 0 0
0 0 890 10.977 8.08199 -1.91918 -3.80615 0 0
0 0 891 3.41736 -4.09449 -7.26042 -3.45475 0 0
0 0 892 7.91782 2.75198 -9.75392 -6.05866 0 0
0 0 893 9.58175 0.0242805 -6.39952 -6.97897 0 0
0 0 894 4.26503 -7.15895 -2.4406 7.05661 0 0
0 0 895 10.0409 5.82569 -2.834 1.03614 0 0
0 0 896 5.10455 2.69272 -7.82475 3.61436 0 0
0 0 897 9.32559 -1.33126 -9.45965 0.303218 0 0
0 0 898 4.5847 5.84392 -11.6463 -5.15028 0 0
0 0 899 6.12575 2.09516 -9.3271 3.42184 0 0
0 0 900 12.4776 3.24143 -8.87808 3.32189 0 0
0 0 901 15.5003 2.9809 -9.24874 12.6853 0 0
0 0 902 15.8415 6.10083 -13.0542 -5.13195 0 0
0 0 903 11.7157 0.206997 -14.2176 -3.38588 0 0
0 0 904 12.748 2.74323 -6.09752 -4.26726 0 0
0 0 905 15.2203 3.50259 -5.45364 1.7228 0 0
0 0 906 18.6859 9.0922 -13.9993 -2.98308 -28.4986 7.60332
0 0 907 18.6944 -6.27817 -8.79585 7.52763 0 0
0 0 908 11.8627 -0.477388 -8.73707 3.45058 0 0
0 0 909 15.9435 2.02788 -14.0366 7.50215 0 0
0 0 910 25.8004 9.47297 -21.8736 4.38831 -33.2918 5.22276
0 0 911 21.5813 5.77693 -16.2477 -0.57412 -35.2135 7.17251
0 0 912 16.2353 15.8927 -15.4431 2.17871 -22.089 5.89517
0 0 913 30.4022 2.87928 -11.2759 -1.07364 0 0
0 0 914 29.2611 5.2128 -24.2039 -2.20703 -38.9229 4.94655
0 0 915 19.2029 -0.158711 -19.0388 -5.22882 -45.2388 6.3906
0 0 916 24.2509 0.830123 -12.9819 0.427845 0 0
0 0 917 28.8681 6.17597 -22.0344 0.14415 -37.1712 5.37424
0 0 918 30.5712 2.55962 -26.1091 2.20186 -42.2004 4.64446
0 0 919 32.0811 1.92859 -17.1293 -0.505717 -41.7881 7.07168
0 0 920 27.2653 -1.61609 -25.9187 6.60255 -46.7839 4.68797
0 0 921 20.5247 4.40154 -23.0378 -4.86202 -39.5918 5.21465
0 0 922 34.9775 1.252 -26.0193 -3.10521 -43.6226 4.67244
0 0 923 23.3257 -0.615981 -16.1898 -7.21064 -46.0895 7.51154
0 0 924 43.8824 3.07182 -23.2787 0.151713 -41.2414 5.19499
0 0 925 49.1568 -5.88038 -26.851 -4.6161 -51.1764 4.45647
0 0 926 49.4442 -6.15875 -26.7128 1.21593 -51.4915 4.47154
0 0 927 54.689 2.03949 -27.3496 -5.06159 -42.8676 4.4401
0 0 928 47.006 -2.65423 -30.2358 -1.00673 -47.5084 4.01325
0 0 929 50.9326 -4.56569 -22.9997 -5.27033 -50.6139 5.21805
0 0 930 57.8519 -6.87329 -28.4148 -0.116476 -51.7991 4.19601
0 0 931 67.6191 -4.97313 -35.4118 -1.56021 -48.9971 3.4123
0 0 932 63.2327 -1.81792 -28.8036 -1.18463 -46.8057 4.2183
0 0 933 71.0971 -0.852993 -28.7013 2.44266 -45.8512 4.23795
0 0 934 61.5039 5.4101 -21.627 1.12966 -37.9777 5.50531
0 0 935 66.2361 -5.81141 -13.3049 -2.47805 0 0
0 0 936 78.4166 -0.941624 3.543 -11.0219 0 0
0 0 937 90.1938 -2.44682 -2.16262 -0.646417 0 0
0 0 938 77.3462 3.06409 -2.74255 -11.3587 0 0
0 0 939 88.919 -2.42854 5.11694 8.26589 0 0
0 0 940 91.688 1.47459 9.57382 -1.98309 0 0
0 0 941 88.7356 0.568726 12.4636 -0.138323 0 0
0 0 942 99.7206 -0.475304 14.9934 2.85804 0 0
0 0 943 95.868 6.14036 16.1471 -1.86991 34.5897 7.17411
0 0 944 100.927 12.8895 28.5682 0.649166 32.8579 3.9785
0 0 945 118.056 4.49127 30.3683 0.26131 40.7937 3.97603
0 0 946 113.987 7.74594 37.2189 3.1137 39.1218 3.22019
0 0 947 119.256 10.3849 48.6176 0.369124 38.9713 2.46324
0 0 948 112.258 11.8503 33.5192 -1.28918 35.2648 3.47836
0 0 949 128.732 14.6818 38.2839 -2.20176 34.5091 3.02341
0 0 950 122.74 5.17397 41.9693 3.86838 41.486 2.88369
0 0 951 113.325 14.4481 39.2436 1.51837 34.8941 2.96065
0 0 952 118.146 3.18279 39.8979 9.66706 42.7195 3.04279
0 0 953 110.189 4.28497 42.3747 -1.98209 42.1129 2.86106
0 0 954 112.66 6.62685 33.3542 2.60388 39.3814 3.59808
0 0 955 104.663 3.70559 31.118 5.75304 41.6045 3.89066
0 0 956 98.6952 4.96465 26.3238 -1.22616 39.6598 4.56517
0 0 957 98.563 8.7755 20.2761 -1.21385 33.2985 5.6347
0 0 958 101.244 1.85175 14.3762 -8.08866 0 0
0 0 959 92.2722 -4.46721 11.2613 -3.31541 0 0
0 0 960 90.0281 -1.92011 6.72828 1.20132 0 0
0 0 961 75.103 -1.75624 3.79602 3.14657 0 0
0 0 962 82.3635 -6.36814 4.32012 3.00591 0 0
0 0 963 72.8037 -6.09654 6.44152 -10.7729 0 0
0 0 964 66.9893 0.0808754 6.59908 8.5734 0 0
0 0 965 66.3579 5.49865 3.82112 -0.152212 0 0
0 0 966 67.4536 -3.55304 4.71627 -5.76125 0 0
0 0 967 62.4594 -2.90235 -2.61673 -11.1425 0 0
0 0 968 63.9867 -3.52948 -9.13519 -4.73247 0 0
0 0 969 60.5164 -3.17619 -7.01158 -6.39406 0 0
0 0 970 56.647 -6.79129 -2.40243 -4.44317 0 0
0 0 971 57.775 -4.57017 -6.30353 -1.2325 0 0
0 0 972 49.8127 -2.54659 1.36416 5.22196 0 0
0 0 973 50.9302 -1.0111 -0.615142 -2.90601 0 0
0 0 974 50.3984 -3.9025 -15.0251 -0.386979 -52.2799 7.9111
0 0 975 45.4321 -2.22352 -7.19971 -7.30095 0 0
0 0 976 53.5736 -2.61393 -7.18256 -3.17026 0 0
0 0 977 47.4709 1.67318 -4.27926 -0.12562 0 0
0 0 978 45.5539 -13.6919 -12.9324 -0.210558 -68.3171 6.94893
0 0 979 51.2575 -5.83113 -10.9566 -3.3161 0 0
0 0 980 49.9951 -0.624882 -14.1645 -2.85669 0 0
0 0 981 45.377 0.884895 -11.9478 2.11962 0 0
0 0 982 42.2173 -0.690975 -3.74327 0.458874 0 0
0 0 983 42.2263 -6.07166 -2.73943 -4.50438 0 0
0 0 984 34.8831 -6.41151 -4.48406 -5.41023 0 0
0 0 985 35.044 -4.57189 -3.47285 -5.82179 0 0
0 0 986 42.9639 -6.58316 -7.87073 -1.95895 0 0
0 0 987 34.3783 -10.8287 -9.39245 -9.05248 0 0
0 0 988 40.921 -2.65422 -1.47453 -2.31989 0 0
0 0 989 30.502 0.404208 -1.41111 -2.68195 0 0
0 0 990 35.6905 -3.36255 -5.24449 -8.11105 0 0
0 0 991 33.2608 -0.773071 -12.6884 -1.30086 0 0
0 0 992 32.443 -4.26377 -2.45491 -3.36129 0 0
0 0 993 26.6703 -9.83575 -2.66988 -15.2384 0 0
0 0 994 27.4697 -8.16652 -12.5685 -0.870819 0 0
0 0 995 26.5537 -7.02066 -0.523037 -2.04211 0 0
0 0 996 33.89 -11.3512 -2.42845 -2.23881 0 0
0 0 997 16.1695 -11.9377 -9.6698 -6.91122 -70.4959 8.60099
0 0 998 17.6672 -11.9145 -8.07891 -7.77706 0 0
0 0 999 24.0432 -4.44687 -1.49744 -6.57671 0 0
0 0 1000 18.8578 -6.31766 2.91466 -0.0637405 0 0
0 0 1001 16.0453 -6.67242 0.159271 -7.15937 0 0
0 0 1002 14.1936 -4.4339 -0.545697 -1.96089 0 0
0 0 1003 22.2124 -13.1982 1.91797 -1.38765 0 0
0 0 1004 10.3964 -4.45865 4.71068 3.25422 0 0
0 0 1005 13.8711 -4.13048 0.722088 -5.27735 0 0
0 0 1006 18.4256 -1.45269 -1.41189 -7.45328 0 0
0 0 1007 11.7214 -4.58101 9.77754 -0.873332 0 0
0 0 1008 17.1207 -8.19616 -7.32737 -3.95674 0 0
0 0 1009 18.0874 -4.60132 -2.89524 -5.89001 0 0
0 0 1010 19.6533 -14.1749 0.527804 2.80866 0 0
0 0 1011 9.69293 -13.3566 -0.300555 -1.73938 0 0
0 0 1012 15.0348 -8.74837 -0.358884 -8.15574 0 0
0 0 1013 14.7077 4.37626 -3.3674 0.830201 0 0
0 0 1014 12.9826 -7.39242 -8.30329 -5.08423 0 0
0 0 1015 12.2586 -6.59895 -3.35275 -6.71015 0 0
0 0 1016 14.0258 -6.08543 -5.46215 4.68703 0 0
0 0 1017 8.82181 7.30984 -0.477336 -2.38783 0 0
0 0 1018 6.48643 -4.45369 -8.84487 2.31107 0 0
0 0 1019 7.22111 1.64517 -5.20527 -1.72651 0 0
0 0 1020 -3.05353 -8.34904 -0.699831 -3.38029 0 0
0 0 1021 1.26543 -6.32467 -4.88214 -0.306819 0 0
0 0 1022 7.16944 -6.56581 -3.2523 -2.8482 0 0
0 0 1023 6.42917 -0.455366 1.0211 -5.04168 0 0
