# File: uwl_230703_121155_Combined.rf.sbB2.RMC_aux Src: J1713+0747 Nsub: 1 Nch: 1 Npol: 4 Nbin: 1024 RMS: 4.23545
0 0 0 24.9152 -4.53303 -11.2917 -0.10342 0 0
0 0 1 20.6631 -2.01424 -5.29301 -3.6597 0 0
0 0 2 17.5566 -4.72257 -3.65426 -5.3061 0 0
0 0 3 15.3489 -1.79985 -9.76572 -6.80522 0 0
0 0 4 16.1568 -7.20907 2.12503 4.60683 0 0
0 0 5 25.0585 -4.34291 4.88135 -0.647205 0 0
0 0 6 19.1075 -1.24073 1.24327 1.04158 0 0
0 0 7 11.0086 -10.1145 -0.4378 -7.97416 0 0
0 0 8 19.7787 -4.60506 -1.13278 -5.04283 0 0
0 0 9 9.40043 1.27816 -3.52223 2.9225 0 0
0 0 10 17.9412 -6.08864 -4.72488 -5.71977 0 0
0 0 11 11.0035 -0.656413 3.43762 -3.5569 0 0
0 0 12 21.4693 -3.51284 -3.33295 -2.5234 0 0
0 0 13 16.7774 -9.32409 -4.29086 4.36253 0 0
0 0 14 18.7228 -5.17326 -10.6207 -6.17687 0 0
0 0 15 11.2594 -0.689894 -2.54554 -5.67372 0 0
0 0 16 9.12712 -0.0496788 -2.82072 3.2209 0 0
0 0 17 12.1846 -5.15443 -1.90871 3.16605 0 0
0 0 18 15.1177 -7.51562 -2.90383 -1.91973 0 0
0 0 19 16.942 -2.36824 -6.34652 1.27469 0 0
0 0 20 11.8439 -4.56338 1.78899 -0.170917 0 0
0 0 21 1.78398 -1.00677 -7.02127 1.71306 0 0
0 0 22 8.76955 5.8941 -1.08451 -1.73419 0 0
0 0 23 15.9997 -6.00644 -2.7471 -7.79899 0 0
0 0 24 15.3802 -2.69219 -3.58158 -3.63791 0 0
0 0 25 9.05067 -7.55862 1.34263 -5.7345 0 0
0 0 26 16.0118 2.9287 2.95888 -8.68475 0 0
0 0 27 4.94845 -2.84066 -0.109499 -4.78551 0 0
0 0 28 0.77912 -4.06261 -2.41611 4.0016 0 0
0 0 29 2.40548 -4.96263 9.93105 -8.21824 0 0
0 0 30 4.53002 1.60531 -4.63411 7.57426 0 0
0 0 31 13.0398 -0.514969 -2.26415 -1.02103 0 0
0 0 32 12.3766 5.68202 6.11162 5.76271 0 0
0 0 33 9.67452 -2.99613 1.35573 -0.161562 0 0
0 0 34 7.89956 4.25196 1.6207 -6.79127 0 0
0 0 35 10.0339 2.17465 -0.571232 -1.21546 0 0
0 0 36 2.75164 -0.190695 -0.724709 3.44275 0 0
0 0 37 3.44199 -0.126882 -1.29436 1.42662 0 0
0 0 38 3.37752 2.78402 0.116661 -0.915984 0 0
0 0 39 7.19438 -3.82518 4.25507 -2.00809 0 0
0 0 40 3.41382 2.24091 5.75324 -0.744932 0 0
0 0 41 10.8668 -8.28081 5.14544 4.39539 0 0
0 0 42 10.1262 1.72182 -1.25142 0.541022 0 0
0 0 43 14.466 2.89527 13.9843 4.05557 39.1514 8.42973
0 0 44 10.9588 -3.22716 3.20777 -0.559916 0 0
0 0 45 6.90599 -3.03816 10.2595 -5.66483 0 0
0 0 46 10.7323 -0.483774 12.9693 4.19615 0 0
0 0 47 5.93943 -11.814 10.9813 -3.20433 68.5461 7.33682
0 0 48 14.4014 -5.35498 6.54392 3.44608 0 0
0 0 49 2.73433 -4.89944 8.81703 -3.46183 0 0
0 0 50 11.9339 -2.24476 8.91193 6.0683 0 0
0 0 51 10.8257 -3.11038 2.86819 -5.55389 0 0
0 0 52 13.7152 2.51017 13.9164 0.806008 39.8876 8.51586
0 0 53 12.6121 1.77457 5.54781 -0.867612 0 0
0 0 54 9.51121 -2.63131 3.83364 -0.954684 0 0
0 0 55 8.93569 -0.855114 10.9835 -1.63586 0 0
0 0 56 -0.92646 -6.34082 9.55526 -4.65032 0 0
0 0 57 9.46692 -5.74811 10.4361 2.43882 0 0
0 0 58 10.4902 -2.94099 5.76766 -8.52067 0 0
0 0 59 9.67195 -3.94482 10.866 -3.1225 0 0
0 0 60 10.0012 2.09858 5.51483 -2.15647 0 0
0 0 61 13.775 0.667613 6.45637 7.87518 0 0
0 0 62 4.91189 -5.7563 9.89203 -2.27792 0 0
0 0 63 11.3082 -4.82961 3.72417 -4.45911 0 0
0 0 64 8.54482 -2.40425 8.9611 -6.58294 0 0
0 0 65 8.27425 -2.12745 5.52837 2.76974 0 0
0 0 66 7.69342 -12.1569 1.40693 -0.14317 0 0
0 0 67 3.14147 -1.32492 4.61303 1.38289 0 0
0 0 68 5.79879 -5.21513 0.343261 -9.34197 0 0
0 0 69 2.47378 -1.57023 9.04228 12.7428 0 0
0 0 70 6.46615 -6.70672 -4.26195 0.0569459 0 0
0 0 71 8.06613 -9.30485 2.60038 0.338879 0 0
0 0 72 5.01753 -3.18234 4.12696 -0.464828 0 0
0 0 73 8.54343 -11.0818 7.94995 0.0444449 0 0
0 0 74 13.6102 -12.5765 7.19831 0.00912177 75.1074 8.10395
0 0 75 9.65447 -6.73974 7.15678 -6.4112 0 0
0 0 76 3.11918 -5.32244 3.81394 -2.37891 0 0
0 0 77 3.44498 -6.82575 0.819764 3.38382 0 0
0 0 78 6.81768 6.68409 7.36562 -0.399938 0 0
0 0 79 7.1764 -2.66647 3.08017 5.08881 0 0
0 0 80 2.35587 -1.72657 10.711 6.31437 0 0
0 0 81 4.4039 -2.17154 3.65341 -5.50304 0 0
0 0 82 -1.79684 -4.2149 -4.30625 -0.193984 0 0
0 0 83 2.51367 1.28251 5.20409 1.48954 0 0
0 0 84 3.30167 2.18472 -6.22719 1.33294 0 0
0 0 85 8.62833 -6.37273 5.14909 -3.41546 0 0
0 0 86 0.961001 -6.13764 6.9601 5.87432 0 0
0 0 87 9.53516 5.54699 -1.80954 5.37407 0 0
0 0 88 4.01529 -2.05367 3.67 -2.28122 0 0
0 0 89 -0.226348 2.16137 0.819676 -0.966621 0 0
0 0 90 6.92786 5.76415 6.16719 2.45639 0 0
0 0 91 -3.1662 0.586443 -4.89128 4.61601 0 0
0 0 92 0.507993 -5.30172 -3.09501 -2.43169 0 0
0 0 93 -2.71173 -0.281979 5.4433 0.226644 0 0
0 0 94 4.64408 -2.14761 12.4041 -2.08121 0 0
0 0 95 -2.0616 1.18445 7.03688 -1.43533 0 0
0 0 96 -1.02539 -5.7175 9.63244 2.34742 0 0
0 0 97 5.04035 -3.86599 -2.78324 5.83675 0 0
0 0 98 1.76341 -2.54705 10.3777 -6.09909 0 0
0 0 99 4.89848 -7.46099 -1.87164 -3.66584 0 0
0 0 100 3.01871 1.28654 1.1245 -3.43533 0 0
0 0 101 -4.26802 -8.2112 7.96447 -5.13025 0 0
0 0 102 9.71221 2.18268 6.58404 4.50036 0 0
0 0 103 1.18405 4.4913 4.40028 3.33474 0 0
0 0 104 6.43924 -12.9192 -0.609186 -5.70309 0 0
0 0 105 3.80326 -5.64002 2.29189 -2.23513 0 0
0 0 106 4.75169 -1.96837 -3.92892 -0.172248 0 0
0 0 107 2.37506 5.68935 -1.73778 -2.44485 0 0
0 0 108 10.3794 1.55972 3.08573 2.55413 0 0
0 0 109 1.82494 -4.27372 7.36968 1.0742 0 0
0 0 110 8.76562 -0.786178 -3.42787 -1.10252 0 0
0 0 111 -1.39658 3.40897 -1.71735 2.32276 0 0
0 0 112 9.52093 5.68396 2.80677 4.52759 0 0
0 0 113 3.45513 0.743804 0.268653 -0.509386 0 0
0 0 114 4.45801 -3.24647 8.72236 3.36922 0 0
0 0 115 -5.76767 -0.0328755 6.49387 13.9088 0 0
0 0 116 -3.44295 5.46116 -2.5562 -0.739388 0 0
0 0 117 4.30035 -2.17247 -0.909754 2.09964 0 0
0 0 118 -2.98457 -2.85935 3.70389 7.14031 0 0
0 0 119 -0.408147 2.57478 4.53058 3.29139 0 0
0 0 120 4.84012 -0.18961 3.32948 3.72344 0 0
0 0 121 3.99519 4.27874 -2.48623 4.24946 0 0
0 0 122 -1.91452 4.30059 5.54616 -6.48122 0 0
0 0 123 3.27261 1.96089 3.8826 1.38099 0 0
0 0 124 2.91166 -1.29277 5.7461 -1.09596 0 0
0 0 125 -3.7132 -2.12433 -1.09074 1.42988 0 0
0 0 126 2.35765 -2.23053 5.32284 -1.97559 0 0
0 0 127 2.39034 -2.55787 -3.2883 -2.67828 0 0
0 0 128 11.2307 -0.729252 11.6352 -1.15001 0 0
0 0 129 -1.10241 5.2272 10.2635 2.11673 0 0
0 0 130 -2.64534 -5.8349 -9.18369 3.93429 0 0
0 0 131 0.138527 3.61283 -5.32878 0.635906 0 0
0 0 132 -1.18237 5.3304 5.96083 -0.473614 0 0
0 0 133 -0.416645 6.59711 -5.5186 -0.647736 0 0
0 0 134 -0.297621 -2.15024 -10.3486 -7.86396 0 0
0 0 135 4.60586 -4.24456 3.05347 -2.08197 0 0
0 0 136 5.57753 -0.377541 0.228571 1.93998 0 0
0 0 137 5.30687 -1.82554 2.73198 5.03098 0 0
0 0 138 3.66158 -1.55627 5.07413 -3.77008 0 0
0 0 139 1.87848 -4.11402 -5.64384 4.15382 0 0
0 0 140 0.6465 -6.28015 2.72447 1.00836 0 0
0 0 141 2.53809 2.20703 7.34692 8.63857 0 0
0 0 142 -5.89981 3.11689 4.09554 -2.11614 0 0
0 0 143 -5.78856 -0.515934 7.28429 6.40335 0 0
0 0 144 6.0645 -1.343 3.50588 0.657682 0 0
0 0 145 5.51275 -2.34629 3.36318 -5.73956 0 0
0 0 146 -1.23167 -1.90361 -2.53889 0.128941 0 0
0 0 147 7.53396 -4.83021 -8.092 -5.28342 0 0
0 0 148 4.33034 6.61378 -3.95685 6.80281 0 0
0 0 149 -6.30036 -1.5832 -0.80454 -2.02966 0 0
0 0 150 -5.15639 -1.57863 -2.91718 -0.514442 0 0
0 0 151 -8.03538 -1.57899 -2.97027 -2.48711 0 0
0 0 152 1.06139 3.93996 0.160692 4.52604 0 0
0 0 153 -4.8869 1.88391 -1.43004 0.283311 0 0
0 0 154 2.24851 0.772717 7.48874 -6.25086 0 0
0 0 155 1.63533 -5.77762 -3.12401 0.0695505 0 0
0 0 156 3.66648 2.89144 7.84328 -2.69015 0 0
0 0 157 3.74281 -3.69154 -3.67448 -2.16078 0 0
0 0 158 -1.81862 -5.86078 0.142486 7.91387 0 0
0 0 159 -0.32243 -3.22571 -5.46638 2.70604 0 0
0 0 160 4.73318 -3.43641 -8.44875 0.879738 0 0
0 0 161 1.54558 -0.530042 0.481523 2.02997 0 0
0 0 162 2.86959 1.36289 1.00913 1.33914 0 0
0 0 163 -0.435473 9.09468 -4.86533 -4.6675 0 0
0 0 164 -2.10861 5.84399 2.86151 0.360619 0 0
0 0 165 11.3159 -0.567291 -0.623829 1.81636 0 0
0 0 166 -5.60271 -0.176765 5.44319 0.0677719 0 0
0 0 167 5.53279 0.540318 -3.54288 5.2396 0 0
0 0 168 -4.96631 1.11713 4.18245 0.929434 0 0
0 0 169 5.68539 5.91863 -2.31424 -3.71139 0 0
0 0 170 -2.8657 -2.12195 3.78506 2.31059 0 0
0 0 171 -2.52775 -3.77895 -0.328716 -0.899336 0 0
0 0 172 2.75139 -5.29684 -3.94662 -9.27261 0 0
0 0 173 -0.677263 -0.147439 -5.92928 -1.30912 0 0
0 0 174 1.37294 -7.86658 -5.40456 0.567499 0 0
0 0 175 -0.914468 7.6429 3.4961 -2.27788 0 0
0 0 176 -8.40496 -3.74651 -1.39128 3.69712 0 0
0 0 177 -8.19243 -1.54449 0.0804023 -1.67338 0 0
0 0 178 -3.20425 10.2834 4.4701 -5.19723 0 0
0 0 179 -4.04974 3.19344 2.20325 -6.01705 0 0
0 0 180 -2.5902 -1.57045 -6.54822 8.22832 0 0
0 0 181 0.405556 -2.0343 -1.63108 -5.3395 0 0
0 0 182 -0.564337 -1.28822 -2.35421 -3.45197 0 0
0 0 183 -8.38519 3.91545 3.95753 -2.13851 0 0
0 0 184 -2.03612 0.558621 -4.44778 -6.0495 0 0
0 0 185 -1.04876 -4.24467 -6.65438 -1.68516 0 0
0 0 186 3.44882 -5.42697 8.86987 9.47697 0 0
0 0 187 -1.85798 -5.01611 -1.17849 -2.8049 0 0
0 0 188 -2.98978 -1.92154 -2.89287 -3.98821 0 0
0 0 189 -1.25129 -5.83029 -2.55402 1.74956 0 0
0 0 190 0.814923 2.75536 -2.4813 0.21943 0 0
0 0 191 -4.03231 0.304974 -5.512 -0.64388 0 0
0 0 192 -1.38093 5.63245 9.30096 3.90822 0 0
0 0 193 -4.67086 -4.45446 1.94267 1.3705 0 0
0 0 194 -1.61329 -3.64511 -2.19685 -1.60767 0 0
0 0 195 -2.87408 3.75888 2.25219 3.45801 0 0
0 0 196 1.07545 -4.67638 2.1099 -1.85162 0 0
0 0 197 2.14866 5.91088 3.17138 1.26931 0 0
0 0 198 -1.70868 0.74107 -4.50396 -5.20019 0 0
0 0 199 -5.33918 5.18199 -1.10967 -6.2199 0 0
0 0 200 4.15301 3.47655 0.216763 1.19587 0 0
0 0 201 -1.83299 0.609703 -6.08006 -2.76921 0 0
0 0 202 -7.36234 0.184132 1.01816 -1.53186 0 0
0 0 203 -0.716448 -1.50053 2.98139 2.43406 0 0
0 0 204 -0.417189 1.75814 -3.50176 2.16566 0 0
0 0 205 -3.58489 0.0709985 -7.83679 1.07762 0 0
0 0 206 3.58344 -2.65629 -0.055552 -3.49512 0 0
0 0 207 4.03623 3.94879 1.3454 5.24738 0 0
0 0 208 -1.25328 -1.04619 1.02253 -2.33342 0 0
0 0 209 6.28301 4.93773 2.18058 1.93042 0 0
0 0 210 -3.72712 1.19391 3.54801 0.633832 0 0
0 0 211 -0.0940098 -2.86854 -4.97368 -2.99649 0 0
0 0 212 2.80184 -7.8359 3.69467 2.23699 0 0
0 0 213 -1.33702 -0.508267 -1.49643 -0.472503 0 0
0 0 214 2.48193 1.52555 -1.47713 0.61796 0 0
0 0 215 7.22666 4.4382 -0.961519 1.32329 0 0
0 0 216 1.01183 4.62072 2.58267 -4.80018 0 0
0 0 217 -1.93255 0.464293 3.47814 -0.183068 0 0
0 0 218 -7.48749 4.01972 4.66803 3.02476 0 0
0 0 219 -4.80923 -1.53531 -8.25173 -4.95925 0 0
0 0 220 -5.24853 2.66965 -1.43121 -0.243966 0 0
0 0 221 2.64231 4.35861 1.79291 -1.38993 0 0
0 0 222 -4.60949 1.93429 -2.59595 6.57262 0 0
0 0 223 -0.596773 7.50244 -1.41666 5.03258 0 0
0 0 224 -0.072634 -0.736596 5.78133 -3.09579 0 0
0 0 225 7.9758 1.59371 -0.81173 4.99395 0 0
0 0 226 1.27691 -9.83356 -7.69915 2.68926 0 0
0 0 227 7.53324 -4.95369 4.91389 6.5187 0 0
0 0 228 1.70899 1.14768 0.146615 -2.08348 0 0
0 0 229 3.40762 -2.84895 6.73674 1.48354 0 0
0 0 230 2.30309 -1.00884 -1.25812 2.21082 0 0
0 0 231 3.95043 -4.22355 6.73509 5.44568 0 0
0 0 232 -3.28178 -2.45134 -2.7849 -0.341185 0 0
0 0 233 -0.296031 -5.58606 0.56359 8.85897 0 0
0 0 234 -0.21367 -2.18435 1.53189 0.58485 0 0
0 0 235 -4.33286 1.88248 -4.072 -4.4461 0 0
0 0 236 -0.333789 8.23827 6.44268 5.5764 0 0
0 0 237 3.77037 2.03164 0.177223 -4.26992 0 0
0 0 238 5.59007 -8.15076 3.98198 -0.991492 0 0
0 0 239 4.24399 -1.56701 1.96384 2.40392 0 0
0 0 240 -2.53875 0.426096 0.520503 4.4157 0 0
0 0 241 -5.72981 3.25985 5.15444 5.74875 0 0
0 0 242 6.61845 -1.0695 9.41354 3.9702 0 0
0 0 243 1.94553 0.899127 -2.41391 -12.6111 0 0
0 0 244 4.13468 -0.191306 3.53639 -5.69311 0 0
0 0 245 -2.95437 -2.637 -3.93159 -2.73986 0 0
0 0 246 -0.721655 1.8682 0.0958314 6.58352 0 0
0 0 247 4.26122 -3.53562 0.833204 -2.94102 0 0
0 0 248 3.88948 3.81756 1.06212 4.33722 0 0
0 0 249 0.331893 -3.87622 4.61503 1.35132 0 0
0 0 250 8.19648 7.02642 7.49583 2.825 0 0
0 0 251 6.41238 7.21357 1.68636 -12.5703 0 0
0 0 252 -0.821353 -8.69561 -1.4149 6.35058 0 0
0 0 253 2.89018 4.071 -1.02443 5.87666 0 0
0 0 254 -1.93906 -6.23916 -3.62157 -0.516965 0 0
0 0 255 2.90197 -5.05849 -1.13493 -7.16799 0 0
0 0 256 -12.1035 -1.32316 -4.33143 -1.99412 0 0
0 0 257 3.44862 -3.70606 -3.91342 -3.70391 0 0
0 0 258 -4.17726 -3.60467 -1.42609 7.22502 0 0
0 0 259 -2.74763 1.37486 0.860988 3.1468 0 0
0 0 260 1.31868 -0.186783 -1.13331 3.80676 0 0
0 0 261 0.46422 -7.24859 -2.31516 -2.42661 0 0
0 0 262 -3.06405 -3.34695 -0.545997 -2.91089 0 0
0 0 263 -7.24195 -10.2736 -1.24085 1.10075 0 0
0 0 264 -2.96711 -2.08707 -2.73849 -1.10445 0 0
0 0 265 -1.49445 3.77761 8.23776 -5.86987 0 0
0 0 266 3.19048 0.744032 3.94005 -1.31791 0 0
0 0 267 -2.4587 -2.74619 -1.40852 3.50412 0 0
0 0 268 2.27788 2.65159 5.5923 8.3231 0 0
0 0 269 0.13257 2.02197 -2.82462 0.580736 0 0
0 0 270 10.8609 -5.35031 1.91666 2.43292 0 0
0 0 271 2.90014 -5.50039 -8.4023 6.41172 0 0
0 0 272 -0.441512 -0.0413713 -1.46111 -0.789756 0 0
0 0 273 -0.703586 2.25333 -2.37428 -0.513384 0 0
0 0 274 1.25962 5.5759 -0.495397 1.83661 0 0
0 0 275 -11.2971 1.78713 1.49735 3.58895 0 0
0 0 276 4.92419 2.44537 -6.5614 -2.20447 0 0
0 0 277 0.635924 1.20848 5.76986 1.61357 0 0
0 0 278 1.46364 -1.31586 -0.429079 1.89133 0 0
0 0 279 3.30077 3.52977 -6.13772 -3.40072 0 0
0 0 280 -0.094117 3.40043 -2.57518 2.10271 0 0
0 0 281 -0.725758 -5.79072 0.933174 -3.3154 0 0
0 0 282 0.591007 4.13781 3.09882 2.47151 0 0
0 0 283 10.5873 9.72548 -1.81948 -0.982657 0 0
0 0 284 8.75257 2.07548 7.33321 -6.87225 0 0
0 0 285 -3.00524 3.93836 2.57648 -5.02432 0 0
0 0 286 4.57478 -0.0588496 1.61877 -6.13562 0 0
0 0 287 2.25975 -3.88054 0.452554 1.74591 0 0
0 0 288 0.702982 -1.62913 -1.44683 0.115597 0 0
0 0 289 -0.199722 -3.01101 6.9033 1.3837 0 0
0 0 290 -0.504192 2.64831 3.01904 1.31008 0 0
0 0 291 3.0723 0.895391 1.194 2.14619 0 0
0 0 292 -8.54353 -0.399626 -11.7496 -6.78486 0 0
0 0 293 -4.23387 2.45525 -0.234878 -4.56753 0 0
0 0 294 0.234266 1.85512 -2.50157 2.95212 0 0
0 0 295 2.18422 -4.76779 4.59445 2.76161 0 0
0 0 296 6.09265 6.31608 1.40012 5.88866 0 0
0 0 297 -0.364459 -1.61265 4.35839 -0.302149 0 0
0 0 298 -0.473726 1.4704 -4.04881 -1.26648 0 0
0 0 299 -1.24696 11.8563 -0.0701573 -6.00432 0 0
0 0 300 -2.70033 -0.274632 -1.07862 -7.01861 0 0
0 0 301 -1.33096 -5.61947 6.24693 -3.98528 0 0
0 0 302 1.96064 0.421615 0.56905 2.65647 0 0
0 0 303 0.186381 5.97158 2.78304 -0.550584 0 0
0 0 304 -5.37552 -3.71416 0.226924 3.00726 0 0
0 0 305 0.434695 -7.571 -2.30775 2.80916 0 0
0 0 306 -0.374661 3.57172 6.02969 4.90602 0 0
0 0 307 3.46991 -0.299516 8.03721 3.17641 0 0
0 0 308 4.71144 -4.23032 -1.31655 -3.65287 0 0
0 0 309 3.44314 5.32565 0.0458568 0.346279 0 0
0 0 310 0.370634 2.10448 9.6917 -6.21096 0 0
0 0 311 0.266484 4.66888 -1.65042 8.02774 0 0
0 0 312 0.8057 1.66242 4.27726 -1.14448 0 0
0 0 313 -1.16644 -0.0876692 4.86457 -1.36147 0 0
0 0 314 7.44708 2.73944 -0.787407 0.466795 0 0
0 0 315 -2.19227 1.36502 -8.14186 3.90564 0 0
0 0 316 4.95609 4.84022 -2.81238 -8.22568 0 0
0 0 317 -1.00707 -5.63956 -1.00254 0.904938 0 0
0 0 318 -3.01798 3.29819 5.02312 -2.17622 0 0
0 0 319 3.73413 4.93451 -4.3041 -3.7705 0 0
0 0 320 -1.19195 0.399465 0.229231 -7.11884 0 0
0 0 321 -7.96833 -1.12906 -1.78754 7.46287 0 0
0 0 322 8.62977 6.17441 0.750164 -2.87101 0 0
0 0 323 -1.80491 -2.79051 2.65891 -3.46525 0 0
0 0 324 -3.53805 -3.57477 0.0909354 -4.54756 0 0
0 0 325 -4.37007 2.32385 -3.88404 -1.27601 0 0
0 0 326 0.0981335 0.222422 5.30782 -0.415352 0 0
0 0 327 -4.35508 1.48461 -7.06238 4.6118 0 0
0 0 328 8.91044 -1.84535 -4.47132 3.71717 0 0
0 0 329 0.822062 -6.44431 6.04341 -4.54008 0 0
0 0 330 1.05695 2.19274 -1.86892 1.93638 0 0
0 0 331 0.70372 2.65589 -5.19152 -1.96158 0 0
0 0 332 -4.82482 1.42744 6.36018 -0.0609615 0 0
0 0 333 5.39865 -4.43791 4.72394 4.08421 0 0
0 0 334 -6.12283 -4.4914 -1.39299 7.92355 0 0
0 0 335 -4.92371 -0.786102 -4.16256 3.61161 0 0
0 0 336 -3.53892 1.75576 4.93305 -4.48089 0 0
0 0 337 -1.42673 1.31996 0.399997 -6.81598 0 0
0 0 338 -4.91072 1.30053 -1.0055 -2.36007 0 0
0 0 339 -6.75845 -6.89617 -6.65017 2.24524 0 0
0 0 340 8.83969 -3.7986 -3.38926 0.219874 0 0
0 0 341 -0.0564091 -0.19958 -10.3574 -7.76264 0 0
0 0 342 -1.7647 -4.2116 3.02924 5.08577 0 0
0 0 343 1.51015 8.81739 1.07015 2.3257 0 0
0 0 344 3.51868 -1.29567 0.309038 1.11553 0 0
0 0 345 -6.80395 -1.58407 1.83067 -7.55213 0 0
0 0 346 3.71981 -2.12524 -7.87973 3.96939 0 0
0 0 347 -2.62737 -3.25254 -0.577011 -7.57271 0 0
0 0 348 1.38608 -8.07867 1.93542 -4.49803 0 0
0 0 349 1.93142 8.45283 1.31645 1.79283 0 0
0 0 350 -1.76911 -2.73234 6.49553 1.47339 0 0
0 0 351 -4.25656 -2.16334 -2.40895 3.12865 0 0
0 0 352 2.14342 -10.331 -4.41282 -3.26745 0 0
0 0 353 -7.3436 -2.02315 -1.11979 -0.226089 0 0
0 0 354 3.64171 3.40203 5.95836 -0.0116585 0 0
0 0 355 -4.79179 0.789339 5.56422 2.97107 0 0
0 0 356 3.10472 0.930792 2.99295 -7.49792 0 0
0 0 357 4.10261 5.99893 -3.79197 -2.35248 0 0
0 0 358 -5.88398 -2.21073 10.6509 1.35965 0 0
0 0 359 3.27744 3.72188 5.75602 -2.06609 0 0
0 0 360 1.26641 5.36807 0.840048 1.45594 0 0
0 0 361 -4.02764 -1.75781 3.31694 -1.72769 0 0
0 0 362 1.7049 -0.441554 3.79766 -6.63202 0 0
0 0 363 6.36415 1.92232 2.12033 0.359268 0 0
0 0 364 -8.38982 -0.550139 -6.07175 -10.1171 0 0
0 0 365 -6.46489 6.74135 -7.86473 4.03637 0 0
0 0 366 2.83799 -0.899663 -7.62432 1.9964 0 0
0 0 367 8.99044 -10.4316 4.40993 0.137673 0 0
0 0 368 -0.21387 -1.59895 3.03186 3.19015 0 0
0 0 369 3.8698 0.299057 0.227357 -5.22044 0 0
0 0 370 0.653731 2.75334 -1.96644 2.41244 0 0
0 0 371 1.91373 4.83236 6.33514 -0.893317 0 0
0 0 372 -4.91314 -2.99894 3.4347 1.19793 0 0
0 0 373 4.22364 -3.09676 5.8446 5.32805 0 0
0 0 374 -0.0842246 2.66515 -0.740726 -0.0334275 0 0
0 0 375 -2.57998 -0.495858 -9.00789 -1.4681 0 0
0 0 376 4.42703 -2.86995 -11.5615 1.29179 0 0
0 0 377 6.91605 4.13919 -0.104557 -0.917554 0 0
0 0 378 -2.02399 0.01738 5.65918 2.58373 0 0
0 0 379 -3.9899 -6.57039 3.3991 -2.1567 0 0
0 0 380 -4.96834 -3.61183 4.44564 1.09547 0 0
0 0 381 -4.11823 0.718224 -2.93422 7.75546 0 0
0 0 382 0.151612 -4.67111 8.00528 1.88853 0 0
0 0 383 -4.41505 -4.08475 -3.11046 0.355133 0 0
0 0 384 -1.75772 -6.6784 2.45258 -5.55102 0 0
0 0 385 -2.58795 2.09507 3.20512 -1.45709 0 0
0 0 386 4.42879 -1.27323 -4.08101 2.89843 0 0
0 0 387 7.96932 0.224321 1.79292 -3.06018 0 0
0 0 388 -2.49595 -0.495171 3.15093 5.42977 0 0
0 0 389 3.92608 -2.74338 -8.47564 0.0927643 0 0
0 0 390 0.745469 0.564811 4.89458 3.45545 0 0
0 0 391 5.32174 2.21537 5.14834 3.87938 0 0
0 0 392 -0.0103583 1.44032 -3.6787 0.462339 0 0
0 0 393 3.30096 0.0362811 8.00087 -2.74382 0 0
0 0 394 0.237813 1.17425 -6.13944 1.33858 0 0
0 0 395 4.0149 0.627826 1.16009 7.78326 0 0
0 0 396 -5.64824 -2.67117 -1.002 -5.63487 0 0
0 0 397 4.10508 -2.25918 -2.99763 -11.7357 0 0
0 0 398 3.50737 -3.16476 -1.91191 9.63083 0 0
0 0 399 1.42257 0.733632 1.80422 -2.69401 0 0
0 0 400 0.0192535 -6.36122 -5.49113 1.52929 0 0
0 0 401 3.94411 2.12455 -1.08579 1.72937 0 0
0 0 402 -4.27386 -0.102877 -5.14137 3.7618 0 0
0 0 403 5.01021 -5.40712 4.09906 -4.81401 0 0
0 0 404 4.085 -0.6641 1.21156 -1.02928 0 0
0 0 405 1.43979 0.916155 4.03819 -9.43195 0 0
0 0 406 0.00170565 7.05879 -7.43144 0.593463 0 0
0 0 407 5.09923 -0.694284 2.12455 0.389363 0 0
0 0 408 -7.26153 2.76701 0.775996 -2.62531 0 0
0 0 409 2.32867 -3.04094 -3.95114 -4.39607 0 0
0 0 410 8.17681 -1.15819 2.77969 5.8552 0 0
0 0 411 -0.0229006 -2.01671 0.00482281 -4.84976 0 0
0 0 412 4.22797 1.88694 6.78917 -0.848596 0 0
0 0 413 0.507348 -2.79239 1.00889 -5.95855 0 0
0 0 414 5.0035 -6.66166 5.2321 -0.248906 0 0
0 0 415 6.24637 -2.9617 0.313422 1.71398 0 0
0 0 416 -0.773596 3.37409 -5.13139 7.44832 0 0
0 0 417 0.653784 -2.07981 0.589859 0.606358 0 0
0 0 418 -2.20612 -1.1839 -1.24846 1.19537 0 0
0 0 419 4.0473 -0.104624 2.9956 -2.39669 0 0
0 0 420 4.25946 4.94021 9.23034 -1.88889 0 0
0 0 421 7.16282 -0.650085 -4.1241 5.14343 0 0
0 0 422 -3.26334 -7.83197 -2.78003 0.434802 0 0
0 0 423 1.83641 0.0330383 3.04129 -5.20666 0 0
0 0 424 -4.3104 -9.31316 -6.25036 -2.0104 0 0
0 0 425 -1.48615 2.74844 3.55039 4.69738 0 0
0 0 426 6.00759 0.096642 -4.19322 -1.09138 0 0
0 0 427 2.24923 -3.40572 -6.00067 -2.1128 0 0
0 0 428 -1.62279 -0.635283 -0.0725454 -5.41748 0 0
0 0 429 -1.25237 3.51318 -2.95958 -1.78275 0 0
0 0 430 -1.94458 -4.4943 5.48063 -0.522666 0 0
0 0 431 3.50347 5.04396 -9.31988 -1.40254 0 0
0 0 432 -0.731646 -3.12987 2.77633 -7.05685 0 0
0 0 433 0.16012 -4.96213 10.4535 -4.47841 0 0
0 0 434 1.53948 -4.13688 3.43631 -2.57598 0 0
0 0 435 3.44935 5.67126 3.11788 7.75152 0 0
0 0 436 0.195563 -1.52169 7.58208 -2.02305 0 0
0 0 437 2.94399 -3.96492 -4.04114 2.66764 0 0
0 0 438 3.91755 -0.890014 -4.5898 1.09891 0 0
0 0 439 -3.46367 4.40013 1.32111 -6.11457 0 0
0 0 440 3.1782 2.24278 1.48806 -0.628262 0 0
0 0 441 -0.217336 -5.88182 -0.993694 -5.74142 0 0
0 0 442 -1.31771 -0.222532 3.92978 -0.526697 0 0
0 0 443 0.706444 -1.81328 2.48159 -4.68861 0 0
0 0 444 -3.59685 -2.1172 -6.44058 -5.91623 0 0
0 0 445 -8.33706 4.86279 -2.72359 -0.276832 0 0
0 0 446 3.83774 -5.74174 0.326694 7.66026 0 0
0 0 447 2.07843 3.93441 5.1771 -3.51712 0 0
0 0 448 2.16286 0.923712 5.90346 -0.718763 0 0
0 0 449 5.65489 2.92496 -7.42298 5.46926 0 0
0 0 450 3.36583 3.5593 -0.38703 -0.447859 0 0
0 0 451 1.07917 1.4992 -0.354333 -2.14133 0 0
0 0 452 -3.48565 1.88747 -2.3523 4.48209 0 0
0 0 453 0.555942 0.774087 -1.80277 1.20227 0 0
0 0 454 -1.82669 -1.72726 -1.58049 1.75973 0 0
0 0 455 0.453746 4.1337 -2.43183 -3.85921 0 0
0 0 456 1.51397 0.0612817 -5.54479 -2.57057 0 0
0 0 457 -1.63337 7.99102 3.59188 -1.39404 0 0
0 0 458 1.81946 -4.13398 -0.953649 2.54623 0 0
0 0 459 1.41467 0.517912 3.27043 4.80955 0 0
0 0 460 -0.906061 -7.11791 -2.91287 4.17194 0 0
0 0 461 0.313675 -4.31171 -4.45441 -5.86569 0 0
0 0 462 8.52232 2.87813 3.74182 3.92079 0 0
0 0 463 2.75208 -0.206322 -6.18378 1.11325 0 0
0 0 464 -4.37624 2.66609 4.89566 -1.30484 0 0
0 0 465 -3.62777 -1.92879 -5.63859 -0.361034 0 0
0 0 466 -0.0926871 5.31438 2.63394 0.350794 0 0
0 0 467 -8.36983 -0.422111 -4.25606 1.27747 0 0
0 0 468 -4.15076 1.08159 3.64052 -2.40098 0 0
0 0 469 0.10256 -6.07631 -2.56312 3.62774 0 0
0 0 470 1.64104 0.140006 11.9208 -2.81513 0 0
0 0 471 -1.56427 0.648204 -4.20275 4.02847 0 0
0 0 472 -9.14792 4.61647 2.21005 -2.84562 0 0
0 0 473 -3.50351 0.506622 -7.7216 1.70278 0 0
0 0 474 5.5618 -2.06681 -0.824014 -7.97431 0 0
0 0 475 5.85153 0.159893 3.00078 3.12518 0 0
0 0 476 9.17824 3.26195 -3.17404 3.21165 0 0
0 0 477 -3.38299 1.53356 -2.03821 -0.994719 0 0
0 0 478 -0.115073 0.460287 4.27227 -1.71907 0 0
0 0 479 -3.46345 -8.36442 -3.24102 -0.204301 0 0
0 0 480 5.02617 0.967152 -2.03438 0.817015 0 0
0 0 481 1.4248 -4.80782 9.15032 1.52558 0 0
0 0 482 -1.31795 -11.1944 1.43677 0.691211 0 0
0 0 483 1.63576 0.0966274 4.935 5.11687 0 0
0 0 484 0.705389 0.50331 -0.79464 7.49858 0 0
0 0 485 3.05956 -5.66331 -0.94085 -1.2879 0 0
0 0 486 -7.03686 -2.25748 2.16056 0.347703 0 0
0 0 487 -10.8486 6.2073 -2.12093 -5.58165 0 0
0 0 488 0.446107 1.59359 -4.407 2.30561 0 0
0 0 489 -0.675593 6.97059 -3.24406 4.58131 0 0
0 0 490 4.09964 -1.99395 8.41501 -0.690399 0 0
0 0 491 -2.44754 -3.96335 2.39046 2.57327 0 0
0 0 492 -3.01714 1.08753 -1.63099 -5.45073 0 0
0 0 493 -1.63148 1.37255 3.07244 -4.30498 0 0
0 0 494 -1.87977 -4.30967 -0.323484 -2.5316 0 0
0 0 495 5.10459 0.545551 2.75146 5.72309 0 0
0 0 496 3.08888 -1.93221 -6.48913 13.1538 0 0
0 0 497 1.25019 -3.05553 -1.47207 -2.87516 0 0
0 0 498 0.218105 0.732846 3.81405 -2.45677 0 0
0 0 499 -1.26636 -2.74681 5.44465 -1.30362 0 0
0 0 500 5.89038 1.02375 7.34668 1.29463 0 0
0 0 501 2.88825 0.936656 -2.40569 -9.35087 0 0
0 0 502 0.739142 2.34567 -0.558339 -5.43607 0 0
0 0 503 0.83451 6.42061 -0.672521 0.95269 0 0
0 0 504 8.62285 0.743685 4.73094 -4.73334 0 0
0 0 505 -1.63376 -4.35683 -1.93147 -2.37838 0 0
0 0 506 3.50127 -2.26455 -3.6299 -5.84824 0 0
0 0 507 -5.7272 6.99673 -3.93324 -4.36615 0 0
0 0 508 -2.88783 1.30329 -0.0289062 -0.185724 0 0
0 0 509 2.3327 -1.03327 1.08211 5.79999 0 0
0 0 510 -2.35152 5.63013 0.733885 1.67335 0 0
0 0 511 1.94454 -2.4157 2.26186 2.08413 0 0
0 0 512 2.41885 1.57968 7.10862 -4.16529 0 0
0 0 513 -0.52846 1.03389 -6.57809 -6.36559 0 0
0 0 514 -2.11856 1.70464 1.81959 -5.84434 0 0
0 0 515 -0.979615 -3.34869 3.01388 0.238876 0 0
0 0 516 -2.62292 7.21229 3.16345 -0.136757 0 0
0 0 517 2.21524 5.74414 -7.09864 0.819452 0 0
0 0 518 4.64346 -2.64003 -1.65482 5.7964 0 0
0 0 519 -1.57358 -1.64088 -0.336128 -0.361213 0 0
0 0 520 7.10907 -4.72247 -4.0971 -0.242284 0 0
0 0 521 7.68754 -3.48292 -1.23001 -1.21881 0 0
0 0 522 7.98952 -0.79936 0.337797 2.62409 0 0
0 0 523 -3.55111 3.94486 -3.663 1.40501 0 0
0 0 524 4.43616 -0.346173 0.60899 7.58445 0 0
0 0 525 2.12084 1.08903 5.4185 -0.526825 0 0
0 0 526 6.79294 0.56787 7.82236 -8.51562 0 0
0 0 527 -2.62663 -5.62165 -6.01449 0.971163 0 0
0 0 528 0.91979 -2.98383 0.750746 -0.177844 0 0
0 0 529 -0.0632612 -1.44591 -0.697939 0.113224 0 0
0 0 530 -0.438287 6.52477 -1.02549 -3.96614 0 0
0 0 531 -4.91705 -0.807226 -4.50423 0.563407 0 0
0 0 532 0.318033 1.38193 -4.25441 1.04356 0 0
0 0 533 -4.74319 6.78406 0.580355 0.0708873 0 0
0 0 534 5.59031 3.81399 1.4284 4.13471 0 0
0 0 535 1.45247 1.92423 3.96506 5.1878 0 0
0 0 536 -1.67692 0.36968 2.81345 7.98784 0 0
0 0 537 -8.86282 -1.64683 -7.68761 -3.72747 0 0
0 0 538 3.58594 0.566776 -0.402307 -3.61548 0 0
0 0 539 2.3501 3.39697 -0.820973 2.83394 0 0
0 0 540 0.483513 -0.959803 1.13291 -2.20573 0 0
0 0 541 -6.17823 5.76371 -1.60702 -1.15797 0 0
0 0 542 2.91607 -2.6275 0.744774 1.57905 0 0
0 0 543 -3.52308 4.01585 1.18122 -2.26585 0 0
0 0 544 -3.03405 3.8208 -4.13618 -2.98566 0 0
0 0 545 5.75601 1.5364 -5.80273 -0.282187 0 0
0 0 546 1.66959 -8.33015 0.218557 -0.702354 0 0
0 0 547 -5.09117 2.10668 3.70741 -6.20447 0 0
0 0 548 1.84266 -6.12199 5.22794 4.40354 0 0
0 0 549 1.02887 4.46142 4.59783 -1.25881 0 0
0 0 550 6.91772 -0.964396 -2.90526 -5.75404 0 0
0 0 551 -3.59051 -3.18433 1.40822 -0.908091 0 0
0 0 552 -4.63866 -11.88 -0.485439 -4.46008 0 0
0 0 553 -1.09274 -3.21205 -0.739824 0.957413 0 0
0 0 554 4.5233 6.78677 1.19487 4.46704 0 0
0 0 555 2.37038 0.439285 -4.31495 -2.09407 0 0
0 0 556 -1.44849 -2.432 -0.408598 -2.99593 0 0
0 0 557 3.37575 -2.4654 9.28245 2.34595 0 0
0 0 558 7.87462 5.50969 6.68362 1.46827 0 0
0 0 559 0.836411 -3.27556 0.823248 3.69676 0 0
0 0 560 1.81753 0.191948 0.748543 2.5343 0 0
0 0 561 -0.189411 -6.28146 7.8171 0.898113 0 0
0 0 562 2.33774 3.82732 0.153844 6.20469 0 0
0 0 563 -1.50174 -4.05789 4.0777 1.63793 0 0
0 0 564 -3.00886 8.74952 4.34184 1.04797 0 0
0 0 565 1.99553 1.26455 2.89584 -3.6373 0 0
0 0 566 -3.9274 -6.74053 -5.70782 6.8329 0 0
0 0 567 -6.10239 -7.44128 -8.51065 -3.15615 0 0
0 0 568 4.74238 -2.43378 3.49148 1.5107 0 0
0 0 569 -7.53641 -1.31503 -3.82909 2.14103 0 0
0 0 570 -0.625151 -5.27492 1.09743 -11.9327 0 0
0 0 571 2.79184 -4.48539 -1.19888 -3.97318 0 0
0 0 572 3.63033 -1.73667 1.56274 0.679271 0 0
0 0 573 3.26604 0.784969 1.59673 -8.36807 0 0
0 0 574 2.99194 -4.91271 2.4875 0.513763 0 0
0 0 575 5.87326 3.79333 1.01542 0.0896846 0 0
0 0 576 3.41632 -0.381297 -1.30753 5.27707 0 0
0 0 577 1.32912 -0.308092 -3.3134 2.46537 0 0
0 0 578 3.66614 -0.577796 -4.07489 -5.18537 0 0
0 0 579 7.7091 3.58447 -5.66915 3.41896 0 0
0 0 580 0.537249 -3.92548 1.68093 -6.61335 0 0
0 0 581 -1.20738 2.33071 -2.68639 -1.26849 0 0
0 0 582 -3.53698 -8.66604 2.04225 0.119145 0 0
0 0 583 1.81292 -5.09174 -4.78102 8.00875 0 0
0 0 584 -3.0604 -2.38316 -2.32657 5.63478 0 0
0 0 585 -6.06232 -0.849048 -4.82112 -3.14463 0 0
0 0 586 2.48093 5.28702 0.143809 2.53604 0 0
0 0 587 -5.31656 4.44967 -6.04146 -0.882931 0 0
0 0 588 5.81121 3.45583 3.3966 4.87497 0 0
0 0 589 -1.16141 -1.19704 0.456913 6.55131 0 0
0 0 590 0.345618 5.51474 -3.59795 -5.46878 0 0
0 0 591 0.343854 3.40385 8.84456 0.454058 0 0
0 0 592 3.23764 0.465001 0.0410831 0.91015 0 0
0 0 593 3.85471 -2.44721 0.66836 -3.01827 0 0
0 0 594 2.91714 3.81768 -3.4852 6.46257 0 0
0 0 595 -3.08338 5.99507 1.8932 3.42095 0 0
0 0 596 0.924651 1.11555 -1.4837 -2.98247 0 0
0 0 597 -5.05127 -3.76407 -0.369943 -1.06965 0 0
0 0 598 2.67012 0.595728 7.60966 -7.57415 0 0
0 0 599 -2.24733 1.67656 4.06802 -1.82798 0 0
0 0 600 3.64381 1.86231 -2.19052 2.27532 0 0
0 0 601 4.47095 -0.267655 -0.375634 -0.299252 0 0
0 0 602 -1.58565 1.58244 -0.884706 6.08061 0 0
0 0 603 1.89682 -2.64027 -2.81319 -5.57927 0 0
0 0 604 11.4253 1.05939 5.77819 -4.46544 0 0
0 0 605 7.44315 -3.30514 -0.73298 4.02453 0 0
0 0 606 0.296944 -4.5177 5.54494 0.742771 0 0
0 0 607 -7.0808 4.15898 -0.410558 3.32896 0 0
0 0 608 -3.51114 3.57183 -7.76576 0.161719 0 0
0 0 609 0.897543 5.48155 3.8278 0.176369 0 0
0 0 610 -2.06508 -5.89477 8.35019 -1.58503 0 0
0 0 611 -2.16775 2.10795 2.18622 1.81439 0 0
0 0 612 -2.69269 1.99941 -3.04267 3.82911 0 0
0 0 613 5.56278 1.861 0.784029 -1.7981 0 0
0 0 614 2.8174 1.20039 7.32166 4.35365 0 0
0 0 615 -5.14583 3.80301 -3.91455 -1.68022 0 0
0 0 616 3.42059 -7.66581 -0.689081 1.4499 0 0
0 0 617 1.66533 -2.93987 -2.49269 0.394892 0 0
0 0 618 -1.77378 2.94634 -3.12752 -2.84718 0 0
0 0 619 -2.06879 2.79296 2.65251 -0.548025 0 0
0 0 620 -3.69376 -2.5594 3.9278 -2.51304 0 0
0 0 621 0.786914 -1.73008 1.55512 2.95788 0 0
0 0 622 -1.62364 2.85435 -2.16708 -1.77887 0 0
0 0 623 0.929663 -6.2142 -7.0596 -4.08643 0 0
0 0 624 2.71696 -0.59321 0.263751 -0.0506471 0 0
0 0 625 4.72135 -0.97112 2.02419 3.68862 0 0
0 0 626 0.537651 0.512815 -4.08906 4.82549 0 0
0 0 627 0.76143 -0.897578 0.0560233 -2.13295 0 0
0 0 628 0.909147 0.270596 10.2913 -3.75533 0 0
0 0 629 1.94763 4.04416 6.66187 -4.19352 0 0
0 0 630 2.25962 -5.10845 -3.96672 -6.6544 0 0
0 0 631 6.80779 4.38121 -0.582793 -8.33053 0 0
0 0 632 -1.14036 -0.825874 5.23978 -3.61775 0 0
0 0 633 1.9899 -3.07576 8.32605 1.36487 0 0
0 0 634 2.02966 -1.51233 -2.35902 -2.10383 0 0
0 0 635 3.39487 -4.31633 2.94317 -3.44043 0 0
0 0 636 -5.07598 2.58601 5.00372 -0.537474 0 0
0 0 637 -0.182533 4.2727 -5.87819 6.18799 0 0
0 0 638 1.87023 1.82614 0.00456393 8.67579 0 0
0 0 639 4.99284 4.52366 -3.68493 8.51366 0 0
0 0 640 -1.69793 2.30682 5.48678 3.86222 0 0
0 0 641 2.77733 3.42024 5.84047 -3.03758 0 0
0 0 642 -6.7517 0.313677 -4.80329 -3.79286 0 0
0 0 643 -2.53952 4.12056 -8.30051 0.719362 0 0
0 0 644 -9.42891 5.90778 5.61557 -1.15617 0 0
0 0 645 4.43901 -1.60633 6.74856 1.35008 0 0
0 0 646 -2.20902 4.1115 -0.134116 1.33886 0 0
0 0 647 2.55357 0.800255 -0.764845 -8.23605 0 0
0 0 648 -0.826034 3.02762 3.44749 -1.39427 0 0
0 0 649 -0.2748 1.28762 2.16331 -3.55382 0 0
0 0 650 1.97498 -1.20897 -2.89172 3.92038 0 0
0 0 651 2.99407 3.1912 -5.9935 -1.77111 0 0
0 0 652 6.6206 -7.39628 3.55107 -0.253571 0 0
0 0 653 -1.65261 -9.41575 -3.08736 5.4996 0 0
0 0 654 9.87904 -2.52291 1.41252 -2.69788 0 0
0 0 655 -6.42459 1.23465 -7.25712 -3.27257 0 0
0 0 656 -0.260825 -0.132292 3.70095 -0.573658 0 0
0 0 657 -2.71116 1.16713 -5.65749 2.15816 0 0
0 0 658 5.21256 0.259335 -3.50539 1.55564 0 0
0 0 659 -0.701392 2.33681 6.16317 -8.89451 0 0
0 0 660 -4.83924 -2.56119 5.25776 2.63606 0 0
0 0 661 -6.93132 2.71773 -3.85626 1.02208 0 0
0 0 662 10.2028 1.21694 -4.83902 1.02912 0 0
0 0 663 -1.96787 -0.322099 -9.59875 1.66997 0 0
0 0 664 1.73724 -3.40148 4.70143 -0.0686927 0 0
0 0 665 1.71329 2.4589 3.84122 -2.81662 0 0
0 0 666 0.695398 3.05111 -5.8432 0.724413 0 0
0 0 667 -4.44489 -4.79669 -3.45092 7.49419 0 0
0 0 668 0.207466 -1.15573 1.9656 -4.10047 0 0
0 0 669 -0.073189 7.24059 2.67681 -5.13948 0 0
0 0 670 6.66025 4.68148 -5.26889 -2.65963 0 0
0 0 671 6.77641 -7.75024 -5.52555 7.46604 0 0
0 0 672 -4.39773 -6.09364 4.44894 1.64387 0 0
0 0 673 8.49794 6.58696 0.0200643 2.77524 0 0
0 0 674 -0.757283 3.39671 -3.08843 1.28042 0 0
0 0 675 2.8858 -2.25818 2.11285 -2.60234 0 0
0 0 676 -0.959592 -3.05616 14.3336 -0.0322711 51.0181 8.21339
0 0 677 3.84297 2.18889 3.55525 -0.203626 0 0
0 0 678 2.40284 -3.71247 2.05342 2.61212 0 0
0 0 679 1.01299 7.52515 -2.29629 6.11193 0 0
0 0 680 -8.69584 -0.42987 3.55056 6.90355 0 0
0 0 681 -1.74943 7.29313 0.188976 9.39393 0 0
0 0 682 -0.944193 -5.03962 2.79251 4.67204 0 0
0 0 683 -2.72637 5.53571 4.11418 5.60708 0 0
0 0 684 2.31749 -3.2949 8.89977 1.86513 0 0
0 0 685 -7.40725 -0.904918 2.7895 -2.74175 0 0
0 0 686 -5.86692 -3.43736 -0.982095 -0.0851058 0 0
0 0 687 7.3907 3.79491 2.01158 -3.46134 0 0
0 0 688 1.2286 3.30357 5.14299 1.40055 0 0
0 0 689 -5.00658 6.09987 -1.8858 3.55702 0 0
0 0 690 -8.39635 9.90521 1.11027 -5.12623 0 0
0 0 691 -1.2579 -1.80775 -0.412846 -2.65386 0 0
0 0 692 4.99865 -0.573924 0.559923 -2.45899 0 0
0 0 693 6.64188 4.15991 0.871543 -6.18911 0 0
0 0 694 4.20994 4.4363 1.87432 0.624366 0 0
0 0 695 -4.30894 8.48578 -1.33464 -2.91674 0 0
0 0 696 6.25654 -5.56571 1.87229 -3.78067 0 0
0 0 697 -4.12518 -1.34283 -6.49469 -4.24344 0 0
0 0 698 -3.30492 -8.55554 -0.124737 -2.88986 0 0
0 0 699 2.65798 5.05762 -0.281033 5.08559 0 0
0 0 700 -4.22626 4.45688 3.82675 0.72694 0 0
0 0 701 3.26321 1.56245 3.69147 -4.11128 0 0
0 0 702 -1.39981 -0.481841 -1.77715 2.11735 0 0
0 0 703 -1.16604 -0.346608 -0.155659 2.16779 0 0
0 0 704 3.76943 5.83633 0.621803 -7.41254 0 0
0 0 705 4.20974 3.02088 3.76069 -2.18345 0 0
0 0 706 1.97737 0.33702 -6.65595 -3.78628 0 0
0 0 707 -0.669184 0.724928 -0.828906 2.91083 0 0
0 0 708 3.05856 -5.33137 -1.05381 -5.46742 0 0
0 0 709 -0.76081 -2.02235 3.03809 -0.359341 0 0
0 0 710 8.23672 -0.320193 -1.80155 2.83124 0 0
0 0 711 1.47505 1.79993 4.45151 0.885398 0 0
0 0 712 -0.0817454 -7.77418 7.89357 -1.2036 0 0
0 0 713 5.45077 -7.51658 6.80929 3.20079 0 0
0 0 714 -5.69794 -5.35997 -2.52014 1.09464 0 0
0 0 715 7.46629 0.208222 -5.80051 -0.689512 0 0
0 0 716 4.77265 4.65449 15.0496 -4.80398 36.4072 7.62998
0 0 717 -0.503812 3.31219 -8.43034 -1.109 0 0
0 0 718 2.6544 -2.49364 2.29338 -3.8938 0 0
0 0 719 4.59206 0.581083 7.1485 0.216445 0 0
0 0 720 -4.33511 2.10164 -4.0146 -3.86146 0 0
0 0 721 -2.232 -2.03773 6.81136 -2.24388 0 0
0 0 722 0.723575 -1.37746 5.19969 2.30079 0 0
0 0 723 1.36239 -0.362771 -0.836415 3.89387 0 0
0 0 724 1.9295 -3.47137 -3.42466 0.0262014 0 0
0 0 725 -6.10657 -3.09136 4.485 -6.69297 0 0
0 0 726 1.50581 -7.66812 2.6427 3.05997 0 0
0 0 727 -0.0760874 -1.84966 -1.52848 4.20216 0 0
0 0 728 -2.01809 0.752708 -0.633962 2.87245 0 0
0 0 729 -4.63261 -2.76572 4.92076 -2.66007 0 0
0 0 730 3.96219 1.55425 -5.05013 -0.907896 0 0
0 0 731 -3.77721 1.19983 1.9704 -0.220356 0 0
0 0 732 -6.19219 -0.0696089 3.85386 1.12191 0 0
0 0 733 2.41397 7.40493 2.07899 -7.41349 0 0
0 0 734 1.51487 5.06163 0.00505136 -1.6926 0 0
0 0 735 0.498568 -2.06526 4.12847 1.05062 0 0
0 0 736 -1.12515 0.196289 -3.50621 -2.56584 0 0
0 0 737 -6.64672 -2.61589 4.87658 -5.08813 0 0
0 0 738 -2.69479 0.335028 -0.667196 3.0031 0 0
0 0 739 -2.77521 -3.71099 0.73341 -1.94557 0 0
0 0 740 -4.66484 -10.0599 3.6942 7.28587 0 0
0 0 741 2.98557 0.409063 -2.79881 -6.81277 0 0
0 0 742 -0.727231 0.902745 -0.394835 -3.19162 0 0
0 0 743 -0.892803 2.09479 -1.69031 -1.76244 0 0
0 0 744 -0.988523 -10.2986 8.43874 1.43293 0 0
0 0 745 1.56181 -3.49898 0.468263 0.0891502 0 0
0 0 746 -1.37433 12.1216 1.01016 2.14504 0 0
0 0 747 4.87139 7.30155 -2.99608 0.521012 0 0
0 0 748 5.38581 -1.59373 -0.571496 -4.75467 0 0
0 0 749 -1.09196 0.669928 5.37964 4.03838 0 0
0 0 750 -8.0504 -1.75921 -4.28531 1.10074 0 0
0 0 751 7.78484 0.523861 -0.415809 2.81685 0 0
0 0 752 -3.58136 0.316501 -3.15152 -3.99739 0 0
0 0 753 1.80144 4.61705 -4.66468 1.69349 0 0
0 0 754 -1.5522 2.16089 -3.06899 -2.49096 0 0
0 0 755 2.73391 1.42224 1.53447 -1.83111 0 0
0 0 756 -2.02898 0.843936 -1.71761 -7.83413 0 0
0 0 757 2.50283 2.99294 -1.69189 -2.07808 0 0
0 0 758 1.79095 -2.34915 -8.52404 -1.04817 0 0
0 0 759 -1.19627 3.61329 -5.39494 -3.46327 0 0
0 0 760 -2.23061 -4.67344 -1.66435 1.72852 0 0
0 0 761 1.31392 -1.64495 0.977575 -3.81372 0 0
0 0 762 -1.3912 -0.592262 5.9101 1.74815 0 0
0 0 763 2.37902 -6.42669 -2.92028 -6.72471 0 0
0 0 764 5.31087 -2.68572 4.48673 -0.429175 0 0
0 0 765 5.53134 -4.96951 -0.278389 -2.81688 0 0
0 0 766 -0.547409 2.3968 4.63274 10.2812 0 0
0 0 767 6.47621 0.272302 -6.9432 -1.5442 0 0
0 0 768 -0.757743 -2.00482 3.41474 -1.92564 0 0
0 0 769 0.99123 1.43784 -0.103773 -4.41178 0 0
0 0 770 -2.51202 2.64872 -8.79832 -0.466124 0 0
0 0 771 -2.18487 -4.2064 7.08185 3.63528 0 0
0 0 772 2.90793 -5.04637 1.78955 -1.79778 0 0
0 0 773 3.16773 0.108297 -3.45812 2.70524 0 0
0 0 774 -9.01764 9.45678 1.7986 -7.30107 0 0
0 0 775 3.06895 -0.235502 -5.023 -6.12052 0 0
0 0 776 -6.29133 9.57739 -1.52714 -7.31032 0 0
0 0 777 -0.75597 -4.21767 1.81118 -5.74748 0 0
0 0 778 8.13452 5.50959 4.75352 -4.68238 0 0
0 0 779 0.812117 3.42163 4.96778 2.27728 0 0
0 0 780 3.74172 -1.21815 -0.52935 4.17775 0 0
0 0 781 -0.368371 -1.79658 -2.33241 1.42936 0 0
0 0 782 -6.69517 -2.57978 4.07272 4.01982 0 0
0 0 783 -2.96264 5.90483 -4.45171 -4.18084 0 0
0 0 784 -2.10378 -5.91895 4.61479 -1.84331 0 0
0 0 785 -1.25731 -4.51093 -3.93943 2.43392 0 0
0 0 786 -5.51648 1.06103 -0.109094 6.72668 0 0
0 0 787 0.222847 -1.78497 -6.37614 1.99567 0 0
0 0 788 5.13961 -6.96531 7.3159 3.41102 0 0
0 0 789 -11.8554 -0.380924 -2.21039 0.740046 0 0
0 0 790 -0.925773 4.51156 -0.0413449 -9.79085 0 0
0 0 791 1.83339 -0.639097 1.11318 1.32551 0 0
0 0 792 3.96633 -10.4548 5.28995 2.38776 0 0
0 0 793 6.78325 0.0431113 7.99039 -1.76906 0 0
0 0 794 7.2451 -2.01564 5.63367 9.30395 0 0
0 0 795 0.125026 -0.285796 -1.67533 1.15213 0 0
0 0 796 0.0957115 6.30801 -4.33556 -3.16439 0 0
0 0 797 6.04731 -2.54849 2.2816 6.09586 0 0
0 0 798 3.28387 -1.76861 5.65034 2.94793 0 0
0 0 799 -3.19092 -7.4032 0.020627 5.45373 0 0
0 0 800 -0.956816 1.68888 1.2996 2.96057 0 0
0 0 801 5.53195 4.44787 5.60953 -2.13 0 0
0 0 802 0.59533 4.45268 -4.75041 1.43191 0 0
0 0 803 -3.79268 0.68815 0.443507 1.15036 0 0
0 0 804 1.20402 -3.92713 4.68074 7.35803 0 0
0 0 805 -8.70771 1.09679 -0.0854362 5.16043 0 0
0 0 806 0.77121 4.63885 1.27671 -3.86672 0 0
0 0 807 6.22074 1.00016 2.35328 4.82671 0 0
0 0 808 3.20927 6.56944 -4.1706 3.73853 0 0
0 0 809 -1.67116 2.42342 -4.075 0.370428 0 0
0 0 810 1.37765 -2.41461 -0.889084 -2.61186 0 0
0 0 811 -0.628684 -3.71834 -2.01351 -0.946686 0 0
0 0 812 -6.75107 -2.13147 -0.353768 0.524629 0 0
0 0 813 0.111703 3.22692 0.923572 7.49352 0 0
0 0 814 4.67999 -6.82429 3.27277 1.07715 0 0
0 0 815 1.70356 -6.14895 6.2623 -1.91667 0 0
0 0 816 10.1405 2.6312 0.085354 5.29656 0 0
0 0 817 1.63483 8.14091 -4.37777 2.44629 0 0
0 0 818 -3.59591 7.15201 -7.35944 3.00098 0 0
0 0 819 -1.94888 0.571998 3.80806 -2.45441 0 0
0 0 820 -1.27171 -3.10718 -0.729767 -0.251665 0 0
0 0 821 0.854663 0.0953149 -1.51161 2.84567 0 0
0 0 822 1.37414 -1.75134 5.68133 -2.55921 0 0
0 0 823 3.71892 1.56571 3.40026 -3.30533 0 0
0 0 824 5.69888 -8.14783 -3.06977 2.25836 0 0
0 0 825 6.94968 -1.43586 4.27329 -1.69617 0 0
0 0 826 -2.1686 -4.0624 -0.906976 5.68973 0 0
0 0 827 1.80135 3.66804 -2.55732 0.142564 0 0
0 0 828 2.78167 -2.82837 -2.60631 0.133082 0 0
0 0 829 -0.519627 -1.89297 -3.30108 3.55913 0 0
0 0 830 6.40683 -0.391225 -2.23433 -3.56343 0 0
0 0 831 2.25534 5.50604 9.63593 2.14854 0 0
0 0 832 5.73877 -1.48562 3.66422 -0.791894 0 0
0 0 833 -1.29922 14.9401 -1.11003 0.205948 -2.1246 7.77082
0 0 834 -1.57984 -4.85248 -4.73956 6.3625 0 0
0 0 835 -4.32405 2.26743 0.178758 1.89648 0 0
0 0 836 -4.11274 0.533741 -0.381406 -2.93792 0 0
0 0 837 -5.33478 -1.43777 1.42908 5.35994 0 0
0 0 838 5.33909 -0.929112 1.661 -7.5123 0 0
0 0 839 0.406331 -0.0550934 -4.54635 5.80467 0 0
0 0 840 -1.79139 1.77926 2.33969 1.36854 0 0
0 0 841 4.93001 2.79272 8.87678 -2.76661 0 0
0 0 842 3.19136 -2.48233 -3.85899 2.97936 0 0
0 0 843 -3.01219 -1.51587 -3.95698 -2.65507 0 0
0 0 844 6.30693 3.95895 1.56697 -1.14628 0 0
0 0 845 -0.496019 -1.51848 0.122543 -4.31534 0 0
0 0 846 -0.800653 1.89394 2.52251 2.31936 0 0
0 0 847 -1.46649 1.52386 1.44789 7.75154 0 0
0 0 848 11.1513 -4.95269 1.82273 -1.85205 0 0
0 0 849 1.31673 3.53741 5.85524 -3.4686 0 0
0 0 850 3.01681 8.18406 -4.22608 -2.98327 0 0
0 0 851 0.576181 6.59265 -1.20572 0.0412532 0 0
0 0 852 -3.43121 -2.12768 -3.60355 -5.83678 0 0
0 0 853 -0.830207 7.11419 -7.07385 4.14566 0 0
0 0 854 -3.36413 4.45819 -6.60874 -2.42878 0 0
0 0 855 3.3397 1.56425 -11.4735 -3.28591 0 0
0 0 856 4.79516 1.87218 -3.88842 -6.45416 0 0
0 0 857 6.65778 3.3487 -1.52507 1.83746 0 0
0 0 858 9.19867 1.94503 -10.435 -2.93595 0 0
0 0 859 9.26455 4.9619 -3.58997 -0.770354 0 0
0 0 860 7.53725 -9.16656 -10.881 2.62904 -65.056 8.35306
0 0 861 11.5143 12.9192 -8.01295 5.28147 -15.9044 7.73322
0 0 862 15.1532 14.1726 -6.24613 1.7364 -11.892 7.5594
0 0 863 9.25272 -0.633652 -2.58257 3.9581 0 0
0 0 864 14.323 10.9837 -10.0621 -3.33576 -21.2463 7.94235
0 0 865 11.2359 5.63554 -16.8708 -8.4269 -35.7643 6.75436
0 0 866 11.4882 2.38245 -15.8562 6.73108 -40.7275 7.51276
0 0 867 25.6915 6.99717 -17.0043 -4.45113 -33.8166 6.52384
0 0 868 17.37 12.6748 -19.8375 4.18339 -28.7121 5.07037
0 0 869 22.1561 2.60435 -18.0279 -8.10259 -40.8899 6.61366
0 0 870 9.6404 6.53131 -23.166 1.55132 -37.1275 4.99604
0 0 871 13.1054 14.3044 -20.3657 -3.50214 -27.4584 4.78935
0 0 872 23.8459 7.98425 -13.965 0.988825 -30.121 7.4312
0 0 873 19.6675 8.68122 -14.1522 -1.0733 -29.2371 7.19338
0 0 874 12.8697 4.98529 -21.4441 2.74716 -38.4562 5.46612
0 0 875 17.448 7.98323 -13.9718 6.51422 -30.1285 7.42878
0 0 876 22.6704 5.79204 -24.5789 7.5243 -38.3701 4.76539
0 0 877 19.9588 6.7712 -16.2321 -3.34661 -33.6783 6.81975
0 0 878 8.48403 11.9123 -13.1571 -6.69889 -23.9213 6.68767
0 0 879 18.5679 -4.75759 -15.3752 -1.63536 -53.5969 7.46803
0 0 880 18.1235 -2.49654 -16.5549 -2.98048 -49.2879 7.19508
0 0 881 16.4215 10.5741 -10.268 0.214318 -22.0792 8.03503
0 0 882 22.3631 3.64701 -15.7043 -4.48275 -38.463 7.4644
0 0 883 17.2598 12.6477 -17.5078 8.10382 -27.0777 5.51627
0 0 884 17.912 7.42591 -13.7123 3.81588 -30.7811 7.67101
0 0 885 17.4407 6.30292 -18.8884 -2.46642 -35.7733 6.03354
0 0 886 11.7339 -5.06238 -20.3525 2.73077 -51.984 5.73668
0 0 887 15.4935 -4.31561 -15.184 -2.05939 -52.9331 7.61754
0 0 888 20.0915 3.46694 -10.2938 -1.3373 0 0
0 0 889 18.0672 1.39952 -15.5637 1.34559 -42.4308 7.71249
0 0 890 9.70231 9.17795 -17.7954 -5.44339 -31.3588 5.9777
0 0 891 14.7786 -0.13603 -7.42464 3.955 0 0
0 0 892 19.217 -1.25452 -10.8688 4.38627 0 0
0 0 893 13.1875 11.4679 -10.997 2.6657 -21.8995 7.45211
0 0 894 12.7442 9.23602 -9.07818 -3.747 0 0
0 0 895 21.5809 1.86122 -9.58868 4.67091 0 0
0 0 896 14.7148 -0.868007 -14.046 1.89611 -46.7681 8.56519
0 0 897 17.0581 0.583215 -12.1492 -0.654466 0 0
0 0 898 10.3195 8.4296 -11.1811 -0.308405 -26.4935 8.50273
0 0 899 21.9818 3.67604 -8.12504 -0.496461 0 0
0 0 900 18.1701 0.325655 -12.2977 3.55022 0 0
0 0 901 14.3027 3.07826 -12.6271 -1.37131 0 0
0 0 902 14.5991 2.23139 -9.18983 4.48534 0 0
0 0 903 16.0038 -0.989589 -11.837 4.52902 0 0
0 0 904 24.9742 5.70306 -21.6654 -1.59785 -37.6262 5.36911
0 0 905 21.1203 5.59235 -24.2895 4.66679 -38.5172 4.82832
0 0 906 23.5076 7.15169 -25.08 -3.54653 -37.0421 4.61063
0 0 907 29.7354 4.62946 -20.1025 -1.00568 -38.5157 5.83389
0 0 908 23.9352 1.07847 -21.0631 0.297928 -43.5345 5.71536
0 0 909 31.9687 15.2204 -25.194 3.15713 -29.4313 4.05828
0 0 910 25.0546 15.2503 -27.5465 2.75221 -30.5151 3.79814
0 0 911 35.0431 7.06637 -32.6174 -2.05547 -38.8881 3.60664
0 0 912 39.1921 4.3625 -27.2825 -5.15262 -40.4576 4.35953
0 0 913 36.6917 11.1677 -28.6408 -4.47956 -34.349 3.90394
0 0 914 34.4174 3.27159 -36.1165 2.16083 -42.412 3.32333
0 0 915 43.1857 6.83395 -35.271 -0.649493 -39.5172 3.35135
0 0 916 42.6112 12.1065 -38.1994 1.23105 -36.2075 2.99905
0 0 917 46.9295 5.62912 -39.7182 -1.52153 -40.9667 3.00314
0 0 918 53.1339 9.76249 -42.2532 -4.13731 -38.4951 2.77506
0 0 919 52.7999 8.29101 -47.5543 -4.70772 -40.055 2.49486
0 0 920 63.7202 2.88134 -48.9988 1.4352 -43.3173 2.45577
0 0 921 59.8752 5.63952 -43.4605 -3.68354 -41.3032 2.74921
0 0 922 70.6841 10.6288 -40.3824 -1.78133 -37.627 2.88058
0 0 923 61.4283 7.86026 -47.3553 1.68734 -40.2878 2.50904
0 0 924 70.5804 8.64294 -58.3647 -7.13902 -40.7883 2.04172
0 0 925 68.1408 0.990421 -49.1664 0.534949 -44.423 2.45138
0 0 926 74.7455 -2.78786 -55.8326 0.80064 -46.4293 2.15629
0 0 927 74.5596 -1.55313 -46.7403 -5.13825 -45.9516 2.57766
0 0 928 78.0408 2.97617 -63.3471 -0.885039 -43.6551 1.9008
0 0 929 81.4612 -2.26544 -60.6039 -2.5212 -46.0704 1.98769
0 0 930 83.6297 7.73152 -60.6646 -0.987421 -41.3685 1.97017
0 0 931 94.0588 1.84121 -55.4375 -5.2633 -44.0489 2.17327
0 0 932 101.011 0.355141 -66.2899 0.357625 -44.8465 1.81852
0 0 933 108.746 1.77858 -63.2309 1.93915 -44.1944 1.90572
0 0 934 108.304 -0.527328 -58.7196 -0.47088 -45.2573 2.05292
0 0 935 118.714 0.451298 -51.5015 2.35367 -44.749 2.34065
0 0 936 127.646 -8.50702 -62.0539 -6.76527 -48.903 1.92349
0 0 937 134.149 0.157753 -53.8868 1.74127 -44.9161 2.23712
0 0 938 144.576 -3.08883 -49.4782 -10.7044 -46.7861 2.43141
0 0 939 155.468 4.2818 -49.5415 -6.06706 -42.5301 2.4237
0 0 940 164.302 -9.7064 -41.4329 0.929789 -51.5924 2.82786
0 0 941 178.614 4.74965 -23.9826 -0.141264 -39.3989 4.92455
0 0 942 177.022 -6.04109 -16.9638 0.0525682 -54.8008 6.66898
0 0 943 191.095 -7.00143 -1.78684 -2.28476 0 0
0 0 944 194.732 3.73745 7.97757 -6.38471 0 0
0 0 945 201.76 -0.183617 23.6939 -1.58526 45.222 5.08772
0 0 946 212.561 9.97404 37.2147 -1.54532 37.4983 3.12181
0 0 947 224.688 6.71897 47.1123 1.73809 40.9417 2.53147
0 0 948 229.007 8.94918 64.1551 -5.21091 41.0294 1.85984
0 0 949 244.553 10.6586 70.49 1.69248 40.7008 1.68969
0 0 950 258.19 5.15099 77.4812 7.21078 43.0983 1.55222
0 0 951 271.056 3.18927 89.0347 4.78629 43.9743 1.35306
0 0 952 269.343 10.3653 94.9368 9.51179 41.8845 1.2618
0 0 953 275.981 12.1897 104.025 9.28865 41.6583 1.15047
0 0 954 285.56 18.9806 103.58 4.33326 39.808 1.14353
0 0 955 286.169 12.3754 103.701 1.02215 41.5973 1.15376
0 0 956 272.973 15.2217 88.2449 8.46618 40.1066 1.3449
0 0 957 280.058 14.5049 93.6135 3.86197 40.5962 1.27156
0 0 958 269.263 14.7797 78.252 7.84528 39.6522 1.51202
0 0 959 255.98 13.063 75.6383 8.85714 40.1007 1.569
0 0 960 255.667 11.4618 58.6911 1.41458 39.4749 2.01341
0 0 961 244.057 11.9534 55.9006 7.9204 38.965 2.10573
0 0 962 231.508 13.9266 41.922 5.6905 35.8117 2.71977
0 0 963 218.491 12.0788 32.6499 -2.59746 34.849 3.44872
0 0 964 211.351 0.1623 31.0556 0.0311277 44.8503 3.88174
0 0 965 198.076 3.75252 21.6153 -4.44275 40.0757 5.4895
0 0 966 197.82 11.4372 23.3883 -0.924243 31.9704 4.59997
0 0 967 183.617 -4.20506 15.63 7.37236 52.5291 7.43092
0 0 968 171.608 1.02436 4.84371 -1.93573 0 0
0 0 969 170.163 1.84123 6.28964 -6.86915 0 0
0 0 970 170.983 -8.72832 7.02697 -2.12041 0 0
0 0 971 161.008 -5.78574 -5.99516 -1.70974 0 0
0 0 972 147.067 2.07519 -9.75068 -6.8999 0 0
0 0 973 145.92 -4.28529 -8.20708 -3.69223 0 0
0 0 974 136.594 -1.49609 -9.36881 0.25005 0 0
0 0 975 140.039 -1.99815 -10.9333 -6.62461 0 0
0 0 976 135.119 -9.58309 -10.9315 -7.77583 -65.6197 8.16951
0 0 977 132.783 -10.3682 -11.0478 -3.36666 -66.5912 7.82934
0 0 978 127.703 -7.03588 -12.2386 -10.3756 -59.9471 8.4673
0 0 979 127.938 -5.57431 -14.6554 -6.98419 -55.4124 7.65536
0 0 980 127.556 -10.3839 -7.89171 -11.1798 0 0
0 0 981 121.475 -10.2211 -13.799 -0.53635 -63.2639 6.93534
0 0 982 113.696 -12.8749 -18.3192 -1.18792 -62.55 5.32326
0 0 983 106.872 -6.26429 -12.1763 -8.24412 0 0
0 0 984 110.818 -11.8537 -13.6676 -8.46802 -65.4673 6.56565
0 0 985 115.483 -6.05475 -11.0039 -7.3084 0 0
0 0 986 104.675 -6.93527 -19.0999 -7.13182 -54.9781 5.90918
0 0 987 101.181 -13.2722 -11.6383 -7.11983 -69.3763 6.6971
0 0 988 104.797 -12.0782 -19.6001 -17.0817 -60.8214 5.1871
0 0 989 96.5146 -10.0898 -9.48574 -11.2269 -68.3838 8.54689
0 0 990 89.7446 -13.7269 -18.0904 -14.0175 -63.5955 5.24242
0 0 991 82.3824 -13.5502 -15.4997 -9.38315 -65.5803 5.76893
0 0 992 87.3804 -23.9748 -18.9349 -8.02518 -70.8494 3.86274
0 0 993 83.9691 -5.97404 -5.79623 -9.46359 0 0
0 0 994 81.0933 -2.89939 -7.55436 -3.70495 0 0
0 0 995 77.3473 -10.0952 -9.42108 -4.37845 -68.4892 8.57072
0 0 996 78.0136 -10.4399 -14.2032 -5.47955 -63.1586 6.75709
0 0 997 72.4691 -17.1494 -12.0463 -9.54478 -72.4573 5.62011
0 0 998 73.6375 -5.89534 -15.6925 -5.99736 -55.2951 7.16117
0 0 999 58.587 -10.8328 -9.83227 -3.86247 -68.886 8.08567
0 0 1000 71.8466 -10.235 -5.47171 -5.44319 0 0
0 0 1001 59.9599 -7.32874 -12.9994 -7.31577 -59.7066 8.01195
0 0 1002 50.8862 -8.03998 -4.53028 -7.68864 0 0
0 0 1003 61.0747 -7.90244 -7.73783 -13.6396 0 0
0 0 1004 58.0282 -13.1051 -4.00788 -12.0661 0 0
0 0 1005 49.1434 -13.7394 -12.5576 -0.548989 -68.7866 6.35579
0 0 1006 53.416 -10.4989 -9.69 -7.35599 -68.6472 8.28187
0 0 1007 48.4546 -6.60135 -16.5876 -9.94732 -55.8505 6.72113
0 0 1008 39.0005 -9.58228 -5.46884 -6.49951 0 0
0 0 1009 37.3971 -11.5009 -10.8657 -1.61327 -68.3133 7.48155
0 0 1010 41.5958 -16.9078 -10.0542 -8.07492 -74.6311 5.97286
0 0 1011 37.9566 -9.47285 -7.10148 -11.1098 0 0
0 0 1012 39.4671 -10.5911 -12.1644 -11.9686 -65.5225 7.36414
0 0 1013 44.0295 -6.53329 -6.90596 -2.9842 0 0
0 0 1014 39.436 -16.0401 5.09644 -3.71806 81.1867 6.93872
0 0 1015 33.9533 -14.223 -8.76708 -1.26369 -74.1752 7.03574
0 0 1016 36.0179 -12.0815 -4.07228 -5.31747 0 0
0 0 1017 36.5955 -14.309 -9.50988 -7.37184 -73.1958 6.84962
0 0 1018 37.0596 -9.80453 -10.7101 -0.378966 -66.2362 8.17303
0 0 1019 23.5407 -4.32476 -13.1671 -2.60314 -54.0915 8.6696
0 0 1020 26.3895 -3.25025 -9.17905 -1.17398 0 0
0 0 1021 29.1923 -9.21558 5.91962 4.14312 0 0
0 0 1022 20.0221 -3.35318 -2.88938 2.78968 0 0
0 0 1023 24.9675 -9.9887 -6.53929 -10.6936 0 0
