# File: uwl_211028_053542_b4.rf.sbB2.RMC_aux Src: J1713+0747 Nsub: 1 Nch: 1 Npol: 4 Nbin: 1024 RMS: 2.79711
0 0 0 -1.63808 -3.20066 4.30344 1.64194 0 0
0 0 1 -1.88348 2.6593 0.553441 -2.24532 0 0
0 0 2 0.0965242 -5.80718 0.0265673 4.8472 0 0
0 0 3 -1.94532 0.399896 -4.83942 -2.73038 0 0
0 0 4 2.31227 3.12252 -3.52076 -0.78618 0 0
0 0 5 2.18428 -2.59277 1.11928 -1.30863 0 0
0 0 6 0.411507 -0.980481 2.4669 2.15944 0 0
0 0 7 -3.30383 2.45796 -1.91933 -2.76378 0 0
0 0 8 0.909771 -3.50633 2.75751 3.13822 0 0
0 0 9 -0.377235 0.770481 -1.01553 0.185545 0 0
0 0 10 0.370887 1.03094 -3.88585 -4.42532 0 0
0 0 11 4.16491 0.493786 0.197355 2.35857 0 0
0 0 12 -3.85594 1.33773 -1.33042 -6.02645 0 0
0 0 13 -0.439233 5.13007 -1.69497 2.13564 0 0
0 0 14 -2.6705 0.873036 -0.852362 0.237499 0 0
0 0 15 1.71867 -1.60239 -0.91555 2.60692 0 0
0 0 16 3.67636 2.26395 -0.703817 -1.5612 0 0
0 0 17 9.32952 -2.49657 -1.82067 2.90719 0 0
0 0 18 1.09342 0.15498 -2.34011 -0.821731 0 0
0 0 19 2.16388 -4.22802 4.36708 -2.61674 0 0
0 0 20 -1.24906 -2.32924 -1.79673 -3.89349 0 0
0 0 21 -2.10877 -8.35847 2.85855 -0.744297 0 0
0 0 22 1.4414 1.96281 -0.982575 3.96184 0 0
0 0 23 4.13367 3.1065 -1.02243 2.02893 0 0
0 0 24 3.2437 -1.58381 1.72389 -0.701951 0 0
0 0 25 2.27469 -3.19085 1.39674 -0.234786 0 0
0 0 26 0.947865 0.833159 -1.30253 2.15688 0 0
0 0 27 0.0718602 -3.41846 2.6248 -0.238436 0 0
0 0 28 -3.28613 -5.06804 3.14072 4.2476 0 0
0 0 29 0.198127 -3.16874 -0.155147 -2.68662 0 0
0 0 30 -0.922005 -2.30294 6.86433 -3.8866 0 0
0 0 31 2.06777 2.73208 -3.27488 -0.638212 0 0
0 0 32 1.25219 0.335638 0.894038 5.54017 0 0
0 0 33 8.57941 -1.60325 -1.30998 -0.79412 0 0
0 0 34 0.0233785 0.937453 0.0764885 0.625436 0 0
0 0 35 2.67555 0.771774 -1.96891 -8.28454 0 0
0 0 36 -0.727665 -1.50575 0.391661 -0.181804 0 0
0 0 37 -1.02145 -3.23968 0.0975836 -2.05781 0 0
0 0 38 0.861357 3.18225 -4.93886 0.64517 0 0
0 0 39 3.05483 3.01828 -1.43207 -0.57954 0 0
0 0 40 1.7102 3.06126 2.12703 3.20571 0 0
0 0 41 -0.864057 -6.38302 -2.49833 0.704232 0 0
0 0 42 -0.563193 0.705207 0.811446 3.97296 0 0
0 0 43 1.38597 7.18056 2.30964 -0.495838 0 0
0 0 44 -1.18345 1.7001 0.761948 -0.545159 0 0
0 0 45 0.0175367 0.464675 1.13477 -0.0739821 0 0
0 0 46 1.65342 -0.893731 -1.80523 0.492211 0 0
0 0 47 -2.96342 -1.59539 0.532069 -3.85323 0 0
0 0 48 0.0518982 -7.75015 -1.67925 4.58019 0 0
0 0 49 -5.84353 -3.03677 -2.13571 1.02075 0 0
0 0 50 2.26607 4.14202 -0.176587 -1.09399 0 0
0 0 51 2.0119 -0.50604 -2.69159 1.94085 0 0
0 0 52 -5.73597 0.339475 1.19003 1.52774 0 0
0 0 53 -3.43293 0.923466 -0.717823 -1.28914 0 0
0 0 54 0.992106 -0.152176 1.83269 -3.36447 0 0
0 0 55 -2.19526 2.04404 -3.62792 -1.57116 0 0
0 0 56 6.4228 1.71888 0.639217 -1.23497 0 0
0 0 57 -0.0338079 -2.15005 -2.46014 -1.58357 0 0
0 0 58 -5.18749 -2.93803 -6.95302 5.8501 0 0
0 0 59 -2.82294 1.92953 4.65907 0.879871 0 0
0 0 60 -1.86757 -1.74532 -1.05413 3.04189 0 0
0 0 61 -2.24306 0.795825 -2.59232 -0.371237 0 0
0 0 62 -0.818831 1.36911 -2.70374 -4.1597 0 0
0 0 63 0.254136 1.04791 -2.6811 3.22685 0 0
0 0 64 -0.79578 0.38179 0.738533 -0.0291627 0 0
0 0 65 1.22357 1.20924 -1.05798 -5.25212 0 0
0 0 66 0.0574104 1.10035 2.12261 -0.260959 0 0
0 0 67 3.28465 -2.3859 3.0816 -2.10638 0 0
0 0 68 4.56534 -3.91509 -2.15831 -0.769842 0 0
0 0 69 0.93433 -1.97592 -3.38559 0.587677 0 0
0 0 70 4.80754 2.82364 -4.0887 -0.328004 0 0
0 0 71 2.82037 -3.34415 5.34008 2.47784 0 0
0 0 72 -1.95357 -5.42574 -3.06378 0.211468 0 0
0 0 73 1.67441 -2.04991 1.03764 3.87639 0 0
0 0 74 -1.01736 -0.872794 -3.04308 -2.00767 0 0
0 0 75 -1.81579 1.61896 -1.08062 1.73091 0 0
0 0 76 2.99149 -1.87197 5.18785 -4.00446 0 0
0 0 77 0.194817 -2.39399 0.848152 1.36763 0 0
0 0 78 0.659607 4.02581 6.00877 -2.62184 0 0
0 0 79 -2.06114 -0.879807 -1.88098 1.51042 0 0
0 0 80 -0.103699 -4.68162 2.09908 -4.70772 0 0
0 0 81 2.96541 1.85659 0.979497 5.01551 0 0
0 0 82 -0.422228 -2.08008 -2.08936 0.385874 0 0
0 0 83 3.46464 -1.14979 -0.0925826 3.93293 0 0
0 0 84 3.50169 -2.2895 1.8372 -0.508686 0 0
0 0 85 -2.77434 -1.82359 1.47507 2.79562 0 0
0 0 86 2.77901 -4.50998 0.821211 -2.45503 0 0
0 0 87 0.861021 3.19354 -2.99272 0.952326 0 0
0 0 88 5.26699 0.38974 3.18543 1.96647 0 0
0 0 89 0.749642 1.97832 0.547085 -0.825988 0 0
0 0 90 4.99755 3.38724 6.17249 -2.33946 0 0
0 0 91 -1.40202 0.587743 -1.42279 2.95893 0 0
0 0 92 2.23596 -2.50816 1.11696 1.67247 0 0
0 0 93 0.0502357 1.85877 2.19154 -3.10054 0 0
0 0 94 4.70457 1.31847 2.7308 -1.95581 0 0
0 0 95 -1.22629 3.98288 3.62855 -0.0893444 0 0
0 0 96 1.76583 -1.19912 -0.68584 -4.55923 0 0
0 0 97 -1.29638 0.647352 -1.71711 -3.72825 0 0
0 0 98 -3.16859 1.08707 -3.51992 1.99488 0 0
0 0 99 0.631383 -0.297415 -0.804844 -0.659358 0 0
0 0 100 -2.7273 -2.27935 2.29901 2.07931 0 0
0 0 101 -1.18179 -3.41069 1.02577 1.92583 0 0
0 0 102 -1.55038 -4.6111 2.80473 -6.77828 0 0
0 0 103 4.82015 -4.81592 -2.51976 -2.24603 0 0
0 0 104 0.515632 -3.728 2.73292 -5.08334 0 0
0 0 105 6.7007 -1.2869 4.78298 2.65966 0 0
0 0 106 -2.87458 -4.74447 -1.88044 0.507738 0 0
0 0 107 7.52395 1.70549 2.22255 2.48832 0 0
0 0 108 -3.51262 -4.12259 3.40142 -2.64064 0 0
0 0 109 3.82954 -3.71292 0.600086 2.14996 0 0
0 0 110 -4.13214 2.03599 4.65833 4.56434 0 0
0 0 111 0.1652 -7.05608 0.473954 -4.0626 0 0
0 0 112 -2.32355 -0.0939248 -3.32401 2.99984 0 0
0 0 113 -2.80963 -3.74223 1.5793 1.13783 0 0
0 0 114 2.19668 -3.43392 -0.294214 -3.86027 0 0
0 0 115 0.290004 -0.753611 -3.3208 2.13415 0 0
0 0 116 3.75617 -0.485042 0.106978 -1.51778 0 0
0 0 117 -0.382453 -0.79742 0.125715 -1.5624 0 0
0 0 118 -0.229278 2.92082 -5.16508 -7.07837 0 0
0 0 119 1.9539 4.51517 2.08397 2.62066 0 0
0 0 120 -2.35283 -1.36165 0.953186 1.8875 0 0
0 0 121 3.47694 -2.90824 1.897 -3.45422 0 0
0 0 122 -0.47815 3.11277 -1.16622 -2.72433 0 0
0 0 123 -6.1394 -1.20768 1.73414 -4.74835 0 0
0 0 124 2.48359 2.11621 -0.325878 -0.756699 0 0
0 0 125 -0.915584 -2.85864 -1.86903 2.31508 0 0
0 0 126 2.20516 -0.653746 1.90896 -0.931708 0 0
0 0 127 2.18922 -3.44618 2.41755 -2.72885 0 0
0 0 128 -1.91399 0.678044 3.50344 -2.6809 0 0
0 0 129 5.57916 -0.68089 3.76354 1.02662 0 0
0 0 130 -0.641937 2.60893 0.481915 -0.90133 0 0
0 0 131 -1.69106 -0.0823712 0.360425 -0.0818635 0 0
0 0 132 4.25844 -2.73145 -1.34794 -0.497757 0 0
0 0 133 -0.483629 -1.77303 0.870491 -0.425796 0 0
0 0 134 2.9559 -4.20794 2.12539 3.56245 0 0
0 0 135 -0.24038 -4.59377 -1.30757 -2.07423 0 0
0 0 136 -4.16277 -7.34373 2.71376 0.343225 0 0
0 0 137 -1.24018 3.11284 1.74277 -4.56998 0 0
0 0 138 -1.01534 5.81867 3.72462 -2.15789 0 0
0 0 139 1.97707 3.03962 1.33315 -0.522418 0 0
0 0 140 5.04105 -1.59179 3.1661 0.414024 0 0
0 0 141 -1.24271 -1.46134 -1.28761 -4.64044 0 0
0 0 142 -2.644 -2.94367 -2.55245 -3.90644 0 0
0 0 143 4.97987 -2.85901 -4.32978 -2.41374 0 0
0 0 144 5.30703 -0.853168 -1.43119 -2.55421 0 0
0 0 145 -0.749942 -1.34874 2.38091 -3.76345 0 0
0 0 146 5.77589 -1.33129 7.64364 0.0382881 0 0
0 0 147 1.63494 1.64155 -3.18193 -3.76144 0 0
0 0 148 3.46051 -1.28031 -0.892011 -7.44788 0 0
0 0 149 -0.586955 -2.42755 0.179962 -0.840114 0 0
0 0 150 2.29368 -0.458881 -1.96288 -0.270019 0 0
0 0 151 0.546541 2.52972 0.0293493 -0.749342 0 0
0 0 152 0.332128 -1.56284 -2.7861 0.607069 0 0
0 0 153 0.279815 2.036 1.74654 -0.603648 0 0
0 0 154 4.15272 0.679257 -3.26619 -3.38931 0 0
0 0 155 0.476127 -4.5161 -2.66286 -1.81056 0 0
0 0 156 1.5712 -2.48977 0.372162 -2.61322 0 0
0 0 157 0.382187 1.61312 -1.09388 0.196031 0 0
0 0 158 1.82492 2.15258 0.278445 0.459302 0 0
0 0 159 4.4999 4.22218 -1.79551 3.75588 0 0
0 0 160 0.627728 -0.238184 -0.40939 0.691952 0 0
0 0 161 0.325008 0.478491 0.906408 0.698191 0 0
0 0 162 3.3211 0.82668 1.1607 1.71656 0 0
0 0 163 -0.520051 -2.51521 1.3377 -1.92576 0 0
0 0 164 1.78281 4.50378 3.97051 3.20522 0 0
0 0 165 -0.234084 -0.570931 1.80654 -2.00337 0 0
0 0 166 1.41585 -4.06301 0.568843 4.23253 0 0
0 0 167 -0.245209 -9.24638 -0.810682 -3.24314 -87.4947 9.26688
0 0 168 2.12438 -3.60353 -0.192286 5.48158 0 0
0 0 169 1.63046 -0.32247 1.10916 -3.22542 0 0
0 0 170 0.462475 2.70745 3.91056 -0.636285 0 0
0 0 171 -4.22211 -0.16117 -2.08772 -3.67049 0 0
0 0 172 1.65724 -0.443293 3.87071 6.53173 0 0
0 0 173 -0.930281 -0.824789 4.86725 -0.721871 0 0
0 0 174 4.12664 2.01001 -0.16447 5.34539 0 0
0 0 175 0.886997 1.89967 0.424326 0.4764 0 0
0 0 176 -5.019 1.13266 1.44402 -1.30045 0 0
0 0 177 2.5296 0.342926 -4.37085 0.824091 0 0
0 0 178 -0.824073 3.50983 3.42996 -1.4389 0 0
0 0 179 -0.128304 -2.5945 1.36968 -1.53792 0 0
0 0 180 1.47592 0.740838 0.618062 -1.66686 0 0
0 0 181 0.369224 7.6025 1.10994 3.89319 0 0
0 0 182 -2.74465 3.07657 -1.25995 0.120527 0 0
0 0 183 1.36638 -5.41539 -2.6815 -2.29037 0 0
0 0 184 -0.782738 3.94119 3.52293 -4.09378 0 0
0 0 185 2.69487 0.777013 4.52459 -3.55002 0 0
0 0 186 -2.81791 -2.17048 3.89438 -1.61634 0 0
0 0 187 0.367836 0.890916 2.42989 -1.57357 0 0
0 0 188 2.07194 -1.03943 3.23072 1.1739 0 0
0 0 189 1.91504 1.03047 -3.69073 3.31946 0 0
0 0 190 3.09526 -5.02317 -3.08218 0.396399 0 0
0 0 191 2.3952 4.29485 -5.22001 -1.80394 0 0
0 0 192 4.92141 1.12171 -3.74444 -1.75042 0 0
0 0 193 0.798995 2.95783 2.26798 0.357262 0 0
0 0 194 1.61827 4.65421 4.79358 -1.54083 0 0
0 0 195 5.6408 3.53489 1.8978 2.78409 0 0
0 0 196 -1.66287 -0.522842 -2.80455 2.86771 0 0
0 0 197 4.95936 -1.47412 1.10553 3.00198 0 0
0 0 198 -1.27536 -3.04147 3.47566 2.72911 0 0
0 0 199 -2.18408 0.986197 0.281487 -0.73432 0 0
0 0 200 -3.38969 0.797999 3.96338 0.066094 0 0
0 0 201 3.20457 2.77973 2.42993 -0.485626 0 0
0 0 202 3.81479 -4.25202 0.317892 1.52696 0 0
0 0 203 -0.454891 -2.1203 -4.48858 0.304692 0 0
0 0 204 -1.64057 -3.01159 0.637044 -2.21554 0 0
0 0 205 2.75645 -3.87113 -6.08604 3.48136 0 0
0 0 206 -2.84619 1.28806 3.42897 4.24526 0 0
0 0 207 -1.4157 -4.2354 -0.426891 4.62391 0 0
0 0 208 -2.37259 -0.0337787 3.1534 4.71909 0 0
0 0 209 -0.963959 0.274392 -0.000766639 1.21565 0 0
0 0 210 -2.21984 -1.8812 -1.57567 1.08534 0 0
0 0 211 -0.129574 5.15447 -3.07348 -1.17871 0 0
0 0 212 -0.170006 0.824271 -2.48894 0.906285 0 0
0 0 213 1.85212 -1.2186 -0.61855 2.79785 0 0
0 0 214 -2.02019 -4.86925 -4.03358 -2.71435 0 0
0 0 215 -0.705803 2.65849 -0.10304 -2.6968 0 0
0 0 216 2.82745 -2.75764 1.75194 -0.0887677 0 0
0 0 217 2.46358 -3.32057 2.94854 1.21493 0 0
0 0 218 -1.72357 1.30865 -1.92988 1.3811 0 0
0 0 219 5.07923 -0.872753 -4.68082 -0.895221 0 0
0 0 220 1.04908 4.40219 1.59165 -0.649424 0 0
0 0 221 3.35026 0.168625 -0.0018235 3.87302 0 0
0 0 222 1.17058 1.07777 1.28385 0.517877 0 0
0 0 223 2.15911 1.06411 -0.090108 3.90623 0 0
0 0 224 2.64527 -0.811155 -0.373759 -1.73584 0 0
0 0 225 -1.68138 -3.04365 -2.24591 -2.3188 0 0
0 0 226 5.57386 -0.92188 -1.41861 0.0213955 0 0
0 0 227 -3.45079 1.34921 0.817666 -1.88399 0 0
0 0 228 -3.06413 -2.5709 1.27188 -1.16049 0 0
0 0 229 -2.53351 -0.733215 1.69565 -2.59241 0 0
0 0 230 6.66468 6.80512 3.66553 -0.665119 0 0
0 0 231 1.68144 -7.58166 -3.27162 -5.81172 0 0
0 0 232 -3.08743 -2.58896 -4.88034 0.507141 0 0
0 0 233 -3.81951 3.53173 -2.24249 1.1885 0 0
0 0 234 3.75954 0.896378 2.40278 2.31015 0 0
0 0 235 -1.72174 -1.1556 -2.34824 0.181967 0 0
0 0 236 4.14838 2.26564 1.36264 -0.364784 0 0
0 0 237 -5.05476 9.16994 -4.9885 1.56149 -14.2732 7.96626
0 0 238 1.92343 4.07681 2.01086 4.0122 0 0
0 0 239 1.03147 5.16637 1.22209 -1.09089 0 0
0 0 240 -0.11893 0.595628 5.15315 -0.418585 0 0
0 0 241 -0.202171 1.71256 0.650503 -0.925473 0 0
0 0 242 4.21096 -4.3823 -5.46817 3.50729 0 0
0 0 243 0.74296 -2.50433 5.83494 -0.376013 0 0
0 0 244 -4.1929 0.918302 2.98562 -3.01368 0 0
0 0 245 -0.842439 3.9471 -0.464769 -3.73371 0 0
0 0 246 3.5799 -2.4792 -0.482054 -0.59995 0 0
0 0 247 -0.00640678 9.30762 0.0669398 -0.257598 0.20603 9.25133
0 0 248 -0.308836 -2.63136 -1.01678 -0.0578311 0 0
0 0 249 0.580355 4.24525 0.79607 4.93648 0 0
0 0 250 -1.26126 -0.368442 -3.38151 5.45181 0 0
0 0 251 5.75894 4.39277 -2.77736 2.12103 0 0
0 0 252 2.63769 4.92049 2.35623 -2.79588 0 0
0 0 253 1.41709 2.82436 -0.513081 -1.06146 0 0
0 0 254 -0.435079 2.72544 -2.18667 0.639303 0 0
0 0 255 -1.14212 -2.5437 -1.88138 1.76334 0 0
0 0 256 0.59311 -3.7396 0.423221 -2.8935 0 0
0 0 257 4.08197 -1.61944 5.0833 -4.24639 0 0
0 0 258 -1.39965 3.38181 0.468106 -0.761716 0 0
0 0 259 1.86682 2.57123 -0.222844 3.91274 0 0
0 0 260 1.97575 -5.671 -1.73421 3.07527 0 0
0 0 261 2.22435 -2.17901 -1.64411 -0.0443096 0 0
0 0 262 -3.0152 -0.989757 0.967421 5.13337 0 0
0 0 263 3.85414 -0.434332 -0.35016 6.11606 0 0
0 0 264 3.1139 -3.92387 2.15399 1.26247 0 0
0 0 265 -0.806472 1.60144 -2.91921 0.187388 0 0
0 0 266 3.33369 1.31339 2.21947 -2.00472 0 0
0 0 267 1.4684 -8.13137 -2.83586 2.67901 0 0
0 0 268 1.07415 -2.39599 -1.83869 -0.18798 0 0
0 0 269 1.58977 -2.20083 1.71367 -7.03167 0 0
0 0 270 2.09001 1.6451 -1.85729 -0.807027 0 0
0 0 271 -0.97258 0.759606 -1.36625 -0.827019 0 0
0 0 272 1.25361 -1.01299 4.24585 -3.29195 0 0
0 0 273 3.06504 -2.64114 1.31727 -5.34618 0 0
0 0 274 2.48711 -6.00598 -1.20138 -0.670621 0 0
0 0 275 -2.20646 1.87383 -2.91574 0.213332 0 0
0 0 276 -3.14348 -5.41992 0.519069 -1.32945 0 0
0 0 277 -1.1622 1.07421 0.0247701 3.49114 0 0
0 0 278 1.68833 -0.773934 -0.88563 4.67583 0 0
0 0 279 3.12114 3.92157 0.879361 1.00234 0 0
0 0 280 -0.765052 -0.147707 -4.48118 3.47508 0 0
0 0 281 0.241653 -2.53016 -6.01162 0.548015 0 0
0 0 282 -0.194869 -0.0411054 4.57245 0.419895 0 0
0 0 283 1.26022 2.46625 -1.29589 1.09864 0 0
0 0 284 0.0164151 3.75434 1.76966 2.4724 0 0
0 0 285 0.682068 -3.6896 0.779704 0.805306 0 0
0 0 286 -0.572705 3.57513 2.56667 0.70921 0 0
0 0 287 2.11161 0.47607 1.04655 -1.01043 0 0
0 0 288 -2.98734 1.7783 -1.1481 -3.35766 0 0
0 0 289 0.157297 1.84366 0.145676 3.59526 0 0
0 0 290 -0.268947 -1.08204 0.242427 0.680937 0 0
0 0 291 1.35641 -5.42534 -2.74046 -3.73506 0 0
0 0 292 -0.62389 0.661432 2.83802 1.24159 0 0
0 0 293 0.812763 -1.81867 3.03963 -6.80953 0 0
0 0 294 4.74184 -2.55656 -1.74712 1.1966 0 0
0 0 295 -1.00693 -2.29324 -1.10018 -3.22033 0 0
0 0 296 -4.85245 -1.85166 0.424213 -1.45116 0 0
0 0 297 3.82767 -0.203238 1.28141 -2.26098 0 0
0 0 298 4.65065 -1.13407 -1.25214 1.18001 0 0
0 0 299 2.78959 2.0801 1.28071 -1.03614 0 0
0 0 300 -0.949762 -1.99501 -0.322046 0.424985 0 0
0 0 301 -2.74428 -0.00796425 -0.309057 -0.112262 0 0
0 0 302 -2.24287 -0.384603 -6.11893 -0.920614 0 0
0 0 303 -1.44145 1.35014 -3.46784 -1.1336 0 0
0 0 304 -2.19729 -0.0148637 5.18031 -0.75929 0 0
0 0 305 2.6869 -1.15922 1.56369 -3.12126 0 0
0 0 306 0.598699 -0.507357 1.21932 1.79182 0 0
0 0 307 3.34087 2.08694 -1.41302 -1.53583 0 0
0 0 308 -3.47371 4.26192 -2.69077 -0.145325 0 0
0 0 309 -2.7742 0.906199 1.33314 -0.840995 0 0
0 0 310 2.47963 2.14726 0.525781 3.98287 0 0
0 0 311 -0.0765921 -1.00124 0.714292 2.16329 0 0
0 0 312 -0.928496 -0.0414756 -0.0263763 1.9068 0 0
0 0 313 -1.71516 0.98211 -1.689 5.21894 0 0
0 0 314 2.65281 1.84671 4.48221 -1.06499 0 0
0 0 315 3.86829 0.0855081 -3.12524 5.24005 0 0
0 0 316 1.72646 -4.69042 -3.76539 -4.17534 0 0
0 0 317 -2.41963 -5.29951 -3.67456 3.98563 0 0
0 0 318 -6.58007 3.40779 4.70506 -1.01965 0 0
0 0 319 0.148486 -2.6001 1.97745 -1.80728 0 0
0 0 320 -2.53134 2.07248 0.598682 -0.135176 0 0
0 0 321 -2.54032 -4.11121 1.72848 2.8895 0 0
0 0 322 1.89504 -1.56006 0.442799 -1.97302 0 0
0 0 323 5.4475 -0.722181 0.645838 1.2681 0 0
0 0 324 1.07024 2.03877 -1.323 3.00842 0 0
0 0 325 4.14044 1.58467 -0.844205 3.25788 0 0
0 0 326 -0.143721 1.55957 1.86055 -1.72442 0 0
0 0 327 -0.261584 3.28047 3.93525 -1.4083 0 0
0 0 328 -4.2365 -0.215946 3.12918 -1.44786 0 0
0 0 329 1.99602 1.33738 -2.95443 1.79842 0 0
0 0 330 0.287961 -1.35041 -2.76244 1.38516 0 0
0 0 331 0.116762 6.79397 3.24701 0.951212 0 0
0 0 332 4.20537 -6.09153 -1.82037 0.874716 0 0
0 0 333 2.28508 -2.95853 2.64296 1.83021 0 0
0 0 334 1.94905 -5.84033 -1.26632 -0.964715 0 0
0 0 335 -2.06075 4.86449 3.04044 7.03672 0 0
0 0 336 -2.16798 0.843172 2.23271 4.67289 0 0
0 0 337 -1.83857 -0.515758 2.94611 -2.43544 0 0
0 0 338 1.92366 -3.17651 0.633256 -1.92409 0 0
0 0 339 1.5398 -2.71628 -0.59273 0.248494 0 0
0 0 340 2.99783 0.889901 1.92701 -0.822339 0 0
0 0 341 -2.7492 -0.166331 1.28076 3.32533 0 0
0 0 342 -0.612861 -3.81955 -1.42 -2.17705 0 0
0 0 343 0.332414 3.02063 1.50006 -0.757248 0 0
0 0 344 0.296958 1.68467 -3.25211 -4.05257 0 0
0 0 345 1.57758 -0.284433 -1.47746 -1.86192 0 0
0 0 346 -1.96518 4.13319 3.34219 -1.05944 0 0
0 0 347 1.60368 -0.47472 5.37495 0.617799 0 0
0 0 348 -4.0517 3.38525 3.37561 -0.146999 0 0
0 0 349 0.0505362 5.21531 -3.28189 1.77661 0 0
0 0 350 -3.93552 2.27526 -3.33754 2.99741 0 0
0 0 351 2.74225 3.01527 -1.48511 -4.18899 0 0
0 0 352 6.86556 -0.503131 -4.33864 0.298235 0 0
0 0 353 -1.28399 -1.48271 2.2532 2.59154 0 0
0 0 354 0.802942 -1.24254 -3.31622 2.37477 0 0
0 0 355 -2.39385 -1.66864 0.149809 -1.63286 0 0
0 0 356 0.184744 1.97514 0.842105 2.7804 0 0
0 0 357 7.37352 1.23084 2.62923 -2.5218 0 0
0 0 358 3.07185 -0.808467 -2.98014 -2.26375 0 0
0 0 359 1.21397 0.143695 5.38678 -0.150646 0 0
0 0 360 3.17992 1.88944 -0.253577 -2.04738 0 0
0 0 361 1.18287 -0.983241 1.1026 1.77731 0 0
0 0 362 2.87878 -1.46142 -3.41716 -1.78368 0 0
0 0 363 2.98842 1.57946 -4.41233 -0.378085 0 0
0 0 364 -6.87817 -6.00551 0.500215 2.53681 0 0
0 0 365 2.71707 0.286051 -1.43626 0.727981 0 0
0 0 366 4.52453 -5.93601 -3.0417 -5.08445 0 0
0 0 367 0.0644027 1.46679 -1.82186 0.668001 0 0
0 0 368 -0.75534 -2.48824 -0.394197 -3.54033 0 0
0 0 369 0.978971 -0.727659 -3.21935 2.83743 0 0
0 0 370 -1.42723 -0.341711 2.80128 0.0734555 0 0
0 0 371 -2.44294 -0.00916648 -3.6027 -1.96319 0 0
0 0 372 -1.27369 2.53989 -0.430366 5.19598 0 0
0 0 373 0.669001 -2.6863 -0.445707 -1.37938 0 0
0 0 374 2.11247 -1.48278 0.521116 -4.5737 0 0
0 0 375 -2.2069 0.937193 0.809554 -2.28074 0 0
0 0 376 0.748726 -1.59857 -2.02336 2.29277 0 0
0 0 377 -0.537862 0.684494 -1.53407 -0.666708 0 0
0 0 378 1.87636 1.76362 -0.415426 -1.03306 0 0
0 0 379 0.515602 6.19715 -0.634312 0.674913 0 0
0 0 380 -1.62916 -1.40472 1.8517 1.39957 0 0
0 0 381 -1.65284 -4.92274 1.70359 4.55808 0 0
0 0 382 -1.88042 1.43768 -0.774457 1.60895 0 0
0 0 383 0.594876 2.50711 3.57267 -0.337495 0 0
0 0 384 0.307103 -1.05868 -7.90143 -3.2142 0 0
0 0 385 0.618387 0.930087 1.58811 1.03188 0 0
0 0 386 0.266001 0.871989 -0.898834 5.91061 0 0
0 0 387 2.75514 -2.56659 0.107023 -0.965856 0 0
0 0 388 -1.88789 -2.49484 4.18849 -0.920891 0 0
0 0 389 -0.781081 1.32177 0.221659 -2.36836 0 0
0 0 390 -0.416466 0.631554 2.34767 -2.79241 0 0
0 0 391 0.100488 -4.53823 -1.06085 5.77928 0 0
0 0 392 -0.365959 0.516177 -2.15509 0.639865 0 0
0 0 393 0.934249 4.75835 2.97812 -6.39451 0 0
0 0 394 3.10927 0.47721 -1.29291 -2.47126 0 0
0 0 395 -2.39331 -3.83738 1.41449 5.64554 0 0
0 0 396 2.23764 0.277346 -2.50667 2.38905 0 0
0 0 397 -2.60685 6.13612 -3.94829 -4.71568 0 0
0 0 398 -3.37257 -0.792999 -2.78059 -3.26074 0 0
0 0 399 1.21185 -2.08376 3.02418 0.249379 0 0
0 0 400 -0.732705 1.8113 -1.80607 1.17385 0 0
0 0 401 -1.76577 -0.576284 1.7548 1.02603 0 0
0 0 402 2.57858 -2.46101 1.10318 3.80132 0 0
0 0 403 2.60454 -0.462548 3.54322 1.33841 0 0
0 0 404 -0.494965 2.31234 0.678216 4.75644 0 0
0 0 405 2.38913 2.29059 1.0231 1.26075 0 0
0 0 406 1.0378 2.48769 -3.70556 -0.770968 0 0
0 0 407 4.21565 -0.261924 0.265084 -1.5904 0 0
0 0 408 5.74799 4.14079 -1.89587 -1.68978 0 0
0 0 409 0.110591 1.40143 1.01766 -2.15947 0 0
0 0 410 0.370458 1.02524 0.156715 1.38881 0 0
0 0 411 1.40761 3.45569 2.70148 4.953 0 0
0 0 412 -3.12755 0.444194 -2.36771 7.69287 0 0
0 0 413 4.45851 -7.25363 3.55073 -1.34307 0 0
0 0 414 3.50735 2.2091 1.25564 4.83141 0 0
0 0 415 3.85066 0.942747 0.466705 -1.13095 0 0
0 0 416 1.01897 -1.17549 -0.129777 4.57206 0 0
0 0 417 2.40516 -3.20601 -0.430881 -1.51897 0 0
0 0 418 -0.285719 -0.547127 4.50095 1.1984 0 0
0 0 419 1.06909 -0.945827 1.25161 2.1595 0 0
0 0 420 1.08626 3.38492 2.02043 -0.762657 0 0
0 0 421 -3.02045 -1.45802 -2.13461 0.1564 0 0
0 0 422 2.5045 -2.33275 -2.28453 1.0331 0 0
0 0 423 3.12077 -4.0444 3.31634 -0.621193 0 0
0 0 424 -0.514416 -1.50039 -2.31218 -1.11129 0 0
0 0 425 -3.13191 3.82119 -1.21991 0.518964 0 0
0 0 426 -3.10555 -1.65824 1.18039 -3.69771 0 0
0 0 427 5.38634 -4.8446 0.701754 1.11322 0 0
0 0 428 -0.97015 -1.42835 -0.567427 -3.98031 0 0
0 0 429 -1.99304 1.19795 -3.17416 -0.710754 0 0
0 0 430 -0.321373 -2.26594 -2.31374 2.61215 0 0
0 0 431 0.917488 2.26174 -2.26783 -0.178568 0 0
0 0 432 -1.96343 1.83834 -5.49429 -0.371408 0 0
0 0 433 -2.71771 3.53578 -1.90212 -1.43674 0 0
0 0 434 -5.55506 2.45042 5.15562 3.93503 0 0
0 0 435 1.2639 5.93485 1.11708 -0.571691 0 0
0 0 436 0.98578 0.768776 -3.63798 -0.883372 0 0
0 0 437 0.535143 -0.810891 2.36122 1.63966 0 0
0 0 438 0.352289 -0.994926 3.82035 2.37688 0 0
0 0 439 2.79197 -2.75872 -1.46609 -2.78726 0 0
0 0 440 -0.672984 -3.46218 -4.73136 4.35282 0 0
0 0 441 2.15144 0.760749 2.89356 -1.52471 0 0
0 0 442 3.08746 1.94622 1.4247 2.29564 0 0
0 0 443 -0.619201 -2.18582 -5.34128 -2.59982 0 0
0 0 444 2.75589 -0.21869 2.88681 0.990687 0 0
0 0 445 -1.17569 -4.57956 -1.67061 -6.07457 0 0
0 0 446 0.303241 3.21704 -5.18972 0.678255 0 0
0 0 447 -1.16606 0.772131 1.7379 -0.784394 0 0
0 0 448 1.9713 1.61873 -3.24925 0.406159 0 0
0 0 449 4.2037 -2.66927 -6.0673 -3.36314 0 0
0 0 450 2.05393 0.653377 3.75179 -2.90354 0 0
0 0 451 2.51647 -3.62 4.72666 4.67585 0 0
0 0 452 4.89492 2.58987 1.0348 -3.74279 0 0
0 0 453 5.54836 0.979349 -0.680257 2.82215 0 0
0 0 454 0.848681 2.34556 4.26127 -3.07473 0 0
0 0 455 -0.694129 0.231708 4.29058 2.11181 0 0
0 0 456 -1.24915 -4.09505 -0.617069 2.17501 0 0
0 0 457 -1.98044 -1.73652 -2.06563 0.685007 0 0
0 0 458 -2.99868 1.44564 -1.69113 -0.120008 0 0
0 0 459 -0.0280869 3.30503 -0.820686 -4.5278 0 0
0 0 460 0.263117 3.63862 1.03492 -1.78094 0 0
0 0 461 -1.32875 -4.06706 2.21812 -2.95831 0 0
0 0 462 -0.114356 -0.738299 1.89345 -2.07792 0 0
0 0 463 -1.13083 3.10503 -4.29299 2.20031 0 0
0 0 464 2.26074 -0.407898 -3.93676 -2.25706 0 0
0 0 465 -3.83826 -3.41324 1.5492 -2.21682 0 0
0 0 466 1.91221 -1.36925 2.72766 0.597889 0 0
0 0 467 -1.70304 -4.39299 2.31432 2.35933 0 0
0 0 468 -5.83657 -2.27685 -1.41092 -3.81521 0 0
0 0 469 -0.426836 0.495436 0.834582 -0.050407 0 0
0 0 470 2.11818 -0.512531 -1.19449 3.9797 0 0
0 0 471 -2.60237 0.50758 0.0802192 2.92459 0 0
0 0 472 -3.61606 4.58217 -1.00737 -4.60934 0 0
0 0 473 -5.76422 -1.91993 1.78656 -4.06153 0 0
0 0 474 -1.11981 1.29917 0.864627 -2.98145 0 0
0 0 475 0.152209 -3.06864 -4.47062 1.61885 0 0
0 0 476 1.33159 -2.0294 2.12327 1.12809 0 0
0 0 477 2.15567 -0.253786 2.16998 -0.607675 0 0
0 0 478 3.78047 -0.732414 5.35968 3.71738 0 0
0 0 479 0.564029 0.11449 -0.535796 3.41935 0 0
0 0 480 -5.14328 2.75699 -1.63569 -3.09122 0 0
0 0 481 -2.70042 -6.37209 -1.17133 -0.283967 0 0
0 0 482 -0.31146 0.603792 -1.53518 3.23135 0 0
0 0 483 -4.22079 -1.09057 0.0438889 -3.96691 0 0
0 0 484 0.688702 -2.28579 -0.963073 -0.353958 0 0
0 0 485 1.89905 -2.60005 -0.28946 0.509252 0 0
0 0 486 3.04864 -1.68712 -3.49573 -0.175279 0 0
0 0 487 -1.3447 2.77495 3.542 0.902258 0 0
0 0 488 -0.123626 1.19383 -1.218 2.72745 0 0
0 0 489 -1.44568 -1.77763 5.20777 -1.79529 0 0
0 0 490 -0.627484 -0.0929126 -1.24667 -2.82404 0 0
0 0 491 -0.773225 0.860354 2.38982 3.13811 0 0
0 0 492 0.997924 4.17239 -6.06004 -2.47313 0 0
0 0 493 -0.375643 -0.526704 5.73073 5.41121 0 0
0 0 494 0.20813 3.01608 4.42749 -0.101605 0 0
0 0 495 3.61101 2.72524 -2.44898 -2.52358 0 0
0 0 496 4.59382 -0.152704 4.13717 0.919979 0 0
0 0 497 0.722498 -2.98495 -0.279896 -0.126324 0 0
0 0 498 4.11341 0.136357 -6.7005 0.354892 0 0
0 0 499 2.37638 2.90414 -0.207559 -0.840842 0 0
0 0 500 3.14389 1.60545 -0.682293 -5.73396 0 0
0 0 501 -2.05221 -0.962695 6.2191 -0.0806764 0 0
0 0 502 1.7451 2.22748 -3.94873 0.874244 0 0
0 0 503 4.65707 -5.19401 0.232022 5.34242 0 0
0 0 504 0.215856 0.826734 -1.70201 0.0723298 0 0
0 0 505 -1.24433 -7.07155 3.58171 3.26874 0 0
0 0 506 1.92769 3.81206 1.8587 2.99139 0 0
0 0 507 0.601462 -2.60135 -3.59627 -7.06234 0 0
0 0 508 -1.4887 -3.38887 1.58352 3.55694 0 0
0 0 509 -0.315006 4.21493 0.377975 4.22327 0 0
0 0 510 4.46178 -2.56971 -2.22 -6.4073 0 0
0 0 511 0.839467 2.44825 -2.20875 2.11048 0 0
0 0 512 4.25788 1.92489 -1.15178 1.87407 0 0
0 0 513 -1.87894 2.50406 2.17131 0.511372 0 0
0 0 514 -1.06617 -4.08424 -4.83702 -1.71582 0 0
0 0 515 -3.02216 -0.718068 0.0951464 -0.0805881 0 0
0 0 516 5.59716 1.04265 -0.0324882 1.91913 0 0
0 0 517 1.055 -2.57479 2.70074 1.55804 0 0
0 0 518 0.212781 -0.979865 -0.109913 -3.322 0 0
0 0 519 -1.8753 6.40199 -0.462191 -1.69029 0 0
0 0 520 -0.303074 -6.26928 2.58171 1.11457 0 0
0 0 521 -3.55255 -2.8016 3.64946 -4.35458 0 0
0 0 522 -0.780451 -3.56785 0.870137 0.120254 0 0
0 0 523 2.12448 0.796232 0.141012 -1.3883 0 0
0 0 524 -3.65641 0.615458 -6.90722 4.16589 0 0
0 0 525 1.64636 -1.53266 -8.53514 -1.16312 0 0
0 0 526 -1.57989 -1.89485 -1.7738 -3.85714 0 0
0 0 527 -3.45675 0.169866 0.540199 -7.48439 0 0
0 0 528 -3.00597 3.58468 -1.09614 1.34267 0 0
0 0 529 3.33359 -0.00435853 0.635015 2.90645 0 0
0 0 530 -4.57044 2.07803 -2.19479 2.73444 0 0
0 0 531 0.68244 0.543235 -0.606073 4.50072 0 0
0 0 532 3.14194 -0.572679 4.00435 3.43627 0 0
0 0 533 -0.613032 -1.02438 2.56731 -5.7461 0 0
0 0 534 -1.49682 0.526376 2.74891 1.80374 0 0
0 0 535 -1.93065 1.99376 1.80483 1.24503 0 0
0 0 536 -3.96549 0.769142 -0.496982 0.92416 0 0
0 0 537 0.0148693 -0.890195 0.887656 -0.356449 0 0
0 0 538 2.67303 -1.47336 4.73265 5.777 0 0
0 0 539 0.623219 -0.5635 -2.37402 -0.658837 0 0
0 0 540 -0.117618 2.02864 -0.298949 3.07252 0 0
0 0 541 -0.964392 1.1297 2.80087 2.34723 0 0
0 0 542 -2.96148 1.92899 2.09068 1.35462 0 0
0 0 543 -3.09968 -0.473789 0.246087 0.3224 0 0
0 0 544 0.687273 1.30236 0.658282 -2.27722 0 0
0 0 545 0.00398421 -0.388553 -6.25118 -4.05867 0 0
0 0 546 -0.701646 0.199705 -3.38444 0.0569 0 0
0 0 547 0.821133 -0.675077 0.748298 -2.05777 0 0
0 0 548 8.21604 3.00159 -1.54897 1.14608 0 0
0 0 549 -5.15813 0.901721 -2.78329 -2.17561 0 0
0 0 550 -1.40811 2.60327 -7.89884 0.0176637 0 0
0 0 551 4.08369 -2.39275 1.32737 -4.67694 0 0
0 0 552 7.23277 1.17642 2.66726 -6.00856 0 0
0 0 553 2.06018 -0.757339 1.51488 -3.0994 0 0
0 0 554 -5.94991 1.3821 3.65074 -3.05363 0 0
0 0 555 5.28731 1.19087 1.19565 -1.9368 0 0
0 0 556 0.21978 1.26435 2.2722 2.42607 0 0
0 0 557 0.862184 -1.10563 -2.7281 2.04985 0 0
0 0 558 0.461746 2.73898 -1.04362 -0.479668 0 0
0 0 559 -3.91096 -0.339194 1.75664 -1.83364 0 0
0 0 560 3.41157 0.885837 -1.96913 3.21388 0 0
0 0 561 -3.49577 3.80652 -0.473785 3.55657 0 0
0 0 562 5.38093 -3.04528 1.36857 -2.70987 0 0
0 0 563 2.595 -2.05816 5.32199 1.56663 0 0
0 0 564 2.55192 2.72302 0.973998 1.24855 0 0
0 0 565 2.355 3.39484 1.21719 -3.71421 0 0
0 0 566 0.845033 0.356474 0.558075 5.3042 0 0
0 0 567 -0.225383 -2.06736 -3.74072 4.12625 0 0
0 0 568 3.39512 1.88393 6.26913 2.69899 0 0
0 0 569 -0.698521 5.89049 -3.38993 -2.41983 0 0
0 0 570 3.86431 3.49153 3.08868 5.16997 0 0
0 0 571 -3.35971 -3.24927 -0.744345 -3.44362 0 0
0 0 572 2.32065 -2.79719 0.813484 -2.34334 0 0
0 0 573 -3.32256 -2.08638 -2.43303 -0.145585 0 0
0 0 574 -0.476373 0.0621498 1.36981 1.17608 0 0
0 0 575 2.05118 -1.69333 0.0180166 1.70374 0 0
0 0 576 3.11284 2.01627 -6.54453 -2.6671 0 0
0 0 577 -1.77974 -2.56589 -1.92966 2.00455 0 0
0 0 578 -4.709 1.02172 -4.75101 1.50212 0 0
0 0 579 -4.12667 -0.488472 2.80637 3.10559 0 0
0 0 580 1.49314 -1.29468 -3.71762 -0.205636 0 0
0 0 581 0.00269729 1.51129 -0.57688 2.83154 0 0
0 0 582 -2.81358 -0.818866 -8.51859 -6.24344 0 0
0 0 583 -1.79023 3.36459 0.746274 3.88764 0 0
0 0 584 3.24028 3.4447 1.4655 0.717158 0 0
0 0 585 4.76598 1.88874 0.500798 -1.19547 0 0
0 0 586 2.82206 -0.0902208 -2.28783 0.553715 0 0
0 0 587 -0.754511 -2.88907 -1.44284 -2.2146 0 0
0 0 588 -2.81095 -0.0830861 3.77739 0.732092 0 0
0 0 589 -0.519211 -3.51896 2.30959 -1.14063 0 0
0 0 590 -2.50997 0.207258 -2.89219 -1.64241 0 0
0 0 591 -1.10337 -0.835626 2.51307 0.621015 0 0
0 0 592 -5.84962 2.23934 3.1911 -0.0173625 0 0
0 0 593 -0.566179 0.694512 5.51614 0.220629 0 0
0 0 594 -1.60011 -0.754741 -3.90191 3.41181 0 0
0 0 595 0.370709 -1.02729 -0.0857938 -3.51973 0 0
0 0 596 -0.226561 -6.08308 2.75468 3.54055 0 0
0 0 597 -0.376266 4.91892 -1.55299 3.05136 0 0
0 0 598 -2.83741 -0.813755 -0.147444 0.386878 0 0
0 0 599 0.34362 -1.50976 -1.02704 -2.70572 0 0
0 0 600 1.6148 -0.856731 -0.253597 0.932161 0 0
0 0 601 -0.709523 1.1205 1.34817 3.19872 0 0
0 0 602 -1.13545 0.719414 -1.88871 -5.51243 0 0
0 0 603 -2.93098 -0.446513 -3.92942 1.81552 0 0
0 0 604 4.34733 5.74527 -1.87563 1.95379 0 0
0 0 605 -2.10679 -1.67005 5.02628 -2.44524 0 0
0 0 606 3.99767 -3.2493 3.45679 -1.02211 0 0
0 0 607 -4.00516 1.94066 2.94678 -3.70901 0 0
0 0 608 -2.86625 1.09224 -2.14119 0.524981 0 0
0 0 609 5.10116 0.369406 1.6706 3.71874 0 0
0 0 610 1.53482 -0.580449 1.52302 6.15558 0 0
0 0 611 1.6418 1.3174 -6.6048 -1.31553 0 0
0 0 612 -0.206456 -0.551821 1.34721 3.66549 0 0
0 0 613 -0.998445 -2.23299 4.51338 0.0344239 0 0
0 0 614 -0.201221 3.80849 0.746037 -1.00025 0 0
0 0 615 3.59216 1.49055 -3.80062 0.206332 0 0
0 0 616 0.960883 -0.774677 0.109691 1.01006 0 0
0 0 617 -0.909677 -0.249535 2.30548 4.80471 0 0
0 0 618 -0.478032 1.02299 -0.773191 -2.83328 0 0
0 0 619 0.845345 -1.43365 3.57304 2.15503 0 0
0 0 620 2.10254 -2.34187 0.648015 0.370649 0 0
0 0 621 2.79697 4.69375 -2.54112 1.05812 0 0
0 0 622 7.69169 0.915297 3.20273 1.36299 0 0
0 0 623 3.29814 2.13114 -2.22797 -1.83553 0 0
0 0 624 0.383266 -1.99154 2.779 -0.336439 0 0
0 0 625 0.894887 5.13743 -4.05812 -0.499481 0 0
0 0 626 4.21874 0.475542 1.05441 -2.77214 0 0
0 0 627 0.952554 -2.21869 -5.90483 3.89703 0 0
0 0 628 -1.30902 1.6054 -1.72631 1.61869 0 0
0 0 629 -6.46996 -2.77575 0.99664 3.36859 0 0
0 0 630 3.7366 -0.708474 -4.63667 -0.24832 0 0
0 0 631 4.54806 -2.82429 1.79825 5.09297 0 0
0 0 632 -1.60816 -5.66206 6.93343 1.2297 0 0
0 0 633 -4.35315 1.20946 -4.08965 5.4521 0 0
0 0 634 0.671585 -0.428275 0.766162 -2.52214 0 0
0 0 635 4.57929 -1.05191 -1.49366 0.220693 0 0
0 0 636 5.50099 -3.62374 -2.83419 1.61109 0 0
0 0 637 1.32376 -1.58804 -1.41201 0.291647 0 0
0 0 638 -1.42274 0.197276 -0.675283 1.13473 0 0
0 0 639 -4.87815 -4.00284 -0.523922 3.82597 0 0
0 0 640 -2.34126 -0.53176 1.63767 0.0621991 0 0
0 0 641 -5.09207 2.86185 -2.75134 -3.53555 0 0
0 0 642 3.57868 -2.25572 -1.78258 -1.79573 0 0
0 0 643 1.38663 -3.98004 3.42318 -0.178544 0 0
0 0 644 2.4873 7.66421 -0.974102 -6.42788 0 0
0 0 645 3.34023 -3.51539 3.94189 0.159185 0 0
0 0 646 -0.353419 0.532154 -1.46161 1.15901 0 0
0 0 647 3.24995 -3.49228 -2.06445 -2.00341 0 0
0 0 648 -0.0900129 -1.71143 -2.25668 1.45669 0 0
0 0 649 1.58326 -1.25173 -0.0349584 3.39116 0 0
0 0 650 1.76443 -0.0483677 -2.09472 -0.820018 0 0
0 0 651 1.0959 0.913022 0.380975 3.29694 0 0
0 0 652 -0.509055 1.58524 -0.129517 -0.288915 0 0
0 0 653 3.82117 2.89549 -5.57784 -3.25908 0 0
0 0 654 1.23031 1.92179 1.59523 -5.64998 0 0
0 0 655 4.7179 1.88924 -2.39355 -1.48972 0 0
0 0 656 0.992693 2.80332 -6.71023 -0.240847 0 0
0 0 657 3.14002 -3.53929 -1.9585 -4.59966 0 0
0 0 658 -2.49241 4.46721 -0.238415 1.36426 0 0
0 0 659 -5.47826 0.526181 -0.381945 2.24449 0 0
0 0 660 2.62589 0.643396 -1.6149 0.353654 0 0
0 0 661 0.447929 0.0884013 -4.19515 -3.85117 0 0
0 0 662 2.80889 4.55863 -1.46671 6.56068 0 0
0 0 663 5.04387 -0.786712 -5.9417 -1.31628 0 0
0 0 664 -1.17983 4.83174 -1.04521 -2.32927 0 0
0 0 665 3.76324 2.44667 -2.41684 2.02018 0 0
0 0 666 -1.02443 1.46459 -6.1033 2.69185 0 0
0 0 667 0.510118 -1.45088 -3.42843 -4.21772 0 0
0 0 668 5.79513 -4.41896 -3.15271 1.51949 0 0
0 0 669 1.94198 -1.04879 -5.4279 1.13147 0 0
0 0 670 4.95915 -2.75592 -6.04936 -1.78845 0 0
0 0 671 1.63198 6.14266 -1.44389 0.00256076 0 0
0 0 672 5.34183 0.335123 0.247627 6.16566 0 0
0 0 673 2.76234 -0.465113 -7.50795 0.254649 0 0
0 0 674 5.34592 7.45948 -6.23268 3.10585 -19.94 8.30408
0 0 675 6.47946 3.77237 -2.5199 0.945433 0 0
0 0 676 10.2529 4.30973 -9.26488 0.803246 -32.5268 7.33453
0 0 677 11.8561 3.61586 -4.69561 -1.90889 0 0
0 0 678 6.09279 2.80865 -5.98858 -3.78284 0 0
0 0 679 8.62707 -1.74334 -2.47543 -0.300332 0 0
0 0 680 5.17947 1.7799 -7.49136 3.5308 0 0
0 0 681 4.78798 -1.39672 -6.38423 1.54212 0 0
0 0 682 8.65929 -2.57322 -7.07941 -5.19002 0 0
0 0 683 6.87614 0.649601 -7.8871 3.83827 0 0
0 0 684 11.1805 -1.37921 -8.1328 1.21688 0 0
0 0 685 10.3693 -3.89723 -0.0897793 2.53885 0 0
0 0 686 0.0624154 -5.11874 -5.84141 -1.4901 0 0
0 0 687 8.80734 -0.873696 -5.50912 -1.90472 0 0
0 0 688 7.78479 2.6671 -0.484646 0.117698 0 0
0 0 689 4.82859 3.3567 -7.50871 2.67092 0 0
0 0 690 5.85253 -3.81191 -6.04456 2.5583 0 0
0 0 691 5.36049 -1.09405 -5.04557 0.411591 0 0
0 0 692 7.74962 6.21592 -5.27668 0.234188 0 0
0 0 693 7.64675 2.92975 -3.11791 -0.00563776 0 0
0 0 694 5.72662 3.8602 -4.12803 1.75117 0 0
0 0 695 9.49494 4.64708 -2.4614 1.40244 0 0
0 0 696 5.00818 -1.26492 -4.22322 3.22984 0 0
0 0 697 7.25577 1.19721 -8.45216 -0.431276 0 0
0 0 698 3.28592 2.45307 -2.64803 -1.27591 0 0
0 0 699 5.30046 2.27754 -6.11447 -1.53147 0 0
0 0 700 8.04719 6.88928 -7.7347 -0.511596 -24.1543 7.59904
0 0 701 4.94887 1.31102 -1.64734 5.6406 0 0
0 0 702 5.9164 1.21563 -10.4726 -4.09871 -41.6894 6.87706
0 0 703 6.61214 -2.94725 -5.93982 -2.87169 0 0
0 0 704 3.14584 0.0720237 -1.90454 2.77485 0 0
0 0 705 11.3763 -4.34933 -6.67044 -1.3992 0 0
0 0 706 7.02138 3.38876 -8.48954 -2.58163 0 0
0 0 707 4.16175 -0.660708 -8.34768 5.21192 0 0
0 0 708 6.30883 -2.35037 -6.81384 5.79991 0 0
0 0 709 5.77403 1.94845 -9.67635 4.55174 -39.3075 7.38461
0 0 710 9.17599 -2.81955 -5.2075 -4.4468 0 0
0 0 711 8.62072 -4.0974 -4.70653 -0.727508 0 0
0 0 712 8.37002 0.84065 -2.40662 -2.2625 0 0
0 0 713 6.23067 2.28081 -10.8792 1.8446 -39.0797 6.56166
0 0 714 8.97952 -0.963474 -8.15034 -1.74454 0 0
0 0 715 7.91785 1.73735 -5.90195 -2.35019 0 0
0 0 716 11.2412 3.69681 -6.69988 -1.76509 0 0
0 0 717 15.4448 2.52641 -9.35256 3.28393 -37.4417 7.56878
0 0 718 14.3955 3.02924 -11.0325 -1.41435 -37.3232 6.41179
0 0 719 14.517 0.691781 -10.5455 0.594923 -43.1234 6.84777
0 0 720 14.1843 -2.37851 -13.9873 2.79821 -49.8253 5.12592
0 0 721 17.6318 0.392535 -13.5107 -7.6301 -44.1679 5.35024
0 0 722 12.2011 2.65422 -10.6714 1.30349 -38.0163 6.65478
0 0 723 19.7759 1.26054 -17.0542 -2.61663 -42.8864 4.23288
0 0 724 15.0539 0.497077 -14.0147 3.13455 -43.9843 5.15723
0 0 725 23.7115 -0.411706 -18.4161 -2.02316 -45.6403 3.92552
0 0 726 16.9859 0.717908 -17.6049 1.1603 -43.8324 4.105
0 0 727 25.2965 -0.315954 -18.3445 0.218167 -45.4934 3.94107
0 0 728 21.5601 -1.87853 -14.3632 2.86672 -48.7257 5.00894
0 0 729 23.4514 4.98976 -13.6171 2.62148 -34.9378 5.10753
0 0 730 21.5732 1.05982 -18.8881 -3.28194 -43.3942 3.82448
0 0 731 26.7696 -1.29164 -17.7451 -6.50367 -47.0816 4.06828
0 0 732 25.4004 -0.172019 -21.1765 -3.07152 -45.2327 3.41426
0 0 733 28.5353 1.39059 -14.4882 -0.362133 -42.2587 4.97715
0 0 734 27.1459 2.54933 -22.8745 -0.101653 -41.8204 3.14947
0 0 735 26.5749 2.16693 -19.0953 3.14961 -41.7629 3.77228
0 0 736 32.3304 -7.66607 -16.6718 -0.403862 -57.347 4.08159
0 0 737 38.1849 -6.01001 -18.9713 1.16119 -53.789 3.70191
0 0 738 34.7727 2.3339 -27.7607 2.1225 -42.5972 2.59917
0 0 739 43.0066 -5.38173 -22.5566 -2.56862 -51.7096 3.15284
0 0 740 40.6671 -2.44176 -24.9745 -3.19593 -47.792 2.88705
0 0 741 42.5789 -8.82138 -25.384 0.194246 -54.5816 2.75053
0 0 742 44.836 -1.16957 -22.9723 -5.728 -46.4573 3.14504
0 0 743 46.2257 -1.43893 -19.333 1.30456 -47.1283 3.73386
0 0 744 54.8451 -8.02167 -22.1447 0.724122 -54.9562 3.14345
0 0 745 59.6153 -4.63447 -29.5441 0.580963 -49.4576 2.42985
0 0 746 60.7261 -4.77245 -20.4613 -3.87972 -51.5645 3.47824
0 0 747 63.7716 -5.84545 -20.5514 -4.82338 -52.9387 3.43652
0 0 748 68.3909 -1.8226 -10.4441 -2.29683 -49.9495 6.86183
0 0 749 69.7688 1.8764 -5.67325 -3.97879 0 0
0 0 750 70.8281 2.98856 -0.680806 -0.0677375 0 0
0 0 751 68.7993 1.1234 5.57546 2.14624 0 0
0 0 752 74.8376 2.19884 7.6802 -1.95037 0 0
0 0 753 77.8987 3.25544 12.8021 4.62061 37.8663 5.54268
0 0 754 81.3406 9.20099 18.4051 3.18416 31.7194 3.65784
0 0 755 86.8063 9.31327 15.4353 2.8973 29.4471 4.22876
0 0 756 84.1121 5.78097 24.8117 3.36763 38.4422 2.86847
0 0 757 90.8564 6.73321 25.4313 1.5249 37.5853 2.7858
0 0 758 94.166 12.8796 33.1923 0.204391 34.3961 2.08564
0 0 759 93.7984 5.62848 30.0658 1.7223 39.6983 2.38046
0 0 760 93.0848 3.86359 31.2785 2.16468 41.4792 2.30137
0 0 761 94.3868 9.09151 29.1439 -0.952588 36.3373 2.41189
0 0 762 89.7651 14.4414 30.9683 -0.503438 32.4995 2.19363
0 0 763 89.5662 8.96612 22.1834 3.17528 33.9962 3.10935
0 0 764 81.5358 7.32344 19.6995 1.5024 34.8035 3.52658
0 0 765 73.4859 8.84787 19.9985 -1.58182 33.067 3.41766
0 0 766 75.2356 7.11342 15.5 0.349058 32.6741 4.39118
0 0 767 70.1304 4.0023 12.44 1.06335 36.0828 5.64039
0 0 768 63.5043 -2.25854 4.13748 0.730461 0 0
0 0 769 55.5609 2.66931 9.89742 -1.18084 37.4533 7.1526
0 0 770 54.889 -0.787479 4.83981 -2.44424 0 0
0 0 771 52.4897 0.416082 -0.102629 8.08766 0 0
0 0 772 43.9766 -2.89016 2.75413 -0.811575 0 0
0 0 773 39.0176 -4.29224 2.05566 2.02281 0 0
0 0 774 45.1291 0.947336 -0.910386 -0.732765 0 0
0 0 775 38.8008 -2.8001 -6.07625 -5.70387 0 0
0 0 776 38.5128 -2.1439 -5.92138 -2.41862 0 0
0 0 777 37.2207 -2.04083 -1.3008 -2.9267 0 0
0 0 778 28.3824 -0.792591 -0.987499 2.78742 0 0
0 0 779 29.3292 -2.08458 -2.96856 2.69835 0 0
0 0 780 37.0396 -6.99992 -6.56753 -1.0841 -68.4127 8.3288
0 0 781 29.8713 -1.58916 -6.22774 -5.1675 0 0
0 0 782 33.2841 -7.1965 -0.542521 0.331765 0 0
0 0 783 31.8039 -8.04099 0.522835 0.502312 0 0
0 0 784 24.5262 -4.81137 -5.08949 -3.8405 0 0
0 0 785 27.8976 -9.96077 -3.63687 -1.66973 -79.9709 7.9785
0 0 786 25.5449 -1.06402 -5.88094 3.34706 0 0
0 0 787 27.6685 -3.85318 -9.6987 -5.02156 -55.8337 7.12304
0 0 788 32.5468 1.1851 -4.96867 0.994653 0 0
0 0 789 29.4316 -2.24017 -8.11469 -3.52758 0 0
0 0 790 33.8841 -5.83988 -0.856894 -4.27354 0 0
0 0 791 28.7034 -1.34543 -1.36887 -3.83763 0 0
0 0 792 26.1937 -2.06584 -4.01904 -3.76067 0 0
0 0 793 26.7904 -0.197634 -4.11545 -6.98126 0 0
0 0 794 21.3768 -4.6343 -4.42656 -5.25617 0 0
0 0 795 26.8772 2.02334 -4.29553 -6.24077 0 0
0 0 796 26.2477 -3.54612 -4.90756 -2.23479 0 0
0 0 797 26.3194 -7.37581 -4.09637 -9.42543 0 0
0 0 798 31.6675 -4.76003 2.59807 0.191448 0 0
0 0 799 25.0791 -6.05242 -1.49138 -1.2833 0 0
0 0 800 23.2257 -6.62169 -1.57461 -2.52078 0 0
0 0 801 18.5217 -6.57164 -7.48742 -3.95098 -65.6366 7.89073
0 0 802 20.3618 -6.84855 -5.47029 -3.49177 0 0
0 0 803 17.6973 -5.11702 -0.478043 -2.2292 0 0
0 0 804 16.7973 -5.20028 1.17616 -4.01645 0 0
0 0 805 23.7245 -4.0083 -4.64369 -4.35271 0 0
0 0 806 16.7454 -2.53283 -4.99305 -7.62652 0 0
0 0 807 18.4881 -2.92142 -2.87271 -2.86353 0 0
0 0 808 17.208 -10.1354 -0.0175283 0.389631 -89.9505 8.49604
0 0 809 23.4853 -4.50322 -3.02526 -3.12732 0 0
0 0 810 20.0925 -0.691642 -1.16287 -3.49578 0 0
0 0 811 21.7557 -6.49654 -3.57455 -3.45067 0 0
0 0 812 18.9253 -1.37344 -6.00321 -3.61095 0 0
0 0 813 16.4337 -3.81691 2.00369 -7.82008 0 0
0 0 814 18.1771 -3.20377 -0.919878 -4.15467 0 0
0 0 815 19.779 -3.50142 -2.54008 -4.91133 0 0
0 0 816 13.9769 -1.24558 -3.00459 -1.60849 0 0
0 0 817 14.9242 -1.09712 -3.7967 -1.01781 0 0
0 0 818 14.4614 -5.71747 -3.28084 -5.13512 0 0
0 0 819 13.5473 -7.82716 -1.05534 -4.59722 0 0
0 0 820 13.3076 -4.49799 -1.89811 -1.83371 0 0
0 0 821 13.9367 -6.80342 -0.287899 0.143265 0 0
0 0 822 12.7624 -5.22455 -0.347473 -3.12695 0 0
0 0 823 12.4384 -7.94091 1.61355 -7.00373 0 0
0 0 824 9.9867 -5.37186 -1.85076 -5.37473 0 0
0 0 825 7.73134 -1.34422 0.0202155 -2.07354 0 0
0 0 826 8.84934 -1.7698 -5.56654 -2.90466 0 0
0 0 827 9.57602 -3.36793 -3.35641 4.11155 0 0
0 0 828 13.5977 -4.43531 -0.335516 0.817953 0 0
0 0 829 6.77648 -0.681677 -3.76213 4.05369 0 0
0 0 830 8.13426 -4.98522 0.109726 -1.76262 0 0
0 0 831 10.2777 -2.29975 -2.77526 -5.84952 0 0
0 0 832 9.27817 -3.35952 -4.67982 -7.62723 0 0
0 0 833 7.9194 0.742934 -1.52232 -0.403021 0 0
0 0 834 3.9548 -2.6413 0.77431 -0.964942 0 0
0 0 835 8.11574 -3.00699 -1.57287 1.03999 0 0
0 0 836 8.58352 -2.37626 -6.06342 1.42075 0 0
0 0 837 8.07804 -1.15088 5.65036 3.31911 0 0
0 0 838 6.20207 -0.573925 4.71214 -0.16768 0 0
0 0 839 9.17055 0.517356 -4.80202 -7.09267 0 0
0 0 840 8.49171 -0.398044 -0.747266 1.73027 0 0
0 0 841 4.50875 -2.11228 6.46637 -1.169 0 0
0 0 842 2.99228 -3.23208 -2.7904 -1.01077 0 0
0 0 843 5.31831 -2.06791 -3.68923 -1.70305 0 0
0 0 844 -0.563504 -2.8663 -3.74376 -3.58865 0 0
0 0 845 7.46216 -0.965293 -2.50811 -1.17945 0 0
0 0 846 6.33882 -1.76804 0.805452 -0.406555 0 0
0 0 847 3.90083 -5.11503 0.388303 2.59223 0 0
0 0 848 2.78221 -1.89516 -0.957186 3.50503 0 0
0 0 849 2.34975 0.960342 -1.49673 -3.63147 0 0
0 0 850 9.40257 0.881488 -1.63352 3.10725 0 0
0 0 851 4.01313 0.375684 0.530944 -0.31373 0 0
0 0 852 4.78014 0.916499 -0.0219902 -0.689652 0 0
0 0 853 4.39587 1.88423 3.8361 -0.686541 0 0
0 0 854 1.91897 -3.0811 1.88651 2.39934 0 0
0 0 855 1.86603 1.53688 0.566336 -3.30178 0 0
0 0 856 5.85676 0.248098 -3.47018 6.22096 0 0
0 0 857 1.13862 -0.978634 1.31863 -5.42435 0 0
0 0 858 -2.89764 0.425375 4.37546 2.34622 0 0
0 0 859 4.74052 -5.64199 2.51383 -4.66745 0 0
0 0 860 1.23357 -2.37347 -3.95397 3.08925 0 0
0 0 861 4.63213 -0.167118 -2.48396 -2.51059 0 0
0 0 862 4.78385 5.12866 3.55236 -4.23824 0 0
0 0 863 4.16052 2.10469 5.03979 2.686 0 0
0 0 864 2.91128 -7.72546 -1.50616 -7.01787 0 0
0 0 865 0.259617 -1.0703 0.61252 -0.397761 0 0
0 0 866 -3.73596 0.454006 2.36696 1.69229 0 0
0 0 867 0.29272 0.363922 2.07379 6.87597 0 0
0 0 868 3.2364 -3.55573 2.05058 -0.556168 0 0
0 0 869 -0.215712 3.59027 0.0555608 2.2958 0 0
0 0 870 -0.404043 2.92425 5.12256 0.818712 0 0
0 0 871 2.77357 0.277466 5.09441 0.169631 0 0
0 0 872 3.92518 2.48471 -1.62874 -5.42022 0 0
0 0 873 7.51456 -8.024 5.84587 0.801799 71.9624 8.21826
0 0 874 7.17152 4.88891 -0.354686 2.44676 0 0
0 0 875 5.14744 -0.415214 8.04482 4.1452 0 0
0 0 876 4.80316 -2.05596 3.0546 0.328683 0 0
0 0 877 4.40128 -2.96988 4.20968 2.44441 0 0
0 0 878 0.740937 0.676751 -1.78673 -0.239599 0 0
0 0 879 6.41686 1.16975 4.19642 3.77611 0 0
0 0 880 2.5094 -2.07036 0.1506 -3.90374 0 0
0 0 881 3.02135 -2.83649 5.02269 -3.42771 0 0
0 0 882 4.06534 2.5307 7.44108 3.08974 0 0
0 0 883 -0.540041 -2.29773 2.87176 -1.49153 0 0
0 0 884 2.05587 -0.676692 3.1529 -2.22681 0 0
0 0 885 5.31763 -0.722256 5.02552 0.709136 0 0
0 0 886 5.19153 -2.43571 2.69299 -4.1116 0 0
0 0 887 2.89396 0.345668 2.66034 1.34895 0 0
0 0 888 1.89697 -1.42209 -1.7741 -1.39836 0 0
0 0 889 5.16923 0.307083 1.58875 2.78471 0 0
0 0 890 -2.61313 -4.46172 5.23619 0.365819 0 0
0 0 891 5.64997 -6.03173 1.81688 -4.96111 0 0
0 0 892 2.68372 -0.696927 0.364478 -3.55364 0 0
0 0 893 4.24929 3.81635 2.33449 3.07901 0 0
0 0 894 2.58873 6.28125 3.18679 0.396133 0 0
0 0 895 2.33661 -1.88527 0.270959 -1.08649 0 0
0 0 896 3.5829 -2.25572 4.67414 1.85792 0 0
0 0 897 3.37714 0.695653 -1.66707 -3.45128 0 0
0 0 898 4.96581 6.45084 1.06515 -1.68819 0 0
0 0 899 4.39422 0.491605 -3.14467 -3.27271 0 0
0 0 900 2.93055 1.73952 -0.839093 3.22014 0 0
0 0 901 -1.3491 1.62012 -1.34555 -1.24931 0 0
0 0 902 5.96301 -1.64396 1.31937 3.13547 0 0
0 0 903 4.33057 -5.43035 3.48668 0.640465 0 0
0 0 904 1.78028 -4.3975 2.29957 2.10738 0 0
0 0 905 5.23589 -0.2803 3.28589 2.53155 0 0
0 0 906 4.98415 2.45261 1.42802 4.2093 0 0
0 0 907 5.40787 -3.00216 -2.95929 2.66028 0 0
0 0 908 0.291835 4.72965 4.44305 0.513091 0 0
0 0 909 -3.74368 -2.15621 4.81449 -1.40528 0 0
0 0 910 -2.28696 -2.83872 2.55005 3.16938 0 0
0 0 911 6.02395 -1.02429 -0.00841792 -1.19943 0 0
0 0 912 2.9194 1.55724 1.75656 -4.60767 0 0
0 0 913 -1.62447 -0.0950482 0.551892 1.51387 0 0
0 0 914 0.318215 -0.70274 2.37891 -3.59729 0 0
0 0 915 6.54125 -4.20111 7.22162 3.90622 0 0
0 0 916 2.28407 2.59618 -1.11893 -0.46687 0 0
0 0 917 0.511887 -0.735752 -0.827622 0.157117 0 0
0 0 918 2.31281 1.84852 4.93661 -2.67855 0 0
0 0 919 2.59526 4.21586 3.15726 2.32551 0 0
0 0 920 5.89649 -0.439308 1.08679 3.38407 0 0
0 0 921 2.36571 1.29846 -1.71746 9.54421 0 0
0 0 922 -0.277597 -0.698302 0.854502 3.04057 0 0
0 0 923 1.68501 -2.54038 -3.19777 5.06957 0 0
0 0 924 -0.347761 1.9098 -1.23229 -2.52122 0 0
0 0 925 1.94857 3.04116 3.43822 2.61344 0 0
0 0 926 2.9766 -4.94342 1.34774 -1.26659 0 0
0 0 927 -0.770428 -2.06221 2.80659 -3.28394 0 0
0 0 928 0.342872 0.145214 0.575418 3.46953 0 0
0 0 929 -2.51154 -0.698956 3.26762 -2.95155 0 0
0 0 930 -4.09321 0.304286 2.19572 0.779038 0 0
0 0 931 -1.93098 1.37211 4.27072 5.82659 0 0
0 0 932 -3.51226 1.51086 -4.55589 2.21271 0 0
0 0 933 5.96671 3.61474 0.876143 2.07978 0 0
0 0 934 4.49094 -0.971962 -0.712865 0.5239 0 0
0 0 935 -1.33528 -3.81762 -4.48905 0.545953 0 0
0 0 936 1.82055 5.13951 3.41858 -3.46184 0 0
0 0 937 0.800869 -1.96476 0.639935 1.01333 0 0
0 0 938 2.21824 -2.54154 7.36301 3.07421 0 0
0 0 939 -2.522 -1.41788 2.98438 -3.23305 0 0
0 0 940 1.71234 -3.485 -2.05937 0.794444 0 0
0 0 941 -3.97318 2.73939 0.957309 2.50646 0 0
0 0 942 2.56754 1.3623 2.22397 4.81006 0 0
0 0 943 2.84474 -5.06463 1.37729 -1.12259 0 0
0 0 944 1.30291 0.629518 -4.04266 -2.59302 0 0
0 0 945 -1.90437 -0.966832 -0.920488 -0.225889 0 0
0 0 946 -2.37164 -0.448131 2.68516 0.555247 0 0
0 0 947 -1.99339 3.37601 -0.865779 -0.237356 0 0
0 0 948 0.709958 -6.6672 -6.96701 2.44401 -66.8702 8.21352
0 0 949 3.75129 1.2595 1.85959 2.95704 0 0
0 0 950 -2.89961 -4.02748 -2.99465 2.39654 0 0
0 0 951 -0.546681 0.794333 3.05945 -0.820432 0 0
0 0 952 -0.889472 -4.27047 -3.04328 7.01783 0 0
0 0 953 2.95257 -0.975857 1.86505 5.51128 0 0
0 0 954 0.842833 3.66639 0.173852 0.365922 0 0
0 0 955 0.482962 -1.49514 3.45175 6.57678 0 0
0 0 956 5.69384 -0.504252 -2.63038 0.927501 0 0
0 0 957 0.134207 -0.802488 -1.66367 3.52123 0 0
0 0 958 -0.521187 0.313813 -3.22858 0.0357788 0 0
0 0 959 -1.75949 1.26286 0.431651 4.9489 0 0
0 0 960 -4.40586 4.38097 3.53806 -2.07991 0 0
0 0 961 -6.16704 0.447326 3.3319 -4.52334 0 0
0 0 962 7.01515 -2.03488 0.219083 -1.68165 0 0
0 0 963 6.01091 2.78641 3.16933 0.423994 0 0
0 0 964 1.89009 -1.73776 1.54818 -5.85728 0 0
0 0 965 -1.26285 2.18539 1.3174 1.26414 0 0
0 0 966 4.38714 -0.0954854 1.52012 -5.29391 0 0
0 0 967 0.584531 1.29213 6.09359 -4.73821 0 0
0 0 968 2.90487 2.65147 0.742351 -0.409458 0 0
0 0 969 1.30286 -4.9674 0.64485 1.07218 0 0
0 0 970 0.803531 1.84827 -0.75074 2.22269 0 0
0 0 971 1.8736 -0.70599 -2.8608 -2.43386 0 0
0 0 972 4.26171 4.98281 -1.10559 2.04424 0 0
0 0 973 0.91703 -4.74761 1.61734 -0.148633 0 0
0 0 974 4.18356 -1.69361 3.62546 -0.437075 0 0
0 0 975 0.583859 4.46236 2.37963 0.37558 0 0
0 0 976 -2.77517 3.21405 0.863913 -3.83855 0 0
0 0 977 -0.870596 4.32995 5.17344 -1.01501 0 0
0 0 978 5.29231 -2.33432 2.66582 -4.8191 0 0
0 0 979 -3.61614 -5.8102 -0.329275 0.892083 0 0
0 0 980 1.23257 0.079113 0.373661 3.25377 0 0
0 0 981 -2.38175 1.53681 -4.01654 0.69878 0 0
0 0 982 -0.705219 -0.826891 1.50487 -2.30959 0 0
0 0 983 2.83046 -4.06874 3.05138 1.2856 0 0
0 0 984 1.8103 -1.97804 1.28926 -1.25035 0 0
0 0 985 1.535 -3.03227 -3.71742 4.36019 0 0
0 0 986 2.95884 0.412703 1.70597 2.64652 0 0
0 0 987 0.679183 -3.37838 3.03201 1.30883 0 0
0 0 988 2.47851 -0.802022 -0.705842 -2.17894 0 0
0 0 989 1.83049 2.08776 -0.626761 -2.37336 0 0
0 0 990 0.849638 -3.05524 0.288663 -1.58428 0 0
0 0 991 3.48915 -2.76442 -3.96477 -1.82606 0 0
0 0 992 2.76704 0.974757 -1.72495 1.03572 0 0
0 0 993 1.11573 -3.52976 -0.215769 4.28534 0 0
0 0 994 3.07667 0.066564 -1.17532 -2.54294 0 0
0 0 995 0.391246 2.08557 4.08945 -0.101332 0 0
0 0 996 -1.9735 1.49209 -0.59381 -4.01627 0 0
0 0 997 0.487032 -1.71929 0.0656245 1.72792 0 0
0 0 998 -6.26003 2.23956 -0.971646 0.121622 0 0
0 0 999 2.83382 2.86184 -0.077641 2.2786 0 0
0 0 1000 -1.71453 -3.37178 3.90415 1.4033 0 0
0 0 1001 1.27439 -2.34642 2.27199 0.535583 0 0
0 0 1002 2.22685 -0.65438 4.23259 -4.05452 0 0
0 0 1003 -3.41482 -1.02332 -2.6073 -2.6904 0 0
0 0 1004 -0.350187 -2.43033 -2.72572 -0.16059 0 0
0 0 1005 -3.29749 4.44647 -0.503588 4.30973 0 0
0 0 1006 -0.00752103 3.05973 0.334196 -3.46156 0 0
0 0 1007 -3.11825 -4.9266 3.67837 3.12195 0 0
0 0 1008 -0.514833 -2.08051 -2.9214 -2.36987 0 0
0 0 1009 2.26307 0.941125 0.288426 -0.986606 0 0
0 0 1010 -7.88418 0.272196 -3.02319 -2.98558 0 0
0 0 1011 1.41187 2.11915 -5.63337 -0.564892 0 0
0 0 1012 3.15996 1.58015 -0.0288236 1.16661 0 0
0 0 1013 -2.87763 -0.984674 -2.31543 -0.995307 0 0
0 0 1014 0.0926829 1.01745 1.11805 1.24597 0 0
0 0 1015 -4.37377 4.09017 -0.0465311 0.210223 0 0
0 0 1016 -0.813543 -2.53607 2.79628 0.757281 0 0
0 0 1017 -2.95528 -0.672004 -0.582257 -1.51903 0 0
0 0 1018 -1.24478 1.62229 -3.6589 -0.265123 0 0
0 0 1019 -3.70393 -3.2395 0.231055 0.930094 0 0
0 0 1020 6.86117 -0.237611 -3.24166 1.72333 0 0
0 0 1021 0.24152 -0.810306 3.5862 0.00368831 0 0
0 0 1022 0.700603 -3.5613 0.146755 0.378523 0 0
0 0 1023 1.66182 0.514415 4.14978 1.53984 0 0
