# File: uwl_230206_234059_Combined.rf.sbE2.RMC_aux Src: J1713+0747 Nsub: 1 Nch: 1 Npol: 4 Nbin: 1024 RMS: 1.15543
0 0 0 -0.618103 -0.450732 -0.962223 -0.779963 0 0
0 0 1 3.01329 -0.521586 -1.50878 -1.25024 0 0
0 0 2 0.573404 -1.44838 -0.122719 0.345171 0 0
0 0 3 2.60394 -0.689106 0.703137 -0.215625 0 0
0 0 4 0.611463 1.3781 0.356731 1.21945 0 0
0 0 5 -1.32343 0.466866 0.89528 -2.04756 0 0
0 0 6 1.05797 -0.649721 -2.14539 -2.41355 0 0
0 0 7 -0.688845 -1.36993 -1.18554 -2.0859 0 0
0 0 8 -0.49529 0.226384 -1.20409 -0.0363915 0 0
0 0 9 -0.817422 -1.07538 -1.43479 -1.9062 0 0
0 0 10 -0.836192 0.214421 -1.48326 0.912134 0 0
0 0 11 -0.109868 -0.250964 -0.00222568 0.0705352 0 0
0 0 12 1.33792 -0.481075 3.10434 -0.489309 0 0
0 0 13 0.497814 -0.563999 -1.59933 -1.263 0 0
0 0 14 1.51888 1.25208 -1.19064 -1.54297 0 0
0 0 15 1.95549 0.729446 1.68662 -1.00928 0 0
0 0 16 1.02915 0.487784 1.89183 0.131725 0 0
0 0 17 0.284541 -0.10962 -0.362279 -1.57213 0 0
0 0 18 0.679757 1.19331 -0.0393486 -1.8544 0 0
0 0 19 -0.0115877 -0.682689 -0.401651 0.800539 0 0
0 0 20 -0.0339307 0.324697 -0.657583 1.19702 0 0
0 0 21 1.69859 -0.177457 0.202677 -1.32736 0 0
0 0 22 1.91029 -0.121256 1.22751 -2.64397 0 0
0 0 23 1.42561 -2.38011 2.36563 -0.342596 0 0
0 0 24 1.93006 -0.651013 -0.948374 -2.01927 0 0
0 0 25 3.28669 -1.15557 -0.307592 -0.309191 0 0
0 0 26 -0.896955 3.60223 1.77065 -0.748512 13.088 8.09777
0 0 27 2.30802 -2.17355 1.13021 -1.28085 0 0
0 0 28 2.36079 -0.186865 1.79401 0.632544 0 0
0 0 29 0.773665 1.48989 -0.11165 0.436792 0 0
0 0 30 1.40765 -0.61078 0.169524 0.378386 0 0
0 0 31 0.307219 0.279761 2.9073 -0.22189 0 0
0 0 32 0.632411 0.751799 1.60218 0.792073 0 0
0 0 33 1.32075 -0.142729 -0.588154 -2.98963 0 0
0 0 34 -0.852199 -0.195985 1.42803 -1.22262 0 0
0 0 35 1.71451 -0.0610968 -0.520766 -1.39094 0 0
0 0 36 0.51677 -2.69036 1.05456 0.878518 0 0
0 0 37 0.900998 0.805777 2.67182 0.644901 0 0
0 0 38 1.4712 -2.26047 2.45997 -0.762522 0 0
0 0 39 2.64305 -1.04163 0.426658 -1.87783 0 0
0 0 40 1.82873 2.23206 1.44205 0.0972558 0 0
0 0 41 1.33648 -2.32571 0.0844854 -1.70084 0 0
0 0 42 2.00719 -1.13029 0.0928702 -2.02229 0 0
0 0 43 1.23232 -0.0798694 0.234739 -1.39211 0 0
0 0 44 3.07613 -0.227516 3.67299 -0.587794 0 0
0 0 45 1.88536 -1.03384 -0.0482116 -0.777631 0 0
0 0 46 1.32839 -1.59672 -0.13419 -0.941793 0 0
0 0 47 -0.316058 -0.0610397 2.38095 0.820008 0 0
0 0 48 2.28399 -0.740782 0.344029 -0.0162468 0 0
0 0 49 1.16782 -0.770459 1.40394 1.26896 0 0
0 0 50 0.664667 -0.999493 1.30548 -0.873495 0 0
0 0 51 2.83473 -0.766936 -1.10174 -1.74747 0 0
0 0 52 0.115107 1.58347 -1.47327 -1.10956 0 0
0 0 53 0.762976 -0.0757866 2.09004 -0.179866 0 0
0 0 54 -0.839513 -2.11606 1.2896 0.181896 0 0
0 0 55 3.31635 -1.47349 2.75712 -1.12807 0 0
0 0 56 2.23762 0.77143 -1.37529 -1.76486 0 0
0 0 57 2.11512 0.145748 -0.281727 1.92292 0 0
0 0 58 2.93038 -0.198399 0.0297797 0.459927 0 0
0 0 59 1.35891 -2.0693 -1.57566 0.547923 0 0
0 0 60 2.68395 0.00972486 1.98831 -2.59943 0 0
0 0 61 1.49752 -2.55961 -0.617249 -0.929114 0 0
0 0 62 2.9378 0.788799 0.936495 -1.16345 0 0
0 0 63 1.13348 -0.100404 1.96289 -0.605455 0 0
0 0 64 0.0257661 -1.58079 0.0456305 -1.04649 0 0
0 0 65 0.852755 0.457101 0.959968 2.05661 0 0
0 0 66 0.00704835 -0.444769 -0.884581 1.06854 0 0
0 0 67 0.35389 -1.6593 2.89637 -2.21366 0 0
0 0 68 1.47922 -2.62997 -0.670554 2.22436 0 0
0 0 69 -0.343142 -2.37404 0.322903 -2.12151 0 0
0 0 70 0.0767012 1.23829 0.028321 -3.2151 0 0
0 0 71 1.18448 0.917981 -0.0183575 -0.262351 0 0
0 0 72 2.80951 0.933526 -2.23565 0.455169 0 0
0 0 73 0.455717 1.51529 0.256162 -1.1713 0 0
0 0 74 -1.87078 -0.572881 -0.00685081 -0.806158 0 0
0 0 75 0.243549 1.80629 -0.588849 -0.847506 0 0
0 0 76 -2.66411 1.08634 -2.73927 2.54659 0 0
0 0 77 0.507452 0.616377 -0.0302759 -1.0748 0 0
0 0 78 -0.316282 -0.241323 0.0633332 -0.531834 0 0
0 0 79 0.292543 1.54209 2.08974 -1.87075 0 0
0 0 80 1.99867 0.506613 0.653259 -1.96415 0 0
0 0 81 1.00257 0.705965 0.574538 0.896217 0 0
0 0 82 1.12872 0.929311 -1.18288 0.846934 0 0
0 0 83 -1.49864 1.38833 -2.10594 2.52129 0 0
0 0 84 0.0694835 0.895922 0.786935 2.40424 0 0
0 0 85 -0.267434 -0.117218 1.03954 1.11482 0 0
0 0 86 -2.01666 0.294489 1.2747 0.738247 0 0
0 0 87 1.41752 0.0702671 -1.01842 -1.09805 0 0
0 0 88 1.4184 1.62894 0.656272 -0.533209 0 0
0 0 89 -0.324337 -2.59178 0.383597 -0.166419 0 0
0 0 90 1.16065 0.201855 0.399478 1.31626 0 0
0 0 91 -0.562978 0.0129738 -0.163657 -0.949293 0 0
0 0 92 1.71814 -0.777154 -0.928485 0.0380891 0 0
0 0 93 0.865677 -1.43186 0.431069 -0.815318 0 0
0 0 94 -0.292532 -0.00468089 0.573223 -1.83826 0 0
0 0 95 -0.298753 -1.32711 0.0420589 -0.901669 0 0
0 0 96 0.125989 0.0578754 -0.558528 -1.51941 0 0
0 0 97 0.99973 -0.0356865 -0.511581 1.10519 0 0
0 0 98 -0.697515 1.87285 -0.43761 0.640983 0 0
0 0 99 2.12825 -1.16692 -0.978733 1.42649 0 0
0 0 100 -0.169811 -0.797314 -0.27228 1.56347 0 0
0 0 101 -0.777306 0.391786 0.0973475 1.04866 0 0
0 0 102 -0.913324 -0.408315 0.359019 -0.717794 0 0
0 0 103 -0.00788224 2.06919 0.0523787 0.651352 0 0
0 0 104 -1.01497 1.33183 -0.237599 1.72259 0 0
0 0 105 0.973172 1.23892 -1.36236 -2.34441 0 0
0 0 106 1.33243 -0.174555 0.563927 0.0173951 0 0
0 0 107 0.585548 0.492382 -0.0409448 -0.735315 0 0
0 0 108 -0.440019 -0.867163 -0.527982 -1.14894 0 0
0 0 109 0.0297713 0.0988089 0.162199 1.79186 0 0
0 0 110 1.32457 1.39025 -0.406502 -2.02214 0 0
0 0 111 -0.379873 0.796749 0.225763 0.373868 0 0
0 0 112 1.09084 -0.996161 -0.430377 -1.11331 0 0
0 0 113 0.730144 -0.335673 -1.50701 -0.920317 0 0
0 0 114 0.962182 -0.810018 0.817172 0.799048 0 0
0 0 115 0.203821 0.474438 -1.99639 0.2613 0 0
0 0 116 -1.14034 -1.48307 0.211079 0.94558 0 0
0 0 117 2.53541 0.703634 -1.44891 0.506582 0 0
0 0 118 -0.415079 1.07563 -0.862686 1.31173 0 0
0 0 119 0.27362 0.472005 0.0360214 0.0128459 0 0
0 0 120 -2.06806 0.488948 -1.03876 0.510651 0 0
0 0 121 1.69995 1.29458 0.254403 -2.62217 0 0
0 0 122 -0.110952 0.11248 -0.70253 -0.781265 0 0
0 0 123 1.33199 2.43603 0.824804 -0.730658 0 0
0 0 124 2.29436 0.439523 0.102003 0.374625 0 0
0 0 125 -1.33239 0.110023 -0.694414 0.923481 0 0
0 0 126 -0.251004 2.60645 -0.284837 1.34072 0 0
0 0 127 1.19255 -0.31129 -1.27373 0.439379 0 0
0 0 128 -1.43656 -0.684731 0.0313846 0.735138 0 0
0 0 129 -0.222823 1.73083 1.28735 0.542879 0 0
0 0 130 -1.03 -0.0237464 0.0801596 3.16078 0 0
0 0 131 0.107757 -0.752877 -1.38183 -0.44716 0 0
0 0 132 -0.315189 1.45948 -1.10244 1.11151 0 0
0 0 133 0.360574 0.124525 -0.0689595 -1.58407 0 0
0 0 134 0.234786 0.945089 1.50659 1.18047 0 0
0 0 135 -0.350064 0.199149 1.01109 1.79616 0 0
0 0 136 1.17995 0.745001 -0.177085 0.701463 0 0
0 0 137 -1.05199 0.432571 -0.761663 0.441626 0 0
0 0 138 -0.169406 -0.927453 -0.80914 -0.387606 0 0
0 0 139 0.332377 0.0827538 -0.0699322 -0.00620946 0 0
0 0 140 -0.505049 0.085946 -0.403619 -0.641947 0 0
0 0 141 1.59374 0.0358369 1.23432 0.598388 0 0
0 0 142 0.688511 -0.59211 1.03757 -0.101275 0 0
0 0 143 0.191193 -0.375888 0.380933 1.86111 0 0
0 0 144 -0.171063 -1.03817 0.341146 0.47809 0 0
0 0 145 -0.803249 -0.0286912 -0.43934 -0.804722 0 0
0 0 146 0.522851 -0.673347 1.06726 0.146227 0 0
0 0 147 -0.886629 -0.636172 -0.294907 -0.0984757 0 0
0 0 148 0.864664 0.927883 0.645063 -3.10458 0 0
0 0 149 0.230586 -1.79037 1.00887 1.43348 0 0
0 0 150 0.349408 0.241229 -0.482097 -0.542867 0 0
0 0 151 -0.183541 -1.0086 -1.12986 -0.769154 0 0
0 0 152 1.3243 -0.277759 -1.17526 -0.456494 0 0
0 0 153 1.57962 -0.394509 2.24918 -0.108933 0 0
0 0 154 1.19886 -0.0335554 0.59985 -0.578205 0 0
0 0 155 2.05299 0.467256 0.98288 -1.80197 0 0
0 0 156 1.72679 -0.587454 1.07031 0.709523 0 0
0 0 157 1.37702 0.441107 2.03925 0.907155 0 0
0 0 158 1.23423 0.341925 -2.60723 -0.352221 0 0
0 0 159 -0.0332748 -0.156716 1.55965 -0.596992 0 0
0 0 160 1.48241 -0.315085 0.241428 0.341556 0 0
0 0 161 -1.97203 0.605309 -1.64645 1.84969 0 0
0 0 162 -1.53632 1.7498 0.308178 -0.284894 0 0
0 0 163 -0.580431 1.07493 2.09189 1.27086 0 0
0 0 164 0.804409 -0.503648 0.265753 0.0349743 0 0
0 0 165 0.57925 -0.885035 2.26526 -1.1673 0 0
0 0 166 1.53008 0.234788 -0.13198 -0.0637174 0 0
0 0 167 0.805087 -0.43636 -0.499801 0.440526 0 0
0 0 168 -0.423959 -0.768086 -1.34384 -0.536934 0 0
0 0 169 1.11421 0.193483 -0.498567 -1.61236 0 0
0 0 170 1.73704 0.600516 -0.592241 0.95018 0 0
0 0 171 1.90738 -1.56525 -0.0184574 1.46078 0 0
0 0 172 1.01875 0.947504 -0.38533 0.19453 0 0
0 0 173 0.626019 -0.0731892 -1.00905 0.524353 0 0
0 0 174 -0.350552 -0.357819 0.1693 -0.256332 0 0
0 0 175 0.217857 -0.348485 0.668751 0.640723 0 0
0 0 176 0.847763 0.523017 -1.34282 2.34459 0 0
0 0 177 -0.668558 0.258747 0.69068 0.81058 0 0
0 0 178 1.63525 0.594267 -2.04649 -1.47682 0 0
0 0 179 0.264617 1.22315 1.51181 0.224737 0 0
0 0 180 -3.0266 0.115822 0.24637 -1.00006 0 0
0 0 181 0.275364 1.09787 0.101033 0.813627 0 0
0 0 182 0.0383594 -0.225657 -0.395695 1.79666 0 0
0 0 183 0.77018 -1.44714 -0.84227 -2.52505 0 0
0 0 184 -0.906893 2.03655 -1.50043 -1.93047 0 0
0 0 185 -1.12848 -0.960492 -0.791247 0.258788 0 0
0 0 186 0.787461 -0.905702 -1.23714 0.0815128 0 0
0 0 187 -0.521473 0.362128 -0.308577 -1.76893 0 0
0 0 188 1.86963 0.532835 2.02412 -1.53303 0 0
0 0 189 -2.00202 1.72273 0.0195225 -1.21187 0 0
0 0 190 -0.486997 0.0660272 -1.05273 0.643407 0 0
0 0 191 1.94491 1.56142 0.703504 -0.258542 0 0
0 0 192 -0.119685 -0.000139695 -0.464634 0.929554 0 0
0 0 193 0.811025 -0.824135 -0.559329 1.11179 0 0
0 0 194 0.491026 -2.01201 1.10885 2.49742 0 0
0 0 195 1.04246 0.351086 -1.57778 1.8296 0 0
0 0 196 1.26451 -2.56268 0.960218 2.48247 0 0
0 0 197 0.436202 -1.17153 0.123964 1.41189 0 0
0 0 198 0.26869 0.221499 1.78808 -0.847084 0 0
0 0 199 -2.65143 0.193696 -2.46235 -0.545122 0 0
0 0 200 0.881157 0.168189 1.05142 0.497163 0 0
0 0 201 1.85139 0.471725 1.03328 -1.90037 0 0
0 0 202 -0.700201 0.214275 0.0466122 0.162359 0 0
0 0 203 -0.34575 -2.64112 -0.44253 -0.523769 0 0
0 0 204 2.3845 -0.774231 0.255975 -0.171103 0 0
0 0 205 0.784603 -1.00256 -1.58112 0.109794 0 0
0 0 206 0.312451 0.169282 2.25801 -0.956491 0 0
0 0 207 0.0343945 -0.065795 -0.889748 -0.493601 0 0
0 0 208 0.648825 -0.72274 -1.29173 0.714157 0 0
0 0 209 -0.353708 0.388247 -0.0655202 -1.3046 0 0
0 0 210 1.27678 -0.29611 -2.22557 -2.42739 0 0
0 0 211 1.01467 0.5138 -0.710781 -0.203683 0 0
0 0 212 1.64753 0.310142 0.126485 -0.234485 0 0
0 0 213 0.287675 1.58615 -0.268455 0.828993 0 0
0 0 214 0.56446 -1.12327 0.17539 0.985958 0 0
0 0 215 -0.00411928 -0.267777 1.06518 0.0598004 0 0
0 0 216 0.330396 -2.88262 2.09131 0.682166 0 0
0 0 217 1.1005 -1.53925 1.32365 -1.57674 0 0
0 0 218 1.81612 0.0724408 -1.76083 1.26858 0 0
0 0 219 0.314264 -0.793993 1.12097 -0.277896 0 0
0 0 220 0.700254 0.570106 0.475578 -1.68115 0 0
0 0 221 -0.195473 0.0416826 -1.91178 -0.100905 0 0
0 0 222 0.423631 0.954428 -0.303265 1.69693 0 0
0 0 223 0.482826 -0.429658 0.204286 0.0693217 0 0
0 0 224 1.26098 0.0715424 -0.709893 1.25095 0 0
0 0 225 0.712034 -0.0180366 -0.665643 1.09628 0 0
0 0 226 1.43772 0.475715 -1.13885 -1.41294 0 0
0 0 227 0.522479 2.44748 0.331027 0.784658 0 0
0 0 228 0.616774 -0.324391 0.275352 -0.527464 0 0
0 0 229 1.17115 1.42683 -1.18472 -0.27554 0 0
0 0 230 1.36534 0.245658 2.09142 -1.76105 0 0
0 0 231 0.757118 0.715753 -0.425644 -1.2991 0 0
0 0 232 0.688358 -1.69575 -1.6349 -0.810571 0 0
0 0 233 -0.833916 0.144659 1.56024 0.353753 0 0
0 0 234 1.16688 -0.426156 -1.26995 -0.219236 0 0
0 0 235 -0.959878 -0.0787953 -0.0720587 -0.138277 0 0
0 0 236 -0.262321 -1.9086 -0.728604 -1.71767 0 0
0 0 237 -1.94326 -0.212553 1.14949 -0.735837 0 0
0 0 238 0.162662 -0.830595 0.967208 -0.769301 0 0
0 0 239 0.594912 -0.320583 2.71366 0.945941 0 0
0 0 240 -0.0939809 0.406442 0.263216 0.954845 0 0
0 0 241 0.550078 -0.195665 -0.434456 0.0659788 0 0
0 0 242 0.833399 1.07617 1.27212 0.787098 0 0
0 0 243 1.20903 -0.156218 0.566918 -0.809515 0 0
0 0 244 2.78025 0.213758 0.819621 1.02676 0 0
0 0 245 -0.39426 0.47545 0.223406 0.464818 0 0
0 0 246 0.38314 -0.897391 0.99335 0.576253 0 0
0 0 247 -1.20985 -0.0417044 -0.937184 -1.35127 0 0
0 0 248 -0.0700179 1.2014 -0.828311 -1.5128 0 0
0 0 249 -0.532521 -0.83342 0.39315 -1.74176 0 0
0 0 250 0.971678 -1.34194 -1.11994 -0.417379 0 0
0 0 251 0.286586 0.249024 1.51243 0.0646631 0 0
0 0 252 0.390735 -1.3782 -0.0398643 0.19109 0 0
0 0 253 -0.1949 -1.02987 -0.43496 -0.203202 0 0
0 0 254 -0.0444178 -0.30515 -1.65136 0.288204 0 0
0 0 255 1.71354 0.0335657 0.212198 -1.36625 0 0
0 0 256 0.758057 0.487417 -0.699212 0.83389 0 0
0 0 257 -2.18251 0.357138 -0.982134 0.491029 0 0
0 0 258 -0.12844 0.403466 -0.0661498 0.757568 0 0
0 0 259 0.0867144 0.183185 -0.592845 1.44598 0 0
0 0 260 0.450034 -0.991608 -0.534587 1.19812 0 0
0 0 261 -0.258348 1.17811 1.19288 1.01007 0 0
0 0 262 -0.0585046 0.0865523 0.0589441 -1.19736 0 0
0 0 263 -1.71326 -0.619907 0.183708 -0.343208 0 0
0 0 264 0.330887 1.3476 -0.941771 -0.731657 0 0
0 0 265 -1.8812 -0.762475 0.681429 0.173891 0 0
0 0 266 1.76363 1.26425 -2.00903 -2.56931 0 0
0 0 267 -0.652588 0.796206 -0.248775 0.928069 0 0
0 0 268 -2.30028 0.74297 1.31665 -0.433495 0 0
0 0 269 1.37544 -0.596263 0.252395 0.0616886 0 0
0 0 270 -0.942594 -0.0852782 1.15599 0.646308 0 0
0 0 271 0.495316 -1.14398 0.728785 0.836538 0 0
0 0 272 0.444189 -0.830247 -0.515389 -1.90834 0 0
0 0 273 1.4598 0.421967 -0.79621 -1.56009 0 0
0 0 274 1.46824 -0.799203 -1.5539 -0.384686 0 0
0 0 275 0.732334 1.11225 -1.47065 0.426871 0 0
0 0 276 0.759592 -0.583098 -0.95456 -1.53308 0 0
0 0 277 0.735163 -0.632824 -2.63484 -0.685928 0 0
0 0 278 -0.174594 -0.767585 1.06782 0.345494 0 0
0 0 279 0.917755 -2.92489 -1.14259 0.778376 0 0
0 0 280 -0.541069 -1.03513 0.367869 0.790751 0 0
0 0 281 1.34193 0.672003 1.4151 -0.143459 0 0
0 0 282 -0.15077 -0.350313 0.660682 -0.770918 0 0
0 0 283 2.544 0.40942 -0.526066 0.31926 0 0
0 0 284 1.99585 -0.279754 -0.303146 1.03389 0 0
0 0 285 1.39885 -0.931798 -1.04579 2.12305 0 0
0 0 286 1.2872 -0.731593 -2.59049 -0.271515 0 0
0 0 287 0.282221 0.692304 0.881203 0.408385 0 0
0 0 288 1.48331 1.46839 0.0580984 -1.2793 0 0
0 0 289 -0.522955 0.359106 1.47259 0.820035 0 0
0 0 290 -1.89783 -0.411376 0.886682 -0.903905 0 0
0 0 291 0.699637 -2.26005 -0.0984601 -0.197631 0 0
0 0 292 0.941363 1.15375 -0.255517 -0.896955 0 0
0 0 293 1.28533 -0.541958 -0.81827 -0.0479842 0 0
0 0 294 0.436819 -0.356573 0.805218 -1.16713 0 0
0 0 295 -1.37749 0.916634 1.34604 1.49075 0 0
0 0 296 -0.567324 0.752845 -0.248936 0.183514 0 0
0 0 297 0.546844 -0.75886 0.209453 -0.708078 0 0
0 0 298 1.72074 -2.49582 -0.289697 0.795494 0 0
0 0 299 0.00414902 -1.06688 1.89214 0.230506 0 0
0 0 300 1.77071 1.58232 -0.155826 -0.571773 0 0
0 0 301 0.347616 -0.563964 -1.99823 0.320034 0 0
0 0 302 1.06521 0.488653 -0.697743 -0.670459 0 0
0 0 303 0.599567 2.32426 -2.06698 -0.27709 0 0
0 0 304 0.767833 -0.00757569 1.50345 -2.11471 0 0
0 0 305 1.12193 1.18521 1.01753 -0.739129 0 0
0 0 306 0.516812 -0.263344 0.0755295 -0.0117965 0 0
0 0 307 0.184369 0.00175202 1.64644 1.44701 0 0
0 0 308 -1.14468 0.165644 0.296897 -0.475469 0 0
0 0 309 1.18947 -0.616169 -0.792609 0.0131186 0 0
0 0 310 -1.28389 0.341062 0.136076 -0.102723 0 0
0 0 311 1.04765 -0.290771 -1.01874 -0.8388 0 0
0 0 312 0.391605 -1.6609 -1.51002 -0.514913 0 0
0 0 313 1.73536 1.03564 0.353005 -2.18473 0 0
0 0 314 -1.28573 -1.52129 3.10271 -0.748719 0 0
0 0 315 1.01968 -2.55019 -0.167407 -0.278995 0 0
0 0 316 -0.0259714 0.269431 0.572965 0.229671 0 0
0 0 317 0.527533 0.84812 -1.08565 -1.67071 0 0
0 0 318 0.805967 0.183395 1.59421 -0.596453 0 0
0 0 319 -0.606501 -0.187881 0.998579 1.60557 0 0
0 0 320 -0.336974 -0.134083 -0.940159 1.31204 0 0
0 0 321 -0.885155 -0.907514 -0.452099 2.32296 0 0
0 0 322 1.13638 0.102454 0.00470741 1.37621 0 0
0 0 323 0.785552 -1.00627 -0.588611 1.19012 0 0
0 0 324 1.11115 1.11954 0.561629 -0.067225 0 0
0 0 325 1.33492 -0.69699 1.03953 -1.76772 0 0
0 0 326 -0.32741 1.81216 1.49671 2.66223 0 0
0 0 327 0.757794 -2.00239 -0.274601 0.58736 0 0
0 0 328 0.480612 0.823451 -0.803687 -0.621734 0 0
0 0 329 1.88179 -0.912689 -0.424439 -0.19629 0 0
0 0 330 2.36576 0.388785 -0.697384 -1.25527 0 0
0 0 331 0.51393 -1.11963 -1.25846 0.761476 0 0
0 0 332 0.484207 -0.51126 -0.775744 -1.87004 0 0
0 0 333 -1.13065 -1.54579 -2.17703 -1.53899 0 0
0 0 334 -0.199872 0.70826 -1.24999 -0.430261 0 0
0 0 335 -0.411011 0.480349 2.42526 1.1006 0 0
0 0 336 -0.793983 1.25008 0.763987 -0.131428 0 0
0 0 337 0.460579 0.0422701 -0.892909 1.34797 0 0
0 0 338 1.87798 -0.156123 -1.73246 -1.63595 0 0
0 0 339 2.85757 -0.180504 -1.75109 -0.346122 0 0
0 0 340 0.929629 -0.657308 -0.968376 -0.632793 0 0
0 0 341 -0.716427 0.123183 -1.40414 -2.03321 0 0
0 0 342 -1.53045 1.37226 0.8716 -0.533961 0 0
0 0 343 1.06217 1.73414 1.98502 -2.08917 0 0
0 0 344 0.389031 -1.00543 0.17411 1.06231 0 0
0 0 345 0.609375 0.0776807 -1.4057 -0.39883 0 0
0 0 346 0.513958 1.20924 0.0945182 2.21104 0 0
0 0 347 0.551172 0.201976 0.622797 -0.681782 0 0
0 0 348 -1.38553 1.08631 -2.76956 2.11667 0 0
0 0 349 0.23939 0.0398917 1.14551 1.53222 0 0
0 0 350 -0.682285 0.0653325 -0.418737 -0.982853 0 0
0 0 351 -0.835036 -0.28796 -1.61429 -1.87059 0 0
0 0 352 -0.686422 1.61362 2.8449 -0.254404 0 0
0 0 353 -0.30324 0.234004 -0.311009 0.887073 0 0
0 0 354 1.90261 1.74647 0.793495 -0.925708 0 0
0 0 355 -2.30907 -0.458451 0.51219 -0.443622 0 0
0 0 356 -0.30222 -0.685111 -1.52661 -1.57794 0 0
0 0 357 -0.739407 0.661459 -0.795018 -0.633633 0 0
0 0 358 -0.237359 1.54185 -0.0758572 -0.535017 0 0
0 0 359 0.0412699 0.904082 -1.00588 0.357621 0 0
0 0 360 -0.452005 0.149081 -0.337614 -1.61317 0 0
0 0 361 -0.959382 0.903838 -0.0114278 -1.94821 0 0
0 0 362 -0.155041 1.15462 1.2261 -0.582587 0 0
0 0 363 -0.167306 -1.27372 -0.488248 -1.36467 0 0
0 0 364 -0.237702 1.91193 2.06104 -0.559142 0 0
0 0 365 -0.892973 0.0933049 0.0988702 0.122857 0 0
0 0 366 -0.704211 -0.214978 -1.30846 -0.153293 0 0
0 0 367 -0.179807 1.99327 -1.87447 0.729567 0 0
0 0 368 -0.0587972 0.13761 -1.35895 -1.38976 0 0
0 0 369 0.0151483 -1.25209 -1.01889 1.11972 0 0
0 0 370 0.216345 -1.16656 1.51577 0.34156 0 0
0 0 371 -0.836476 0.0383497 -0.448316 -0.536565 0 0
0 0 372 -1.72018 -0.73818 -1.62581 1.18259 0 0
0 0 373 0.0912186 -2.64987 0.845878 -1.1009 0 0
0 0 374 -0.485807 -2.27322 -1.0302 -0.381397 0 0
0 0 375 0.531237 0.593426 -1.55291 -0.184863 0 0
0 0 376 0.209349 0.837299 -1.17611 -1.10612 0 0
0 0 377 0.493843 -1.91913 0.210242 -1.26955 0 0
0 0 378 -0.243359 -0.161664 -1.57007 0.136125 0 0
0 0 379 -2.06461 -0.318083 -0.744722 0.31371 0 0
0 0 380 1.59487 -0.218749 0.683219 -0.116994 0 0
0 0 381 -1.47316 -0.385752 -1.53525 -1.34225 0 0
0 0 382 0.673176 -0.0847181 0.089161 0.0350392 0 0
0 0 383 -0.844934 1.47922 2.13894 -0.185566 0 0
0 0 384 -1.16014 1.01951 0.693581 0.450884 0 0
0 0 385 1.04457 -1.7895 -0.967839 -2.00419 0 0
0 0 386 1.62094 2.09051 -0.56641 -0.256928 0 0
0 0 387 -0.481129 0.0990463 0.374812 0.244429 0 0
0 0 388 -0.279967 -1.56853 -0.384949 -0.839832 0 0
0 0 389 1.29899 -1.32198 1.60009 -0.64371 0 0
0 0 390 1.56369 -1.11639 0.89268 1.23737 0 0
0 0 391 -0.452857 -0.439323 2.09127 1.42235 0 0
0 0 392 1.93675 1.42464 0.417393 0.464603 0 0
0 0 393 0.731298 0.200931 -1.27311 0.112557 0 0
0 0 394 -0.899256 2.54322 -0.0615948 0.0439232 0 0
0 0 395 1.28328 0.400494 1.34481 -1.23328 0 0
0 0 396 -1.76797 0.830641 0.823258 1.2968 0 0
0 0 397 -1.56328 0.410093 -0.156782 0.580264 0 0
0 0 398 0.69236 0.049306 0.315503 0.484643 0 0
0 0 399 1.31428 -1.4915 2.7646 0.667579 0 0
0 0 400 -0.0411332 0.864926 -3.75544 -0.70717 -38.5151 8.45085
0 0 401 1.28953 -0.891894 0.728813 1.5972 0 0
0 0 402 -0.418087 -1.42024 -1.22214 1.28842 0 0
0 0 403 1.35303 -0.777576 1.38222 1.65875 0 0
0 0 404 -0.870737 0.712485 -0.978191 1.27377 0 0
0 0 405 1.61716 1.18319 0.343374 -0.108617 0 0
0 0 406 1.59619 1.00339 -1.60392 0.200933 0 0
0 0 407 -1.79971 1.24622 -0.80512 -0.13836 0 0
0 0 408 -0.322841 -1.53362 -2.04512 -0.891157 0 0
0 0 409 -0.117624 0.561758 -3.21973 0.751313 0 0
0 0 410 2.30619 0.335934 -0.43189 -0.0882943 0 0
0 0 411 0.894333 -0.267341 1.10976 1.31253 0 0
0 0 412 0.780761 -0.948384 -2.20883 1.07533 0 0
0 0 413 0.618196 0.402216 1.20075 2.77165 0 0
0 0 414 -0.915049 1.76135 0.69935 1.0849 0 0
0 0 415 0.426159 0.57508 -2.3346 -0.228575 0 0
0 0 416 -0.807207 -1.08214 -0.543612 0.293288 0 0
0 0 417 2.40888 -0.246182 1.67356 -0.184394 0 0
0 0 418 0.345497 0.881251 0.246477 -0.40079 0 0
0 0 419 0.0781848 -0.989535 -0.271856 -0.938587 0 0
0 0 420 -1.24947 0.0567077 -0.700918 -0.749325 0 0
0 0 421 1.57093 -0.286901 -0.849988 2.71692 0 0
0 0 422 1.38383 0.790203 0.416984 1.91534 0 0
0 0 423 0.960833 -0.359456 -0.708389 -0.797051 0 0
0 0 424 -0.965334 0.719103 -0.362283 -1.62244 0 0
0 0 425 1.50702 0.118236 -0.297425 0.256739 0 0
0 0 426 -0.400747 0.343776 -1.80872 0.951193 0 0
0 0 427 0.716464 -1.07636 -2.31244 -1.45366 0 0
0 0 428 0.204386 2.12163 -0.334089 -1.52177 0 0
0 0 429 0.22519 -0.349549 0.584268 -1.08101 0 0
0 0 430 -1.06293 0.113545 -1.08536 0.7088 0 0
0 0 431 0.150661 -2.32751 0.109314 -0.156781 0 0
0 0 432 -1.2318 1.02701 -0.872073 -0.859702 0 0
0 0 433 0.0728676 -0.569754 0.785534 1.49481 0 0
0 0 434 0.550033 0.605135 0.311634 0.660354 0 0
0 0 435 -0.757755 0.10294 -0.4244 0.602852 0 0
0 0 436 -0.522017 -1.31664 -0.800407 -0.191095 0 0
0 0 437 0.279205 1.01671 -0.487828 1.17388 0 0
0 0 438 -1.93015 -0.0753566 0.22366 -1.32489 0 0
0 0 439 -0.314663 0.459299 1.88104 -0.503498 0 0
0 0 440 -1.4537 -0.484386 1.18074 1.49997 0 0
0 0 441 0.462425 0.203673 -0.387352 0.300232 0 0
0 0 442 -0.0299124 -0.791762 -0.345318 -0.259113 0 0
0 0 443 -0.915687 1.7335 -1.40868 1.55905 0 0
0 0 444 0.903228 1.62918 0.491176 0.0814211 0 0
0 0 445 -1.85133 0.441863 -0.439495 1.07709 0 0
0 0 446 -0.964783 1.37087 -1.21219 0.807833 0 0
0 0 447 1.69882 -1.33967 -0.370491 -0.439443 0 0
0 0 448 0.817666 -2.44703 0.474206 1.14436 0 0
0 0 449 -0.2142 -1.76576 -1.11604 -0.885147 0 0
0 0 450 -1.56404 -0.666757 2.86312 -2.0284 0 0
0 0 451 -0.803856 1.76553 0.739586 -2.29026 0 0
0 0 452 0.370958 0.649465 -0.546833 -1.29127 0 0
0 0 453 1.31534 -0.363065 -0.156527 0.660197 0 0
0 0 454 0.231352 -0.943001 -0.0731502 0.930256 0 0
0 0 455 0.00488615 1.62737 0.508008 -0.707995 0 0
0 0 456 -0.0546558 -1.60281 -1.14756 -0.0289988 0 0
0 0 457 -0.754995 -0.298468 -0.0669728 0.35635 0 0
0 0 458 0.77585 -0.933874 -0.838001 0.024601 0 0
0 0 459 0.542871 0.701627 -0.660968 0.294201 0 0
0 0 460 1.88631 1.07727 -0.270185 0.844297 0 0
0 0 461 0.928939 0.419747 -0.953587 1.05473 0 0
0 0 462 -0.529259 1.12985 1.60279 0.632531 0 0
0 0 463 -1.25056 -0.333925 -0.0244266 0.653062 0 0
0 0 464 -0.493094 -1.42917 0.683731 -1.15035 0 0
0 0 465 -1.50469 -0.504712 0.112807 -0.586101 0 0
0 0 466 -0.243181 -1.2938 0.0598685 -0.895639 0 0
0 0 467 0.922266 1.00266 -0.947327 -1.36186 0 0
0 0 468 -1.41772 0.028982 -0.202361 1.27653 0 0
0 0 469 1.22462 1.69351 1.34976 -1.56232 0 0
0 0 470 2.03199 -2.34708 -1.33446 1.22084 0 0
0 0 471 -1.10044 1.35035 0.670777 0.863534 0 0
0 0 472 0.899339 0.291476 -1.87069 0.769669 0 0
0 0 473 -0.803446 -0.5325 -1.48721 -1.59683 0 0
0 0 474 1.72459 0.467372 0.203114 0.794332 0 0
0 0 475 -2.06051 -0.0861524 -1.00014 0.458212 0 0
0 0 476 -0.20582 -3.32511 1.22507 1.48298 0 0
0 0 477 -0.0200427 1.47022 1.23383 2.02493 0 0
0 0 478 0.985215 0.277595 -1.28505 0.776278 0 0
0 0 479 0.807104 -0.457892 -2.61038 0.708472 0 0
0 0 480 -0.999894 -0.306413 0.744412 1.80281 0 0
0 0 481 0.259287 1.32921 0.486341 -0.970992 0 0
0 0 482 -1.16903 -1.17448 -1.04397 -0.876951 0 0
0 0 483 1.0107 -1.7684 -0.147756 0.275505 0 0
0 0 484 1.01001 0.573453 -0.969442 -1.63667 0 0
0 0 485 1.63807 -1.8311 1.94689 1.178 0 0
0 0 486 0.268095 2.12574 -0.153093 -1.4039 0 0
0 0 487 0.833829 0.759094 -1.48453 -1.12349 0 0
0 0 488 -0.525575 -0.206674 0.658742 -0.492079 0 0
0 0 489 -2.48259 -0.343078 0.0428807 0.323342 0 0
0 0 490 1.40177 -0.42347 -0.509009 0.826425 0 0
0 0 491 0.516953 -0.532598 0.912986 1.27338 0 0
0 0 492 -0.377864 0.336991 -0.251885 0.169763 0 0
0 0 493 0.218382 -0.12412 0.0535764 0.603707 0 0
0 0 494 1.33274 -0.823223 -0.849114 0.362526 0 0
0 0 495 0.115624 1.0487 -1.08285 0.359673 0 0
0 0 496 1.17492 0.171103 -1.14034 -1.39807 0 0
0 0 497 -0.581726 -0.129058 0.464202 0.121944 0 0
0 0 498 -1.23709 1.56942 -1.5192 0.657287 0 0
0 0 499 0.0757782 0.163841 0.119779 0.848105 0 0
0 0 500 1.53638 -1.22852 -0.471955 0.714371 0 0
0 0 501 -0.481693 -0.828954 0.849838 -2.49262 0 0
0 0 502 -2.3031 2.93697 0.241212 -0.133375 0 0
0 0 503 -0.696765 0.730924 1.03474 0.245569 0 0
0 0 504 -0.0930927 0.168053 0.455415 0.236446 0 0
0 0 505 -1.28873 2.38597 0.767501 0.195405 0 0
0 0 506 -2.08906 -0.13399 -0.740076 -1.78437 0 0
0 0 507 1.70463 -0.529212 -1.48446 -1.61311 0 0
0 0 508 -0.412911 -1.09401 0.978115 -0.214381 0 0
0 0 509 -0.0234231 1.83299 0.54601 0.202361 0 0
0 0 510 0.219119 -0.949301 -2.27356 -1.28458 0 0
0 0 511 0.978365 -0.961791 -0.59421 -1.42667 0 0
0 0 512 -0.734057 1.55081 -2.21885 -1.01697 0 0
0 0 513 -1.49293 0.0577123 0.411747 -1.74625 0 0
0 0 514 -1.13977 0.135024 -0.140445 -0.140295 0 0
0 0 515 0.36374 -2.03268 1.37151 -1.77657 0 0
0 0 516 0.803614 2.54679 -1.58401 -0.496554 0 0
0 0 517 1.34723 -1.33905 0.526264 1.19975 0 0
0 0 518 1.17161 0.689125 0.0358345 0.696263 0 0
0 0 519 -0.571799 0.291741 -0.571434 0.790561 0 0
0 0 520 0.71444 0.903477 -0.497397 -0.864574 0 0
0 0 521 1.40038 1.48482 1.25595 0.754221 0 0
0 0 522 0.524088 -1.23719 0.956054 -1.14226 0 0
0 0 523 -0.809187 1.51232 1.48771 -0.0216268 0 0
0 0 524 -2.49075 -0.235595 1.15179 -1.66484 0 0
0 0 525 -0.339673 1.23092 1.7855 -0.540045 0 0
0 0 526 1.90448 -1.01983 0.504403 1.35335 0 0
0 0 527 0.762038 -0.163735 0.0265188 -1.23212 0 0
0 0 528 0.500584 0.19182 1.71884 -0.484674 0 0
0 0 529 -0.0239798 -2.12061 0.741218 -1.17278 0 0
0 0 530 0.142373 0.389973 0.0413049 -1.08036 0 0
0 0 531 -0.424179 -1.25524 -0.918581 0.195258 0 0
0 0 532 -0.115039 -0.946327 0.51122 0.579791 0 0
0 0 533 -0.695321 0.48735 -1.3966 0.351297 0 0
0 0 534 0.786695 -0.809176 -0.200551 0.334627 0 0
0 0 535 0.754559 -1.21761 0.175756 -0.457162 0 0
0 0 536 -0.39718 0.0269678 -0.895934 0.237096 0 0
0 0 537 1.36821 0.458733 -2.04561 -0.0634089 0 0
0 0 538 2.5905 0.0433425 0.198986 0.3849 0 0
0 0 539 1.34853 2.13543 -0.463188 1.37215 0 0
0 0 540 1.38325 -0.995265 0.934351 1.83752 0 0
0 0 541 -0.827493 -2.08576 -0.504193 -0.0146178 0 0
0 0 542 -0.970374 0.539589 1.03263 0.781083 0 0
0 0 543 -2.56346 0.0558193 1.40505 -0.549659 0 0
0 0 544 1.79501 -0.481701 0.147533 -1.47743 0 0
0 0 545 1.57725 2.32482 -2.66934 -1.43862 0 0
0 0 546 -0.277024 0.780033 0.467954 -1.72262 0 0
0 0 547 -0.103067 -0.16446 0.850675 0.969338 0 0
0 0 548 -0.505218 -1.28745 -0.669476 -0.90458 0 0
0 0 549 -0.225368 -0.49438 -0.921477 -1.17141 0 0
0 0 550 0.256842 0.305492 0.133517 -1.28501 0 0
0 0 551 1.1689 -1.61791 -0.817074 0.388802 0 0
0 0 552 -0.954102 -0.497227 -0.774461 -2.15689 0 0
0 0 553 0.507817 1.19406 1.23934 -1.55136 0 0
0 0 554 2.30983 -0.414404 -1.61298 0.867607 0 0
0 0 555 1.01624 0.0964175 -0.248026 1.65087 0 0
0 0 556 0.679133 -1.23812 -0.270116 -1.94956 0 0
0 0 557 2.63218 0.892435 -0.980964 1.98685 0 0
0 0 558 -0.501093 -1.40166 -1.94607 0.89495 0 0
0 0 559 2.34847 0.0673928 -0.183791 2.16113 0 0
0 0 560 -0.611939 -0.306876 -0.667931 -1.96848 0 0
0 0 561 -0.607048 -0.768858 -0.346459 0.608248 0 0
0 0 562 -0.0418828 0.212012 0.552672 0.129264 0 0
0 0 563 0.261124 2.27346 -0.558171 -0.789249 0 0
0 0 564 -1.543 1.1271 0.449221 0.820412 0 0
0 0 565 0.282317 -0.75156 -0.157858 -0.0764236 0 0
0 0 566 -1.03804 0.145201 -1.02032 0.103043 0 0
0 0 567 0.546529 -0.461265 -0.568775 -1.18965 0 0
0 0 568 -1.39051 -1.59217 1.34039 -1.94422 0 0
0 0 569 1.79437 1.92305 0.842571 -0.471343 0 0
0 0 570 0.81621 0.926539 0.405525 -0.224087 0 0
0 0 571 -0.786231 -1.63254 -0.538755 -0.395824 0 0
0 0 572 1.7569 0.220081 -0.489894 0.652773 0 0
0 0 573 -0.931646 -1.55805 0.881116 -2.48398 0 0
0 0 574 1.20857 0.357341 -0.544338 1.54939 0 0
0 0 575 -0.0232078 0.342874 -1.51803 0.505865 0 0
0 0 576 -1.03176 0.414764 0.853724 1.01813 0 0
0 0 577 0.48241 -0.595974 2.08082 0.247358 0 0
0 0 578 -0.210935 -1.25755 0.619362 -0.7605 0 0
0 0 579 -0.202488 0.578187 0.0885898 0.75159 0 0
0 0 580 0.254149 0.787351 -0.401338 -1.69715 0 0
0 0 581 0.315982 1.38849 -0.353697 -0.222109 0 0
0 0 582 -0.496259 0.302298 -0.427507 -0.472733 0 0
0 0 583 1.78023 0.466073 0.182563 -1.34107 0 0
0 0 584 -2.16552 -1.02683 1.6471 -0.0463407 0 0
0 0 585 1.61527 0.253284 -0.43008 -1.82846 0 0
0 0 586 0.30322 0.988731 -0.694979 -0.0976384 0 0
0 0 587 -0.585087 -1.24605 -0.105246 -1.01575 0 0
0 0 588 1.74225 -0.871255 -1.13026 0.656026 0 0
0 0 589 0.401493 -1.15146 -0.756089 1.01623 0 0
0 0 590 0.378318 -0.474458 2.07259 0.939836 0 0
0 0 591 1.13792 0.838949 -0.636758 -1.9324 0 0
0 0 592 2.63067 -1.09549 0.324216 2.22705 0 0
0 0 593 -0.0554011 0.967154 -0.276011 -0.0325139 0 0
0 0 594 0.550539 -1.01387 0.319544 0.359586 0 0
0 0 595 -1.87272 -0.273721 -1.42545 1.3272 0 0
0 0 596 1.07357 0.126643 0.671227 1.24191 0 0
0 0 597 0.891731 -0.20055 -1.03588 1.53289 0 0
0 0 598 -1.06273 -1.07766 -0.377454 0.0242068 0 0
0 0 599 -0.407835 -0.411499 -0.217384 2.55555 0 0
0 0 600 0.713457 -1.31183 2.11482 -0.858083 0 0
0 0 601 0.129389 0.497046 -1.21504 0.394954 0 0
0 0 602 -0.998051 -1.00348 -0.205137 -0.60924 0 0
0 0 603 -0.792896 1.71526 -0.916941 -1.72603 0 0
0 0 604 0.194451 -3.00434 -1.13456 -0.273767 0 0
0 0 605 1.23742 0.145393 3.43367 -0.694544 0 0
0 0 606 1.01117 0.622772 -0.315905 -0.767891 0 0
0 0 607 0.974528 0.933963 0.777045 0.961645 0 0
0 0 608 -0.682227 0.742391 -0.776399 -0.918767 0 0
0 0 609 -0.797031 1.80492 -0.824826 0.407705 0 0
0 0 610 0.283376 -0.04271 0.791223 -0.469279 0 0
0 0 611 -1.13296 -1.96906 -0.307697 -0.956897 0 0
0 0 612 -0.089079 -0.523385 -0.880939 0.076 0 0
0 0 613 2.14432 1.40836 1.26035 -0.00752679 0 0
0 0 614 -1.33519 -0.658879 0.595357 0.111538 0 0
0 0 615 1.79614 0.216566 -0.94567 0.734249 0 0
0 0 616 -1.52684 -0.941094 -0.183056 -0.572188 0 0
0 0 617 0.211437 2.69853 -0.363725 0.55723 0 0
0 0 618 -1.63524 0.136323 1.83474 0.424683 0 0
0 0 619 2.1231 0.744552 -1.31862 -0.251737 0 0
0 0 620 0.646102 1.35507 0.437815 0.610676 0 0
0 0 621 -0.670563 1.2491 0.0762354 -1.61087 0 0
0 0 622 0.778551 0.620826 0.175621 -1.27642 0 0
0 0 623 -1.2569 -1.50446 -0.640359 1.15746 0 0
0 0 624 -1.66971 -1.93877 -0.415589 -0.753141 0 0
0 0 625 -3.01535 2.20409 -0.315596 -0.596586 0 0
0 0 626 1.88667 -0.384419 -0.318536 -0.816258 0 0
0 0 627 0.113811 -1.98034 0.411808 -0.0115851 0 0
0 0 628 1.39276 0.882328 -0.0467273 -0.0931464 0 0
0 0 629 1.76816 -2.53592 0.00547103 -1.47522 0 0
0 0 630 0.293967 -1.12968 1.10869 -1.237 0 0
0 0 631 1.70155 0.411352 -1.29502 0.334737 0 0
0 0 632 1.46393 0.899146 0.40068 0.026444 0 0
0 0 633 0.29957 0.15441 -1.00264 1.26207 0 0
0 0 634 0.748506 -0.0246 0.88862 -0.101591 0 0
0 0 635 -1.327 -1.0305 0.320483 0.20933 0 0
0 0 636 0.437659 -0.938118 0.720155 0.722487 0 0
0 0 637 -0.853676 -0.185328 -1.33655 1.15251 0 0
0 0 638 -0.287304 0.84618 1.58765 -0.115263 0 0
0 0 639 0.898105 -0.341042 -0.559835 -0.712374 0 0
0 0 640 -1.68004 -1.90742 0.769597 1.30717 0 0
0 0 641 0.257343 1.91554 -0.874749 1.81942 0 0
0 0 642 -1.71555 -0.973888 0.164115 -0.711447 0 0
0 0 643 -1.28251 -1.35192 1.67699 -0.840693 0 0
0 0 644 1.18505 -0.111367 0.794596 -0.390014 0 0
0 0 645 -0.944232 -0.270812 -0.56859 0.848449 0 0
0 0 646 -0.461869 -0.712096 0.700527 -0.328243 0 0
0 0 647 -0.118656 0.971355 -2.9099 1.05802 0 0
0 0 648 -1.28795 -2.25317 -0.465611 0.195097 0 0
0 0 649 0.363685 1.27608 0.264205 -0.601399 0 0
0 0 650 -1.57796 2.18782 -1.03679 -1.41898 0 0
0 0 651 -2.48358 -0.393118 -0.392504 0.58655 0 0
0 0 652 -1.2481 1.61677 -1.51308 0.811874 0 0
0 0 653 -0.0154734 -2.57888 1.27704 -1.18937 0 0
0 0 654 1.84509 -0.66598 -0.332504 0.420324 0 0
0 0 655 -0.589837 1.11078 -0.693369 0.296067 0 0
0 0 656 0.38493 0.761968 0.892162 -0.0660476 0 0
0 0 657 1.2067 -1.44339 -2.78311 1.94572 0 0
0 0 658 -0.203477 -1.22893 -0.124426 0.853961 0 0
0 0 659 -1.13683 -2.51 -0.183014 -2.18535 0 0
0 0 660 0.101814 0.490397 1.46701 0.583581 0 0
0 0 661 0.324981 -0.0195637 -0.40838 1.68897 0 0
0 0 662 -1.3335 0.965624 0.645815 0.664532 0 0
0 0 663 0.745883 0.538469 -0.943661 -1.30903 0 0
0 0 664 0.658095 0.844464 -1.78668 -0.00163903 0 0
0 0 665 0.721721 -0.105976 -0.178058 -0.609154 0 0
0 0 666 0.0715289 0.447754 0.872082 1.27898 0 0
0 0 667 -0.671198 0.865401 -0.0962693 2.05769 0 0
0 0 668 1.38482 0.928761 -2.65266 0.537905 0 0
0 0 669 -0.728307 1.73941 -0.546471 0.107129 0 0
0 0 670 1.07802 0.0232363 -0.607002 -1.4608 0 0
0 0 671 -0.148052 0.27248 2.58298 1.12002 0 0
0 0 672 0.29686 -0.980916 0.370742 0.885651 0 0
0 0 673 0.96102 -0.0460293 1.0522 -0.810235 0 0
0 0 674 -1.59586 0.383068 -0.880885 -0.19974 0 0
0 0 675 1.02255 2.4132 1.20106 -1.20137 0 0
0 0 676 0.488825 -0.716852 -0.185539 0.367313 0 0
0 0 677 -3.05378 -1.22104 0.34238 0.339026 0 0
0 0 678 -0.529512 -1.5132 0.721481 -0.541355 0 0
0 0 679 -0.392775 -0.837148 0.227686 -0.553617 0 0
0 0 680 -1.49932 1.55987 0.919058 -1.75245 0 0
0 0 681 -0.601799 0.38885 1.44893 0.609706 0 0
0 0 682 0.0244715 -1.1183 -0.718458 0.817147 0 0
0 0 683 0.554809 -0.899787 2.65603 1.36414 0 0
0 0 684 0.372298 2.46031 2.49014 -0.178104 0 0
0 0 685 -0.530804 -0.978731 0.889026 -2.05272 0 0
0 0 686 0.0597549 -0.823193 -0.488041 0.943492 0 0
0 0 687 -0.638954 -0.581661 0.498199 -0.375889 0 0
0 0 688 0.734813 -0.589816 -1.86143 0.664637 0 0
0 0 689 0.904422 -1.08621 0.0716444 -0.0324591 0 0
0 0 690 -0.404368 -0.483613 -1.66682 -1.49083 0 0
0 0 691 -0.178675 0.723998 -0.652033 -1.07262 0 0
0 0 692 1.70591 0.249831 -0.235122 -1.59031 0 0
0 0 693 -1.55157 -0.377081 -0.086242 -0.696024 0 0
0 0 694 0.246099 -0.546058 2.67401 0.399034 0 0
0 0 695 -0.0402376 -0.677552 0.340148 -0.567458 0 0
0 0 696 -0.177584 0.745359 1.70047 -1.2277 0 0
0 0 697 -0.104822 0.484301 -1.28047 0.618141 0 0
0 0 698 1.44986 2.19105 1.61216 2.34246 0 0
0 0 699 2.64864 0.869631 0.464574 0.0166243 0 0
0 0 700 -0.791133 1.10502 -0.236291 1.55822 0 0
0 0 701 -0.0644884 2.35607 1.67051 1.2203 0 0
0 0 702 -1.51134 -0.2815 -0.272986 -0.712228 0 0
0 0 703 -0.409948 1.71408 -1.42272 2.06334 0 0
0 0 704 0.970969 -0.30867 -1.39916 -2.45337 0 0
0 0 705 0.937257 -0.134279 -0.0430591 -1.32719 0 0
0 0 706 -0.755595 -0.882894 0.858056 -0.196568 0 0
0 0 707 -2.49312 0.348951 1.02758 1.13262 0 0
0 0 708 0.47459 -0.154734 0.724123 -0.134823 0 0
0 0 709 0.381957 0.113134 -0.0983117 1.46961 0 0
0 0 710 -1.29433 -1.25402 -3.25534 0.495318 0 0
0 0 711 0.169371 -0.541836 0.089571 -1.07366 0 0
0 0 712 1.05141 0.722763 -2.51495 0.113854 0 0
0 0 713 0.712356 0.952662 0.27201 -0.568378 0 0
0 0 714 0.370525 1.97351 0.421258 -1.21308 0 0
0 0 715 1.72355 -0.427295 -0.621018 -1.50752 0 0
0 0 716 -3.40627 1.21281 -0.692476 0.983698 0 0
0 0 717 -0.741163 -0.42027 0.0531668 -0.668699 0 0
0 0 718 0.379927 0.486368 -0.206159 0.441843 0 0
0 0 719 -0.926712 0.159131 1.61203 2.45752 0 0
0 0 720 1.03424 -0.748671 -0.703137 0.935461 0 0
0 0 721 -1.29624 1.52201 -1.09493 -1.15356 0 0
0 0 722 -0.0325086 -0.947088 0.822842 -0.0843407 0 0
0 0 723 0.674147 0.289663 1.053 -0.714821 0 0
0 0 724 -0.686042 -0.895399 -1.22032 -0.0705788 0 0
0 0 725 -0.20936 -0.0943501 -1.17818 -1.67216 0 0
0 0 726 2.94466 -0.965176 -0.14994 -1.27936 0 0
0 0 727 2.67146 1.1744 2.38758 -0.779597 0 0
0 0 728 0.329369 -0.77277 0.31829 -1.08025 0 0
0 0 729 -0.270132 -0.347912 -0.164166 -0.312228 0 0
0 0 730 -0.155579 0.517819 0.209167 -1.56702 0 0
0 0 731 1.17847 3.2463 -1.31048 0.813401 0 0
0 0 732 1.38684 -0.584309 -1.11235 -1.09775 0 0
0 0 733 2.53571 -0.116087 0.561012 0.806326 0 0
0 0 734 1.7614 -0.96288 0.357085 0.0361888 0 0
0 0 735 1.36584 -0.498393 1.03251 0.51173 0 0
0 0 736 1.29707 -1.61109 0.14138 -0.0846019 0 0
0 0 737 1.64938 0.575978 0.836149 0.208114 0 0
0 0 738 0.0551968 0.724869 0.204307 -1.68288 0 0
0 0 739 0.265984 -0.530215 2.51836 -0.183822 0 0
0 0 740 0.736865 -0.303097 1.57476 -0.615683 0 0
0 0 741 -1.64759 -1.99222 0.0740011 1.36167 0 0
0 0 742 1.15755 -0.139162 -1.07061 -1.03704 0 0
0 0 743 0.362964 0.379099 -0.0466551 0.492351 0 0
0 0 744 0.655324 0.353436 -0.799637 1.37411 0 0
0 0 745 1.62962 -0.083208 -2.5704 -0.179134 0 0
0 0 746 1.56389 -0.181491 0.426509 -0.16296 0 0
0 0 747 0.125333 -0.578615 1.51671 0.253216 0 0
0 0 748 0.0170976 1.59144 0.0165843 2.36726 0 0
0 0 749 0.501418 -0.652095 -0.912837 -0.758299 0 0
0 0 750 -0.9102 0.341037 0.337848 -2.62104 0 0
0 0 751 -1.9901 -0.175764 -1.27762 0.263562 0 0
0 0 752 -1.18074 0.117064 0.472201 0.778923 0 0
0 0 753 -1.10126 1.26929 -0.0159199 -1.22177 0 0
0 0 754 1.46203 -0.868895 0.281989 0.381675 0 0
0 0 755 -2.3882 -0.749187 -1.81008 -1.89545 0 0
0 0 756 1.85535 0.959378 0.319858 -0.800367 0 0
0 0 757 0.095019 -0.743428 0.0615755 0.904168 0 0
0 0 758 0.10863 -1.61541 1.15337 2.60803 0 0
0 0 759 -0.346135 0.147442 1.59357 -2.15526 0 0
0 0 760 1.89844 0.787172 -2.36783 -0.817359 0 0
0 0 761 -0.20199 -0.202571 -0.47415 1.01491 0 0
0 0 762 -0.199148 -1.12391 0.0510418 -1.13248 0 0
0 0 763 1.10487 -0.413085 2.06588 1.43606 0 0
0 0 764 -0.0862259 -0.277226 0.109924 0.681491 0 0
0 0 765 0.965868 -0.555995 0.974572 0.72198 0 0
0 0 766 1.12896 -0.369861 -1.57112 -1.73917 0 0
0 0 767 -0.763201 1.0789 -1.73367 0.144707 0 0
0 0 768 -0.152636 1.71441 0.974068 -0.783395 0 0
0 0 769 1.32712 -1.66345 0.215052 -1.26638 0 0
0 0 770 -0.832258 1.54598 -0.469727 -0.547419 0 0
0 0 771 1.28288 0.52024 0.510255 -1.20446 0 0
0 0 772 0.605492 1.5859 -0.843172 -0.0602606 0 0
0 0 773 -0.0561434 0.407949 -2.06532 0.358889 0 0
0 0 774 0.0504238 0.317165 -0.482135 1.06605 0 0
0 0 775 -0.775229 1.65902 0.320027 0.396017 0 0
0 0 776 -1.27243 -1.40089 -0.901718 0.527907 0 0
0 0 777 0.789751 0.646936 -0.702757 0.567718 0 0
0 0 778 0.362067 1.39565 -0.305075 0.122014 0 0
0 0 779 -0.680571 -1.60813 0.590648 0.204338 0 0
0 0 780 0.39592 -1.4501 0.0871193 0.0804451 0 0
0 0 781 -1.51983 0.0738334 -1.10474 -0.4732 0 0
0 0 782 -0.258602 -1.36159 0.11088 1.33721 0 0
0 0 783 -0.89742 0.697851 -0.834448 1.61761 0 0
0 0 784 -0.905567 1.07059 0.455436 -1.27899 0 0
0 0 785 -0.472443 -0.212475 1.05813 0.969787 0 0
0 0 786 -0.832804 1.3854 0.124758 0.310885 0 0
0 0 787 -0.223271 -0.484298 0.123146 0.390484 0 0
0 0 788 0.904686 -2.5308 -1.79097 0.852741 0 0
0 0 789 0.060076 0.0509211 -0.230349 0.0459134 0 0
0 0 790 0.0879368 -0.549241 0.122224 -0.660051 0 0
0 0 791 -0.0275797 2.51116 -0.416195 1.10528 0 0
0 0 792 -0.365933 -1.46274 -1.59117 -2.4853 0 0
0 0 793 -1.24846 1.04999 -0.992488 -0.365919 0 0
0 0 794 -0.331021 -1.42875 -0.604095 0.702237 0 0
0 0 795 -0.43539 -0.32253 0.995259 1.96584 0 0
0 0 796 -0.568371 -0.134263 0.653072 -1.0067 0 0
0 0 797 -0.156396 -0.104487 -0.0102111 -0.31795 0 0
0 0 798 -0.610906 -0.899192 0.682884 -0.793579 0 0
0 0 799 2.5256 1.17183 0.0207945 0.365892 0 0
0 0 800 -0.248823 0.675173 -0.221064 -1.2297 0 0
0 0 801 1.73716 0.847179 0.561698 0.381764 0 0
0 0 802 -1.32274 1.06614 -0.16525 -0.964703 0 0
0 0 803 -1.34025 -0.91358 1.41083 2.27125 0 0
0 0 804 -0.0632672 -1.15853 -1.22888 -1.03569 0 0
0 0 805 1.32914 -0.396885 -0.713374 1.29523 0 0
0 0 806 0.377403 -2.55383 -1.81533 1.96582 0 0
0 0 807 -0.0588586 -1.36776 -0.626161 -0.543746 0 0
0 0 808 2.26636 -1.19138 -0.776559 0.688794 0 0
0 0 809 -1.17817 0.273506 0.430844 -0.190845 0 0
0 0 810 0.18158 -1.36495 -0.497955 -0.32877 0 0
0 0 811 2.93951 0.38251 0.232688 0.134387 0 0
0 0 812 1.05332 0.40935 0.0438784 0.527298 0 0
0 0 813 -0.262435 -1.68653 -0.763979 0.378028 0 0
0 0 814 0.946358 0.276327 -1.24632 1.39718 0 0
0 0 815 1.15329 0.374709 0.845834 -0.369013 0 0
0 0 816 1.3297 0.125737 -1.58527 0.459881 0 0
0 0 817 1.02646 0.694155 0.2104 -1.91788 0 0
0 0 818 1.31609 -1.44962 1.40193 -0.736878 0 0
0 0 819 -0.0880554 1.28364 1.42438 -1.51419 0 0
0 0 820 0.459652 -0.858227 1.29403 0.983625 0 0
0 0 821 -0.54199 -1.57262 -0.972539 -0.903398 0 0
0 0 822 1.04161 -0.564125 0.486572 -0.30732 0 0
0 0 823 1.47356 -0.037285 0.0140819 -0.538908 0 0
0 0 824 0.915828 0.644403 0.462983 -0.422154 0 0
0 0 825 -0.451939 2.23323 -0.679412 -0.320153 0 0
0 0 826 -0.012006 -0.348915 -0.9905 0.184256 0 0
0 0 827 0.454259 1.00124 -1.49564 -1.55193 0 0
0 0 828 1.89861 0.0813827 0.682242 -0.673296 0 0
0 0 829 -0.12219 -0.0381783 -0.522105 0.37704 0 0
0 0 830 -1.38942 1.70693 -0.186627 1.33261 0 0
0 0 831 0.113168 0.120189 -1.24993 -0.611343 0 0
0 0 832 -0.252227 -0.353267 1.38559 -0.746687 0 0
0 0 833 1.26321 1.12792 -0.430852 0.936469 0 0
0 0 834 -0.223516 0.520385 0.264631 0.182429 0 0
0 0 835 0.379364 1.81399 -1.3632 0.482713 0 0
0 0 836 0.810757 0.114933 -3.37924 -0.245257 0 0
0 0 837 0.784102 1.52483 -1.28088 -2.07595 0 0
0 0 838 1.08883 -0.474741 1.00721 1.45718 0 0
0 0 839 0.675992 -1.10593 -0.699313 2.19214 0 0
0 0 840 2.41283 0.972775 0.0932535 0.663541 0 0
0 0 841 0.384188 0.0858185 -0.979531 1.08073 0 0
0 0 842 1.24881 -0.759565 0.108192 -0.228288 0 0
0 0 843 3.06919 1.86452 0.357397 0.0999282 0 0
0 0 844 3.26777 1.55083 -0.714433 0.537855 0 0
0 0 845 3.42766 0.988401 -0.833905 0.253636 0 0
0 0 846 1.89638 0.490328 -1.14979 -1.31984 0 0
0 0 847 3.02242 1.25217 -1.52268 0.343192 0 0
0 0 848 0.945711 -0.0214094 -1.86681 -1.14697 0 0
0 0 849 1.82636 0.4707 -3.28365 -0.364532 0 0
0 0 850 3.71272 -1.20763 -1.42122 -0.247937 0 0
0 0 851 2.94317 1.9923 -2.82292 0.285347 0 0
0 0 852 3.60167 0.087213 -2.34496 -1.87155 0 0
0 0 853 2.93563 0.377764 -1.11963 0.823838 0 0
0 0 854 2.21292 0.10072 -4.4947 0.503303 -44.3581 7.24487
0 0 855 3.56364 1.22735 -3.40373 -1.54088 0 0
0 0 856 3.52678 -1.29924 -3.21801 0.155096 0 0
0 0 857 3.90508 1.37274 -2.92458 1.34971 0 0
0 0 858 4.4769 2.18882 -2.10579 0.940666 0 0
0 0 859 3.04219 1.23869 -3.52381 0.173756 0 0
0 0 860 3.64007 -0.786438 -1.24703 0.630831 0 0
0 0 861 3.82457 1.17541 -3.61252 0.0158921 -35.9883 8.57179
0 0 862 3.93468 0.0256152 -2.66166 0.627683 0 0
0 0 863 3.80639 2.25815 -2.19648 1.64724 0 0
0 0 864 3.79464 -0.400257 -2.95968 0.0947687 0 0
0 0 865 1.35267 -0.606117 -2.97308 0.490175 0 0
0 0 866 1.76668 0.319912 -3.08578 -0.959064 0 0
0 0 867 5.66225 -0.532041 -4.123 -1.02985 -48.6765 7.8347
0 0 868 2.72058 0.00917053 -3.46442 -0.0554345 0 0
0 0 869 1.57461 1.24788 -2.87801 2.94355 0 0
0 0 870 4.30791 2.27318 -2.1381 -0.586143 0 0
0 0 871 2.11095 1.42634 -3.83605 0.887314 -34.8018 7.9561
0 0 872 2.37841 -0.445893 -1.11611 1.0488 0 0
0 0 873 3.0198 1.05027 -1.55871 -1.66202 0 0
0 0 874 2.26481 1.52688 -3.87815 0.136193 -34.2549 7.81218
0 0 875 1.47451 0.341896 -3.23132 -0.478896 0 0
0 0 876 3.27879 0.119518 -2.53491 0.819985 0 0
0 0 877 3.38246 0.809104 -1.73926 -0.308015 0 0
0 0 878 2.80478 2.07186 -2.49301 -2.17271 0 0
0 0 879 3.30613 -0.884105 -1.78362 -0.705845 0 0
0 0 880 2.21788 0.580575 -1.01409 0.259735 0 0
0 0 881 2.87744 -0.800686 -3.02647 -1.72639 0 0
0 0 882 4.71294 -1.83593 -0.869651 0.771636 0 0
0 0 883 2.14831 -0.665718 -0.667911 0.437093 0 0
0 0 884 4.33059 -1.37816 -2.61426 -1.05282 0 0
0 0 885 3.25608 0.83898 -0.935039 -1.63499 0 0
0 0 886 3.34022 1.16799 -2.28129 -0.129527 0 0
0 0 887 2.61454 -0.632138 -0.655926 2.45061 0 0
0 0 888 4.07669 1.46421 -4.05325 -0.731172 -35.069 7.55566
0 0 889 3.33191 1.29374 -4.62269 0.605662 -37.1824 6.78405
0 0 890 4.44426 1.76431 -1.7139 -1.27594 0 0
0 0 891 4.37051 0.165146 -3.06643 -1.27919 0 0
0 0 892 3.04893 -0.042905 -3.49384 0.980937 0 0
0 0 893 4.64521 1.36786 -4.79848 0.905066 -37.0446 6.5266
0 0 894 5.01558 1.20296 -4.01943 -1.20473 -36.6692 7.76168
0 0 895 5.12066 0.821292 -2.81109 -1.61602 0 0
0 0 896 3.99349 -0.00826907 -3.43864 -0.240859 0 0
0 0 897 4.78906 1.563 -5.43374 0.245186 -36.9761 5.75962
0 0 898 2.72032 1.13712 -5.29483 -1.35969 -38.9396 6.01379
0 0 899 4.56701 0.83397 -6.94495 2.29254 -41.5763 4.65637
0 0 900 6.68934 0.570437 -6.20254 0.339572 -42.3727 5.22917
0 0 901 7.13302 0.232572 -5.90886 -0.0833199 -43.873 5.50807
0 0 902 8.95168 -0.681883 -7.02518 0.158406 -47.772 4.61463
0 0 903 7.78701 1.63548 -4.93678 0.280709 -35.8354 6.26142
0 0 904 10.0014 -0.400054 -6.43941 -0.825228 -46.7775 5.0484
0 0 905 8.94878 -0.0780525 -7.17091 0.063521 -45.3118 4.54194
0 0 906 9.09255 -0.345146 -7.25142 2.69934 -46.3625 4.48667
0 0 907 7.57809 0.409329 -6.00098 0.666218 -43.0489 5.41509
0 0 908 7.98065 0.342136 -7.42903 1.32051 -43.6816 4.37972
0 0 909 6.54139 -0.847874 -5.24836 0.410776 -49.5884 6.12625
0 0 910 7.08713 1.62528 -7.39279 2.47601 -38.8005 4.3026
0 0 911 7.85859 -0.374445 -7.40003 -1.44425 -46.4484 4.39591
0 0 912 7.21329 0.188766 -6.23818 -0.451598 -44.1334 5.21895
0 0 913 8.08671 -1.83283 -6.40734 0.235894 -52.9816 4.88652
0 0 914 8.7349 -2.0854 -6.7068 -0.846909 -53.6362 4.63645
0 0 915 8.21127 0.981898 -4.88929 0.337258 -39.3223 6.53079
0 0 916 8.05035 0.565281 -6.48858 -0.710135 -42.5105 5.00082
0 0 917 8.45069 -0.833805 -4.68129 0.359523 -50.0496 6.8495
0 0 918 9.56486 -0.741164 -5.15898 -0.075401 -49.0877 6.2491
0 0 919 12.0785 0.0444431 -6.72934 -0.420355 -44.8108 4.84015
0 0 920 12.5557 -0.399677 -5.14018 -0.890382 -47.2231 6.31753
0 0 921 14.5162 -1.02162 -6.32876 0.430772 -49.5849 5.08051
0 0 922 14.2337 -1.88501 -4.0444 0.35127 -57.4946 7.29625
0 0 923 15.6651 -1.3487 -3.47627 1.07887 0 0
0 0 924 19.6358 -0.0491199 -4.17903 0.0432551 -45.3367 7.79356
0 0 925 22.2541 -2.57432 -2.68704 0.325094 0 0
0 0 926 24.0204 1.71388 -2.69866 -2.52654 0 0
0 0 927 28.648 1.9346 2.86718 0.553826 0 0
0 0 928 31.1289 0.615321 5.30673 1.2088 41.693 6.09676
0 0 929 32.7295 2.19236 5.19665 2.48312 33.563 5.77268
0 0 930 40.6628 2.68373 9.15146 1.49555 36.8279 3.41465
0 0 931 45.132 5.22406 12.3563 0.176315 33.5411 2.427
0 0 932 51.8734 2.47608 14.9675 0.775539 40.3033 2.14683
0 0 933 55.7144 7.47958 17.4835 1.06459 33.4192 1.71215
0 0 934 61.2422 7.71374 21.7533 1.38856 35.2377 1.41082
0 0 935 64.3446 5.4128 23.6003 1.82001 38.5412 1.34504
0 0 936 66.6049 9.38158 25.2969 0.906285 34.8261 1.20685
0 0 937 66.6229 8.14591 26.9769 0.99141 36.5989 1.1556
0 0 938 64.7489 7.98199 26.3284 -2.04549 36.5671 1.18366
0 0 939 67.707 5.90135 24.5973 -0.103303 38.2543 1.28748
0 0 940 66.2777 9.51859 24.5388 -1.08317 34.3994 1.2371
0 0 941 61.8495 7.67046 21.714 -2.15627 35.2721 1.41397
0 0 942 61.8302 7.67342 17.31 0.14134 33.0463 1.71949
0 0 943 58.3034 8.0208 19.7423 1.46862 33.9447 1.52795
0 0 944 53.3167 6.2596 15.0698 -0.796956 33.7216 1.99529
0 0 945 49.47 5.74895 13.6925 1.37123 33.6122 2.19247
0 0 946 47.0668 4.47755 9.30767 -1.39468 32.1548 3.15199
0 0 947 42.5061 4.57737 9.18659 0.214477 31.7572 3.17182
0 0 948 39.7017 4.80482 7.01609 1.75698 27.7978 3.82715
0 0 949 40.1178 0.796358 6.13049 1.89839 41.2993 5.26858
0 0 950 37.7926 3.70702 5.77023 0.587799 28.6409 4.74558
0 0 951 35.4603 2.57141 3.43675 -0.309369 26.5979 7.58143
0 0 952 32.4965 3.44863 3.84195 2.08075 24.044 6.30172
0 0 953 30.9482 -0.0821762 0.730084 -0.435152 0 0
0 0 954 29.3355 3.45979 2.76387 -0.249483 19.3099 7.34381
0 0 955 28.8677 0.706392 1.3905 1.41141 0 0
0 0 956 28.1928 0.475286 1.28728 -0.97279 0 0
0 0 957 25.3129 -2.33349 0.292473 0.489317 0 0
0 0 958 27.0136 -0.266525 -2.55575 1.00021 0 0
0 0 959 26.7191 -1.25405 -0.073066 -1.10826 0 0
0 0 960 23.2549 -0.816623 -0.697771 -2.25439 0 0
0 0 961 22.477 -1.66586 -0.221867 0.452859 0 0
0 0 962 22.7687 -0.801505 -2.17546 -0.00125774 0 0
0 0 963 22.9619 1.92956 -1.57731 -2.02069 0 0
0 0 964 21.0036 0.913713 -0.852544 -1.72423 0 0
0 0 965 22.3972 0.0712843 0.406471 -2.16105 0 0
0 0 966 21.0785 -2.16679 -1.68887 0.0928267 0 0
0 0 967 19.3125 -0.73637 -2.4061 -1.15405 0 0
0 0 968 17.7237 -1.98557 -1.04868 0.230543 0 0
0 0 969 16.8165 -1.17572 -1.27976 -1.64729 0 0
0 0 970 19.0264 -0.649776 0.262683 -0.202454 0 0
0 0 971 14.8434 -2.22997 -1.02854 -2.64481 0 0
0 0 972 15.7677 -3.1876 -2.65625 -2.86217 -70.0977 7.83795
0 0 973 15.2377 -2.66233 0.283243 -4.18098 0 0
0 0 974 14.2539 -3.38992 -0.900359 -2.03946 0 0
0 0 975 12.8295 -1.72194 -1.38809 -2.54215 0 0
0 0 976 13.328 -2.80576 -3.37679 -0.887546 -64.8615 7.4111
0 0 977 13.0509 0.462749 -0.286545 -2.06056 0 0
0 0 978 11.4627 -1.30994 -1.3772 -0.478927 0 0
0 0 979 12.7396 -2.01427 0.806042 -1.48602 0 0
0 0 980 11.4235 -2.81648 0.179811 -0.720148 0 0
0 0 981 9.01118 -0.840527 -0.43394 0.295521 0 0
0 0 982 11.8311 -1.00137 -0.0700406 -1.5435 0 0
0 0 983 9.36549 -0.575008 -1.85069 -2.08245 0 0
0 0 984 9.70952 -2.61167 -0.594704 -1.87034 0 0
0 0 985 8.22373 -1.9626 -1.04246 0.20067 0 0
0 0 986 10.2578 -2.09612 -2.6291 -1.43779 0 0
0 0 987 7.99586 -2.33611 -0.739104 -0.312238 0 0
0 0 988 7.28613 -1.26817 -1.94932 -3.84988 0 0
0 0 989 6.80489 -3.07219 2.21748 -1.01556 72.0893 8.58198
0 0 990 6.03316 -1.38277 1.02208 -3.36743 0 0
0 0 991 6.32091 -3.3823 -0.833098 -0.790874 0 0
0 0 992 6.34622 -2.48851 -0.651957 -2.00334 0 0
0 0 993 8.38049 -1.33777 0.341469 0.726808 0 0
0 0 994 6.21114 0.00508881 -0.321258 0.476644 0 0
0 0 995 4.99875 -1.71252 -0.433062 -2.069 0 0
0 0 996 3.49959 -1.1599 -1.15741 -0.257882 0 0
0 0 997 5.76377 -2.16492 -1.81799 -2.75138 0 0
0 0 998 3.05703 -2.52422 -1.43081 -2.062 0 0
0 0 999 4.15699 0.5788 -0.967013 -0.648383 0 0
0 0 1000 2.86052 0.84808 -1.95537 -1.61022 0 0
0 0 1001 2.69483 0.655373 0.0344156 -0.1313 0 0
0 0 1002 3.4481 -2.66824 -2.71682 -2.50871 -67.2416 8.54265
0 0 1003 2.84933 -1.09665 -1.34409 0.113832 0 0
0 0 1004 2.11526 -1.93558 2.08109 -0.403051 0 0
0 0 1005 3.05642 -3.131 -1.02206 0.93359 0 0
0 0 1006 4.44387 -1.19885 -1.06505 0.281681 0 0
0 0 1007 3.14319 -1.2489 -1.72886 1.31035 0 0
0 0 1008 3.40492 -1.86166 -1.5867 1.11701 0 0
0 0 1009 2.67288 -1.68245 -0.187598 0.185709 0 0
0 0 1010 3.8339 -0.490114 -0.419863 -0.13922 0 0
0 0 1011 2.2273 -0.420374 0.181725 0.183939 0 0
0 0 1012 2.60133 -1.83825 -1.87688 -0.0300809 0 0
0 0 1013 0.747016 -0.167273 0.476303 -1.3487 0 0
0 0 1014 -0.810964 -0.497904 -0.367852 -0.442688 0 0
0 0 1015 1.91002 -2.3024 -1.36638 -0.422036 0 0
0 0 1016 0.452878 -0.394694 0.514269 0.318047 0 0
0 0 1017 0.530717 -0.633876 -1.55528 0.0124676 0 0
0 0 1018 1.79951 0.0359356 0.57756 -0.724314 0 0
0 0 1019 0.395129 1.83906 0.42965 -0.655153 0 0
0 0 1020 0.639739 -0.202735 -0.0392792 -1.04189 0 0
0 0 1021 -0.243119 0.696909 -0.018597 0.232212 0 0
0 0 1022 0.547526 -1.17032 1.51654 0.0660622 0 0
0 0 1023 1.38117 0.163293 -1.3454 0.999634 0 0
