# File: uwl_230318_210231_Combined.rf.sbE2.RMC_aux Src: J1713+0747 Nsub: 1 Nch: 1 Npol: 4 Nbin: 1024 RMS: 0.884862
0 0 0 6.09537 -0.178821 -0.0687458 0.944889 0 0
0 0 1 4.49217 -0.668863 -0.487979 -0.114176 0 0
0 0 2 3.86914 0.635228 0.653503 -0.489867 0 0
0 0 3 3.5622 -0.941659 -0.138643 1.37682 0 0
0 0 4 5.7762 1.25334 0.0179428 -0.956841 0 0
0 0 5 3.98233 -0.148339 0.735399 0.114547 0 0
0 0 6 3.61931 -0.321991 -0.640702 0.0318278 0 0
0 0 7 4.18002 -1.96278 -3.05206 -0.622249 -61.3725 7.74907
0 0 8 3.23731 -2.0532 0.0125436 -0.764638 0 0
0 0 9 2.32102 -1.72503 0.602796 0.925495 0 0
0 0 10 3.43813 -0.109676 -0.149938 -0.497619 0 0
0 0 11 4.66495 1.00212 0.0472436 -0.872891 0 0
0 0 12 4.12743 1.1565 1.09907 -2.3034 0 0
0 0 13 2.6442 0.661675 0.0951521 -0.696212 0 0
0 0 14 2.01231 1.60498 1.89646 -0.16589 0 0
0 0 15 2.42519 -0.00104666 0.469693 0.251388 0 0
0 0 16 3.79341 -0.456967 1.6944 -0.799092 0 0
0 0 17 3.25892 -0.763472 1.0659 0.88966 0 0
0 0 18 4.37527 0.326693 1.42673 1.45234 0 0
0 0 19 2.52342 0.271735 0.795779 -0.460388 0 0
0 0 20 3.34218 0.251892 0.774605 -0.0013532 0 0
0 0 21 4.2499 -0.0799661 1.74593 -0.24376 0 0
0 0 22 2.79953 1.42377 1.70347 -0.00666901 0 0
0 0 23 2.70212 0.689083 2.5464 0.359914 0 0
0 0 24 3.28537 -0.0447365 3.9121 0.044905 45.3276 7.27397
0 0 25 4.00811 -0.429793 3.35647 -0.915873 48.6485 8.40453
0 0 26 3.38626 0.0536289 2.77729 -0.574943 0 0
0 0 27 4.3095 0.0832427 3.32898 -1.17966 44.2838 8.54584
0 0 28 2.89432 0.577232 3.71859 -0.45153 40.5882 7.55525
0 0 29 5.82963 -0.281534 2.66614 -1.3109 0 0
0 0 30 4.90598 -2.12664 3.26385 -1.59983 61.5436 7.21665
0 0 31 5.7958 -0.45102 3.14578 0.25163 0 0
0 0 32 4.19616 -1.00306 5.06761 0.114198 50.5981 5.50047
0 0 33 7.32372 -1.82098 2.67644 -1.03295 62.1151 8.67772
0 0 34 6.30653 0.0461776 5.1543 -0.473962 44.7433 5.52108
0 0 35 7.26185 -1.39038 2.88329 -0.854928 0 0
0 0 36 5.98572 -0.0449708 3.70048 -1.50989 45.3481 7.68987
0 0 37 5.02079 -1.69071 5.03869 0.341105 54.2744 5.3326
0 0 38 5.75667 -2.32899 3.80693 0.0240021 60.7287 6.30603
0 0 39 5.23844 -0.726539 3.5051 -1.68567 50.8552 7.93691
0 0 40 4.84989 0.826662 5.29534 -0.856806 40.5636 5.30482
0 0 41 5.35757 -2.02764 4.00262 -1.82893 58.4329 6.28988
0 0 42 6.26639 -3.04851 5.45778 -0.710192 59.5931 4.50823
0 0 43 7.61229 -1.44922 4.26925 -0.327146 54.375 6.28569
0 0 44 5.06489 -0.21821 4.69785 -0.785722 46.3297 6.05072
0 0 45 6.42888 -2.33064 5.22075 -0.874466 57.0284 4.94394
0 0 46 5.64787 -2.34087 4.7432 0.229665 58.1337 5.33745
0 0 47 3.65089 -1.43729 4.9469 -0.268246 53.1004 5.5069
0 0 48 4.31124 -3.15397 4.41885 -0.291007 62.7587 5.1698
0 0 49 4.21062 -0.7792 3.8235 -0.455427 50.7593 7.28135
0 0 50 4.9902 -0.373444 3.9618 -1.42718 47.6924 7.14897
0 0 51 6.36865 -2.25922 3.78854 -1.3147 60.4044 6.38275
0 0 52 7.0206 -2.71395 3.44442 0.21449 64.1178 6.38825
0 0 53 7.13511 -1.18175 3.71289 -2.54655 53.8277 7.2765
0 0 54 4.53746 -3.51921 2.30074 -0.551532 73.4123 6.5736
0 0 55 5.53563 -1.29287 3.62378 -1.15044 54.8176 7.3627
0 0 56 5.3347 -0.682823 4.55044 1.95673 49.267 6.17926
0 0 57 6.08075 -1.33881 1.59441 -0.736134 0 0
0 0 58 5.83965 -1.10648 4.40025 -0.554691 52.0574 6.25709
0 0 59 4.40521 -2.0655 2.34168 -0.838203 0 0
0 0 60 2.90208 -2.49537 3.07356 0.300125 64.5363 7.07168
0 0 61 4.20029 -1.34182 2.67515 -0.239213 0 0
0 0 62 3.2938 -0.964299 1.3736 0.479706 0 0
0 0 63 2.69763 -1.10762 3.16562 -0.327351 54.6422 8.44788
0 0 64 2.8657 -2.07209 2.16728 -0.985907 0 0
0 0 65 1.47574 -1.73917 0.337105 0.197832 0 0
0 0 66 3.10578 -0.356333 0.413635 -0.562523 0 0
0 0 67 1.44249 -0.28276 0.329015 -1.75425 0 0
0 0 68 0.869988 -0.758739 1.10124 0.701292 0 0
0 0 69 1.17662 1.28397 1.65453 -0.538056 0 0
0 0 70 1.5327 -2.84438 1.73131 1.05089 74.3361 8.28998
0 0 71 1.58006 -2.51946 0.567458 0.0828619 0 0
0 0 72 3.24579 -0.914217 -0.3513 -0.178189 0 0
0 0 73 0.723415 0.538922 0.813315 -0.146433 0 0
0 0 74 1.20663 -0.608644 -0.452649 -0.927037 0 0
0 0 75 1.91765 0.619289 1.10903 -1.17962 0 0
0 0 76 1.00538 -2.07309 0.572554 -0.295447 0 0
0 0 77 2.69012 -0.326 0.362225 0.615496 0 0
0 0 78 2.15689 -1.51357 0.636138 1.25374 0 0
0 0 79 0.00913018 -1.15109 2.07328 0.339547 0 0
0 0 80 1.22278 -1.4915 2.08663 0.0475022 0 0
0 0 81 0.731327 -0.461183 1.13849 1.77334 0 0
0 0 82 0.278762 -0.0699724 0.170464 0.037064 0 0
0 0 83 0.105497 0.736717 0.0609486 -0.878254 0 0
0 0 84 1.56289 -1.0993 0.814135 1.79827 0 0
0 0 85 0.283611 0.2266 1.14172 -0.893063 0 0
0 0 86 0.445607 0.485877 -2.07147 2.0153 0 0
0 0 87 -0.74123 -0.42335 -0.0521587 -0.783513 0 0
0 0 88 1.7949 -0.494197 0.680436 0.805996 0 0
0 0 89 0.908385 1.59161 0.774989 -0.0374119 0 0
0 0 90 -0.400467 -2.22153 1.73105 -1.06772 0 0
0 0 91 1.03912 0.55374 0.940105 0.108512 0 0
0 0 92 -0.886812 -0.532888 0.162437 -0.418798 0 0
0 0 93 2.39346 -1.42398 1.2724 -0.187914 0 0
0 0 94 0.816988 1.33305 -0.707468 -0.142447 0 0
0 0 95 1.36914 -1.79897 0.564484 0.0335107 0 0
0 0 96 2.22175 0.636382 0.401747 -0.768485 0 0
0 0 97 -0.539779 -0.694297 0.572016 -0.677919 0 0
0 0 98 0.951727 -0.155221 -0.467613 -1.07587 0 0
0 0 99 -0.276539 0.133949 0.463756 -1.16846 0 0
0 0 100 -0.855065 -1.00117 0.363787 -0.234282 0 0
0 0 101 0.23896 0.270349 1.01074 -2.49643 0 0
0 0 102 0.924242 -0.644667 0.18556 0.453408 0 0
0 0 103 0.0899382 -1.12269 1.59433 1.90648 0 0
0 0 104 0.120921 2.00101 1.10758 0.431572 0 0
0 0 105 0.0789402 -0.497879 0.0266818 -1.54955 0 0
0 0 106 -0.162448 0.759975 -1.2157 -2.21033 0 0
0 0 107 0.679222 -1.24995 0.855035 0.996612 0 0
0 0 108 0.122665 -0.194362 0.711035 0.641955 0 0
0 0 109 1.31445 -0.708846 -0.327221 -0.847688 0 0
0 0 110 0.778093 0.675073 1.1848 -0.701033 0 0
0 0 111 -1.89184 2.68119 -0.287082 -0.326067 0 0
0 0 112 -1.08051 -1.12126 -0.35253 0.521621 0 0
0 0 113 -1.4507 0.100156 -1.06792 0.634346 0 0
0 0 114 -0.324957 -0.491758 0.899785 0.44126 0 0
0 0 115 -0.353404 0.182154 -0.37777 0.258807 0 0
0 0 116 -0.0109321 0.423418 0.297382 0.224924 0 0
0 0 117 -0.412736 -2.82 0.239296 0.588425 0 0
0 0 118 1.29918 2.19737 2.06819 -0.13537 0 0
0 0 119 -0.445915 -0.914563 0.657526 -0.0524773 0 0
0 0 120 -0.716925 0.858473 0.695768 -2.5813 0 0
0 0 121 1.09062 0.687594 0.290125 -1.32519 0 0
0 0 122 -1.00272 0.689052 0.446083 0.141036 0 0
0 0 123 0.288883 0.244916 1.41389 0.73458 0 0
0 0 124 0.55648 0.333733 -0.0299793 -2.36463 0 0
0 0 125 0.972447 0.683221 -0.649088 -1.16785 0 0
0 0 126 -1.00825 1.34517 -0.022104 -0.497967 0 0
0 0 127 -0.205407 -0.345706 1.90815 -1.45085 0 0
0 0 128 0.433478 0.747838 -0.0946376 1.42675 0 0
0 0 129 -1.48716 1.24448 -1.07301 -2.36941 0 0
0 0 130 -0.833122 0.473621 0.830474 -0.230194 0 0
0 0 131 0.0195912 -0.755372 0.245656 0.321111 0 0
0 0 132 -0.196325 -1.09836 0.685536 1.57425 0 0
0 0 133 0.131956 -1.38308 -0.52414 0.76217 0 0
0 0 134 -1.01941 1.09719 -0.919582 -0.2117 0 0
0 0 135 0.141806 0.659063 2.06909 1.62585 0 0
0 0 136 -0.902006 1.31204 1.13701 -0.144241 0 0
0 0 137 -0.797859 0.742644 -0.35561 0.0373476 0 0
0 0 138 -1.16045 0.62877 0.532634 -0.29429 0 0
0 0 139 0.820644 0.354158 0.946653 -1.88322 0 0
0 0 140 -0.534813 -0.589473 -0.619046 -0.845662 0 0
0 0 141 -1.09173 -1.18018 1.52674 1.22867 0 0
0 0 142 -0.378312 -1.2569 0.364818 0.871242 0 0
0 0 143 0.378321 0.0644835 0.182151 0.360949 0 0
0 0 144 1.50189 -0.399278 1.33166 -1.63348 0 0
0 0 145 -0.682273 0.623208 0.329584 -2.56953 0 0
0 0 146 1.00005 0.90095 -0.391928 -0.961122 0 0
0 0 147 0.136543 1.64203 -0.684585 0.872014 0 0
0 0 148 -1.39282 -0.790522 -0.581394 -1.25324 0 0
0 0 149 -0.0438431 -0.1597 0.880624 -0.425077 0 0
0 0 150 -1.36975 1.29623 0.123016 -1.17993 0 0
0 0 151 -0.423679 0.955007 -0.675312 0.0748377 0 0
0 0 152 -1.0829 0.431471 0.785698 1.18193 0 0
0 0 153 1.18206 1.20937 -1.80408 -1.79412 0 0
0 0 154 -0.0911156 0.0283236 -0.334698 0.779532 0 0
0 0 155 0.423416 -0.48575 0.795925 -0.11127 0 0
0 0 156 -0.605064 1.36479 -2.17949 -0.322643 0 0
0 0 157 0.443694 0.770323 -0.521047 -0.100051 0 0
0 0 158 -0.443144 -1.20483 0.489444 -0.953085 0 0
0 0 159 -0.00972454 0.364529 -1.31715 1.53771 0 0
0 0 160 0.979937 -1.12123 -0.244145 -1.53265 0 0
0 0 161 0.346808 -0.00903927 0.324505 0.8409 0 0
0 0 162 0.313448 1.52921 -0.541115 -0.290148 0 0
0 0 163 -0.217263 -0.303618 -0.000424035 -0.530601 0 0
0 0 164 0.677884 -0.589571 -0.992315 0.0173128 0 0
0 0 165 1.09519 0.971398 0.485867 0.0827974 0 0
0 0 166 -0.460503 0.199711 0.762675 -1.48318 0 0
0 0 167 -3.03494 -0.0920938 1.99 0.302431 0 0
0 0 168 -0.670211 1.81523 -0.415492 0.407682 0 0
0 0 169 -0.251218 1.35587 -1.4528 1.4298 0 0
0 0 170 0.812532 0.128726 0.118131 1.94741 0 0
0 0 171 -0.123283 -1.38994 -0.409282 0.906379 0 0
0 0 172 0.291713 1.8743 -1.00017 -1.7828 0 0
0 0 173 -0.557882 1.66205 -1.85423 1.28504 0 0
0 0 174 -0.349036 -1.37999 0.904152 -0.991269 0 0
0 0 175 -0.53002 0.0025683 -0.590063 -0.774397 0 0
0 0 176 0.421488 0.468643 0.812044 0.886097 0 0
0 0 177 -0.520369 -1.03268 1.44374 0.425799 0 0
0 0 178 1.11672 -1.35083 1.1584 0.212216 0 0
0 0 179 -1.63794 -0.210341 0.031416 -0.598543 0 0
0 0 180 0.609493 2.09629 0.5205 0.979506 0 0
0 0 181 -1.02997 0.0828774 -1.03195 -1.20995 0 0
0 0 182 1.41589 -0.0602134 -1.75992 -0.736609 0 0
0 0 183 -1.67151 1.28679 -0.0355612 1.24058 0 0
0 0 184 1.29947 -0.37872 -0.478221 0.763243 0 0
0 0 185 0.76221 1.76167 -0.590308 -0.719552 0 0
0 0 186 1.60506 -0.350747 0.894492 -0.148976 0 0
0 0 187 1.93728 0.255696 0.502455 0.962263 0 0
0 0 188 1.729 1.25399 0.247428 0.407094 0 0
0 0 189 -1.27568 0.960836 -0.38252 1.6082 0 0
0 0 190 0.862504 -0.961641 -0.385307 -0.677708 0 0
0 0 191 -1.82655 -0.107916 0.426444 0.00968846 0 0
0 0 192 -0.513977 0.783422 -0.645885 -1.62769 0 0
0 0 193 0.865404 -0.0821314 -1.088 0.405701 0 0
0 0 194 0.742387 0.507058 0.275721 0.65122 0 0
0 0 195 0.407827 0.0573467 -0.0477308 -0.677029 0 0
0 0 196 0.440562 -0.808045 2.00829 1.45738 0 0
0 0 197 0.727754 1.25802 1.09289 -1.56949 0 0
0 0 198 -0.448831 0.368664 0.984791 -0.728642 0 0
0 0 199 0.044748 0.271076 1.31614 0.335079 0 0
0 0 200 -1.20016 1.03968 -0.672422 0.107916 0 0
0 0 201 -1.43953 0.969586 -0.701647 -0.42992 0 0
0 0 202 -0.990266 0.0386746 0.983079 -1.76427 0 0
0 0 203 -0.7484 -0.402503 0.723477 2.06775 0 0
0 0 204 0.856464 -2.15786 0.35605 -0.479847 0 0
0 0 205 -0.828633 -0.0149054 -2.463 -0.379744 0 0
0 0 206 0.47539 1.57587 0.704714 -0.042634 0 0
0 0 207 -0.103135 0.47773 1.19573 -0.183257 0 0
0 0 208 0.69063 0.0957847 -1.45746 -0.448193 0 0
0 0 209 0.411226 -0.552774 -0.371411 -0.725876 0 0
0 0 210 0.243831 0.516295 -0.116013 -0.102406 0 0
0 0 211 -0.92123 -0.683068 -1.71877 0.888058 0 0
0 0 212 0.70317 -0.240999 -0.569263 -0.887868 0 0
0 0 213 -1.1127 -1.3559 1.14204 -0.17898 0 0
0 0 214 -0.334253 -0.924156 -1.01202 0.491327 0 0
0 0 215 1.6296 1.35431 -0.492843 0.94843 0 0
0 0 216 -1.36488 -0.932718 -0.346566 -0.168841 0 0
0 0 217 -0.552044 -1.38229 0.484107 -2.16412 0 0
0 0 218 -0.0543084 0.451082 1.17042 -1.24123 0 0
0 0 219 -0.903143 -0.945128 0.665695 -0.444434 0 0
0 0 220 -0.0960094 -0.630774 1.52441 -0.0953769 0 0
0 0 221 0.446342 1.07546 -2.31574 0.95532 0 0
0 0 222 0.645522 -0.891183 0.310793 -0.121556 0 0
0 0 223 1.70164 -0.428865 -1.47834 -1.70525 0 0
0 0 224 0.094384 0.189042 0.891672 -0.491232 0 0
0 0 225 -0.194533 0.689175 -1.50208 0.257816 0 0
0 0 226 0.897284 -0.548736 0.615268 1.08343 0 0
0 0 227 0.885944 -0.100778 0.419648 -0.816646 0 0
0 0 228 0.941603 0.993889 -0.905699 0.00299996 0 0
0 0 229 1.39444 0.116175 -1.84772 0.198001 0 0
0 0 230 0.95108 -0.716317 -1.76407 -1.33442 0 0
0 0 231 1.05478 -1.26061 -0.888432 -0.502488 0 0
0 0 232 -0.129042 0.472704 -0.203723 -1.1328 0 0
0 0 233 -0.0661155 0.481266 -0.67965 -0.635634 0 0
0 0 234 -0.141401 0.264478 1.30611 0.216711 0 0
0 0 235 0.462571 0.759156 -1.16852 0.357501 0 0
0 0 236 1.4807 -1.36215 -0.468442 -1.13356 0 0
0 0 237 -0.379887 0.723719 -1.70906 -0.0156976 0 0
0 0 238 0.607217 -1.30713 0.149911 -1.10128 0 0
0 0 239 -2.0149 0.643763 1.3284 -0.161224 0 0
0 0 240 0.669909 0.521241 -0.472977 -0.697046 0 0
0 0 241 1.09505 0.205939 -1.39713 -0.619731 0 0
0 0 242 -0.244884 1.78066 -0.813712 1.03337 0 0
0 0 243 0.0163288 -0.81417 -1.27557 -0.842236 0 0
0 0 244 0.82108 0.781153 0.160792 2.15487 0 0
0 0 245 0.0935417 0.554076 0.657742 -0.608395 0 0
0 0 246 -0.26669 1.59977 -0.951093 -1.72585 0 0
0 0 247 0.456114 1.42467 -0.782406 -0.394915 0 0
0 0 248 0.294859 -1.79716 -0.0209638 -0.48921 0 0
0 0 249 -0.541024 -0.578222 -0.536287 -1.40883 0 0
0 0 250 1.95911 0.746489 -1.08545 -0.762786 0 0
0 0 251 1.55921 -0.748108 0.0345953 -0.159526 0 0
0 0 252 -0.776809 0.356291 -0.818337 1.45361 0 0
0 0 253 0.632115 -0.0667417 -1.12158 1.23297 0 0
0 0 254 1.07389 0.0735524 -1.03715 0.4075 0 0
0 0 255 0.616858 0.644898 -1.02758 -0.158371 0 0
0 0 256 1.74563 -1.31792 -0.641375 1.14516 0 0
0 0 257 1.8742 -1.03416 -0.486378 -1.46338 0 0
0 0 258 0.00179505 -0.784781 0.573323 -0.451078 0 0
0 0 259 -0.0710597 -2.07089 0.108698 -0.734504 0 0
0 0 260 1.6825 0.692712 -1.42966 -0.507422 0 0
0 0 261 1.23371 2.28979 -0.501753 -0.561985 0 0
0 0 262 -0.433267 -0.18975 0.502793 0.720603 0 0
0 0 263 0.339908 -1.4656 -0.209158 1.03258 0 0
0 0 264 1.65758 0.217178 -0.0108094 0.604312 0 0
0 0 265 0.0801111 -1.0254 -0.201398 0.409869 0 0
0 0 266 0.22412 -1.36868 -1.89127 -1.21498 0 0
0 0 267 1.48461 0.940836 0.869298 -0.768092 0 0
0 0 268 0.898546 -0.241517 0.903802 1.01148 0 0
0 0 269 1.03154 0.0914309 0.319703 -0.465572 0 0
0 0 270 1.54679 1.15529 0.0280295 -0.428796 0 0
0 0 271 0.490163 1.61633 0.392305 2.12424 0 0
0 0 272 1.9809 0.130533 -1.01711 0.44622 0 0
0 0 273 1.77379 0.916324 -0.411465 0.456667 0 0
0 0 274 1.25518 0.489794 0.998853 -2.0693 0 0
0 0 275 0.951456 0.895108 1.08138 -2.09695 0 0
0 0 276 -0.112374 0.387756 0.436938 -0.837017 0 0
0 0 277 1.59697 0.477473 -0.926667 1.02265 0 0
0 0 278 -0.683301 1.67015 0.738351 0.317924 0 0
0 0 279 2.01927 0.901447 -1.08038 0.818935 0 0
0 0 280 0.0556898 -1.97296 0.0510519 -0.0773247 0 0
0 0 281 0.772867 -0.227583 0.888854 -0.10802 0 0
0 0 282 1.28963 -0.134519 0.0926651 -0.243441 0 0
0 0 283 0.482673 -0.398422 0.73042 -1.17344 0 0
0 0 284 1.5316 -2.04692 -0.584272 -1.04722 0 0
0 0 285 0.781927 -0.525196 1.43701 1.82966 0 0
0 0 286 2.74078 -1.28448 -0.778864 -0.191495 0 0
0 0 287 0.780286 0.0928307 -0.0170764 0.592423 0 0
0 0 288 -0.518377 -0.412865 -0.789751 0.887519 0 0
0 0 289 -0.290279 1.1691 -0.270758 -0.370284 0 0
0 0 290 -1.15592 -0.887605 0.00400635 -1.47823 0 0
0 0 291 -0.646504 -1.15674 0.679688 -2.00353 0 0
0 0 292 -0.105145 -1.744 -1.29724 0.493232 0 0
0 0 293 -0.85236 -0.957025 -0.757699 -0.0135421 0 0
0 0 294 1.92516 -0.0120729 0.103717 -0.0110326 0 0
0 0 295 0.183882 1.09751 1.30577 -0.309375 0 0
0 0 296 -0.409697 1.13574 0.271554 -0.84639 0 0
0 0 297 -0.857408 -0.716396 -1.46335 -0.590618 0 0
0 0 298 1.35931 -1.38417 0.947475 -1.24076 0 0
0 0 299 1.35098 -0.219027 -0.204841 0.561268 0 0
0 0 300 -0.910881 -0.719406 0.801358 0.663657 0 0
0 0 301 -0.954365 -0.475797 -2.12205 0.544886 0 0
0 0 302 0.387902 1.42716 1.55289 -1.87978 0 0
0 0 303 0.376672 -0.822932 1.226 -0.516095 0 0
0 0 304 0.398128 -0.444873 -0.11512 0.258364 0 0
0 0 305 -1.04728 2.47311 1.8435 0.431406 0 0
0 0 306 -0.551165 -1.28688 -0.516065 0.119544 0 0
0 0 307 -0.222556 1.57595 -0.183114 0.489305 0 0
0 0 308 2.48083 -0.401759 1.46318 -0.234751 0 0
0 0 309 0.859356 0.892691 2.07461 -0.767926 0 0
0 0 310 0.0812472 1.29251 0.0354026 1.03476 0 0
0 0 311 -0.0465383 0.297944 1.26976 0.260152 0 0
0 0 312 1.84273 -1.16508 0.658924 1.13733 0 0
0 0 313 1.00125 0.961118 -0.254043 -1.13852 0 0
0 0 314 -0.020472 -1.61055 -1.32949 0.145373 0 0
0 0 315 -0.528003 0.472566 -0.579406 0.479988 0 0
0 0 316 -0.651624 1.19573 -1.22845 -0.515544 0 0
0 0 317 0.167579 1.29556 0.746179 0.495942 0 0
0 0 318 -0.922933 -1.1825 0.63088 -1.39285 0 0
0 0 319 0.0623993 0.550952 -0.198495 -0.329109 0 0
0 0 320 -0.111705 -1.15377 -1.09893 0.125872 0 0
0 0 321 0.158243 0.72503 -2.22469 1.04518 0 0
0 0 322 -0.595851 1.2471 1.15351 -0.0553321 0 0
0 0 323 -0.817017 -0.446746 -0.27192 0.72363 0 0
0 0 324 0.186979 -0.0435287 1.34104 -0.188976 0 0
0 0 325 -0.111865 -0.174537 0.570357 0.182351 0 0
0 0 326 -1.0929 0.321369 0.589068 1.27004 0 0
0 0 327 -0.132441 0.43888 0.399546 -1.19986 0 0
0 0 328 -0.523734 -1.26556 0.342198 0.480328 0 0
0 0 329 -0.463882 0.924995 0.127092 0.523454 0 0
0 0 330 -1.13288 1.44559 -0.0363171 1.91639 0 0
0 0 331 -0.537219 -0.0642926 -1.15162 -0.0469366 0 0
0 0 332 -1.46954 -0.778885 0.206308 0.427662 0 0
0 0 333 0.00304639 -1.03812 -0.74228 -0.917768 0 0
0 0 334 0.552052 -0.250793 -0.61742 0.110687 0 0
0 0 335 0.0501276 -0.427022 -1.3129 1.79456 0 0
0 0 336 -0.848862 0.496434 -1.36578 -1.58257 0 0
0 0 337 -0.161521 -0.139187 -0.548276 2.55347 0 0
0 0 338 1.71339 -0.0272763 -0.120974 -1.72164 0 0
0 0 339 0.500069 0.483162 1.37072 -2.2472 0 0
0 0 340 -0.118951 -1.28112 1.06029 0.0180978 0 0
0 0 341 1.08049 1.23626 -0.356678 -1.56569 0 0
0 0 342 -1.46632 0.215973 1.02126 0.38076 0 0
0 0 343 -0.148627 -1.09935 -1.65384 0.971133 0 0
0 0 344 0.196042 0.67612 1.06103 -0.264102 0 0
0 0 345 -0.364395 0.0959797 0.795122 1.87875 0 0
0 0 346 -0.735691 -1.31994 -0.930109 0.727953 0 0
0 0 347 -1.54501 1.4447 0.0401297 -0.172881 0 0
0 0 348 0.802103 -0.194592 0.983508 0.525062 0 0
0 0 349 -0.303077 1.58895 -0.553399 0.800726 0 0
0 0 350 -0.0524277 0.536021 1.03993 -0.84039 0 0
0 0 351 -0.109769 1.09829 -0.517071 -0.0560998 0 0
0 0 352 -0.1217 -0.430345 -0.639975 0.0601989 0 0
0 0 353 -0.349575 -0.400139 -0.456742 -0.0961701 0 0
0 0 354 -0.32297 -1.78076 1.08785 0.0344276 0 0
0 0 355 0.816275 -1.28624 0.663707 -0.192681 0 0
0 0 356 0.0618175 -1.15166 0.949157 0.280999 0 0
0 0 357 -0.746915 1.62179 -0.747427 1.89336 0 0
0 0 358 -0.996958 1.89675 0.468687 0.667371 0 0
0 0 359 0.288421 0.185094 -0.732777 1.05604 0 0
0 0 360 -1.37764 -0.458954 1.97944 -0.577579 0 0
0 0 361 0.6002 1.73949 -0.447369 -0.680064 0 0
0 0 362 -0.718938 -0.371382 1.77248 0.429363 0 0
0 0 363 -1.36818 -0.125124 -1.56308 -0.0649864 0 0
0 0 364 0.151323 0.608722 1.21365 -0.0304347 0 0
0 0 365 0.422468 -1.38669 -1.84704 -0.321005 0 0
0 0 366 -0.196155 0.708245 1.51937 0.677389 0 0
0 0 367 -0.990678 0.538301 -0.064411 -0.598067 0 0
0 0 368 1.39228 0.626774 -0.491457 -1.47958 0 0
0 0 369 -0.254183 -0.399549 -0.41711 -0.396491 0 0
0 0 370 0.300558 1.10415 0.805562 -0.753752 0 0
0 0 371 0.625187 1.74904 0.742222 -0.251794 0 0
0 0 372 1.79427 -0.27285 0.644221 -1.37851 0 0
0 0 373 -0.508276 2.28098 -2.07617 0.792619 0 0
0 0 374 0.899328 0.269189 0.29125 -0.188931 0 0
0 0 375 -0.453356 0.630277 0.374677 -0.15165 0 0
0 0 376 -1.23598 -1.17936 -1.45604 0.772977 0 0
0 0 377 0.665202 -0.97618 -0.643645 -1.04187 0 0
0 0 378 -0.817166 -1.52907 -0.665936 0.0818102 0 0
0 0 379 -0.0354265 -0.229578 0.0385215 -0.730612 0 0
0 0 380 -0.766055 -0.255547 -1.06768 -0.825359 0 0
0 0 381 0.828279 1.41279 0.194374 -0.150377 0 0
0 0 382 -0.283324 0.152895 0.236511 -0.573922 0 0
0 0 383 1.27077 -0.198554 0.240071 0.55275 0 0
0 0 384 0.741217 -0.52524 0.0479334 1.22365 0 0
0 0 385 0.784976 -0.439491 -1.43576 -0.458619 0 0
0 0 386 0.246434 -1.42032 0.818165 -0.859621 0 0
0 0 387 1.13539 1.22504 -1.19145 -0.880368 0 0
0 0 388 1.32844 1.01625 0.672379 0.470977 0 0
0 0 389 0.047392 -0.535165 0.222194 -0.772338 0 0
0 0 390 1.79987 0.454492 0.660465 -0.397171 0 0
0 0 391 -0.253545 0.550613 0.9228 1.078 0 0
0 0 392 -0.70869 -0.204125 0.876533 -0.418027 0 0
0 0 393 -1.19926 -0.827433 -0.687736 0.85404 0 0
0 0 394 1.08356 0.589384 -1.78021 0.0198491 0 0
0 0 395 -0.163867 0.323931 -0.0151283 -0.839577 0 0
0 0 396 0.145871 0.583977 0.536616 1.9991 0 0
0 0 397 -2.30616 -0.559433 -0.912493 0.767583 0 0
0 0 398 1.34074 -0.694848 -0.408468 -0.579717 0 0
0 0 399 -0.67137 0.621298 -0.40245 -0.292763 0 0
0 0 400 -0.117873 -1.77111 -0.629664 1.35969 0 0
0 0 401 0.563002 -1.45745 -1.40857 0.0284982 0 0
0 0 402 0.679825 0.0178988 0.708561 -1.34801 0 0
0 0 403 -0.783531 -1.87864 0.558271 -0.0731968 0 0
0 0 404 0.0421906 0.887556 -1.20254 -0.469158 0 0
0 0 405 0.535974 -0.149991 -0.484676 0.0938461 0 0
0 0 406 0.124375 -1.78193 0.309294 -0.208074 0 0
0 0 407 -0.64718 -0.297512 -1.89915 0.54302 0 0
0 0 408 2.68298 -0.39412 -0.684676 -0.177247 0 0
0 0 409 -0.148426 -0.322168 0.187592 0.0655417 0 0
0 0 410 0.0358184 -0.473559 1.12711 0.00326201 0 0
0 0 411 1.18715 -1.11991 -0.212082 -0.195971 0 0
0 0 412 1.31467 -0.0822481 -0.691617 -0.403837 0 0
0 0 413 -0.171022 0.768 -1.08459 1.98434 0 0
0 0 414 -0.895473 -0.427847 -0.454098 -0.122013 0 0
0 0 415 0.484105 -1.00312 0.0487892 1.15727 0 0
0 0 416 -1.22396 0.640826 -0.435927 -0.263902 0 0
0 0 417 0.622909 -1.15081 -0.661617 -0.275623 0 0
0 0 418 0.0569925 -0.0857457 2.43107 0.42089 0 0
0 0 419 -1.36275 -0.0926436 0.867546 -1.07318 0 0
0 0 420 -1.88272 1.68229 -0.493973 -0.668297 0 0
0 0 421 -0.88345 1.47523 -0.655236 -2.05216 0 0
0 0 422 1.67692 -2.12691 -0.141838 0.0102337 0 0
0 0 423 0.0959901 1.91323 0.413472 2.07099 0 0
0 0 424 -0.429415 0.424814 0.0947608 -0.685804 0 0
0 0 425 -0.295843 -0.337488 0.265873 2.10569 0 0
0 0 426 0.337454 0.20761 1.61347 -0.015277 0 0
0 0 427 -0.114141 -1.07693 -0.538187 0.250383 0 0
0 0 428 -0.0503345 -0.290239 -0.354599 -0.507667 0 0
0 0 429 0.90939 1.42379 0.829157 -0.293286 0 0
0 0 430 -1.36512 0.0151978 -0.742134 0.245797 0 0
0 0 431 -0.315004 -1.46343 0.874011 0.314063 0 0
0 0 432 -1.21393 0.951552 -0.375921 -0.122453 0 0
0 0 433 0.899507 -0.694996 1.53477 -0.00644756 0 0
0 0 434 -0.862283 0.43935 1.36629 0.73774 0 0
0 0 435 0.177649 1.34241 -0.218477 -0.170623 0 0
0 0 436 1.04252 0.252665 -0.526456 -0.0469176 0 0
0 0 437 -1.05972 0.250772 0.822944 0.40212 0 0
0 0 438 0.723023 0.217738 -0.0932338 -0.706658 0 0
0 0 439 -0.210964 -1.15548 -0.221309 0.99649 0 0
0 0 440 0.725299 0.866107 0.414434 0.735414 0 0
0 0 441 1.42609 0.950245 1.15963 0.133771 0 0
0 0 442 0.218592 2.0999 -0.807042 0.500556 0 0
0 0 443 1.48963 1.14189 1.9503 -0.977137 0 0
0 0 444 -0.492732 0.92506 -0.0626085 -0.0996787 0 0
0 0 445 -1.34492 -0.604343 0.609395 0.562322 0 0
0 0 446 -0.0445318 0.920443 -0.580131 -1.21991 0 0
0 0 447 -0.450986 1.02554 -0.548787 -0.0901215 0 0
0 0 448 -0.230153 -0.95632 1.88134 -1.16827 0 0
0 0 449 1.16739 0.768084 -0.720448 0.0585979 0 0
0 0 450 0.571614 -0.54471 -0.403822 -2.30081 0 0
0 0 451 0.474019 0.0866693 -0.167849 1.74802 0 0
0 0 452 1.31706 0.476272 -1.07031 -1.16178 0 0
0 0 453 0.155768 0.794128 0.0566873 0.661606 0 0
0 0 454 0.716705 1.0328 -0.116559 1.39812 0 0
0 0 455 -0.00850499 2.68818 1.07147 0.568542 0 0
0 0 456 0.357364 0.221796 -0.537216 0.423891 0 0
0 0 457 -0.479409 -0.175019 0.353315 -0.317285 0 0
0 0 458 1.23444 -0.832123 -1.06419 2.01119 0 0
0 0 459 2.0899 1.96906 -0.186209 0.967143 0 0
0 0 460 1.05974 0.668188 -0.0635226 -0.975108 0 0
0 0 461 -0.163077 -0.765678 -0.40749 -1.59282 0 0
0 0 462 -0.823908 0.392531 -0.713714 0.0235951 0 0
0 0 463 0.0538178 0.263413 0.0482163 -1.01653 0 0
0 0 464 0.670627 0.884551 -0.432579 -0.529599 0 0
0 0 465 1.22577 2.00815 -0.130095 1.12207 0 0
0 0 466 0.241667 -0.342968 -0.647957 0.424737 0 0
0 0 467 1.32508 1.66126 0.505272 -0.611105 0 0
0 0 468 -0.508921 1.86658 0.493654 -0.721677 0 0
0 0 469 -0.923287 -0.74691 0.0217835 -0.215046 0 0
0 0 470 1.68574 0.955912 0.0615578 -1.06953 0 0
0 0 471 0.0710934 -0.0410598 -1.38574 0.15789 0 0
0 0 472 0.816341 0.822051 1.11428 0.406887 0 0
0 0 473 -0.703202 -0.365903 0.623179 -1.59178 0 0
0 0 474 -0.684736 1.00967 0.402945 -0.142451 0 0
0 0 475 -0.615912 -1.16167 0.424042 0.582567 0 0
0 0 476 -0.518009 1.45239 1.44614 0.232981 0 0
0 0 477 -0.967679 1.14456 -2.09448 -0.324103 0 0
0 0 478 1.07143 -0.729781 0.386193 1.86916 0 0
0 0 479 0.87868 0.311156 0.629926 2.0187 0 0
0 0 480 1.1409 -2.03698 1.2102 -0.0219588 0 0
0 0 481 0.949876 0.810731 0.18793 -0.974003 0 0
0 0 482 -0.233941 -2.23246 0.12768 -0.847938 0 0
0 0 483 1.24478 0.694223 -0.760114 0.869547 0 0
0 0 484 0.751362 -0.907059 -0.0342987 -0.721378 0 0
0 0 485 -2.01012 0.282998 -1.36593 1.15186 0 0
0 0 486 0.962825 -0.263487 -0.833592 1.389 0 0
0 0 487 0.341978 -0.792499 0.988823 1.05725 0 0
0 0 488 -0.676782 0.309411 -0.591032 -0.603186 0 0
0 0 489 0.820338 0.271972 1.58426 -2.24301 0 0
0 0 490 1.54601 0.548268 0.0211829 -0.792297 0 0
0 0 491 -0.211656 0.520658 -0.345899 0.207051 0 0
0 0 492 1.10569 -0.232343 -0.459493 0.713196 0 0
0 0 493 0.361201 0.228007 0.225852 0.528895 0 0
0 0 494 0.679488 -2.03217 -1.14945 0.496869 0 0
0 0 495 1.35163 0.778341 1.81029 -0.837879 0 0
0 0 496 -0.21975 1.75906 1.17812 -0.17709 0 0
0 0 497 -0.300504 0.53989 -0.56805 -1.1957 0 0
0 0 498 0.391086 0.183739 -1.36382 -0.0774148 0 0
0 0 499 -2.34483 -0.561138 -1.01077 0.789547 0 0
0 0 500 0.124971 0.249152 -0.259025 -0.144344 0 0
0 0 501 -0.623219 -0.68863 -0.870157 -0.115618 0 0
0 0 502 -0.989867 -0.423533 -0.52546 -0.296076 0 0
0 0 503 -0.72599 1.27443 -0.00363357 -0.0190249 0 0
0 0 504 -0.463785 0.345978 1.03365 -0.886834 0 0
0 0 505 0.395083 -1.73147 0.515922 0.934902 0 0
0 0 506 -0.880338 1.16523 -0.791187 1.30147 0 0
0 0 507 -0.133144 -0.824237 -1.17667 -1.4551 0 0
0 0 508 0.304253 0.265793 -0.624391 -0.77268 0 0
0 0 509 0.356339 -0.34028 -0.621685 0.193697 0 0
0 0 510 0.595114 -0.515699 -0.354096 -0.018091 0 0
0 0 511 -0.370977 1.1148 0.976311 -1.19259 0 0
0 0 512 -0.98352 0.666889 -0.87764 -0.957287 0 0
0 0 513 0.871051 0.484659 -0.570904 0.164662 0 0
0 0 514 2.17266 1.99399 -0.753565 0.248391 0 0
0 0 515 -0.175261 0.321706 -1.05335 -1.33882 0 0
0 0 516 0.487718 1.586 -0.367651 1.07122 0 0
0 0 517 0.73696 0.0596489 -1.06581 0.638558 0 0
0 0 518 0.250223 1.23788 1.02544 0.333159 0 0
0 0 519 -0.413704 0.303627 -0.098523 0.351247 0 0
0 0 520 -0.545602 -0.198271 -0.952856 0.759555 0 0
0 0 521 -0.197367 1.67731 -0.321858 -1.38877 0 0
0 0 522 -0.332448 -1.13688 -0.689386 0.402986 0 0
0 0 523 1.30612 0.345739 -1.36789 -0.56118 0 0
0 0 524 0.11803 0.298548 -0.843279 -2.90766 0 0
0 0 525 -0.559145 0.765714 1.99029 -1.03386 0 0
0 0 526 -1.38819 -0.766149 -1.39831 0.858022 0 0
0 0 527 0.378908 0.437404 -2.21417 -0.680633 0 0
0 0 528 0.573211 -0.655119 0.00774061 0.691521 0 0
0 0 529 -0.294031 -0.411186 0.0662769 1.96608 0 0
0 0 530 -1.49247 1.07889 0.777998 -1.11456 0 0
0 0 531 1.07448 -1.45352 0.473679 -0.156111 0 0
0 0 532 1.9848 0.542961 0.00355531 0.129353 0 0
0 0 533 -1.52333 -0.213696 -1.62749 -1.54256 0 0
0 0 534 1.7841 1.96176 -0.381205 -0.829899 0 0
0 0 535 0.620608 -2.12638 1.67142 -0.318243 0 0
0 0 536 0.902942 -0.6136 -0.469054 -0.389849 0 0
0 0 537 -0.988542 0.0971475 0.246803 -0.246064 0 0
0 0 538 0.413135 1.21719 -1.03505 -1.20008 0 0
0 0 539 0.350279 0.540975 -1.88008 -1.52951 0 0
0 0 540 0.414659 -0.376693 1.20845 0.24094 0 0
0 0 541 0.297419 0.296107 -0.80883 0.453537 0 0
0 0 542 1.8029 0.438999 0.386232 0.213348 0 0
0 0 543 0.18748 -0.55238 -1.02853 0.806951 0 0
0 0 544 0.530561 -0.496875 -1.29233 -1.14031 0 0
0 0 545 -0.168708 1.96184 1.68041 -1.09131 0 0
0 0 546 0.940992 1.16936 -0.176841 -0.477738 0 0
0 0 547 -0.00150585 3.16828 -0.373995 -2.00184 0 0
0 0 548 0.0521936 0.111944 -0.0821541 -0.597733 0 0
0 0 549 0.918377 -0.520884 0.270377 0.838185 0 0
0 0 550 0.399365 0.235336 -0.714348 0.722098 0 0
0 0 551 0.64103 -1.57338 -0.50875 0.316281 0 0
0 0 552 0.114159 1.10998 -2.06728 0.233919 0 0
0 0 553 0.407452 1.03086 0.271324 -1.2331 0 0
0 0 554 2.68433 -0.343565 0.38689 0.139233 0 0
0 0 555 -0.768118 0.163738 -1.52366 -0.96945 0 0
0 0 556 -2.29649 -0.392847 0.742662 -0.974214 0 0
0 0 557 -0.593482 -1.5011 -0.301077 0.373234 0 0
0 0 558 -0.264566 -0.125098 -0.179847 -0.293041 0 0
0 0 559 -1.07545 1.53371 -1.89745 0.0392412 0 0
0 0 560 0.889611 0.141597 -0.461983 0.199875 0 0
0 0 561 0.257814 -0.036999 -1.09859 1.5698 0 0
0 0 562 1.42255 -0.0634524 0.616324 1.03842 0 0
0 0 563 0.832498 0.905059 -1.06285 0.545593 0 0
0 0 564 0.697196 -0.138535 -1.01101 -0.463272 0 0
0 0 565 0.955543 -0.631531 0.482083 1.79114 0 0
0 0 566 1.82872 0.654585 -0.149514 0.00828708 0 0
0 0 567 0.377788 -1.12297 -0.742989 -1.71347 0 0
0 0 568 -0.892305 1.10502 -0.301315 0.0111857 0 0
0 0 569 0.747187 -1.10305 0.198493 1.43809 0 0
0 0 570 -0.767374 1.41934 -0.428592 -1.27615 0 0
0 0 571 -0.964729 -1.52411 -1.05469 -1.9234 0 0
0 0 572 0.70576 -0.657 -0.395201 -0.935221 0 0
0 0 573 0.94447 0.945089 1.23993 -0.318134 0 0
0 0 574 0.161871 -0.34956 -0.742129 1.07038 0 0
0 0 575 -0.881166 0.00335714 1.14962 -0.0788919 0 0
0 0 576 -0.308291 0.770523 -0.269055 -0.579703 0 0
0 0 577 -0.19622 -0.322882 1.66064 0.737669 0 0
0 0 578 0.815633 1.91961 -1.28677 1.03399 0 0
0 0 579 0.00650696 0.117189 -0.0197803 0.410216 0 0
0 0 580 -0.992476 -0.0523739 1.10435 -0.295279 0 0
0 0 581 0.449424 1.75634 0.937262 -0.94859 0 0
0 0 582 -0.532218 1.30795 -0.647658 0.294809 0 0
0 0 583 -1.34024 0.00042963 -1.93595 -0.235221 0 0
0 0 584 0.119345 0.731938 -1.98282 1.92544 0 0
0 0 585 -0.690469 0.0357817 -0.228839 -0.660728 0 0
0 0 586 0.893416 -0.520252 -0.0651404 -0.831496 0 0
0 0 587 -0.679971 -0.0181842 -0.935165 -0.528488 0 0
0 0 588 1.97449 -0.461871 0.165566 0.589025 0 0
0 0 589 -0.653174 -0.0409305 -1.47837 1.03715 0 0
0 0 590 -0.457586 -0.627991 -0.337556 1.17084 0 0
0 0 591 -0.0203299 0.0327673 0.941941 1.32233 0 0
0 0 592 -0.919809 1.1942 -0.407235 -0.250288 0 0
0 0 593 -0.433274 -2.1887 -2.35684 -0.332502 0 0
0 0 594 1.60176 0.32274 1.55749 -0.55536 0 0
0 0 595 2.36587 1.55254 -2.0193 -1.38018 0 0
0 0 596 1.96285 1.28954 -0.762663 -0.376819 0 0
0 0 597 1.79463 -0.297595 -0.0954533 -1.09256 0 0
0 0 598 0.347556 1.79712 0.602765 1.52632 0 0
0 0 599 1.3727 -0.475481 0.121245 0.933392 0 0
0 0 600 -0.707513 0.578196 0.580075 -0.577581 0 0
0 0 601 1.95711 0.194632 -1.96512 -1.94933 0 0
0 0 602 0.469816 -1.27125 0.229228 -0.772032 0 0
0 0 603 0.600178 -0.212325 1.26205 1.46354 0 0
0 0 604 0.649377 1.04954 -1.30177 0.0775488 0 0
0 0 605 0.104644 -0.159738 0.523514 -0.501912 0 0
0 0 606 2.45288 2.36078 0.938464 0.2923 0 0
0 0 607 0.747179 1.69874 0.895687 1.31957 0 0
0 0 608 1.31727 0.274955 -0.121055 1.11874 0 0
0 0 609 -0.691103 0.348186 0.402731 -0.0143309 0 0
0 0 610 0.135871 0.622012 -1.27566 -1.25312 0 0
0 0 611 -0.511626 -0.0211198 -2.07938 0.812677 0 0
0 0 612 0.85337 2.35555 0.14172 1.28004 0 0
0 0 613 0.71332 0.120571 0.563769 -1.67942 0 0
0 0 614 1.32414 0.207631 -1.04363 1.11786 0 0
0 0 615 -0.719498 2.01795 0.1468 -1.94253 0 0
0 0 616 1.28305 0.618667 -1.20178 -2.10788 0 0
0 0 617 1.00777 -0.951491 -1.04919 -1.84545 0 0
0 0 618 0.0639653 -0.587195 -1.32021 -1.22964 0 0
0 0 619 0.894673 0.506169 0.607665 -0.903408 0 0
0 0 620 -0.182108 2.13911 1.59761 -0.154061 0 0
0 0 621 -0.0898219 0.577879 0.359173 0.361161 0 0
0 0 622 1.39311 1.23818 -0.795682 -0.61097 0 0
0 0 623 1.11497 0.816397 -0.224633 1.01587 0 0
0 0 624 -0.155552 -0.331038 -1.19164 1.40761 0 0
0 0 625 -0.160683 -0.328679 1.30545 -0.733074 0 0
0 0 626 0.457275 0.950576 -1.57432 -0.884522 0 0
0 0 627 -1.65434 -0.841361 0.965483 0.834995 0 0
0 0 628 0.470405 0.189726 -0.849403 -0.740479 0 0
0 0 629 -1.0342 -0.855799 -0.428206 -0.625277 0 0
0 0 630 -0.462215 0.159334 1.14252 2.7085 0 0
0 0 631 0.250239 -0.585849 0.59578 -0.546284 0 0
0 0 632 0.652973 0.704354 -1.5759 -0.670714 0 0
0 0 633 1.74279 0.382677 -0.347385 0.331574 0 0
0 0 634 0.29521 0.847939 0.0457314 1.35874 0 0
0 0 635 0.577157 -0.228847 -0.320157 -0.430544 0 0
0 0 636 -0.279836 0.248382 -0.844568 0.327979 0 0
0 0 637 0.104129 0.716353 -0.570532 -0.238809 0 0
0 0 638 -0.893764 0.01802 -0.840039 -0.24816 0 0
0 0 639 1.4007 0.784057 -0.738687 -0.663043 0 0
0 0 640 1.32381 1.39177 0.419775 1.01573 0 0
0 0 641 1.3709 -0.764581 -0.796533 0.447599 0 0
0 0 642 0.418282 -0.600473 -0.261968 -0.800879 0 0
0 0 643 1.1973 2.15769 -0.650475 1.27897 0 0
0 0 644 -0.107392 0.560103 1.39877 -1.73754 0 0
0 0 645 -0.41559 0.348479 -2.22028 -0.108189 0 0
0 0 646 -0.169308 -0.0427197 -0.330772 1.39103 0 0
0 0 647 0.371567 -0.35347 -0.685098 -1.30945 0 0
0 0 648 0.445396 1.80698 0.737862 -2.71919 0 0
0 0 649 2.65536 -0.253921 0.978155 0.702776 0 0
0 0 650 0.0417189 0.154693 0.479201 0.442624 0 0
0 0 651 2.11842 1.14981 -0.539307 -0.400597 0 0
0 0 652 0.278125 0.126912 -0.109976 -1.4197 0 0
0 0 653 -0.436495 1.73074 -1.52635 -1.68921 0 0
0 0 654 1.23084 -1.42576 0.838849 -0.822176 0 0
0 0 655 -0.168193 1.62878 1.35505 -0.489365 0 0
0 0 656 -1.00879 0.445415 -0.468055 1.32226 0 0
0 0 657 -0.884076 -0.414276 -1.02862 1.56707 0 0
0 0 658 -0.803787 0.234018 -1.12121 -0.590213 0 0
0 0 659 1.22347 -1.23358 -1.56247 -0.745438 0 0
0 0 660 1.01629 0.258143 -0.828254 -0.314364 0 0
0 0 661 1.51548 0.742937 -0.719226 0.0371691 0 0
0 0 662 0.16049 0.849602 0.0161183 1.99771 0 0
0 0 663 -0.0337703 0.304767 0.921406 -0.470308 0 0
0 0 664 -1.2406 -1.06247 0.778803 -0.401957 0 0
0 0 665 0.516923 1.64016 0.498786 -0.107931 0 0
0 0 666 -0.930322 1.24493 0.554289 1.5782 0 0
0 0 667 -1.57298 -0.328609 0.098102 1.21888 0 0
0 0 668 0.166708 0.197434 -0.276576 2.04342 0 0
0 0 669 -0.05771 0.368359 -0.463306 -0.543058 0 0
0 0 670 -1.57289 -0.329619 0.82596 -1.01863 0 0
0 0 671 0.583232 0.675683 0.599939 -0.320173 0 0
0 0 672 0.800421 -0.241953 -0.215622 -0.896347 0 0
0 0 673 1.85438 0.440126 -0.243812 0.129309 0 0
0 0 674 0.569251 0.0864121 -1.10103 0.130666 0 0
0 0 675 1.18169 -1.03352 -0.219166 1.37204 0 0
0 0 676 0.457848 -2.03837 -0.290918 -1.05307 0 0
0 0 677 0.56508 -0.98508 -0.885074 0.728544 0 0
0 0 678 0.0443059 0.885658 -0.577846 -0.272552 0 0
0 0 679 0.739297 1.38557 0.332444 -0.753759 0 0
0 0 680 0.681246 1.14271 -0.223971 -0.993659 0 0
0 0 681 -0.178432 -0.800495 0.971125 0.889764 0 0
0 0 682 0.627166 0.634232 -0.224321 0.219424 0 0
0 0 683 0.666243 0.142788 0.899161 1.12324 0 0
0 0 684 -0.757828 -0.91294 0.335179 1.30064 0 0
0 0 685 0.154904 -0.779554 1.03625 1.51425 0 0
0 0 686 1.02907 -0.316774 -0.887748 0.493263 0 0
0 0 687 -1.92629 -0.799902 -0.830967 -0.204411 0 0
0 0 688 0.703854 0.0561526 -0.793583 1.68262 0 0
0 0 689 1.42013 -0.255376 0.369129 1.70116 0 0
0 0 690 1.13517 -1.20898 -1.42411 2.60353 0 0
0 0 691 -0.676029 -0.670124 -0.978103 -2.52609 0 0
0 0 692 -0.130928 -1.37818 0.415767 0.0167887 0 0
0 0 693 -0.558927 1.63796 1.51866 0.323422 0 0
0 0 694 1.73239 -0.895693 -0.169727 -0.376104 0 0
0 0 695 -0.766667 1.37949 -0.481576 -0.86248 0 0
0 0 696 0.0204281 0.902537 0.432567 -0.549457 0 0
0 0 697 0.0173837 2.7306 -0.69524 -0.000158219 0 0
0 0 698 1.55697 0.792454 -1.32976 0.832377 0 0
0 0 699 3.20757 1.10312 1.19723 0.105931 0 0
0 0 700 -0.0971453 1.78306 0.102619 0.866532 0 0
0 0 701 1.2816 -1.2724 0.457538 0.812962 0 0
0 0 702 0.774182 1.13451 -0.575139 -0.165088 0 0
0 0 703 0.266797 -0.98469 -0.0102182 -0.432234 0 0
0 0 704 -0.573953 0.284368 0.405191 0.0469854 0 0
0 0 705 0.96421 0.0830471 0.721641 -0.368504 0 0
0 0 706 0.744365 -1.00076 0.405671 -1.23939 0 0
0 0 707 0.405249 -0.539701 -1.08703 0.283438 0 0
0 0 708 0.836429 3.31885 -1.16786 -0.871254 -9.69312 7.7916
0 0 709 0.151918 0.068314 -0.217607 -0.139348 0 0
0 0 710 -0.303931 1.3353 0.0899982 1.44777 0 0
0 0 711 -0.434198 -0.989041 -0.596305 0.791195 0 0
0 0 712 -0.289137 -0.755937 -0.00501197 1.53637 0 0
0 0 713 0.841687 -0.0402691 1.07333 -0.581671 0 0
0 0 714 1.10464 0.175771 -0.554558 -1.03583 0 0
0 0 715 1.23724 0.385915 0.472682 -0.10152 0 0
0 0 716 -0.467417 0.610201 -1.1388 0.106204 0 0
0 0 717 -0.952716 1.66424 0.393848 -0.338495 0 0
0 0 718 1.01177 -0.0952767 -0.0437785 -0.347232 0 0
0 0 719 0.85955 -0.158605 1.28437 -0.460274 0 0
0 0 720 -0.13221 0.512755 1.15232 -1.13158 0 0
0 0 721 1.45415 -0.0499606 0.490568 0.020277 0 0
0 0 722 -0.85529 0.901351 -1.38396 -0.171044 0 0
0 0 723 0.599499 0.391651 0.814511 -0.145975 0 0
0 0 724 -0.313267 -0.152398 2.10923 1.79535 0 0
0 0 725 -0.827347 -0.405726 -0.95311 0.509819 0 0
0 0 726 1.02358 0.800454 -0.481928 -0.398064 0 0
0 0 727 1.33386 -0.725927 1.28847 -0.255064 0 0
0 0 728 0.74987 -0.880846 -1.1558 0.589659 0 0
0 0 729 0.924193 0.288805 -0.766271 0.596895 0 0
0 0 730 0.362404 0.811979 0.528726 -1.13927 0 0
0 0 731 2.01326 0.402691 -0.344269 -0.0625798 0 0
0 0 732 -0.843896 1.85391 2.29933 1.39596 0 0
0 0 733 0.359161 -0.171552 -0.223889 -1.22403 0 0
0 0 734 0.372892 2.06891 -0.987183 -0.657795 0 0
0 0 735 2.58651 -0.526009 0.725011 -0.931698 0 0
0 0 736 1.7411 0.198635 0.899248 1.10264 0 0
0 0 737 -1.15193 -1.13804 -1.13885 1.69717 0 0
0 0 738 1.68525 -0.465024 0.765919 -0.0707328 0 0
0 0 739 0.583608 0.84231 -0.560472 -0.744915 0 0
0 0 740 2.74788 -0.6071 -0.869278 -0.952743 0 0
0 0 741 1.69736 -0.861606 0.220234 -0.148333 0 0
0 0 742 0.97839 1.49601 0.499092 -0.578488 0 0
0 0 743 1.13738 -0.284267 1.64039 -0.64582 0 0
0 0 744 -0.255191 -0.0375617 0.0891805 -1.74729 0 0
0 0 745 -2.71409 -0.0727528 0.209889 0.837855 0 0
0 0 746 1.35178 -0.255087 0.457431 0.862309 0 0
0 0 747 -0.128079 0.805475 0.885873 -0.807509 0 0
0 0 748 1.11319 1.3826 -0.421381 0.109814 0 0
0 0 749 -0.46997 0.964806 -1.25784 0.861993 0 0
0 0 750 -0.557393 0.936892 0.710547 -0.264512 0 0
0 0 751 1.39953 -0.786481 1.30855 -1.60861 0 0
0 0 752 1.71165 0.31078 -0.00590768 0.147521 0 0
0 0 753 -2.20587 -0.982494 -0.353103 0.452647 0 0
0 0 754 1.66026 0.264476 -0.0399875 -0.0515882 0 0
0 0 755 -0.485088 1.65407 0.877399 1.2047 0 0
0 0 756 -0.81867 0.246726 0.139167 0.453829 0 0
0 0 757 -0.45641 0.192739 -0.815823 -0.0380648 0 0
0 0 758 1.00118 -0.525783 0.355291 -0.0684829 0 0
0 0 759 1.21703 0.327071 0.180408 -0.556567 0 0
0 0 760 -0.151294 1.13321 1.45146 -0.194799 0 0
0 0 761 1.12545 0.614839 0.662915 0.773875 0 0
0 0 762 0.596063 -0.190505 -1.02213 -0.054896 0 0
0 0 763 0.526173 -0.451584 1.50253 -1.01092 0 0
0 0 764 0.102156 0.462782 -0.380119 -0.842309 0 0
0 0 765 0.557496 1.19849 -1.82747 0.48584 0 0
0 0 766 1.11395 -0.984494 -0.805565 -1.43712 0 0
0 0 767 1.15774 1.66871 -0.543456 0.506002 0 0
0 0 768 1.24336 -0.460488 -2.0625 0.474127 0 0
0 0 769 0.050465 -0.246443 -0.207551 -0.543137 0 0
0 0 770 -0.265198 -0.150323 0.874816 -0.523053 0 0
0 0 771 -0.709744 0.746934 -0.668923 -0.69021 0 0
0 0 772 1.64291 0.160291 -1.2418 -0.517325 0 0
0 0 773 0.382136 0.701139 1.05965 -1.50992 0 0
0 0 774 0.154041 0.963143 0.454638 0.634277 0 0
0 0 775 1.00845 1.60278 -0.852441 1.05602 0 0
0 0 776 1.75639 -0.231073 0.0708845 -0.615498 0 0
0 0 777 0.331209 -1.30418 1.0858 -1.05203 0 0
0 0 778 -0.583341 0.100165 0.576209 -0.278623 0 0
0 0 779 0.468859 0.806845 0.16609 0.478573 0 0
0 0 780 -0.422896 -0.898429 -1.73097 0.13797 0 0
0 0 781 1.61934 -0.0733325 1.00359 -1.05213 0 0
0 0 782 -0.508257 0.579354 -0.675266 -0.84221 0 0
0 0 783 2.02855 0.0205407 -2.25675 -1.15727 0 0
0 0 784 2.02275 -0.378835 0.152872 -0.502402 0 0
0 0 785 1.50955 0.034624 1.34876 -0.726564 0 0
0 0 786 -1.32794 0.178121 1.01953 1.42776 0 0
0 0 787 -0.234197 1.09827 -0.808804 0.958617 0 0
0 0 788 -1.26468 -0.31128 -1.29179 -0.0309094 0 0
0 0 789 1.18083 -0.723731 -0.839575 0.665157 0 0
0 0 790 -0.607097 0.662558 0.0976566 0.674296 0 0
0 0 791 -0.285313 2.27189 -1.15949 -0.735265 0 0
0 0 792 0.269338 -0.730977 -0.0972528 -0.21194 0 0
0 0 793 2.11873 1.41522 -0.87086 -0.634519 0 0
0 0 794 -0.153718 0.607842 0.774572 0.799622 0 0
0 0 795 -0.993003 2.71875 -0.625453 1.15959 0 0
0 0 796 1.59368 -0.779052 1.30167 -1.42311 0 0
0 0 797 0.109571 1.42725 0.660341 0.617244 0 0
0 0 798 0.37824 0.00906557 0.120088 -1.22825 0 0
0 0 799 0.842887 0.51601 1.599 0.23428 0 0
0 0 800 0.61683 -1.52685 1.21629 -0.741314 0 0
0 0 801 -0.400504 0.525956 0.53138 -0.939516 0 0
0 0 802 -0.575516 -0.583188 -0.0750367 -1.14468 0 0
0 0 803 -0.403425 -0.642572 1.25788 -0.108863 0 0
0 0 804 -0.609123 -0.865169 -0.82936 -0.259519 0 0
0 0 805 0.328522 0.412728 -0.716133 -1.50269 0 0
0 0 806 0.489306 -0.84263 -1.66874 -0.247814 0 0
0 0 807 0.398 0.86385 -0.558691 0.8735 0 0
0 0 808 1.6336 -0.358187 0.952205 1.19753 0 0
0 0 809 0.561853 -0.813924 -1.37121 -0.483991 0 0
0 0 810 1.9144 0.337889 -0.972012 -3.61151 0 0
0 0 811 0.178335 -0.331822 0.637734 0.0154187 0 0
0 0 812 1.20749 0.245796 0.139585 -1.74338 0 0
0 0 813 1.87699 -1.64534 -0.162326 -0.136717 0 0
0 0 814 1.22309 -0.174753 0.328908 -0.686657 0 0
0 0 815 0.46216 -0.835354 -0.518998 -0.990722 0 0
0 0 816 1.10435 1.33945 0.817807 1.50428 0 0
0 0 817 -0.163745 -0.959183 -0.614647 -0.469711 0 0
0 0 818 0.808038 0.463783 -0.723685 -0.00200845 0 0
0 0 819 2.30661 0.504655 -2.30982 -0.798389 0 0
0 0 820 -0.0498469 0.0717196 -0.579593 -0.00964313 0 0
0 0 821 1.64219 1.01586 -0.293504 0.481129 0 0
0 0 822 0.0286762 -0.158163 -1.30048 -0.62017 0 0
0 0 823 0.590228 -0.414382 0.910333 -0.616 0 0
0 0 824 0.854744 -0.11358 -1.55182 0.82138 0 0
0 0 825 1.91911 0.641921 0.125171 0.70222 0 0
0 0 826 2.27187 1.92472 -1.30569 0.935678 0 0
0 0 827 0.700288 -0.719614 -1.18914 0.24148 0 0
0 0 828 -0.049202 0.331004 -0.730524 -0.217505 0 0
0 0 829 1.11448 0.487544 0.115175 0.501146 0 0
0 0 830 2.31557 -0.74701 -1.56831 -0.122419 0 0
0 0 831 0.796676 1.00689 -2.44261 -0.00708804 0 0
0 0 832 2.74466 1.04135 -2.15851 -0.0801599 0 0
0 0 833 2.65197 2.03812 -0.9677 1.07908 0 0
0 0 834 3.22309 -0.446454 -3.49512 -1.45677 -48.6397 8.07147
0 0 835 2.45605 0.462055 -1.71284 -0.594474 0 0
0 0 836 4.32986 0.285302 -3.08541 0.683345 0 0
0 0 837 4.96423 0.590436 -2.17964 1.12546 0 0
0 0 838 4.52995 1.34858 -4.33427 -0.282218 -36.3584 6.24701
0 0 839 5.55962 0.943916 -3.01552 0.875833 0 0
0 0 840 4.21439 0.162456 -5.26062 1.51132 -44.1156 5.40694
0 0 841 7.37936 1.07394 -6.00019 0.552312 -39.9262 4.66287
0 0 842 6.01412 1.99873 -6.19729 0.182223 -36.0623 4.3537
0 0 843 7.74912 0.946217 -6.02128 -1.50315 -40.5346 4.66446
0 0 844 8.87896 1.6 -6.79912 -0.911547 -38.3789 4.06565
0 0 845 8.66176 2.07022 -8.31958 0.690481 -38.0132 3.31159
0 0 846 12.1564 3.21913 -9.8905 0.474519 -35.9856 2.72544
0 0 847 10.269 1.57552 -9.75307 1.33638 -40.4118 2.87759
0 0 848 13.0604 3.73637 -11.5718 -0.68689 -36.0527 2.33136
0 0 849 13.3861 2.29757 -10.1262 -1.86613 -38.6082 2.73527
0 0 850 15.5692 2.10056 -11.8654 0.36378 -39.9804 2.35882
0 0 851 16.229 3.01769 -13.7859 1.00786 -38.8264 2.01284
0 0 852 16.3871 4.09005 -13.9861 0.689993 -36.8495 1.94674
0 0 853 16.4706 2.10472 -15.1111 -0.710075 -41.0353 1.86384
0 0 854 18.8935 3.83152 -14.5651 -0.509795 -37.6308 1.88463
0 0 855 18.2577 2.44766 -15.5423 0.227089 -40.5252 1.80697
0 0 856 17.0686 2.71425 -16.2971 1.24579 -40.2722 1.72062
0 0 857 20.6683 1.52824 -15.4101 -0.80519 -42.1682 1.83701
0 0 858 18.2346 1.12273 -15.5697 -0.583439 -42.9378 1.8227
0 0 859 19.8358 0.824724 -16.4107 -0.740538 -43.5615 1.73178
0 0 860 17.0996 3.30083 -16.735 0.169333 -39.4211 1.66586
0 0 861 18.5984 2.41998 -15.7311 -0.657116 -40.6272 1.78636
0 0 862 15.9202 3.67941 -11.9985 -0.804864 -36.4758 2.2597
0 0 863 17.0505 3.32814 -15.7042 0.457528 -39.0173 1.76969
0 0 864 14.8415 2.20615 -13.6367 -0.663244 -40.4052 2.05799
0 0 865 14.207 2.27123 -14.1243 1.02121 -40.4324 1.98727
0 0 866 14.5558 2.10043 -13.4614 -0.910725 -40.5657 2.0868
0 0 867 13.7335 1.98912 -13.4671 0.360403 -40.799 2.0887
0 0 868 14.1396 3.27413 -12.1728 -0.760189 -37.4727 2.25146
0 0 869 15.9813 2.28272 -11.2512 0.423425 -39.2656 2.47489
0 0 870 13.8514 0.991189 -10.6818 -0.727139 -42.3493 2.65189
0 0 871 13.6249 3.72382 -11.4167 1.03091 -35.9676 2.36058
0 0 872 13.6249 3.33084 -10.9165 -0.602347 -36.516 2.48482
0 0 873 13.2688 1.03493 -11.7126 0.414946 -42.4752 2.41954
0 0 874 12.3085 1.00896 -12.2414 1.11605 -42.6441 2.31629
0 0 875 10.4371 0.57002 -11.7192 0.154425 -43.6077 2.42527
0 0 876 14.564 0.763664 -10.7252 -0.236067 -42.9636 2.64618
0 0 877 10.3822 1.84225 -9.30642 -0.765212 -39.4014 2.99515
0 0 878 11.9164 0.533196 -10.3051 0.540674 -43.5191 2.75761
0 0 879 13.1165 -0.445318 -12.0955 0.112574 -46.0542 2.35109
0 0 880 10.6407 2.62279 -11.656 -1.63362 -38.6594 2.37732
0 0 881 13.0731 1.62899 -12.1163 0.219485 -41.1714 2.32615
0 0 882 12.8505 1.65379 -10.4415 1.39065 -40.5 2.68929
0 0 883 12.1858 0.695825 -12.7392 -0.242433 -43.4368 2.23034
0 0 884 14.5957 0.43022 -11.5774 -0.946881 -43.9359 2.45627
0 0 885 14.8339 2.51961 -13.2813 0.343343 -39.629 2.10223
0 0 886 16.1772 1.44334 -15.7655 -0.156909 -42.3846 1.79699
0 0 887 17.0056 2.81906 -14.7099 -0.449723 -39.5756 1.89734
0 0 888 17.3009 0.0469017 -16.8317 0.417559 -44.9202 1.69076
0 0 889 20.6721 2.26372 -16.0714 -1.54861 -40.9912 1.75207
0 0 890 21.5861 0.542805 -17.4281 -2.28241 -44.108 1.63206
0 0 891 21.7685 1.0185 -19.8623 0.19864 -43.5323 1.43076
0 0 892 21.976 2.56935 -19.287 0.615117 -41.206 1.46157
0 0 893 23.6193 1.54575 -21.5879 -0.447682 -42.9522 1.31462
0 0 894 22.9757 0.790778 -19.7932 -1.03327 -43.8561 1.43656
0 0 895 24.6834 1.424 -20.2087 0.697142 -42.9847 1.40447
0 0 896 24.6916 1.08785 -23.6804 0.156881 -43.6849 1.20041
0 0 897 29.2825 1.35576 -24.6155 -0.991768 -43.4237 1.15423
0 0 898 29.7641 1.64821 -26.0458 0.0965243 -43.1895 1.09028
0 0 899 33.3505 0.672298 -28.234 0.982327 -44.318 1.00764
0 0 900 34.0355 1.21663 -29.4195 -0.464958 -43.816 0.966442
0 0 901 35.9064 0.847946 -30.8555 -0.472158 -44.2129 0.92194
0 0 902 38.3058 -1.63797 -32.8951 -1.71994 -46.4253 0.863972
0 0 903 39.9708 0.367523 -33.2669 -1.03712 -44.6835 0.855404
0 0 904 40.9009 0.636536 -34.7228 0.192061 -44.4749 0.819442
0 0 905 41.7273 1.02294 -35.2749 -1.89425 -44.1695 0.806398
0 0 906 42.2313 -0.679743 -35.9174 -1.14548 -45.5421 0.792179
0 0 907 41.7232 0.126432 -35.6804 -1.29869 -44.8985 0.79759
0 0 908 42.0932 -1.1807 -33.4051 1.46933 -46.0121 0.851348
0 0 909 42.4827 -1.11363 -32.0913 0.815386 -45.9937 0.886222
0 0 910 41.2645 0.0582104 -32.2507 -0.485929 -44.9483 0.882414
0 0 911 41.8613 -0.385721 -31.2424 0.738558 -45.3537 0.910819
0 0 912 42.8125 -1.20677 -32.241 0.8906 -46.0718 0.882013
0 0 913 44.2456 -3.33026 -29.8357 0.212884 -48.1845 0.947482
0 0 914 45.4919 -3.6273 -29.644 -1.02086 -48.4881 0.952333
0 0 915 48.3523 -4.58899 -29.4504 0.758566 -49.4283 0.95388
0 0 916 49.9447 -2.25978 -27.8849 -1.66104 -47.3165 1.01697
0 0 917 50.3495 -4.27159 -29.6749 -1.70752 -49.0956 0.948446
0 0 918 55.4873 -3.99225 -26.3549 -0.339949 -49.3068 1.06667
0 0 919 61.1502 -3.95602 -26.4148 -1.37757 -49.2588 1.06454
0 0 920 65.0659 -2.62047 -25.004 -0.0516471 -47.9914 1.13146
0 0 921 71.2805 -4.41281 -26.6835 -1.33459 -49.6952 1.05109
0 0 922 82.4223 -3.29523 -23.7508 -1.09221 -48.9494 1.18594
0 0 923 92.0299 -2.34383 -19.6693 -0.481003 -48.3977 1.43587
0 0 924 101.078 -3.14473 -15.8314 1.13196 -50.6175 1.76044
0 0 925 113.198 -2.66809 -8.37255 0.0117147 -53.8378 3.22644
0 0 926 127.868 0.238052 -0.248814 -0.271863 0 0
0 0 927 145.173 3.65126 8.66646 0.928901 33.5769 3.00761
0 0 928 166.56 5.84843 21.2933 -0.0273886 37.3209 1.28511
0 0 929 193.692 10.2266 32.7034 2.1475 36.3176 0.827537
0 0 930 217.776 14.8217 48.4649 0.976223 36.4976 0.559577
0 0 931 247.503 21.2579 66.242 0.712662 36.1039 0.407516
0 0 932 272.213 27.4264 84.4804 3.99631 36.007 0.319164
0 0 933 299.558 34.8831 101.179 1.25398 35.4888 0.264762
0 0 934 322.291 40.4885 116.407 2.23067 35.4107 0.229894
0 0 935 335.8 43.6442 127.679 2.18034 35.5641 0.210013
0 0 936 351.839 48.3054 133.359 2.18485 35.0443 0.199696
0 0 937 356.003 48.3344 136.81 0.620891 35.2709 0.195251
0 0 938 356.24 48.8577 136.774 0.872448 35.1713 0.195043
0 0 939 351.804 47.7157 131.571 -0.530779 35.0331 0.202379
0 0 940 342.971 44.8065 124.51 -0.0623004 35.104 0.214061
0 0 941 328.396 42.8841 110.955 2.17827 34.4342 0.237977
0 0 942 311.573 39.8505 100.746 0.571983 34.2093 0.261231
0 0 943 293.648 34.7076 89.3612 -0.764236 34.387 0.295281
0 0 944 278.851 31.575 79.8828 1.89685 34.2164 0.329492
0 0 945 260.382 30.1101 69.6318 2.04335 33.3077 0.372728
0 0 946 244.266 24.5307 57.4785 1.20797 33.4441 0.452527
0 0 947 227.579 20.9241 48.439 0.934525 33.3186 0.535897
0 0 948 215.887 17.1384 42.1526 1.32754 33.9371 0.621809
0 0 949 203.938 15.9528 35.8055 0.393509 32.9926 0.721121
0 0 950 193.276 13.1789 28.2502 -1.04889 32.4953 0.906286
0 0 951 181.38 12.7278 24.1271 1.44821 31.0935 1.03402
0 0 952 173.943 10.5034 17.4907 0.799862 29.5073 1.37982
0 0 953 164.39 6.04111 16.4282 -0.320466 34.905 1.61799
0 0 954 158.04 6.26095 10.1479 0.844627 29.1633 2.35987
0 0 955 151.36 4.57886 6.48764 -0.538653 27.3931 3.53525
0 0 956 146.402 3.51208 6.01777 -0.131258 29.8657 4.04211
0 0 957 140.144 2.30736 4.11729 -1.40295 30.3667 5.97101
0 0 958 135.822 1.36848 2.26462 -1.17376 0 0
0 0 959 132.103 2.44109 0.0375142 -2.43532 0 0
0 0 960 126.424 1.84152 -2.45228 -3.254 0 0
0 0 961 121.772 -0.768528 -2.2331 -3.54964 0 0
0 0 962 119.553 -0.695957 -3.51695 -0.861236 -50.5967 7.92577
0 0 963 115.318 -3.76514 -3.20493 -4.12139 -69.7976 5.61878
0 0 964 112.442 -4.149 -4.88684 -5.54634 -65.1659 4.36333
0 0 965 108.293 -1.30582 -4.24923 -7.03954 -53.5413 6.37944
0 0 966 105.846 -1.97396 -6.79052 -6.53363 -53.1044 4.01161
0 0 967 100.135 -4.50803 -5.63715 -6.32315 -64.3247 3.8799
0 0 968 96.5541 -4.66658 -6.04346 -6.27741 -63.8371 3.67031
0 0 969 93.2913 -7.22947 -3.73152 -7.85687 -76.3496 3.38423
0 0 970 89.8944 -7.22955 -3.9207 -8.7033 -75.7642 3.35024
0 0 971 86.0264 -6.93373 -5.2485 -9.12244 -71.438 3.18713
0 0 972 81.703 -5.25717 -4.32948 -8.42897 -70.2636 4.07653
0 0 973 77.1891 -6.48726 -4.44972 -9.65473 -72.7766 3.51652
0 0 974 72.9724 -7.84565 -4.94868 -7.33009 -73.8791 2.97774
0 0 975 71.3271 -6.17071 -4.95241 -8.43409 -70.6253 3.50701
0 0 976 68.9472 -8.11871 -4.2415 -7.20453 -76.2079 3.00635
0 0 977 64.0395 -8.11372 -4.87163 -7.98399 -74.5093 2.91615
0 0 978 61.8745 -7.59527 -4.26152 -7.67574 -75.3522 3.16538
0 0 979 58.2993 -8.12024 -4.39008 -7.98428 -75.8014 2.98472
0 0 980 53.9389 -8.05205 -1.79326 -5.82635 -83.7223 3.31397
0 0 981 50.5459 -8.32082 -2.94129 -5.22163 -80.2661 3.10633
0 0 982 47.9288 -6.62629 -3.08779 -7.08302 -77.5075 3.76107
0 0 983 45.4635 -8.58943 -2.34704 -8.71418 -82.3586 3.07319
0 0 984 43.2584 -8.29764 -1.65071 -5.59 -84.3743 3.23005
0 0 985 39.8755 -9.20005 -2.02058 -3.92336 -83.8065 2.90217
0 0 986 38.3511 -7.68598 -3.50551 -5.60226 -77.7414 3.25387
0 0 987 38.6494 -8.03657 -2.72008 -6.09211 -80.6505 3.22999
0 0 988 35.1697 -10.0022 -1.10671 -6.24975 -86.8431 2.71242
0 0 989 32.1333 -8.35119 -1.34269 -4.01869 -85.4331 3.22891
0 0 990 32.4034 -8.74191 -1.07574 -4.10842 -86.4924 3.09941
0 0 991 28.9422 -8.00469 -2.28385 -4.78501 -82.0379 3.28823
0 0 992 28.5932 -8.93052 -1.07607 -4.30528 -86.5647 3.0348
0 0 993 26.028 -8.32999 -1.61745 -4.68562 -84.5058 3.22016
0 0 994 25.9863 -6.39446 -1.69201 -2.56806 -82.5894 4.13632
0 0 995 24.7815 -6.83035 -3.11742 -4.67107 -77.7339 3.66107
0 0 996 23.3567 -5.5174 -0.783443 -2.02395 -85.9592 4.89973
0 0 997 20.1508 -7.75685 -0.261698 -3.11251 -89.0339 3.51522
0 0 998 20.2926 -5.62484 -1.50456 -4.17467 -82.5124 4.69919
0 0 999 20.5411 -7.15276 -1.79042 -1.09074 -82.9735 3.70954
0 0 1000 19.7872 -5.50541 -3.03226 -2.31153 -75.5775 4.38484
0 0 1001 17.0634 -4.36653 -1.54647 -1.44772 -80.2488 5.91822
0 0 1002 16.8996 -4.88485 -1.3375 -2.57175 -82.3437 5.40313
0 0 1003 16.0746 -5.80018 -1.56482 -1.73085 -82.4509 4.55471
0 0 1004 14.5513 -3.51429 -1.67583 -1.81809 -77.2526 7.06403
0 0 1005 10.7469 -6.19208 -1.97385 -1.00311 -81.1596 4.21475
0 0 1006 11.0935 -5.81336 -1.75798 -0.874197 -81.5873 4.50851
0 0 1007 11.1236 -6.17889 -0.873135 -1.31969 -85.9784 4.37557
0 0 1008 11.3359 -2.7298 -0.609918 -2.29799 0 0
0 0 1009 9.95833 -3.73773 -1.56211 -0.696334 -78.6592 6.7784
0 0 1010 9.9584 -2.97259 0.0632817 -0.46998 0 0
0 0 1011 10.9745 -4.50952 -3.29726 -1.85926 -71.9133 4.95796
0 0 1012 8.92865 -4.37201 -1.34175 -0.732124 -81.4695 5.98796
0 0 1013 9.76562 -2.76543 -1.73075 -1.44083 -73.9798 8.46549
0 0 1014 9.11276 -3.06849 0.151625 -0.677799 0 0
0 0 1015 8.49944 -1.5013 -0.422332 0.778123 0 0
0 0 1016 8.12002 -2.37339 -0.307381 -0.717688 0 0
0 0 1017 9.62271 -2.2807 -1.25509 1.01708 0 0
0 0 1018 7.37066 -1.80588 0.776191 0.0395629 0 0
0 0 1019 5.77652 -0.735314 -1.67287 -0.321687 0 0
0 0 1020 5.84304 -1.69286 -1.66709 -1.98068 0 0
0 0 1021 5.0303 -0.436093 0.0332079 1.62344 0 0
0 0 1022 6.48025 -0.0549557 0.374005 -0.563094 0 0
0 0 1023 5.18598 0.424937 -0.739035 -0.540125 0 0
