# File: uwl_190521_154253_b4.rf.sbE2.RMC_aux Src: J1713+0747 Nsub: 1 Nch: 1 Npol: 4 Nbin: 1024 RMS: 0.985927
0 0 0 7.28688 -2.44637 -1.33502 -1.29101 0 0
0 0 1 9.57424 -4.10657 -0.616031 -0.246153 -85.7343 6.78662
0 0 2 9.23937 -3.08816 -1.80911 -2.26748 -74.8187 8.16776
0 0 3 6.96654 -2.55164 -2.22645 -0.109741 0 0
0 0 4 5.88854 -2.52886 -0.84623 -2.28825 0 0
0 0 5 7.37256 -1.62835 -1.31418 -1.20526 0 0
0 0 6 7.51676 -3.08466 0.119034 -0.302334 0 0
0 0 7 4.57555 -1.57268 -2.32983 -0.124205 0 0
0 0 8 5.30396 -3.78573 1.44663 -2.0209 79.5434 7.07203
0 0 9 6.01047 -1.56789 -0.535762 -1.43869 0 0
0 0 10 6.1545 -1.58496 -0.826358 -2.38715 0 0
0 0 11 4.99841 -0.987945 0.81861 1.5033 0 0
0 0 12 5.05895 -2.49119 -1.16735 0.994167 0 0
0 0 13 1.43243 -2.5783 0.74933 -2.68682 0 0
0 0 14 4.72904 -3.16405 -0.164391 -1.03478 0 0
0 0 15 3.31812 -2.84955 -0.149954 0.434662 0 0
0 0 16 4.45474 -0.899471 -0.685743 0.596894 0 0
0 0 17 2.45512 -1.72608 -0.201452 -1.46792 0 0
0 0 18 4.72539 -0.857186 0.0358932 1.79353 0 0
0 0 19 5.50997 1.23768 -1.30842 1.3194 0 0
0 0 20 2.2669 0.790297 -0.210129 0.528021 0 0
0 0 21 1.82672 -1.79128 0.58464 -0.502723 0 0
0 0 22 -0.0104561 -2.34327 -0.357661 1.71068 0 0
0 0 23 3.5756 -3.16317 -0.703832 -0.176341 0 0
0 0 24 4.82551 0.0742912 0.803419 0.56057 0 0
0 0 25 2.67889 -0.664603 -0.610756 1.41174 0 0
0 0 26 1.6248 1.29488 -0.188233 -2.33312 0 0
0 0 27 1.78045 1.64201 -0.683972 0.544563 0 0
0 0 28 2.00393 0.694238 2.11014 -1.13587 0 0
0 0 29 3.16433 0.351882 0.691267 -0.987259 0 0
0 0 30 3.96539 -0.453191 2.4147 -0.483506 0 0
0 0 31 2.14875 0.433576 0.252941 1.95101 0 0
0 0 32 2.60243 0.47411 0.397749 -1.16813 0 0
0 0 33 1.65321 -0.486912 0.390183 -0.151285 0 0
0 0 34 0.467837 0.0861035 2.23934 0.51482 0 0
0 0 35 0.609362 -0.898801 1.42376 0.384609 0 0
0 0 36 1.92052 -0.176119 0.36586 1.76945 0 0
0 0 37 0.371964 -0.485972 1.54584 -1.36217 0 0
0 0 38 1.59559 -0.166256 -0.927431 -0.693244 0 0
0 0 39 0.487793 -0.678841 -0.324773 -0.386259 0 0
0 0 40 0.731401 0.169084 -0.493784 0.306817 0 0
0 0 41 0.435315 0.263182 1.30574 -0.824795 0 0
0 0 42 1.51196 0.389099 0.404716 0.745266 0 0
0 0 43 2.0031 1.48713 0.764145 0.0706054 0 0
0 0 44 2.25615 -0.0696868 -0.0803025 -0.314254 0 0
0 0 45 1.34743 -1.15912 -0.115353 -1.08514 0 0
0 0 46 2.40389 1.95635 0.980487 0.987147 0 0
0 0 47 0.0813399 -0.946269 1.41758 0.209827 0 0
0 0 48 2.08016 -1.03463 1.56844 0.0385034 0 0
0 0 49 3.81536 -0.50343 1.52733 -2.47076 0 0
0 0 50 2.2112 0.135907 1.39578 0.990251 0 0
0 0 51 2.8763 0.313887 -1.00368 -0.558052 0 0
0 0 52 2.1736 -0.380372 -0.453169 -0.416364 0 0
0 0 53 2.66623 -1.59333 2.85634 0.518688 0 0
0 0 54 1.24039 -1.0367 1.49769 -0.0190881 0 0
0 0 55 1.27647 0.305024 2.2287 -0.158519 0 0
0 0 56 2.23449 0.199522 2.26848 -0.733338 0 0
0 0 57 3.15302 0.749974 1.78924 0.680183 0 0
0 0 58 2.61315 -1.44699 3.04026 -0.327064 0 0
0 0 59 1.96778 0.206362 -0.109507 0.923793 0 0
0 0 60 4.96167 -0.622897 0.128811 0.0333419 0 0
0 0 61 3.07773 -1.47795 2.36374 0.52477 0 0
0 0 62 4.35925 -0.984821 1.96093 -1.6428 0 0
0 0 63 2.76074 -0.701083 1.768 -0.526611 0 0
0 0 64 3.25562 0.476889 1.43194 -1.40381 0 0
0 0 65 2.38396 -1.43179 1.78008 -0.662536 0 0
0 0 66 3.03881 -0.875965 1.12858 1.46099 0 0
0 0 67 1.0346 0.622863 4.67109 0.639549 41.2024 6.85164
0 0 68 1.616 -0.900955 0.743165 -0.167249 0 0
0 0 69 2.66149 0.601082 1.67768 -1.3385 0 0
0 0 70 4.18183 -1.60015 1.68962 -1.89604 0 0
0 0 71 2.06 -2.10827 1.69413 -0.475977 0 0
0 0 72 3.81386 -0.761242 2.79549 -0.746877 0 0
0 0 73 3.18952 -1.1249 4.11446 -0.980263 52.6456 7.52057
0 0 74 1.08299 -1.80471 0.327931 -1.45089 0 0
0 0 75 3.83736 -0.611581 1.18255 -0.281222 0 0
0 0 76 4.83172 0.123491 2.1053 -0.450462 0 0
0 0 77 3.81718 -1.48624 1.3797 -1.17203 0 0
0 0 78 1.60728 -0.380833 1.27118 -1.15134 0 0
0 0 79 2.31215 -1.56509 1.12046 -1.48331 0 0
0 0 80 2.30909 0.429533 1.63266 -0.111915 0 0
0 0 81 3.3306 -0.902513 2.37589 0.0500487 0 0
0 0 82 3.28876 0.384439 3.83693 -0.584156 42.1392 8.38092
0 0 83 1.78073 -1.53014 -0.433271 -0.0937668 0 0
0 0 84 2.3306 0.316 0.198148 1.2668 0 0
0 0 85 0.76997 -1.26007 -0.595867 -2.31393 0 0
0 0 86 0.319592 -2.24682 0.140463 -0.0669465 0 0
0 0 87 3.21542 -0.954804 0.350781 1.14494 0 0
0 0 88 -0.586823 -0.91483 1.92248 -0.937422 0 0
0 0 89 1.39273 -1.67374 1.85253 -1.53025 0 0
0 0 90 0.427522 -1.56135 0.0761582 -0.802985 0 0
0 0 91 0.89829 -0.576086 0.754129 -0.109499 0 0
0 0 92 -0.0127011 -1.17078 0.119286 -1.50343 0 0
0 0 93 0.354474 -2.18889 0.380785 -0.924381 0 0
0 0 94 -0.18771 -0.834192 -0.822942 1.7789 0 0
0 0 95 1.32687 -2.48242 -0.654434 0.702807 0 0
0 0 96 1.29016 1.06747 0.895541 1.42527 0 0
0 0 97 1.8685 2.14024 -1.09116 -0.273408 0 0
0 0 98 2.03467 -0.155507 1.07674 0.295321 0 0
0 0 99 1.59105 -1.77858 0.87058 0.171615 0 0
0 0 100 0.832276 -2.85415 0.487815 -2.14361 0 0
0 0 101 1.59514 0.337602 -0.570298 -1.16191 0 0
0 0 102 0.415197 1.30837 2.539 -0.493779 0 0
0 0 103 1.52167 2.45551 0.229811 -2.00066 0 0
0 0 104 1.25415 1.80286 0.533206 -0.650705 0 0
0 0 105 -0.468717 0.422991 -0.160369 1.46306 0 0
0 0 106 1.3345 1.05938 -0.118832 -2.0907 0 0
0 0 107 -0.881288 -0.44362 0.363136 -2.04642 0 0
0 0 108 0.683335 0.635185 -0.856481 0.860315 0 0
0 0 109 1.10361 -0.31937 -0.151279 -0.769601 0 0
0 0 110 1.30562 0.601812 0.250993 0.624704 0 0
0 0 111 0.826073 -0.180855 -0.312765 0.86329 0 0
0 0 112 -0.0557618 -2.22503 -0.334783 -0.20079 0 0
0 0 113 0.585937 -1.03053 -1.69239 -0.16571 0 0
0 0 114 0.0105197 1.69487 -0.958995 -0.264425 0 0
0 0 115 1.72826 0.42427 0.0222338 -0.833476 0 0
0 0 116 -0.0506893 1.74785 -0.593498 1.04869 0 0
0 0 117 1.95439 0.0861699 0.88608 -0.340446 0 0
0 0 118 1.09104 -1.30806 -1.02325 0.478357 0 0
0 0 119 0.728973 -0.268746 0.638501 0.858476 0 0
0 0 120 -0.431826 0.830249 -0.993647 -0.727103 0 0
0 0 121 1.33186 1.25497 1.28246 2.06358 0 0
0 0 122 -0.291858 -0.54088 -1.26391 0.789533 0 0
0 0 123 0.939046 2.53022 -0.847611 -0.850551 0 0
0 0 124 0.394555 0.914883 -0.451435 -2.04016 0 0
0 0 125 -1.24415 0.514765 2.33657 -0.0383318 0 0
0 0 126 -0.0684331 0.883151 0.371781 0.937254 0 0
0 0 127 -0.519993 0.71675 0.485134 0.888157 0 0
0 0 128 1.0011 0.917184 0.0970024 -1.20171 0 0
0 0 129 -0.618561 0.369108 -0.295346 1.15953 0 0
0 0 130 1.87406 -0.439284 -0.247538 -0.61022 0 0
0 0 131 1.54813 -1.13597 0.220846 -1.0824 0 0
0 0 132 0.133675 -0.835178 0.368805 -0.889819 0 0
0 0 133 0.339398 0.38382 -0.598054 -0.736764 0 0
0 0 134 1.98188 -0.415078 0.515557 -0.77718 0 0
0 0 135 2.18661 0.655264 0.422013 2.00656 0 0
0 0 136 0.214771 0.0442616 -0.85823 0.513502 0 0
0 0 137 0.887692 -0.508734 0.464511 1.27533 0 0
0 0 138 0.0885364 -0.81594 1.21281 0.744727 0 0
0 0 139 0.801368 -0.163495 -0.205694 0.327206 0 0
0 0 140 1.45872 0.266802 0.19623 -0.919964 0 0
0 0 141 0.581219 1.15782 -0.121776 -0.085403 0 0
0 0 142 0.596073 -1.08048 0.95171 -0.288327 0 0
0 0 143 -0.329231 0.40638 0.432339 1.17868 0 0
0 0 144 1.45947 -1.54782 1.31957 0.270784 0 0
0 0 145 0.0974777 0.824821 1.71667 -1.34141 0 0
0 0 146 -0.340896 -0.58071 0.389891 -1.58158 0 0
0 0 147 -0.244093 -0.0812799 1.56717 -1.60285 0 0
0 0 148 -1.72857 0.643288 -1.13071 1.02372 0 0
0 0 149 -1.28314 0.578559 -0.592226 0.517016 0 0
0 0 150 1.10403 0.974895 -1.66049 -0.682238 0 0
0 0 151 0.728832 -1.37147 0.0828337 1.57267 0 0
0 0 152 -0.200698 0.0522596 0.291821 -0.36841 0 0
0 0 153 -0.2823 1.963 1.26496 0.760805 0 0
0 0 154 0.683878 0.373531 0.26348 1.74888 0 0
0 0 155 -0.311571 1.22628 0.222657 1.34036 0 0
0 0 156 -1.09083 0.702747 -0.811053 -2.16004 0 0
0 0 157 -0.321383 -0.436146 1.17252 1.07793 0 0
0 0 158 -1.06558 -0.434407 -2.11848 1.01587 0 0
0 0 159 0.547565 0.395723 1.63958 0.377471 0 0
0 0 160 1.79751 -0.57258 0.342675 1.22873 0 0
0 0 161 0.419787 -0.792555 -0.426382 -1.80387 0 0
0 0 162 0.631494 -0.895778 -1.62431 -0.615825 0 0
0 0 163 -1.24113 0.276352 -1.05186 -1.29425 0 0
0 0 164 -1.22838 -0.694858 1.89316 0.153174 0 0
0 0 165 0.687584 0.311603 -0.680035 0.380085 0 0
0 0 166 -1.0509 1.14412 1.02946 1.58554 0 0
0 0 167 -0.694567 -0.952529 0.190821 -0.460066 0 0
0 0 168 -0.981799 2.23766 -0.204121 -0.457857 0 0
0 0 169 -0.0683481 2.92329 -0.310353 -1.84198 0 0
0 0 170 -0.664675 -1.2378 1.21526 -0.0983883 0 0
0 0 171 -0.888372 1.15806 -0.0175208 1.65594 0 0
0 0 172 1.75249 -1.50294 -0.0775266 -1.08208 0 0
0 0 173 1.53072 -0.768283 -1.58033 -1.62907 0 0
0 0 174 0.273837 -1.5239 -1.55669 0.0575909 0 0
0 0 175 1.24214 0.744749 1.07169 -0.219184 0 0
0 0 176 0.14511 -0.0520266 0.0400326 0.886543 0 0
0 0 177 -0.390329 0.43041 1.63096 -0.383629 0 0
0 0 178 0.423642 -0.486851 -1.8602 1.20671 0 0
0 0 179 1.76016 -0.0980057 0.356292 -1.25203 0 0
0 0 180 0.496705 -0.510038 0.36954 0.503933 0 0
0 0 181 -0.808092 -0.181709 -0.419739 0.515899 0 0
0 0 182 -1.0327 0.747973 -0.818866 0.823377 0 0
0 0 183 0.501825 0.566716 1.44426 1.72822 0 0
0 0 184 0.992798 -0.0869162 2.07595 -0.460353 0 0
0 0 185 0.82782 2.67061 -0.642364 0.807229 0 0
0 0 186 -0.870695 2.84554 -0.507453 0.582409 0 0
0 0 187 0.516404 -0.497679 -0.0680449 0.00508446 0 0
0 0 188 -0.611357 0.697679 -1.34737 -0.54932 0 0
0 0 189 0.684111 -0.0180509 1.32061 0.58954 0 0
0 0 190 -1.033 0.282627 -1.81573 0.98846 0 0
0 0 191 0.957163 -0.219062 0.265359 0.640028 0 0
0 0 192 0.801895 1.12352 2.23682 -2.67029 0 0
0 0 193 -0.153394 -1.02103 -1.71089 -0.950118 0 0
0 0 194 -3.41545 0.179609 1.38321 -0.771559 0 0
0 0 195 -0.932382 -0.390336 -0.729398 0.399695 0 0
0 0 196 1.01445 1.24081 -0.0500657 -0.032795 0 0
0 0 197 -1.43064 1.41605 1.32494 -1.32628 0 0
0 0 198 -0.549542 -1.59058 0.0937418 -0.990677 0 0
0 0 199 1.17794 -1.46557 -0.105226 0.194049 0 0
0 0 200 -1.79532 -0.827382 0.0355556 -2.19274 0 0
0 0 201 -0.50397 0.266391 -0.751422 0.311259 0 0
0 0 202 0.673971 -0.599574 0.598849 -0.448889 0 0
0 0 203 0.709037 0.417153 0.453004 1.53016 0 0
0 0 204 0.0734841 -1.71238 0.0548891 -0.78563 0 0
0 0 205 -0.558142 0.996763 0.53188 -1.28307 0 0
0 0 206 -0.806382 0.448371 -0.584505 0.199801 0 0
0 0 207 0.863975 -1.591 -0.753872 0.0901406 0 0
0 0 208 -1.1762 -1.04749 0.525539 -0.053589 0 0
0 0 209 -0.865957 0.801001 0.312645 0.908587 0 0
0 0 210 2.37144 -1.40594 -0.57861 0.242415 0 0
0 0 211 -1.09665 -0.161788 0.326214 -0.788488 0 0
0 0 212 -1.06075 1.83908 0.218593 0.386639 0 0
0 0 213 -1.48053 0.436932 -0.135362 -0.010276 0 0
0 0 214 0.458039 0.0358309 -0.86376 1.4682 0 0
0 0 215 -0.95349 -2.99167 -0.258263 1.22964 0 0
0 0 216 0.0709235 1.79397 0.459374 -1.03934 0 0
0 0 217 0.026068 -0.218445 0.901715 0.00652245 0 0
0 0 218 -1.33333 -0.693803 0.658137 -1.07875 0 0
0 0 219 0.657486 -0.370932 0.168143 -0.0917255 0 0
0 0 220 0.696322 0.714968 0.169705 -2.01522 0 0
0 0 221 -0.751054 -0.833819 0.781157 0.605592 0 0
0 0 222 -0.338316 0.467248 1.76853 -1.61496 0 0
0 0 223 -0.558192 2.00698 0.160817 -0.388784 0 0
0 0 224 1.99699 -1.09923 -0.756197 0.572519 0 0
0 0 225 1.33646 0.373377 -1.37681 -0.474153 0 0
0 0 226 -0.0295031 -2.33835 -0.823305 -0.47539 0 0
0 0 227 -1.17201 -1.05122 0.346555 2.29417 0 0
0 0 228 -0.407128 -0.978049 -0.609911 -0.14898 0 0
0 0 229 0.0857069 -0.613884 -0.441148 -2.67715 0 0
0 0 230 0.0771579 1.58718 -0.970539 0.101402 0 0
0 0 231 0.204542 2.12926 0.295 0.367824 0 0
0 0 232 1.63473 -0.140635 0.0239298 2.20041 0 0
0 0 233 0.0905742 -1.18292 0.0813754 -1.07892 0 0
0 0 234 1.12473 0.990519 -0.0159861 -0.315097 0 0
0 0 235 0.473945 -0.263001 0.227591 0.122464 0 0
0 0 236 0.0305294 -1.01635 1.46175 -0.986238 0 0
0 0 237 -1.42887 -0.274058 1.83362 -0.18694 0 0
0 0 238 -0.515536 -1.10686 0.698692 0.294028 0 0
0 0 239 -0.571728 0.224476 -0.979941 0.889854 0 0
0 0 240 -0.204528 0.473887 0.535938 -0.149967 0 0
0 0 241 -0.161935 -1.47736 -1.70743 0.233809 0 0
0 0 242 0.261775 0.929385 -1.21232 0.764824 0 0
0 0 243 1.49787 -0.367437 -1.30543 1.35948 0 0
0 0 244 0.93147 -0.891872 0.939845 1.98946 0 0
0 0 245 0.251443 -2.4757 -0.0415585 -1.80384 0 0
0 0 246 -0.873619 0.0060412 0.946869 -2.0136 0 0
0 0 247 1.64749 -1.58839 -0.391057 -0.508933 0 0
0 0 248 -0.0481275 0.00184441 -0.416074 1.46162 0 0
0 0 249 -2.09684 0.677344 1.74558 0.659873 0 0
0 0 250 -0.215925 0.225669 0.437321 -0.622568 0 0
0 0 251 0.962322 1.87151 -0.552931 0.958569 0 0
0 0 252 1.15432 -2.80716 -0.59796 1.68327 0 0
0 0 253 -0.288829 0.525332 -0.182852 -1.63424 0 0
0 0 254 -0.856863 0.769627 -1.93374 -1.56312 0 0
0 0 255 0.810573 1.09483 -1.07454 -0.298416 0 0
0 0 256 2.06517 -1.42895 0.248709 0.925427 0 0
0 0 257 0.808379 0.421668 -0.0353763 -2.09004 0 0
0 0 258 0.536812 0.184309 0.0668413 0.191193 0 0
0 0 259 0.144109 0.188859 -0.611054 1.50271 0 0
0 0 260 -1.00806 0.259881 -1.76804 -0.56326 0 0
0 0 261 1.08813 0.849915 1.19226 0.46011 0 0
0 0 262 0.287401 0.252691 -0.528446 0.0698432 0 0
0 0 263 0.16403 0.18907 0.391903 -0.0774837 0 0
0 0 264 -1.29125 -1.51573 -1.16829 -0.537686 0 0
0 0 265 -1.67788 0.336578 0.240736 -0.102225 0 0
0 0 266 -1.50496 -0.733393 -0.438152 -0.655119 0 0
0 0 267 0.217092 0.890938 -0.700937 0.282435 0 0
0 0 268 0.663358 1.9875 -0.489161 0.566941 0 0
0 0 269 -1.90527 0.218555 -1.05596 0.687297 0 0
0 0 270 0.324664 2.66649 -0.179234 0.968263 0 0
0 0 271 -0.448936 -1.86933 0.739913 0.643385 0 0
0 0 272 -0.502261 0.784429 -1.30628 -0.468703 0 0
0 0 273 -0.918717 1.64584 1.24719 0.360052 0 0
0 0 274 0.655344 -0.404492 -1.16278 -1.43151 0 0
0 0 275 -0.786608 -0.994515 -0.496155 -1.02252 0 0
0 0 276 0.47352 -1.59322 -0.891022 -0.302776 0 0
0 0 277 -0.301231 -0.749793 -2.24179 -0.371305 0 0
0 0 278 0.304234 0.611127 0.0844847 -0.786651 0 0
0 0 279 0.0762462 0.955811 0.688641 -0.523992 0 0
0 0 280 0.321928 1.93303 0.128674 1.06328 0 0
0 0 281 0.807682 -1.7646 -1.63515 -0.925532 0 0
0 0 282 1.07946 -1.01051 -0.189188 0.690795 0 0
0 0 283 -1.82135 -0.270736 0.519354 0.518625 0 0
0 0 284 0.177517 -0.362172 -0.175412 0.453857 0 0
0 0 285 0.0993192 0.534629 1.91328 1.60542 0 0
0 0 286 -0.119569 0.669645 1.75497 0.202826 0 0
0 0 287 0.565397 -0.608427 1.17392 0.555081 0 0
0 0 288 -0.933032 -1.11437 0.0486201 0.0659939 0 0
0 0 289 1.09596 0.599333 0.338413 -0.239552 0 0
0 0 290 2.46415 -0.119747 0.329373 0.654825 0 0
0 0 291 0.321165 0.300662 1.45735 1.1753 0 0
0 0 292 1.1637 -0.42833 0.582511 1.99228 0 0
0 0 293 -0.515754 -0.0879868 0.629963 0.710847 0 0
0 0 294 1.17339 -1.67049 -0.309146 -1.48403 0 0
0 0 295 2.0997 1.70749 0.235481 0.073518 0 0
0 0 296 -0.074885 1.97529 0.499065 -1.44027 0 0
0 0 297 -0.194594 -0.489574 -0.519283 -2.105 0 0
0 0 298 1.40138 -0.253731 -0.697873 -0.438865 0 0
0 0 299 -0.233041 -1.84231 -0.982609 -0.688756 0 0
0 0 300 0.117484 0.440013 1.70538 0.475049 0 0
0 0 301 0.0871632 0.27489 -1.05968 0.460472 0 0
0 0 302 -0.911649 0.382011 0.64962 1.33291 0 0
0 0 303 0.0988907 0.530977 -0.295062 -0.449884 0 0
0 0 304 0.509699 -0.0630698 -0.62042 -1.43956 0 0
0 0 305 -0.917195 -1.00053 0.289775 -0.0579677 0 0
0 0 306 0.723469 2.20688 -0.232483 0.0855424 0 0
0 0 307 -0.0468802 -0.180833 -1.30463 0.271265 0 0
0 0 308 1.65534 0.533399 -0.155722 0.0611539 0 0
0 0 309 -0.204839 1.07218 0.0252409 -0.202367 0 0
0 0 310 -0.0232957 0.839608 -0.31215 -1.23553 0 0
0 0 311 2.57174 1.00053 0.0874305 0.14333 0 0
0 0 312 1.29168 -0.0183797 0.502093 0.692744 0 0
0 0 313 1.09055 -1.40219 1.12225 0.190221 0 0
0 0 314 1.97278 1.4146 -1.44068 -1.6919 0 0
0 0 315 -1.62015 0.234465 0.82828 0.670073 0 0
0 0 316 2.00459 0.146272 -0.765061 -0.671042 0 0
0 0 317 1.41229 0.0487362 0.882789 0.610866 0 0
0 0 318 2.50182 -0.89738 1.43104 -0.687305 0 0
0 0 319 1.04631 1.71662 1.53337 -1.29239 0 0
0 0 320 -0.187978 0.367614 0.985471 1.37099 0 0
0 0 321 1.59611 -0.364049 1.13734 0.573039 0 0
0 0 322 1.21293 1.45102 0.054046 -0.474887 0 0
0 0 323 0.285534 -1.63888 0.439662 0.930883 0 0
0 0 324 1.28991 -1.69349 0.846938 -0.547399 0 0
0 0 325 0.444621 -0.238864 2.19397 -0.520915 0 0
0 0 326 1.30724 -0.336374 -0.0506117 0.0869685 0 0
0 0 327 -2.50345 -0.268084 -0.488224 -0.0288199 0 0
0 0 328 -0.448478 -0.333665 -0.585571 -2.03105 0 0
0 0 329 0.22843 -1.20723 -0.107928 -0.84442 0 0
0 0 330 -0.631473 -0.794435 0.481757 0.561123 0 0
0 0 331 0.425387 1.30789 -0.363492 0.692183 0 0
0 0 332 -0.920159 0.188056 -0.0751459 0.162823 0 0
0 0 333 -0.665362 0.230166 0.720592 -1.21714 0 0
0 0 334 0.990298 -0.288053 0.423047 0.067506 0 0
0 0 335 -0.721841 -1.7861 0.137497 0.018409 0 0
0 0 336 0.549328 0.688591 1.7214 2.25614 0 0
0 0 337 -1.49276 0.888129 0.25757 2.04069 0 0
0 0 338 -0.385052 -1.00972 0.413843 -0.781409 0 0
0 0 339 -0.0266912 0.0697453 -0.985787 -0.16198 0 0
0 0 340 -0.81304 -1.48492 -0.112658 1.58438 0 0
0 0 341 -1.28372 0.950782 0.323317 -0.347573 0 0
0 0 342 -0.0665992 0.842715 -0.362266 -0.892202 0 0
0 0 343 1.77807 -0.108881 0.0751262 0.150168 0 0
0 0 344 1.21081 -1.27843 -0.0335231 0.768982 0 0
0 0 345 2.24984 0.735887 1.37737 0.469315 0 0
0 0 346 -1.16509 -1.83508 1.37329 -1.86613 0 0
0 0 347 1.82445 -2.84611 -0.674055 0.921379 0 0
0 0 348 -0.975514 -0.663648 0.133216 -1.87409 0 0
0 0 349 -2.46757 1.91394 -1.11836 -1.86125 0 0
0 0 350 0.88623 0.53441 -1.24495 0.715185 0 0
0 0 351 -0.548403 -1.42706 -0.958306 -0.651362 0 0
0 0 352 0.60367 -0.98685 -1.5724 -0.567656 0 0
0 0 353 1.62667 -1.50961 0.0780294 0.662362 0 0
0 0 354 -1.28764 2.15723 -1.12351 1.22275 0 0
0 0 355 0.87448 1.36037 -0.289797 -0.672471 0 0
0 0 356 -0.105518 0.0980697 0.485045 2.35423 0 0
0 0 357 0.639933 -0.844249 2.92276 -0.305855 0 0
0 0 358 0.176063 0.0143743 -1.33955 0.431401 0 0
0 0 359 -0.281729 -0.390774 -1.34956 -0.488693 0 0
0 0 360 -0.916007 -1.65505 -0.667747 -0.180869 0 0
0 0 361 1.05545 -0.427368 0.24494 -0.5302 0 0
0 0 362 0.729088 1.24091 -2.14179 -0.185489 0 0
0 0 363 -0.274809 1.06497 -0.926566 1.40571 0 0
0 0 364 1.49855 -1.03848 -0.538059 0.777689 0 0
0 0 365 1.30691 -0.230179 1.39701 -0.395393 0 0
0 0 366 0.749552 0.767876 0.200205 -1.14784 0 0
0 0 367 -0.449533 0.778485 1.16752 -0.437991 0 0
0 0 368 0.146607 1.36022 -0.026546 -0.365278 0 0
0 0 369 0.551331 0.79226 1.41288 -0.0122114 0 0
0 0 370 0.475623 -0.0618144 -0.374177 -0.0388145 0 0
0 0 371 -0.13562 -1.65726 0.3309 -0.869625 0 0
0 0 372 1.37966 0.426411 0.194782 -0.0770183 0 0
0 0 373 0.916674 -1.77799 -0.524068 2.50387 0 0
0 0 374 -1.10224 0.361083 1.13806 0.862893 0 0
0 0 375 -0.391188 -0.0851834 -1.41166 0.691523 0 0
0 0 376 1.45823 -0.358666 0.723879 -1.85137 0 0
0 0 377 0.526739 -0.497215 -0.0213884 -0.352243 0 0
0 0 378 -1.56265 -1.26789 1.51355 0.148706 0 0
0 0 379 -0.422632 -1.60328 0.547432 1.34405 0 0
0 0 380 2.18909 -1.46632 0.218778 1.32233 0 0
0 0 381 -0.630018 0.399266 1.25722 -0.739095 0 0
0 0 382 0.204075 1.0025 -0.176456 -0.195928 0 0
0 0 383 -1.10842 -0.617124 0.570808 -0.201766 0 0
0 0 384 0.537394 -0.90903 0.368228 -0.532794 0 0
0 0 385 -0.930972 -0.244986 0.352092 1.02108 0 0
0 0 386 -0.212041 0.247513 -0.728505 -0.813833 0 0
0 0 387 1.23869 -0.629595 -2.0097 0.695401 0 0
0 0 388 0.704614 -0.134619 -1.12197 0.21734 0 0
0 0 389 -1.52546 -0.443968 0.629643 -0.0455489 0 0
0 0 390 -1.04455 1.65275 0.577621 0.186851 0 0
0 0 391 -2.34011 -0.507487 0.36526 2.06387 0 0
0 0 392 -0.314729 -1.64413 -2.38436 -0.809354 0 0
0 0 393 -0.820781 -0.342843 0.13356 -0.113969 0 0
0 0 394 1.12472 -0.322255 2.38755 -1.46128 0 0
0 0 395 0.434958 -1.16395 1.40249 0.557076 0 0
0 0 396 0.208765 1.72346 0.494979 -1.80332 0 0
0 0 397 0.482942 0.765789 1.93743 1.13131 0 0
0 0 398 -1.08098 1.04396 -0.411411 1.05794 0 0
0 0 399 -1.46336 1.71857 -0.638927 -1.42342 0 0
0 0 400 0.5439 1.25193 0.217439 -0.85253 0 0
0 0 401 2.40757 -1.03861 0.418616 1.89116 0 0
0 0 402 0.569699 -1.34633 0.0263052 0.10072 0 0
0 0 403 0.0410248 0.704868 -0.525948 1.92923 0 0
0 0 404 0.176935 -0.303678 -0.276 0.927777 0 0
0 0 405 0.872196 -0.517007 -0.763267 -0.433546 0 0
0 0 406 0.149202 -0.765296 0.844952 1.28832 0 0
0 0 407 0.66845 1.02476 -0.236461 0.273669 0 0
0 0 408 -0.918634 -0.380252 -1.05499 0.0456145 0 0
0 0 409 0.408167 0.962751 -1.90139 0.694301 0 0
0 0 410 1.6523 -0.5532 1.10977 0.978243 0 0
0 0 411 1.45058 1.64521 -0.983415 -1.67044 0 0
0 0 412 -0.110052 -1.37061 1.00823 -0.28901 0 0
0 0 413 -0.312737 -0.804452 0.98901 -1.47509 0 0
0 0 414 -0.0221133 -0.105944 0.56217 -0.248685 0 0
0 0 415 0.636802 -0.526226 -0.146198 -0.830323 0 0
0 0 416 0.168598 2.84812 -0.197884 1.68565 0 0
0 0 417 0.668831 -0.657513 1.56275 -0.905236 0 0
0 0 418 -0.356815 -1.54817 -2.11706 -1.33339 0 0
0 0 419 0.334926 -0.602294 0.0313219 -0.0944323 0 0
0 0 420 2.55802 0.0963191 1.05874 -0.968171 0 0
0 0 421 1.25124 2.21964 -1.54638 -0.64369 0 0
0 0 422 -0.875026 0.199353 0.294683 -0.859896 0 0
0 0 423 0.714248 -0.0148679 -1.35853 1.42201 0 0
0 0 424 -0.167963 -0.99684 1.27111 1.649 0 0
0 0 425 1.01149 0.396676 -0.545598 -0.567256 0 0
0 0 426 -0.158837 -0.343434 -1.56535 1.32225 0 0
0 0 427 1.31423 0.718162 1.96624 -0.576529 0 0
0 0 428 1.16362 -0.129868 -0.108516 -1.54702 0 0
0 0 429 -0.43104 -0.209232 -0.989523 0.192165 0 0
0 0 430 0.69469 -1.03699 1.25254 0.619074 0 0
0 0 431 -0.0963006 -0.786759 -2.56465 -0.709648 0 0
0 0 432 -0.981553 -0.0109167 -0.848895 2.85667 0 0
0 0 433 -0.63233 -0.879879 1.04131 0.595725 0 0
0 0 434 -0.77078 0.891973 -0.273652 -0.882101 0 0
0 0 435 -1.21135 -0.237952 0.287482 0.0381935 0 0
0 0 436 0.308772 -0.313211 0.830159 0.347649 0 0
0 0 437 -0.682685 -0.313488 -0.00247316 0.090718 0 0
0 0 438 -0.754182 0.0746076 -0.675334 -1.63009 0 0
0 0 439 -1.42701 0.815648 -0.446742 0.168953 0 0
0 0 440 0.749828 -0.348986 0.6049 0.552287 0 0
0 0 441 0.922288 0.0858628 0.345815 -0.872854 0 0
0 0 442 -0.318102 -2.24799 -0.302937 -1.01002 0 0
0 0 443 1.86654 0.453354 0.579538 -1.84898 0 0
0 0 444 -0.213902 -0.691964 -0.672724 0.127873 0 0
0 0 445 -0.488638 -1.73188 -0.622337 0.582967 0 0
0 0 446 0.251517 -0.820137 -1.06655 -0.891258 0 0
0 0 447 -1.54011 1.77525 0.215409 1.59979 0 0
0 0 448 0.9934 -0.635691 0.272567 -0.563681 0 0
0 0 449 0.608495 0.038398 -1.35105 -0.67977 0 0
0 0 450 -1.85034 -0.788734 1.04979 -0.42391 0 0
0 0 451 -0.22248 2.54669 0.327294 0.389048 0 0
0 0 452 1.67225 0.614214 -0.585683 -0.926006 0 0
0 0 453 -0.345432 1.26474 0.155771 1.33869 0 0
0 0 454 1.13996 -0.28562 0.0150118 0.24041 0 0
0 0 455 -1.89838 0.316265 -0.676917 1.66589 0 0
0 0 456 0.211103 -0.837204 0.643961 -0.279517 0 0
0 0 457 2.73078 0.988362 1.12716 0.306377 0 0
0 0 458 0.879117 1.42329 0.0759844 1.0616 0 0
0 0 459 -0.60907 0.250921 0.928471 1.18741 0 0
0 0 460 -0.410795 1.13073 0.291172 0.0169233 0 0
0 0 461 -1.83464 -0.415407 -0.975662 -1.53325 0 0
0 0 462 0.256321 -0.681896 -0.241804 1.26616 0 0
0 0 463 0.552121 1.09005 -0.178485 -2.14089 0 0
0 0 464 -0.213644 0.198697 2.50284 2.58946 0 0
0 0 465 -1.4173 -1.75235 -1.0722 1.27688 0 0
0 0 466 -0.252266 -1.74693 0.990136 -0.768905 0 0
0 0 467 -0.0523088 0.875867 0.883238 -1.91775 0 0
0 0 468 2.11693 -0.139027 -0.764525 -1.76671 0 0
0 0 469 -0.140967 1.09491 -0.0444824 -0.409925 0 0
0 0 470 -2.39888 -0.144242 -0.209566 0.320809 0 0
0 0 471 0.452047 -1.51335 -1.171 0.669549 0 0
0 0 472 1.50208 1.82962 -0.116148 -0.918903 0 0
0 0 473 -0.556233 -0.877379 -0.658951 -0.927954 0 0
0 0 474 2.84856 0.6208 -1.862 -0.0913726 0 0
0 0 475 0.892779 0.237943 1.39152 1.29897 0 0
0 0 476 0.324668 2.70379 -0.596859 0.0539265 0 0
0 0 477 0.132647 -2.05314 -1.51116 -0.616514 0 0
0 0 478 -0.58744 -0.573939 0.468625 0.39447 0 0
0 0 479 -1.05646 2.95993 -1.8253 0.983573 0 0
0 0 480 0.534713 -0.504308 0.614034 0.00884027 0 0
0 0 481 0.41315 -0.613346 0.834187 -0.551205 0 0
0 0 482 -0.111344 -0.289765 1.15747 0.997153 0 0
0 0 483 -1.73964 -1.18215 0.0959614 0.0395442 0 0
0 0 484 0.839626 0.517886 -1.22486 -0.615549 0 0
0 0 485 0.630423 1.61524 -0.447832 0.640553 0 0
0 0 486 0.929675 0.538693 0.274254 0.222662 0 0
0 0 487 1.4458 1.10203 -1.39411 -1.61196 0 0
0 0 488 0.783382 1.42086 0.695347 1.4672 0 0
0 0 489 0.398434 0.0991608 -1.55944 -0.596837 0 0
0 0 490 0.0792312 0.111067 0.354616 0.594691 0 0
0 0 491 2.51911 0.460856 1.17048 -0.474554 0 0
0 0 492 -0.277209 -1.71094 1.28261 0.985763 0 0
0 0 493 -0.921697 0.773055 -1.43065 -1.32627 0 0
0 0 494 -1.22963 0.689401 -0.350391 1.17061 0 0
0 0 495 0.403492 -0.0397311 0.38831 1.02643 0 0
0 0 496 -1.29323 0.327344 0.777606 -0.768799 0 0
0 0 497 0.346741 -0.404622 -0.145043 -0.128427 0 0
0 0 498 0.947448 -0.801746 -0.762096 1.22479 0 0
0 0 499 -0.492021 0.232151 -1.43593 0.551941 0 0
0 0 500 -0.7159 0.987783 -0.220492 1.00924 0 0
0 0 501 -0.987813 -0.0706059 -0.371448 -0.159024 0 0
0 0 502 -0.0806823 0.989167 -0.235612 -1.44407 0 0
0 0 503 -0.219419 -1.27573 1.08763 -0.52017 0 0
0 0 504 1.29731 0.742215 -2.09055 -2.75493 0 0
0 0 505 0.103714 -1.20929 1.59392 -1.67113 0 0
0 0 506 -0.590081 0.936158 -1.16151 1.27051 0 0
0 0 507 -2.52871 0.0646524 0.908838 0.862735 0 0
0 0 508 0.445892 1.19634 0.74838 0.0938044 0 0
0 0 509 0.697704 0.0873138 3.17 -0.894392 0 0
0 0 510 -0.944783 0.621336 -1.64185 0.41731 0 0
0 0 511 0.439764 -0.101136 -0.0772867 2.20282 0 0
0 0 512 -1.54076 1.43251 -1.461 0.312064 0 0
0 0 513 -1.23725 0.383984 0.399457 0.785259 0 0
0 0 514 -1.94116 1.48443 -1.04186 -0.354306 0 0
0 0 515 1.01506 -0.3852 -0.283679 2.26892 0 0
0 0 516 0.584113 1.21923 0.486944 -0.473255 0 0
0 0 517 0.68803 0.804516 -0.879567 2.52736 0 0
0 0 518 -0.429624 -1.01675 1.22279 0.520504 0 0
0 0 519 -0.305128 -0.715638 2.06988 -1.27352 0 0
0 0 520 -1.4245 0.425081 0.153735 2.03045 0 0
0 0 521 -0.300964 -0.732146 0.0224131 -0.491986 0 0
0 0 522 0.12495 1.32595 0.41967 -1.1505 0 0
0 0 523 -0.268584 -0.182962 1.45446 -0.391438 0 0
0 0 524 1.75798 -0.697 -1.02741 0.00800106 0 0
0 0 525 -1.49936 1.16935 -0.164045 0.557963 0 0
0 0 526 -1.55733 -0.517945 1.1019 0.630327 0 0
0 0 527 3.04493 0.637714 0.0246561 0.299519 0 0
0 0 528 0.788792 0.976865 0.323814 -0.0810776 0 0
0 0 529 0.256445 0.0371932 -0.250662 1.3069 0 0
0 0 530 -0.612285 -1.31494 -0.157721 -1.3497 0 0
0 0 531 0.679939 1.32539 -0.777837 0.153512 0 0
0 0 532 0.151708 -0.805722 0.673858 -1.73157 0 0
0 0 533 1.46811 1.71458 -0.00129334 0.47502 0 0
0 0 534 0.705841 0.423669 -1.06126 -0.300096 0 0
0 0 535 0.793797 -2.54206 1.00036 -0.0841062 0 0
0 0 536 -0.583157 -2.24848 -0.460042 0.201524 0 0
0 0 537 -1.18802 1.12564 0.226424 1.56687 0 0
0 0 538 -0.177497 -0.686041 0.737018 -0.832695 0 0
0 0 539 -1.25817 0.622411 -0.249769 1.73673 0 0
0 0 540 -0.715008 2.46782 -0.633603 -1.36496 0 0
0 0 541 -2.03154 1.79013 -1.78474 0.468892 0 0
0 0 542 0.359462 1.99927 -0.776561 -0.803357 0 0
0 0 543 -1.01007 0.696038 -0.233201 -0.263567 0 0
0 0 544 1.19988 0.753689 -1.58795 -0.19711 0 0
0 0 545 -0.0935645 -1.28891 0.233079 0.27784 0 0
0 0 546 0.560491 0.155175 -0.119392 -2.22056 0 0
0 0 547 0.696712 0.653861 3.66656 -1.10668 39.9443 8.65492
0 0 548 -0.0373621 0.320537 -0.394428 -0.487121 0 0
0 0 549 0.998404 -0.771436 1.71165 -0.873405 0 0
0 0 550 1.22527 0.129768 -0.0826076 -0.64043 0 0
0 0 551 0.207503 -0.205842 0.202151 -0.248458 0 0
0 0 552 -0.0102427 0.493888 0.182672 0.352528 0 0
0 0 553 -0.960544 -0.635835 -0.944276 0.203234 0 0
0 0 554 -1.74361 1.63872 0.883399 0.310853 0 0
0 0 555 -0.552788 -1.43451 0.406247 0.652906 0 0
0 0 556 0.485388 0.242564 0.416119 -0.354816 0 0
0 0 557 0.746115 -1.13152 1.03314 0.669449 0 0
0 0 558 0.622094 1.23575 0.941482 -0.165991 0 0
0 0 559 -0.596011 2.35188 0.91541 1.84412 0 0
0 0 560 1.07738 0.769963 -0.0474957 -1.57891 0 0
0 0 561 0.00422065 -0.372061 0.816876 0.291906 0 0
0 0 562 -0.162632 0.788721 -0.797621 1.34954 0 0
0 0 563 -1.17851 0.291442 1.28762 0.725353 0 0
0 0 564 -0.202826 1.48989 1.46509 0.595876 0 0
0 0 565 0.0153961 1.10922 -0.917261 -1.14347 0 0
0 0 566 0.112548 -2.50132 0.938741 1.0992 0 0
0 0 567 1.17285 1.5243 0.488235 -0.333111 0 0
0 0 568 2.1063 1.3372 0.952531 0.906314 0 0
0 0 569 2.81598 0.0428835 0.316718 1.06305 0 0
0 0 570 0.964486 -1.97003 -0.983488 0.640388 0 0
0 0 571 0.303921 0.897346 0.889489 -1.11573 0 0
0 0 572 -0.468759 -0.224869 1.25149 -0.959769 0 0
0 0 573 -1.09541 0.38936 -0.868106 -1.2573 0 0
0 0 574 -2.32068 1.50271 1.786 -1.77982 0 0
0 0 575 0.458747 2.45092 -0.165908 -1.67695 0 0
0 0 576 0.205529 -0.59146 -1.67198 0.142745 0 0
0 0 577 0.0357459 -0.767026 1.19164 0.138426 0 0
0 0 578 -1.2048 1.49734 1.00393 -0.681319 0 0
0 0 579 0.561417 0.657104 0.981517 -1.04822 0 0
0 0 580 1.5695 -1.44316 0.631278 1.71819 0 0
0 0 581 -0.59692 0.833733 -0.125831 -0.363963 0 0
0 0 582 1.47037 0.918768 -0.114243 0.965497 0 0
0 0 583 -0.251314 -0.936414 0.682893 1.06979 0 0
0 0 584 3.2296 1.37297 0.254713 -0.227917 0 0
0 0 585 0.567368 -1.38332 1.85328 -1.56203 0 0
0 0 586 1.2892 0.358961 -0.692257 1.15085 0 0
0 0 587 2.44781 -1.09272 0.250537 1.98536 0 0
0 0 588 -0.609524 -0.204657 2.47007 -0.32568 0 0
0 0 589 1.86085 1.19425 -0.336543 -0.0192069 0 0
0 0 590 1.37907 0.398984 -0.804212 1.89402 0 0
0 0 591 -0.571101 -0.374915 -0.0399264 0.344282 0 0
0 0 592 -0.026437 1.59111 0.546197 -0.776782 0 0
0 0 593 -1.33273 0.550353 -0.760864 0.89701 0 0
0 0 594 0.157893 0.00201276 0.430143 -0.143681 0 0
0 0 595 -0.05339 -0.0424907 0.295761 0.0591244 0 0
0 0 596 -2.2792 1.10597 2.04433 2.28759 0 0
0 0 597 0.916193 1.5736 0.402918 1.98801 0 0
0 0 598 0.391868 -0.265063 1.19465 1.93522 0 0
0 0 599 -0.821921 -0.0677425 -0.299857 1.17057 0 0
0 0 600 1.10291 -0.313345 0.809828 1.88067 0 0
0 0 601 0.767415 1.08992 -0.467375 -0.351041 0 0
0 0 602 -0.20306 1.48269 -0.707571 2.04724 0 0
0 0 603 -0.423423 0.579277 0.868119 1.14334 0 0
0 0 604 0.251478 -0.450519 1.15855 1.49255 0 0
0 0 605 -0.881746 -2.17482 -0.893162 -0.783372 0 0
0 0 606 0.330823 -0.930858 1.4062 1.39532 0 0
0 0 607 -0.473426 0.689986 0.0205015 1.69053 0 0
0 0 608 -0.131502 -2.99443 -0.0274098 -3.36083 0 0
0 0 609 -0.986716 -0.363618 -0.183389 -0.0143598 0 0
0 0 610 -1.90336 -1.25741 0.783859 -0.638615 0 0
0 0 611 1.70079 0.404589 -1.10042 -0.949117 0 0
0 0 612 1.8483 1.17248 1.24314 2.0009 0 0
0 0 613 0.481482 0.855945 2.50464 -0.483896 0 0
0 0 614 1.36375 -2.13523 -1.65761 0.296583 0 0
0 0 615 1.20069 2.42842 -0.20728 0.775861 0 0
0 0 616 0.56777 0.193067 -0.814451 0.511594 0 0
0 0 617 -0.630691 0.216122 0.434837 -2.21006 0 0
0 0 618 -0.683293 -1.29011 -0.926937 -1.61383 0 0
0 0 619 -0.109972 2.09889 0.6722 -0.365035 0 0
0 0 620 0.27975 1.79169 0.808764 0.310586 0 0
0 0 621 -2.72107 0.180667 0.715442 -0.165594 0 0
0 0 622 1.2681 -0.0823125 -1.08367 -0.331839 0 0
0 0 623 0.852265 1.28037 -1.13221 -0.946341 0 0
0 0 624 -0.511725 0.0243103 2.38642 -2.33346 0 0
0 0 625 1.93364 0.139098 0.588335 -0.945449 0 0
0 0 626 -1.61875 -0.319588 -0.068126 2.08812 0 0
0 0 627 2.4746 -0.667671 -0.554434 -1.85294 0 0
0 0 628 0.839558 0.323572 0.130648 -1.47267 0 0
0 0 629 0.61828 -0.854302 -0.494872 0.869789 0 0
0 0 630 -1.76602 0.352108 2.14146 0.647728 0 0
0 0 631 3.30954 -0.347002 0.0823009 1.25521 0 0
0 0 632 -0.232375 0.633525 1.70671 -0.425669 0 0
0 0 633 -0.523131 0.627821 -0.840029 -0.123298 0 0
0 0 634 0.610971 1.42692 -2.22326 -1.32501 0 0
0 0 635 1.33099 -0.786795 -1.10334 2.08393 0 0
0 0 636 0.106182 0.0293696 0.579205 0.606613 0 0
0 0 637 -0.0619264 -1.90068 0.8296 -2.22588 0 0
0 0 638 0.545041 1.74668 -1.39884 -0.0542345 0 0
0 0 639 -1.30026 0.0722091 0.0760693 2.24277 0 0
0 0 640 -0.0637995 1.07043 -0.36789 2.74282 0 0
0 0 641 0.474035 0.258393 0.846385 -1.45413 0 0
0 0 642 2.33601 1.71945 -0.801137 -0.372299 0 0
0 0 643 -1.63834 0.374411 -0.40528 -0.882367 0 0
0 0 644 -1.73978 -0.923331 -0.381698 0.340291 0 0
0 0 645 -1.13822 -0.450666 -0.0556535 0.862818 0 0
0 0 646 0.848511 0.584634 -0.427794 -0.908074 0 0
0 0 647 -0.0910553 -1.88988 0.259229 1.23827 0 0
0 0 648 -0.172247 0.448706 0.113778 1.44946 0 0
0 0 649 -0.217984 1.04796 -0.353918 0.331944 0 0
0 0 650 0.14787 -0.168559 -1.29793 -1.26514 0 0
0 0 651 1.43849 -0.0592374 -0.216675 0.478167 0 0
0 0 652 1.96478 0.0550764 1.01205 1.13234 0 0
0 0 653 -1.90755 0.724495 0.255985 0.158897 0 0
0 0 654 -0.479094 -0.13215 1.02108 1.80741 0 0
0 0 655 0.548597 -0.358303 0.498441 -0.47468 0 0
0 0 656 -0.369577 -0.890383 -1.54214 -0.538732 0 0
0 0 657 2.13699 -0.869141 -0.820773 0.898842 0 0
0 0 658 3.32933 1.08197 -0.721922 -1.1525 0 0
0 0 659 0.642329 0.110432 1.24744 -2.29682 0 0
0 0 660 -0.269129 0.63626 -1.8518 -0.210562 0 0
0 0 661 0.664347 0.00905514 -0.952496 0.905959 0 0
0 0 662 0.869271 -0.806008 -0.596633 -0.785238 0 0
0 0 663 -0.106204 -0.205205 -1.11313 0.0902458 0 0
0 0 664 -1.26357 0.184727 0.424662 -0.583405 0 0
0 0 665 -0.811068 -0.100854 1.94359 -1.5539 0 0
0 0 666 -1.25744 -0.813352 -0.7785 -0.351754 0 0
0 0 667 -0.578888 -0.421298 1.65238 -1.61683 0 0
0 0 668 1.9055 0.36806 -1.25095 0.499808 0 0
0 0 669 1.59219 -0.273496 -1.44107 0.409297 0 0
0 0 670 1.10433 1.67721 0.588287 1.53113 0 0
0 0 671 0.713451 -0.979762 -0.125316 -0.686585 0 0
0 0 672 0.4617 -0.000549957 0.868248 -1.70303 0 0
0 0 673 -2.18568 -1.56866 1.03037 -0.514494 0 0
0 0 674 0.775738 -0.515971 0.824799 -0.205549 0 0
0 0 675 -0.51922 0.115565 0.699092 0.176238 0 0
0 0 676 0.224797 -0.875111 -3.18579 0.644077 0 0
0 0 677 -0.651928 -1.18632 -0.953543 -1.29894 0 0
0 0 678 1.69992 0.216789 -0.134691 1.83553 0 0
0 0 679 0.109677 0.171515 -1.84028 0.519555 0 0
0 0 680 0.0545737 0.864155 0.274318 0.868261 0 0
0 0 681 0.532877 -1.57041 0.739429 0.0323345 0 0
0 0 682 0.982212 -0.0230852 -0.904761 1.45057 0 0
0 0 683 0.349883 1.15968 1.37221 -1.25917 0 0
0 0 684 0.709031 -0.829601 -0.402932 -0.0132882 0 0
0 0 685 0.744705 0.558281 0.44232 1.11697 0 0
0 0 686 -1.27027 -2.27551 -0.0439563 0.063588 0 0
0 0 687 1.42329 0.442786 -0.612414 -0.98117 0 0
0 0 688 -3.05397 -0.72943 -2.42693 -0.0134916 0 0
0 0 689 -0.790612 0.923728 2.04186 0.958322 0 0
0 0 690 -0.452629 1.82191 -1.41607 -0.886176 0 0
0 0 691 2.66945 0.620744 0.599926 0.105898 0 0
0 0 692 -0.148056 0.486427 -1.02365 2.2955 0 0
0 0 693 0.303559 1.4318 1.67528 0.538503 0 0
0 0 694 1.57208 -1.53867 -0.580348 0.253934 0 0
0 0 695 0.913743 0.986168 -0.407726 0.259102 0 0
0 0 696 -0.0292202 -0.487815 -0.316919 0.0109157 0 0
0 0 697 -0.259881 0.451236 -0.14998 2.86048 0 0
0 0 698 0.494762 0.754254 -0.128814 -1.24601 0 0
0 0 699 0.613564 -0.464394 0.87929 -0.123216 0 0
0 0 700 1.00107 1.25406 0.969664 -0.897488 0 0
0 0 701 -0.222753 -0.409867 -1.12972 0.660047 0 0
0 0 702 0.0871332 0.491277 -0.074845 -0.404643 0 0
0 0 703 1.53691 1.64559 -0.710166 0.849137 0 0
0 0 704 1.13787 0.769897 -0.246913 0.172644 0 0
0 0 705 0.852256 -0.0704014 -0.196404 -0.633425 0 0
0 0 706 2.08161 1.3301 -1.17378 1.02555 0 0
0 0 707 0.520288 0.922648 -0.506777 -0.118377 0 0
0 0 708 -1.39814 -0.457175 -0.647274 -0.223495 0 0
0 0 709 -1.54188 -1.79714 0.101273 -0.771978 0 0
0 0 710 1.81628 1.01491 -0.402523 -0.0807511 0 0
0 0 711 0.7107 0.448448 -0.176847 0.626613 0 0
0 0 712 1.38063 1.1501 1.41427 -1.02669 0 0
0 0 713 -0.637507 0.617855 -0.122694 -2.47036 0 0
0 0 714 -0.247792 -0.700213 -1.92949 2.02944 0 0
0 0 715 -0.76612 0.704287 0.42928 -0.448866 0 0
0 0 716 -0.870942 0.35634 0.938419 1.69958 0 0
0 0 717 0.507297 0.958152 0.632965 -1.53441 0 0
0 0 718 1.92476 1.9647 -0.881671 1.79393 0 0
0 0 719 -0.00384261 -0.00550025 -0.196235 -1.90192 0 0
0 0 720 1.18371 -0.268474 0.265242 -0.0986314 0 0
0 0 721 -1.43286 0.24813 0.81498 -0.791932 0 0
0 0 722 0.318961 1.6358 0.0401964 -0.431636 0 0
0 0 723 0.821522 1.33515 -0.830206 0.483264 0 0
0 0 724 1.27816 -0.0416898 1.48815 0.510036 0 0
0 0 725 0.255215 -1.38471 1.4821 -0.79585 0 0
0 0 726 1.30559 0.92979 0.319769 2.01717 0 0
0 0 727 1.39194 -0.678757 0.779154 0.793274 0 0
0 0 728 0.354039 -0.0407561 -1.3399 0.916167 0 0
0 0 729 0.962082 0.205396 -1.01527 -0.506132 0 0
0 0 730 0.673165 -1.34689 -0.0242327 -1.65847 0 0
0 0 731 1.36183 -0.177146 0.0306122 -1.00707 0 0
0 0 732 -0.772461 0.104562 1.18622 -0.374479 0 0
0 0 733 1.94037 0.969103 1.29571 0.790232 0 0
0 0 734 -0.610501 1.8284 0.442276 -0.274416 0 0
0 0 735 0.726595 0.228881 0.707586 -1.90253 0 0
0 0 736 -1.82907 -0.595144 0.870031 -1.27649 0 0
0 0 737 -0.681978 0.961805 -0.335267 0.328147 0 0
0 0 738 -0.429198 1.57034 1.51265 1.92395 0 0
0 0 739 -1.54557 0.210884 0.524292 0.176407 0 0
0 0 740 -0.243343 -1.89621 0.748724 -0.968976 0 0
0 0 741 0.778695 -1.3783 0.107686 -0.315709 0 0
0 0 742 0.287606 -0.61231 -1.5338 0.851601 0 0
0 0 743 -0.87623 -0.895058 -0.292936 0.209205 0 0
0 0 744 0.0635991 -1.02801 -0.620296 -1.56429 0 0
0 0 745 0.376897 0.671764 1.49339 0.118824 0 0
0 0 746 1.58428 0.612631 -2.76973 -0.0237578 0 0
0 0 747 1.12098 1.86211 -0.162667 -0.676064 0 0
0 0 748 0.153323 -0.242028 -0.386733 -0.759322 0 0
0 0 749 -0.96294 -1.98366 0.733657 0.437921 0 0
0 0 750 0.183276 0.765092 0.556625 -1.85015 0 0
0 0 751 0.148934 -1.70263 -1.21073 -1.36195 0 0
0 0 752 -0.0965458 0.217895 -0.860031 3.18 0 0
0 0 753 1.17447 -0.102844 0.936751 -0.895052 0 0
0 0 754 0.280542 0.609377 -0.254505 0.285445 0 0
0 0 755 2.0798 -0.808406 0.800963 -1.74911 0 0
0 0 756 0.568038 -0.729853 -0.152051 1.37877 0 0
0 0 757 0.384307 0.722324 1.06964 -1.58427 0 0
0 0 758 1.97705 0.718034 -1.43777 1.04514 0 0
0 0 759 0.540085 0.413927 -0.894855 0.159497 0 0
0 0 760 1.56706 -0.259767 -0.012811 -0.467205 0 0
0 0 761 1.36808 0.150361 0.804815 0.492372 0 0
0 0 762 -1.12834 -2.02533 0.820476 -1.6457 0 0
0 0 763 0.761205 1.0335 -0.336985 1.45639 0 0
0 0 764 0.122569 -0.376325 -0.16804 -1.48204 0 0
0 0 765 0.0330759 -1.7384 1.08038 0.882126 0 0
0 0 766 -1.07528 -1.39435 0.367759 0.365764 0 0
0 0 767 1.58599 0.756063 -0.467928 -1.24372 0 0
0 0 768 1.19491 -0.796535 0.177312 -0.0144588 0 0
0 0 769 0.170299 1.23996 -0.948331 1.66647 0 0
0 0 770 -0.74688 0.328669 0.479465 -0.429811 0 0
0 0 771 1.22024 -0.178086 0.121555 -0.166258 0 0
0 0 772 -0.588837 -0.0519579 0.571766 -1.51715 0 0
0 0 773 -0.0966557 0.543659 1.07494 0.504167 0 0
0 0 774 0.239242 0.41604 -0.587593 1.20216 0 0
0 0 775 -0.43555 1.50443 1.61251 0.471521 0 0
0 0 776 -0.763672 1.41846 1.1111 -0.705541 0 0
0 0 777 1.79719 0.686811 -2.18111 1.5529 0 0
0 0 778 0.945689 -0.568147 1.28264 0.51468 0 0
0 0 779 -0.59455 0.652575 -0.971696 -0.364281 0 0
0 0 780 0.467065 -0.715758 0.847668 1.30286 0 0
0 0 781 1.7595 1.14413 0.942958 1.24389 0 0
0 0 782 1.85365 -1.24575 0.47072 -0.221552 0 0
0 0 783 0.407626 1.44661 3.35311 0.565449 33.3318 8.68729
0 0 784 -0.0480146 0.906634 0.90764 0.970642 0 0
0 0 785 0.734996 -0.486505 0.94997 0.835462 0 0
0 0 786 1.18382 -0.711459 -0.591085 0.371968 0 0
0 0 787 1.2245 -0.578041 0.272254 1.85169 0 0
0 0 788 0.731481 2.7098 0.265345 -1.40722 0 0
0 0 789 -0.692683 -0.942608 1.68093 0.71244 0 0
0 0 790 1.28924 -0.465562 -1.51695 1.19934 0 0
0 0 791 1.43848 -0.45526 -0.596363 -1.92092 0 0
0 0 792 0.998596 0.84208 1.04572 0.526154 0 0
0 0 793 -0.538822 -2.12122 -0.345764 0.674781 0 0
0 0 794 3.77947 0.373226 0.737589 -0.0268952 0 0
0 0 795 -0.327892 1.32548 0.217133 -0.392712 0 0
0 0 796 0.994119 1.77848 0.0124993 0.0361259 0 0
0 0 797 2.47908 0.491875 2.08287 -0.54945 0 0
0 0 798 0.634634 0.00739792 -0.908325 0.54007 0 0
0 0 799 -0.810788 0.559709 0.761888 0.293261 0 0
0 0 800 -0.150556 0.196751 2.26795 -0.11481 0 0
0 0 801 1.8913 0.342955 -0.40659 0.0674956 0 0
0 0 802 -0.915376 1.00175 -0.0699745 0.898933 0 0
0 0 803 -0.0308589 1.31827 -0.157915 -0.414793 0 0
0 0 804 0.604197 -1.70511 -0.135281 -0.736923 0 0
0 0 805 0.258281 1.50579 1.36809 0.937615 0 0
0 0 806 0.456454 -0.21501 -0.177591 -1.11069 0 0
0 0 807 -1.22186 0.920529 -1.22023 -1.31063 0 0
0 0 808 -2.56583 1.24066 0.0428386 -0.30778 0 0
0 0 809 0.158912 0.373624 0.687803 -0.120893 0 0
0 0 810 1.69564 0.67726 -0.394876 -0.365278 0 0
0 0 811 0.943916 -0.306327 -2.83368 -1.19984 0 0
0 0 812 -0.110077 -1.67937 -0.110313 0.49424 0 0
0 0 813 -0.589705 -0.780991 0.744429 -0.823911 0 0
0 0 814 0.836959 0.154604 0.966324 1.19376 0 0
0 0 815 0.7303 0.57509 1.16227 -2.78231 0 0
0 0 816 -1.08672 -1.52779 -1.3614 0.464324 0 0
0 0 817 0.550713 -0.0059627 0.135459 0.177629 0 0
0 0 818 -0.317035 1.81934 1.49984 2.3859 0 0
0 0 819 0.993486 0.513965 -0.0499145 0.0683298 0 0
0 0 820 0.210864 -0.588592 -0.138846 -1.80737 0 0
0 0 821 -0.389743 0.998081 -0.38243 -1.48414 0 0
0 0 822 0.00529857 -0.358871 0.867615 1.01295 0 0
0 0 823 1.48899 -0.0732762 0.967659 0.964113 0 0
0 0 824 -0.125852 -1.41768 -0.47837 0.0129872 0 0
0 0 825 2.00754 -1.43807 -1.2695 1.2186 0 0
0 0 826 -0.641616 -0.204084 0.917661 -3.46403 0 0
0 0 827 0.713918 1.11178 -0.972406 -0.963155 0 0
0 0 828 -0.299003 -1.93507 0.0639319 -0.0886937 0 0
0 0 829 -2.22613 -1.51021 0.438154 2.02331 0 0
0 0 830 -0.0888712 -1.40361 -1.05821 1.01962 0 0
0 0 831 1.17894 -0.652943 -0.287856 -1.04954 0 0
0 0 832 1.37944 -1.02085 0.91898 -0.379935 0 0
0 0 833 -0.0380567 0.0462359 -0.156666 -0.233248 0 0
0 0 834 0.251357 2.67716 0.265015 -0.391958 0 0
0 0 835 1.31717 -0.844767 -0.882232 -1.35137 0 0
0 0 836 -0.441489 -0.0725141 -1.2116 -1.07013 0 0
0 0 837 0.109385 1.15443 0.745751 0.63672 0 0
0 0 838 4.18947 0.600035 -0.0490518 0.0178576 0 0
0 0 839 -1.14046 0.329243 -0.122216 1.46976 0 0
0 0 840 -0.341863 0.00113398 -0.431481 -0.138988 0 0
0 0 841 1.7979 0.208847 -0.542537 0.824166 0 0
0 0 842 -0.135399 -0.328328 -0.0561343 -0.228287 0 0
0 0 843 0.858208 1.08369 -3.43114 -0.730018 -36.2359 8.89147
0 0 844 -1.04517 1.36943 1.12642 -1.43304 0 0
0 0 845 -0.865033 0.228448 1.01521 -0.0286522 0 0
0 0 846 -0.920627 0.527472 0.703668 0.308552 0 0
0 0 847 0.013489 -0.00741817 -1.36479 1.38051 0 0
0 0 848 0.129854 1.33265 -0.474142 0.952933 0 0
0 0 849 1.07143 -0.672242 1.66719 1.02848 0 0
0 0 850 0.193233 -0.513494 1.06265 0.132109 0 0
0 0 851 -0.751569 2.07663 1.12758 -0.738857 0 0
0 0 852 0.026644 0.199105 -0.878043 -1.4859 0 0
0 0 853 0.104597 -1.48909 -0.1163 -1.17748 0 0
0 0 854 1.09787 -1.14158 -1.17704 0.784192 0 0
0 0 855 1.45812 -0.936064 -1.18622 -0.842102 0 0
0 0 856 -0.895715 0.52318 -0.79199 0.449811 0 0
0 0 857 -0.223102 0.30572 -0.0606568 -1.94656 0 0
0 0 858 1.31622 -0.582103 1.19331 -0.173742 0 0
0 0 859 2.46576 -0.242701 -2.92915 0.345461 0 0
0 0 860 1.02294 -0.149257 -0.445958 -0.902506 0 0
0 0 861 1.81853 -0.645032 -1.18011 -0.6484 0 0
0 0 862 0.771169 3.01131 -0.327899 -0.619133 0 0
0 0 863 0.387882 0.669703 -0.194118 -0.402147 0 0
0 0 864 1.95917 1.09481 -1.73986 -0.311049 0 0
0 0 865 1.56837 0.977628 -2.08626 -0.320976 0 0
0 0 866 1.80089 0.616692 -2.98924 0.432715 0 0
0 0 867 1.79394 1.22628 -4.33303 2.36009 -37.099 7.11941
0 0 868 4.62979 1.21021 -3.32999 -1.67714 -35.0137 9.00014
0 0 869 3.63555 0.110169 -2.35126 0.455427 0 0
0 0 870 5.49938 1.24413 -3.23602 1.13664 0 0
0 0 871 5.2481 1.90674 -3.61998 0.151069 -31.1115 7.69367
0 0 872 5.5278 2.78849 -4.65519 0.344184 -29.539 5.7653
0 0 873 5.16518 0.483657 -5.17437 0.671214 -42.33 6.21967
0 0 874 5.27149 2.4451 -4.8927 2.36257 -31.7233 5.76809
0 0 875 8.25469 1.40703 -5.53972 1.39738 -37.8744 5.61878
0 0 876 5.62503 2.25559 -6.5286 0.582005 -35.4702 4.62252
0 0 877 8.37877 2.14791 -6.9402 -0.42192 -36.4017 4.40561
0 0 878 9.44431 1.80076 -6.29494 0.301974 -37.018 4.89568
0 0 879 8.67932 2.54896 -7.6486 -1.50493 -35.7845 3.9637
0 0 880 7.46865 1.45736 -7.59853 -1.03655 -39.5714 4.16384
0 0 881 9.18093 1.15821 -7.31421 -0.720739 -40.5009 4.3563
0 0 882 8.41773 2.81403 -5.33558 0.702001 -31.0962 5.21809
0 0 883 8.95978 2.5332 -4.35127 0.258724 -29.8965 6.22257
0 0 884 9.28618 -0.178745 -6.87382 -2.1189 -45.7448 4.70541
0 0 885 8.62856 0.965469 -6.94777 -0.125528 -41.0444 4.60216
0 0 886 7.32732 1.99335 -7.59706 0.577916 -37.6489 4.0869
0 0 887 6.80835 2.05783 -5.5254 -0.374606 -34.7865 5.40478
0 0 888 7.58052 1.36451 -5.76276 -1.61116 -38.3394 5.42797
0 0 889 7.20084 2.83227 -5.64488 0.778654 -31.6776 4.99466
0 0 890 8.11623 1.8569 -6.54465 -1.62132 -37.0799 4.71246
0 0 891 7.45687 2.30485 -6.28643 1.18521 -34.9326 4.76145
0 0 892 5.83365 1.06395 -7.14424 -0.150599 -40.7648 4.46779
0 0 893 6.77694 0.0776334 -5.82656 -3.12438 -44.6183 5.55288
0 0 894 4.97562 0.88512 -6.78879 -1.77672 -41.2859 4.71658
0 0 895 7.84562 1.37598 -5.15195 0.729529 -37.5232 6.01791
0 0 896 7.97556 -1.16392 -5.95587 0.295722 -50.5288 5.30779
0 0 897 7.17061 0.371293 -6.32443 -1.1166 -43.3201 5.10535
0 0 898 5.71051 0.279359 -6.01579 3.2745 -43.6706 5.37159
0 0 899 7.28646 1.44556 -4.48525 -0.921902 -36.0682 6.78622
0 0 900 5.29931 1.85527 -7.23507 0.760946 -37.8089 4.29906
0 0 901 5.8102 2.58917 -5.98456 -1.51561 -33.3023 4.86481
0 0 902 4.61909 0.958524 -5.53334 0.857499 -40.0862 5.74121
0 0 903 5.78061 1.30601 -5.33782 -2.06196 -38.1257 5.84709
0 0 904 6.79326 0.471634 -4.91802 2.35552 -42.2611 6.54201
0 0 905 7.48661 0.999812 -7.20379 0.361748 -41.0492 4.43873
0 0 906 5.95612 3.11375 -4.29484 -1.32892 -27.029 5.83449
0 0 907 3.07041 0.994209 -4.29185 -0.264539 -38.4787 7.29853
0 0 908 5.31938 0.468803 -4.24088 -0.640793 -41.846 7.57246
0 0 909 8.27159 -1.01314 -4.13449 1.40377 -51.8844 7.54806
0 0 910 6.53757 1.69428 -5.70368 -1.01575 -36.7279 5.38356
0 0 911 6.7031 2.29157 -4.85546 1.79746 -32.3673 5.88961
0 0 912 7.23037 0.328959 -7.07325 -0.238708 -43.6686 4.56851
0 0 913 8.45981 0.800676 -8.15955 0.11048 -42.1978 3.94203
0 0 914 9.09517 0.137173 -8.32522 -0.673356 -44.528 3.88606
0 0 915 8.41457 0.956542 -7.77101 0.442175 -41.4913 4.12509
0 0 916 10.1472 1.11757 -10.874 0.934866 -42.066 2.95629
0 0 917 11.1294 0.646726 -10.336 2.27009 -43.2098 3.12297
0 0 918 10.6507 1.16425 -8.72914 0.186283 -41.2015 3.66639
0 0 919 9.77037 1.30851 -8.48247 -0.409422 -40.6153 3.75923
0 0 920 9.65646 -0.582607 -10.3011 1.26361 -46.6185 3.13494
0 0 921 12.9605 -0.614983 -10.8523 -0.32065 -46.6217 2.97571
0 0 922 14.0251 1.03679 -11.3146 -0.625277 -42.3822 2.84497
0 0 923 11.2504 -0.0161891 -11.369 0.825476 -45.0408 2.84613
0 0 924 12.5682 0.965863 -13.9719 -0.449108 -43.0227 2.30905
0 0 925 15.1586 -0.792174 -12.9754 0.464898 -46.7468 2.48801
0 0 926 17.0605 0.90913 -13.5144 -0.506673 -43.0757 2.38758
0 0 927 15.6266 3.01707 -13.3584 -1.28207 -38.6365 2.34857
0 0 928 18.7943 -0.859404 -16.1188 0.0218137 -46.526 2.00391
0 0 929 19.9736 1.92813 -15.9452 -1.80791 -41.5526 2.01105
0 0 930 19.1581 -0.966704 -16.4817 -0.424095 -46.6784 1.95905
0 0 931 20.3538 0.0801744 -16.876 1.19263 -44.8639 1.91735
0 0 932 18.997 0.0568972 -14.2435 0.815475 -44.8856 2.27173
0 0 933 17.6787 -1.73739 -14.7997 -1.00143 -48.3478 2.16782
0 0 934 17.5011 0.208431 -14.4167 1.16576 -44.5858 2.24417
0 0 935 20.7052 0.184122 -16.0419 0.268762 -44.6712 2.01691
0 0 936 17.9695 0.0977602 -14.0048 1.61482 -44.8 2.31041
0 0 937 19.7904 0.012579 -15.0818 -1.06906 -44.9761 2.14548
0 0 938 19.5494 -0.377607 -13.8403 -2.57717 -45.7814 2.33685
0 0 939 20.0722 0.833521 -14.854 0.35289 -43.3941 2.17413
0 0 940 22.435 -1.61662 -14.6205 1.72727 -48.1548 2.19649
0 0 941 25.1649 -0.982465 -14.5457 -0.129094 -46.932 2.21825
0 0 942 24.171 -1.14272 -14.6865 -1.10383 -47.2245 2.19496
0 0 943 25.0947 -2.1269 -11.4263 1.08553 -50.2722 2.77252
0 0 944 27.8155 -0.373266 -12.3314 0.255614 -45.8669 2.62252
0 0 945 29.65 -2.50312 -11.6987 0.886896 -51.0386 2.69005
0 0 946 31.9203 0.634755 -10.6092 -3.1302 -43.288 3.04319
0 0 947 36.8898 0.0621033 -10.5982 1.45291 -44.8321 3.05309
0 0 948 39.9858 0.146095 -10.8548 -0.262381 -44.6144 2.98063
0 0 949 42.6844 0.929268 -7.74699 1.02611 -41.58 4.13982
0 0 950 49.8882 0.0993729 -5.29164 -0.282553 -44.4621 6.11354
0 0 951 57.4935 0.770853 -1.64624 1.42713 0 0
0 0 952 63.1555 -0.543205 0.935828 1.24285 0 0
0 0 953 72.9253 2.33581 7.65061 0.758809 36.511 4.0023
0 0 954 84.5788 3.10669 15.808 2.07243 39.4408 1.99926
0 0 955 94.0736 4.35058 21.2311 0.967107 39.2098 1.4856
0 0 956 107.938 4.48006 27.7136 1.60495 40.4086 1.14899
0 0 957 125.025 7.84492 34.8665 0.655288 38.6598 0.900011
0 0 958 135.787 12.6276 42.6725 2.68667 36.7577 0.71985
0 0 959 146.45 15.0348 49.2653 1.3341 36.5144 0.621561
0 0 960 154.87 15.5433 57.827 2.35109 37.4776 0.535867
0 0 961 164.227 16.4919 61.5247 1.68771 37.4972 0.503776
0 0 962 169.01 20.1963 63.5947 1.74504 36.1906 0.479428
0 0 963 171.051 19.0474 66.5614 0.43871 37.0154 0.462986
0 0 964 171.43 20.781 65.3826 1.08509 36.1839 0.466276
0 0 965 167.93 19.8162 62.3051 0.236725 36.1783 0.48927
0 0 966 164.323 19.305 59.5405 -0.862718 36.0178 0.510856
0 0 967 159.78 18.3239 55.8866 1.51292 35.9234 0.543539
0 0 968 153.009 16.7354 50.975 1.69032 35.9123 0.595817
0 0 969 146.949 14.9324 43.4671 0.982491 35.5204 0.694799
0 0 970 138.411 12.7233 40.2795 1.19863 36.235 0.757395
0 0 971 131.68 10.7022 34.9792 -0.865928 36.494 0.875182
0 0 972 123.799 11.3407 30.2954 -0.4035 34.7386 0.984992
0 0 973 118.546 9.98001 27.1291 1.26271 34.9015 1.1028
0 0 974 110.892 8.20175 21.898 0.774979 34.7334 1.36261
0 0 975 106.48 5.38932 18.142 0.0288289 36.7276 1.69253
0 0 976 98.6361 6.50315 17.4366 -0.391417 34.7733 1.71233
0 0 977 94.5058 5.05198 13.5329 0.15673 34.7645 2.20596
0 0 978 90.0716 3.34161 10.3461 1.13779 36.0502 2.94123
0 0 979 86.6295 2.05349 8.16224 -0.576861 37.9392 3.81616
0 0 980 83.2823 3.00231 9.05428 -1.20394 35.8275 3.35039
0 0 981 76.7969 1.08808 5.07921 -1.74817 38.9544 6.19546
0 0 982 76.2328 2.72075 4.1191 1.17351 28.2772 6.30416
0 0 983 70.3917 1.47165 5.0282 0.97079 36.8432 6.11571
0 0 984 68.1984 -0.581612 3.56726 -1.21808 49.6301 8.92389
0 0 985 66.867 1.59105 1.33658 -3.67808 0 0
0 0 986 63.4709 0.259638 -0.0881049 -0.0185335 0 0
0 0 987 60.7052 2.95054 1.20861 -1.45824 0 0
0 0 988 60.1672 0.552164 -2.30068 0.262993 0 0
0 0 989 59.7489 -2.33232 -1.74392 -2.78873 0 0
0 0 990 56.5271 0.284641 -0.338607 -2.67672 0 0
0 0 991 52.499 -1.71331 -2.53703 -1.86586 0 0
0 0 992 52.6446 -1.49822 -1.38671 -3.40646 0 0
0 0 993 50.0376 -2.69896 -1.67984 -3.84357 0 0
0 0 994 48.7913 -1.21483 -2.96781 -2.89497 0 0
0 0 995 43.5593 -3.06389 -3.26169 -3.60546 -66.6045 6.79941
0 0 996 45.478 -1.70932 -0.831016 -5.18889 0 0
0 0 997 42.0231 -4.08849 0.0694473 -2.01731 89.5134 6.86749
0 0 998 39.9548 -1.42335 0.151235 -3.28838 0 0
0 0 999 39.6065 -1.72268 -3.8854 -3.75096 -56.9556 7.45728
0 0 1000 35.6132 -3.8528 -2.88747 -3.46957 -71.5752 6.16646
0 0 1001 36.9961 -3.91567 -1.42848 -4.45712 -79.9787 6.86548
0 0 1002 32.2564 -3.18364 0.373972 -3.09502 0 0
0 0 1003 29.9365 -1.97815 -0.893499 -3.33078 0 0
0 0 1004 27.7858 -3.05289 0.380104 -3.033 0 0
0 0 1005 29.6747 -2.3749 -2.35665 -2.59031 0 0
0 0 1006 25.5982 -4.37645 -2.76998 -2.67669 -73.8346 5.67006
0 0 1007 27.2823 -5.57381 -0.953107 -3.51214 -85.1482 4.98892
0 0 1008 24.4508 -3.11341 -0.946009 -2.1961 0 0
0 0 1009 23.8818 -4.46126 -0.400708 -2.06661 -87.4337 6.27726
0 0 1010 20.1068 -3.97154 -0.184346 -2.90296 -88.6712 7.0653
0 0 1011 18.7311 -1.99984 -0.305172 -3.04416 0 0
0 0 1012 18.6609 -3.58896 -0.505594 -3.7539 -85.9906 7.77227
0 0 1013 18.0049 -4.03022 -0.672755 -1.62315 -85.2616 6.90284
0 0 1014 15.5546 -2.78284 -1.97311 -2.23662 0 0
0 0 1015 16.7409 -2.94071 -0.627851 -2.56949 0 0
0 0 1016 13.1431 -4.56552 -2.08864 -2.3968 -77.7084 5.74953
0 0 1017 12.9879 -1.88777 -1.20026 -2.01955 0 0
0 0 1018 13.1758 -3.36936 -0.968965 -3.51867 -81.9779 8.1091
0 0 1019 11.522 -3.4183 -1.20074 -1.96302 -80.3226 7.88878
0 0 1020 12.6848 -2.36253 -2.14504 -1.30928 0 0
0 0 1021 10.5719 -4.40339 -2.04376 -2.97135 -77.5512 5.95002
0 0 1022 11.4715 -2.13145 -1.47958 0.232942 0 0
0 0 1023 10.3405 -3.18007 0.313811 -2.60971 0 0
