# File: uwl_221107_061854_Combined.rf.sbE2.RMC_aux Src: J1713+0747 Nsub: 1 Nch: 1 Npol: 4 Nbin: 1024 RMS: 1.37629
0 0 0 6.04446 -1.48131 0.810811 -0.636219 0 0
0 0 1 6.8862 2.21749 -0.47566 -1.5233 0 0
0 0 2 7.28967 -0.754627 -1.17192 -1.30231 0 0
0 0 3 6.30339 0.596236 1.52676 0.976682 0 0
0 0 4 6.58333 -2.78513 0.264999 0.0638915 0 0
0 0 5 8.76711 0.654553 -1.80745 -2.10949 0 0
0 0 6 5.52031 1.02036 -0.0902321 1.20038 0 0
0 0 7 8.79888 2.23478 -0.967635 -0.269247 0 0
0 0 8 5.44286 -0.21469 -0.447944 0.387717 0 0
0 0 9 3.88657 1.43825 0.0272992 0.434855 0 0
0 0 10 3.86797 0.277415 -1.80673 0.811628 0 0
0 0 11 7.06158 1.44838 -1.88554 -0.0862298 0 0
0 0 12 4.61675 -2.06862 0.105173 1.8859 0 0
0 0 13 6.1587 -0.116847 -1.18271 2.85056 0 0
0 0 14 2.16528 0.54763 0.322004 0.187945 0 0
0 0 15 7.05359 0.421011 -0.785383 -1.45537 0 0
0 0 16 4.97226 -0.129737 -1.99347 -2.11403 0 0
0 0 17 8.2635 0.325428 -1.26627 -0.154773 0 0
0 0 18 5.63107 -1.07402 0.916007 1.67331 0 0
0 0 19 4.98556 -2.61866 -0.24839 1.29151 0 0
0 0 20 3.85031 0.072929 0.121007 1.70055 0 0
0 0 21 7.35495 -1.16201 1.78844 0.934716 0 0
0 0 22 2.04891 0.197376 0.631602 -2.19388 0 0
0 0 23 4.98896 0.529333 1.1083 0.380033 0 0
0 0 24 6.14081 1.35062 0.624315 -0.529953 0 0
0 0 25 6.55927 0.283083 0.517525 -2.2062 0 0
0 0 26 6.48892 0.129997 0.999421 1.17233 0 0
0 0 27 4.11692 -1.6251 1.67085 0.875763 0 0
0 0 28 5.83296 2.49058 2.94506 1.19843 0 0
0 0 29 6.35981 0.653482 -0.0798407 1.43076 0 0
0 0 30 5.53139 1.56507 -1.9136 0.459676 0 0
0 0 31 8.12999 -0.111976 0.750799 -3.14309 0 0
0 0 32 7.35557 -1.28491 0.856089 1.84999 0 0
0 0 33 2.82723 0.67656 1.71179 -0.453641 0 0
0 0 34 6.30125 1.4124 2.30887 0.625284 0 0
0 0 35 4.16953 -0.278126 1.19446 3.33418 0 0
0 0 36 4.41323 -0.835123 2.26371 1.267 0 0
0 0 37 4.64689 0.507749 1.27026 -0.526915 0 0
0 0 38 4.95256 -0.153568 0.362068 3.8526 0 0
0 0 39 6.4805 -1.80096 1.75794 0.479795 0 0
0 0 40 9.47341 1.06425 0.769826 0.920585 0 0
0 0 41 6.23486 1.49093 2.58761 0.211798 0 0
0 0 42 5.63206 -2.5576 0.295005 -0.392484 0 0
0 0 43 7.32303 -0.704575 0.334464 0.509667 0 0
0 0 44 7.05102 -1.46651 1.39939 0.0309941 0 0
0 0 45 6.05604 0.100702 2.88134 -0.231895 0 0
0 0 46 3.70557 -0.175698 1.61411 0.687253 0 0
0 0 47 6.10041 -0.676468 3.00691 0.355291 0 0
0 0 48 4.84508 -1.18884 -0.263752 0.88429 0 0
0 0 49 6.08143 0.460227 0.668817 -1.46334 0 0
0 0 50 4.21317 0.669982 1.82688 0.133311 0 0
0 0 51 6.6965 1.3019 0.254425 1.55828 0 0
0 0 52 6.07009 1.15477 2.54646 0.202978 0 0
0 0 53 3.14907 -1.52087 -0.309202 -0.276063 0 0
0 0 54 4.01577 -1.55073 2.47168 1.7323 0 0
0 0 55 5.98145 -0.0968344 1.94949 0.696166 0 0
0 0 56 7.45652 0.133556 0.510038 -1.7173 0 0
0 0 57 6.70319 1.52634 1.2106 0.162306 0 0
0 0 58 3.34299 1.30242 -0.180041 -0.497571 0 0
0 0 59 5.75284 1.74228 1.85757 1.34497 0 0
0 0 60 7.24281 -1.70158 1.21836 -0.219355 0 0
0 0 61 5.31943 -0.466927 3.18455 1.1275 0 0
0 0 62 4.31609 0.578168 -0.185086 0.606871 0 0
0 0 63 3.64931 -0.237277 1.50585 1.1321 0 0
0 0 64 3.81154 0.985455 0.815479 -1.93538 0 0
0 0 65 6.16935 0.701241 0.527962 2.87529 0 0
0 0 66 5.49749 0.412069 0.649628 0.154211 0 0
0 0 67 4.65969 -0.396451 2.97108 0.0386845 0 0
0 0 68 2.18321 2.49017 -0.654543 0.889153 0 0
0 0 69 3.09096 -0.140003 0.149446 2.38984 0 0
0 0 70 5.21336 -1.3862 -1.01274 0.108003 0 0
0 0 71 4.7116 -0.0392959 0.994408 0.392601 0 0
0 0 72 4.98304 0.623095 0.198633 0.342024 0 0
0 0 73 6.20302 0.464995 -1.47871 -1.58208 0 0
0 0 74 5.47448 -0.0655797 1.19983 -1.21115 0 0
0 0 75 4.65882 0.743188 -1.51221 1.62627 0 0
0 0 76 4.49737 -0.391998 0.500302 0.718297 0 0
0 0 77 7.00981 1.52359 -1.51687 -0.542833 0 0
0 0 78 2.5238 -1.70764 -1.81389 2.10395 0 0
0 0 79 4.94675 -2.33316 1.82559 0.407053 0 0
0 0 80 3.30257 -1.47594 0.601969 -1.42894 0 0
0 0 81 3.97858 -0.324581 -0.0434907 1.04517 0 0
0 0 82 6.45381 -1.10796 0.853451 -0.482697 0 0
0 0 83 5.61084 -2.49516 -1.87597 -0.467194 0 0
0 0 84 2.53374 0.685362 -3.42831 1.13923 0 0
0 0 85 6.59979 -1.28639 -2.15142 -1.21074 0 0
0 0 86 3.01731 -2.93941 -0.230034 0.795842 0 0
0 0 87 7.08287 0.129676 -0.77899 0.16135 0 0
0 0 88 3.59093 -1.79974 0.930965 -0.551148 0 0
0 0 89 2.16894 -1.21054 0.0234836 -3.69884 0 0
0 0 90 1.93416 0.228603 -1.66972 1.38452 0 0
0 0 91 3.73445 2.20059 0.228323 -1.05714 0 0
0 0 92 2.73658 2.64567 -1.63458 0.447354 0 0
0 0 93 3.67854 0.462494 -1.76221 -1.65859 0 0
0 0 94 3.19523 0.358593 -0.946281 0.593944 0 0
0 0 95 3.35299 -1.40258 2.68401 -1.03898 0 0
0 0 96 2.70215 -1.7643 -1.21423 -0.00752109 0 0
0 0 97 4.29099 0.329819 0.718 0.46653 0 0
0 0 98 3.34228 1.50481 -0.17775 1.56902 0 0
0 0 99 5.13182 0.958879 -0.355704 -0.258292 0 0
0 0 100 3.56279 -1.61619 0.544737 1.76412 0 0
0 0 101 3.70193 0.157281 -1.26431 0.534715 0 0
0 0 102 3.4997 -0.519049 1.99026 0.748165 0 0
0 0 103 0.569469 0.372938 -1.00715 -0.438755 0 0
0 0 104 3.80837 -0.546575 -3.95857 1.19311 0 0
0 0 105 2.91956 0.638761 2.32951 1.00119 0 0
0 0 106 2.16397 0.19078 -0.284446 -0.472912 0 0
0 0 107 2.34046 -0.0791047 -0.864611 -0.307065 0 0
0 0 108 1.97747 -2.64448 -2.34774 1.29312 0 0
0 0 109 2.09895 0.322858 0.538174 1.62187 0 0
0 0 110 0.611509 -1.22315 -1.97636 -0.0178898 0 0
0 0 111 -0.361687 0.221565 -0.63903 -1.12639 0 0
0 0 112 1.63974 1.63664 0.519703 -0.455102 0 0
0 0 113 2.98436 -1.15644 -1.14885 1.32746 0 0
0 0 114 0.291387 -0.173655 -1.04356 4.66617 0 0
0 0 115 1.97579 1.08675 1.55059 -1.78086 0 0
0 0 116 0.693198 1.17457 -1.13352 -1.05687 0 0
0 0 117 -0.505744 1.78236 -0.2868 1.94337 0 0
0 0 118 0.350949 -1.58518 -0.070286 -0.565397 0 0
0 0 119 1.32115 0.332501 -0.652909 -0.228279 0 0
0 0 120 2.02017 0.393877 1.46266 1.11051 0 0
0 0 121 0.310157 1.67147 3.42303 0.144632 0 0
0 0 122 3.91555 0.688361 0.355022 0.895075 0 0
0 0 123 -0.0562236 -1.59803 2.05517 0.76653 0 0
0 0 124 -0.101551 0.881045 -1.49861 0.000654557 0 0
0 0 125 2.17639 0.492974 -0.719646 2.29451 0 0
0 0 126 0.246633 1.22503 2.464 -0.164564 0 0
0 0 127 2.21627 -0.532386 -1.67389 1.35685 0 0
0 0 128 1.08602 -1.75185 1.54999 -0.210214 0 0
0 0 129 0.729181 -0.639819 -0.686533 0.567317 0 0
0 0 130 -2.84123 1.74784 -0.952908 0.271054 0 0
0 0 131 -3.35487 -0.726833 1.75697 0.32543 0 0
0 0 132 0.710735 -0.529314 -0.814818 1.16432 0 0
0 0 133 -2.15581 1.86065 -1.12919 -2.49756 0 0
0 0 134 -1.01487 -0.89264 -1.65383 2.60521 0 0
0 0 135 2.79848 -2.96718 0.748549 0.571762 0 0
0 0 136 1.42345 -2.40383 -0.348313 -2.25371 0 0
0 0 137 2.18654 1.53418 -2.778 2.81933 0 0
0 0 138 -1.1684 -0.406412 0.597252 2.54484 0 0
0 0 139 -0.993905 -1.68575 0.794574 0.186417 0 0
0 0 140 0.450941 1.26876 3.34499 -0.192426 0 0
0 0 141 -0.177188 0.193654 0.0848153 0.803263 0 0
0 0 142 -1.06217 -0.146737 0.175663 2.17331 0 0
0 0 143 1.53881 -0.599837 -1.37805 -1.31193 0 0
0 0 144 -0.614535 -0.134748 1.12996 -0.776402 0 0
0 0 145 0.642109 0.783238 0.512819 -0.240054 0 0
0 0 146 -1.20902 0.373348 0.46007 -0.851177 0 0
0 0 147 2.5106 -1.10043 -1.63019 4.21073 0 0
0 0 148 1.68728 1.03673 -0.550155 -1.52551 0 0
0 0 149 -0.370783 -0.0592927 1.97739 -0.856594 0 0
0 0 150 -1.40535 -1.14972 1.14544 0.944222 0 0
0 0 151 -0.276033 -2.01217 -2.53244 0.567646 0 0
0 0 152 -3.0485 -1.43673 0.0169635 1.82734 0 0
0 0 153 0.0626434 -0.419261 -2.06849 -1.72477 0 0
0 0 154 1.07286 0.309323 0.704878 0.350663 0 0
0 0 155 -1.26119 -2.07204 -0.139085 1.84637 0 0
0 0 156 0.6783 1.33129 -0.335358 0.0594728 0 0
0 0 157 0.67285 0.95629 -0.889807 0.371574 0 0
0 0 158 -0.385927 3.51073 -1.23763 1.13151 0 0
0 0 159 0.353733 2.0772 1.84287 -2.14495 0 0
0 0 160 -0.856664 4.322 0.36062 0.584251 0 0
0 0 161 -0.363145 2.26967 1.25638 1.00055 0 0
0 0 162 0.0064525 1.03957 -1.22836 1.29935 0 0
0 0 163 -1.29906 -0.789493 -0.168905 0.754617 0 0
0 0 164 0.091404 -0.255792 1.65652 1.14095 0 0
0 0 165 1.59607 -1.42305 2.08242 0.918292 0 0
0 0 166 0.572115 -0.960412 2.56191 2.6887 0 0
0 0 167 -0.0288655 -1.5246 -1.93192 2.42876 0 0
0 0 168 -0.147959 -0.698554 0.309337 1.17605 0 0
0 0 169 2.87447 -1.20218 -1.74182 -0.295524 0 0
0 0 170 -0.436609 -0.0379117 0.0505647 -0.331286 0 0
0 0 171 -1.02459 0.300304 0.653636 2.6563 0 0
0 0 172 1.07364 2.60529 0.444916 2.48125 0 0
0 0 173 2.63787 0.752072 -1.17782 1.06869 0 0
0 0 174 -1.09178 0.664554 -0.69805 0.799988 0 0
0 0 175 1.08784 0.50282 -2.9063 2.95869 0 0
0 0 176 -2.38099 1.63059 0.57071 0.638682 0 0
0 0 177 1.40663 2.28501 3.32359 0.952813 0 0
0 0 178 0.886447 0.945863 -0.337509 0.449325 0 0
0 0 179 -0.155365 1.19286 0.55358 -3.19853 0 0
0 0 180 0.874203 0.969903 -0.717386 0.468783 0 0
0 0 181 3.13178 -0.0674343 1.04064 -1.07004 0 0
0 0 182 -0.275235 0.992774 1.48208 1.41355 0 0
0 0 183 -0.827901 -2.64135 1.85331 2.38276 0 0
0 0 184 -1.25739 0.049911 -0.891175 -0.423917 0 0
0 0 185 2.0544 1.42574 -1.17614 -1.42823 0 0
0 0 186 -1.06761 1.35235 1.5203 -2.30256 0 0
0 0 187 3.26381 1.2108 -0.133249 -0.830433 0 0
0 0 188 -2.19718 3.13247 -3.85904 1.94918 -25.4665 8.10932
0 0 189 -1.4247 -0.37307 1.75676 2.72381 0 0
0 0 190 -0.608727 0.56823 0.596507 2.34324 0 0
0 0 191 0.0372742 0.696443 1.20786 0.0534334 0 0
0 0 192 0.797153 -0.721787 -0.384993 -0.470875 0 0
0 0 193 2.07901 -0.455649 -1.6589 -0.219085 0 0
0 0 194 0.279561 -1.51531 2.6786 -0.449192 0 0
0 0 195 2.19139 -0.0728981 -0.838215 0.407669 0 0
0 0 196 1.44804 1.23747 -0.637613 -1.46925 0 0
0 0 197 1.07293 0.56376 -2.59874 -1.7771 0 0
0 0 198 3.23978 1.43503 0.785909 1.65673 0 0
0 0 199 1.85371 1.28457 -0.885606 -1.18849 0 0
0 0 200 -0.147353 2.86092 0.0704983 1.69031 0 0
0 0 201 1.96922 -0.637092 -0.778362 -0.895135 0 0
0 0 202 -0.966473 -0.671867 0.822244 0.888056 0 0
0 0 203 1.29886 0.769874 0.0579295 1.24869 0 0
0 0 204 1.08761 -2.4265 0.300575 0.692994 0 0
0 0 205 0.0951759 0.650162 0.248724 1.18003 0 0
0 0 206 0.113383 -0.942731 3.50277 0.550418 0 0
0 0 207 -1.65676 -1.06806 -0.980397 0.330204 0 0
0 0 208 0.509483 -0.676269 -1.20887 -0.741708 0 0
0 0 209 2.64486 -0.285337 -1.71679 -1.07451 0 0
0 0 210 -1.23307 1.22216 -2.06552 -1.04007 0 0
0 0 211 3.79339 -0.273046 -0.290313 -1.72549 0 0
0 0 212 0.58062 1.19579 -0.977715 0.59284 0 0
0 0 213 -1.55654 0.17229 1.64699 0.540846 0 0
0 0 214 0.075633 1.48595 1.08482 0.300713 0 0
0 0 215 0.362267 3.45803 -0.528175 -3.06996 0 0
0 0 216 0.843404 -1.04077 -1.33551 0.53056 0 0
0 0 217 0.420587 1.81482 1.19484 0.164114 0 0
0 0 218 2.37611 -0.128536 1.03801 1.22522 0 0
0 0 219 1.13017 0.593713 0.821376 0.86739 0 0
0 0 220 1.37933 -1.17849 -1.88041 0.762826 0 0
0 0 221 2.53196 0.117746 1.42805 -0.543477 0 0
0 0 222 0.581419 -1.03875 2.10132 -1.33701 0 0
0 0 223 2.73038 -0.447875 -0.290984 -0.148231 0 0
0 0 224 1.36264 0.795071 0.429031 -0.175923 0 0
0 0 225 1.14159 -1.47447 -2.20971 0.865371 0 0
0 0 226 -0.545781 0.0852848 2.02744 -1.75098 0 0
0 0 227 1.31973 0.0011915 1.19112 0.431142 0 0
0 0 228 0.510818 0.0140006 2.21672 -0.578386 0 0
0 0 229 5.3476 1.0685 0.770683 0.362282 0 0
0 0 230 1.55998 0.598191 -0.212775 -0.124067 0 0
0 0 231 1.58616 1.34282 -0.150401 -0.488257 0 0
0 0 232 0.848576 0.873342 -0.11433 1.06068 0 0
0 0 233 4.45112 -0.120693 0.0271491 2.10026 0 0
0 0 234 1.58825 -0.518173 -0.473766 1.87375 0 0
0 0 235 1.09881 0.877027 -0.817158 -0.433685 0 0
0 0 236 0.748864 0.0433252 -0.805747 -0.428743 0 0
0 0 237 0.376439 0.602822 -1.6934 1.14818 0 0
0 0 238 3.11717 1.85914 -0.39779 -0.662989 0 0
0 0 239 2.57582 -0.372474 0.331667 0.119189 0 0
0 0 240 2.64702 -1.91839 0.233279 2.58989 0 0
0 0 241 1.49789 -0.24672 1.45497 0.974397 0 0
0 0 242 4.51016 -1.31616 -1.31295 -0.965779 0 0
0 0 243 4.97131 -1.52971 0.271816 0.698636 0 0
0 0 244 4.81032 0.887442 0.897473 1.76893 0 0
0 0 245 2.46602 -0.769755 1.06038 -1.03451 0 0
0 0 246 0.965947 -0.963236 1.62864 2.13183 0 0
0 0 247 2.97872 -1.01647 -1.82733 -1.25052 0 0
0 0 248 2.22944 1.29447 0.472138 1.8694 0 0
0 0 249 2.5667 -2.24137 0.783683 1.99523 0 0
0 0 250 2.84655 -2.02737 3.9464 0.808963 0 0
0 0 251 3.42092 0.0738468 -1.57472 0.98688 0 0
0 0 252 4.04906 -0.25609 0.813339 -0.0462238 0 0
0 0 253 3.48002 -2.25572 -0.06266 1.49805 0 0
0 0 254 1.81221 1.14142 0.588724 -0.529804 0 0
0 0 255 3.41639 -0.844132 -2.33865 -1.73458 0 0
0 0 256 1.05954 -0.808147 1.51703 0.705317 0 0
0 0 257 2.96873 -0.198699 -3.28589 -2.82273 0 0
0 0 258 5.97437 -0.888138 -0.176501 -0.557236 0 0
0 0 259 4.57309 0.844047 -0.485905 0.582518 0 0
0 0 260 2.70077 0.465898 1.171 1.47437 0 0
0 0 261 4.37848 0.948832 0.486066 -0.151581 0 0
0 0 262 2.68801 0.961019 1.2013 3.35703 0 0
0 0 263 1.28712 1.94542 -0.964291 0.335892 0 0
0 0 264 2.78595 1.40995 -1.72198 -1.50488 0 0
0 0 265 2.43136 1.33029 1.36496 0.42995 0 0
0 0 266 4.23422 -0.35443 -0.64445 -1.67351 0 0
0 0 267 6.32677 -1.94628 0.132925 -0.757618 0 0
0 0 268 4.5245 -2.27651 -0.677607 -2.99924 0 0
0 0 269 3.68673 -0.294855 0.0102784 1.46109 0 0
0 0 270 2.54015 -1.14246 -0.761767 0.424448 0 0
0 0 271 4.86175 -0.442834 1.96969 -0.726019 0 0
0 0 272 3.88487 -0.201377 0.535456 1.18222 0 0
0 0 273 3.53207 -0.701702 0.23456 1.03306 0 0
0 0 274 4.54591 1.15562 -1.36916 -1.95707 0 0
0 0 275 5.52322 -1.78189 -0.163091 1.38447 0 0
0 0 276 2.38912 -1.04315 -0.773467 0.784629 0 0
0 0 277 4.41529 0.0621026 -0.854978 1.63343 0 0
0 0 278 2.00235 -2.01233 -0.475746 0.414136 0 0
0 0 279 3.87574 1.90363 0.755067 -1.06021 0 0
0 0 280 3.67619 0.335463 -0.749423 -1.41828 0 0
0 0 281 5.00784 0.0800815 0.271127 1.98981 0 0
0 0 282 2.16491 -1.69081 2.79998 -0.614181 0 0
0 0 283 6.84343 -1.13708 -0.157538 -0.620746 0 0
0 0 284 3.53402 2.00832 1.08203 1.45983 0 0
0 0 285 2.59729 0.0131865 0.303291 1.06641 0 0
0 0 286 3.00801 0.248936 -2.44947 -1.07129 0 0
0 0 287 5.69914 -1.53077 -0.142156 0.294553 0 0
0 0 288 3.63872 1.55585 1.45267 -0.614354 0 0
0 0 289 2.82418 -3.03055 1.34559 1.0974 0 0
0 0 290 6.42851 -0.975952 -0.0309718 1.61929 0 0
0 0 291 3.48038 -2.40526 -0.570557 0.249574 0 0
0 0 292 2.76155 0.46964 -0.302948 1.00377 0 0
0 0 293 1.72117 1.54629 -1.82119 -0.197769 0 0
0 0 294 1.16656 1.80865 0.0370114 2.12883 0 0
0 0 295 1.08174 -0.898415 0.558222 -0.894211 0 0
0 0 296 2.0634 0.39502 -2.74545 0.538518 0 0
0 0 297 2.35927 1.22329 -0.32466 -0.465215 0 0
0 0 298 0.995157 -0.385312 1.22995 0.294584 0 0
0 0 299 0.165887 -0.502446 1.02585 1.49786 0 0
0 0 300 2.75238 0.756935 2.1438 1.65641 0 0
0 0 301 2.16013 -0.070039 -1.07697 1.2371 0 0
0 0 302 2.27731 0.897709 -2.76948 -0.449939 0 0
0 0 303 1.69392 -1.61807 -0.120623 -0.27597 0 0
0 0 304 0.423107 0.07822 0.925385 -0.552517 0 0
0 0 305 1.22337 -0.475938 -1.7673 -0.259807 0 0
0 0 306 1.91118 -0.838384 0.212239 -0.255036 0 0
0 0 307 -0.438386 -0.818781 -0.449092 0.652324 0 0
0 0 308 1.44643 -1.13897 0.406954 0.761427 0 0
0 0 309 3.44798 0.828394 -0.640402 2.33238 0 0
0 0 310 1.79126 2.61609 0.0248275 1.97431 0 0
0 0 311 2.32593 -1.20593 2.1413 -2.57065 0 0
0 0 312 0.335572 0.338091 -0.870667 0.406003 0 0
0 0 313 -0.383707 1.01028 1.51046 -0.809599 0 0
0 0 314 -0.0599183 -1.83972 0.578097 -1.05516 0 0
0 0 315 2.97176 -0.37056 0.698497 -0.606372 0 0
0 0 316 3.5326 0.695898 0.4097 -0.157289 0 0
0 0 317 2.23293 -0.259767 -1.33701 0.595832 0 0
0 0 318 2.28353 0.0510954 0.827158 1.95033 0 0
0 0 319 1.81047 1.24091 0.639905 -0.109807 0 0
0 0 320 2.57617 2.65056 -1.14022 2.06067 0 0
0 0 321 5.05641 0.691322 -0.903744 -0.218415 0 0
0 0 322 2.05227 0.543138 0.658111 0.0988341 0 0
0 0 323 2.58757 1.74317 -1.43935 -0.984213 0 0
0 0 324 2.82659 -0.922365 1.76406 -1.75633 0 0
0 0 325 -0.101612 -0.0358665 1.35238 1.15854 0 0
0 0 326 1.43548 -0.223708 -0.78524 0.484328 0 0
0 0 327 0.626657 -3.54957 -0.437337 1.77442 0 0
0 0 328 1.41632 -2.13879 0.556169 1.10379 0 0
0 0 329 2.6349 2.48738 0.733655 -0.787305 0 0
0 0 330 1.95688 0.248812 -1.17792 0.401853 0 0
0 0 331 0.775655 1.32812 -0.950443 -2.60191 0 0
0 0 332 4.19177 0.521476 0.00966442 -2.47868 0 0
0 0 333 1.79034 0.0345994 -1.03648 1.66123 0 0
0 0 334 3.11265 1.1764 -0.883844 1.02902 0 0
0 0 335 2.10623 2.26268 0.319905 2.47131 0 0
0 0 336 -0.149306 1.4656 2.8602 1.60701 0 0
0 0 337 1.63201 1.24929 -2.96974 1.23791 0 0
0 0 338 2.44792 -1.84652 -1.19997 0.312758 0 0
0 0 339 1.83685 1.58218 1.89717 0.427534 0 0
0 0 340 0.581316 -0.105313 -0.421992 -0.0326317 0 0
0 0 341 2.60563 -0.433392 -2.0913 -1.36892 0 0
0 0 342 1.99777 1.53721 1.67182 0.968237 0 0
0 0 343 -0.339225 -0.219908 -2.29701 0.760604 0 0
0 0 344 1.57685 0.128859 -1.19299 0.266767 0 0
0 0 345 0.772313 -0.877925 -2.15587 0.319631 0 0
0 0 346 1.29843 2.26857 -0.143785 1.15988 0 0
0 0 347 3.46392 0.226197 0.248805 0.756636 0 0
0 0 348 3.42404 2.21271 -2.78507 -1.67614 0 0
0 0 349 2.12224 -0.582955 -3.12139 1.38561 0 0
0 0 350 2.72199 2.82807 -0.76103 3.11422 0 0
0 0 351 2.57866 0.491759 -1.16948 0.817984 0 0
0 0 352 0.298868 2.24556 0.449225 2.23713 0 0
0 0 353 0.395479 0.217874 -0.584598 -2.44066 0 0
0 0 354 3.32105 -1.45816 0.377877 -1.54923 0 0
0 0 355 0.734544 1.20897 -0.772655 2.58456 0 0
0 0 356 0.619708 1.70951 -0.126721 0.451749 0 0
0 0 357 1.31446 0.448286 0.211859 -1.83273 0 0
0 0 358 2.2481 0.198004 0.366601 0.469213 0 0
0 0 359 2.97038 -1.25974 2.9186 0.966931 0 0
0 0 360 2.58375 -3.9385 1.88962 -1.50493 0 0
0 0 361 1.52064 1.60555 0.99138 1.82922 0 0
0 0 362 4.13386 1.11814 -1.49144 2.01879 0 0
0 0 363 3.27324 2.93215 0.46982 0.119158 0 0
0 0 364 -0.193714 -0.732402 -2.23905 -1.4855 0 0
0 0 365 1.67607 -0.455207 -1.47729 0.80389 0 0
0 0 366 -0.543707 -0.15657 0.541742 -0.180016 0 0
0 0 367 2.71914 -2.02462 -0.204761 -0.975662 0 0
0 0 368 2.49124 0.187603 1.4369 -3.66767 0 0
0 0 369 -0.776411 1.61641 -0.435853 -0.980038 0 0
0 0 370 1.98822 -0.304647 1.34478 -2.19672 0 0
0 0 371 0.610898 -0.41851 -0.772021 -0.352361 0 0
0 0 372 1.99728 0.673926 0.999439 -0.751204 0 0
0 0 373 3.65355 0.111394 -1.16907 0.822338 0 0
0 0 374 1.73543 -0.243152 -1.33165 -0.243824 0 0
0 0 375 2.91673 0.93767 0.231219 -1.05493 0 0
0 0 376 0.435615 -1.90313 0.71516 -0.78115 0 0
0 0 377 2.59061 0.0123988 1.68756 -0.651192 0 0
0 0 378 2.05709 0.607949 -1.76975 -0.143083 0 0
0 0 379 0.812114 1.28257 1.53932 1.53347 0 0
0 0 380 2.12856 2.30205 -0.304584 -1.20072 0 0
0 0 381 2.7931 0.246766 -0.332932 -2.7832 0 0
0 0 382 3.29968 -0.955822 -0.938998 0.337883 0 0
0 0 383 1.8742 1.99917 2.7113 -2.62849 0 0
0 0 384 3.01405 0.222062 1.24798 2.13666 0 0
0 0 385 2.82753 -0.134079 -0.289993 -2.88885 0 0
0 0 386 2.87341 1.77156 -0.0665707 -1.91651 0 0
0 0 387 3.03058 1.09235 0.718225 -1.00991 0 0
0 0 388 -0.548899 -1.14776 -0.886636 -1.68058 0 0
0 0 389 0.214294 -0.232442 -0.437496 -0.454637 0 0
0 0 390 1.69939 2.70778 -0.969183 -0.256398 0 0
0 0 391 2.98023 -1.76938 -2.18683 -1.47799 0 0
0 0 392 1.5122 2.67 0.903294 2.57795 0 0
0 0 393 1.42573 -0.255604 -0.99238 -1.07937 0 0
0 0 394 0.681713 -2.19888 0.310576 0.235533 0 0
0 0 395 -1.3574 -0.69851 -2.55034 0.221812 0 0
0 0 396 0.596032 0.999428 -0.931266 0.491238 0 0
0 0 397 1.01191 0.993633 2.68838 1.47764 0 0
0 0 398 0.59604 0.995697 -2.10828 1.19689 0 0
0 0 399 1.43483 -0.998561 -0.137542 -0.418291 0 0
0 0 400 0.676751 3.9647 -0.693957 1.42484 0 0
0 0 401 1.48397 1.26919 -1.16273 -0.688752 0 0
0 0 402 1.48748 -0.0943312 0.64035 -1.01607 0 0
0 0 403 2.81871 -1.76673 2.95923 -0.514728 0 0
0 0 404 3.65802 -0.25733 1.57539 -0.0176745 0 0
0 0 405 2.48676 -1.43426 0.297681 -0.597687 0 0
0 0 406 1.5701 -1.76548 1.69718 1.97547 0 0
0 0 407 1.19025 0.424494 1.14511 0.374339 0 0
0 0 408 3.75396 -0.603468 -0.400705 1.47191 0 0
0 0 409 0.603189 -0.178856 -1.21489 1.23621 0 0
0 0 410 0.885366 -1.01414 -0.177312 -1.08822 0 0
0 0 411 2.43063 0.333897 -1.03679 -0.267304 0 0
0 0 412 2.21594 -0.131613 2.01393 0.172031 0 0
0 0 413 0.895716 0.758402 -1.51839 1.7868 0 0
0 0 414 1.53732 0.752369 -1.47468 -2.81205 0 0
0 0 415 -0.535035 -0.998074 -1.15236 5.52499 0 0
0 0 416 -0.172815 -0.627476 -1.2079 -1.85379 0 0
0 0 417 1.25239 1.38098 -0.0295534 1.1832 0 0
0 0 418 -0.346701 -1.56676 1.41507 1.96095 0 0
0 0 419 -0.225807 -1.40961 -1.83274 -0.214331 0 0
0 0 420 2.28697 -2.01448 -0.19369 -1.06181 0 0
0 0 421 -0.838492 1.91145 -0.528959 -0.173538 0 0
0 0 422 0.665181 2.78859 0.920104 0.783604 0 0
0 0 423 1.21133 1.94181 1.26801 -1.28925 0 0
0 0 424 -1.17004 1.58192 -0.609217 0.632769 0 0
0 0 425 1.68915 1.41201 -0.664587 0.0429564 0 0
0 0 426 0.747427 0.726759 -0.494602 -0.911434 0 0
0 0 427 -1.8069 0.292294 0.583843 1.02495 0 0
0 0 428 0.731621 0.0011532 -1.76278 -1.27276 0 0
0 0 429 1.93747 0.275674 -0.805168 1.51849 0 0
0 0 430 0.880235 0.315065 1.48647 -1.97348 0 0
0 0 431 2.00783 -0.056271 -0.610876 0.20777 0 0
0 0 432 3.29411 -1.23648 2.66202 -0.357898 0 0
0 0 433 -0.167964 3.12095 0.358917 -0.825873 0 0
0 0 434 0.31597 0.242227 1.99568 -1.30218 0 0
0 0 435 1.07855 0.955014 -0.920457 -0.0548484 0 0
0 0 436 -0.375075 0.092319 -1.68846 -0.382541 0 0
0 0 437 -0.740942 1.66843 -0.561811 0.815932 0 0
0 0 438 -0.729924 0.155277 0.283658 -0.115275 0 0
0 0 439 0.760821 -0.25189 -0.212049 1.69284 0 0
0 0 440 -1.05962 -1.69793 1.7411 -1.16487 0 0
0 0 441 0.512827 -2.0536 -0.861233 1.09263 0 0
0 0 442 1.80946 0.345204 0.66 -0.688619 0 0
0 0 443 0.768047 -0.844584 3.55092 -1.81899 0 0
0 0 444 -0.402614 -0.452407 -0.515586 1.2889 0 0
0 0 445 -2.47312 0.178135 1.3568 1.03718 0 0
0 0 446 -1.11794 1.86779 0.331495 -0.397752 0 0
0 0 447 -1.98961 0.33054 0.00527394 0.674804 0 0
0 0 448 2.41107 -1.68225 1.63921 -0.917917 0 0
0 0 449 0.627088 0.589504 0.164878 0.61661 0 0
0 0 450 -0.542951 -0.469935 -0.147495 -0.808234 0 0
0 0 451 -0.363606 -2.84446 -1.9904 2.70973 0 0
0 0 452 -1.72863 -1.23394 0.0688167 0.680752 0 0
0 0 453 -2.53877 -0.473844 -0.373453 0.0561822 0 0
0 0 454 -1.44397 -1.47261 -3.11162 0.540917 0 0
0 0 455 0.313025 -1.67484 -1.58011 0.531689 0 0
0 0 456 -0.41747 0.356058 -1.08915 -2.06512 0 0
0 0 457 1.15382 0.19568 -2.63791 -0.112122 0 0
0 0 458 -0.647386 -1.93243 -0.58185 0.259659 0 0
0 0 459 0.511369 1.99249 2.07161 1.5824 0 0
0 0 460 -1.1576 -0.0214048 0.708502 0.602512 0 0
0 0 461 2.56136 -0.0138559 -0.549027 -1.16399 0 0
0 0 462 -3.89574 -0.0675534 1.27832 -0.883962 0 0
0 0 463 -0.732558 -1.32145 -2.76595 -2.12599 0 0
0 0 464 0.281291 -0.373601 1.11888 1.77847 0 0
0 0 465 0.720282 -1.01555 -0.481636 -0.312386 0 0
0 0 466 -0.26609 -1.09101 0.783382 -1.10604 0 0
0 0 467 1.01413 0.780336 -3.04982 -0.743294 0 0
0 0 468 1.55181 1.79451 -1.18635 -1.56111 0 0
0 0 469 -1.59861 1.85116 -0.364114 -0.719053 0 0
0 0 470 0.813623 -1.12193 1.41644 1.02117 0 0
0 0 471 1.87276 1.76767 -0.825527 -0.394319 0 0
0 0 472 -0.209583 -0.843407 2.06574 -0.436298 0 0
0 0 473 -1.98181 -1.02575 -1.74248 1.4636 0 0
0 0 474 -0.337847 2.88282 0.724454 -0.81843 0 0
0 0 475 -1.1669 -1.37742 0.424761 -0.731065 0 0
0 0 476 1.01452 -0.906991 0.640129 -2.2188 0 0
0 0 477 0.586006 1.32181 -2.17627 -2.45027 0 0
0 0 478 0.921478 -2.07889 -0.600814 -1.52088 0 0
0 0 479 -0.340429 1.18274 -0.826758 0.70633 0 0
0 0 480 0.0999637 -2.63253 1.67877 1.04003 0 0
0 0 481 1.05732 2.95246 -1.06574 0.271881 0 0
0 0 482 -0.374203 -0.665366 1.96681 0.693397 0 0
0 0 483 -1.77811 1.96342 -0.132286 -0.430838 0 0
0 0 484 -1.8542 0.793387 2.54123 3.06312 0 0
0 0 485 0.0873351 2.03405 0.340169 -1.93096 0 0
0 0 486 -0.819151 2.29766 -0.883313 -0.929229 0 0
0 0 487 -0.740963 0.692339 -0.377927 0.119814 0 0
0 0 488 -2.81371 -0.794354 0.957857 -3.11145 0 0
0 0 489 -0.0435505 0.768601 -0.823353 -0.201356 0 0
0 0 490 -0.836104 -3.29071 1.04107 1.27588 0 0
0 0 491 -0.396824 1.97295 -0.564625 -3.41255 0 0
0 0 492 -0.334746 1.8255 -0.207604 1.05127 0 0
0 0 493 0.301699 3.28999 0.0756605 0.480014 0 0
0 0 494 1.09421 0.401455 0.157798 1.16087 0 0
0 0 495 1.17351 0.632845 1.36523 1.50564 0 0
0 0 496 2.68589 -1.92917 -0.319822 -0.265 0 0
0 0 497 0.549589 0.906156 2.19258 2.32641 0 0
0 0 498 1.01627 -0.194834 -0.431562 -0.219728 0 0
0 0 499 0.514533 -0.77924 -1.16202 -2.47166 0 0
0 0 500 1.65757 0.946567 -0.410791 -0.564317 0 0
0 0 501 -1.5318 -3.33651 -1.66306 -0.346834 0 0
0 0 502 -1.54458 -1.33913 3.78652 -0.254863 0 0
0 0 503 2.7127 0.483167 -0.112733 -0.940108 0 0
0 0 504 0.36759 0.722659 1.46072 -1.12711 0 0
0 0 505 0.449909 0.743059 -0.111328 2.13525 0 0
0 0 506 1.18789 -1.64852 1.29652 -2.14303 0 0
0 0 507 -1.43509 -2.45735 0.955348 2.10105 0 0
0 0 508 -0.45604 -1.56983 1.62158 -1.07271 0 0
0 0 509 0.228101 1.02332 -0.629254 -1.00086 0 0
0 0 510 -0.660413 0.386654 -0.84544 0.0838709 0 0
0 0 511 -1.10622 -1.48698 -1.38683 -1.62417 0 0
0 0 512 -1.88147 -0.219176 -1.79913 -0.436255 0 0
0 0 513 -0.233489 -0.997258 2.25181 -2.09003 0 0
0 0 514 -0.655383 1.04234 -0.409756 -1.95119 0 0
0 0 515 0.700343 -1.62368 1.25892 1.96777 0 0
0 0 516 -0.506467 1.5719 1.63621 -0.187982 0 0
0 0 517 1.56803 -0.675015 0.741428 -0.479284 0 0
0 0 518 -0.419403 -0.493434 -1.36787 -0.461296 0 0
0 0 519 -1.22992 1.66422 -0.0103152 0.563315 0 0
0 0 520 -0.717112 0.319586 -0.0544512 -0.865364 0 0
0 0 521 0.976622 -1.3912 2.47706 -0.246208 0 0
0 0 522 -2.76209 -2.40923 1.46272 -0.216218 0 0
0 0 523 -3.57287 0.256026 0.949549 -0.0916516 0 0
0 0 524 0.486983 -0.79828 -0.0624042 -1.48736 0 0
0 0 525 -0.0344405 0.459321 1.40426 0.0589887 0 0
0 0 526 -0.829012 0.916081 -0.21075 2.7753 0 0
0 0 527 -0.00227416 0.626278 0.377055 -0.198431 0 0
0 0 528 -1.98774 1.2701 -1.65722 -1.78041 0 0
0 0 529 2.447 -0.494165 -1.00379 -0.0314582 0 0
0 0 530 -0.707194 -0.460845 -0.997513 0.374944 0 0
0 0 531 0.239759 -0.979626 -1.56296 -0.175461 0 0
0 0 532 0.328211 -1.50772 -1.30333 -0.282494 0 0
0 0 533 0.863771 1.52642 -1.05973 1.03461 0 0
0 0 534 -0.705921 0.0197877 0.727965 2.30253 0 0
0 0 535 -3.38051 0.155015 0.316614 -0.964095 0 0
0 0 536 -0.864777 -0.967553 -2.60128 0.992721 0 0
0 0 537 0.345007 1.27401 0.643921 2.21832 0 0
0 0 538 -2.73598 -0.966724 0.312634 0.299019 0 0
0 0 539 0.936891 -0.448286 -1.69699 2.42411 0 0
0 0 540 -0.454648 0.0695126 -1.56052 -0.187703 0 0
0 0 541 0.427416 -0.11687 -0.560282 0.368269 0 0
0 0 542 -0.227125 -0.476915 1.66731 0.583952 0 0
0 0 543 0.390903 -0.601979 2.63608 0.613982 0 0
0 0 544 1.60373 0.424214 -2.69198 0.515358 0 0
0 0 545 1.68137 -3.71052 1.74021 -1.12544 0 0
0 0 546 1.18873 -2.25746 0.045974 0.587798 0 0
0 0 547 -1.96768 0.197094 -2.24175 -1.97184 0 0
0 0 548 0.0601331 0.665245 1.30524 -1.5153 0 0
0 0 549 0.622154 0.826576 0.699781 0.83506 0 0
0 0 550 0.658678 1.54719 -1.69544 0.935381 0 0
0 0 551 -0.460977 2.62554 -2.23424 1.09579 0 0
0 0 552 0.0063839 -1.12454 -0.0820079 1.18887 0 0
0 0 553 -0.124056 1.36786 0.362876 1.19894 0 0
0 0 554 0.883468 1.26794 -1.63047 0.11474 0 0
0 0 555 0.970464 -0.274593 4.63315 1.60705 0 0
0 0 556 2.62147 0.201589 0.00223438 0.416139 0 0
0 0 557 -1.18039 -1.17183 0.349826 2.20562 0 0
0 0 558 -1.79886 -0.650392 1.65182 -0.883585 0 0
0 0 559 -0.035048 -0.207459 1.2328 1.96252 0 0
0 0 560 -1.98833 0.840121 0.619464 2.12495 0 0
0 0 561 0.4578 -0.104833 1.08833 1.03354 0 0
0 0 562 1.53153 1.28469 -1.52572 -2.68261 0 0
0 0 563 1.42628 -2.39316 1.09283 0.229023 0 0
0 0 564 3.36067 1.08688 -1.89169 1.72547 0 0
0 0 565 1.61398 -0.581301 -0.133918 -1.25621 0 0
0 0 566 -1.71079 1.08874 -1.46976 -0.319326 0 0
0 0 567 0.984003 -0.0843375 -2.81193 0.203357 0 0
0 0 568 1.44411 -0.550079 1.83675 0.0545421 0 0
0 0 569 -0.00323474 -1.63861 0.416828 0.814138 0 0
0 0 570 1.46645 -2.83841 -1.44473 -0.162186 0 0
0 0 571 0.139599 -0.0108016 2.41602 0.00704209 0 0
0 0 572 0.465187 0.434669 1.59097 -1.14633 0 0
0 0 573 -0.319404 -0.233429 0.393201 -0.00346594 0 0
0 0 574 1.1613 2.36734 1.78099 -0.296324 0 0
0 0 575 1.04762 1.68477 -0.474199 -1.96484 0 0
0 0 576 1.22698 1.80353 -0.710833 -1.42057 0 0
0 0 577 -0.187972 -1.28174 0.207052 -0.774024 0 0
0 0 578 0.888156 -2.51041 1.7788 2.15876 0 0
0 0 579 0.130283 1.45547 0.117783 -1.37587 0 0
0 0 580 -0.611492 2.63255 0.402051 -1.61446 0 0
0 0 581 2.47253 1.88378 1.05187 -0.225866 0 0
0 0 582 2.97193 -0.779927 -1.98551 1.86353 0 0
0 0 583 1.81548 -0.595157 0.655964 0.320875 0 0
0 0 584 0.114129 0.245077 0.711222 -0.641749 0 0
0 0 585 2.45587 -0.894188 0.0373984 1.83774 0 0
0 0 586 1.18058 -0.434138 1.41914 1.1214 0 0
0 0 587 -0.132035 -0.0822409 -2.71895 -0.955669 0 0
0 0 588 1.79799 0.348134 -1.51927 -0.412876 0 0
0 0 589 0.404343 -1.74328 -3.59085 -0.556044 0 0
0 0 590 0.0780973 1.65232 -0.466285 2.03341 0 0
0 0 591 0.250791 2.50488 2.26229 -1.26229 0 0
0 0 592 3.23632 -0.662205 0.165553 1.24984 0 0
0 0 593 2.29326 -0.838187 -2.85002 1.14971 0 0
0 0 594 0.454014 -1.14309 1.23212 -0.652448 0 0
0 0 595 4.37767 -2.0474 -0.589503 1.11457 0 0
0 0 596 2.74492 0.815544 -0.914996 1.18637 0 0
0 0 597 1.04423 2.0304 -0.397483 1.62819 0 0
0 0 598 2.17234 0.0570568 -0.0433232 -1.29695 0 0
0 0 599 -0.675645 -1.19696 0.119653 -1.5729 0 0
0 0 600 -0.839976 -0.00750038 0.362217 1.37062 0 0
0 0 601 2.66249 0.590078 -0.306976 -0.0452979 0 0
0 0 602 1.03412 1.89498 2.21835 -0.470655 0 0
0 0 603 2.71871 0.126664 -0.844813 0.217093 0 0
0 0 604 1.58165 1.29616 1.28999 0.320179 0 0
0 0 605 3.12389 -0.115933 1.43718 -0.0634583 0 0
0 0 606 -0.439299 -0.428541 -0.910969 3.55504 0 0
0 0 607 -0.246273 -0.513304 0.228587 1.78962 0 0
0 0 608 3.19954 -0.249231 -0.925553 1.29584 0 0
0 0 609 0.550373 4.82622 -0.728832 2.29941 -4.29382 8.32445
0 0 610 -0.729517 -0.672587 0.454892 1.42601 0 0
0 0 611 1.57923 -0.013749 -0.481093 2.37337 0 0
0 0 612 0.617547 -0.223729 3.87923 0.532866 0 0
0 0 613 2.22509 -0.0698662 -0.0198873 0.901088 0 0
0 0 614 -2.23128 0.83855 -0.0602207 0.0192206 0 0
0 0 615 1.56293 1.1067 1.5524 -1.74628 0 0
0 0 616 1.04097 1.2799 -0.277724 1.80522 0 0
0 0 617 1.1619 -0.935827 0.637307 0.0432301 0 0
0 0 618 2.16537 -0.00649655 0.893376 -0.662198 0 0
0 0 619 2.66199 2.65658 -1.20172 -1.01318 0 0
0 0 620 0.247159 0.0648543 -0.0723652 1.20756 0 0
0 0 621 -0.755862 -1.3034 2.39415 -0.250084 0 0
0 0 622 1.98379 2.19504 -0.22227 -1.99123 0 0
0 0 623 1.64514 -0.200236 0.719965 -1.57859 0 0
0 0 624 2.96154 1.80456 -1.73745 -0.519344 0 0
0 0 625 1.5099 -0.985813 0.672498 -0.50766 0 0
0 0 626 3.47396 -0.633497 1.27425 -0.40656 0 0
0 0 627 0.940804 0.666657 0.535318 1.05713 0 0
0 0 628 1.64725 0.434071 0.585216 -1.25735 0 0
0 0 629 0.609188 0.982843 -1.611 3.08163 0 0
0 0 630 0.675651 -0.0572342 1.00422 -1.74929 0 0
0 0 631 -0.440902 0.419662 4.03356 1.87923 0 0
0 0 632 1.18287 1.11198 -1.49031 0.0980779 0 0
0 0 633 -0.507806 0.309119 0.90371 -1.52216 0 0
0 0 634 0.322069 0.637692 -1.61672 -2.10264 0 0
0 0 635 1.80458 3.42761 -1.78812 -0.958793 0 0
0 0 636 1.25662 1.13196 -1.37789 -3.09585 0 0
0 0 637 -0.579273 3.27067 -0.940172 0.29365 0 0
0 0 638 -1.06934 -0.645395 1.77698 -0.718683 0 0
0 0 639 3.68036 2.35223 1.98314 1.57986 0 0
0 0 640 1.88515 -1.66974 -0.270308 0.090693 0 0
0 0 641 4.81586 -1.51426 3.65542 1.00461 0 0
0 0 642 1.84551 -0.899395 -0.677583 0.242941 0 0
0 0 643 1.77813 2.33566 -1.3417 0.849279 0 0
0 0 644 2.50117 1.64435 -1.17579 1.55171 0 0
0 0 645 1.42668 0.954692 1.64369 -1.46001 0 0
0 0 646 3.61717 -0.535504 3.36289 1.54042 0 0
0 0 647 1.23983 0.300212 -0.337595 0.0192049 0 0
0 0 648 1.70604 -1.92415 0.868687 -1.55299 0 0
0 0 649 1.14154 -0.42312 -0.535725 0.395062 0 0
0 0 650 2.5594 1.38323 1.19522 0.862482 0 0
0 0 651 2.1533 2.35182 0.353763 1.90119 0 0
0 0 652 2.91446 -0.270127 0.148201 0.448511 0 0
0 0 653 0.518386 2.06979 -0.916425 -0.334671 0 0
0 0 654 0.252898 -1.33321 -1.40953 0.0241951 0 0
0 0 655 2.09478 1.0105 0.726536 0.960749 0 0
0 0 656 1.72892 -0.257327 -1.66915 -0.44349 0 0
0 0 657 0.302562 -2.85196 -0.72756 -3.51757 0 0
0 0 658 -0.3831 -0.660734 -0.552466 0.468844 0 0
0 0 659 3.38487 1.02353 -2.50132 -2.59816 0 0
0 0 660 2.65167 1.47254 0.0381066 0.736418 0 0
0 0 661 -0.00129932 1.20331 0.274139 1.16471 0 0
0 0 662 4.42133 0.328104 0.364674 1.35181 0 0
0 0 663 1.27416 2.20577 3.17273 0.0304012 0 0
0 0 664 -0.700241 1.5939 -0.73853 -0.300406 0 0
0 0 665 1.55266 -1.43933 -0.883333 1.9322 0 0
0 0 666 1.57442 1.99174 -0.246898 1.5142 0 0
0 0 667 1.97024 -0.399315 0.247239 -0.579704 0 0
0 0 668 0.293376 1.08657 0.0353165 1.73339 0 0
0 0 669 2.72873 -0.49752 0.930772 0.939956 0 0
0 0 670 1.6405 1.15142 -0.09712 0.616872 0 0
0 0 671 3.27734 0.0131099 -0.504627 1.2641 0 0
0 0 672 2.29992 0.852492 0.20577 -0.479977 0 0
0 0 673 4.52218 1.69614 0.0352425 2.06739 0 0
0 0 674 2.5867 0.991538 1.2426 0.0570461 0 0
0 0 675 2.00386 0.803874 -0.794024 4.40296 0 0
0 0 676 3.4209 0.19502 1.25879 -2.25914 0 0
0 0 677 2.32182 1.79006 -0.110192 -0.791816 0 0
0 0 678 -0.290651 0.403336 1.09418 -0.776119 0 0
0 0 679 2.06379 0.194817 2.03438 -0.771022 0 0
0 0 680 2.72054 0.220255 0.623815 0.891018 0 0
0 0 681 0.033269 0.0297923 0.264297 0.315819 0 0
0 0 682 2.22189 1.77341 0.0859111 2.92469 0 0
0 0 683 3.62051 -0.352056 -1.35375 -1.64098 0 0
0 0 684 3.56861 0.0929302 0.266816 0.370402 0 0
0 0 685 2.76356 -1.87029 -1.71503 1.13309 0 0
0 0 686 0.793188 1.83526 1.35065 2.77607 0 0
0 0 687 2.85409 -0.240422 0.913157 -0.380502 0 0
0 0 688 2.75774 -0.251053 -0.0419734 -2.33827 0 0
0 0 689 1.62055 2.28094 1.3067 1.48413 0 0
0 0 690 -0.147575 -0.522579 -0.227519 1.57515 0 0
0 0 691 -0.461191 -3.16459 0.578055 1.99337 0 0
0 0 692 0.486827 -1.61594 -0.379578 0.475339 0 0
0 0 693 1.42651 0.0374355 0.11658 -0.843277 0 0
0 0 694 1.9131 0.116502 0.00602683 -0.783038 0 0
0 0 695 -0.0163304 1.68981 1.60925 -1.24202 0 0
0 0 696 2.38335 -2.13006 -0.162562 -1.33928 0 0
0 0 697 0.608059 -1.50167 1.94256 0.828376 0 0
0 0 698 0.883089 0.946145 -1.36186 -1.55784 0 0
0 0 699 -0.574699 -1.01101 -0.0136436 0.0684925 0 0
0 0 700 -0.106719 1.79196 0.650622 -0.656098 0 0
0 0 701 -0.387784 1.21044 -0.374298 2.7731 0 0
0 0 702 0.397722 -0.933509 0.981843 2.53759 0 0
0 0 703 -0.474231 1.71307 -1.97842 -0.999392 0 0
0 0 704 2.78759 0.120271 -0.0868383 0.252137 0 0
0 0 705 2.54401 -1.80768 -0.996752 0.539731 0 0
0 0 706 1.37171 -1.86395 -0.213038 -0.477569 0 0
0 0 707 2.4472 -0.552023 -0.789412 1.68398 0 0
0 0 708 1.05172 -1.15743 -0.0754243 0.635556 0 0
0 0 709 -1.52858 -2.82567 3.06383 -0.787145 0 0
0 0 710 2.10952 -1.56435 -0.927979 1.46332 0 0
0 0 711 1.02858 1.66103 -2.30896 1.5048 0 0
0 0 712 3.17311 1.09166 -0.131014 1.64397 0 0
0 0 713 0.405172 0.837925 -1.7867 1.9831 0 0
0 0 714 -0.218855 0.0227048 1.24774 -1.85686 0 0
0 0 715 2.51483 -3.80087 -0.861476 0.518705 0 0
0 0 716 2.26972 -0.56197 -0.195363 0.764975 0 0
0 0 717 1.37062 1.63621 0.0373457 1.67873 0 0
0 0 718 3.40668 0.291795 -0.509393 0.0875427 0 0
0 0 719 2.95171 0.650352 1.01268 1.80234 0 0
0 0 720 0.527052 1.62364 -1.49324 1.78724 0 0
0 0 721 1.6953 1.17457 0.196089 1.17706 0 0
0 0 722 2.85411 -1.13671 0.686694 0.732145 0 0
0 0 723 2.51102 -0.993375 -0.375318 0.722689 0 0
0 0 724 3.57182 -0.824452 1.86475 1.18727 0 0
0 0 725 1.46999 0.165628 2.35493 -0.794558 0 0
0 0 726 3.58454 0.0947713 0.201458 0.309026 0 0
0 0 727 1.20873 1.80277 1.03055 0.822683 0 0
0 0 728 2.49379 -2.38053 0.192953 -2.77954 0 0
0 0 729 0.333351 2.66448 2.01581 -0.45062 0 0
0 0 730 2.32666 0.350164 1.34098 0.616437 0 0
0 0 731 5.0157 0.754869 0.170953 -0.538537 0 0
0 0 732 4.36937 0.875136 1.55875 1.41211 0 0
0 0 733 1.78365 0.177304 -1.09992 -0.79226 0 0
0 0 734 3.96409 -1.13984 1.86573 3.16561 0 0
0 0 735 2.64776 -1.74835 0.505244 3.15156 0 0
0 0 736 2.79433 0.136957 1.80477 -1.75666 0 0
0 0 737 2.5095 -0.0139091 0.710203 -0.585449 0 0
0 0 738 4.94375 -0.667377 1.44289 -0.187298 0 0
0 0 739 2.7675 0.259795 2.11445 -1.92795 0 0
0 0 740 3.18628 1.998 0.830063 0.994582 0 0
0 0 741 2.94357 0.785805 0.0135599 2.29352 0 0
0 0 742 6.37955 2.06846 2.03011 1.40997 0 0
0 0 743 2.13166 0.397735 -3.05063 -0.764255 0 0
0 0 744 4.57731 1.25062 -1.26146 -2.10217 0 0
0 0 745 0.285655 -0.229808 1.03956 0.168536 0 0
0 0 746 4.68301 2.46667 4.19142 0.486633 29.7615 8.27152
0 0 747 5.19749 1.40762 -0.132667 -0.0713839 0 0
0 0 748 4.26607 -1.46178 -1.37922 -0.522575 0 0
0 0 749 2.34609 -0.972882 -2.3922 -0.105324 0 0
0 0 750 2.77815 -0.986962 0.814205 0.161309 0 0
0 0 751 5.75768 -0.0546956 -0.886712 0.0784542 0 0
0 0 752 2.3971 0.837943 -1.24012 -0.396312 0 0
0 0 753 4.77766 1.32422 0.0859524 0.449761 0 0
0 0 754 6.08272 0.787165 2.70123 0.616659 0 0
0 0 755 4.10967 0.968841 2.09095 -4.22769 0 0
0 0 756 3.87671 -0.806724 1.67856 -2.33024 0 0
0 0 757 5.99408 0.451693 -1.09537 -0.0406511 0 0
0 0 758 1.70316 0.0829266 -0.78246 2.24775 0 0
0 0 759 4.13798 0.227743 -0.0262205 0.501938 0 0
0 0 760 2.69767 -0.0757986 -0.287592 -2.03901 0 0
0 0 761 6.15134 -1.98755 -1.74845 2.58789 0 0
0 0 762 6.43062 0.0250626 -0.044108 0.976092 0 0
0 0 763 4.87619 -1.08179 -3.0392 0.605387 0 0
0 0 764 3.12147 1.89905 1.77041 -0.998385 0 0
0 0 765 3.18507 1.88358 1.0626 -2.47163 0 0
0 0 766 3.77968 -0.967945 1.64349 1.43165 0 0
0 0 767 2.98357 -0.893091 3.87113 -0.840963 0 0
0 0 768 4.81016 2.35939 1.51763 -0.706275 0 0
0 0 769 3.63188 0.324669 -0.533998 -0.992881 0 0
0 0 770 2.91074 -0.251061 0.326541 -3.84025 0 0
0 0 771 4.41646 2.87101 1.50841 -3.7412 0 0
0 0 772 4.76865 0.516768 0.592759 2.26068 0 0
0 0 773 1.26392 -2.38141 -0.217908 -0.281472 0 0
0 0 774 4.50727 4.00097 2.75065 -0.575836 17.2542 8.33408
0 0 775 5.25994 -1.2024 -2.84944 -0.228064 0 0
0 0 776 3.2748 0.618188 2.03846 -1.21246 0 0
0 0 777 4.61246 0.682093 1.94024 0.110084 0 0
0 0 778 2.66465 -0.157679 3.54262 1.41414 0 0
0 0 779 8.15482 1.98542 1.71958 0.341639 0 0
0 0 780 5.20724 0.923834 -0.744731 1.78359 0 0
0 0 781 4.67269 0.621379 0.380391 2.20717 0 0
0 0 782 4.06247 -0.509731 0.566775 1.898 0 0
0 0 783 2.76628 1.51313 -0.0422039 1.99054 0 0
0 0 784 3.16851 1.07389 1.35757 -0.0760474 0 0
0 0 785 5.0118 0.144279 0.907148 2.11328 0 0
0 0 786 5.20013 1.74465 1.23769 0.419187 0 0
0 0 787 6.86428 1.02221 -0.0416437 -1.41429 0 0
0 0 788 3.32548 -1.16662 -0.387272 0.94551 0 0
0 0 789 5.51731 -0.138089 -1.1803 -1.63557 0 0
0 0 790 2.83748 1.15751 -0.130261 0.572882 0 0
0 0 791 3.14514 2.72854 -1.74734 0.194851 0 0
0 0 792 4.43575 -0.165988 -0.348469 0.00546232 0 0
0 0 793 3.89465 0.798911 -0.236915 -0.723308 0 0
0 0 794 4.48361 2.31069 1.83575 -0.358057 0 0
0 0 795 6.37282 -1.01689 -2.22301 0.429994 0 0
0 0 796 3.21961 0.68042 -1.21202 -1.72892 0 0
0 0 797 3.86798 1.03434 -0.763665 1.16823 0 0
0 0 798 5.04902 -0.789256 -0.112493 1.14155 0 0
0 0 799 6.80281 1.33359 -0.820986 0.692889 0 0
0 0 800 6.34132 -0.432003 -1.2621 -0.12652 0 0
0 0 801 6.18635 1.16419 -0.937874 2.0188 0 0
0 0 802 5.16751 -0.504459 0.348201 1.72041 0 0
0 0 803 6.16637 0.428299 -0.424205 -0.929933 0 0
0 0 804 5.49166 0.536139 -1.23867 -1.53655 0 0
0 0 805 4.09878 -0.00780272 1.6683 1.43585 0 0
0 0 806 4.6484 -1.99989 -1.48055 -0.56709 0 0
0 0 807 4.55469 1.31675 1.13701 2.69917 0 0
0 0 808 3.87982 0.422104 -1.13714 1.16903 0 0
0 0 809 4.11074 1.77183 -1.04897 0.123707 0 0
0 0 810 -0.0624092 -0.0657424 -1.75561 -0.391676 0 0
0 0 811 3.6938 2.59402 -2.60567 3.40263 0 0
0 0 812 3.1483 -0.944284 -3.64119 -2.38142 0 0
0 0 813 2.86076 0.66116 -3.58301 0.136633 0 0
0 0 814 3.66821 1.81687 -0.806311 0.309262 0 0
0 0 815 4.88631 0.514122 1.20719 1.4621 0 0
0 0 816 2.36303 -3.04451 0.559848 1.84818 0 0
0 0 817 4.05966 -0.693222 -2.79792 -1.10704 0 0
0 0 818 3.8401 3.23389 1.41283 1.92833 0 0
0 0 819 4.2181 2.17639 -0.0909237 -2.0273 0 0
0 0 820 4.54103 1.08742 -0.631107 0.173412 0 0
0 0 821 3.56049 0.887453 -1.82016 -0.511805 0 0
0 0 822 3.84407 1.12728 -0.262478 0.819347 0 0
0 0 823 3.19339 -0.380392 0.0481584 -1.19046 0 0
0 0 824 5.35389 0.221749 0.96232 -0.0868094 0 0
0 0 825 5.95622 -0.000601768 -1.5854 -0.69618 0 0
0 0 826 6.59307 -1.54966 -3.70248 -0.0417087 0 0
0 0 827 5.44543 -0.375867 -2.86172 1.08005 0 0
0 0 828 2.96419 0.801091 -2.08999 -1.21572 0 0
0 0 829 5.70327 -1.02286 -0.940249 2.18457 0 0
0 0 830 5.58307 0.67019 0.847525 -0.625561 0 0
0 0 831 4.26628 0.0627866 -0.251218 -0.780131 0 0
0 0 832 9.31416 2.17718 -2.69025 0.278787 0 0
0 0 833 5.24357 -1.0575 0.218431 0.457285 0 0
0 0 834 5.57687 2.17381 -2.36813 -0.750882 0 0
0 0 835 5.11879 0.161212 -1.45723 1.10846 0 0
0 0 836 5.66114 0.530847 0.50586 2.9943 0 0
0 0 837 4.53947 1.84657 -0.62875 0.558251 0 0
0 0 838 3.56562 1.86082 -1.17252 -1.4799 0 0
0 0 839 5.4321 -0.428601 -0.82624 1.50877 0 0
0 0 840 5.46191 -0.464793 -2.06343 -1.07126 0 0
0 0 841 7.02331 2.79348 -4.0607 -0.431317 -27.7374 8.16908
0 0 842 7.9834 -1.22351 -3.85459 1.02035 0 0
0 0 843 8.7609 2.14162 -2.44527 0.691089 0 0
0 0 844 8.21762 -0.115117 -4.62058 2.43555 0 0
0 0 845 9.0834 0.221295 -2.61536 -3.82835 0 0
0 0 846 9.65775 2.24978 -2.1582 1.42181 0 0
0 0 847 7.68234 2.24148 -4.06891 2.66356 0 0
0 0 848 9.34972 3.15046 -4.73771 3.52715 -28.1885 7.07528
0 0 849 9.99959 1.11442 -3.93459 -0.429024 0 0
0 0 850 8.28098 1.69832 -4.19085 0.000407527 0 0
0 0 851 10.3065 -1.07578 -4.458 -2.93198 0 0
0 0 852 9.64982 0.838327 -6.84259 0.788598 -41.5076 5.81553
0 0 853 11.7979 3.74753 -5.20891 1.29508 -27.1335 6.27634
0 0 854 12.2708 2.08814 -6.32762 -0.279913 -35.8684 6.02376
0 0 855 11.215 -0.931515 -4.92971 -2.47909 -50.3502 7.99329
0 0 856 11.6581 -0.367947 -7.11604 0.206962 -46.48 5.62539
0 0 857 10.2575 -0.478463 -7.14454 -1.5755 -46.9157 5.59804
0 0 858 12.2637 1.2909 -5.51955 0.740299 -38.4182 7.07625
0 0 859 11.0347 1.77997 -5.30255 0.0996335 -35.722 7.17634
0 0 860 9.57936 2.45689 -6.58585 -0.602584 -34.7708 5.71208
0 0 861 9.63225 2.0213 -4.52178 1.63651 -32.9573 8.11156
0 0 862 8.7428 -2.73082 -6.41474 0.0779716 -56.53 5.76164
0 0 863 9.60897 2.50673 -5.18816 2.17955 -32.1059 6.97488
0 0 864 9.03348 1.44978 -5.54618 -1.34932 -37.6753 6.9984
0 0 865 10.2123 1.12888 -6.46403 -1.87601 -40.0469 6.11094
0 0 866 10.7655 -0.134228 -4.0786 1.11882 0 0
0 0 867 10.1556 0.235577 -3.86676 -0.188463 0 0
0 0 868 9.24811 2.95373 -5.20062 0.0781204 -30.2027 6.72476
0 0 869 10.4592 0.472832 -6.22937 3.12317 -42.8297 6.41649
0 0 870 7.81981 0.459484 -2.61736 -0.897324 0 0
0 0 871 10.0801 -1.39471 -6.28105 1.84027 -51.2597 6.23388
0 0 872 7.24578 1.68952 -2.38528 -0.603111 0 0
0 0 873 9.09258 -2.09318 -4.83626 -0.750461 -56.7017 7.62297
0 0 874 6.68087 -0.444775 -3.39682 -1.42739 0 0
0 0 875 6.9433 -1.27384 -5.16182 -2.09178 -51.9313 7.5451
0 0 876 8.01687 -0.268831 -7.17435 -0.651107 -46.073 5.58311
0 0 877 8.04916 -1.31965 -6.53542 -0.961929 -50.7079 6.01509
0 0 878 8.47252 1.71042 -3.80925 1.3979 0 0
0 0 879 6.75005 0.770002 -3.91903 2.78343 0 0
0 0 880 10.7814 4.14307 -3.03944 0.431868 -18.1323 7.87172
0 0 881 7.17577 0.707845 -6.28377 3.61319 -41.7865 6.33976
0 0 882 11.3106 2.36591 -3.51913 3.74909 0 0
0 0 883 8.50802 -0.408071 -5.95661 1.661 -46.9595 6.71377
0 0 884 8.01262 1.18004 -5.79766 -1.89485 -39.2477 6.77845
0 0 885 8.88927 0.451173 -1.89345 0.423354 0 0
0 0 886 10.6455 -0.155331 -4.31571 0.281608 0 0
0 0 887 12.0217 0.668924 -8.11052 -1.00305 -42.6426 4.92578
0 0 888 9.55294 -0.713673 -6.14495 0.321739 -48.3123 6.48049
0 0 889 10.0959 2.02438 -7.06959 0.899984 -37.0105 5.45646
0 0 890 9.72633 -1.02931 -7.57094 0.11809 -48.8711 5.24733
0 0 891 10.3662 1.66857 -9.42256 0.946056 -39.979 4.19051
0 0 892 11.7698 0.172149 -6.37765 -0.250875 -44.2269 6.28261
0 0 893 13.2145 2.53538 -10.7113 0.336368 -38.3416 3.64417
0 0 894 16.9729 -0.826564 -8.43351 -0.639964 -47.7988 4.73073
0 0 895 12.7854 0.596989 -10.9698 1.04177 -43.4425 3.64865
0 0 896 13.6449 -0.738604 -8.88446 -0.634554 -47.3762 4.49645
0 0 897 16.4389 -0.582201 -9.58781 2.26114 -46.7375 4.17309
0 0 898 17.0282 0.908123 -12.7693 1.49314 -42.9661 3.13128
0 0 899 18.1777 1.94091 -12.3779 -0.581036 -40.5442 3.20022
0 0 900 17.0105 1.1121 -12.4904 1.24866 -42.456 3.19678
0 0 901 15.9559 0.831027 -12.1596 0.496797 -43.0452 3.2889
0 0 902 18.9552 -1.83469 -13.4119 -3.07125 -48.8947 2.96177
0 0 903 20.0759 -1.06489 -14.6085 2.99629 -47.0846 2.73672
0 0 904 18.8538 -0.104822 -13.998 0.9054 -45.2145 2.86335
0 0 905 18.4536 0.0319519 -10.3391 0.266686 -44.9115 3.87676
0 0 906 18.5294 0.131585 -11.9949 -3.15441 -44.6857 3.34143
0 0 907 21.4835 0.99003 -14.6084 -0.330075 -43.0615 2.73769
0 0 908 19.0914 2.71675 -12.1166 -0.0625901 -38.6812 3.23009
0 0 909 18.7117 -0.298739 -14.2456 -0.675048 -45.6007 2.81308
0 0 910 19.4418 0.95832 -11.6444 -0.438442 -42.6476 3.43093
0 0 911 20.9737 -0.759566 -12.5123 -0.371078 -46.737 3.19772
0 0 912 21.8789 1.08443 -10.7645 2.75313 -42.1237 3.70535
0 0 913 23.2262 -0.783977 -12.4793 0.337488 -46.7974 3.20579
0 0 914 23.8655 0.557551 -11.4937 1.09084 -43.6114 3.48336
0 0 915 20.5292 1.04081 -12.2996 -0.0920839 -42.5815 3.24757
0 0 916 27.4374 -0.397328 -10.7654 1.14973 -46.0568 3.72079
0 0 917 24.6091 1.32433 -7.80185 -0.0712636 -40.1831 5.0671
0 0 918 25.8507 -1.39117 -10.4476 -2.4149 -48.7924 3.80389
0 0 919 26.0392 0.0898476 -9.75038 -0.173168 -44.736 4.11069
0 0 920 29.2884 -0.784358 -10.2533 1.82406 -47.1872 3.89815
0 0 921 31.69 0.936695 -10.8266 -0.00107757 -42.5276 3.68882
0 0 922 37.7155 -0.459482 -9.69352 -2.28322 -46.3569 4.13047
0 0 923 37.9886 0.912191 -8.33492 -1.8238 -41.8771 4.78123
0 0 924 39.7547 0.395535 -4.4864 -0.607684 0 0
0 0 925 45.8085 -1.64304 -2.48133 -0.547462 0 0
0 0 926 54.0589 0.456806 0.936912 1.06193 0 0
0 0 927 61.4676 0.588806 3.88736 1.31006 0 0
0 0 928 68.1264 3.24469 7.66912 1.27245 33.5338 4.82369
0 0 929 74.7793 4.82779 11.7511 1.49504 33.8327 3.16148
0 0 930 83.3358 6.85313 17.2919 0.0835935 34.1903 2.15904
0 0 931 96.5486 8.41951 25.4102 1.71738 35.8338 1.49945
0 0 932 106.94 11.9858 30.0031 0.057285 34.112 1.24302
0 0 933 115.932 14.4015 34.767 1.0251 33.7496 1.06732
0 0 934 124.174 15.9466 37.3535 0.644549 33.4409 0.989031
0 0 935 128.923 17.9986 44.9627 2.77807 34.0919 0.829223
0 0 936 131.858 18.9322 46.768 2.07158 33.9807 0.796001
0 0 937 133.872 19.4124 48.0353 0.665322 33.9975 0.775179
0 0 938 134.991 17.4661 47.414 0.345485 34.8888 0.794596
0 0 939 133.846 15.4788 44.9298 1.8279 35.4953 0.844722
0 0 940 128.391 17.7478 43.2027 0.952611 33.8335 0.859931
0 0 941 123.214 15.3172 38.4379 1.60848 34.1365 0.970574
0 0 942 118.274 15.9636 33.8684 -0.0437212 32.3818 1.07326
0 0 943 109.325 14.2093 29.9106 1.34737 32.2948 1.21357
0 0 944 104.37 11.5786 28.2794 3.70179 33.8671 1.31434
0 0 945 97.8858 10.9466 21.9265 -0.337853 31.7349 1.64013
0 0 946 90.8978 8.69896 20.3014 -1.18922 33.4026 1.81875
0 0 947 84.7743 8.89492 17.4347 3.13107 31.485 2.05383
0 0 948 81.3744 5.58604 13.2559 1.67897 33.5747 2.79237
0 0 949 76.5038 5.4763 10.6186 0.239672 31.3593 3.36479
0 0 950 73.6809 6.39086 9.7553 -0.634874 28.3853 3.45145
0 0 951 69.6702 3.73595 8.03241 1.37751 32.5282 4.53596
0 0 952 64.5027 3.98598 5.32563 0.254617 26.5934 6.05596
0 0 953 64.4106 5.57717 3.92799 0.156771 17.5785 5.93094
0 0 954 59.6047 2.3528 4.74059 0.624495 31.8022 7.59475
0 0 955 57.2402 0.263399 0.81308 -1.07663 0 0
0 0 956 56.0587 -0.116798 -1.81069 -0.16144 0 0
0 0 957 55.5462 -0.14674 1.041 0.828374 0 0
0 0 958 51.7753 -0.281158 -2.09676 0.924046 0 0
0 0 959 52.4585 1.7666 -1.66773 -1.1245 0 0
0 0 960 50.4473 1.15377 -1.69532 0.713048 0 0
0 0 961 49.7573 0.230963 -2.02828 -1.54887 0 0
0 0 962 45.0506 -0.414509 0.299538 -2.00073 0 0
0 0 963 44.2367 -1.04164 -4.05193 -1.23516 0 0
0 0 964 44.0872 -0.702589 -1.26045 -0.0254696 0 0
0 0 965 44.7007 -1.15029 -3.59677 -3.23687 0 0
0 0 966 42.2741 -0.876791 -2.76968 -2.70593 0 0
0 0 967 41.1931 -2.60014 -3.98114 -1.69735 -61.5745 8.46496
0 0 968 37.872 -0.656626 0.874573 -1.90772 0 0
0 0 969 38.3848 -0.859379 -2.41095 -3.14824 0 0
0 0 970 37.3822 -2.52109 -4.39572 -1.86889 -59.9178 7.93747
0 0 971 33.946 -3.62805 -2.93677 -3.79941 -70.5056 8.66003
0 0 972 32.2211 -1.35578 -0.928152 -5.52536 0 0
0 0 973 33.2087 -3.36147 -2.9837 -2.89757 0 0
0 0 974 32.5927 -2.67995 -5.01585 -3.73964 -59.0577 7.07023
0 0 975 30.6102 -2.00833 -2.10055 -4.38868 0 0
0 0 976 25.1809 -0.760489 -1.76799 -1.7255 0 0
0 0 977 24.8236 -1.30193 -1.46954 -0.530206 0 0
0 0 978 26.6781 -3.67345 -3.33324 -1.78337 -68.8899 8.14286
0 0 979 26.6676 -1.84823 -2.20203 -0.966421 0 0
0 0 980 24.5975 -2.06638 -2.77654 -0.53217 0 0
0 0 981 24.177 -4.09136 -1.43813 -0.882849 0 0
0 0 982 21.6026 -3.53509 -1.65439 -3.71402 0 0
0 0 983 20.0711 -6.54002 -4.80709 -2.62557 -71.8416 4.9833
0 0 984 18.7962 -2.28399 -0.809002 -4.10715 0 0
0 0 985 20.3316 -3.42904 -4.46293 -2.49929 -63.7682 7.15896
0 0 986 20.1904 -4.46522 -0.206445 2.03005 0 0
0 0 987 17.9504 -2.05842 -1.54055 -0.640123 0 0
0 0 988 20.7554 -2.89622 -0.863717 -2.26072 0 0
0 0 989 19.8843 -3.43925 -1.06497 0.278028 0 0
0 0 990 18.3955 -0.836729 -1.57954 -1.91983 0 0
0 0 991 15.9388 -2.96169 -1.18624 -1.70259 0 0
0 0 992 14.3278 -3.39389 -0.831711 -3.70961 0 0
0 0 993 11.7282 -2.68194 -1.83256 -3.6848 0 0
0 0 994 13.0408 -3.75522 0.433731 0.183166 0 0
0 0 995 13.9763 -0.8121 -1.47959 -3.85077 0 0
0 0 996 14.8981 -0.682304 -0.847326 -0.86648 0 0
0 0 997 12.3061 -2.55113 -2.76435 -0.628809 0 0
0 0 998 13.4628 -1.79065 0.700626 -1.95783 0 0
0 0 999 12.6882 0.398784 -1.49255 -0.642983 0 0
0 0 1000 15.159 -1.44615 -2.84912 -1.82157 0 0
0 0 1001 10.4151 -3.2015 -0.87967 0.135057 0 0
0 0 1002 9.52487 -2.64936 -2.72962 1.43108 0 0
0 0 1003 9.85087 -3.5321 -0.955138 -1.97925 0 0
0 0 1004 11.1833 0.539763 -2.38099 0.819017 0 0
0 0 1005 12.638 -1.19936 0.377666 -1.20876 0 0
0 0 1006 9.86803 -0.843319 -2.04706 2.3466 0 0
0 0 1007 9.74579 -0.602925 0.131709 0.716613 0 0
0 0 1008 9.46204 -0.259617 -0.884618 -3.40666 0 0
0 0 1009 8.77896 -1.75365 -1.13746 -1.55953 0 0
0 0 1010 7.03882 -0.0093205 0.164172 -0.182625 0 0
0 0 1011 7.46547 1.1598 2.33076 1.25546 0 0
0 0 1012 9.92796 3.14223 -0.113635 -1.15688 0 0
0 0 1013 7.57697 -0.801811 -0.939889 -1.60497 0 0
0 0 1014 8.22433 -1.10252 -0.75712 -0.221383 0 0
0 0 1015 7.2605 -0.0382481 -0.922589 -0.50528 0 0
0 0 1016 7.92885 -1.38822 -1.33851 0.408442 0 0
0 0 1017 7.55318 -1.73487 -1.93651 -1.02029 0 0
0 0 1018 7.35785 -0.621826 -2.37627 -0.800601 0 0
0 0 1019 7.49989 -1.22664 -0.597896 0.637668 0 0
0 0 1020 7.99905 0.97394 0.22914 1.28918 0 0
0 0 1021 6.03924 0.663768 0.837129 1.60573 0 0
0 0 1022 8.22517 1.01759 -3.36914 -1.12928 0 0
0 0 1023 5.24122 0.622902 -1.77921 -1.16298 0 0
