# File: uwl_230811_091106_Combined.rf.sbE2.RMC_aux Src: J1713+0747 Nsub: 1 Nch: 1 Npol: 4 Nbin: 1024 RMS: 0.864498
0 0 0 3.63464 -1.1771 0.471162 0.670362 0 0
0 0 1 2.10719 0.522458 1.57528 0.38887 0 0
0 0 2 1.42711 -1.11717 0.625984 0.581334 0 0
0 0 3 0.747514 -0.384967 -0.324201 -0.827607 0 0
0 0 4 0.664663 -1.14434 0.293709 0.733785 0 0
0 0 5 0.458164 1.02997 0.706518 -0.217359 0 0
0 0 6 -0.196231 0.159144 0.337728 -0.690948 0 0
0 0 7 -0.445358 0.575283 0.0866427 -0.344624 0 0
0 0 8 0.378233 -0.738126 0.834195 0.0987185 0 0
0 0 9 2.01842 -0.118966 0.0589075 -0.61044 0 0
0 0 10 -0.16182 -1.02843 0.132807 1.2269 0 0
0 0 11 1.16795 -0.44098 0.216273 -0.0382293 0 0
0 0 12 0.207989 0.0279224 0.759176 0.377645 0 0
0 0 13 1.85097 -1.48587 0.72243 0.234431 0 0
0 0 14 2.72618 -1.44909 0.138181 -0.280167 0 0
0 0 15 0.187017 -0.695683 1.59273 -1.66066 0 0
0 0 16 0.906511 1.70827 0.136393 1.04085 0 0
0 0 17 0.157077 0.914703 -0.890255 2.00917 0 0
0 0 18 1.73914 0.787857 1.5867 0.363645 0 0
0 0 19 1.51359 -0.222415 0.521262 0.183768 0 0
0 0 20 0.838347 0.150161 0.256883 0.138854 0 0
0 0 21 -0.550525 0.293269 -1.12664 -0.286171 0 0
0 0 22 0.50287 0.832644 1.63579 0.831979 0 0
0 0 23 0.190937 1.3604 1.22562 -0.807379 0 0
0 0 24 1.06919 -1.12486 1.24557 -0.797922 0 0
0 0 25 0.69704 0.718328 0.0584892 0.150243 0 0
0 0 26 2.71709 0.404519 1.47439 0.734294 0 0
0 0 27 1.49882 0.0799493 1.74849 -1.20615 0 0
0 0 28 1.58266 -1.30901 0.92446 -1.09582 0 0
0 0 29 1.93598 0.245979 1.10418 -0.0422589 0 0
0 0 30 1.19345 0.439526 0.442738 0.149138 0 0
0 0 31 1.60481 -0.51041 1.78318 1.28438 0 0
0 0 32 2.79002 -0.440771 1.50863 -1.05414 0 0
0 0 33 2.50777 -0.536846 1.68121 -0.0505471 0 0
0 0 34 1.11733 -0.509617 2.22594 -0.176751 0 0
0 0 35 1.77465 0.104017 1.77859 -0.489995 0 0
0 0 36 1.2749 0.854246 0.876441 -1.39406 0 0
0 0 37 2.95065 0.617955 0.275268 -0.585261 0 0
0 0 38 1.77357 1.08877 2.11757 0.0211475 0 0
0 0 39 1.00951 0.598806 1.84678 -0.174643 0 0
0 0 40 1.65275 1.00494 2.74511 0.259918 34.9465 8.62826
0 0 41 2.13483 -1.07635 1.65578 -0.0971511 0 0
0 0 42 2.48118 0.942586 2.43486 0.931476 0 0
0 0 43 2.16311 0.301134 1.26487 -1.45873 0 0
0 0 44 2.13627 1.21188 1.49235 -0.590278 0 0
0 0 45 2.49746 -0.602373 0.25146 0.0170759 0 0
0 0 46 2.45046 0.20912 2.3225 -0.571024 0 0
0 0 47 1.66682 0.325771 1.01504 -0.00412569 0 0
0 0 48 2.71834 -1.02906 0.0916871 0.0997444 0 0
0 0 49 0.549875 0.466407 2.17751 -0.0387409 0 0
0 0 50 1.56491 -0.0302956 2.57495 0.0880389 0 0
0 0 51 2.32356 -0.189533 1.49722 -0.326675 0 0
0 0 52 0.533889 -1.21038 2.85563 -1.83384 56.4851 8.08632
0 0 53 1.44077 -2.12751 0.890452 -0.00218537 0 0
0 0 54 1.95688 -0.956923 2.3283 -2.55742 0 0
0 0 55 2.8756 -1.85028 1.65477 -0.425688 0 0
0 0 56 2.93939 -0.3627 -0.110918 -0.648378 0 0
0 0 57 2.11284 0.103803 2.85372 -0.328936 43.9584 9.00168
0 0 58 2.57496 0.799121 -0.0460486 -0.242688 0 0
0 0 59 1.91185 0.672767 0.320373 0.542231 0 0
0 0 60 1.79145 -1.4252 1.86318 -0.785468 0 0
0 0 61 2.4808 0.244624 2.1757 -0.317947 0 0
0 0 62 0.831485 0.726706 0.523586 0.145216 0 0
0 0 63 1.11816 -0.965106 0.652489 0.0196369 0 0
0 0 64 1.65337 0.791403 1.01277 -0.0427572 0 0
0 0 65 0.749747 -0.535589 0.647367 -1.16188 0 0
0 0 66 -0.0544294 -0.98806 2.1447 -1.47811 0 0
0 0 67 1.99465 -0.67389 0.317286 0.216614 0 0
0 0 68 1.83425 0.0916599 0.214786 -0.329576 0 0
0 0 69 2.50255 -0.650816 -1.14515 0.0445638 0 0
0 0 70 0.375171 0.12639 -0.558243 0.697977 0 0
0 0 71 -1.19849 -0.731393 -0.335033 2.48374 0 0
0 0 72 0.304259 0.796072 -0.805741 0.0574129 0 0
0 0 73 1.84143 -0.237338 0.595742 0.687282 0 0
0 0 74 0.459871 0.642443 1.15225 0.827552 0 0
0 0 75 -0.487263 1.26911 1.31912 0.347528 0 0
0 0 76 0.727523 -0.701867 1.0424 0.812047 0 0
0 0 77 -0.0337983 -0.259951 -1.06597 0.450371 0 0
0 0 78 -0.0921551 0.431833 0.14854 -0.425937 0 0
0 0 79 0.645022 0.357156 -1.06945 0.515794 0 0
0 0 80 0.616686 -0.807743 0.53208 0.396546 0 0
0 0 81 -1.52118 -0.132697 0.0348509 0.930668 0 0
0 0 82 -0.954088 1.20649 2.13998 0.218692 0 0
0 0 83 0.417924 0.776407 0.163919 -1.25647 0 0
0 0 84 0.61135 0.67971 0.252526 -1.4282 0 0
0 0 85 -1.05763 0.305299 -0.266184 -0.235404 0 0
0 0 86 0.0126119 -0.37732 -0.313629 0.0668168 0 0
0 0 87 0.142752 -0.659202 -0.0146026 -1.14721 0 0
0 0 88 -0.0625016 0.457766 -0.582641 -0.77527 0 0
0 0 89 -0.265989 1.1375 1.37243 0.246796 0 0
0 0 90 -0.133932 0.206306 0.463721 0.527869 0 0
0 0 91 -1.06404 -1.02031 -0.894323 0.149176 0 0
0 0 92 -0.663005 0.518207 0.469287 0.223716 0 0
0 0 93 0.850466 -0.443356 -0.0362935 -0.570833 0 0
0 0 94 0.0475911 0.405209 0.276129 -0.126371 0 0
0 0 95 0.643007 -0.515362 -1.06676 0.428542 0 0
0 0 96 -0.679895 -0.86083 -0.0501563 0.474886 0 0
0 0 97 -0.346559 1.16467 2.01298 0.691693 0 0
0 0 98 1.11734 0.501931 -0.041872 0.145332 0 0
0 0 99 1.70058 -2.35531 -1.09024 0.616539 0 0
0 0 100 0.389651 0.798335 0.403469 0.0896959 0 0
0 0 101 0.255494 -0.746739 -1.13194 0.0783742 0 0
0 0 102 -0.538217 0.789276 0.874225 -1.25001 0 0
0 0 103 0.274006 2.18664 0.316176 0.225361 0 0
0 0 104 -0.976301 -0.132017 0.73121 -0.208996 0 0
0 0 105 0.791963 -0.376403 -0.27052 -0.501482 0 0
0 0 106 -0.720279 -0.429385 -0.775677 -0.846241 0 0
0 0 107 1.50049 0.903082 -1.89498 -0.210118 0 0
0 0 108 -1.20994 -0.802597 0.0679705 -0.0117312 0 0
0 0 109 0.633426 -0.715056 -0.127356 0.464218 0 0
0 0 110 -0.290615 0.577538 0.562274 -0.0306189 0 0
0 0 111 -1.79449 -0.51364 0.606474 -0.248381 0 0
0 0 112 -0.794132 0.301517 -1.02784 -0.724366 0 0
0 0 113 -0.789164 1.28181 -0.0410976 -0.573534 0 0
0 0 114 1.61061 -1.37974 -1.1347 1.69783 0 0
0 0 115 -0.390917 -0.350795 0.984544 0.166304 0 0
0 0 116 0.234748 -0.262592 0.789459 0.896838 0 0
0 0 117 0.463088 0.640006 0.693188 2.35908 0 0
0 0 118 0.394123 0.527824 -0.791611 -0.576422 0 0
0 0 119 -0.365526 1.26194 0.162571 0.0574781 0 0
0 0 120 0.221472 -0.61432 -0.239203 0.306263 0 0
0 0 121 0.0727368 -0.468334 -0.527686 -0.787425 0 0
0 0 122 -0.193256 -0.0616154 0.899731 -0.178515 0 0
0 0 123 0.00378555 0.271506 -0.277264 0.250027 0 0
0 0 124 1.29276 -1.04347 -0.745515 -0.520463 0 0
0 0 125 1.17397 -0.243533 -1.17064 -0.931974 0 0
0 0 126 -0.324803 1.12664 -0.851371 2.29983 0 0
0 0 127 0.277761 -0.292248 -0.510696 -0.883528 0 0
0 0 128 0.528175 0.942381 -0.453295 0.103648 0 0
0 0 129 1.15551 -0.471507 0.0550605 0.945193 0 0
0 0 130 0.407968 0.374378 0.362395 0.168835 0 0
0 0 131 0.53485 1.18375 1.66614 -1.54135 0 0
0 0 132 -0.0390796 -0.01115 -0.946968 0.191399 0 0
0 0 133 -0.643838 -2.18817 -0.931488 1.12057 0 0
0 0 134 0.33467 0.464099 -0.415842 0.1067 0 0
0 0 135 0.501396 0.394932 -1.02106 -0.267787 0 0
0 0 136 -1.17529 -0.265207 -0.919365 0.237147 0 0
0 0 137 -0.135717 0.279111 0.527157 -0.840532 0 0
0 0 138 -0.411775 0.987434 1.00349 -0.100713 0 0
0 0 139 0.513598 -1.19994 -0.185479 0.032484 0 0
0 0 140 0.0905917 0.0180159 1.40585 0.955753 0 0
0 0 141 -0.846274 -0.4057 -0.192056 -0.163137 0 0
0 0 142 -1.50184 -0.316951 -0.308985 0.153147 0 0
0 0 143 0.286559 -1.22961 0.63827 -0.62851 0 0
0 0 144 -0.339468 -1.57163 -1.49378 -0.577287 0 0
0 0 145 -0.0167732 -0.856696 -1.54687 -0.163716 0 0
0 0 146 0.109796 0.288537 -0.34041 -0.007734 0 0
0 0 147 -0.640482 0.0667822 0.193243 -0.709729 0 0
0 0 148 -0.486846 -1.30709 -1.78098 -0.449279 0 0
0 0 149 -0.751747 -0.761298 0.922065 -0.238794 0 0
0 0 150 -0.301505 0.922736 -0.487479 -0.0731099 0 0
0 0 151 -0.223105 -0.405353 -1.10224 1.55507 0 0
0 0 152 -0.132214 -0.330318 -0.0360972 -0.81003 0 0
0 0 153 0.727179 0.112935 -0.14937 -0.827383 0 0
0 0 154 0.141187 1.10411 -1.27705 0.635175 0 0
0 0 155 -0.23656 2.89985 0.504552 -0.0102468 4.93512 7.2624
0 0 156 0.204219 0.26808 -1.30622 -0.357865 0 0
0 0 157 0.408137 -0.479088 -1.44575 0.319241 0 0
0 0 158 -0.734593 -0.193474 0.23939 -0.530177 0 0
0 0 159 -0.351594 -0.448095 -0.752181 -0.234815 0 0
0 0 160 -0.851066 -0.458679 1.06808 -0.111043 0 0
0 0 161 0.747843 -0.477745 -0.698848 0.255919 0 0
0 0 162 0.737245 0.22861 0.453225 0.806641 0 0
0 0 163 -0.255553 1.11393 0.419149 0.36331 0 0
0 0 164 -0.946294 0.933083 -0.711239 0.518244 0 0
0 0 165 -1.49927 1.19114 -0.0845567 -0.918504 0 0
0 0 166 -1.04023 0.908637 -0.518815 -1.30671 0 0
0 0 167 -0.0403512 -0.92802 -1.49341 -0.740993 0 0
0 0 168 -0.0220251 -0.0836985 1.09566 0.108449 0 0
0 0 169 -0.0562136 1.0344 -0.483745 1.37413 0 0
0 0 170 -1.00325 -0.79913 -0.0699311 0.674831 0 0
0 0 171 -0.184006 -0.83688 0.6165 0.0459371 0 0
0 0 172 -0.178784 -0.912715 0.717419 -1.93252 0 0
0 0 173 -1.23345 -0.670181 -0.28732 1.24374 0 0
0 0 174 0.600709 0.143144 0.690537 1.06969 0 0
0 0 175 -0.410555 1.37992 0.0517221 0.341323 0 0
0 0 176 -0.350783 0.686249 -0.343565 -0.549185 0 0
0 0 177 -0.315488 1.82624 0.0417899 -0.584874 0 0
0 0 178 -0.0527102 -1.72627 0.529584 0.529416 0 0
0 0 179 -0.616013 0.521188 0.283465 0.0589861 0 0
0 0 180 0.200003 -1.2623 -0.479877 0.855929 0 0
0 0 181 -1.50779 -0.768181 -0.670921 0.883455 0 0
0 0 182 -1.44803 -0.783138 -0.692664 -0.122411 0 0
0 0 183 0.596568 -2.17626 0.643157 -1.06631 0 0
0 0 184 -0.969253 -0.427416 0.0371137 -0.225561 0 0
0 0 185 0.384788 -1.8358 -0.664332 -1.02548 0 0
0 0 186 -0.706766 0.95866 0.458957 0.446819 0 0
0 0 187 -0.5904 0.289568 0.146644 -0.916742 0 0
0 0 188 -0.0195309 -0.797627 0.462959 -0.386177 0 0
0 0 189 -0.450751 0.56513 -0.906189 -0.825875 0 0
0 0 190 0.574079 -0.466694 0.202097 0.028517 0 0
0 0 191 -0.839931 1.23096 1.16017 0.283505 0 0
0 0 192 -0.201643 0.827142 -0.409903 -1.2393 0 0
0 0 193 0.779811 -1.33705 0.63405 -0.0730824 0 0
0 0 194 -0.848467 0.449498 1.07709 -0.230614 0 0
0 0 195 0.601451 -0.166709 -0.250855 0.448063 0 0
0 0 196 0.647448 -0.480719 0.053055 0.130681 0 0
0 0 197 -0.390835 -1.14922 -0.761631 0.477482 0 0
0 0 198 -1.88585 1.00633 0.0398706 -1.00292 0 0
0 0 199 0.250228 0.365482 -0.682648 0.885127 0 0
0 0 200 0.809058 0.847187 -1.15629 -0.9368 0 0
0 0 201 -1.01598 0.729887 0.598341 -0.0586208 0 0
0 0 202 -1.33422 1.07614 0.103781 -1.19723 0 0
0 0 203 -0.513646 1.28698 -1.18347 1.46626 0 0
0 0 204 -0.253771 -0.0872738 -0.894339 0.511113 0 0
0 0 205 1.95722 -1.29344 -0.56951 0.921082 0 0
0 0 206 1.03783 0.219118 0.623534 -0.735776 0 0
0 0 207 0.771165 0.0865302 -0.571004 0.647169 0 0
0 0 208 -0.0654058 -0.0395889 0.796041 0.516198 0 0
0 0 209 -0.335275 0.576563 0.462247 -0.359229 0 0
0 0 210 -0.254199 0.321072 -0.105232 -0.0904543 0 0
0 0 211 -1.55811 1.13291 1.07229 0.133989 0 0
0 0 212 -1.38197 -0.64282 1.24954 -0.962534 0 0
0 0 213 -0.100285 0.076777 0.712887 0.831707 0 0
0 0 214 -1.14563 0.31627 -0.576485 1.35234 0 0
0 0 215 0.612464 -0.480773 0.306716 -0.826783 0 0
0 0 216 0.468941 -0.00567496 -1.20329 0.0336096 0 0
0 0 217 0.19256 1.16087 0.409064 -1.35342 0 0
0 0 218 -0.278595 -0.499332 -0.677315 -0.596803 0 0
0 0 219 0.138311 0.169379 0.590456 -0.530171 0 0
0 0 220 2.01102 -0.0152016 0.813503 -0.153615 0 0
0 0 221 -0.0369028 1.71658 0.0550782 0.319216 0 0
0 0 222 -0.159357 -0.194675 0.702416 0.657996 0 0
0 0 223 -0.687376 0.466817 -0.132007 0.200166 0 0
0 0 224 -0.0161315 -1.3931 -1.20331 -2.26728 0 0
0 0 225 1.98646 -0.563387 -0.702162 0.217888 0 0
0 0 226 -0.693671 0.896101 0.258235 -0.728106 0 0
0 0 227 0.83147 0.0889192 0.280762 -0.0798447 0 0
0 0 228 -0.420007 -1.79938 -0.255332 -0.463448 0 0
0 0 229 -0.981396 -0.913243 -0.69514 0.232681 0 0
0 0 230 1.18327 0.822943 0.957133 -1.79784 0 0
0 0 231 0.303036 -0.107079 0.171856 1.02302 0 0
0 0 232 -1.22163 -0.397715 -0.678682 0.0628969 0 0
0 0 233 -0.654114 0.189911 1.2648 -1.22397 0 0
0 0 234 1.36566 0.810039 -1.44979 0.527326 0 0
0 0 235 0.101199 -0.105167 0.0897569 -0.837572 0 0
0 0 236 -0.498618 -1.09305 0.195918 -0.875382 0 0
0 0 237 -0.397696 -0.627366 0.192822 -1.23466 0 0
0 0 238 -0.573841 1.07743 0.494899 1.37319 0 0
0 0 239 -0.831531 -0.232502 -0.0510189 -0.21596 0 0
0 0 240 -1.05108 1.06162 0.456557 0.311884 0 0
0 0 241 0.843391 -0.47541 -0.885205 -0.327114 0 0
0 0 242 -1.02744 1.16746 -0.125573 0.471688 0 0
0 0 243 -0.40554 -0.436701 -1.2317 0.186588 0 0
0 0 244 -0.645273 -0.284455 0.209855 0.56815 0 0
0 0 245 -0.7344 1.38164 0.47729 -0.122187 0 0
0 0 246 0.611097 1.06445 0.433141 -0.513645 0 0
0 0 247 -0.869917 -1.27972 -1.29494 -0.102452 0 0
0 0 248 1.03893 0.670464 -0.537224 -0.121729 0 0
0 0 249 0.847002 -0.994866 0.56712 0.0408403 0 0
0 0 250 0.284224 -0.683815 -0.80924 -0.297412 0 0
0 0 251 -1.18492 0.403504 -0.0690126 -1.15305 0 0
0 0 252 -0.326349 -0.272326 1.32496 0.490511 0 0
0 0 253 -1.37297 0.925463 0.321619 0.763119 0 0
0 0 254 -0.40327 0.891843 0.435034 0.366835 0 0
0 0 255 -0.644219 -0.0250632 1.09661 1.14374 0 0
0 0 256 0.278518 -0.0154952 -1.07815 0.71086 0 0
0 0 257 0.79103 0.965435 -0.0885973 0.299062 0 0
0 0 258 -0.983394 0.716626 0.918241 0.774668 0 0
0 0 259 0.111548 1.47792 0.707208 0.642404 0 0
0 0 260 0.563235 -1.00379 0.524933 -0.995996 0 0
0 0 261 0.160645 -1.17306 -1.90456 -0.276325 0 0
0 0 262 -0.168019 -1.28925 0.194598 0.996915 0 0
0 0 263 0.999912 0.598399 -0.693002 -2.11134 0 0
0 0 264 0.373336 -1.12785 -1.01927 -0.690949 0 0
0 0 265 -0.217315 -2.55002 0.806902 -0.358136 0 0
0 0 266 -0.246476 -0.600652 0.0129829 0.354241 0 0
0 0 267 1.17506 0.764915 0.459009 -0.242158 0 0
0 0 268 -0.70755 -0.124029 -0.741204 0.252428 0 0
0 0 269 2.32088 -0.884368 -0.66236 -0.92995 0 0
0 0 270 0.149868 0.733633 -0.665302 0.485435 0 0
0 0 271 -0.743682 1.33291 -0.182292 0.351765 0 0
0 0 272 -0.606986 -0.489344 -1.69406 0.36369 0 0
0 0 273 -0.228163 -0.424696 0.0744534 0.436748 0 0
0 0 274 1.05523 -0.274497 -0.797402 -0.791307 0 0
0 0 275 -0.211565 0.863656 -0.540178 -0.936075 0 0
0 0 276 0.836936 -0.571147 -0.493637 0.457291 0 0
0 0 277 -0.0951562 -0.23144 -0.576683 0.0267106 0 0
0 0 278 0.104239 1.6351 -0.855533 0.309675 0 0
0 0 279 -0.978469 -1.1786 -1.10025 0.15236 0 0
0 0 280 0.381794 -0.172247 -0.432574 0.417471 0 0
0 0 281 -0.570715 0.674867 0.909498 -0.454671 0 0
0 0 282 -1.02273 1.05518 -0.136145 -1.28302 0 0
0 0 283 -0.778836 -0.199973 0.390072 1.51773 0 0
0 0 284 0.285886 -0.190404 -1.50806 0.0953673 0 0
0 0 285 -0.0542874 1.44265 0.300751 0.939809 0 0
0 0 286 -1.1999 1.42336 0.585869 0.837544 0 0
0 0 287 -1.93861 1.51937 0.453293 0.821048 0 0
0 0 288 -0.659562 -0.0371735 -0.863437 0.554371 0 0
0 0 289 0.371179 0.975255 -0.0277118 -0.774428 0 0
0 0 290 -1.00416 0.780817 -0.590899 0.562712 0 0
0 0 291 -0.353224 0.198484 -0.426874 0.931239 0 0
0 0 292 1.02628 0.433577 -0.994236 -0.37775 0 0
0 0 293 -0.492765 -0.602894 1.03107 -0.331599 0 0
0 0 294 -1.10805 1.3765 0.419232 0.3097 0 0
0 0 295 -0.953181 0.995141 0.75577 -1.28547 0 0
0 0 296 0.341294 0.1822 0.439159 0.677243 0 0
0 0 297 0.302596 -0.367817 0.594366 0.106719 0 0
0 0 298 -0.571915 0.107143 0.170895 1.65576 0 0
0 0 299 -2.30599 -1.66974 0.779885 0.279926 0 0
0 0 300 -0.0123268 0.979831 0.487705 -1.94196 0 0
0 0 301 -0.420777 -0.866642 -0.21733 0.176302 0 0
0 0 302 -0.575551 1.61146 -0.304275 -0.338902 0 0
0 0 303 1.04641 -0.344527 0.372211 0.577429 0 0
0 0 304 -0.638932 -0.0897095 -1.94299 1.39372 0 0
0 0 305 -0.800929 -0.0238069 -2.28434 -0.0115728 0 0
0 0 306 0.447663 0.658309 -0.137936 -0.313403 0 0
0 0 307 2.24068 0.84889 -0.265639 0.137205 0 0
0 0 308 -0.456075 -0.840824 -0.0858383 -0.441176 0 0
0 0 309 -3.04831 0.176836 -0.136581 0.436672 0 0
0 0 310 -1.09573 0.659481 0.928192 -0.225645 0 0
0 0 311 1.15883 -1.55423 -0.82284 0.075622 0 0
0 0 312 0.0695278 -0.910445 0.0118349 0.755449 0 0
0 0 313 0.480143 0.677892 0.0349998 -0.13559 0 0
0 0 314 -0.237433 0.0497082 0.720231 1.08139 0 0
0 0 315 1.58879 1.11176 -0.152333 0.669446 0 0
0 0 316 -1.05508 -1.68198 0.547423 -0.609993 0 0
0 0 317 -0.953051 -1.95077 -2.4081 1.02518 -64.5052 7.75574
0 0 318 0.309954 0.530375 0.66334 1.0418 0 0
0 0 319 1.55212 0.283768 0.965028 0.0994519 0 0
0 0 320 -1.58788 1.27084 0.84057 0.453913 0 0
0 0 321 -0.477103 -0.452761 1.52916 -0.100306 0 0
0 0 322 0.429602 0.0209326 1.32919 0.256473 0 0
0 0 323 -1.31009 1.43034 -0.996146 -0.919346 0 0
0 0 324 -0.264019 0.307494 0.571352 -1.10696 0 0
0 0 325 -0.379578 -0.0552128 -0.0567269 -0.545163 0 0
0 0 326 1.06151 -0.117826 0.111874 -0.41615 0 0
0 0 327 0.558574 -0.0195176 -0.423772 -0.23057 0 0
0 0 328 0.346281 -0.0268906 -0.114242 2.05761 0 0
0 0 329 -1.91111 -1.03817 0.127699 0.180313 0 0
0 0 330 0.182408 1.12802 -0.308227 -1.00188 0 0
0 0 331 -0.19474 0.262252 -0.565947 0.416679 0 0
0 0 332 0.224425 0.375444 -0.950471 -0.0778164 0 0
0 0 333 0.0899607 1.14202 -1.17447 -1.37841 0 0
0 0 334 0.0699351 -1.83663 -1.17499 1.57884 0 0
0 0 335 0.943619 -0.515876 0.0909969 0.353099 0 0
0 0 336 0.0199838 -0.0789597 0.60581 0.166329 0 0
0 0 337 0.0689578 -0.46896 -0.189247 0.82619 0 0
0 0 338 1.15519 -1.00518 -2.25982 -0.785243 0 0
0 0 339 0.400102 0.216067 -0.139661 -0.357345 0 0
0 0 340 -1.96257 0.397613 0.0871036 -0.660239 0 0
0 0 341 -0.105709 -1.25166 -0.376271 0.386066 0 0
0 0 342 -1.6261 -0.0704465 -0.114415 -0.6856 0 0
0 0 343 -0.38223 -0.0549655 -0.93918 0.724799 0 0
0 0 344 1.07154 -0.775863 1.12217 0.0975188 0 0
0 0 345 0.202473 -0.0194463 1.26432 -0.887581 0 0
0 0 346 -0.256687 0.534694 -1.11654 1.3086 0 0
0 0 347 -0.232634 0.102089 -1.33657 -0.322849 0 0
0 0 348 -0.543935 -0.0225925 -0.162682 0.178745 0 0
0 0 349 1.56083 0.163958 0.533912 -0.786785 0 0
0 0 350 -1.38069 -0.131193 -0.747766 -0.070287 0 0
0 0 351 -0.635781 -1.63985 0.424129 0.751795 0 0
0 0 352 0.0213517 -0.847675 0.304816 -0.606989 0 0
0 0 353 1.94024 -0.328726 -1.89709 0.280358 0 0
0 0 354 -0.225792 -0.495468 0.161985 0.271334 0 0
0 0 355 0.193901 0.371986 -1.05196 1.17189 0 0
0 0 356 0.30801 -1.72971 -0.700664 -0.594917 0 0
0 0 357 0.302332 0.542334 -2.00564 0.0679626 0 0
0 0 358 -0.289035 -0.97974 0.905301 0.482688 0 0
0 0 359 1.18812 -0.477138 -0.148569 -0.38619 0 0
0 0 360 1.27168 0.0880681 -1.49948 0.462728 0 0
0 0 361 0.823642 2.06041 -0.398554 -0.338692 0 0
0 0 362 0.757364 0.183927 1.9161 -0.302796 0 0
0 0 363 0.530162 0.359796 -1.99605 -1.17672 0 0
0 0 364 0.0208898 -0.75189 0.305114 0.265986 0 0
0 0 365 -1.00786 -0.824046 -1.08862 -0.510303 0 0
0 0 366 -0.552687 1.0262 0.616635 -0.465116 0 0
0 0 367 -0.813059 -1.21666 -1.4433 -0.225079 0 0
0 0 368 0.0316842 0.452301 -0.702268 -0.631253 0 0
0 0 369 -0.64411 -0.859969 0.299226 -0.297178 0 0
0 0 370 -0.643517 1.02789 0.821393 -0.328557 0 0
0 0 371 -0.626052 0.680088 -0.454474 -0.0481301 0 0
0 0 372 1.55075 -0.759255 0.657415 0.446328 0 0
0 0 373 -0.498349 -0.527809 0.493171 1.49773 0 0
0 0 374 1.62518 0.81428 -0.128086 0.10884 0 0
0 0 375 -1.47703 -0.85392 0.180468 0.210066 0 0
0 0 376 -0.249453 -1.4338 -0.372536 1.18917 0 0
0 0 377 -0.016896 -0.209247 0.709893 -0.632661 0 0
0 0 378 0.0231219 0.548138 0.244384 -0.209181 0 0
0 0 379 1.32523 0.583428 0.244418 -1.37854 0 0
0 0 380 -0.154927 -0.000689253 -0.271506 -0.375044 0 0
0 0 381 -0.781657 1.25055 -0.258413 -0.802651 0 0
0 0 382 -0.0809595 -0.175446 0.170884 -1.32212 0 0
0 0 383 -0.441516 0.18513 1.34156 0.424929 0 0
0 0 384 1.54519 -0.592358 0.0636478 -0.0910221 0 0
0 0 385 0.779415 -0.884604 1.09644 0.668402 0 0
0 0 386 -1.46887 -0.0946144 0.630498 -0.22448 0 0
0 0 387 -0.579505 -0.86291 -0.211352 -0.299015 0 0
0 0 388 -1.25821 -0.414602 -0.699354 0.359948 0 0
0 0 389 0.354417 0.147439 -0.339461 0.343838 0 0
0 0 390 -1.52487 0.451132 -0.947646 -0.434013 0 0
0 0 391 -0.315001 0.156312 -0.606313 3.1678 0 0
0 0 392 -0.793886 -0.222535 0.270987 0.665977 0 0
0 0 393 -0.675977 -0.00186542 -0.921508 0.0792752 0 0
0 0 394 1.42673 0.896901 -0.626564 1.33265 0 0
0 0 395 -0.310663 -0.255483 -0.286906 -0.312501 0 0
0 0 396 0.966358 1.02495 -0.554019 1.03026 0 0
0 0 397 -0.10988 -1.64333 -0.836873 1.61218 0 0
0 0 398 -1.95933 0.410551 -1.00431 1.51898 0 0
0 0 399 0.225887 -0.997586 -0.300261 -0.265408 0 0
0 0 400 -0.0313535 -0.746705 -1.83553 0.946739 0 0
0 0 401 -1.12011 0.830815 -1.6897 0.786102 0 0
0 0 402 -0.626926 0.220068 0.211905 -0.926078 0 0
0 0 403 0.308475 -0.651046 0.0475942 0.410889 0 0
0 0 404 -2.47186 0.583235 -0.0324345 -0.799963 0 0
0 0 405 -1.2862 -1.59427 0.618063 0.587421 0 0
0 0 406 1.17509 0.293343 0.465702 1.73124 0 0
0 0 407 -0.0455348 1.53822 -0.883014 0.462734 0 0
0 0 408 1.07978 -2.38318 0.675032 0.934607 0 0
0 0 409 -0.338692 0.818074 -1.10071 -0.431779 0 0
0 0 410 1.79465 -0.584883 1.07406 -0.394635 0 0
0 0 411 0.328684 -0.277647 0.015598 0.469366 0 0
0 0 412 1.1218 -0.204319 -0.896148 0.65167 0 0
0 0 413 -0.348293 -0.032288 -0.44953 0.311986 0 0
0 0 414 -0.813733 0.330508 -0.168579 -0.753347 0 0
0 0 415 -0.419187 0.662938 -0.091624 0.27816 0 0
0 0 416 -1.06651 -0.0442044 -0.679929 0.706511 0 0
0 0 417 -0.333519 -0.388448 0.752263 0.0132478 0 0
0 0 418 -1.00478 0.929879 -0.771156 -1.64933 0 0
0 0 419 0.174046 0.291003 -0.472415 -0.663403 0 0
0 0 420 -0.159357 1.1395 0.217173 -0.245918 0 0
0 0 421 0.149764 0.749608 -1.03031 0.35048 0 0
0 0 422 -1.69185 1.15696 0.685321 0.697493 0 0
0 0 423 -0.3673 -0.534514 -0.116878 0.227323 0 0
0 0 424 -0.082511 0.503746 -0.266519 1.15161 0 0
0 0 425 0.426283 0.522052 -0.376316 -0.0896592 0 0
0 0 426 -0.838046 1.86361 0.819515 -0.563413 0 0
0 0 427 -0.788878 -0.639278 -0.831125 -0.37516 0 0
0 0 428 0.230141 -0.24419 -0.519633 0.00217018 0 0
0 0 429 0.826627 -0.0165167 -1.11917 0.895381 0 0
0 0 430 1.41757 1.79213 -0.585423 0.0642589 0 0
0 0 431 -0.158467 -0.189576 0.799473 0.198234 0 0
0 0 432 0.354185 -0.285753 0.576158 -0.696536 0 0
0 0 433 -0.342759 -0.338223 -0.0711203 -1.44167 0 0
0 0 434 -0.272732 -0.230062 -0.285539 -0.461159 0 0
0 0 435 -0.971828 -0.295851 0.194865 -0.19757 0 0
0 0 436 -0.32513 -0.529504 -0.227322 -0.191919 0 0
0 0 437 -1.55995 -0.189437 -1.04303 0.909333 0 0
0 0 438 0.179976 -2.09476 0.402479 1.00152 0 0
0 0 439 0.207453 0.0206212 -0.973319 0.639066 0 0
0 0 440 -0.948648 0.997294 -0.255034 0.17131 0 0
0 0 441 0.790427 0.0778519 0.25998 -0.248694 0 0
0 0 442 -0.389754 0.486974 0.323153 -0.213124 0 0
0 0 443 -0.735847 0.405639 -0.3685 0.569087 0 0
0 0 444 0.653852 -0.0317158 -1.19718 0.0179302 0 0
0 0 445 -0.122728 0.494061 0.0196606 0.255949 0 0
0 0 446 -0.681265 -0.781421 -0.270212 1.10905 0 0
0 0 447 0.184872 -1.43362 -1.49922 0.471105 0 0
0 0 448 -0.153914 0.266541 0.399659 -1.21157 0 0
0 0 449 -0.832728 -0.18559 0.555519 0.330717 0 0
0 0 450 -0.394003 -0.221318 -0.0850301 0.151886 0 0
0 0 451 -1.63918 1.77291 -0.372865 1.00945 0 0
0 0 452 -1.57123 -0.305443 -0.163908 0.811549 0 0
0 0 453 -0.417755 0.794858 -0.272737 0.231971 0 0
0 0 454 -0.725135 0.388644 -0.399743 0.0451415 0 0
0 0 455 -0.380618 0.879944 -0.426469 -0.536695 0 0
0 0 456 0.45832 0.285019 -0.0735151 0.428726 0 0
0 0 457 1.67143 -0.319602 -0.129551 0.73964 0 0
0 0 458 -0.880198 0.992072 -0.981799 -0.337465 0 0
0 0 459 0.340614 0.707473 -0.313123 -0.338865 0 0
0 0 460 -0.193185 -0.0304189 0.295585 -0.755087 0 0
0 0 461 1.13371 -0.302445 1.23494 0.754824 0 0
0 0 462 0.763813 1.01142 -0.524593 -0.318409 0 0
0 0 463 1.09476 -1.18377 0.156359 1.09731 0 0
0 0 464 -0.757959 -0.568858 0.59973 0.530513 0 0
0 0 465 -1.61941 0.576869 -1.17261 -0.380315 0 0
0 0 466 -0.721203 0.60125 -1.42345 2.82725 0 0
0 0 467 1.17719 -0.216109 0.169581 0.796096 0 0
0 0 468 -1.18061 0.366669 0.0809211 0.713704 0 0
0 0 469 0.39326 -1.26696 -0.291587 -0.115936 0 0
0 0 470 0.0767121 -1.52703 0.178795 0.360748 0 0
0 0 471 1.32261 0.338046 -0.606974 -0.691693 0 0
0 0 472 -0.880363 2.30323 -0.518499 -0.449223 0 0
0 0 473 2.42014 0.667351 -1.46041 -0.684725 0 0
0 0 474 0.189704 0.458947 -0.811368 0.235893 0 0
0 0 475 -0.937099 0.0084689 -1.50178 1.22619 0 0
0 0 476 0.595922 0.302322 -0.597527 1.02297 0 0
0 0 477 -0.743232 0.194908 -0.518719 -0.777364 0 0
0 0 478 -0.361023 -1.31504 -0.485223 -0.319492 0 0
0 0 479 -0.434487 -1.28342 -0.19478 -0.873995 0 0
0 0 480 1.42531 0.310329 -0.776151 -0.471939 0 0
0 0 481 -1.83631 0.667853 0.399253 0.680258 0 0
0 0 482 -0.322291 0.715778 0.506926 -1.58006 0 0
0 0 483 0.365191 0.656448 1.30533 -0.430791 0 0
0 0 484 0.965029 0.139391 0.826984 1.15948 0 0
0 0 485 -0.639168 -0.260386 -0.848896 -0.126551 0 0
0 0 486 -0.729354 0.0825839 -1.11774 -0.182683 0 0
0 0 487 -1.74741 -0.235251 0.401568 1.98205 0 0
0 0 488 0.430263 1.07738 -1.45647 -0.666324 0 0
0 0 489 -1.64008 2.03085 0.189636 -0.722658 0 0
0 0 490 -0.326448 -0.885185 -0.452757 0.0946249 0 0
0 0 491 -1.12674 -0.942264 -0.836188 0.863322 0 0
0 0 492 0.00607269 0.29967 0.0236762 0.262724 0 0
0 0 493 -0.361901 -0.166578 0.851177 0.814946 0 0
0 0 494 2.09501 -0.394582 -0.934951 -1.04152 0 0
0 0 495 0.566746 0.973524 -1.75074 -0.179877 0 0
0 0 496 -0.344802 -0.624095 -0.591018 -0.936037 0 0
0 0 497 1.64501 0.276538 0.324979 0.265178 0 0
0 0 498 0.776996 -0.732993 -0.623563 -1.04115 0 0
0 0 499 -0.0650127 -0.346567 0.0297242 0.184961 0 0
0 0 500 -1.92289 0.525605 1.86532 -0.241372 0 0
0 0 501 0.0824542 0.758709 -1.52779 -0.0496923 0 0
0 0 502 -0.476896 -0.71151 -0.97878 -0.287759 0 0
0 0 503 0.723983 0.823716 -0.0409004 0.0886562 0 0
0 0 504 -1.5069 0.812498 -1.13448 1.60354 0 0
0 0 505 0.379629 -0.306272 -0.621784 0.615459 0 0
0 0 506 0.856072 -0.859721 1.32915 0.250621 0 0
0 0 507 -0.930506 -0.0808702 -1.12989 -0.31846 0 0
0 0 508 -0.198986 0.789261 0.116631 0.0481531 0 0
0 0 509 -0.643832 -0.794331 0.567772 -1.52001 0 0
0 0 510 -0.557391 0.770494 -0.82956 1.86095 0 0
0 0 511 0.348772 -0.0335211 -0.702919 -1.47443 0 0
0 0 512 -1.15537 1.32938 -1.10599 0.359925 0 0
0 0 513 -0.0335552 -0.537226 -0.471338 -0.0981995 0 0
0 0 514 -1.92738 1.65006 -0.325549 0.0674166 0 0
0 0 515 0.141918 -0.0135987 0.233399 0.916414 0 0
0 0 516 -0.773574 -0.180708 0.656573 -0.359502 0 0
0 0 517 0.25037 -1.23792 -0.0781594 -0.550093 0 0
0 0 518 -0.115269 -0.897584 0.672349 0.0116049 0 0
0 0 519 1.05072 -0.314201 -1.32761 1.25963 0 0
0 0 520 -1.83969 0.054526 0.4232 0.0833263 0 0
0 0 521 0.736565 0.129397 0.020919 0.192258 0 0
0 0 522 0.0161675 -0.365774 -0.114626 -0.155843 0 0
0 0 523 -0.0756528 -0.659501 0.0967444 -0.930548 0 0
0 0 524 -1.25286 0.853691 0.915071 0.185872 0 0
0 0 525 2.11342 -1.69516 -1.38085 -0.0131249 0 0
0 0 526 -0.590222 0.646546 -0.638319 0.410893 0 0
0 0 527 0.329758 -0.0298521 -1.07298 0.738776 0 0
0 0 528 0.804542 -0.191435 0.79922 0.405244 0 0
0 0 529 1.71051 -1.70802 0.356865 0.842622 0 0
0 0 530 -0.514796 -0.659286 -1.0095 -0.597321 0 0
0 0 531 1.73014 0.356689 1.50318 0.168629 0 0
0 0 532 -0.407958 0.236238 -0.240404 0.269888 0 0
0 0 533 0.0510544 0.334455 0.557163 -0.411252 0 0
0 0 534 -0.997582 -0.661838 -1.03476 1.85321 0 0
0 0 535 -0.342598 0.663267 -2.19425 0.584301 0 0
0 0 536 0.832916 0.762348 -0.193058 -0.0858504 0 0
0 0 537 -0.0803548 0.710842 -0.150808 -0.247564 0 0
0 0 538 0.00295347 0.952921 -1.56527 -0.11408 0 0
0 0 539 0.287555 1.64176 -0.279401 1.02906 0 0
0 0 540 0.679058 0.13309 -1.78639 -0.413965 0 0
0 0 541 -0.179195 -0.765454 0.140779 -0.441269 0 0
0 0 542 -0.778267 1.03378 -1.11019 0.885413 0 0
0 0 543 0.0811501 -0.0525104 -0.473459 0.711188 0 0
0 0 544 0.325181 0.23019 -1.34632 0.70126 0 0
0 0 545 1.53048 -1.04418 0.701598 0.822126 0 0
0 0 546 0.536422 0.717861 -0.676915 1.05064 0 0
0 0 547 0.0328825 -0.219407 0.455322 0.416166 0 0
0 0 548 -0.160793 1.49249 1.84069 0.791744 0 0
0 0 549 0.489237 -1.08776 -0.461852 -0.564803 0 0
0 0 550 0.680982 -0.237289 -0.393588 1.39377 0 0
0 0 551 -0.631262 -0.833057 2.5335 0.52279 0 0
0 0 552 -1.00234 -0.0291767 -0.613876 0.267851 0 0
0 0 553 1.0514 -0.404469 -0.221537 -0.703279 0 0
0 0 554 -0.196441 -2.26316 0.822986 0.68736 0 0
0 0 555 1.96834 2.27796 0.939034 0.112188 0 0
0 0 556 -0.685809 -1.47066 -0.492638 -1.08151 0 0
0 0 557 0.31384 0.622493 0.387113 0.0960416 0 0
0 0 558 -1.98108 -0.444119 -0.268315 0.254843 0 0
0 0 559 -1.60458 0.342555 -0.474758 0.746153 0 0
0 0 560 -0.33359 0.0503396 0.266461 0.236412 0 0
0 0 561 -0.781052 0.0732107 0.126057 0.491373 0 0
0 0 562 0.18773 -1.3843 -0.166828 -0.698157 0 0
0 0 563 -0.611082 -0.131728 0.670665 0.445243 0 0
0 0 564 -1.71838 -0.125514 -0.612158 -0.168138 0 0
0 0 565 -0.593826 -0.228049 0.524704 -0.851955 0 0
0 0 566 -0.13427 -0.259106 -0.590194 1.02089 0 0
0 0 567 2.25784 -0.596264 -0.337045 -0.566116 0 0
0 0 568 -0.121417 0.652612 -0.904956 1.32398 0 0
0 0 569 0.991462 0.429384 -0.0172738 -1.78912 0 0
0 0 570 -1.10583 1.20938 -1.4123 -0.462477 0 0
0 0 571 1.6751 -0.359441 -1.67639 -1.23108 0 0
0 0 572 1.9718 1.02532 0.899965 -0.772667 0 0
0 0 573 -0.257385 0.571137 0.184022 0.701977 0 0
0 0 574 -0.486457 0.774857 -1.08741 -0.560054 0 0
0 0 575 0.06971 -0.286362 0.294365 0.567673 0 0
0 0 576 1.42609 0.926625 -1.10966 -1.60755 0 0
0 0 577 -0.204202 -0.796972 0.459625 -0.970401 0 0
0 0 578 -0.588515 0.785231 0.619465 -0.0599541 0 0
0 0 579 0.320098 -0.546795 -1.17168 0.0628467 0 0
0 0 580 0.339715 -0.0204413 -0.108159 -0.331477 0 0
0 0 581 -1.16731 -0.2969 0.489952 0.00904392 0 0
0 0 582 -0.188685 0.364921 -0.335643 0.337884 0 0
0 0 583 -2.00585 1.00327 0.552794 0.455582 0 0
0 0 584 -1.1289 0.781871 1.6595 -0.105928 0 0
0 0 585 1.4874 0.138381 -0.449103 0.422387 0 0
0 0 586 -1.24525 -0.405465 -0.765983 -0.233156 0 0
0 0 587 -0.620216 0.366775 -0.0517532 -1.64302 0 0
0 0 588 -0.371047 -0.190707 -0.998108 0.217858 0 0
0 0 589 1.32212 -0.0389296 -0.235566 1.45479 0 0
0 0 590 -0.633372 -0.0430813 -0.192528 -1.21629 0 0
0 0 591 -0.823496 0.506364 -0.0712981 -0.147719 0 0
0 0 592 -0.03815 -1.27549 -0.0647914 1.13846 0 0
0 0 593 -0.0039928 1.04005 -0.00849127 0.904959 0 0
0 0 594 1.39611 0.709404 0.596793 -0.888251 0 0
0 0 595 -0.40938 0.372174 -0.439387 1.18323 0 0
0 0 596 -0.117558 -0.0816389 -0.669733 -0.646876 0 0
0 0 597 0.535554 0.193473 0.637934 -0.391804 0 0
0 0 598 -1.06772 0.340845 -1.11032 -0.869694 0 0
0 0 599 -1.38157 -0.0649396 -0.038955 -0.106082 0 0
0 0 600 -0.635394 0.85409 0.624147 0.928122 0 0
0 0 601 0.362182 -0.316135 -1.5095 1.15173 0 0
0 0 602 -0.350118 0.322045 -2.32682 0.0684401 0 0
0 0 603 -0.267079 1.86956 -0.849703 -0.950356 0 0
0 0 604 1.48374 -0.691661 -0.656497 0.16455 0 0
0 0 605 0.69088 0.627893 -1.08234 -0.557971 0 0
0 0 606 -1.74881 -0.724192 0.77271 -0.0165945 0 0
0 0 607 -0.533737 -0.353947 -2.26222 0.326242 0 0
0 0 608 1.02262 -1.70231 1.44203 -0.308429 0 0
0 0 609 -0.244068 0.440004 0.17666 -1.2802 0 0
0 0 610 0.311806 -0.927442 -0.981842 0.874326 0 0
0 0 611 -1.51128 0.476255 -0.584456 1.49117 0 0
0 0 612 0.712288 0.164607 0.138989 -0.978623 0 0
0 0 613 -1.19456 -0.12734 -1.46842 -0.444787 0 0
0 0 614 -0.156886 -0.734638 0.318103 0.00610424 0 0
0 0 615 -0.0342842 -0.0589236 -0.516217 -0.294963 0 0
0 0 616 0.083114 1.64569 -0.208299 -0.0225087 0 0
0 0 617 0.0885682 -1.11095 -0.149687 2.97332 0 0
0 0 618 -1.36281 -0.583809 -0.057938 1.5616 0 0
0 0 619 1.2253 -0.234358 1.63608 0.014351 0 0
0 0 620 0.112803 -0.32977 -0.163326 -0.854315 0 0
0 0 621 0.0702662 -1.42522 -0.859137 1.00543 0 0
0 0 622 -1.03268 1.88191 0.486135 -0.878552 0 0
0 0 623 -0.486718 0.728625 -1.31185 0.553529 0 0
0 0 624 -1.89258 0.280346 -0.121043 -0.154973 0 0
0 0 625 -1.17049 -0.0578258 -0.287317 -0.316498 0 0
0 0 626 -0.332179 0.917552 0.692955 2.10078 0 0
0 0 627 -1.13408 0.631429 0.338671 -0.506947 0 0
0 0 628 1.01333 -0.542513 -1.58869 0.167446 0 0
0 0 629 0.354451 0.384572 -0.875251 0.110559 0 0
0 0 630 -0.469382 0.640128 -0.720711 -0.495881 0 0
0 0 631 0.218396 0.128642 1.12326 0.44772 0 0
0 0 632 -0.167342 -0.778826 0.459188 -0.400254 0 0
0 0 633 -1.00247 2.18078 1.07681 -0.958603 0 0
0 0 634 0.676106 1.17981 -0.654912 0.212261 0 0
0 0 635 -1.30411 1.7633 0.203795 0.286134 0 0
0 0 636 0.560403 -0.98353 -0.197419 0.375608 0 0
0 0 637 0.486226 0.35784 0.143944 -2.63457 0 0
0 0 638 -0.153502 0.185095 -0.922463 -0.471329 0 0
0 0 639 -1.21901 -0.0228641 0.296713 0.582261 0 0
0 0 640 0.777673 0.0255526 0.023683 -0.548705 0 0
0 0 641 -0.715039 -0.380656 0.0342767 0.619555 0 0
0 0 642 1.33817 0.142955 -0.237041 0.0809797 0 0
0 0 643 -0.023113 2.47752 0.747321 0.202009 0 0
0 0 644 0.996516 -0.170268 0.448977 0.240293 0 0
0 0 645 1.97344 -1.90206 -0.992918 0.872171 0 0
0 0 646 -0.361198 2.06813 1.08884 0.65488 0 0
0 0 647 0.794594 0.286084 1.65932 0.296561 0 0
0 0 648 0.547005 1.73307 -0.416558 0.294889 0 0
0 0 649 -0.570198 0.293515 -1.1161 0.782359 0 0
0 0 650 0.360224 0.0775051 1.1625 0.126912 0 0
0 0 651 0.270007 0.806906 -0.606358 0.353949 0 0
0 0 652 0.452136 -0.101531 -1.84819 -0.159002 0 0
0 0 653 -0.109556 0.0456387 1.53895 -0.386865 0 0
0 0 654 -0.765302 0.810105 0.777698 0.68688 0 0
0 0 655 1.38982 1.24869 1.34402 1.69685 0 0
0 0 656 -0.113972 -0.727376 -0.606512 0.568169 0 0
0 0 657 0.688609 0.971999 -0.422708 1.42033 0 0
0 0 658 -0.292572 0.796519 0.456894 -1.19755 0 0
0 0 659 0.947685 -0.770471 0.314223 0.0860401 0 0
0 0 660 -0.061157 -0.0279021 -0.747375 0.531211 0 0
0 0 661 -0.417441 -0.472652 -0.638672 -0.269093 0 0
0 0 662 0.330866 0.0671814 -1.37948 -0.668585 0 0
0 0 663 -1.61605 -0.546309 -0.138759 1.61237 0 0
0 0 664 -0.0734277 0.357276 1.09565 1.31993 0 0
0 0 665 -1.57655 0.0468496 -0.0491281 -0.758112 0 0
0 0 666 -0.318488 0.0901275 -0.409277 0.0783604 0 0
0 0 667 0.102838 -1.06266 0.625311 -0.532993 0 0
0 0 668 0.378416 0.220011 -1.53727 0.302921 0 0
0 0 669 -2.21252 0.541285 -1.06206 -0.372929 0 0
0 0 670 -0.96212 -0.399192 -1.24325 0.784733 0 0
0 0 671 -0.864449 -0.58311 0.95881 -0.17299 0 0
0 0 672 -0.613303 -0.34495 -0.253106 0.243298 0 0
0 0 673 0.497957 -0.945368 -1.37372 0.31949 0 0
0 0 674 0.293592 -0.0810063 -0.744689 -0.848215 0 0
0 0 675 0.936622 0.468806 -0.1349 -0.323156 0 0
0 0 676 1.25204 0.29547 -0.368557 -1.49473 0 0
0 0 677 -0.0675077 -1.56495 -0.819386 -0.240202 0 0
0 0 678 -0.760812 0.887229 -1.74696 0.180431 0 0
0 0 679 -0.614417 -0.58652 -0.361697 0.295032 0 0
0 0 680 -0.783272 1.08791 0.445552 -0.0887123 0 0
0 0 681 -0.156156 0.55035 -0.126843 0.359209 0 0
0 0 682 1.92979 -0.412381 -0.284255 0.689735 0 0
0 0 683 1.2213 0.68049 -0.96329 0.348637 0 0
0 0 684 0.539261 1.29158 1.35333 0.740993 0 0
0 0 685 -1.33994 -1.02839 -1.1128 0.0901561 0 0
0 0 686 -2.21298 0.636463 0.213193 -1.32861 0 0
0 0 687 -0.332412 -1.83777 -0.900514 1.5313 0 0
0 0 688 -0.29348 -1.5358 1.11745 0.00647481 0 0
0 0 689 -1.33762 -0.565677 -0.044464 -0.500164 0 0
0 0 690 0.714192 0.290435 0.956213 -0.296054 0 0
0 0 691 1.82566 -0.0214348 -1.26532 0.955799 0 0
0 0 692 0.345124 -0.176097 0.125048 0.406839 0 0
0 0 693 1.33406 -1.14704 0.155887 0.158768 0 0
0 0 694 -0.851983 1.05581 -0.438668 0.795051 0 0
0 0 695 0.775702 0.0141135 0.970587 -1.31189 0 0
0 0 696 -0.00989836 -1.15407 0.362379 1.07017 0 0
0 0 697 1.43558 0.683087 -1.66609 -1.47716 0 0
0 0 698 -0.205089 -0.139828 -0.625559 0.315463 0 0
0 0 699 -1.76441 -0.0928276 1.44637 -0.273504 0 0
0 0 700 0.27373 -0.285124 1.33239 0.460902 0 0
0 0 701 -0.185977 -0.101533 0.1353 -0.942159 0 0
0 0 702 0.269549 -1.60689 -1.23375 1.42004 0 0
0 0 703 -0.317212 -0.0904597 -0.138168 0.0105216 0 0
0 0 704 0.298291 -0.505897 -0.756796 -1.45571 0 0
0 0 705 -0.496139 0.143904 0.668994 -1.08642 0 0
0 0 706 -1.1535 -0.871073 -0.223756 0.573836 0 0
0 0 707 0.735026 -0.409241 -0.1102 0.564131 0 0
0 0 708 -0.566458 0.330929 2.02999 2.98829 0 0
0 0 709 -1.0662 -1.19868 0.00476773 2.03406 0 0
0 0 710 0.465657 0.285568 -0.481947 0.54326 0 0
0 0 711 0.202011 0.092023 -0.0643833 1.5636 0 0
0 0 712 1.37227 -0.66727 -0.259563 1.00566 0 0
0 0 713 -1.05145 -0.491793 0.392738 -0.276787 0 0
0 0 714 -0.512659 0.26835 -1.33404 0.058947 0 0
0 0 715 -0.752264 0.0871009 -0.485859 0.164709 0 0
0 0 716 0.898263 -0.175333 0.592926 0.231597 0 0
0 0 717 1.00485 0.45592 1.62664 -0.190285 0 0
0 0 718 1.15155 -0.157309 -0.552519 0.975787 0 0
0 0 719 -0.65593 0.82633 0.474365 -0.185811 0 0
0 0 720 0.237066 0.190591 -1.26393 0.236831 0 0
0 0 721 -1.24271 0.0210348 1.30635 2.39548 0 0
0 0 722 -0.513326 0.362538 -0.354564 0.264595 0 0
0 0 723 1.01643 -1.31882 0.78137 -0.278277 0 0
0 0 724 0.21675 0.105837 -0.474894 0.925663 0 0
0 0 725 0.127375 0.477227 -1.30122 1.07233 0 0
0 0 726 -0.0510453 -0.994679 -1.61964 -0.202883 0 0
0 0 727 -0.375077 1.11566 0.037581 1.32919 0 0
0 0 728 -1.20226 1.19569 -1.09749 -0.473658 0 0
0 0 729 -0.542551 0.329758 -0.16111 1.19135 0 0
0 0 730 1.39246 0.680688 -0.266749 -2.21104 0 0
0 0 731 -1.78356 0.165196 -0.5033 0.797621 0 0
0 0 732 0.29686 1.20611 -0.670954 0.697624 0 0
0 0 733 1.00245 0.114632 -0.269911 0.0400914 0 0
0 0 734 0.816492 -0.50899 0.689568 -0.00678436 0 0
0 0 735 -0.591034 0.877501 0.419578 1.30827 0 0
0 0 736 0.395928 0.458451 -0.0121102 -0.904655 0 0
0 0 737 -0.508163 1.56643 0.997573 -0.0976416 0 0
0 0 738 0.108538 0.937867 0.0627407 -0.193792 0 0
0 0 739 -0.114974 0.579426 0.570914 0.0981477 0 0
0 0 740 1.33946 -0.135661 -0.657135 0.290048 0 0
0 0 741 -0.0958513 0.0214607 -0.0409501 -0.322712 0 0
0 0 742 0.462933 1.95566 0.513767 0.343357 0 0
0 0 743 1.1821 0.303398 0.0755722 -0.628342 0 0
0 0 744 0.0710183 1.5404 0.901931 0.268458 0 0
0 0 745 -2.14477 0.216105 -0.101827 0.191547 0 0
0 0 746 0.339604 -0.459488 -0.630697 -0.070722 0 0
0 0 747 1.0637 0.012045 1.25729 -0.351503 0 0
0 0 748 0.0999825 0.657896 0.390282 0.217836 0 0
0 0 749 1.52353 -0.28584 -0.30689 -0.41681 0 0
0 0 750 1.12259 -0.735953 0.665295 -1.00347 0 0
0 0 751 1.70638 -0.265511 -1.23774 -0.585967 0 0
0 0 752 0.224748 -0.929077 -0.640565 1.48685 0 0
0 0 753 0.116621 0.217901 0.363978 0.47273 0 0
0 0 754 -1.06934 1.36505 -0.0208334 0.366642 0 0
0 0 755 -0.740243 0.485618 1.19639 0.966103 0 0
0 0 756 0.893194 -0.382432 0.183723 0.469206 0 0
0 0 757 0.351289 -1.05267 -0.0877692 0.240695 0 0
0 0 758 0.682677 0.0950634 0.273813 0.134145 0 0
0 0 759 -0.102066 -0.543263 -1.40453 0.431729 0 0
0 0 760 0.607604 0.0646284 -0.218585 2.00275 0 0
0 0 761 0.205984 0.357955 -1.20048 1.5106 0 0
0 0 762 1.10566 0.632478 0.204376 -0.0502472 0 0
0 0 763 0.0281962 -0.210219 0.747369 0.461595 0 0
0 0 764 -1.17909 -0.049115 -1.03339 0.0127553 0 0
0 0 765 0.176985 -1.01754 -0.417928 -0.622869 0 0
0 0 766 0.0166943 -0.041366 0.396676 1.00776 0 0
0 0 767 0.910986 1.43352 0.408232 0.781721 0 0
0 0 768 0.0641306 1.67058 -0.637629 0.206265 0 0
0 0 769 -1.02464 0.363404 -0.553389 0.498701 0 0
0 0 770 -0.471703 -0.624341 0.731844 0.311624 0 0
0 0 771 -1.40096 1.50794 0.775809 0.559456 0 0
0 0 772 -0.282923 1.03718 -1.62694 0.168279 0 0
0 0 773 1.10149 0.594604 -1.04245 0.985936 0 0
0 0 774 -0.55626 0.215507 0.390895 -2.12514 0 0
0 0 775 0.0286484 0.707575 0.0991349 -1.94859e-05 0 0
0 0 776 -1.56591 0.814107 0.178982 0.757717 0 0
0 0 777 0.936583 -0.0434634 0.0024023 0.261491 0 0
0 0 778 -2.00168 -2.34701 1.57623 -0.717859 73.0575 8.03572
0 0 779 -0.125112 0.545581 0.00591128 0.475446 0 0
0 0 780 -1.1022 -0.436246 -0.77019 1.37267 0 0
0 0 781 0.195445 0.3097 1.36895 -1.39595 0 0
0 0 782 -2.01198 0.233018 -0.426208 0.293342 0 0
0 0 783 0.110636 1.13513 0.0295097 1.17803 0 0
0 0 784 -1.14423 -0.647532 -0.405775 -0.682224 0 0
0 0 785 0.464919 -0.042917 -0.661632 -0.0264266 0 0
0 0 786 -0.337427 1.22844 0.899032 0.562284 0 0
0 0 787 0.211647 0.689421 0.877374 0.399055 0 0
0 0 788 0.891935 1.18079 -0.155808 -0.065499 0 0
0 0 789 0.809115 0.0752547 -0.00819354 1.53024 0 0
0 0 790 -0.468743 -0.248966 -0.187958 -0.0948157 0 0
0 0 791 0.00906608 0.23555 -0.957941 -0.380241 0 0
0 0 792 1.3963 -1.67626 -0.108688 0.466145 0 0
0 0 793 0.625058 -0.00075835 0.199846 0.126101 0 0
0 0 794 -1.36484 1.36855 -2.33245 0.936277 0 0
0 0 795 0.195488 0.260339 -0.110297 -0.0976154 0 0
0 0 796 1.38083 2.86279 -0.299704 0.787394 -2.98826 7.3946
0 0 797 -0.00769068 -0.16172 0.965394 -1.23843 0 0
0 0 798 0.100962 0.435257 0.546001 0.630264 0 0
0 0 799 -1.21284 0.348466 -1.08312 1.2686 0 0
0 0 800 1.40508 -1.33529 0.354687 -0.113466 0 0
0 0 801 0.306533 0.994071 0.190294 -0.266605 0 0
0 0 802 0.647943 -0.347265 0.496074 0.14619 0 0
0 0 803 0.0927948 -0.903325 0.441662 -0.101462 0 0
0 0 804 0.657353 -1.30653 0.924172 1.34282 0 0
0 0 805 -0.0229165 0.458488 0.399894 1.46522 0 0
0 0 806 -1.35371 -0.590696 -0.52322 -0.130483 0 0
0 0 807 0.311811 0.137073 -0.243285 1.16928 0 0
0 0 808 1.1557 0.97378 -0.052946 -0.384755 0 0
0 0 809 -0.00115484 1.10845 -0.372047 -0.383598 0 0
0 0 810 -0.0172963 0.827774 -0.660464 0.5801 0 0
0 0 811 -0.0571246 0.921007 0.10367 -0.823143 0 0
0 0 812 -0.549932 -0.841377 0.0288573 -1.36265 0 0
0 0 813 0.351097 1.38895 -2.46405 0.870423 -30.2953 8.73411
0 0 814 1.15729 -0.651596 -0.591091 -0.232957 0 0
0 0 815 0.490799 -1.69117 -0.159451 0.164302 0 0
0 0 816 -0.948771 -0.0119251 -0.67345 -0.387143 0 0
0 0 817 2.20427 1.4754 -0.287066 0.938615 0 0
0 0 818 0.843818 0.181659 0.821663 0.36694 0 0
0 0 819 -1.40253 0.387666 -0.420693 0.488657 0 0
0 0 820 0.127839 0.0434193 -0.573593 0.681531 0 0
0 0 821 0.746564 -0.0563357 0.782285 -0.711734 0 0
0 0 822 0.449696 0.581447 -0.329264 0.77108 0 0
0 0 823 0.168906 -0.927326 -1.53603 0.782713 0 0
0 0 824 0.512203 -0.89682 0.0825754 -0.831068 0 0
0 0 825 2.1584 0.902825 -2.19145 0.20214 0 0
0 0 826 0.515637 -0.0752552 -1.00508 0.890785 0 0
0 0 827 1.67234 -1.35496 0.516215 -2.15759 0 0
0 0 828 0.140711 -0.7026 -0.597168 -1.12073 0 0
0 0 829 -0.333166 0.455447 -0.585241 1.28973 0 0
0 0 830 -0.0608198 0.680138 -1.03396 2.10606 0 0
0 0 831 -0.794816 -0.192867 -1.10194 -0.910384 0 0
0 0 832 0.068958 -0.951128 -2.55585 -0.479213 0 0
0 0 833 0.366201 -0.585445 -2.03899 0.933805 0 0
0 0 834 0.283971 -0.155107 -0.379133 0.561029 0 0
0 0 835 0.92237 -1.24066 -0.80407 0.371003 0 0
0 0 836 0.450821 1.26589 1.16786 -0.130285 0 0
0 0 837 1.84645 0.386523 -2.14265 -0.2431 0 0
0 0 838 0.119383 0.620834 -1.67172 0.653511 0 0
0 0 839 3.2237 -0.99356 -0.848513 -0.979869 0 0
0 0 840 1.51421 -0.11349 -0.559469 0.133144 0 0
0 0 841 2.30581 0.701304 -1.44515 0.689431 0 0
0 0 842 1.84691 2.01815 -1.58831 -0.00433512 0 0
0 0 843 2.27235 0.813682 -2.83239 -0.287908 -36.9859 8.61806
0 0 844 3.37048 0.0451635 -4.13897 0.324403 -44.6874 6.21136
0 0 845 3.84622 -1.59734 -3.99481 0.11703 -55.8971 5.84351
0 0 846 1.46237 0.628025 -3.26905 -0.469834 -39.5626 7.6798
0 0 847 3.54619 0.640747 -4.35881 -0.604185 -40.8187 5.81616
0 0 848 6.06595 -1.93973 -6.28267 -1.18212 -53.5789 3.85569
0 0 849 6.08587 -0.0680075 -6.1176 -0.411614 -45.3185 4.20239
0 0 850 6.22819 0.541616 -4.95134 0.779105 -41.8787 5.15216
0 0 851 5.07215 0.256006 -4.01282 -1.27311 -43.1748 6.39001
0 0 852 6.94538 -0.100765 -6.80804 0.596365 -45.424 3.77597
0 0 853 7.18728 -1.7817 -5.0014 -0.938341 -54.804 4.75505
0 0 854 6.99655 -1.5939 -6.15119 0.601735 -52.2635 4.00546
0 0 855 6.93142 -2.16163 -6.86883 0.440597 -53.7344 3.51892
0 0 856 7.51285 0.499069 -6.95494 -0.0401365 -42.9478 3.68426
0 0 857 6.58759 -1.9343 -6.18255 0.0287328 -53.6865 3.91219
0 0 858 7.78884 0.647439 -6.21875 0.240165 -42.0282 4.10513
0 0 859 7.90775 -0.794348 -5.67431 1.10206 -48.9845 4.47356
0 0 860 7.8589 0.103765 -4.88208 -0.157898 -44.3912 5.26477
0 0 861 6.56012 -0.259235 -6.89822 0.212924 -46.0761 3.72368
0 0 862 6.2375 0.559296 -4.84782 0.847963 -41.7094 5.25759
0 0 863 5.99652 -1.0196 -5.50912 -0.01547 -50.2427 4.56476
0 0 864 5.22002 -2.40077 -5.13477 0.282231 -57.5292 4.40455
0 0 865 5.24239 -0.46916 -5.46257 -0.759271 -47.4544 4.68397
0 0 866 5.90409 -1.23473 -5.44576 -0.341844 -51.3874 4.56841
0 0 867 7.94882 -1.16889 -6.11591 -0.200344 -50.41 4.10595
0 0 868 5.98269 -1.08752 -4.50542 1.2556 -51.7852 5.4985
0 0 869 6.71149 -0.572394 -5.36866 -0.593921 -48.0429 4.75351
0 0 870 4.05613 -1.08022 -3.70774 0.93034 -53.1215 6.57416
0 0 871 5.48092 -2.25387 -4.95611 0.574874 -57.2272 4.59177
0 0 872 5.12964 0.286367 -4.6351 -0.383195 -43.2323 5.53304
0 0 873 4.69156 -1.01375 -5.00875 0.659027 -50.7209 4.99955
0 0 874 4.45584 0.857967 -6.5945 0.925505 -41.2936 3.85597
0 0 875 5.09763 -1.0305 -4.32262 0.127942 -51.7044 5.7361
0 0 876 3.21542 -0.32307 -4.77345 1.23451 -46.936 5.36998
0 0 877 4.3787 -0.997594 -4.82733 0.311848 -50.8381 5.18176
0 0 878 4.17198 0.0768876 -5.08337 0.570676 -44.5667 5.05703
0 0 879 4.98432 0.241235 -5.75214 -0.387058 -43.7993 4.46458
0 0 880 5.70815 -0.281116 -4.16605 0.238982 -46.9302 6.15303
0 0 881 5.01404 -1.19316 -5.54782 1.73605 -51.0688 4.4988
0 0 882 4.16399 -0.550547 -3.01254 -0.133877 -50.1783 8.35223
0 0 883 5.08925 -0.533155 -6.21374 0.0824089 -47.4521 4.11777
0 0 884 6.87387 -0.234562 -3.99838 0.519883 -46.6787 6.41574
0 0 885 6.25188 -1.46939 -6.35483 1.39174 -51.5097 3.90989
0 0 886 6.76008 -0.623585 -5.56722 -0.428978 -48.1955 4.58047
0 0 887 5.55352 -1.57256 -6.25917 -1.42695 -52.0516 3.94607
0 0 888 6.80363 -1.01647 -7.51097 1.84316 -48.8536 3.38244
0 0 889 8.63292 -0.347537 -5.81207 0.300236 -46.711 4.41328
0 0 890 7.50002 -0.304322 -7.49873 -0.469239 -46.162 3.42495
0 0 891 9.58507 -1.90267 -6.59051 0.437195 -53.0517 3.70195
0 0 892 8.56276 -1.40575 -7.84573 1.40119 -50.0791 3.20966
0 0 893 8.22853 -2.4284 -9.14606 1.46893 -52.4349 2.68837
0 0 894 9.0343 -2.17529 -7.85542 -1.06462 -52.7391 3.11834
0 0 895 9.25596 -1.46227 -9.06971 0.444893 -49.5794 2.78734
0 0 896 10.1166 -1.57336 -7.76966 0.79195 -50.7238 3.2229
0 0 897 12.1751 -2.05333 -9.44808 0.182518 -51.1307 2.64004
0 0 898 10.7373 -0.738727 -10.8769 -0.849553 -46.9427 2.35662
0 0 899 12.367 -2.82826 -11.6151 -0.772904 -51.8425 2.13148
0 0 900 14.2156 -2.77336 -12.2801 -0.105384 -51.3632 2.02643
0 0 901 14.0334 -3.57848 -12.9165 -0.375402 -52.7426 1.8964
0 0 902 14.2621 -4.48296 -12.5318 1.71452 -54.8418 1.89658
0 0 903 15.8156 -5.05217 -13.5986 0.995532 -55.1906 1.7378
0 0 904 16.027 -5.01936 -13.4884 -0.417776 -55.2058 1.75155
0 0 905 16.395 -3.86062 -14.0929 -0.0344591 -52.6599 1.73989
0 0 906 16.037 -2.9715 -15.4721 -0.196965 -50.4358 1.62266
0 0 907 16.996 -3.71239 -14.8119 0.0968461 -52.0353 1.66783
0 0 908 16.8143 -6.25802 -12.4163 0.94357 -58.3744 1.78856
0 0 909 16.221 -4.43056 -13.7176 -1.23278 -53.9498 1.75656
0 0 910 16.54 -4.18384 -12.7984 -0.521283 -54.0514 1.87991
0 0 911 18.035 -4.84352 -12.9054 0.107466 -55.2858 1.82821
0 0 912 18.6764 -5.40185 -12.595 0.795837 -56.607 1.82913
0 0 913 18.207 -4.22008 -12.051 -0.981932 -54.6498 1.97831
0 0 914 16.6693 -4.1324 -11.1948 -1.13831 -55.1305 2.11307
0 0 915 18.6222 -3.97981 -11.7786 1.01951 -54.3347 2.03399
0 0 916 19.044 -5.49515 -11.0609 0.469902 -58.2093 2.01511
0 0 917 20.6203 -4.08905 -11.3572 0.145904 -54.9004 2.09073
0 0 918 21.2708 -5.6882 -11.4284 -0.930575 -58.2303 1.9494
0 0 919 23.1337 -5.84472 -10.9003 -1.2103 -59.1001 2.00355
0 0 920 26.2868 -6.06621 -10.0873 0.224524 -60.5108 2.08997
0 0 921 26.858 -4.12842 -9.8965 0.190131 -56.322 2.34048
0 0 922 32.4547 -4.33005 -8.39603 -0.304567 -58.6407 2.6291
0 0 923 36.272 -4.29799 -9.01848 -2.29728 -57.7407 2.49666
0 0 924 39.1414 -2.93685 -7.97484 -0.88799 -55.1085 2.96733
0 0 925 43.1848 -2.64378 -4.70853 -0.0985029 -59.6568 4.57613
0 0 926 48.0409 -1.5551 -1.6377 1.33638 0 0
0 0 927 55.6897 -1.39452 -0.786664 -0.805675 0 0
0 0 928 64.6634 0.704359 4.97189 0.355165 40.9683 5.10403
0 0 929 70.7525 4.44299 8.77567 0.0760667 31.5738 2.52761
0 0 930 85.9233 6.59056 15.9797 0.970685 33.7935 1.45262
0 0 931 94.8874 11.2139 20.302 0.975748 30.5429 1.06653
0 0 932 105.459 13.7592 25.525 1.24085 30.8366 0.854317
0 0 933 118.687 17.629 30.7302 1.9184 30.0792 0.696553
0 0 934 125.769 23.2327 39.5136 1.79006 29.7729 0.537502
0 0 935 134.798 25.8404 42.8138 2.83144 29.4434 0.491818
0 0 936 142.004 29.025 44.895 2.34734 28.5585 0.457827
0 0 937 145.837 31.2527 46.2471 1.97469 27.9751 0.437054
0 0 938 150.119 30.3538 49.0364 0.970085 29.1211 0.425722
0 0 939 147.878 31.4721 48.0912 2.02453 28.3991 0.425475
0 0 940 144.301 29.339 46.7902 0.485322 28.9555 0.444152
0 0 941 141.032 26.5355 42.8833 1.01244 29.1257 0.486867
0 0 942 135.281 25.9939 40.1269 1.46339 28.5326 0.511855
0 0 943 129.647 22.7815 34.3943 0.785845 28.2405 0.592219
0 0 944 119.039 19.8209 27.6739 2.19043 27.1943 0.713418
0 0 945 113.047 18.5414 26.3567 0.603692 27.4372 0.754669
0 0 946 107.106 15.6974 22.668 1.52506 27.6489 0.883097
0 0 947 100.14 12.7044 20.3072 0.945122 28.9847 1.0242
0 0 948 95.5309 9.45039 17.7266 0.14375 30.9685 1.23401
0 0 949 89.077 9.51032 13.0655 0.524574 26.9747 1.50079
0 0 950 84.343 7.16936 10.7499 0.336901 28.1499 1.88985
0 0 951 80.9679 5.53394 7.55725 1.00413 26.8929 2.58801
0 0 952 73.8814 5.38935 8.84796 -0.282957 29.3271 2.37249
0 0 953 73.1809 3.00969 6.58694 0.851589 32.7217 3.45133
0 0 954 68.6087 2.43175 4.4461 0.803148 30.662 4.88414
0 0 955 64.7497 3.25763 4.265 1.19153 26.3136 4.50122
0 0 956 62.6456 0.39217 1.99972 0.32295 0 0
0 0 957 60.2641 0.0924225 0.282715 -0.120281 0 0
0 0 958 58.2404 -0.0641136 2.24141 0.456885 0 0
0 0 959 57.1304 -0.405396 1.43882 -0.446932 0 0
0 0 960 55.2545 -0.685452 1.39973 0.142394 0 0
0 0 961 52.3985 -2.17967 -1.17531 -3.83287 0 0
0 0 962 50.0773 -1.61042 -0.834529 -1.13808 0 0
0 0 963 49.0295 -1.82045 -0.532297 -2.09456 0 0
0 0 964 47.6853 -2.4799 0.296634 0.0291307 0 0
0 0 965 44.9703 -2.6146 -1.73744 -1.95796 -73.1977 7.23025
0 0 966 45.1536 -1.87803 -2.10417 -2.49267 -65.8749 8.44876
0 0 967 43.3336 -3.66298 -2.19249 -2.94414 -74.5486 5.27044
0 0 968 42.1929 -1.78713 -1.64177 -2.70761 0 0
0 0 969 40.5158 -3.26242 -1.46236 -2.73005 -77.928 6.16589
0 0 970 39.937 -4.19903 -1.57635 -3.359 -79.7117 4.86812
0 0 971 37.6915 -2.0063 -1.84529 -4.47115 0 0
0 0 972 34.5562 -3.40062 -0.905298 -4.70405 -82.5464 6.12563
0 0 973 33.9548 -4.44916 -1.1848 -2.80714 -82.5441 4.68194
0 0 974 32.4304 -3.53911 -1.61835 -4.02766 -77.7133 5.67148
0 0 975 30.8251 -4.14762 -2.34373 -3.30666 -75.2651 4.70144
0 0 976 27.7764 -3.82542 -1.1697 -2.75767 -81.4989 5.41228
0 0 977 27.8802 -3.56955 -2.36763 -3.98527 -73.2221 5.29811
0 0 978 26.2182 -5.01065 -0.252409 -5.21975 -88.5581 4.23435
0 0 979 24.0196 -3.46139 -0.770213 -3.28308 -83.7276 6.05282
0 0 980 22.0601 -3.79423 -0.881596 -3.39952 -83.4597 5.5152
0 0 981 21.7016 -3.49406 -0.684159 -4.53012 -84.4606 6.01428
0 0 982 22.5409 -4.14646 -2.18585 -2.46693 -76.1018 4.75368
0 0 983 19.8671 -4.6419 -1.22656 -1.4619 -82.5993 4.48886
0 0 984 18.7024 -4.46297 0.287242 -2.47994 88.1587 4.75193
0 0 985 17.4537 -4.8133 -0.104975 -1.52038 -89.3753 4.41039
0 0 986 17.4632 -5.42181 -1.36323 -0.892252 -82.9432 3.85
0 0 987 15.7949 -2.05589 0.453656 -3.29245 0 0
0 0 988 13.7927 -4.34067 0.0603199 -1.91112 89.6019 4.89098
0 0 989 13.0622 -4.85106 -1.1923 -2.21309 -83.0958 4.30622
0 0 990 13.3029 -3.50267 -0.400649 -3.09871 -86.7373 6.04028
0 0 991 12.1444 -4.64018 -1.58412 -1.75345 -80.5753 4.4343
0 0 992 11.1851 -5.37475 -0.80141 -2.39272 -85.7597 3.92676
0 0 993 12.3226 -2.35368 0.802611 -2.21201 0 0
0 0 994 10.7472 -3.5835 -0.536838 -1.97256 -85.74 5.88925
0 0 995 8.4093 -4.25 0.0601431 -2.53171 89.5946 4.99531
0 0 996 9.049 -3.74842 -0.275974 -0.363128 -87.8946 5.65585
0 0 997 9.40586 -2.09238 1.28421 0.00851171 0 0
0 0 998 7.82771 -4.31806 1.30609 -1.19053 81.5855 4.79739
0 0 999 7.82278 -3.29399 -0.84632 -0.442248 -82.7954 6.33222
0 0 1000 8.77381 -2.44672 0.298852 -0.836349 0 0
0 0 1001 8.73515 -2.32123 -0.0300505 -0.0980147 0 0
0 0 1002 8.85405 -3.81682 -0.374221 -1.20676 -87.2002 5.54827
0 0 1003 7.11522 -0.932228 -1.15424 0.2013 0 0
0 0 1004 4.94512 -3.28471 -0.255094 -0.72615 -87.7796 6.45324
0 0 1005 5.21836 -1.50358 -1.51634 -1.20453 0 0
0 0 1006 5.14295 -1.35347 0.252222 -0.693722 0 0
0 0 1007 3.27231 -1.15027 -0.156476 -1.01577 0 0
0 0 1008 4.44232 -0.68085 -0.68561 0.1177 0 0
0 0 1009 4.68488 -1.68466 -0.95 -0.715025 0 0
0 0 1010 5.90128 -1.42569 0.614989 0.412813 0 0
0 0 1011 4.07637 -2.56372 0.72529 0.415556 0 0
0 0 1012 4.01903 -1.32258 -0.436814 -0.895378 0 0
0 0 1013 4.10031 -2.52417 0.139286 -0.625963 0 0
0 0 1014 1.69993 -1.36383 0.186015 -0.425461 0 0
0 0 1015 2.65098 -1.0807 -1.13464 -0.461043 0 0
0 0 1016 2.10564 -0.61725 -1.71833 -0.543821 0 0
0 0 1017 2.61061 -0.568206 -0.528193 -0.270932 0 0
0 0 1018 4.32913 0.647581 -0.873183 -0.662322 0 0
0 0 1019 3.28565 -0.960255 -0.0789512 -0.487053 0 0
0 0 1020 2.1845 -0.595205 -0.186916 -0.840663 0 0
0 0 1021 2.41762 -1.03124 -0.384193 -1.0121 0 0
0 0 1022 2.86307 -1.4116 -0.790993 0.323222 0 0
0 0 1023 1.76196 1.40674 0.841581 -0.89294 0 0
