# File: uwl_211010_073908_b4.rf.sbE2.RMC_aux Src: J1713+0747 Nsub: 1 Nch: 1 Npol: 4 Nbin: 1024 RMS: 0.93584
0 0 0 8.44978 -3.97585 1.12004 -1.27244 82.1335 6.43124
0 0 1 9.59349 -3.74434 -1.46623 -1.43722 -79.3077 6.63955
0 0 2 8.41409 -1.92926 -3.10482 -0.893928 -60.9279 7.65734
0 0 3 6.86874 -1.93554 -0.629129 -0.256649 0 0
0 0 4 5.60434 -3.16184 -0.574447 -0.756452 -84.8514 8.23713
0 0 5 7.64881 -2.10955 -1.27873 0.734685 0 0
0 0 6 6.10454 -1.67437 0.0277088 -2.11281 0 0
0 0 7 4.12175 -0.980312 -0.79228 0.268774 0 0
0 0 8 4.93889 -3.2209 -1.90158 -0.866808 -74.7215 7.21312
0 0 9 3.97975 -1.32589 -0.117079 -1.8368 0 0
0 0 10 5.094 -2.24928 1.02784 0.732901 0 0
0 0 11 6.2002 -0.894789 -0.696811 -1.01764 0 0
0 0 12 3.20956 -1.61719 -1.87767 0.530379 0 0
0 0 13 3.24674 -1.09538 0.388749 -1.481 0 0
0 0 14 5.32165 -0.985059 -0.469151 0.514834 0 0
0 0 15 6.64437 -2.35957 -0.406723 -0.424928 0 0
0 0 16 3.81238 -1.89479 0.806546 0.240173 0 0
0 0 17 3.91919 -1.94081 0.102934 1.95361 0 0
0 0 18 2.28734 -1.78767 -1.47842 0.563492 0 0
0 0 19 2.16852 -0.296482 -0.249196 0.482824 0 0
0 0 20 1.42181 -0.139943 -0.022896 0.545016 0 0
0 0 21 2.33503 -1.6203 -0.481239 0.0615092 0 0
0 0 22 2.32353 -0.990354 1.43952 -0.255627 0 0
0 0 23 1.2316 -0.105971 0.937333 1.26793 0 0
0 0 24 5.81244 -1.37082 1.57987 1.09366 0 0
0 0 25 3.05946 0.0686039 0.539102 -0.697863 0 0
0 0 26 3.63119 -0.300938 -1.11336 -0.278822 0 0
0 0 27 2.35161 -1.95307 0.719877 0.71916 0 0
0 0 28 1.32846 0.197995 1.022 -1.57021 0 0
0 0 29 1.01706 -0.908403 -1.87852 0.390816 0 0
0 0 30 3.51599 1.21916 0.840124 1.34306 0 0
0 0 31 1.76378 0.0515226 0.743507 0.282322 0 0
0 0 32 2.21368 -0.602148 0.097942 -0.427345 0 0
0 0 33 1.37343 0.498064 -0.356686 -1.05588 0 0
0 0 34 1.56926 -0.476239 0.0068289 1.30087 0 0
0 0 35 1.37034 -0.382315 0.145517 -0.994541 0 0
0 0 36 1.5474 -0.000987947 0.294055 -0.0185073 0 0
0 0 37 2.87862 -0.907591 0.369382 0.785281 0 0
0 0 38 1.39577 0.515091 0.154266 -1.27511 0 0
0 0 39 0.900626 -0.141239 -0.111412 0.638208 0 0
0 0 40 1.66705 -0.0590872 0.0528957 -1.16974 0 0
0 0 41 2.01156 0.315554 1.01319 -0.966316 0 0
0 0 42 1.14208 -0.326328 2.07872 0.66816 0 0
0 0 43 1.69805 1.03663 0.170189 1.32387 0 0
0 0 44 1.23478 0.775052 2.64916 -0.518297 0 0
0 0 45 1.85151 -0.891755 1.50941 -2.04558 0 0
0 0 46 1.63914 -0.949533 0.696074 1.77981 0 0
0 0 47 2.27416 -0.485744 2.01579 0.0530313 0 0
0 0 48 -0.651598 -0.907232 1.42464 0.927168 0 0
0 0 49 3.10597 -0.144206 2.6377 -0.544115 0 0
0 0 50 2.32789 -1.87661 1.16793 -2.89261 0 0
0 0 51 4.1521 -0.770376 3.33131 0.180126 51.5105 8.32789
0 0 52 2.39249 1.32346 0.199751 -0.50693 0 0
0 0 53 2.50846 -2.2028 1.46282 -1.12379 0 0
0 0 54 1.13936 -0.502884 2.46352 -1.30955 0 0
0 0 55 1.10213 -0.414587 3.65127 -0.165963 48.239 7.77063
0 0 56 1.42702 -0.287328 2.138 -3.19241 0 0
0 0 57 4.26809 -0.554272 1.95876 -0.443362 0 0
0 0 58 1.52826 -2.04418 3.05623 -1.00757 61.8884 7.59485
0 0 59 2.82163 -1.13528 3.07116 1.74845 55.1436 8.65172
0 0 60 2.1245 -2.19553 0.722581 -0.283486 0 0
0 0 61 2.72938 -1.3459 3.72542 1.98574 54.9318 7.15416
0 0 62 2.64829 -0.984207 0.363622 -1.34523 0 0
0 0 63 3.41973 0.42506 1.83489 0.707426 0 0
0 0 64 2.33463 -0.236545 3.40465 0.957662 46.9872 8.37177
0 0 65 2.87862 -0.6491 4.36109 -1.48978 49.2328 6.47207
0 0 66 2.45824 -0.965484 1.95802 -0.540906 0 0
0 0 67 3.07379 -1.75879 1.35074 -0.4875 0 0
0 0 68 2.61315 -1.27605 1.73804 -0.650886 0 0
0 0 69 3.97875 -0.399503 1.94146 -0.578307 0 0
0 0 70 2.45236 -0.848531 5.55672 -1.10712 49.3411 5.07618
0 0 71 2.47469 -0.00307453 0.837096 -1.09557 0 0
0 0 72 4.4481 -0.774373 1.62298 -0.532784 0 0
0 0 73 3.06811 -0.226952 2.46992 -0.165669 0 0
0 0 74 1.63839 0.953546 2.85736 -1.2359 0 0
0 0 75 3.22781 0.111483 3.00523 -1.60444 0 0
0 0 76 2.15742 -2.09121 1.89458 -1.05816 0 0
0 0 77 2.71113 -1.71292 1.77362 1.62748 0 0
0 0 78 1.11774 0.355283 1.48398 -0.554966 0 0
0 0 79 2.86682 0.0672216 3.34214 0.0405155 44.4239 8.54996
0 0 80 2.17778 -2.33797 3.39218 -0.894447 62.2877 6.77146
0 0 81 2.90233 -2.93762 1.25084 -0.129539 0 0
0 0 82 0.573722 -0.543669 3.49821 0.100415 49.4169 8.05947
0 0 83 1.05376 -1.35485 3.30614 -0.837717 56.1419 7.91446
0 0 84 2.92653 -0.472309 0.209288 0.758242 0 0
0 0 85 1.82583 0.0933692 0.789875 0.515904 0 0
0 0 86 0.0173008 -0.66027 0.451866 -0.0979314 0 0
0 0 87 3.24418 1.29927 0.809942 -1.72955 0 0
0 0 88 0.432696 0.597091 -1.58996 -1.279 0 0
0 0 89 0.761347 -1.09365 1.4466 1.04368 0 0
0 0 90 0.587298 0.7464 0.408961 0.240879 0 0
0 0 91 0.695781 -0.567117 0.969535 -0.674575 0 0
0 0 92 2.77213 -1.03809 0.113923 0.753272 0 0
0 0 93 1.59088 0.231839 0.844742 -0.220064 0 0
0 0 94 1.80317 0.645581 1.51369 -0.716115 0 0
0 0 95 0.893118 0.125003 0.982007 0.390631 0 0
0 0 96 1.42266 -0.355622 1.07477 -0.398852 0 0
0 0 97 0.523376 0.622915 -0.299054 -0.509176 0 0
0 0 98 2.16532 -1.55779 -0.0606168 -0.66818 0 0
0 0 99 -0.22204 -1.36342 0.00484549 0.717551 0 0
0 0 100 0.755047 -0.689139 0.617768 -0.331379 0 0
0 0 101 0.683256 -0.182534 -0.376513 0.0993307 0 0
0 0 102 0.84946 -1.43585 0.73508 0.157299 0 0
0 0 103 -0.936851 0.917122 0.640629 0.484662 0 0
0 0 104 -0.025401 -0.0621823 0.582891 -0.166126 0 0
0 0 105 0.150768 0.273173 2.42853 -0.0379871 0 0
0 0 106 1.2608 0.815953 1.84409 1.11719 0 0
0 0 107 0.883353 -1.45422 0.0438925 1.22964 0 0
0 0 108 0.762659 0.168379 0.517912 0.546891 0 0
0 0 109 -0.152477 -0.180661 1.92987 -0.661242 0 0
0 0 110 0.307488 -0.928791 0.472585 0.181661 0 0
0 0 111 0.446627 1.28439 0.516543 -0.02498 0 0
0 0 112 -1.36936 -0.940328 -1.48556 -0.172383 0 0
0 0 113 0.344695 1.40571 0.152575 -1.57979 0 0
0 0 114 1.79168 -1.43746 0.921616 -1.61632 0 0
0 0 115 0.0362634 0.08416 2.21868 -0.916799 0 0
0 0 116 0.660363 -0.212409 -0.382538 -0.167313 0 0
0 0 117 -2.41634 1.40377 0.246552 -0.319577 0 0
0 0 118 -1.87387 1.00736 -1.01649 -0.712235 0 0
0 0 119 -0.10372 -1.50373 -1.72609 -0.230127 0 0
0 0 120 -1.93325 0.317508 -0.814487 1.06359 0 0
0 0 121 0.0325307 1.54082 -0.994794 -0.0950339 0 0
0 0 122 -0.43713 -0.784616 1.15772 -1.18039 0 0
0 0 123 0.804435 -1.39582 1.01801 -2.1367 0 0
0 0 124 -0.988135 -0.56063 0.433117 -0.83318 0 0
0 0 125 -3.38578 0.376753 -1.93885 -0.741721 0 0
0 0 126 -1.57691 0.588062 0.461616 0.616473 0 0
0 0 127 -0.723933 -0.701009 -0.554702 0.505785 0 0
0 0 128 0.530949 -1.90583 1.0213 -0.0164312 0 0
0 0 129 2.54857 0.255364 0.824756 0.168036 0 0
0 0 130 2.7148 1.28571 0.24674 0.139848 0 0
0 0 131 1.36613 1.22797 -0.166676 0.53632 0 0
0 0 132 0.171639 0.114728 0.369908 0.86248 0 0
0 0 133 -1.38042 -1.26589 -1.7553 0.802638 0 0
0 0 134 0.469298 0.329348 -1.68086 -0.642094 0 0
0 0 135 0.0417543 -0.289597 0.200956 -1.6021 0 0
0 0 136 -0.363376 0.0879992 -1.24589 -0.198226 0 0
0 0 137 1.0982 -0.847936 -0.352134 0.90275 0 0
0 0 138 0.948909 2.56875 -1.64615 0.403576 0 0
0 0 139 0.738443 -1.66345 -2.82787 0.340225 -60.2328 8.54558
0 0 140 1.34782 -0.0595067 0.00285428 0.434885 0 0
0 0 141 -1.68215 0.843719 0.0475057 0.167117 0 0
0 0 142 0.285055 -0.752501 -0.20333 -0.386864 0 0
0 0 143 -1.38354 -1.02609 0.250747 0.471055 0 0
0 0 144 -1.07849 -0.837448 0.264895 0.406216 0 0
0 0 145 0.230548 0.455418 0.0897654 1.26804 0 0
0 0 146 1.05583 -0.488106 1.77238 -0.88556 0 0
0 0 147 -0.498551 0.552903 -0.134967 -1.32411 0 0
0 0 148 -1.20915 0.794196 -0.46724 -0.239591 0 0
0 0 149 -0.238351 1.12681 -0.286456 0.352999 0 0
0 0 150 2.00865 0.566792 -0.878496 1.75534 0 0
0 0 151 0.15645 0.735188 0.953595 -0.213625 0 0
0 0 152 1.5679 0.508788 0.309305 0.669886 0 0
0 0 153 0.735482 1.85773 0.822031 0.153883 0 0
0 0 154 -0.292725 -0.134631 0.217001 0.175695 0 0
0 0 155 -0.0935416 -0.992082 1.15113 -0.714501 0 0
0 0 156 0.177639 -0.127958 0.472567 -0.0863211 0 0
0 0 157 -2.20172 -0.695085 0.337611 0.195595 0 0
0 0 158 0.265344 -0.491622 0.472642 -1.05796 0 0
0 0 159 1.67424 0.698174 -0.540965 2.2345 0 0
0 0 160 -1.08178 -0.965334 1.39698 -0.767284 0 0
0 0 161 -0.617099 -0.322308 -1.48448 0.469222 0 0
0 0 162 -0.468705 1.99955 0.163184 1.11199 0 0
0 0 163 1.24164 1.53395 -0.389242 -0.11863 0 0
0 0 164 0.618684 -0.210917 0.0085816 -0.0124461 0 0
0 0 165 0.566875 0.162549 2.70184 -0.520643 0 0
0 0 166 -0.22472 -0.189864 -0.625019 -0.0158934 0 0
0 0 167 1.57541 -0.275 0.427551 0.0632226 0 0
0 0 168 -0.277193 -0.275809 1.27535 -0.316881 0 0
0 0 169 1.29517 0.336285 1.12942 0.3278 0 0
0 0 170 -1.68109 -0.237792 0.834044 0.471388 0 0
0 0 171 1.87779 0.420504 1.54785 -0.652838 0 0
0 0 172 -1.41317 0.903176 -0.980931 0.306309 0 0
0 0 173 0.534731 -0.398694 0.337472 0.709382 0 0
0 0 174 -1.39708 -0.159889 1.03416 -0.381792 0 0
0 0 175 -0.270067 -2.35667 -0.524607 -1.04006 0 0
0 0 176 -1.22224 1.51237 -0.423474 -0.48724 0 0
0 0 177 1.05015 -0.619333 -0.277222 -0.780786 0 0
0 0 178 0.426524 -0.00234149 -0.756529 -1.21331 0 0
0 0 179 1.23889 -1.18694 -0.130513 1.73262 0 0
0 0 180 0.79166 2.35825 0.366365 -0.302982 0 0
0 0 181 -1.1586 -0.313355 -3.27973 -0.691026 -47.7288 8.6694
0 0 182 -0.0807649 0.814875 -0.5386 0.0781258 0 0
0 0 183 0.801046 -1.42242 -0.562078 0.0125855 0 0
0 0 184 1.41063 -0.312197 1.52538 1.23869 0 0
0 0 185 1.60183 -1.08466 -1.16129 -1.03079 0 0
0 0 186 0.732035 -1.18252 0.676763 0.22179 0 0
0 0 187 -0.680499 0.520974 0.393991 0.970899 0 0
0 0 188 -0.196705 -1.03918 1.13727 -1.08048 0 0
0 0 189 -0.161126 -1.02953 1.90556 0.708013 0 0
0 0 190 0.864353 0.664908 0.833653 -0.392783 0 0
0 0 191 2.28312 0.357876 -0.12889 -0.384606 0 0
0 0 192 -0.870098 0.806396 2.51068 1.53432 0 0
0 0 193 -0.0212787 0.29607 1.54751 -0.524974 0 0
0 0 194 -3.42333 1.31781 0.14783 0.51286 0 0
0 0 195 -0.194172 -2.22207 -1.48882 -0.326655 0 0
0 0 196 -0.842141 0.715429 -1.34632 -1.30365 0 0
0 0 197 1.70438 1.68999 0.582344 0.273169 0 0
0 0 198 1.7462 -0.925495 -0.325883 -0.643113 0 0
0 0 199 -1.39651 0.564375 1.22436 0.343404 0 0
0 0 200 -0.198381 1.89525 -0.234327 1.27126 0 0
0 0 201 -0.994765 -1.57123 -1.76796 -0.77395 0 0
0 0 202 -1.02119 -0.311733 1.17096 -0.639242 0 0
0 0 203 0.399251 -0.138099 0.396863 -1.25052 0 0
0 0 204 0.249364 1.70017 0.452545 0.0170237 0 0
0 0 205 -1.65781 -0.961232 1.07856 0.617028 0 0
0 0 206 -0.80175 -0.965232 -0.576075 -0.0227675 0 0
0 0 207 -0.623375 -1.59551 -0.4024 1.03896 0 0
0 0 208 0.120403 -0.305454 -0.123187 0.952086 0 0
0 0 209 1.09338 1.11541 -0.0133298 -0.959419 0 0
0 0 210 0.755183 0.0762302 0.402617 -1.08629 0 0
0 0 211 0.983453 -1.14757 1.16468 1.0775 0 0
0 0 212 0.391153 1.25804 -0.213641 0.597885 0 0
0 0 213 -1.0568 0.114974 -0.318113 -0.408721 0 0
0 0 214 -1.50611 -0.6557 -1.54586 0.146459 0 0
0 0 215 0.798069 0.444348 -1.01129 -0.805809 0 0
0 0 216 -1.08082 1.34102 0.250213 -2.0509 0 0
0 0 217 0.919082 0.42005 -0.238802 0.747438 0 0
0 0 218 0.192669 0.61497 -0.817551 0.392801 0 0
0 0 219 0.16797 -0.990485 -0.022568 -0.395652 0 0
0 0 220 0.883059 0.192516 1.07424 -0.599805 0 0
0 0 221 0.988639 0.149287 -0.783485 0.845373 0 0
0 0 222 -1.08077 -1.46905 0.453069 0.707068 0 0
0 0 223 -0.150397 -0.966899 1.06495 0.627047 0 0
0 0 224 -0.656491 0.91215 -1.01116 0.519119 0 0
0 0 225 -0.215448 -0.946464 -0.611273 -1.56112 0 0
0 0 226 -0.170109 1.7458 -0.846913 -1.30608 0 0
0 0 227 -0.71885 1.49583 0.638861 -0.0892771 0 0
0 0 228 1.10846 -0.373334 -0.285406 -1.69883 0 0
0 0 229 -0.664919 -0.738215 0.45066 0.132389 0 0
0 0 230 -0.257688 -0.719976 0.809105 -0.297352 0 0
0 0 231 -0.925854 1.2506 -1.25289 0.583471 0 0
0 0 232 0.690267 0.219837 -1.52083 0.514467 0 0
0 0 233 -0.477437 -0.0588609 -0.0320372 -0.618291 0 0
0 0 234 -0.323261 1.07882 0.109524 -1.05665 0 0
0 0 235 -0.711505 0.98414 1.0726 -2.26716 0 0
0 0 236 -1.41639 0.736409 0.359855 0.870112 0 0
0 0 237 0.385766 -1.13569 -0.195861 1.08061 0 0
0 0 238 -0.239668 1.49103 0.617564 -0.266746 0 0
0 0 239 0.458045 0.0232087 -0.194507 -0.877799 0 0
0 0 240 1.11111 1.6878 -0.497467 0.548589 0 0
0 0 241 0.819572 -1.09184 0.930357 -1.43141 0 0
0 0 242 0.125705 -0.293997 0.121131 -0.403237 0 0
0 0 243 -1.14879 0.557043 0.235216 -0.374225 0 0
0 0 244 -0.329265 -0.345155 1.05706 -1.22397 0 0
0 0 245 -1.80326 -0.972399 -0.139737 0.645067 0 0
0 0 246 -0.48682 0.395228 0.639437 -1.80007 0 0
0 0 247 0.766434 1.08666 -0.760621 -1.51499 0 0
0 0 248 0.994787 -1.68596 1.23974 -0.776569 0 0
0 0 249 0.693659 -0.155229 -1.05635 -0.413176 0 0
0 0 250 0.850461 0.963139 -1.10731 -0.64769 0 0
0 0 251 2.33366 0.252418 0.424625 1.37038 0 0
0 0 252 -0.485863 -0.215488 0.728262 -0.028121 0 0
0 0 253 -1.22818 -0.0216991 -0.0425933 1.00359 0 0
0 0 254 0.305947 0.504673 -0.230629 -0.753453 0 0
0 0 255 1.35705 0.0329981 1.06512 -0.093771 0 0
0 0 256 0.920452 -0.40287 0.574233 -0.527437 0 0
0 0 257 1.83971 0.492522 0.217618 -0.140768 0 0
0 0 258 0.293742 -0.696056 1.80055 0.5385 0 0
0 0 259 1.5912 -0.504871 0.532859 -0.23561 0 0
0 0 260 -0.652677 0.49079 -1.23995 -1.09952 0 0
0 0 261 0.133064 0.686543 0.704731 -1.33753 0 0
0 0 262 1.86943 -0.512713 -0.392227 -1.60221 0 0
0 0 263 1.5398 -0.596845 -1.0225 1.02817 0 0
0 0 264 -0.899272 -0.222949 0.0798681 -1.0709 0 0
0 0 265 0.348912 0.308654 1.09748 0.0360438 0 0
0 0 266 1.45342 -1.00993 0.972465 -0.795037 0 0
0 0 267 -1.77534 -0.695506 -1.7699 0.808244 0 0
0 0 268 -1.89511 -1.41832 0.94363 -0.55056 0 0
0 0 269 0.729435 1.04781 -0.114834 -1.19003 0 0
0 0 270 -0.810628 0.330309 -0.450173 1.54643 0 0
0 0 271 0.669225 -2.4143 0.707501 -0.759666 0 0
0 0 272 1.67358 -1.72039 0.504021 -0.869565 0 0
0 0 273 -0.101129 -0.583864 1.38484 -0.583744 0 0
0 0 274 2.78889 0.920509 -0.0300518 -0.931173 0 0
0 0 275 0.842586 1.46891 1.34968 1.34233 0 0
0 0 276 0.930141 1.50678 0.683752 1.36657 0 0
0 0 277 0.530684 1.16363 0.120575 2.28788 0 0
0 0 278 -0.562711 0.449096 1.84931 1.67874 0 0
0 0 279 1.37713 0.457285 1.10708 0.580163 0 0
0 0 280 -0.663772 1.69433 -1.01899 -0.483914 0 0
0 0 281 1.20383 0.863953 0.282987 0.61031 0 0
0 0 282 1.28436 -0.810561 -0.618048 -1.41849 0 0
0 0 283 -1.61373 -0.164375 1.55827 0.322105 0 0
0 0 284 1.27795 0.154813 -0.0555259 -2.52413 0 0
0 0 285 1.39203 -0.160912 -0.432298 -2.45429 0 0
0 0 286 -2.08214 0.245092 -0.555776 0.0941244 0 0
0 0 287 0.235131 0.0176435 -0.315097 -1.28644 0 0
0 0 288 0.970081 2.09157 -1.18886 -0.111799 0 0
0 0 289 0.471871 0.640576 -0.698219 -0.687003 0 0
0 0 290 0.162861 0.13811 -1.13243 -0.177715 0 0
0 0 291 1.63187 -0.490454 0.867695 0.938633 0 0
0 0 292 0.104213 -1.04715 1.96916 0.223679 0 0
0 0 293 3.1254 -0.0923182 1.30419 -0.377388 0 0
0 0 294 2.10809 0.0252901 1.32334 1.2925 0 0
0 0 295 0.964996 -1.37735 0.544133 -0.567238 0 0
0 0 296 1.12679 -0.936414 -0.746544 0.685938 0 0
0 0 297 1.60906 -2.14026 0.735474 1.50648 0 0
0 0 298 0.59859 -0.851355 1.83337 0.916766 0 0
0 0 299 0.347817 -0.817987 0.594465 0.662376 0 0
0 0 300 -0.535636 0.0825955 -0.742765 0.975931 0 0
0 0 301 -0.740844 -0.191499 0.251812 1.4367 0 0
0 0 302 -0.970351 -0.601053 -1.57799 -1.42026 0 0
0 0 303 -1.13861 -1.1258 1.45065 1.12925 0 0
0 0 304 -0.76062 -1.67595 -1.20981 1.27629 0 0
0 0 305 0.521165 1.11004 2.08209 -0.623408 0 0
0 0 306 0.456645 0.388988 1.6541 -0.050977 0 0
0 0 307 -0.0571337 0.457221 1.83245 1.87194 0 0
0 0 308 0.898742 -0.742014 0.377263 -1.59957 0 0
0 0 309 1.25962 1.37788 -1.58893 -0.136587 0 0
0 0 310 0.3545 1.1806 0.787553 0.651141 0 0
0 0 311 -0.584247 0.440463 -1.54475 0.440603 0 0
0 0 312 -0.390226 0.65833 1.60615 -0.134253 0 0
0 0 313 -0.205243 0.259973 0.904737 1.23876 0 0
0 0 314 -0.0922987 0.0372082 0.396518 -1.74177 0 0
0 0 315 2.03129 0.131874 0.438265 -0.159794 0 0
0 0 316 0.483904 -0.699838 0.345024 -0.363039 0 0
0 0 317 1.69412 -0.346625 -0.145921 -0.438522 0 0
0 0 318 0.347275 -0.347472 -1.75671 0.165916 0 0
0 0 319 -1.87278 0.49833 2.52633 -0.235274 0 0
0 0 320 1.11585 -0.832409 -0.42345 -0.325832 0 0
0 0 321 0.260046 0.7524 -0.018699 -0.282682 0 0
0 0 322 -1.8967 2.02673 0.547325 0.161976 0 0
0 0 323 0.34623 -0.198528 -0.898072 0.411055 0 0
0 0 324 1.40213 1.78312 -1.88829 -2.40808 0 0
0 0 325 1.40034 1.51763 -1.57226 0.0184122 0 0
0 0 326 -0.316743 -0.352035 -0.191226 -0.26867 0 0
0 0 327 1.52171 -0.387438 0.987316 -1.49973 0 0
0 0 328 -0.537508 1.08923 0.655373 0.350546 0 0
0 0 329 -0.13355 -0.626375 -0.209395 -0.387837 0 0
0 0 330 0.177667 -0.203842 0.674898 -0.803832 0 0
0 0 331 0.859688 0.00892073 -1.12933 -0.599899 0 0
0 0 332 0.277933 0.324503 -1.58412 -0.977812 0 0
0 0 333 -0.717174 1.19074 0.00992685 -0.0846009 0 0
0 0 334 0.814713 0.204426 -0.489494 -0.230009 0 0
0 0 335 -0.106798 0.258609 1.87369 0.00317693 0 0
0 0 336 2.1297 -0.460745 0.195043 0.166017 0 0
0 0 337 2.05039 -0.429996 0.0185426 1.91611 0 0
0 0 338 0.939967 0.0114019 -0.355389 0.952288 0 0
0 0 339 1.72543 -0.173483 0.0576818 -0.0739573 0 0
0 0 340 0.831427 -0.349508 -0.51038 0.492699 0 0
0 0 341 1.31138 0.766714 0.911846 0.160659 0 0
0 0 342 0.982792 0.258942 -0.354695 0.873304 0 0
0 0 343 0.791752 0.98694 0.531471 -0.904408 0 0
0 0 344 0.353205 -1.13461 -0.163726 -2.07555 0 0
0 0 345 -2.03452 1.32469 -0.129892 -0.423843 0 0
0 0 346 0.700343 1.10821 1.69999 0.0105261 0 0
0 0 347 -1.54131 -1.49872 1.50101 -0.384841 0 0
0 0 348 -2.50551 1.12912 -3.61926 1.80729 -36.3367 7.48949
0 0 349 -0.570425 0.0714188 0.215836 -1.04929 0 0
0 0 350 0.221532 -0.922215 -0.919702 1.50602 0 0
0 0 351 -0.176719 0.835875 0.467004 -0.940688 0 0
0 0 352 -0.641175 -0.242158 -0.3011 0.467998 0 0
0 0 353 -1.00073 0.281326 0.631962 0.876522 0 0
0 0 354 -0.388226 0.696493 1.19932 -0.224189 0 0
0 0 355 0.574903 -1.45557 -0.939444 -2.16711 0 0
0 0 356 1.52137 2.68149 0.541716 0.609856 0 0
0 0 357 1.08053 0.603409 0.147199 1.3024 0 0
0 0 358 -0.710883 -0.158388 0.132268 -0.230436 0 0
0 0 359 -0.172205 0.628551 -0.0479554 -0.74658 0 0
0 0 360 0.265272 -0.213142 -0.166672 -0.0706632 0 0
0 0 361 -0.367387 0.623029 1.88405 -0.612761 0 0
0 0 362 -1.6314 -1.42016 0.427987 1.38828 0 0
0 0 363 0.755659 0.242274 0.41836 -1.18776 0 0
0 0 364 0.195728 0.963678 -0.0674646 -0.0863081 0 0
0 0 365 -0.433431 0.751135 1.24946 -1.25776 0 0
0 0 366 -0.867757 -0.885262 -0.621496 2.16151 0 0
0 0 367 0.366002 0.139822 0.624649 -0.963358 0 0
0 0 368 -1.43346 0.303994 0.845621 -0.191862 0 0
0 0 369 -0.624344 0.0869543 1.0177 -0.995588 0 0
0 0 370 1.27143 0.972519 -0.282322 -0.637693 0 0
0 0 371 -0.471766 -0.256502 0.681635 -0.239915 0 0
0 0 372 1.08059 -1.12927 0.970281 -0.636288 0 0
0 0 373 0.138019 -0.329395 -0.933215 0.801853 0 0
0 0 374 -2.45712 0.342947 -2.07377 0.55921 0 0
0 0 375 -0.330905 1.0596 -0.175499 0.700906 0 0
0 0 376 -0.153647 -0.777266 -0.363473 0.12586 0 0
0 0 377 0.825695 0.21553 -2.47535 -0.161756 0 0
0 0 378 1.01649 -0.994467 -1.12779 1.44963 0 0
0 0 379 1.40783 -0.69855 -0.585059 -1.70087 0 0
0 0 380 0.258237 1.28851 0.157755 -0.867086 0 0
0 0 381 -0.32009 -0.233928 -1.7355 0.0731108 0 0
0 0 382 -0.10838 -1.14024 0.160263 -1.22608 0 0
0 0 383 0.995832 1.23774 -1.22281 0.277175 0 0
0 0 384 -0.039867 0.424073 2.23445 -0.0168017 0 0
0 0 385 0.964903 0.464402 -0.363088 1.21797 0 0
0 0 386 -0.575952 -1.61961 0.963159 1.36799 0 0
0 0 387 -0.0399882 0.59896 -0.0987868 0.709846 0 0
0 0 388 -1.05864 1.46742 -0.181683 0.660563 0 0
0 0 389 -0.918452 0.371072 1.86286 1.20715 0 0
0 0 390 -0.264833 -0.644338 0.864908 1.26046 0 0
0 0 391 -2.4646 0.196331 -1.49599 0.120584 0 0
0 0 392 -1.71841 1.14299 0.827436 -0.918026 0 0
0 0 393 -0.425446 -0.467221 0.0338955 -0.740446 0 0
0 0 394 1.65163 0.253102 1.35868 0.661678 0 0
0 0 395 0.653669 -1.21433 1.55334 -0.976789 0 0
0 0 396 0.836769 -0.834596 -1.08757 -0.388108 0 0
0 0 397 -0.146591 -1.06168 -0.313132 -0.275073 0 0
0 0 398 1.65404 -1.9513 -0.197482 -0.82406 0 0
0 0 399 1.71889 0.230942 -0.812715 -0.619911 0 0
0 0 400 0.420185 0.891488 0.946582 0.553752 0 0
0 0 401 -1.15626 0.867169 1.01999 -0.746749 0 0
0 0 402 0.502918 -0.638879 1.51136 0.61882 0 0
0 0 403 1.43878 -0.231763 1.57529 -0.733526 0 0
0 0 404 -0.942914 0.199645 0.908782 -2.95832 0 0
0 0 405 -0.153274 -0.532847 -0.0647741 0.48495 0 0
0 0 406 -0.631372 -0.0243032 0.313967 1.14198 0 0
0 0 407 1.30827 -0.750843 0.757758 -0.499647 0 0
0 0 408 1.14817 -1.65592 -0.634234 0.177705 0 0
0 0 409 -1.48265 0.649923 -0.755929 -0.649403 0 0
0 0 410 2.12878 -0.318171 -0.67519 -1.80252 0 0
0 0 411 -0.527928 1.34032 1.70612 0.475059 0 0
0 0 412 0.745167 -2.32947 1.85163 -0.735932 0 0
0 0 413 -0.928651 -0.767135 1.24976 -1.32778 0 0
0 0 414 -1.70485 0.25036 0.311202 -0.062718 0 0
0 0 415 0.0206318 0.473506 -0.307947 -0.199466 0 0
0 0 416 -0.781592 0.266225 -0.685709 -1.05643 0 0
0 0 417 1.30689 0.0151207 -0.972671 -0.134436 0 0
0 0 418 0.208151 0.203245 -0.158872 0.244423 0 0
0 0 419 0.632431 0.410574 -0.36078 -0.920715 0 0
0 0 420 0.349709 0.625022 1.69116 0.488482 0 0
0 0 421 -0.605716 0.732815 -1.93451 0.105086 0 0
0 0 422 -1.2269 0.259719 -0.413942 0.51387 0 0
0 0 423 -1.11574 2.97341 0.179644 0.538251 0 0
0 0 424 -0.602867 1.78283 -1.43142 0.610085 0 0
0 0 425 0.895367 -0.0530942 -0.819921 -0.141063 0 0
0 0 426 -0.736744 0.307664 -0.944443 0.312444 0 0
0 0 427 0.711437 0.054828 1.398 -0.84026 0 0
0 0 428 1.03098 0.0398628 1.46409 0.50861 0 0
0 0 429 1.84114 1.81301 -0.243892 -1.38749 0 0
0 0 430 -0.669967 -0.809415 -0.410277 -0.281619 0 0
0 0 431 0.320407 -0.851043 0.366812 0.529507 0 0
0 0 432 0.087025 -0.154093 0.86028 0.492175 0 0
0 0 433 1.44414 0.30561 -0.853415 -0.937312 0 0
0 0 434 0.188473 1.37167 -1.80515 -0.492825 0 0
0 0 435 1.88365 1.98103 -0.852854 -0.574676 0 0
0 0 436 -0.0363811 0.0676809 -0.320169 1.54031 0 0
0 0 437 -1.00992 -1.26623 -0.213527 0.0415551 0 0
0 0 438 1.6172 0.090696 -0.634621 -0.346054 0 0
0 0 439 -0.433354 0.88412 0.384739 -0.97192 0 0
0 0 440 -0.336068 -0.264743 1.39111 -0.186128 0 0
0 0 441 -0.18773 -1.31709 -0.00352528 0.101481 0 0
0 0 442 -1.98447 -0.206653 1.1008 -0.396397 0 0
0 0 443 -0.422291 -1.07447 0.916093 -0.421604 0 0
0 0 444 -0.564516 -0.0879707 1.49544 1.13908 0 0
0 0 445 -2.66374 -0.858771 2.09526 0.0501709 0 0
0 0 446 -0.189224 1.44275 -0.650295 3.29928 0 0
0 0 447 0.664478 -0.0681096 -0.052154 -0.0911931 0 0
0 0 448 0.394866 1.17621 -0.465037 0.107647 0 0
0 0 449 -0.705941 -0.523513 1.0099 -1.62372 0 0
0 0 450 0.127747 0.407983 -0.55022 -0.890706 0 0
0 0 451 0.204602 -0.0875548 -0.481668 -0.15658 0 0
0 0 452 0.314958 -1.13699 -0.40068 -0.408835 0 0
0 0 453 0.610778 0.561855 0.861318 -0.691592 0 0
0 0 454 -0.053874 0.576805 -0.743739 -0.806524 0 0
0 0 455 0.607759 0.346174 -1.1645 0.225973 0 0
0 0 456 -0.383024 -0.335204 0.715713 -0.789111 0 0
0 0 457 0.26824 0.0714671 0.830728 -0.575436 0 0
0 0 458 0.995967 -1.12737 -0.183306 0.0123452 0 0
0 0 459 0.00650021 0.0230963 -0.680356 -0.447242 0 0
0 0 460 -0.479244 0.651519 -0.638256 0.487489 0 0
0 0 461 -0.763633 1.57051 -0.504372 -0.326855 0 0
0 0 462 0.000950247 0.528151 -1.22881 0.810085 0 0
0 0 463 -0.927256 0.128201 0.963487 1.54014 0 0
0 0 464 -1.1701 -1.49721 1.24322 1.21172 0 0
0 0 465 -0.0518382 0.227212 -0.921329 0.884318 0 0
0 0 466 0.857151 -0.673254 -1.48131 0.165702 0 0
0 0 467 -0.951657 -0.680708 -0.749265 0.645441 0 0
0 0 468 -0.792822 -0.312862 0.50467 5.13748e-05 0 0
0 0 469 0.941985 -0.330011 -0.561605 -0.152517 0 0
0 0 470 1.13822 0.333031 0.167229 -0.184718 0 0
0 0 471 1.14989 -1.18282 0.716366 -0.97546 0 0
0 0 472 -1.30435 -1.2698 -0.0988218 0.175739 0 0
0 0 473 -0.711333 1.69577 0.0613659 -0.52848 0 0
0 0 474 -0.0481925 -0.999779 -0.469333 -0.682418 0 0
0 0 475 0.206925 0.613704 0.802759 0.218642 0 0
0 0 476 0.0963541 0.706377 1.72081 0.895186 0 0
0 0 477 0.802378 -0.305274 -0.226758 -1.00417 0 0
0 0 478 0.600402 1.09093 -0.725738 -0.532225 0 0
0 0 479 1.17456 0.0776547 -0.129594 0.767421 0 0
0 0 480 1.56971 -1.71367 -0.721746 -0.876862 0 0
0 0 481 -0.336924 1.4881 -0.036711 -2.40041 0 0
0 0 482 0.531277 -0.689414 -1.08974 -0.133577 0 0
0 0 483 -0.772751 -0.413346 -0.710016 -0.502603 0 0
0 0 484 0.676464 0.389176 0.725059 -0.349123 0 0
0 0 485 0.806349 -0.291546 0.0142148 -0.792833 0 0
0 0 486 -0.632164 -0.246399 1.35861 1.719 0 0
0 0 487 -1.04095 -1.37407 0.410868 2.01947 0 0
0 0 488 2.13958 -0.584495 0.0124274 -1.06947 0 0
0 0 489 -0.516675 0.729021 -0.00203079 -0.367599 0 0
0 0 490 -0.90666 0.167125 -0.083219 -0.932217 0 0
0 0 491 1.21714 -1.77756 0.366536 0.674987 0 0
0 0 492 0.242424 2.45187 0.283858 -1.73907 0 0
0 0 493 -0.160061 0.064188 0.512427 2.26996 0 0
0 0 494 2.50019 0.946935 0.969243 1.16665 0 0
0 0 495 0.109776 0.302823 0.861265 -0.571646 0 0
0 0 496 -0.183276 -1.75275 0.31573 -0.436058 0 0
0 0 497 1.06124 -1.59472 0.605748 -1.48374 0 0
0 0 498 -1.94761 -1.37675 0.440597 -0.967925 0 0
0 0 499 2.22131 0.0277123 -1.28151 0.0451032 0 0
0 0 500 -0.260838 -0.308758 0.217385 0.0735339 0 0
0 0 501 -0.208489 0.202937 -1.33068 0.753033 0 0
0 0 502 0.250147 2.95994 1.15606 0.193863 0 0
0 0 503 0.831083 -0.597196 -1.40001 0.86221 0 0
0 0 504 -0.0852236 0.0239327 0.83034 -0.0958592 0 0
0 0 505 -0.87761 0.881623 1.0194 -0.291464 0 0
0 0 506 0.98786 1.43688 0.288721 0.388215 0 0
0 0 507 -1.39098 -1.28308 -0.208945 1.04054 0 0
0 0 508 0.108486 -1.89075 -1.07606 1.54141 0 0
0 0 509 -2.77863 0.0456862 1.8574 1.73739 0 0
0 0 510 0.0599249 1.30077 0.186307 -0.518656 0 0
0 0 511 0.369721 -0.351638 0.927198 0.618023 0 0
0 0 512 0.61632 -0.515179 -0.767769 -1.18167 0 0
0 0 513 0.756502 1.56511 -0.340255 -0.285027 0 0
0 0 514 0.395758 0.79509 0.545708 0.389677 0 0
0 0 515 -0.574781 -0.187034 -0.042549 0.836436 0 0
0 0 516 -1.46002 1.22902 0.357295 -1.64825 0 0
0 0 517 -1.44368 0.0654799 -0.82931 0.363986 0 0
0 0 518 -0.695366 -1.66636 -0.481205 0.191373 0 0
0 0 519 -0.776459 1.11427 -0.957228 -0.990315 0 0
0 0 520 1.10254 -0.394623 -0.531917 -0.053717 0 0
0 0 521 0.221579 -2.54416 0.210445 -0.866339 0 0
0 0 522 -0.361086 -0.456004 0.996965 0.653598 0 0
0 0 523 1.99122 -0.222212 0.787785 -1.14278 0 0
0 0 524 0.0594032 1.67803 0.0155468 -0.124738 0 0
0 0 525 0.192306 0.143815 0.407458 0.0563636 0 0
0 0 526 1.98386 0.694405 0.148995 0.15574 0 0
0 0 527 -0.40756 0.775197 -1.14915 -0.40004 0 0
0 0 528 0.638696 -0.598714 -0.763561 -1.40039 0 0
0 0 529 -0.993953 -0.564673 0.591162 -2.09169 0 0
0 0 530 -0.0253406 0.238824 1.43369 -0.81083 0 0
0 0 531 -0.282176 -1.3549 -0.235434 1.4184 0 0
0 0 532 0.981859 -0.0882823 1.24894 -0.429522 0 0
0 0 533 0.749052 -0.130932 -1.62473 -0.864064 0 0
0 0 534 0.397448 0.231088 0.246556 -0.00448346 0 0
0 0 535 0.610503 -0.353279 -0.625986 0.836189 0 0
0 0 536 -0.441545 -0.116173 0.721059 0.885635 0 0
0 0 537 0.62891 0.893012 0.15627 0.97876 0 0
0 0 538 -1.43304 1.54245 -0.218783 0.237658 0 0
0 0 539 -0.0491304 1.23784 -0.143504 -0.453428 0 0
0 0 540 -1.19217 0.635047 -1.13177 -1.66176 0 0
0 0 541 0.951678 0.0881064 0.374713 -0.500742 0 0
0 0 542 -0.850003 1.76755 0.344692 -0.509303 0 0
0 0 543 0.340879 0.581442 -0.939862 2.33361 0 0
0 0 544 -0.696307 -1.39429 0.177661 0.407833 0 0
0 0 545 0.377007 -0.231533 0.591604 0.991235 0 0
0 0 546 -0.677719 1.1164 0.494248 1.27518 0 0
0 0 547 -0.408135 -0.401461 -1.54956 -1.73153 0 0
0 0 548 -2.18734 1.56241 0.359445 1.6705 0 0
0 0 549 0.0655617 -0.621291 -1.34437 -0.0831499 0 0
0 0 550 -0.760202 -0.58937 -1.98491 -1.20231 0 0
0 0 551 -0.74809 -1.32314 -0.465728 0.428809 0 0
0 0 552 -0.648792 0.617662 0.594858 -1.02551 0 0
0 0 553 -0.149754 1.45053 0.320709 -0.285103 0 0
0 0 554 0.660722 1.83404 -0.945088 0.603993 0 0
0 0 555 0.498427 -1.70262 1.49521 -2.4747 0 0
0 0 556 -0.242729 -0.154079 -1.62696 -1.31582 0 0
0 0 557 -0.866381 -0.57756 -0.908043 0.904007 0 0
0 0 558 1.36182 -1.28371 -0.626756 -0.415564 0 0
0 0 559 0.651514 -0.350816 1.36406 0.71304 0 0
0 0 560 0.383508 -0.827655 0.612886 1.54262 0 0
0 0 561 1.82154 0.394643 0.388021 -0.203806 0 0
0 0 562 -1.03685 -0.733496 -0.973755 -1.31112 0 0
0 0 563 0.624779 2.31831 -2.44622 0.111929 -23.2689 8.18045
0 0 564 0.421135 0.34389 2.42712 1.71625 0 0
0 0 565 0.573995 -0.924756 0.61738 -0.434769 0 0
0 0 566 -0.510873 0.0953703 1.37966 1.28079 0 0
0 0 567 -0.625438 0.837192 -0.0788936 -0.374571 0 0
0 0 568 -0.215254 0.251144 -0.459892 1.495 0 0
0 0 569 -0.379703 -0.53719 -1.09425 0.016127 0 0
0 0 570 2.58537 -0.0272939 -0.310329 0.46724 0 0
0 0 571 0.4954 1.11781 0.284501 -0.745638 0 0
0 0 572 -0.473493 0.992737 -0.47057 -0.972885 0 0
0 0 573 0.239569 0.0417059 -0.175684 1.08705 0 0
0 0 574 -1.64739 -0.745641 -0.5292 -0.891188 0 0
0 0 575 -0.320898 -1.87809 0.115202 0.412478 0 0
0 0 576 0.663697 0.50062 -1.52823 -0.200363 0 0
0 0 577 -0.226815 0.467513 0.989935 -0.879792 0 0
0 0 578 -0.347565 0.187353 0.784085 0.0915537 0 0
0 0 579 -1.44941 0.310103 1.34907 -0.199457 0 0
0 0 580 -0.16872 -1.60315 -2.39096 -0.0971577 0 0
0 0 581 0.528676 -0.659933 -0.151225 1.18485 0 0
0 0 582 0.559234 -1.51813 0.0306706 -0.646252 0 0
0 0 583 -0.457686 -0.243709 -2.65548 0.0952389 0 0
0 0 584 0.774832 0.841091 -0.202305 0.342865 0 0
0 0 585 0.427748 -1.14239 -0.800971 0.839571 0 0
0 0 586 -0.7027 0.100331 1.21575 0.369354 0 0
0 0 587 0.307769 1.4458 1.00076 -1.00797 0 0
0 0 588 -0.922708 0.917311 0.706302 1.5017 0 0
0 0 589 -0.0554626 -0.474448 -1.56516 -0.928904 0 0
0 0 590 1.68733 1.2587 -1.07527 -0.107339 0 0
0 0 591 -0.958996 0.656133 -0.0186877 0.917025 0 0
0 0 592 -0.0163461 0.423929 0.635206 1.05602 0 0
0 0 593 1.10157 -2.02666 0.873676 0.277671 0 0
0 0 594 0.16384 0.517784 1.18446 -0.265637 0 0
0 0 595 -0.0573224 1.58211 -1.42926 -0.454283 0 0
0 0 596 0.0823276 -0.0493365 0.670618 0.0145559 0 0
0 0 597 1.24223 -0.604402 1.005 0.790159 0 0
0 0 598 -1.67871 -1.23211 -0.0601977 -0.269225 0 0
0 0 599 0.632308 -0.38691 -0.0091441 -1.45904 0 0
0 0 600 -1.15527 -0.103851 0.633287 -1.26968 0 0
0 0 601 -1.14199 -1.43881 1.09086 -1.36782 0 0
0 0 602 -0.796182 -0.457827 -0.111046 -1.64158 0 0
0 0 603 1.61664 0.403507 -0.164303 0.185934 0 0
0 0 604 -0.45223 -0.1652 -0.389433 -1.01704 0 0
0 0 605 -1.30848 -1.18472 0.0959807 -0.0135028 0 0
0 0 606 0.998698 0.864715 0.656795 -0.20561 0 0
0 0 607 2.20367 -0.0914336 -0.214975 0.737982 0 0
0 0 608 0.498267 0.801264 0.384194 1.60973 0 0
0 0 609 -0.8125 1.34635 -1.01341 1.15755 0 0
0 0 610 1.53137 1.50172 0.84457 0.187148 0 0
0 0 611 -0.301064 -1.62478 -1.27914 1.19138 0 0
0 0 612 0.816996 -0.501655 0.482151 -0.0852377 0 0
0 0 613 0.0788669 -0.0331314 -1.5515 -0.394266 0 0
0 0 614 -0.995453 0.284689 2.98827 0.206929 0 0
0 0 615 1.12261 -0.525308 0.154288 -0.445591 0 0
0 0 616 -0.248736 -0.850537 -0.897854 0.698601 0 0
0 0 617 1.26705 0.0767803 0.232535 -0.608283 0 0
0 0 618 0.196623 1.29211 0.63187 0.874663 0 0
0 0 619 0.67518 0.334558 1.98164 1.55119 0 0
0 0 620 -0.564164 0.0214413 0.202165 -0.343671 0 0
0 0 621 2.73429 0.0206293 1.16888 -1.40954 0 0
0 0 622 0.129522 -1.08819 0.364049 -0.46665 0 0
0 0 623 -0.931087 1.72061 -1.21239 1.04883 0 0
0 0 624 -0.685295 1.41622 1.37737 -0.0122054 0 0
0 0 625 1.23743 -0.877986 -1.07177 -0.19608 0 0
0 0 626 0.87431 1.49894 -0.531171 0.144484 0 0
0 0 627 1.06694 -1.28419 -0.701762 0.104528 0 0
0 0 628 -0.734485 -0.280953 0.0328619 0.774532 0 0
0 0 629 -0.274036 2.711 1.17939 1.01771 0 0
0 0 630 1.11934 -0.960332 1.25652 -1.76846 0 0
0 0 631 1.23522 0.0853697 -0.882609 0.772788 0 0
0 0 632 0.0978593 1.11919 0.00887862 1.55566 0 0
0 0 633 0.639497 0.965877 -1.29848 -0.663479 0 0
0 0 634 0.260597 -2.2904 0.548025 0.444881 0 0
0 0 635 0.480642 -1.19879 0.303527 0.365678 0 0
0 0 636 1.48908 0.72698 -0.697333 -0.525144 0 0
0 0 637 -1.04675 -1.61127 0.844396 -1.09771 0 0
0 0 638 2.0042 1.95621 -1.86515 0.89811 0 0
0 0 639 -1.53511 0.497175 -0.619286 1.13762 0 0
0 0 640 -0.277386 -0.801202 -1.05374 1.78695 0 0
0 0 641 -0.6301 0.12322 0.735281 -1.08159 0 0
0 0 642 -0.681607 0.129094 -0.149337 -0.128742 0 0
0 0 643 -1.2583 1.65544 0.409955 -0.0885918 0 0
0 0 644 -1.54567 -0.243842 -1.11055 0.280163 0 0
0 0 645 -0.0371296 -0.692219 2.32067 -1.29571 0 0
0 0 646 1.09394 0.558894 0.320834 0.917733 0 0
0 0 647 -0.215032 -0.509086 0.32596 0.474023 0 0
0 0 648 -1.58361 -0.652757 1.65889 -0.220897 0 0
0 0 649 -0.357764 0.255785 -0.392116 -0.017738 0 0
0 0 650 -0.214597 0.323583 0.85898 -0.209172 0 0
0 0 651 -0.426462 -0.734664 -1.53854 0.074442 0 0
0 0 652 1.35889 -0.203769 0.188757 -1.26394 0 0
0 0 653 0.0405303 -1.05773 1.43598 -0.403807 0 0
0 0 654 -0.347758 -1.59725 -1.23365 0.657132 0 0
0 0 655 0.784263 -1.33992 -0.517554 0.953406 0 0
0 0 656 0.849739 -0.58203 -0.112543 -0.265733 0 0
0 0 657 0.0275396 0.980409 0.657683 -0.163051 0 0
0 0 658 0.201339 -2.0121 0.503326 -2.13404 0 0
0 0 659 2.2978 -1.17246 -0.00572843 0.101008 0 0
0 0 660 -0.109586 0.199969 1.47717 0.526606 0 0
0 0 661 0.668077 -1.03559 -0.206632 -0.866996 0 0
0 0 662 -0.676314 -1.20602 0.0459768 0.477789 0 0
0 0 663 0.816702 -0.763638 1.20124 0.243172 0 0
0 0 664 1.23936 -1.16249 -0.759582 -0.874002 0 0
0 0 665 0.00574245 0.268143 0.280404 0.681664 0 0
0 0 666 0.899059 1.02898 0.853536 -2.68742 0 0
0 0 667 -0.16192 -0.996091 -1.12758 0.106207 0 0
0 0 668 0.319582 -0.326946 2.36971 -0.111936 0 0
0 0 669 -0.394995 2.39272 0.0274804 -0.972371 0 0
0 0 670 -0.390405 1.11008 0.14592 0.34172 0 0
0 0 671 0.163456 1.49459 -1.31726 0.439051 0 0
0 0 672 -0.772157 1.41633 0.352219 0.300537 0 0
0 0 673 -0.935962 -1.06679 -0.37975 1.00453 0 0
0 0 674 -0.656236 1.48871 0.0887692 -0.980618 0 0
0 0 675 1.28595 -0.385048 2.0716 -0.48324 0 0
0 0 676 0.63198 -0.0791629 -1.00007 -1.90399 0 0
0 0 677 0.998256 -1.51923 0.440552 0.845272 0 0
0 0 678 0.725484 -0.0179037 1.2995 0.907097 0 0
0 0 679 0.679912 1.14207 0.134597 0.771107 0 0
0 0 680 -0.174843 -0.72646 -0.496103 -0.11607 0 0
0 0 681 1.5305 -1.76679 -1.30631 -0.767821 0 0
0 0 682 -0.56388 0.326913 0.29147 -0.417078 0 0
0 0 683 0.0403522 0.240536 1.29567 0.6655 0 0
0 0 684 0.446407 -0.26072 0.654963 -0.792858 0 0
0 0 685 0.0484 -0.804252 0.851614 -0.143421 0 0
0 0 686 2.00104 1.21148 -0.0429911 0.977391 0 0
0 0 687 -0.223277 0.756137 1.55405 -0.444618 0 0
0 0 688 -1.17234 -1.22098 0.382999 0.965901 0 0
0 0 689 -0.00635903 0.123262 1.72308 1.28165 0 0
0 0 690 -1.34593 -0.69886 0.367974 0.759427 0 0
0 0 691 0.102691 -0.0503629 0.201653 -1.20056 0 0
0 0 692 -0.660292 1.08193 1.01505 0.766197 0 0
0 0 693 0.600069 0.513553 1.77289 -0.66715 0 0
0 0 694 -1.53557 -0.714547 -0.758995 0.281188 0 0
0 0 695 -0.85818 -0.9494 0.690255 0.814739 0 0
0 0 696 -0.827226 -0.837248 0.785137 0.606179 0 0
0 0 697 -0.439631 -1.72302 -2.15515 0.0579369 0 0
0 0 698 0.998096 -1.15533 -0.590782 -0.12534 0 0
0 0 699 1.52089 -0.543952 0.13476 -0.390704 0 0
0 0 700 -0.318029 0.498508 1.2171 0.459905 0 0
0 0 701 1.43894 -0.721313 -0.331326 0.981842 0 0
0 0 702 -1.85919 2.66588 0.483599 -1.19006 0 0
0 0 703 -0.191958 0.65818 -0.381373 -0.893235 0 0
0 0 704 1.16314 -1.19583 -0.118359 1.58692 0 0
0 0 705 -0.531245 0.75702 -0.14154 0.726138 0 0
0 0 706 2.04679 -1.55092 -1.10506 0.210987 0 0
0 0 707 -0.642155 -0.913618 -1.97266 -0.633472 0 0
0 0 708 0.375369 -1.04625 1.60195 -0.0772359 0 0
0 0 709 0.623701 -0.65336 1.9912 -0.674752 0 0
0 0 710 1.42021 -0.373831 -1.475 1.24712 0 0
0 0 711 -0.22976 0.0443918 1.15906 -1.32652 0 0
0 0 712 -1.30132 0.25066 0.981767 0.0686942 0 0
0 0 713 -0.610554 0.982728 0.87334 0.00805176 0 0
0 0 714 -1.20997 1.92605 -0.786165 2.58031 0 0
0 0 715 0.0838995 -0.931261 -0.940944 0.329319 0 0
0 0 716 -0.765611 0.619563 -1.6152 0.670934 0 0
0 0 717 1.96536 1.13817 0.785853 -2.09023 0 0
0 0 718 1.03492 -0.19553 -0.0132061 0.550421 0 0
0 0 719 0.679324 0.32706 0.494332 -1.09684 0 0
0 0 720 1.62821 0.0642506 -0.353051 0.00815718 0 0
0 0 721 1.13448 -0.849836 -1.00296 -1.2922 0 0
0 0 722 -1.24312 -0.813642 1.6607 -1.08543 0 0
0 0 723 -2.04467 1.10548 0.868101 -0.342478 0 0
0 0 724 0.822668 -0.477585 0.207057 -1.13775 0 0
0 0 725 0.949151 -0.0252483 0.120064 1.10293 0 0
0 0 726 0.313708 0.877595 2.09438 0.959129 0 0
0 0 727 1.59605 0.358536 -0.317009 -0.676795 0 0
0 0 728 1.04231 -0.510071 0.859206 0.855483 0 0
0 0 729 0.997181 -0.258924 1.35497 -1.25546 0 0
0 0 730 -0.783153 -0.272211 -1.24348 -0.539336 0 0
0 0 731 -0.48253 -0.815296 0.249921 -0.697006 0 0
0 0 732 -0.30976 0.334045 -0.865959 1.10147 0 0
0 0 733 -0.932731 0.694671 -0.0543393 0.838299 0 0
0 0 734 1.18332 -0.249964 -1.55499 -0.952572 0 0
0 0 735 -0.419398 0.224005 1.44342 0.0144041 0 0
0 0 736 1.20984 -0.516826 -1.2256 -0.940084 0 0
0 0 737 -0.106029 1.04299 -0.686388 0.432091 0 0
0 0 738 -1.03429 -0.463304 -0.42065 1.11785 0 0
0 0 739 -0.475622 -0.413371 -0.434213 1.77575 0 0
0 0 740 -0.31094 0.169884 1.05247 0.305341 0 0
0 0 741 0.40917 0.35685 -1.04455 -1.12777 0 0
0 0 742 -0.310581 0.918019 2.55766 -0.492016 0 0
0 0 743 0.0901587 -0.812354 0.133795 1.52969 0 0
0 0 744 0.463136 -0.0802578 -1.51146 -1.07039 0 0
0 0 745 -1.29085 -0.056551 -0.563578 1.20685 0 0
0 0 746 1.10661 -0.409953 -0.124183 1.73476 0 0
0 0 747 -0.389428 -0.699335 0.322908 -0.0418692 0 0
0 0 748 0.568206 -1.71692 -0.253002 1.06051 0 0
0 0 749 1.06492 1.48855 2.21329 0.992839 0 0
0 0 750 0.869314 1.45525 0.329061 -0.0767203 0 0
0 0 751 -1.16938 0.133556 0.425099 -0.694175 0 0
0 0 752 -0.792404 1.466 1.49022 -1.61505 0 0
0 0 753 0.432999 -0.935272 -0.670898 -1.31965 0 0
0 0 754 1.22702 -0.0498329 -0.348494 0.561235 0 0
0 0 755 0.376693 1.15416 0.130192 1.49101 0 0
0 0 756 -0.273666 -0.0740937 1.89758 0.930295 0 0
0 0 757 0.152869 -1.10662 -0.734246 -0.302932 0 0
0 0 758 0.891636 -1.49862 -0.139814 -0.431149 0 0
0 0 759 0.855389 -0.363596 -0.45478 -0.632097 0 0
0 0 760 -0.655512 1.4719 -0.222187 -1.69251 0 0
0 0 761 0.93278 0.982275 -0.0622683 1.45591 0 0
0 0 762 -0.727089 -0.140613 -0.00867974 0.176912 0 0
0 0 763 1.77878 0.426945 0.445667 -0.738284 0 0
0 0 764 0.443927 0.223842 1.73005 -1.43727 0 0
0 0 765 0.467885 1.15995 0.854276 0.0626454 0 0
0 0 766 2.6937 0.917451 0.0320448 -0.107386 0 0
0 0 767 -0.11208 0.654236 0.820457 0.167146 0 0
0 0 768 0.859099 0.336051 0.0349605 0.10542 0 0
0 0 769 0.780175 0.291559 0.423616 -1.86643 0 0
0 0 770 -0.280024 0.227598 -0.534534 0.557128 0 0
0 0 771 -0.522461 -0.559469 -0.49173 0.354764 0 0
0 0 772 0.539184 -0.414113 0.124947 0.684738 0 0
0 0 773 0.160719 0.354548 0.962464 1.39086 0 0
0 0 774 0.663354 -0.409222 1.21062 0.773126 0 0
0 0 775 -0.759589 0.987133 -2.1869 0.782739 0 0
0 0 776 1.51084 0.643748 -0.100484 0.677077 0 0
0 0 777 0.699626 -1.31865 -0.758215 0.208897 0 0
0 0 778 0.674565 0.291623 1.12847 -1.23865 0 0
0 0 779 -1.08162 0.185932 0.0352007 1.10675 0 0
0 0 780 0.126779 0.24004 -0.391333 -0.692052 0 0
0 0 781 -0.311753 -0.83614 1.25249 -0.0905155 0 0
0 0 782 -0.407746 0.169839 -0.828164 0.882562 0 0
0 0 783 0.790634 0.798721 -0.311883 0.45305 0 0
0 0 784 1.43275 -0.378773 0.546497 1.365 0 0
0 0 785 0.854162 -1.52529 -1.08754 -0.828832 0 0
0 0 786 -0.0654845 -0.944072 -0.537251 0.391453 0 0
0 0 787 0.58669 0.382218 0.420983 -0.335182 0 0
0 0 788 0.158686 0.663236 -0.141629 -1.77768 0 0
0 0 789 0.73362 0.224146 1.1123 1.40001 0 0
0 0 790 0.296715 0.554454 2.20976 -0.265815 0 0
0 0 791 0.523035 0.0855579 -0.0955658 -0.178222 0 0
0 0 792 0.945061 -1.2494 -0.891544 -0.443398 0 0
0 0 793 0.17099 0.800892 0.287633 0.972722 0 0
0 0 794 0.504766 1.08917 -0.992419 -0.589502 0 0
0 0 795 0.018611 0.41403 0.175784 1.745 0 0
0 0 796 -1.62142 0.355649 -0.278866 0.6463 0 0
0 0 797 -0.529146 -0.627233 0.982664 -0.375757 0 0
0 0 798 0.551718 -1.72325 0.265776 0.018238 0 0
0 0 799 -0.202828 2.74745 0.193114 1.41594 0 0
0 0 800 -0.165617 -1.10946 2.2289 -1.25552 0 0
0 0 801 -0.462109 0.14972 1.22081 0.259642 0 0
0 0 802 -0.843531 0.165585 -1.28652 0.125028 0 0
0 0 803 1.54584 -0.630996 -0.0878879 -0.702906 0 0
0 0 804 0.708958 -0.48493 -1.11963 -1.31699 0 0
0 0 805 -0.178622 -0.13868 -0.0993941 0.142255 0 0
0 0 806 0.744938 0.472828 1.54508 0.341979 0 0
0 0 807 -1.24127 -0.54115 0.00543804 -0.102209 0 0
0 0 808 -0.896639 2.70308 -0.680033 1.60219 0 0
0 0 809 0.527161 0.277996 0.0678704 -0.354398 0 0
0 0 810 1.09307 0.541142 -0.190356 -0.531578 0 0
0 0 811 0.599265 0.0580086 0.025684 2.03589 0 0
0 0 812 -0.923048 0.00414401 -1.03934 -0.180723 0 0
0 0 813 1.24204 0.639585 -0.12483 -0.95482 0 0
0 0 814 1.38609 1.05888 0.621973 -0.520753 0 0
0 0 815 -1.51697 0.254134 0.019714 0.88877 0 0
0 0 816 -0.648398 0.692593 -1.10109 0.535895 0 0
0 0 817 -0.0662359 -0.0193704 -0.797857 -1.15646 0 0
0 0 818 0.00830925 -1.28862 1.10658 0.595918 0 0
0 0 819 1.2805 1.11621 -0.79162 -0.274981 0 0
0 0 820 1.17367 0.555664 -2.11823 1.04171 0 0
0 0 821 0.592242 0.381306 0.511118 -0.694421 0 0
0 0 822 1.1569 0.555006 0.607039 0.231311 0 0
0 0 823 1.35209 1.48566 0.126535 0.1838 0 0
0 0 824 -0.600145 0.570748 -1.4503 0.195275 0 0
0 0 825 -0.465182 1.09197 -0.573464 1.41683 0 0
0 0 826 -0.837349 1.57718 0.375231 0.21182 0 0
0 0 827 0.496797 -1.00703 -0.636314 -0.400388 0 0
0 0 828 -0.151681 0.94112 0.694515 -0.509783 0 0
0 0 829 0.566668 -0.674981 0.0820669 0.22451 0 0
0 0 830 -0.470906 -0.662786 -1.63446 0.640432 0 0
0 0 831 -0.129873 -1.15734 -0.429926 -0.311064 0 0
0 0 832 0.887293 0.140784 1.18774 -0.322622 0 0
0 0 833 0.879074 -0.265993 -0.44955 -1.12153 0 0
0 0 834 -0.453549 -0.194725 0.517826 -0.929656 0 0
0 0 835 0.701253 -0.299402 -0.263919 -0.347114 0 0
0 0 836 0.98229 -0.142522 0.471636 2.04562 0 0
0 0 837 -1.3195 -0.885119 1.65353 -1.63673 0 0
0 0 838 1.41678 0.127514 1.24213 -0.485522 0 0
0 0 839 0.839048 -0.395873 0.0151413 2.29327 0 0
0 0 840 1.36104 1.6142 0.0300365 -0.176834 0 0
0 0 841 -0.0415569 0.442922 -0.0547338 0.201375 0 0
0 0 842 -0.240094 -0.577849 -0.590988 -0.148414 0 0
0 0 843 0.82973 -0.700115 2.12263 -1.41414 0 0
0 0 844 0.398436 -1.20547 -0.208022 0.490921 0 0
0 0 845 -1.54033 1.49812 0.837739 -0.0709542 0 0
0 0 846 0.525873 -0.929493 -0.786811 0.318201 0 0
0 0 847 1.67177 1.20121 -0.710287 2.14187 0 0
0 0 848 0.726372 -0.32428 -0.60245 1.4328 0 0
0 0 849 0.64494 -0.818208 1.07703 -1.08883 0 0
0 0 850 -0.200704 -0.121124 -0.918853 0.349668 0 0
0 0 851 0.519806 0.80242 0.189587 -1.00531 0 0
0 0 852 1.17619 1.71457 -2.1526 0.245855 0 0
0 0 853 0.198541 0.430506 -0.165143 0.467889 0 0
0 0 854 -0.36557 -0.335998 -2.12065 -0.858223 0 0
0 0 855 -0.103405 -0.141364 0.199118 -1.87194 0 0
0 0 856 0.823707 1.07489 -0.861564 -1.20072 0 0
0 0 857 1.5754 0.352855 0.927699 -0.170335 0 0
0 0 858 1.3881 0.564215 -1.11246 0.31713 0 0
0 0 859 1.81127 -0.654162 0.465196 0.362476 0 0
0 0 860 2.0001 -0.859485 -1.23711 -0.399212 0 0
0 0 861 3.58302 -0.749553 -2.57452 -0.589962 0 0
0 0 862 1.05467 0.228466 0.14601 -0.704086 0 0
0 0 863 2.05962 1.52049 -0.819591 -0.843446 0 0
0 0 864 1.62448 0.512314 -1.41834 -1.677 0 0
0 0 865 0.539201 0.703739 -1.07324 -0.214994 0 0
0 0 866 2.97703 1.11906 -2.08959 0.238712 0 0
0 0 867 2.79941 1.12808 -3.20657 -0.736861 -35.309 8.34001
0 0 868 4.16688 0.436134 -2.81585 1.51271 0 0
0 0 869 3.58516 2.10049 -3.46585 0.851072 -29.3909 6.91195
0 0 870 3.94522 0.525123 -4.13799 0.884965 -41.3838 6.84422
0 0 871 3.1936 2.84364 -3.65331 -0.824571 -26.0519 6.00014
0 0 872 4.19646 1.86652 -3.15578 0.65406 -29.6987 7.64561
0 0 873 3.12047 2.00128 -5.62975 0.056281 -35.2153 4.74405
0 0 874 6.10486 1.73679 -4.4359 1.39184 -34.3091 5.94092
0 0 875 5.88472 2.59202 -3.96712 0.682907 -28.4202 5.8973
0 0 876 6.85108 0.724753 -7.14973 0.424255 -42.1059 3.97424
0 0 877 6.10156 1.47745 -5.39031 0.716368 -37.336 5.08749
0 0 878 8.1214 1.06369 -5.09699 -0.357997 -39.106 5.47246
0 0 879 8.36661 2.69325 -6.45232 1.18732 -33.672 4.04305
0 0 880 7.74753 2.1867 -6.06997 0.929689 -35.0942 4.39247
0 0 881 8.19178 0.741033 -6.31207 0.219459 -41.6521 4.49273
0 0 882 7.98119 2.04584 -8.65844 0.542399 -38.3529 3.20006
0 0 883 7.28594 2.02302 -7.59368 -1.32671 -37.5412 3.61928
0 0 884 7.3901 4.68307 -7.37561 -0.356671 -28.7934 3.20163
0 0 885 6.98876 1.99885 -6.98766 -0.374522 -37.0183 3.91067
0 0 886 7.16645 2.11526 -7.32619 1.11968 -36.9476 3.72696
0 0 887 8.3913 1.37449 -5.57306 0.128473 -38.0728 4.95833
0 0 888 7.88131 -0.34175 -7.14891 -0.271935 -46.3685 3.99283
0 0 889 8.01515 0.522253 -5.93974 -0.981714 -42.4876 4.79076
0 0 890 6.10149 1.48319 -5.98345 -0.214352 -38.039 4.61672
0 0 891 5.94203 1.32831 -6.13741 0.865336 -38.8939 4.5366
0 0 892 7.80301 1.37019 -4.60372 1.30959 -36.7128 5.91476
0 0 893 6.49769 2.43942 -5.94069 -1.29825 -33.8378 4.40314
0 0 894 6.68896 1.21994 -5.11976 -1.59648 -38.2987 5.40911
0 0 895 5.13391 2.62039 -6.8332 1.06921 -34.5096 3.8685
0 0 896 5.99911 0.576676 -5.67904 -1.42303 -42.1009 5.00335
0 0 897 6.65706 2.16343 -7.4996 -1.40764 -36.9543 3.64106
0 0 898 8.47058 0.877821 -6.17054 1.05096 -40.9517 4.57911
0 0 899 6.493 1.19362 -5.58741 -0.221167 -38.9707 4.98644
0 0 900 5.58685 1.771 -5.73425 0.900277 -36.4185 4.73186
0 0 901 6.57691 0.843574 -5.01682 -0.306453 -40.2275 5.60694
0 0 902 6.8617 -0.0454371 -7.02013 0.215907 -45.1854 4.0713
0 0 903 5.49128 0.574975 -5.55627 -0.349653 -42.046 5.11274
0 0 904 6.19443 1.71173 -6.31194 -0.587487 -37.4135 4.34829
0 0 905 5.7292 1.54869 -5.00475 2.02852 -36.4028 5.42054
0 0 906 7.00847 1.00788 -6.48101 -1.8465 -40.5803 4.35013
0 0 907 7.03173 1.74821 -6.94801 -1.02775 -37.9384 3.97182
0 0 908 6.97899 -1.02354 -6.62242 -0.614079 -49.393 4.25795
0 0 909 5.965 1.73113 -4.6177 0.845386 -34.7247 5.74301
0 0 910 8.25129 2.28443 -5.98097 -1.25007 -34.5479 4.42227
0 0 911 7.72744 0.326753 -8.06837 0.703642 -43.8405 3.53912
0 0 912 8.82358 2.35473 -7.67274 0.637236 -36.4695 3.53858
0 0 913 10.1229 -1.30537 -8.39329 -0.123241 -49.4201 3.35901
0 0 914 9.26701 1.82635 -8.10236 0.937586 -38.6486 3.42899
0 0 915 10.9142 4.11007 -10.7652 -0.509633 -34.5518 2.45709
0 0 916 10.619 2.24361 -10.2658 1.5868 -38.8359 2.71084
0 0 917 10.6789 1.93625 -9.98818 -2.82307 -39.5145 2.80177
0 0 918 14.3667 0.357502 -10.3883 1.44974 -44.0145 2.74948
0 0 919 12.5337 2.28595 -10.9021 -2.68575 -39.0789 2.55792
0 0 920 13.6118 1.66915 -11.3705 -0.734921 -40.8244 2.48316
0 0 921 14.4357 1.26834 -13.6385 -0.348356 -42.3435 2.08534
0 0 922 15.6974 1.4804 -14.1435 0.34605 -42.0123 2.00826
0 0 923 17.087 2.56966 -13.7209 0.163847 -39.6962 2.04238
0 0 924 18.792 0.379221 -17.6699 -1.557 -44.3853 1.61712
0 0 925 19.5131 1.53289 -16.456 -1.95139 -42.3391 1.72828
0 0 926 20.0309 1.41854 -15.6633 0.00827209 -42.4126 1.81624
0 0 927 20.3571 1.93176 -18.6187 0.781036 -42.0383 1.52572
0 0 928 21.1612 1.24867 -17.9654 0.903037 -43.0121 1.58654
0 0 929 22.1924 0.702293 -18.8363 0.93382 -43.9324 1.51617
0 0 930 22.2278 0.543071 -18.3833 0.386326 -44.1539 1.55399
0 0 931 23.4215 -0.524344 -18.116 -0.739945 -45.8289 1.57695
0 0 932 23.4113 1.64542 -17.4816 -0.337534 -42.3115 1.62672
0 0 933 21.7886 -0.474288 -15.724 -0.348647 -45.8639 1.81676
0 0 934 23.5237 -0.738174 -17.2314 0.728222 -46.2265 1.65696
0 0 935 23.2133 0.752697 -16.1177 -0.358067 -43.6631 1.7711
0 0 936 21.3897 1.71763 -17.0465 -1.04649 -42.1231 1.66701
0 0 937 24.3252 -0.335485 -15.5038 0.0637257 -45.6198 1.84304
0 0 938 25.645 -1.45158 -15.688 -0.501545 -47.6432 1.81301
0 0 939 26.7513 -0.074646 -15.834 -0.588416 -45.1351 1.80507
0 0 940 27.5703 0.538358 -16.0091 -0.553491 -44.037 1.78419
0 0 941 27.9113 -0.677402 -14.4769 1.15591 -46.3395 1.97182
0 0 942 31.3328 -3.28158 -12.0303 -2.57086 -52.6289 2.28038
0 0 943 32.266 -1.81511 -13.3893 -0.270368 -48.8601 2.11251
0 0 944 33.9814 -0.39245 -13.2537 -0.406248 -45.848 2.15543
0 0 945 40.0393 -0.286283 -13.7603 -0.50122 -45.5959 2.0766
0 0 946 43.5339 -0.95767 -14.4738 -1.98237 -46.8927 1.96978
0 0 947 49.7487 -1.84127 -12.1763 -0.901492 -49.2995 2.31712
0 0 948 52.7944 -0.639143 -10.0419 0.466774 -46.8209 2.83965
0 0 949 58.9829 -1.83902 -3.6733 1.94859 -58.2973 6.85447
0 0 950 65.6111 -0.566467 -1.39287 1.85977 0 0
0 0 951 73.851 -1.07679 6.09686 2.32493 50.008 4.60623
0 0 952 83.8609 1.11422 9.86139 2.65096 41.7768 2.87736
0 0 953 92.3568 3.03997 17.6468 0.862896 40.1129 1.59276
0 0 954 105.744 5.27443 25.3643 1.3705 39.1265 1.09988
0 0 955 119.343 8.48729 32.6548 0.993522 37.7153 0.843177
0 0 956 131.908 10.6179 43.3827 0.196629 38.1236 0.637278
0 0 957 142.116 12.6918 51.572 0.95789 38.0872 0.535891
0 0 958 151.24 14.7758 56.778 1.42942 37.7065 0.484893
0 0 959 157.888 15.7118 62.2858 3.35378 37.9212 0.442982
0 0 960 159.767 18.4794 66.6672 1.23116 37.2536 0.410973
0 0 961 159.62 18.9172 64.8563 1.95383 36.8696 0.42062
0 0 962 154.979 14.5674 60.5161 0.715894 38.2326 0.457331
0 0 963 149.807 15.0953 57.0598 1.02806 37.5909 0.481916
0 0 964 141.844 13.6058 52.2497 0.640902 37.7022 0.526893
0 0 965 132.901 11.9342 44.2349 1.34714 37.4508 0.620713
0 0 966 122.334 11.0036 39.1863 -0.394148 37.1576 0.698441
0 0 967 110.569 9.86606 33.8092 0.90555 36.866 0.806843
0 0 968 101.317 5.67971 26.7022 0.270077 38.9959 1.04363
0 0 969 89.7821 7.3629 20.3784 0.842609 35.0674 1.30785
0 0 970 81.2578 6.3266 16.0555 -1.09824 34.2467 1.6398
0 0 971 74.7026 4.29595 13.6987 2.02005 36.2942 1.97771
0 0 972 68.4219 4.81206 12.056 0.387043 34.1205 2.17949
0 0 973 63.5846 3.452 7.38684 0.57607 32.4763 3.45893
0 0 974 58.4403 2.86837 6.0007 -0.110846 32.2259 4.23822
0 0 975 55.5741 0.31146 3.8521 1.96624 42.6887 7.39212
0 0 976 53.5153 0.825048 1.57167 -0.500877 0 0
0 0 977 52.1278 0.0738659 0.861118 -1.20291 0 0
0 0 978 47.1246 -0.634083 0.925175 -0.44275 0 0
0 0 979 48.4224 0.53672 0.590684 -1.34498 0 0
0 0 980 46.3573 -0.177959 0.0307039 -0.408442 0 0
0 0 981 45.4887 -0.801231 -2.50331 -0.603378 0 0
0 0 982 42.9896 -0.0507736 -2.19367 -0.414308 0 0
0 0 983 42.724 -0.91663 -2.5218 -0.983051 0 0
0 0 984 42.8708 -1.09342 -3.0457 -0.845482 -54.8742 8.75797
0 0 985 39.0596 -1.70885 -2.83035 -2.92424 -60.561 8.47346
0 0 986 39.0906 -2.09826 -2.41161 -2.25336 -65.5127 8.65347
0 0 987 38.4595 -1.21669 -3.84459 -2.74743 -53.7805 7.04025
0 0 988 38.8178 -1.08219 -5.61474 -4.18294 -50.4547 4.98531
0 0 989 37.8379 -2.74983 -3.73909 -3.85698 -63.1659 5.99711
0 0 990 35.8536 -2.38948 -4.84236 -2.11638 -58.1321 5.21638
0 0 991 33.9422 -2.90503 -3.89515 -3.76948 -63.3579 5.72548
0 0 992 34.828 -3.96535 -4.43538 -3.23337 -65.8988 4.64461
0 0 993 34.6111 0.488722 -3.49215 -3.97838 -41.0166 8.09412
0 0 994 31.7956 -3.72328 -3.89997 -2.73663 -66.8361 5.11177
0 0 995 32.2478 -4.48904 -3.8025 -2.66054 -69.8667 4.64582
0 0 996 31.2234 -2.58078 -1.70552 -3.88801 0 0
0 0 997 28.2116 -3.16067 -1.78829 -3.37607 -75.2495 7.41951
0 0 998 29.047 -2.81388 -4.02341 -4.32206 -62.484 5.67918
0 0 999 28.3749 -3.62468 -3.65471 -4.61238 -67.3818 5.34657
0 0 1000 28.384 -2.86098 -1.97892 -3.36833 -72.6643 7.79719
0 0 1001 24.4601 -3.75566 -3.29348 -4.58288 -69.3756 5.47903
0 0 1002 25.6666 -2.95532 -3.13384 -4.22758 -66.6603 6.40169
0 0 1003 23.5461 -3.1608 -3.64 -1.88941 -65.4848 5.7385
0 0 1004 23.1337 -2.43025 -4.06936 -4.28545 -60.423 5.91251
0 0 1005 22.4061 -3.62845 -2.42959 -2.11551 -73.097 6.20438
0 0 1006 21.9348 -5.47248 -2.45325 -1.38243 -77.9269 4.46475
0 0 1007 18.7089 -4.49956 -1.44475 -2.68328 -81.0994 5.63075
0 0 1008 20.1062 -4.66461 -2.7711 -3.78545 -74.6434 4.97358
0 0 1009 19.4546 -4.40518 -0.569826 -1.23577 -86.3148 5.95145
0 0 1010 18.3954 -3.25827 -3.04098 -2.88723 -68.4878 6.15595
0 0 1011 18.3703 -4.08354 -1.44737 -4.14064 -80.2418 6.15143
0 0 1012 16.8734 -4.29857 -1.40943 -1.68961 -80.9232 5.88409
0 0 1013 16.3318 -3.53264 -2.76848 -3.18713 -70.9573 6.07139
0 0 1014 15.7559 -2.70118 -0.398667 -3.06096 0 0
0 0 1015 15.7162 -2.98975 -2.2904 -2.28523 -71.2724 7.22902
0 0 1016 13.7398 -2.80048 0.579206 -1.40017 0 0
0 0 1017 12.8951 -3.69357 -1.97549 -3.76698 -75.9301 6.42191
0 0 1018 12.6714 -5.23805 -2.03074 -2.14762 -79.4046 4.75152
0 0 1019 12.3547 -4.25934 0.509789 -0.499776 86.5874 6.1613
0 0 1020 10.5917 -3.6483 -1.02701 -0.161033 -82.1389 7.00896
0 0 1021 10.0002 -3.17397 -1.39319 -0.787127 -78.1507 7.72098
0 0 1022 10.3082 -3.36958 -0.56428 -2.11099 -85.2466 7.74483
0 0 1023 9.01267 -4.541 -2.19326 -1.09788 -77.11 5.31932
