# File: uwl_190209_191014_b4.rf.sbE2.RMC_aux Src: J1713+0747 Nsub: 1 Nch: 1 Npol: 4 Nbin: 1024 RMS: 1.04955
0 0 0 13.4411 -4.00269 -1.96847 -0.773546 -76.9063 6.98318
0 0 1 12.2887 -4.84535 -1.13285 -1.7853 -83.4203 6.32504
0 0 2 10.6828 -4.06737 -0.97615 -1.69305 -83.2523 7.52298
0 0 3 9.85023 -3.76881 -3.316 -1.63518 -69.3285 6.09408
0 0 4 9.18564 -3.96407 -1.06967 -1.62346 -82.4495 7.65668
0 0 5 9.19668 -1.65408 -2.35612 -1.00075 0 0
0 0 6 9.0398 -3.65625 0.134682 -1.15054 88.9452 8.63345
0 0 7 9.66608 -1.42912 -0.917294 0.0838233 0 0
0 0 8 8.06195 -3.78826 1.33536 -0.721446 80.2912 7.80252
0 0 9 8.16591 -3.55172 -1.5807 -0.952981 -78.0042 8.02963
0 0 10 7.65949 -1.84674 -1.46181 -0.751967 0 0
0 0 11 7.23128 -1.43564 0.533922 -1.41953 0 0
0 0 12 6.67426 -2.9003 -0.142103 0.201202 0 0
0 0 13 6.22703 -2.95662 -1.9198 -0.530412 -73.5017 8.76972
0 0 14 4.32303 -1.59924 -0.228673 -0.585027 0 0
0 0 15 7.1 -2.93215 -0.565047 -0.940893 0 0
0 0 16 6.46929 -2.44372 1.5266 -1.90227 0 0
0 0 17 5.96602 -1.91184 -1.0317 -0.698465 0 0
0 0 18 4.83738 -3.21077 0.147417 1.02844 0 0
0 0 19 5.4028 -2.54927 -0.281288 0.629206 0 0
0 0 20 2.77089 0.094492 -1.2818 -0.753636 0 0
0 0 21 4.79869 -0.588286 -1.8134 -0.128907 0 0
0 0 22 1.88701 -1.10574 -0.360092 1.22713 0 0
0 0 23 3.63018 -0.882355 -1.6235 0.502656 0 0
0 0 24 4.74281 -1.9961 1.86187 -1.45773 0 0
0 0 25 1.38794 -0.688353 -3.10534 0.155607 0 0
0 0 26 3.7716 -0.242981 -1.76009 -0.39356 0 0
0 0 27 4.28301 -1.13736 1.4661 -1.7906 0 0
0 0 28 3.50307 -0.712122 0.127098 -0.0481104 0 0
0 0 29 2.70678 -0.0394062 0.451683 -1.19404 0 0
0 0 30 3.59002 -0.818814 -0.024268 -1.22156 0 0
0 0 31 3.8293 -0.31 -1.57174 1.37788 0 0
0 0 32 2.41325 -1.21013 -0.520322 -0.0633791 0 0
0 0 33 2.67685 -0.232805 -0.528328 -1.11212 0 0
0 0 34 0.512946 -0.590336 -0.95005 -1.61279 0 0
0 0 35 1.78279 -0.0716444 1.12743 -0.483772 0 0
0 0 36 2.15401 1.46808 -1.61544 0.575155 0 0
0 0 37 3.82994 1.60608 1.37146 -0.271602 0 0
0 0 38 3.44528 -1.93581 0.844683 0.0589058 0 0
0 0 39 1.64622 0.017628 -0.217001 0.0296467 0 0
0 0 40 0.653629 -0.457783 -0.131366 -1.48397 0 0
0 0 41 4.50147 1.34095 0.496897 0.978771 0 0
0 0 42 2.17187 0.0702662 0.873342 0.367987 0 0
0 0 43 2.26354 0.801587 1.29475 -1.03744 0 0
0 0 44 1.7513 0.328318 -1.3823 -1.23499 0 0
0 0 45 0.527553 2.28928 1.36894 0.0740521 0 0
0 0 46 1.3886 0.151577 1.84371 -0.685408 0 0
0 0 47 1.28936 0.735537 1.67011 -1.02305 0 0
0 0 48 1.15933 -1.22623 0.521182 -0.498335 0 0
0 0 49 1.7036 -0.64754 0.847114 0.323534 0 0
0 0 50 3.49706 -0.0581234 1.12194 0.469511 0 0
0 0 51 2.43328 -0.345224 1.46324 0.931909 0 0
0 0 52 1.71072 -0.331605 1.06679 -0.518886 0 0
0 0 53 2.83317 -0.878679 2.20216 0.888415 0 0
0 0 54 0.730876 -1.03522 1.93342 1.78624 0 0
0 0 55 2.60269 -0.178324 2.14443 -0.602909 0 0
0 0 56 3.96651 -2.27383 1.95833 0.666675 0 0
0 0 57 2.38886 -0.470701 1.78919 -0.821986 0 0
0 0 58 4.00462 -1.65326 2.70203 -1.33648 0 0
0 0 59 2.25907 -1.55182 1.90034 0.237837 0 0
0 0 60 1.28213 -0.833474 1.42838 0.428409 0 0
0 0 61 1.6793 0.727216 0.546263 0.252264 0 0
0 0 62 3.03489 -1.79049 3.02876 0.35995 60.295 8.49098
0 0 63 2.73027 -2.80661 2.11907 -0.228492 71.4731 8.74724
0 0 64 2.77099 0.354514 4.03763 0.149798 42.4911 7.22155
0 0 65 2.92862 1.20726 4.51979 0.386571 37.5226 6.2872
0 0 66 2.35266 -2.03525 3.4374 -1.39641 60.3147 7.4789
0 0 67 4.53804 -1.27538 3.99011 -0.436669 53.8628 7.03659
0 0 68 4.0511 -2.09328 4.46582 -0.0448356 57.557 6.01906
0 0 69 5.31739 -1.41167 2.93586 -1.25383 0 0
0 0 70 3.80781 -3.23491 3.00285 0.011564 68.5653 6.91696
0 0 71 3.23355 -1.93468 4.36005 -0.864106 56.9641 6.21569
0 0 72 3.27016 -1.23731 3.10632 -0.784963 0 0
0 0 73 5.04719 -1.87445 3.41025 -1.64645 59.3977 7.66054
0 0 74 2.67995 -1.52897 0.319385 0.818999 0 0
0 0 75 3.02881 -2.63975 2.2227 -0.649 0 0
0 0 76 3.61336 -2.85147 1.07257 -1.79645 0 0
0 0 77 5.2609 -1.68674 3.37323 -0.279611 58.2834 7.884
0 0 78 1.03242 -2.33238 2.44935 -0.886279 0 0
0 0 79 3.64121 -1.4734 3.68438 2.0404 55.8984 7.45577
0 0 80 3.91728 -2.07346 1.25806 -2.09041 0 0
0 0 81 2.3214 -2.52389 0.904058 -1.6302 0 0
0 0 82 2.84257 -0.388313 2.66442 0.61262 0 0
0 0 83 2.8302 -1.02205 1.15005 -0.44436 0 0
0 0 84 1.72905 2.168 0.597577 -0.511463 0 0
0 0 85 2.31975 -1.19821 2.49315 -0.582659 0 0
0 0 86 2.31509 -0.055442 3.31883 0.463607 0 0
0 0 87 -0.28229 -0.598733 2.02322 -1.06983 0 0
0 0 88 2.09158 -1.95954 0.0564241 -0.0233309 0 0
0 0 89 3.00685 0.718193 1.03516 -0.691037 0 0
0 0 90 2.56507 0.364732 0.987701 0.534645 0 0
0 0 91 0.207923 0.0406374 1.69692 1.51348 0 0
0 0 92 0.697149 0.825118 2.12881 -0.733383 0 0
0 0 93 0.612009 -2.73586 0.912444 0.497849 0 0
0 0 94 -0.0933307 -0.422084 0.145905 -0.0895067 0 0
0 0 95 2.74923 -2.12283 2.08024 0.362107 0 0
0 0 96 0.886154 -0.953855 1.4847 -2.83483 0 0
0 0 97 1.03616 -0.134172 1.01745 1.71845 0 0
0 0 98 1.88543 -0.504133 -1.09231 -0.418933 0 0
0 0 99 1.63153 -1.36311 1.01334 1.43452 0 0
0 0 100 0.567987 0.420264 1.60379 -1.21151 0 0
0 0 101 0.352208 0.750774 0.09506 1.10583 0 0
0 0 102 0.845581 1.66225 0.0959135 1.03677 0 0
0 0 103 -1.12665 1.01488 -0.899818 1.18127 0 0
0 0 104 -0.286215 -0.649657 -0.548748 1.13376 0 0
0 0 105 1.14791 -0.0446187 -0.996036 0.562474 0 0
0 0 106 0.404727 0.641572 1.44571 -0.265323 0 0
0 0 107 -0.200998 0.744926 -0.849322 -0.713709 0 0
0 0 108 2.54502 -0.124502 -0.580934 -2.08195 0 0
0 0 109 0.832743 -0.336555 -0.247316 0.47961 0 0
0 0 110 0.285712 -0.486497 0.186184 -1.12234 0 0
0 0 111 2.47979 -1.92907 -0.270613 -1.83818 0 0
0 0 112 -1.19903 -0.859646 0.680207 1.37321 0 0
0 0 113 1.70985 0.576239 0.549108 -0.0635824 0 0
0 0 114 0.637894 1.54541 -1.8489 0.200695 0 0
0 0 115 0.0756963 -0.536507 0.338668 0.664414 0 0
0 0 116 -0.0154949 -0.329373 0.19945 -0.738366 0 0
0 0 117 1.92068 0.499349 3.18863 1.57481 0 0
0 0 118 1.35048 -1.2429 0.264494 1.69198 0 0
0 0 119 -1.63833 0.11734 -0.48003 0.0507793 0 0
0 0 120 0.787807 -1.39364 -0.0925556 -1.37199 0 0
0 0 121 -0.426532 0.445103 -0.686074 0.443181 0 0
0 0 122 -0.208818 0.492423 1.09694 -1.1616 0 0
0 0 123 0.176606 -1.2742 0.761942 1.05334 0 0
0 0 124 0.202516 -0.124976 -0.870948 -0.602778 0 0
0 0 125 0.930288 0.764047 0.490376 -0.825823 0 0
0 0 126 0.315248 -0.619353 -0.712944 1.69156 0 0
0 0 127 0.588388 0.199103 -0.100927 1.63262 0 0
0 0 128 0.294347 -1.52852 1.22273 -0.143499 0 0
0 0 129 -0.299602 -1.04404 0.256233 0.170258 0 0
0 0 130 1.09283 0.734066 0.0750401 -1.856 0 0
0 0 131 -1.04249 -0.111168 -0.732002 -0.230531 0 0
0 0 132 0.101654 0.140403 0.0608437 0.385037 0 0
0 0 133 0.221952 0.140377 -1.63885 -0.979465 0 0
0 0 134 0.562664 1.84121 -0.361976 -0.612134 0 0
0 0 135 -0.207306 -1.50214 -0.201031 -0.171621 0 0
0 0 136 -0.398803 0.306122 1.91501 -0.560275 0 0
0 0 137 -1.93804 -1.79304 -0.673832 -0.283417 0 0
0 0 138 1.7679 -1.75467 -1.22477 0.598939 0 0
0 0 139 0.798586 2.43069 0.640474 0.570736 0 0
0 0 140 0.127881 -0.846803 -0.998214 0.0646296 0 0
0 0 141 1.74494 -1.08778 0.468106 0.18317 0 0
0 0 142 0.76086 -1.14942 1.01717 2.14994 0 0
0 0 143 1.66198 0.932244 1.0605 0.432086 0 0
0 0 144 -0.607726 1.64292 0.549618 -0.835813 0 0
0 0 145 -0.419135 -1.21437 -0.38569 -1.03603 0 0
0 0 146 0.657228 -2.17643 -1.11252 -1.89081 0 0
0 0 147 -1.24157 0.926352 -0.440123 0.646445 0 0
0 0 148 -0.0312793 -1.66098 -0.298496 0.661991 0 0
0 0 149 0.689396 -1.62481 -0.503896 0.785478 0 0
0 0 150 1.62236 1.33534 0.211467 0.23296 0 0
0 0 151 -2.14043 -0.0102836 2.18976 0.358261 0 0
0 0 152 -1.19716 -1.4977 -0.307953 -0.797467 0 0
0 0 153 -0.956843 -0.0551642 -0.211566 1.9733 0 0
0 0 154 0.538701 -1.80854 0.355116 0.27915 0 0
0 0 155 -0.459793 1.85105 0.532899 -0.749093 0 0
0 0 156 0.13962 1.14884 -0.0590735 -0.882164 0 0
0 0 157 -1.71609 0.00081104 0.136003 0.328127 0 0
0 0 158 1.7029 0.918353 -0.259147 -0.695288 0 0
0 0 159 0.31885 0.150815 -1.46569 0.362881 0 0
0 0 160 0.0764983 -0.246597 -0.890773 -1.68088 0 0
0 0 161 0.161905 0.731318 0.338438 1.21836 0 0
0 0 162 2.34614 -0.121501 2.14175 0.0848616 0 0
0 0 163 0.912888 1.08824 -1.42771 -0.126593 0 0
0 0 164 0.456526 -1.06407 0.442131 -0.381258 0 0
0 0 165 -0.585036 -0.182724 -1.27257 -0.624494 0 0
0 0 166 1.21541 -0.263874 -0.458587 -1.26086 0 0
0 0 167 0.66285 0.0482343 -1.74716 -1.78889 0 0
0 0 168 0.928943 0.0685415 1.84494 0.178034 0 0
0 0 169 -0.40351 0.107801 -1.26635 -0.266312 0 0
0 0 170 0.362247 0.175856 -1.98373 -0.546324 0 0
0 0 171 -1.00272 -0.879471 -0.15612 -1.261 0 0
0 0 172 1.57117 1.84226 -0.278009 -0.888153 0 0
0 0 173 -1.22357 -0.522561 -0.604121 -0.507351 0 0
0 0 174 0.0258832 0.721787 -2.25092 -0.697079 0 0
0 0 175 -0.37131 -1.10276 -1.22094 -0.325772 0 0
0 0 176 1.69923 0.503871 0.253432 1.2967 0 0
0 0 177 1.40999 -0.846003 0.428856 -0.0754804 0 0
0 0 178 -1.77824 0.032429 -0.198332 0.578082 0 0
0 0 179 -0.346173 -0.705969 1.29904 0.119884 0 0
0 0 180 -0.612647 -1.74857 1.55914 0.601046 0 0
0 0 181 1.602 -2.05834 -0.46467 -0.544079 0 0
0 0 182 -0.317488 0.171235 -0.230696 0.305785 0 0
0 0 183 0.523391 -2.12204 -0.556253 0.509468 0 0
0 0 184 0.524629 2.29475 1.0174 -1.0487 0 0
0 0 185 0.393695 1.22588 0.0579052 -1.34237 0 0
0 0 186 0.483421 -0.481637 -0.985545 -1.07016 0 0
0 0 187 0.314859 1.28322 0.184843 0.79337 0 0
0 0 188 1.72732 1.47222 0.937992 0.918228 0 0
0 0 189 -0.5651 -0.0769877 -0.536546 0.836064 0 0
0 0 190 0.36913 -0.373344 -0.260796 1.28628 0 0
0 0 191 0.754251 1.0283 1.29309 -0.0854372 0 0
0 0 192 -0.881006 -1.16436 -1.3521 -0.658186 0 0
0 0 193 -0.122325 -1.289 0.0257872 0.836879 0 0
0 0 194 0.696466 0.00488183 0.675017 0.279093 0 0
0 0 195 -0.452734 -0.591375 0.830356 -0.586995 0 0
0 0 196 -1.17862 1.34699 -0.432734 0.988663 0 0
0 0 197 -0.902977 -1.07379 0.519758 -0.772561 0 0
0 0 198 -1.73761 -1.96358 1.84153 -0.605996 0 0
0 0 199 1.46536 -0.536229 -1.09069 -1.50227 0 0
0 0 200 0.0660318 -0.415138 -0.55071 -0.453798 0 0
0 0 201 1.87075 0.0377492 -0.850409 1.08623 0 0
0 0 202 0.606095 -0.693195 1.34903 1.37167 0 0
0 0 203 -1.28387 -1.04113 -0.0864528 -1.65444 0 0
0 0 204 -0.349736 -0.135558 1.33589 -0.676387 0 0
0 0 205 -0.608678 -0.853852 1.62502 -0.714053 0 0
0 0 206 0.0868791 -0.356812 0.578868 0.563024 0 0
0 0 207 0.783215 -0.178971 -1.84774 -2.58016 0 0
0 0 208 -0.28334 1.78618 0.828778 -0.566153 0 0
0 0 209 -1.04592 -0.600716 -0.511286 -0.242532 0 0
0 0 210 0.743703 0.00617105 -1.61255 1.95544 0 0
0 0 211 -1.33433 -1.40323 -0.239018 -0.480829 0 0
0 0 212 0.336944 -1.21313 0.875805 -0.777007 0 0
0 0 213 -1.39666 -0.0127305 -2.72311 -0.152156 0 0
0 0 214 -0.038948 0.498431 1.04894 0.662719 0 0
0 0 215 -1.28316 0.0458643 1.77094 -0.0460092 0 0
0 0 216 -0.108754 -0.491734 -2.32528 -0.742312 0 0
0 0 217 -0.0763934 0.0409141 0.932393 -0.967699 0 0
0 0 218 0.717306 -0.616847 0.0956653 1.40691 0 0
0 0 219 -0.881365 -2.39174 -0.284389 0.544854 0 0
0 0 220 0.457245 0.395535 0.543176 -0.0138558 0 0
0 0 221 1.21986 0.48545 2.63637 0.74087 0 0
0 0 222 1.0771 0.471444 -0.122107 -0.443282 0 0
0 0 223 0.552482 0.32548 -0.781536 -0.10685 0 0
0 0 224 -0.146307 -1.31241 0.826011 1.30795 0 0
0 0 225 -1.49943 1.90828 -0.191393 0.0709362 0 0
0 0 226 0.223531 -0.882968 -0.521966 0.766343 0 0
0 0 227 -0.809647 -1.65002 2.0946 -0.139606 0 0
0 0 228 1.01613 0.237143 -0.0987456 1.66971 0 0
0 0 229 0.185629 0.385852 0.250835 0.185171 0 0
0 0 230 1.55738 -0.769141 0.0544541 -0.176969 0 0
0 0 231 0.0422986 3.08355 -0.0408074 0.00580752 0 0
0 0 232 0.914163 -1.24745 0.819457 -0.191809 0 0
0 0 233 0.137207 -1.57806 -0.988397 -0.648476 0 0
0 0 234 0.507896 -0.758926 0.102342 1.11455 0 0
0 0 235 1.16481 -0.625331 -0.594045 -0.534833 0 0
0 0 236 0.147523 0.383941 0.860523 -0.720602 0 0
0 0 237 -1.59479 1.99702 1.07929 1.57743 0 0
0 0 238 -1.30218 -1.55864 -0.444853 -2.25397 0 0
0 0 239 -0.572475 0.297455 1.54038 -0.73637 0 0
0 0 240 0.638419 -0.413057 1.91329 -0.257261 0 0
0 0 241 0.35815 0.343137 -1.14435 2.44957 0 0
0 0 242 -0.931181 1.38832 -1.63953 2.47773 0 0
0 0 243 -0.589107 0.728148 -0.195421 0.180795 0 0
0 0 244 -0.591655 0.096939 1.50728 2.86636 0 0
0 0 245 -0.152525 1.4461 -0.321477 0.614959 0 0
0 0 246 0.60835 1.14696 0.447333 -1.68769 0 0
0 0 247 -0.729683 -0.783154 -0.53799 1.61086 0 0
0 0 248 -0.177095 -0.805906 3.04915 -0.370485 0 0
0 0 249 -0.909428 0.940275 -1.14241 -0.890527 0 0
0 0 250 1.60173 -0.601747 -1.44782 -0.17864 0 0
0 0 251 -0.53578 1.80982 2.43636 -0.411055 0 0
0 0 252 1.09213 1.9368 -0.867531 1.68739 0 0
0 0 253 -1.26703 0.950812 -0.0880252 -0.516857 0 0
0 0 254 -2.65757 0.35476 0.116271 -0.733195 0 0
0 0 255 0.543061 -1.18371 0.652454 -0.783184 0 0
0 0 256 -0.71813 -0.164844 0.689001 1.70376 0 0
0 0 257 -0.00376257 -0.745495 3.08301 0.306519 0 0
0 0 258 0.129935 1.764 1.17414 0.233196 0 0
0 0 259 1.7247 -0.055946 -0.457245 -2.23836 0 0
0 0 260 -1.20623 -0.814664 -0.00201848 0.0931807 0 0
0 0 261 -0.215945 0.358438 0.0801038 2.66792 0 0
0 0 262 -0.291103 -0.0747458 0.0967103 0.272232 0 0
0 0 263 0.0653739 0.010175 -0.446548 0.468412 0 0
0 0 264 -0.787478 -1.7189 -0.623371 0.0575005 0 0
0 0 265 0.763177 -1.55814 -1.81539 0.28993 0 0
0 0 266 -0.19013 -0.202654 0.143213 0.292452 0 0
0 0 267 -0.0862599 -0.273221 -1.36781 0.430089 0 0
0 0 268 -2.07162 0.201492 -0.524849 0.569449 0 0
0 0 269 0.508756 -1.71133 1.57349 -0.946908 0 0
0 0 270 -0.751022 0.79391 0.806603 -0.190371 0 0
0 0 271 -0.425788 1.16303 -0.331739 -0.221624 0 0
0 0 272 0.652659 0.410437 1.58467 1.11021 0 0
0 0 273 0.151751 0.234537 -0.376713 -1.18425 0 0
0 0 274 -0.0447725 -1.80256 -0.707304 0.748299 0 0
0 0 275 0.130507 -0.034969 -1.83951 0.64193 0 0
0 0 276 -0.032719 -0.0211927 -2.08819 1.43313 0 0
0 0 277 -1.60123 0.106822 1.18117 0.1126 0 0
0 0 278 1.37645 1.20731 -0.10881 0.410301 0 0
0 0 279 1.36124 -0.489342 -0.446496 0.420696 0 0
0 0 280 0.404039 0.211195 -0.117958 1.86588 0 0
0 0 281 0.66292 0.0954536 0.874586 0.200998 0 0
0 0 282 -1.75223 -0.476683 -0.896766 1.64148 0 0
0 0 283 0.745024 -0.632306 0.753673 -2.10876 0 0
0 0 284 0.837178 0.806403 -1.70259 0.0881162 0 0
0 0 285 -0.779233 0.46845 0.269162 -0.973141 0 0
0 0 286 0.445633 1.01189 -0.224194 0.339198 0 0
0 0 287 0.782799 -1.05916 1.31456 0.699357 0 0
0 0 288 -0.818262 -0.0287149 0.955248 -0.201316 0 0
0 0 289 0.162649 0.173111 0.0319576 0.615853 0 0
0 0 290 1.18557 -0.119144 1.22627 0.972964 0 0
0 0 291 1.98453 -0.207024 0.437885 1.37908 0 0
0 0 292 0.737491 -0.867831 -2.04587 -0.740849 0 0
0 0 293 1.10777 1.34572 -0.77692 0.499576 0 0
0 0 294 0.0161613 0.736416 1.67424 -1.36656 0 0
0 0 295 0.913679 1.14585 0.4321 -0.910055 0 0
0 0 296 4.06451 0.886463 -1.23304 -1.92016 0 0
0 0 297 -0.00513595 -1.87573 0.751772 -0.909688 0 0
0 0 298 -0.819067 -0.220051 -2.36432 -0.0249351 0 0
0 0 299 1.07469 0.518102 -3.01053 1.0261 0 0
0 0 300 0.431383 -1.41121 -1.66876 1.28147 0 0
0 0 301 0.207663 -0.0548122 1.33922 0.450501 0 0
0 0 302 1.04062 0.706914 0.662364 -0.93077 0 0
0 0 303 1.08901 -0.686369 0.447249 0.185493 0 0
0 0 304 0.468211 -0.0236295 -0.359505 0.761194 0 0
0 0 305 -1.13169 -0.759858 -1.07658 -0.0113233 0 0
0 0 306 0.477251 0.0894656 -1.70917 1.7397 0 0
0 0 307 2.55453 -0.491763 0.299708 -0.565826 0 0
0 0 308 3.54364 1.16836 0.546531 -1.10247 0 0
0 0 309 -0.163352 0.5765 -0.121887 1.29571 0 0
0 0 310 1.64807 0.151326 0.933429 -0.959318 0 0
0 0 311 -0.277334 -1.2187 -0.103735 0.670723 0 0
0 0 312 -0.378231 0.922865 0.681387 0.0164913 0 0
0 0 313 -0.0512305 -0.113812 -2.26614 -0.249512 0 0
0 0 314 -1.17652 0.150387 -2.04819 0.711335 0 0
0 0 315 1.75073 -0.260642 0.190757 0.22139 0 0
0 0 316 1.46565 -1.52439 -0.805488 -0.0856487 0 0
0 0 317 -0.585935 -1.26277 -0.951298 1.05676 0 0
0 0 318 0.36582 0.653884 0.351223 -0.790475 0 0
0 0 319 1.44184 0.345788 -1.06717 -0.367215 0 0
0 0 320 0.0864996 -0.258304 -0.129941 -1.90687 0 0
0 0 321 -1.01983 -1.26605 -0.777045 0.081334 0 0
0 0 322 0.155484 -0.594647 0.228545 0.498392 0 0
0 0 323 1.74277 0.718024 1.16016 0.680724 0 0
0 0 324 0.129088 0.278764 1.15174 0.63875 0 0
0 0 325 1.74225 2.01944 1.31502 0.369187 0 0
0 0 326 0.471957 1.0209 0.93375 1.3473 0 0
0 0 327 0.728304 -1.25457 -0.275983 1.8088 0 0
0 0 328 0.378142 0.608114 1.11714 0.705668 0 0
0 0 329 0.728231 0.874471 -0.427318 0.942402 0 0
0 0 330 0.607158 -1.16889 -0.865868 -1.31922 0 0
0 0 331 0.284441 -0.708314 1.62952 0.488162 0 0
0 0 332 -0.284252 0.697487 -1.15484 1.60013 0 0
0 0 333 -0.0219852 0.957749 1.04549 1.87726 0 0
0 0 334 0.200447 -0.439777 0.869346 0.569754 0 0
0 0 335 0.335117 -0.308703 -0.343039 1.19342 0 0
0 0 336 0.120278 0.275448 -2.44465 -0.665821 0 0
0 0 337 0.738959 -0.317538 0.720408 -1.88267 0 0
0 0 338 1.03192 -0.376727 0.517479 0.381098 0 0
0 0 339 -0.0629962 0.894682 1.35243 0.371588 0 0
0 0 340 0.462981 -0.772256 -2.12359 -0.863004 0 0
0 0 341 0.816138 -1.54676 -0.042599 -0.875976 0 0
0 0 342 0.809248 0.815176 0.209605 0.347248 0 0
0 0 343 -0.82212 -0.606951 -0.368242 0.620401 0 0
0 0 344 -0.119627 -1.38007 -1.0615 0.210024 0 0
0 0 345 1.39968 0.507652 -0.964449 0.288487 0 0
0 0 346 -0.118453 0.634611 -0.152814 0.211751 0 0
0 0 347 0.14107 0.56434 0.50062 1.28726 0 0
0 0 348 -0.189684 -0.589229 1.96576 -1.46457 0 0
0 0 349 0.364457 -2.14028 -0.755342 1.88842 0 0
0 0 350 -0.078276 1.95451 0.685735 -0.636786 0 0
0 0 351 -0.556846 2.73152 0.461174 0.823708 0 0
0 0 352 0.107591 0.138889 -0.316257 0.354217 0 0
0 0 353 0.228823 1.01772 -2.79708 2.24765 0 0
0 0 354 0.156454 -0.253184 0.669717 -1.10808 0 0
0 0 355 0.809261 1.44337 -0.484218 0.380949 0 0
0 0 356 -0.10824 0.880492 -1.2253 1.21405 0 0
0 0 357 -0.780524 0.326333 -1.15561 -1.30512 0 0
0 0 358 0.134761 -0.275029 -2.6107 1.29293 0 0
0 0 359 2.01364 0.377026 -0.631629 -0.849568 0 0
0 0 360 0.350529 1.03876 1.04811 2.14718 0 0
0 0 361 -1.31193 0.680916 -0.812426 0.0228424 0 0
0 0 362 0.329897 0.88043 0.512609 0.0142285 0 0
0 0 363 0.90208 0.234057 0.254046 0.916428 0 0
0 0 364 0.463067 1.06431 -0.0412216 -1.80369 0 0
0 0 365 -1.74211 0.344113 -0.360824 1.54755 0 0
0 0 366 -1.56825 -0.831999 0.336436 -0.522981 0 0
0 0 367 1.47264 0.223047 -0.0376834 1.08001 0 0
0 0 368 -1.17938 0.7853 -1.65951 -0.951561 0 0
0 0 369 0.999767 -1.5581 -0.222829 0.949484 0 0
0 0 370 1.36743 -0.541274 0.0641423 -0.203678 0 0
0 0 371 0.159913 0.0590381 -0.258506 0.960813 0 0
0 0 372 -0.569763 2.27808 1.00181 -0.723822 0 0
0 0 373 0.981438 -0.782584 -0.719785 -0.778214 0 0
0 0 374 -1.2391 -0.852138 3.53449 1.45592 51.7774 8.08216
0 0 375 -0.116917 0.500823 0.0356454 -0.923974 0 0
0 0 376 0.573996 0.593735 0.691637 0.791259 0 0
0 0 377 -0.0856121 0.286912 -1.92829 -0.298752 0 0
0 0 378 0.540125 0.95103 -0.204421 -0.372371 0 0
0 0 379 0.399741 0.0845432 0.5475 0.611439 0 0
0 0 380 0.405957 -2.19217 -0.145583 -0.766204 0 0
0 0 381 0.945578 -0.0382403 -0.889877 -0.188577 0 0
0 0 382 1.26487 -1.52025 -1.75499 -0.187828 0 0
0 0 383 -1.15115 0.175736 -0.194687 1.99488 0 0
0 0 384 -0.993828 1.25072 2.60924 -0.457969 0 0
0 0 385 0.212184 0.107869 -1.23652 -1.53725 0 0
0 0 386 -0.0805233 0.342216 -0.565883 0.768355 0 0
0 0 387 -0.17901 1.48793 -1.05487 0.798014 0 0
0 0 388 -1.14126 0.236834 -2.90148 -0.00610201 0 0
0 0 389 0.211128 -2.87008 3.29501 1.36691 65.5285 6.93013
0 0 390 -0.575301 0.564086 1.4786 0.6199 0 0
0 0 391 0.165833 -1.55537 -0.384785 -0.538137 0 0
0 0 392 -0.341861 -1.10992 0.676317 -0.844798 0 0
0 0 393 0.936578 1.01624 -0.0593995 -1.46937 0 0
0 0 394 -0.679332 -1.77016 0.0768236 -0.220699 0 0
0 0 395 0.668627 -0.185726 -0.0494241 0.0151586 0 0
0 0 396 -0.432517 -0.512752 0.0427377 -0.927776 0 0
0 0 397 -0.184775 -0.771038 -0.633419 0.32661 0 0
0 0 398 -0.774196 -1.3959 0.860127 0.95914 0 0
0 0 399 -0.241056 -0.285217 0.190342 -1.6141 0 0
0 0 400 -0.0190331 -0.762825 -0.688257 1.92497 0 0
0 0 401 -2.02132 1.01082 3.06102 -0.25101 0 0
0 0 402 -0.722941 -1.35049 -0.215738 2.4417 0 0
0 0 403 0.631604 0.688572 -0.178948 -0.247448 0 0
0 0 404 1.59136 0.359768 0.148949 1.3093 0 0
0 0 405 1.47641 0.97479 -0.537201 0.891471 0 0
0 0 406 -0.559785 1.71209 0.38712 0.750118 0 0
0 0 407 0.317882 -0.550262 0.482273 0.910374 0 0
0 0 408 1.95202 -0.177262 -0.266526 -0.624033 0 0
0 0 409 1.76359 -1.1639 1.03277 0.468184 0 0
0 0 410 -0.49569 0.315146 0.628041 1.81155 0 0
0 0 411 -0.2389 -1.4976 -0.537563 -1.21416 0 0
0 0 412 0.523565 -0.111663 0.663582 -1.11735 0 0
0 0 413 0.474664 -0.158059 0.893898 0.450704 0 0
0 0 414 0.0330942 0.0130658 0.138752 -0.259896 0 0
0 0 415 -0.640253 1.12242 -1.10611 -1.29771 0 0
0 0 416 0.713902 0.327379 -1.0306 -0.77694 0 0
0 0 417 0.744194 1.33748 -0.301269 -0.3118 0 0
0 0 418 -0.563446 -0.122037 0.284916 -1.53124 0 0
0 0 419 0.753452 -1.93539 1.78726 0.00419002 0 0
0 0 420 -0.388643 -0.70531 -0.0192987 0.503357 0 0
0 0 421 -0.00569308 -2.17191 0.558307 -0.626032 0 0
0 0 422 1.25147 -0.530958 0.612987 -1.03665 0 0
0 0 423 0.175839 -0.629354 -0.186396 -0.486861 0 0
0 0 424 0.857306 -0.559092 -0.101576 0.636445 0 0
0 0 425 -0.713824 -0.23095 0.510002 -0.638953 0 0
0 0 426 0.113039 1.15554 -1.62054 -0.482869 0 0
0 0 427 -1.47681 0.427928 -1.15306 -0.537966 0 0
0 0 428 1.086 -1.77223 -0.23783 1.21016 0 0
0 0 429 0.236404 -0.833111 1.06171 -1.9224 0 0
0 0 430 0.25496 -0.0810539 -0.67862 0.26796 0 0
0 0 431 0.536206 0.298761 -0.98433 -0.434989 0 0
0 0 432 -1.28602 -0.118149 1.67008 1.2043 0 0
0 0 433 -1.22225 -0.238368 0.813401 -0.680838 0 0
0 0 434 0.138426 -1.34066 -0.227021 0.0195911 0 0
0 0 435 -0.45473 1.86697 -1.32092 0.0164286 0 0
0 0 436 -0.209291 0.242263 -0.476448 0.55046 0 0
0 0 437 -0.386039 -1.04987 -0.178087 -1.00051 0 0
0 0 438 -0.0707288 0.961818 0.139425 -0.173062 0 0
0 0 439 -1.31543 -0.124512 -0.565199 0.50055 0 0
0 0 440 -0.691431 2.02593 0.824644 -0.983552 0 0
0 0 441 0.465636 0.859249 -1.97325 1.12029 0 0
0 0 442 1.47063 0.175823 0.269435 0.781604 0 0
0 0 443 1.05118 0.933381 0.49227 0.171831 0 0
0 0 444 -0.707769 0.450515 1.51779 0.636687 0 0
0 0 445 -2.11957 -0.509098 -0.460899 1.22526 0 0
0 0 446 -0.198805 0.0329171 3.13933 -0.370817 0 0
0 0 447 -2.89379 2.26967 0.197075 -0.0150808 0 0
0 0 448 0.903906 -0.896593 -1.68033 -0.190872 0 0
0 0 449 0.924116 0.330119 -2.06911 0.65651 0 0
0 0 450 0.728462 0.214165 0.0969212 -0.83429 0 0
0 0 451 0.630507 -0.255786 -0.108404 1.76034 0 0
0 0 452 -1.93201 -0.905628 -0.745955 -0.405543 0 0
0 0 453 0.111172 -1.08646 0.657436 0.467998 0 0
0 0 454 -0.452293 0.0995243 0.95989 1.22338 0 0
0 0 455 1.61874 -0.944715 1.27892 -0.159688 0 0
0 0 456 0.784844 -0.08549 0.280978 -1.48238 0 0
0 0 457 -0.987099 -1.07522 -0.840361 0.642225 0 0
0 0 458 -2.12584 0.763904 -2.54814 1.02569 0 0
0 0 459 -0.581815 1.21917 -2.78587 1.78991 0 0
0 0 460 -0.667971 -0.0660954 1.23528 1.59357 0 0
0 0 461 0.900029 -1.13066 -0.361921 0.072625 0 0
0 0 462 -0.223572 -0.779757 0.320175 -0.708327 0 0
0 0 463 0.422015 -0.682147 0.687912 0.640283 0 0
0 0 464 0.683017 -1.0988 -0.0755049 -0.894967 0 0
0 0 465 -0.480601 -0.76957 -1.68687 -1.11903 0 0
0 0 466 -0.535098 0.070945 -2.45282 1.02433 0 0
0 0 467 0.259322 1.02724 1.32691 0.787993 0 0
0 0 468 -0.921633 1.64909 0.429437 0.146936 0 0
0 0 469 1.66524 -1.87718 0.608141 0.219885 0 0
0 0 470 -0.634057 0.0558599 -0.250918 1.12098 0 0
0 0 471 0.986321 -0.546372 -0.679701 0.469265 0 0
0 0 472 0.0150774 0.565395 -0.373665 -0.205831 0 0
0 0 473 -0.555892 -0.383482 -0.646048 0.76435 0 0
0 0 474 0.0965458 0.354984 -1.27216 0.926149 0 0
0 0 475 0.710621 1.49641 -0.198072 0.105097 0 0
0 0 476 1.6217 -0.309398 -0.000821056 0.0419105 0 0
0 0 477 0.748025 -0.52486 0.24607 -0.515621 0 0
0 0 478 0.168891 -1.05397 -0.0024487 -0.510939 0 0
0 0 479 -0.916984 -0.799038 0.161264 -0.679404 0 0
0 0 480 0.626722 0.563203 0.618512 -0.315061 0 0
0 0 481 0.837089 -0.178382 -0.50238 1.81013 0 0
0 0 482 1.1153 0.696503 -0.294237 -0.0193498 0 0
0 0 483 0.065782 -0.619521 0.655779 0.065848 0 0
0 0 484 1.46139 0.26892 -0.612552 -0.112896 0 0
0 0 485 -0.732629 1.16981 -1.05938 -1.13449 0 0
0 0 486 -0.935178 -0.0310582 1.4849 -0.97461 0 0
0 0 487 -0.506314 0.193738 0.360628 -1.0731 0 0
0 0 488 0.895965 -2.44154 0.227185 -0.285669 0 0
0 0 489 -0.595721 -0.974718 0.221146 1.15113 0 0
0 0 490 1.40482 0.959943 -0.47059 0.187839 0 0
0 0 491 -0.905842 -0.320839 -0.689332 0.29357 0 0
0 0 492 -0.454823 -1.13645 -1.90181 0.436399 0 0
0 0 493 0.442592 0.809679 -0.115832 -1.79518 0 0
0 0 494 -1.13495 0.864319 1.82808 -0.854769 0 0
0 0 495 0.499433 -1.15971 -0.80821 -0.0298244 0 0
0 0 496 -0.42483 -1.45654 1.9077 0.451514 0 0
0 0 497 -1.69127 1.17214 -0.798126 -1.4947 0 0
0 0 498 0.944001 0.047282 1.37305 0.40929 0 0
0 0 499 -0.861203 -0.355585 0.949181 -0.0567539 0 0
0 0 500 1.89677 0.526905 0.145946 -1.17893 0 0
0 0 501 0.859022 0.27829 0.232785 0.313955 0 0
0 0 502 0.633413 -0.698173 0.263142 0.877173 0 0
0 0 503 -1.26773 -0.0515205 -0.246467 0.165549 0 0
0 0 504 -0.450385 1.78286 -0.65341 -1.5461 0 0
0 0 505 0.470727 -0.991633 -0.994573 2.53716 0 0
0 0 506 0.209687 0.545911 0.612491 0.305251 0 0
0 0 507 0.547918 -0.486528 0.442395 0.118867 0 0
0 0 508 1.66746 0.0974338 1.74501 0.753127 0 0
0 0 509 1.82772 1.97444 0.577036 0.304961 0 0
0 0 510 0.5597 1.10573 1.52384 0.499664 0 0
0 0 511 -0.584966 1.19043 2.60783 -0.544996 0 0
0 0 512 0.906115 -0.130258 1.67926 -0.638743 0 0
0 0 513 1.0679 -0.607751 0.817037 -1.26789 0 0
0 0 514 -0.00258088 2.05501 0.515607 -1.30973 0 0
0 0 515 -1.69924 -1.72165 0.702675 0.847917 0 0
0 0 516 1.17135 1.86659 -1.26013 0.0401757 0 0
0 0 517 0.541983 -1.89664 0.133732 0.449441 0 0
0 0 518 -0.276058 -0.91954 -0.0958907 -2.48718 0 0
0 0 519 0.163972 -0.524837 0.23886 1.10066 0 0
0 0 520 0.750069 1.57682 3.24473 1.40822 32.041 8.23615
0 0 521 -0.879037 -0.594124 -2.13382 0.280732 0 0
0 0 522 1.19154 -0.227663 -1.07411 -1.22682 0 0
0 0 523 0.153168 -1.04845 1.31172 -1.41821 0 0
0 0 524 -2.05275 1.54423 -0.860555 -0.489858 0 0
0 0 525 -2.26711 -1.25153 -1.31221 1.25188 0 0
0 0 526 -0.565664 -0.319665 -1.16287 1.48096 0 0
0 0 527 0.0408009 1.56797 1.80755 -0.124024 0 0
0 0 528 -0.01864 0.248824 -1.20828 -0.349512 0 0
0 0 529 2.33122 0.551119 -0.266004 -0.92642 0 0
0 0 530 0.966219 0.357467 -0.762481 0.650852 0 0
0 0 531 -0.610142 -0.722197 -1.31461 -0.706923 0 0
0 0 532 0.839578 1.76315 0.644651 0.84626 0 0
0 0 533 0.127955 1.73538 -0.0490791 1.02142 0 0
0 0 534 1.70784 -0.754707 1.01028 0.47296 0 0
0 0 535 -0.707199 0.708818 1.02801 -0.246116 0 0
0 0 536 -1.7253 0.631303 0.706023 -0.046951 0 0
0 0 537 1.0441 -0.143443 1.23286 -0.531358 0 0
0 0 538 -1.09066 0.214039 -0.469089 -1.74661 0 0
0 0 539 0.162703 -0.503125 1.52574 -1.53521 0 0
0 0 540 0.389837 0.563571 -0.687637 0.926722 0 0
0 0 541 -1.42552 1.23063 -0.747159 0.607751 0 0
0 0 542 -0.743506 -1.30667 -0.961839 0.527197 0 0
0 0 543 -3.34742 1.33772 -1.16958 0.268195 0 0
0 0 544 -0.589395 -0.544554 -0.146317 0.325005 0 0
0 0 545 1.63449 0.594189 0.473119 0.118842 0 0
0 0 546 0.22242 0.222393 0.0137641 -0.80898 0 0
0 0 547 0.71352 0.332929 1.60374 -0.861613 0 0
0 0 548 0.570869 -0.697269 -0.513693 0.157199 0 0
0 0 549 -0.824882 -0.852426 -0.125476 1.40775 0 0
0 0 550 1.2353 2.13857 -0.449501 -1.46179 0 0
0 0 551 1.20756 -0.428234 0.176045 -0.607228 0 0
0 0 552 -0.859407 0.908905 -2.37203 1.01869 0 0
0 0 553 0.779732 -0.235295 -2.74334 0.335123 0 0
0 0 554 -0.501646 -1.00161 -0.729207 -0.716876 0 0
0 0 555 -0.879094 1.36566 0.29848 0.00731265 0 0
0 0 556 -0.410977 -0.187142 0.551807 1.76357 0 0
0 0 557 -0.0949594 1.11759 1.36522 0.646184 0 0
0 0 558 -0.972305 -2.48867 -0.350636 -0.286184 0 0
0 0 559 0.692636 1.40691 -0.968486 0.377143 0 0
0 0 560 -0.535537 -1.47377 -0.37317 1.16544 0 0
0 0 561 1.9913 0.297739 0.513325 0.874398 0 0
0 0 562 0.0114731 0.796338 1.92017 0.395593 0 0
0 0 563 0.0667441 -1.08106 0.267419 -0.261668 0 0
0 0 564 1.42371 -1.07524 0.851575 -0.645422 0 0
0 0 565 -1.2212 -0.724342 0.913492 -1.20221 0 0
0 0 566 -2.91742 -0.716168 -0.320727 -0.514614 0 0
0 0 567 -2.40122 -0.842951 -1.10641 -0.578648 0 0
0 0 568 2.55962 -1.37727 0.233131 0.0401489 0 0
0 0 569 2.21862 2.21358 -0.413849 0.0440022 0 0
0 0 570 0.904117 1.68739 -0.796171 0.355508 0 0
0 0 571 0.687378 0.963528 -0.914568 -0.992952 0 0
0 0 572 1.52461 -0.342679 -0.0954905 -1.74551 0 0
0 0 573 2.00327 -0.855252 1.09034 0.726343 0 0
0 0 574 0.511221 -0.289307 0.381304 0.985808 0 0
0 0 575 -0.0292351 0.208496 1.6189 -0.010755 0 0
0 0 576 0.755898 -1.59192 0.541004 -0.199406 0 0
0 0 577 -0.781513 0.296758 -0.31805 0.446487 0 0
0 0 578 -1.7042 -1.73773 0.89437 -1.80905 0 0
0 0 579 -1.03612 -1.14818 -0.639612 -0.484627 0 0
0 0 580 -1.49056 -0.0377188 2.14897 1.58176 0 0
0 0 581 -1.74026 0.637315 -0.423876 0.103913 0 0
0 0 582 -0.42058 -2.19018 -1.19279 -0.360544 0 0
0 0 583 0.0439806 0.0388288 0.673736 1.30349 0 0
0 0 584 1.99644 0.223647 0.0138736 1.02358 0 0
0 0 585 1.44508 0.847041 1.84064 -0.531408 0 0
0 0 586 -2.12672 -0.264183 0.00598408 -0.511278 0 0
0 0 587 1.77899 0.340463 -1.14912 -1.07712 0 0
0 0 588 -0.0339209 -0.402559 -0.0452791 0.0613457 0 0
0 0 589 -0.22723 -0.436489 -0.33734 -1.45549 0 0
0 0 590 0.85406 0.755857 -0.191796 -0.981844 0 0
0 0 591 1.1181 -0.566348 -1.3972 -0.281393 0 0
0 0 592 0.0272451 1.20303 1.59544 -0.0495559 0 0
0 0 593 0.877925 0.0840771 -0.161459 0.623075 0 0
0 0 594 0.126677 -0.875395 1.70401 -1.33473 0 0
0 0 595 -0.950097 -3.46997 -0.00481988 0.0399822 0 0
0 0 596 -0.315947 0.0368014 1.38201 1.40132 0 0
0 0 597 1.09828 0.839584 -0.317874 2.12772 0 0
0 0 598 -0.456285 -0.764993 1.33549 0.0462578 0 0
0 0 599 0.115116 0.354422 0.651903 0.848594 0 0
0 0 600 0.0374537 0.353927 -1.2884 1.02409 0 0
0 0 601 -0.122245 0.311596 1.31946 -1.51033 0 0
0 0 602 1.51735 0.937776 1.66006 -0.610814 0 0
0 0 603 -0.860564 0.212213 -0.364424 1.47773 0 0
0 0 604 -1.21367 -1.09475 0.0870488 -0.979251 0 0
0 0 605 0.375982 -1.24086 0.759621 1.99098 0 0
0 0 606 -0.787969 -0.342344 0.729651 -1.85618 0 0
0 0 607 0.700782 -0.0340189 0.55543 0.80501 0 0
0 0 608 0.818891 0.754172 -0.363393 0.74565 0 0
0 0 609 0.235427 -1.7262 -1.47772 0.446833 0 0
0 0 610 1.43839 0.299 -0.0993543 -0.119408 0 0
0 0 611 -1.51388 -2.44101 -1.61765 -1.26102 0 0
0 0 612 0.588006 1.67888 -0.483385 -0.513253 0 0
0 0 613 -0.353973 1.20002 -1.42248 2.38922 0 0
0 0 614 0.366217 1.78865 0.302243 -2.5625 0 0
0 0 615 1.02567 0.574441 -0.921114 1.21406 0 0
0 0 616 0.56166 1.55157 -0.164111 0.767977 0 0
0 0 617 -1.56457 2.01747 -1.61654 -0.642937 0 0
0 0 618 1.38202 0.00487202 0.965859 1.56856 0 0
0 0 619 0.420925 0.0641734 0.765386 -0.763553 0 0
0 0 620 0.544563 1.00403 0.0163363 -0.0192743 0 0
0 0 621 -1.06017 -1.0371 -1.62148 -1.57986 0 0
0 0 622 1.04942 0.661986 0.261378 -0.810749 0 0
0 0 623 1.22148 0.19255 -0.233773 0.576071 0 0
0 0 624 0.979698 -0.72022 -0.163178 0.849713 0 0
0 0 625 0.262452 1.27244 1.07119 -0.516061 0 0
0 0 626 1.75331 0.214538 0.955667 0.243048 0 0
0 0 627 -0.755999 -0.120649 0.757687 -1.03306 0 0
0 0 628 0.151249 -0.272279 0.373192 -0.435308 0 0
0 0 629 0.483577 0.128316 0.28589 0.34827 0 0
0 0 630 -0.0886539 1.77685 -0.644393 0.75449 0 0
0 0 631 -1.2184 -0.155951 0.991667 -1.82227 0 0
0 0 632 1.95073 0.399927 -1.69681 1.67095 0 0
0 0 633 -1.3011 0.631234 -0.876307 -0.33063 0 0
0 0 634 0.343712 -1.04235 -0.586925 -0.088932 0 0
0 0 635 1.11292 -1.46175 -0.600589 1.03842 0 0
0 0 636 -1.00395 0.753892 0.0734712 1.10142 0 0
0 0 637 0.356718 1.44336 0.0748975 0.343235 0 0
0 0 638 -1.67734 -1.23072 -0.322172 0.235674 0 0
0 0 639 0.589324 0.316562 1.57791 -0.444085 0 0
0 0 640 0.721604 0.299551 -1.01917 -0.078687 0 0
0 0 641 -0.479614 -0.38408 1.04017 0.465254 0 0
0 0 642 -1.25844 -0.0658993 0.146311 0.177974 0 0
0 0 643 0.140638 -0.0573196 -0.393064 0.35144 0 0
0 0 644 0.797103 0.788281 -0.170273 -0.221442 0 0
0 0 645 -2.13307 -1.29017 1.11829 -0.481272 0 0
0 0 646 0.827192 -1.71968 -1.2293 -0.559901 0 0
0 0 647 -0.976456 -0.597101 -1.26267 -0.145031 0 0
0 0 648 -0.0169023 0.398686 0.209504 2.31913 0 0
0 0 649 0.0779355 -0.202226 0.626249 0.49324 0 0
0 0 650 0.971977 -0.261134 -0.577594 -0.837249 0 0
0 0 651 0.392809 -0.495952 -0.362244 -1.66493 0 0
0 0 652 -0.771352 -1.00705 0.158295 1.48865 0 0
0 0 653 0.952559 1.2875 1.49007 0.735763 0 0
0 0 654 -0.888457 -1.54893 -1.64067 0.506177 0 0
0 0 655 0.413113 1.02076 1.62662 1.26598 0 0
0 0 656 2.54722 -0.404365 -1.41415 1.66982 0 0
0 0 657 -2.15822 0.259494 0.150002 0.875021 0 0
0 0 658 0.735593 -0.686911 -0.847883 -0.236239 0 0
0 0 659 1.0079 -0.0801211 -0.791569 -1.51785 0 0
0 0 660 -0.514225 0.64348 0.730043 0.245271 0 0
0 0 661 0.158169 -0.768372 1.14862 -0.257688 0 0
0 0 662 1.4209 -0.0468933 1.21523 0.0739762 0 0
0 0 663 -1.47669 0.882642 1.22132 -0.101048 0 0
0 0 664 -0.68758 -0.981083 0.440462 -0.199917 0 0
0 0 665 0.273232 -0.604857 -1.63113 -1.82864 0 0
0 0 666 0.414855 1.1621 -0.0903306 0.834091 0 0
0 0 667 -1.8773 0.469535 0.881137 -0.376832 0 0
0 0 668 -0.527873 -0.930234 -0.560478 0.569733 0 0
0 0 669 1.84876 -0.857971 0.288133 0.557068 0 0
0 0 670 0.439148 1.18194 -0.223884 -0.156972 0 0
0 0 671 -1.47594 0.0168875 -0.940062 1.82578 0 0
0 0 672 1.05539 -0.746709 -0.866275 1.91471 0 0
0 0 673 -1.71545 -0.176613 -0.109585 0.410942 0 0
0 0 674 0.00257355 0.742885 -0.897104 0.13497 0 0
0 0 675 -0.0531259 0.70955 -0.70707 0.527392 0 0
0 0 676 0.622438 0.967592 -0.24186 -0.864016 0 0
0 0 677 -1.69001 0.346746 0.912003 -1.07359 0 0
0 0 678 -1.64505 1.30599 -0.94948 -1.08805 0 0
0 0 679 0.915156 1.82352 1.04773 0.682042 0 0
0 0 680 1.50433 1.43546 2.64769 1.24659 0 0
0 0 681 -1.41089 1.4832 -0.0173935 0.44893 0 0
0 0 682 0.223695 -0.980667 -0.983112 1.54064 0 0
0 0 683 -0.960812 0.813799 0.945841 1.06611 0 0
0 0 684 2.05619 1.11526 0.809543 -0.328201 0 0
0 0 685 -1.09756 0.825499 -1.74443 -0.0630589 0 0
0 0 686 0.141883 -1.27488 -0.295022 2.69013 0 0
0 0 687 -1.18241 -0.78236 1.98891 0.965015 0 0
0 0 688 1.53863 -0.87234 0.440438 0.543111 0 0
0 0 689 -1.13022 -0.608415 -0.883839 0.437782 0 0
0 0 690 1.94344 -1.0707 -0.349046 0.21764 0 0
0 0 691 1.26552 -1.27798 0.696303 0.248516 0 0
0 0 692 -0.930551 -0.389893 0.807474 1.80842 0 0
0 0 693 0.126511 0.0268823 -0.10527 1.49577 0 0
0 0 694 0.0245444 0.285045 1.2913 -0.0760517 0 0
0 0 695 1.60109 1.44465 -0.132197 0.472073 0 0
0 0 696 0.332106 -1.24438 -0.33194 -0.00123349 0 0
0 0 697 0.156301 -0.44124 1.6161 0.0169416 0 0
0 0 698 -1.56296 -1.51144 0.524627 0.588054 0 0
0 0 699 -2.50115 -1.2147 -1.62472 -0.682571 0 0
0 0 700 0.167476 0.340637 -1.2418 -2.17122 0 0
0 0 701 2.20607 0.864136 0.638381 1.88987 0 0
0 0 702 -1.33216 -0.367185 -0.0146893 1.06992 0 0
0 0 703 -0.211557 0.537572 -0.372951 0.66679 0 0
0 0 704 0.289905 -0.0256276 0.562638 -1.64459 0 0
0 0 705 -0.547189 -1.00794 -0.107884 1.24254 0 0
0 0 706 -0.611812 -0.330194 -0.0492669 -0.731086 0 0
0 0 707 1.09743 -0.385 -0.165495 -0.175093 0 0
0 0 708 -1.02824 -1.68181 -0.234401 1.4569 0 0
0 0 709 0.826403 1.13045 1.84222 0.423972 0 0
0 0 710 2.36899 -0.092283 0.117347 1.48541 0 0
0 0 711 0.803233 -0.165548 -1.56674 0.238632 0 0
0 0 712 1.16998 -0.917746 0.51753 -2.42014 0 0
0 0 713 1.0943 -0.171845 1.06403 -0.878287 0 0
0 0 714 0.275736 -1.64652 0.903751 3.01222 0 0
0 0 715 0.486693 -1.5809 1.24277 -0.143544 0 0
0 0 716 -0.776365 1.02429 -2.14475 -3.55348 0 0
0 0 717 -0.328276 0.547639 -1.81694 -0.475552 0 0
0 0 718 -1.45722 0.216249 0.091838 0.837629 0 0
0 0 719 0.490931 0.941387 0.818863 1.20178 0 0
0 0 720 0.453076 1.48379 0.322933 -0.685682 0 0
0 0 721 -1.07497 1.25204 0.897941 0.214659 0 0
0 0 722 -0.57123 0.0311953 -0.108439 0.29322 0 0
0 0 723 1.00235 0.622216 -0.427999 1.29672 0 0
0 0 724 -1.51849 -2.6907 -0.754939 -0.0413701 0 0
0 0 725 2.45135 -1.43459 0.0469948 0.718663 0 0
0 0 726 -0.906905 0.797116 0.272419 0.315531 0 0
0 0 727 2.77936 0.226236 0.960598 -0.1263 0 0
0 0 728 1.67 -0.394927 -1.02084 0.399192 0 0
0 0 729 -0.601928 0.102194 0.0143908 -0.431812 0 0
0 0 730 0.835154 2.34455 0.422617 -0.0292992 0 0
0 0 731 0.247714 -0.942817 0.526465 0.487309 0 0
0 0 732 -1.40809 1.57976 0.224989 0.554247 0 0
0 0 733 -1.13861 0.311711 -0.374704 -0.135527 0 0
0 0 734 1.17927 0.93303 0.220212 1.54208 0 0
0 0 735 1.9999 -0.528344 0.43441 -1.25806 0 0
0 0 736 0.771513 0.850771 -1.05014 -1.67933 0 0
0 0 737 -0.553091 -0.432364 -2.01934 1.41738 0 0
0 0 738 0.204459 -0.21013 0.344633 -1.63703 0 0
0 0 739 0.269394 1.1652 -1.3178 1.119 0 0
0 0 740 0.0350175 2.10149 0.599742 1.4572 0 0
0 0 741 0.358319 -1.87838 -1.42735 -1.12157 0 0
0 0 742 -0.0851801 -1.67932 -0.249244 2.14644 0 0
0 0 743 -0.969131 1.27661 -0.830189 -1.22506 0 0
0 0 744 1.85297 -1.02336 0.343949 0.963315 0 0
0 0 745 1.76342 0.425009 1.35481 0.858478 0 0
0 0 746 0.894558 0.38991 0.0577789 0.267188 0 0
0 0 747 -1.92405 -2.2729 1.68291 0.963707 0 0
0 0 748 1.80895 -1.52705 -0.431105 0.787397 0 0
0 0 749 -0.392019 1.43159 0.00351027 -0.954273 0 0
0 0 750 -0.361165 0.447073 -0.305667 -0.892436 0 0
0 0 751 -1.18723 0.632953 0.284962 1.02194 0 0
0 0 752 1.27845 -1.37788 -0.764572 1.53221 0 0
0 0 753 0.856331 -0.214032 1.65108 -2.03915 0 0
0 0 754 1.64476 -0.635327 -0.21909 -1.55215 0 0
0 0 755 0.648656 0.139275 2.12881 -0.671924 0 0
0 0 756 -0.293883 -0.875137 0.111668 1.39235 0 0
0 0 757 1.59717 -1.95251 0.468143 -0.516106 0 0
0 0 758 2.00118 0.795297 0.576702 -0.229935 0 0
0 0 759 1.01491 2.29362 0.0987823 0.430675 0 0
0 0 760 2.00683 -0.545241 3.03009 -1.02214 0 0
0 0 761 1.24871 0.757528 -0.522788 -0.0406767 0 0
0 0 762 1.56242 2.36113 -0.662844 -0.263934 0 0
0 0 763 0.363074 0.0866329 -0.233521 -0.177559 0 0
0 0 764 0.750102 0.784436 0.820225 1.71223 0 0
0 0 765 2.23999 -0.0583365 0.396167 -0.510979 0 0
0 0 766 2.18755 1.45309 0.240102 -0.251792 0 0
0 0 767 0.840286 -0.919934 1.31522 -0.897437 0 0
0 0 768 0.286564 -0.642142 -0.509369 -0.380046 0 0
0 0 769 0.189381 -1.41151 -0.0136036 0.0829973 0 0
0 0 770 0.711679 -0.775037 0.318981 -0.408076 0 0
0 0 771 2.85517 -1.77954 -0.237711 -0.587741 0 0
0 0 772 2.82521 1.60592 0.879863 0.799692 0 0
0 0 773 0.304037 0.654863 -0.786029 -0.531603 0 0
0 0 774 1.26665 0.0184991 0.506436 1.78739 0 0
0 0 775 0.575479 -0.643032 -0.700578 -1.19883 0 0
0 0 776 2.19604 -1.87641 -0.715868 -0.473957 0 0
0 0 777 0.164367 -1.06119 -0.628474 -3.14592 0 0
0 0 778 -0.701038 0.399301 -1.19843 0.827825 0 0
0 0 779 1.38707 -0.807089 0.653858 0.501136 0 0
0 0 780 0.597098 0.394169 -0.524284 0.522514 0 0
0 0 781 0.606914 -0.074414 -0.338934 0.018528 0 0
0 0 782 0.814653 -1.5444 -1.11277 -1.60744 0 0
0 0 783 0.369655 -0.0959114 0.362341 0.175755 0 0
0 0 784 0.456468 -2.06461 -0.398756 -1.94325 0 0
0 0 785 -0.597602 0.62536 -0.939492 2.50376 0 0
0 0 786 -1.81917 -1.55171 -0.559455 1.47139 0 0
0 0 787 1.45331 0.445758 -0.180977 0.650581 0 0
0 0 788 1.92717 -0.413377 -0.0122652 1.66756 0 0
0 0 789 1.73357 0.0116736 0.152474 -0.130777 0 0
0 0 790 2.66345 -1.33651 1.67324 0.0653121 0 0
0 0 791 -0.0524193 1.53431 -0.107543 1.13137 0 0
0 0 792 2.21273 -0.119648 -0.316368 1.27392 0 0
0 0 793 2.03539 -0.820434 0.011738 -1.79722 0 0
0 0 794 -1.87875 -1.32363 -0.137294 -1.3339 0 0
0 0 795 -0.477587 -0.774769 -1.03653 1.86062 0 0
0 0 796 0.587658 0.784676 1.29972 -0.442414 0 0
0 0 797 -0.619992 0.626197 0.327212 0.149814 0 0
0 0 798 -0.388361 0.559247 -0.688198 -2.00109 0 0
0 0 799 -0.300649 0.482395 1.76542 1.15789 0 0
0 0 800 0.331831 1.246 0.00827646 -0.726339 0 0
0 0 801 1.90701 0.477552 -0.505668 0.367774 0 0
0 0 802 0.478006 0.646009 0.368963 1.05483 0 0
0 0 803 0.897448 -0.185773 0.711981 -1.18729 0 0
0 0 804 0.24879 0.275764 1.53977 -1.28799 0 0
0 0 805 0.255825 -1.53553 1.3514 -0.393781 0 0
0 0 806 0.0674993 -1.0503 0.304715 0.329614 0 0
0 0 807 1.81377 -0.633096 0.279446 0.3176 0 0
0 0 808 0.440238 -1.82237 -0.650418 0.888569 0 0
0 0 809 1.21833 -1.2208 -0.306226 0.106108 0 0
0 0 810 -0.470211 1.34824 -0.412074 0.114102 0 0
0 0 811 0.68642 -0.226723 1.84516 0.248883 0 0
0 0 812 0.0801263 -1.44406 0.909674 1.34498 0 0
0 0 813 -1.15298 0.165584 1.1965 2.34154 0 0
0 0 814 -0.464474 -0.583374 0.348455 -1.5483 0 0
0 0 815 1.35457 0.179135 1.13119 -1.09891 0 0
0 0 816 1.71102 0.227087 0.59885 0.832737 0 0
0 0 817 -0.140972 1.4162 0.543388 -0.138711 0 0
0 0 818 0.913573 -1.23353 -1.02897 -0.00486528 0 0
0 0 819 1.13219 1.44104 -1.5596 -1.28074 0 0
0 0 820 1.53735 0.250785 0.0351987 -0.402156 0 0
0 0 821 -0.157489 -0.0315951 -1.13624 0.641328 0 0
0 0 822 0.105114 -1.19659 0.360551 -0.088856 0 0
0 0 823 -1.87953 -0.12763 0.629035 1.62831 0 0
0 0 824 0.401327 0.138721 -0.00689125 -1.76869 0 0
0 0 825 -1.52935 0.434902 -0.353482 -0.606664 0 0
0 0 826 1.66393 2.37647 0.675812 1.0037 0 0
0 0 827 0.0329158 -0.290283 0.588765 -0.491788 0 0
0 0 828 0.151916 -0.257449 2.04856 1.07816 0 0
0 0 829 -0.631065 -1.12486 0.298966 -0.886903 0 0
0 0 830 0.0126658 0.345288 0.238947 -0.358993 0 0
0 0 831 0.446796 -0.132545 0.955647 0.0969684 0 0
0 0 832 -0.554517 -0.534752 0.573559 1.24186 0 0
0 0 833 0.169783 0.101329 -0.528807 0.802962 0 0
0 0 834 -0.171207 1.60097 0.0437992 -0.259121 0 0
0 0 835 -0.36462 -1.38028 -0.650524 0.00234613 0 0
0 0 836 0.172529 0.64123 0.0641288 -0.26405 0 0
0 0 837 1.80629 0.102436 1.71225 -1.44175 0 0
0 0 838 -1.66783 1.42299 0.257103 0.00535918 0 0
0 0 839 -0.0155499 0.701273 -2.10075 -1.60329 0 0
0 0 840 2.98655 -0.438855 -0.616474 -0.339381 0 0
0 0 841 0.383763 -0.543154 -0.114074 2.26251 0 0
0 0 842 2.08908 0.0501257 -2.27812 -0.262946 0 0
0 0 843 0.513901 0.244367 1.00506 0.453245 0 0
0 0 844 0.257342 1.386 0.198939 -0.659611 0 0
0 0 845 -0.00361167 -0.0842943 -0.477923 1.23286 0 0
0 0 846 1.12784 -0.979872 -0.761564 0.471916 0 0
0 0 847 1.37316 -1.37694 0.739452 -0.440794 0 0
0 0 848 2.14319 1.7764 1.45059 0.933639 0 0
0 0 849 0.780608 0.471341 0.59564 3.22192 0 0
0 0 850 0.301178 -0.591468 -0.268576 0.614706 0 0
0 0 851 2.27351 1.41704 1.03251 -0.914137 0 0
0 0 852 1.13953 0.105968 -0.902156 1.65943 0 0
0 0 853 1.85068 1.74278 -0.333728 -1.19924 0 0
0 0 854 0.297206 0.501267 -1.01284 -0.347016 0 0
0 0 855 0.616376 -0.606134 -1.75475 -0.580869 0 0
0 0 856 0.988402 0.454583 -0.103336 1.94769 0 0
0 0 857 1.76615 0.0950689 -1.94802 -1.36047 0 0
0 0 858 -2.0123 -0.245423 -0.943586 0.463919 0 0
0 0 859 -1.58594 -0.537991 -1.73605 0.033101 0 0
0 0 860 2.82858 0.72902 0.0567783 0.315209 0 0
0 0 861 0.517541 -0.373319 -1.20392 1.05815 0 0
0 0 862 1.26953 1.41164 -2.84338 -3.57868 0 0
0 0 863 1.39467 -0.302297 -2.93869 1.74599 0 0
0 0 864 2.32087 0.471489 -2.63497 0.788604 0 0
0 0 865 1.84202 1.09551 -2.1488 0.728351 0 0
0 0 866 4.52773 -0.940499 -2.83968 -0.858185 0 0
0 0 867 2.26081 0.884883 -1.41718 0.329147 0 0
0 0 868 3.68362 0.605937 -3.63205 -0.461032 -40.2643 7.9618
0 0 869 4.28101 -0.525923 -1.96168 0.353348 0 0
0 0 870 4.88586 0.360692 -3.09482 -0.664663 0 0
0 0 871 3.61606 -0.0143485 -5.04818 0.510886 -45.0814 5.79444
0 0 872 6.55111 1.01808 -3.42167 -1.93841 -36.7151 8.24912
0 0 873 6.36823 -0.787832 -5.91751 -0.459346 -48.7918 4.90707
0 0 874 5.29532 3.4403 -6.49662 -0.21039 -31.0482 4.05091
0 0 875 7.10008 0.720716 -7.94076 0.48069 -42.407 3.67113
0 0 876 8.69911 1.41687 -7.27804 1.20964 -39.4918 3.95705
0 0 877 8.75911 0.559184 -8.02815 0.232041 -43.0078 3.63627
0 0 878 9.94361 3.78607 -8.69165 0.884645 -33.2311 3.12611
0 0 879 9.48357 0.350155 -7.69904 1.02092 -43.698 3.7961
0 0 880 11.8477 1.17011 -10.0045 -0.205754 -41.6645 2.9073
0 0 881 10.6734 1.95003 -10.6541 -1.45017 -39.814 2.70796
0 0 882 11.2101 4.51498 -9.4617 -3.73384 -32.2451 2.83289
0 0 883 11.4505 1.20956 -8.01847 0.669695 -40.7109 3.61388
0 0 884 12.7096 2.92208 -10.0324 -0.30996 -36.8805 2.81752
0 0 885 11.9951 -0.0835338 -9.06252 -2.64203 -45.2641 3.22763
0 0 886 11.196 2.56638 -10.2691 -1.20058 -37.9842 2.77699
0 0 887 10.4374 1.09594 -10.1585 -1.08481 -41.9213 2.86563
0 0 888 10.4302 1.80645 -10.2524 1.40333 -40.0036 2.81689
0 0 889 9.68453 1.86645 -8.73031 -0.237921 -38.9662 3.28841
0 0 890 11.2944 0.919601 -8.30221 -0.117733 -41.8397 3.50545
0 0 891 9.25576 0.650955 -9.05743 -0.736755 -42.9446 3.22263
0 0 892 8.87771 -1.23916 -5.60857 0.133234 -51.2294 5.11236
0 0 893 8.39529 1.69782 -6.75363 0.657946 -37.9443 4.22124
0 0 894 8.35637 0.592288 -6.11386 -0.193988 -42.2333 4.76585
0 0 895 6.08972 3.7688 -9.94855 -0.590772 -34.6259 2.77814
0 0 896 10.4337 1.33177 -6.45395 0.58883 -39.1703 4.45388
0 0 897 7.12405 1.95955 -6.72114 -0.846562 -36.873 4.20534
0 0 898 7.90578 0.0130315 -6.94026 -0.698848 -44.9462 4.21475
0 0 899 7.88498 1.49619 -7.4051 0.811023 -39.2886 3.88455
0 0 900 8.13981 1.58017 -6.24326 -0.576417 -37.8984 4.56475
0 0 901 7.71331 0.393414 -6.75338 0.0681486 -43.333 4.32528
0 0 902 7.03901 0.800723 -8.02228 1.00552 -42.15 3.63123
0 0 903 6.53353 1.19894 -7.36713 -1.43759 -40.3783 3.92738
0 0 904 8.98251 2.02022 -6.52248 0.241431 -36.3953 4.31501
0 0 905 7.58181 0.871413 -6.23976 -0.500809 -41.0249 4.65025
0 0 906 7.15745 0.936181 -6.37401 -2.15671 -40.8222 4.54844
0 0 907 7.41455 1.90886 -5.58886 0.226271 -35.5712 4.99581
0 0 908 7.42647 -1.14492 -8.0818 -1.1731 -49.0316 3.5895
0 0 909 7.20716 -0.602727 -7.6046 -1.19045 -47.2658 3.83652
0 0 910 6.0616 1.10836 -7.21398 0.465778 -40.6327 4.01549
0 0 911 7.43712 1.86864 -8.10695 2.68768 -38.51 3.53073
0 0 912 10.3457 1.16 -7.12954 -1.58965 -40.3794 4.05828
0 0 913 10.4539 1.80821 -10.7111 0.881853 -40.2089 2.69905
0 0 914 10.8384 0.61618 -9.48081 0.768262 -43.1407 3.07992
0 0 915 10.464 -0.805398 -8.95926 -0.88742 -47.5684 3.254
0 0 916 11.4201 1.49521 -11.5936 0.455147 -41.3256 2.50575
0 0 917 12.1943 0.69171 -12.0095 -2.55298 -43.3518 2.43233
0 0 918 13.3007 1.24128 -9.99754 -0.0511286 -41.4612 2.90724
0 0 919 14.1681 1.01704 -11.518 -0.565715 -42.4769 2.53141
0 0 920 13.6328 0.16489 -11.1874 0.209876 -44.5778 2.61444
0 0 921 13.4582 1.2147 -14.1163 -1.74573 -42.5409 2.06581
0 0 922 14.5483 0.795798 -12.5865 1.39883 -43.1911 2.32017
0 0 923 16.2688 -0.483608 -16.5467 -0.248015 -45.837 1.76718
0 0 924 17.6622 2.08592 -13.7462 -1.21139 -40.6857 2.10782
0 0 925 16.3253 1.36369 -14.5465 -0.780708 -42.3222 2.00356
0 0 926 19.3253 2.30109 -17.6457 -0.320663 -41.2851 1.64608
0 0 927 20.3794 1.45094 -18.6634 -0.106996 -42.7773 1.56338
0 0 928 20.2395 0.971977 -17.3226 -1.20504 -43.3942 1.68642
0 0 929 21.9246 -0.0744791 -21.1892 -1.33482 -45.1007 1.38049
0 0 930 22.9294 1.19044 -19.522 -1.35997 -43.2552 1.49607
0 0 931 23.2994 -0.299902 -19.6175 -0.266905 -45.4379 1.49095
0 0 932 22.9957 1.99076 -19.7252 -1.54324 -42.1185 1.47669
0 0 933 24.3914 -1.47214 -21.4609 0.02988 -46.9621 1.36035
0 0 934 23.3983 -1.64017 -19.32 0.05091 -47.4262 1.50952
0 0 935 26.3226 -1.3427 -19.2884 -0.744159 -46.991 1.51348
0 0 936 25.8704 -0.0646553 -18.6543 -1.13502 -45.0993 1.56808
0 0 937 25.8931 -1.57406 -19.0699 -1.9421 -47.3593 1.52957
0 0 938 25.0099 -2.37592 -18.9422 -2.11035 -48.5746 1.53421
0 0 939 25.8021 -1.54975 -18.1901 -0.00290837 -47.4348 1.60326
0 0 940 26.0522 -1.77654 -19.7307 -0.435467 -47.5725 1.47755
0 0 941 26.8693 -2.48496 -19.232 -2.1833 -48.6812 1.5105
0 0 942 29.4054 -3.63583 -18.4933 -1.83195 -50.5613 1.55682
0 0 943 31.021 -1.99032 -19.0777 -1.83582 -47.978 1.52638
0 0 944 33.7222 -3.12323 -18.1137 0.325023 -49.8915 1.59522
0 0 945 34.324 -1.26336 -16.511 1.00427 -47.1878 1.76733
0 0 946 36.0649 -3.92816 -17.7678 -0.529958 -51.2333 1.61372
0 0 947 40.3051 -4.57185 -17.8296 -0.974548 -52.1909 1.59734
0 0 948 47.0871 -3.82504 -16.9271 -0.154744 -51.3667 1.69238
0 0 949 51.1965 -5.51182 -17.1777 -0.979883 -53.895 1.63399
0 0 950 55.428 -2.31417 -11.3107 -0.799429 -50.7816 2.54215
0 0 951 63.3217 -1.20964 -9.20331 0.243483 -48.7439 3.15571
0 0 952 70.1919 -2.0048 -3.86535 0.996407 -58.7069 6.83521
0 0 953 77.7596 -2.52538 0.798389 1.42533 0 0
0 0 954 88.7935 -0.168949 6.34598 2.11385 45.7625 4.6081
0 0 955 102.669 1.87645 12.663 -0.0271612 40.7855 2.28913
0 0 956 115.239 4.64982 22.271 2.6337 39.1035 1.29017
0 0 957 129.237 5.52716 29.6523 -0.820053 39.7207 0.972483
0 0 958 146.274 10.5606 40.8991 1.57904 37.7609 0.696089
0 0 959 162.863 12.7421 49.7304 4.70186 37.8143 0.572707
0 0 960 175.022 15.7479 57.7737 4.18082 37.3764 0.491291
0 0 961 188.392 18.401 65.235 6.05518 37.1239 0.434199
0 0 962 198.47 19.9653 72.4386 2.89978 37.2954 0.391574
0 0 963 206.541 23.736 76.6013 3.397 36.3918 0.367405
0 0 964 210.385 24.355 78.9801 5.45759 36.4309 0.356467
0 0 965 214.059 24.9779 80.1654 3.51535 36.347 0.350925
0 0 966 209.609 24.9695 75.512 4.80901 35.8513 0.370792
0 0 967 209.442 24.6368 73.6676 3.79081 35.7542 0.379711
0 0 968 201.111 21.7784 68.2519 5.00098 36.1514 0.411425
0 0 969 194.043 20.0057 61.9124 3.61305 36.0464 0.453099
0 0 970 186.486 20.7923 56.4364 4.89536 34.8876 0.491162
0 0 971 175.143 17.8296 47.8794 4.09967 34.7877 0.578302
0 0 972 167.675 14.7649 43.2399 1.2898 35.5734 0.645734
0 0 973 159.088 14.6335 36.3902 0.818207 34.0468 0.754371
0 0 974 151.316 11.8488 33.9366 1.51852 35.3768 0.821092
0 0 975 141.85 9.43077 29.52 1.00039 36.1414 0.951149
0 0 976 134.794 7.61743 24.629 2.00805 36.4069 1.14286
0 0 977 129.302 8.14437 20.1208 3.64553 33.9816 1.36327
0 0 978 120.984 6.21114 18.0045 3.1765 35.4834 1.54938
0 0 979 116.464 5.78786 13.4082 2.76953 33.3259 2.02896
0 0 980 110.092 4.01818 10.8496 2.60934 34.8388 2.55351
0 0 981 105.575 3.64145 6.18248 1.58802 29.7511 4.16317
0 0 982 100.797 1.75574 8.71109 0.326603 39.3023 3.30243
0 0 983 96.1853 2.31768 7.10194 -0.820208 35.9631 3.94679
0 0 984 92.932 0.994022 1.96058 1.8537 0 0
0 0 985 89.7177 1.88869 3.11234 1.18083 29.3745 8.21271
0 0 986 84.8932 -0.745541 2.79818 -0.489618 0 0
0 0 987 82.3415 -1.22214 0.709318 -2.87789 0 0
0 0 988 81.313 -3.10316 -0.709807 -1.4742 0 0
0 0 989 78.3287 0.945564 -0.944568 -2.7495 0 0
0 0 990 74.45 -2.26726 -0.159307 -2.35309 0 0
0 0 991 74.451 -2.22622 -1.25141 -1.41964 0 0
0 0 992 70.9731 -1.05527 -3.55731 -2.66046 -53.2615 7.93621
0 0 993 68.1974 -2.96037 -1.96173 -5.28268 -73.2345 8.69964
0 0 994 65.6952 -3.56287 -2.33408 -2.40159 -73.3853 7.25622
0 0 995 60.4005 -2.80424 -3.396 -3.72587 -64.7741 6.86207
0 0 996 60.3177 -3.62966 -2.2962 -4.87198 -73.8408 7.20374
0 0 997 58.8841 -2.92509 -3.91102 -3.38745 -63.3966 6.16549
0 0 998 56.0212 -6.90715 -3.8459 -5.46476 -75.4455 3.92792
0 0 999 50.7704 -5.17715 -3.06351 -4.32325 -74.6928 5.15338
0 0 1000 49.0722 -2.98008 -3.95423 -4.41779 -63.5017 6.08303
0 0 1001 49.2508 -3.50808 -1.0664 -5.46351 -81.5458 8.56367
0 0 1002 45.7449 -2.79826 -3.19956 -5.97028 -65.5861 7.12547
0 0 1003 43.2015 -6.44045 -5.35122 -4.85745 -70.1388 3.66119
0 0 1004 41.7588 -4.11601 -1.12149 -3.08458 -82.3793 7.36849
0 0 1005 37.4435 -4.96277 -3.197 -4.22287 -73.6053 5.23816
0 0 1006 37.7703 -6.06909 -3.90373 -5.60723 -73.6251 4.28543
0 0 1007 34.4172 -4.34244 -1.97803 -4.04158 -77.7551 6.53873
0 0 1008 32.8949 -5.45678 -0.308686 -6.09981 -88.3811 5.77867
0 0 1009 32.3532 -4.48446 -1.92607 -4.5389 -78.3783 6.40041
0 0 1010 29.2449 -4.56468 -1.18416 -3.21976 -82.7285 6.66872
0 0 1011 29.441 -4.63929 -1.68051 -3.16042 -80.0439 6.34907
0 0 1012 25.9216 -4.12917 -2.76136 -2.14882 -73.1138 6.21785
0 0 1013 24.0579 -7.74644 -2.43032 -3.718 -81.2908 3.86613
0 0 1014 22.467 -4.52699 -0.77495 -2.47366 -85.143 6.86423
0 0 1015 21.4488 -6.87694 -3.74404 -3.80208 -75.7173 3.96819
0 0 1016 22.3675 -5.36029 -2.70088 -4.03815 -76.6289 5.18654
0 0 1017 19.2757 -5.91391 0.23472 -1.13418 88.8636 5.33693
0 0 1018 20.0041 -5.24974 -2.89119 -2.53891 -75.5785 5.18283
0 0 1019 17.8935 -2.90944 -2.00349 -3.60911 -72.724 8.73523
0 0 1020 16.1747 -6.4172 -0.580194 -3.23789 -87.4169 4.89995
0 0 1021 15.4052 -4.61978 -0.748582 -1.26407 -85.3979 6.73773
0 0 1022 16.0887 -3.0774 -0.254393 -0.158917 0 0
0 0 1023 15.3465 -5.63646 -4.2375 -2.13087 -71.532 4.36299
