# File: uwl_220724_091813_Combined.rf.sbE2.RMC_aux Src: J1713+0747 Nsub: 1 Nch: 1 Npol: 4 Nbin: 1024 RMS: 0.786447
0 0 0 1.26089 0.68942 -0.782722 -1.03006 0 0
0 0 1 1.08998 -1.04112 0.184797 -0.408124 0 0
0 0 2 0.725384 -1.31775 -0.288653 0.47908 0 0
0 0 3 1.39417 -0.36155 1.33485 -0.624909 0 0
0 0 4 -0.396119 -0.856717 0.987469 1.46471 0 0
0 0 5 0.657115 0.568558 -0.267114 0.346306 0 0
0 0 6 -0.433072 -0.23294 -0.363976 -0.847234 0 0
0 0 7 0.358048 1.22009 -0.850125 -0.324276 0 0
0 0 8 0.66819 0.133464 -1.23621 -0.296746 0 0
0 0 9 0.268521 -0.905578 0.0324881 0.00859556 0 0
0 0 10 1.21069 1.47063 0.491992 0.0749464 0 0
0 0 11 2.36603 0.487697 1.16572 0.242998 0 0
0 0 12 1.16106 -0.434168 -0.664701 0.513276 0 0
0 0 13 1.33497 -0.468475 1.60961 0.0119829 0 0
0 0 14 0.683283 -0.140563 1.9934 0.259283 0 0
0 0 15 2.17647 -0.758223 0.78106 -0.364395 0 0
0 0 16 1.47655 -1.00918 -0.0512913 -0.0148648 0 0
0 0 17 0.93096 -0.540608 -1.5769 -0.874388 0 0
0 0 18 0.0148952 0.789209 -0.196507 0.245099 0 0
0 0 19 0.442802 0.0136113 -0.214347 -1.44376 0 0
0 0 20 0.847817 0.464342 0.990421 0.765712 0 0
0 0 21 1.24273 -1.23285 1.39419 -0.490767 0 0
0 0 22 0.00118566 -0.175322 1.29944 -0.578069 0 0
0 0 23 1.87333 0.141271 2.00824 0.69903 0 0
0 0 24 1.2974 -0.0816984 0.47175 -1.36977 0 0
0 0 25 1.23223 -1.51437 0.0380049 0.752927 0 0
0 0 26 1.05816 -0.432582 1.47771 2.13745 0 0
0 0 27 2.68591 0.638284 0.584556 1.1756 0 0
0 0 28 -0.136243 0.769282 0.0386958 0.890123 0 0
0 0 29 -0.221594 -1.54929 0.42581 1.60407 0 0
0 0 30 0.504441 0.11001 1.17147 -0.714765 0 0
0 0 31 0.574769 -0.561085 0.477876 -1.21708 0 0
0 0 32 1.79903 0.212371 1.75543 -1.04357 0 0
0 0 33 2.90834 -0.628464 2.4507 -0.0899997 0 0
0 0 34 0.672975 0.394117 0.562212 0.372161 0 0
0 0 35 2.38115 -0.498442 1.66134 -0.761705 0 0
0 0 36 0.397225 1.57074 0.513453 0.202864 0 0
0 0 37 0.444192 -0.551488 2.63218 -0.354566 0 0
0 0 38 1.48908 0.43656 1.16954 -1.03712 0 0
0 0 39 1.99535 1.44173 1.06198 -1.87591 0 0
0 0 40 0.79952 -0.530745 0.371507 0.60304 0 0
0 0 41 2.52655 -0.293328 2.04003 0.63106 0 0
0 0 42 3.6041 -0.0955095 2.06015 -1.13498 0 0
0 0 43 2.07984 0.993274 2.12966 -1.18445 0 0
0 0 44 0.628381 0.0582967 0.227305 -0.134507 0 0
0 0 45 1.83127 -0.696979 -0.0325945 0.00191237 0 0
0 0 46 2.48467 0.135863 1.16078 1.18032 0 0
0 0 47 0.221419 -0.0727094 0.466 0.733467 0 0
0 0 48 1.3424 -0.603812 0.677816 -0.0578878 0 0
0 0 49 1.4032 -0.549477 0.675593 0.585026 0 0
0 0 50 2.15409 -0.187149 0.726711 -1.03574 0 0
0 0 51 0.198498 -0.488085 1.66158 -0.307509 0 0
0 0 52 1.38098 0.253946 2.41622 -0.0163888 0 0
0 0 53 1.04647 0.290464 1.48079 -0.420291 0 0
0 0 54 1.75642 -0.345803 1.6884 0.192725 0 0
0 0 55 1.56145 -1.19211 0.6989 1.23115 0 0
0 0 56 1.04184 -0.674889 0.784427 -1.09614 0 0
0 0 57 -0.0259112 -1.23335 1.95089 -0.0942203 0 0
0 0 58 0.982828 -0.701605 1.33539 -0.63225 0 0
0 0 59 -0.277718 0.26028 1.04699 -1.97964 0 0
0 0 60 0.383806 -0.62264 1.98558 -0.712785 0 0
0 0 61 1.67292 -0.507982 -0.173473 0.103737 0 0
0 0 62 0.628138 0.659167 -0.275889 -0.534556 0 0
0 0 63 -0.663739 0.66731 0.301582 -0.446433 0 0
0 0 64 0.491906 -0.176418 1.07039 -1.08571 0 0
0 0 65 1.40493 1.08104 1.11087 0.816487 0 0
0 0 66 -0.62542 1.49776 -0.152919 -0.198525 0 0
0 0 67 0.703608 0.112225 0.435061 -2.219 0 0
0 0 68 0.0619551 1.1209 0.868786 -0.00146048 0 0
0 0 69 -0.684227 -0.5684 -2.01677 0.522792 0 0
0 0 70 -0.416175 0.0181249 1.35023 -1.02612 0 0
0 0 71 0.863662 -1.00884 0.229509 0.262396 0 0
0 0 72 0.189022 -1.11431 0.440702 -1.11494 0 0
0 0 73 1.84142 0.14979 0.805115 0.39861 0 0
0 0 74 1.44619 -0.66756 1.38017 0.915628 0 0
0 0 75 0.377751 -0.312049 0.259636 0.363396 0 0
0 0 76 1.28802 0.285532 -1.63152 -0.967747 0 0
0 0 77 1.03958 0.319815 -0.32006 0.401331 0 0
0 0 78 -0.447714 -0.634324 0.266639 -1.0847 0 0
0 0 79 0.194858 -1.10892 0.211991 -0.567286 0 0
0 0 80 0.0845509 -1.48389 -0.221657 0.916566 0 0
0 0 81 0.658439 -0.945054 0.162059 0.352581 0 0
0 0 82 -0.474353 -0.263032 0.470338 0.244258 0 0
0 0 83 -0.806719 -0.283788 0.0754439 1.12302 0 0
0 0 84 -0.135625 0.0559496 -1.34035 -0.449707 0 0
0 0 85 0.675874 0.234255 -0.715646 -0.625236 0 0
0 0 86 0.725003 -1.5612 0.611526 -0.995117 0 0
0 0 87 2.1186 1.13699 -0.350586 -1.25035 0 0
0 0 88 0.52023 -0.423528 0.392429 0.142669 0 0
0 0 89 -0.0365902 0.159813 -0.19755 2.54275 0 0
0 0 90 -0.823758 0.477763 0.30017 -1.28186 0 0
0 0 91 -0.504848 0.326028 -0.0361403 0.194485 0 0
0 0 92 -0.456896 -1.80282 -1.01017 -0.779458 0 0
0 0 93 0.894038 0.263742 -0.174436 0.695977 0 0
0 0 94 -0.42785 0.0745681 -0.474596 -2.03524 0 0
0 0 95 0.595211 0.21619 0.151711 0.658814 0 0
0 0 96 0.916338 -0.241032 0.0558085 0.263064 0 0
0 0 97 0.230686 -0.960353 0.0692723 0.107164 0 0
0 0 98 0.607096 -1.16243 0.450042 0.4123 0 0
0 0 99 0.598309 0.0473646 0.626577 -0.454325 0 0
0 0 100 -0.719304 0.595748 1.00604 -0.912031 0 0
0 0 101 -1.17045 1.01164 0.822231 0.791269 0 0
0 0 102 1.35753 -0.0443228 0.837874 -0.279713 0 0
0 0 103 0.319727 0.356605 0.605013 0.409961 0 0
0 0 104 -0.228502 -0.775393 0.0476608 -1.22255 0 0
0 0 105 -1.18917 1.04771 -0.269404 -1.11589 0 0
0 0 106 -0.734743 0.767016 0.455121 0.189618 0 0
0 0 107 -1.59442 0.558438 -1.25154 0.334781 0 0
0 0 108 -1.29942 -0.278144 0.786492 -0.103963 0 0
0 0 109 -0.875891 -0.878513 0.188064 -0.602828 0 0
0 0 110 0.214194 0.559705 1.05489 0.08653 0 0
0 0 111 1.67513 -0.518239 -0.296757 -2.05728 0 0
0 0 112 -0.902404 -0.0910686 -1.05437 0.184649 0 0
0 0 113 -0.846573 -0.150266 0.223206 -0.889377 0 0
0 0 114 -0.22166 -0.403173 -1.17682 -0.974544 0 0
0 0 115 0.0682288 0.830376 0.481821 -0.173545 0 0
0 0 116 0.326891 -0.888716 0.673102 1.10655 0 0
0 0 117 1.80039 0.043722 0.245778 -0.70176 0 0
0 0 118 0.0186971 0.349085 -0.866812 0.586948 0 0
0 0 119 0.782833 0.487223 1.02866 0.093622 0 0
0 0 120 -0.606802 -1.02205 -0.69938 -0.386147 0 0
0 0 121 0.695055 1.50419 -0.440069 -0.848387 0 0
0 0 122 0.950553 0.113273 -0.907236 -1.2212 0 0
0 0 123 0.743832 2.43923 1.21483 0.143585 0 0
0 0 124 -0.801228 0.272103 0.442664 0.78049 0 0
0 0 125 0.10223 0.665856 -0.849405 -1.22815 0 0
0 0 126 -0.85464 1.31723 -0.711685 -0.349844 0 0
0 0 127 -0.638062 -0.361692 -0.888432 0.534942 0 0
0 0 128 0.215632 -0.314676 -0.77304 0.373153 0 0
0 0 129 -0.219037 -0.647915 -0.232144 0.738879 0 0
0 0 130 0.405696 -0.451064 0.681272 -0.235187 0 0
0 0 131 -1.28894 -0.883281 -0.327917 1.51128 0 0
0 0 132 -0.281181 0.647333 -0.742759 -0.236748 0 0
0 0 133 0.852104 -0.33458 0.508429 1.64707 0 0
0 0 134 0.722118 -0.895326 0.496349 -0.47893 0 0
0 0 135 0.476123 -0.286043 -0.714798 0.130307 0 0
0 0 136 -0.825324 0.385728 -1.66874 0.851716 0 0
0 0 137 0.508798 -0.254676 -0.543177 -0.330988 0 0
0 0 138 -1.06792 -0.0188282 0.34004 0.901567 0 0
0 0 139 0.860172 -0.39496 -1.46717 0.459495 0 0
0 0 140 0.632563 -0.71039 0.00241426 -0.838618 0 0
0 0 141 -0.44856 -0.400845 -1.0902 0.301372 0 0
0 0 142 -0.966833 -1.90783 0.266822 -1.17936 0 0
0 0 143 -0.0328437 -0.740315 1.5713 -0.0912246 0 0
0 0 144 0.815999 1.38485 -0.210736 0.437658 0 0
0 0 145 -1.2487 0.579863 0.0667878 0.0748302 0 0
0 0 146 0.175637 0.363796 -1.07477 0.093286 0 0
0 0 147 -0.652573 -1.07946 0.650436 0.196663 0 0
0 0 148 -0.346808 -0.406652 1.01525 -0.82564 0 0
0 0 149 -0.877804 0.0908028 -0.158148 1.33381 0 0
0 0 150 0.0458858 0.199998 0.658553 1.13311 0 0
0 0 151 -1.48554 -1.02562 -0.570076 0.240367 0 0
0 0 152 0.317633 -2.18689 -0.946854 -0.684386 0 0
0 0 153 0.0394581 1.34875 0.698492 -0.875188 0 0
0 0 154 -0.53519 0.474167 1.07099 0.757802 0 0
0 0 155 -0.590573 -1.17919 -0.0465702 -0.233918 0 0
0 0 156 0.892282 -0.576721 -1.57527 0.523438 0 0
0 0 157 0.292273 0.836072 1.1988 -0.0192156 0 0
0 0 158 -0.754328 0.283968 0.613102 -0.632678 0 0
0 0 159 0.234132 -0.683427 1.19243 0.908879 0 0
0 0 160 -0.537735 0.732412 -0.893489 1.30568 0 0
0 0 161 -0.843269 -0.077002 0.361493 -1.12201 0 0
0 0 162 0.141873 1.17938 1.55224 -0.22009 0 0
0 0 163 0.687604 1.0756 -1.56554 0.542298 0 0
0 0 164 1.27469 1.03355 -1.28242 0.909386 0 0
0 0 165 1.29019 0.455382 -1.95931 -0.193756 0 0
0 0 166 -1.09113 -0.597514 1.0896 0.911389 0 0
0 0 167 0.248722 0.660899 1.68641 -0.107042 0 0
0 0 168 0.983312 0.147586 0.80524 -0.782896 0 0
0 0 169 0.971344 0.887552 2.36644 0.551109 0 0
0 0 170 0.292663 -0.463746 -0.445936 0.214098 0 0
0 0 171 1.10096 -0.0601885 0.0881595 -0.575095 0 0
0 0 172 0.788147 0.316671 1.42085 -0.00247435 0 0
0 0 173 0.773207 -2.14306 -1.2816 0.732574 0 0
0 0 174 -0.725295 -0.398465 0.239033 0.35782 0 0
0 0 175 1.8619 0.307469 0.21971 0.821427 0 0
0 0 176 1.46548 0.453724 0.0562331 1.49925 0 0
0 0 177 0.958226 1.18122 0.734448 0.947592 0 0
0 0 178 0.474962 1.25776 -0.0896808 0.254938 0 0
0 0 179 0.34067 -1.27365 1.13734 -0.660936 0 0
0 0 180 -0.0589089 -0.627007 0.746631 0.675516 0 0
0 0 181 -1.19321 -1.22604 -0.60482 -0.510376 0 0
0 0 182 0.546636 -0.727359 0.795444 0.230536 0 0
0 0 183 -0.991032 0.0637123 -0.6652 0.374661 0 0
0 0 184 -0.690911 -1.09033 0.853867 0.34881 0 0
0 0 185 1.37194 -0.496885 -0.645288 0.669702 0 0
0 0 186 -0.0932159 1.83217 -1.34667 0.686791 0 0
0 0 187 -1.04741 0.277754 0.716019 -0.240296 0 0
0 0 188 -0.121951 -0.870334 -0.565161 -0.859689 0 0
0 0 189 0.692156 -0.0429491 -0.706059 -0.0808039 0 0
0 0 190 0.322426 0.454351 0.0476504 0.443764 0 0
0 0 191 0.624279 0.686662 -0.473292 -1.10516 0 0
0 0 192 -0.443551 1.93702 -0.861088 -0.208165 0 0
0 0 193 0.670681 -0.527693 0.23834 0.953867 0 0
0 0 194 0.632842 0.732167 -0.245525 0.898091 0 0
0 0 195 -0.17593 -0.620128 1.38243 -0.858503 0 0
0 0 196 -0.0139568 -0.53234 -1.67705 0.141012 0 0
0 0 197 -0.355507 -0.208727 1.73888 0.695633 0 0
0 0 198 -1.66159 -0.0946181 -0.314336 -0.557113 0 0
0 0 199 -0.373449 0.250103 -0.675273 -0.331405 0 0
0 0 200 0.927561 -0.0897415 0.747272 -0.382377 0 0
0 0 201 0.273278 -0.777534 -0.159716 -3.16726 0 0
0 0 202 0.0784332 0.221941 0.950104 0.203246 0 0
0 0 203 0.854567 0.632625 0.649174 -0.120727 0 0
0 0 204 0.0278632 -0.459462 0.971513 0.584997 0 0
0 0 205 -0.231963 1.72119 0.0932385 1.38129 0 0
0 0 206 0.603485 -0.374528 -1.13583 0.459417 0 0
0 0 207 1.60043 0.132568 -1.1889 1.52057 0 0
0 0 208 -2.24999 -0.187923 -0.723186 -0.939211 0 0
0 0 209 0.78836 -0.146701 -0.691978 -0.678935 0 0
0 0 210 -0.194273 0.0947188 -0.739981 0.841497 0 0
0 0 211 -0.384443 0.390213 0.0767909 0.0819284 0 0
0 0 212 0.727068 -0.68031 0.311034 -0.569511 0 0
0 0 213 -0.47355 -0.946354 -0.678725 0.7492 0 0
0 0 214 -1.07242 1.37694 -1.20613 -1.39554 0 0
0 0 215 -1.05574 -0.577155 -1.05058 2.27939 0 0
0 0 216 0.431819 0.771821 -0.064886 -0.24539 0 0
0 0 217 -0.655992 0.272507 -0.49006 -0.491772 0 0
0 0 218 -0.87566 -0.331335 0.561677 -0.527739 0 0
0 0 219 -0.500868 0.642987 -0.149154 -0.31809 0 0
0 0 220 -0.33978 -0.146648 1.3952 0.0927066 0 0
0 0 221 0.0415268 0.643047 0.0455181 -1.04456 0 0
0 0 222 0.25947 1.09694 -0.00602152 0.723167 0 0
0 0 223 0.430877 -1.5936 0.16205 -0.202931 0 0
0 0 224 -0.767332 -0.855516 0.203255 -0.967454 0 0
0 0 225 -1.31494 0.0642459 -0.120846 -1.10177 0 0
0 0 226 0.524657 0.432877 0.757582 -1.25188 0 0
0 0 227 0.656472 0.0763915 1.3929 -0.308003 0 0
0 0 228 -0.440276 -0.376315 -0.259704 0.318081 0 0
0 0 229 0.894251 0.18377 0.958915 -0.717773 0 0
0 0 230 -0.340352 1.16003 0.937471 2.11323 0 0
0 0 231 -0.62042 -0.145437 0.721853 -0.583354 0 0
0 0 232 0.0114539 -0.699353 -0.912363 -0.441449 0 0
0 0 233 -0.10679 0.0117926 -0.909431 -0.782752 0 0
0 0 234 0.307769 -0.0261994 0.618392 -0.361406 0 0
0 0 235 0.116219 0.519678 0.419169 -0.544331 0 0
0 0 236 0.189455 -0.751033 -0.573706 1.74286 0 0
0 0 237 -0.353819 1.32314 0.484714 0.0219159 0 0
0 0 238 -0.509689 -0.00780109 -0.782035 0.406615 0 0
0 0 239 -0.23929 -0.903101 -0.309969 0.0251943 0 0
0 0 240 1.16908 -0.68555 -0.564706 -0.46224 0 0
0 0 241 0.245074 -0.805583 0.009366 -0.581364 0 0
0 0 242 -0.356526 -0.170392 -1.07933 -0.559639 0 0
0 0 243 1.45194 0.167133 0.408345 -0.537628 0 0
0 0 244 0.0859487 0.315612 0.0548556 -0.658836 0 0
0 0 245 0.0277745 -0.190903 0.239743 0.704872 0 0
0 0 246 0.187212 2.66236 -1.46036 1.59462 -14.3729 7.85416
0 0 247 -0.240484 -0.985272 0.920525 -0.136041 0 0
0 0 248 1.13908 -2.46613 0.297987 0.216492 0 0
0 0 249 0.0988937 -0.679225 0.791 -0.975613 0 0
0 0 250 0.527623 0.837125 -0.077015 -1.21092 0 0
0 0 251 -0.504253 -0.855414 1.7567 0.0320218 0 0
0 0 252 1.55092 0.43124 0.053915 -0.0362585 0 0
0 0 253 -0.517669 -0.186479 -0.706072 -1.37709 0 0
0 0 254 0.575384 -0.487526 -0.284035 1.96256 0 0
0 0 255 -0.657241 0.601114 -0.086574 1.44393 0 0
0 0 256 -0.649144 2.43576 -1.44176 1.02283 -15.311 8.41602
0 0 257 -0.301491 0.428508 -0.722169 0.644956 0 0
0 0 258 1.04674 1.08494 -1.09082 0.745669 0 0
0 0 259 1.20605 2.03266 -1.64371 -0.0171607 0 0
0 0 260 0.0301269 0.269052 -2.13277 -0.53375 0 0
0 0 261 -0.302304 -1.09764 -1.27981 -0.377913 0 0
0 0 262 -0.570206 0.563447 -1.1043 -0.29384 0 0
0 0 263 1.3677 -0.53469 -0.420496 2.02496 0 0
0 0 264 -0.0600659 0.494268 -0.769952 -0.675796 0 0
0 0 265 -0.499773 -1.09756 -0.152227 -0.265049 0 0
0 0 266 0.17424 -1.31998 -1.60247 0.963455 0 0
0 0 267 -1.07473 -1.07832 -0.853104 -1.06194 0 0
0 0 268 1.06197 -0.717935 -0.586198 -1.46911 0 0
0 0 269 -0.0854195 0.51348 0.130449 0.674204 0 0
0 0 270 -0.469419 1.50929 -0.665607 -0.480633 0 0
0 0 271 0.804893 2.02752 0.137072 -0.57264 0 0
0 0 272 0.949972 0.333908 -0.431422 0.223845 0 0
0 0 273 1.15894 0.116234 1.1544 -0.197467 0 0
0 0 274 0.495717 0.349563 -0.792452 -0.824082 0 0
0 0 275 1.12481 0.736092 0.581628 1.05725 0 0
0 0 276 0.592452 0.241906 -0.440098 0.45277 0 0
0 0 277 0.696949 -2.19916 0.564844 -0.389569 0 0
0 0 278 2.04461 -0.777708 0.695662 0.500255 0 0
0 0 279 1.27501 -0.091837 0.969862 0.335703 0 0
0 0 280 -0.762839 0.566615 -0.978553 -1.37196 0 0
0 0 281 0.155627 0.577964 -1.78 -0.290365 0 0
0 0 282 -0.133525 0.00801584 -0.288425 1.04 0 0
0 0 283 0.443388 0.251688 1.30826 -0.452626 0 0
0 0 284 -0.211284 -0.567458 -1.42515 1.01442 0 0
0 0 285 0.387934 0.050904 -0.950925 -0.376547 0 0
0 0 286 0.723714 0.589387 -0.584009 -0.462247 0 0
0 0 287 1.86171 1.42863 0.410169 -0.152108 0 0
0 0 288 -1.54835 -1.58965 0.12744 -0.318136 0 0
0 0 289 -0.395513 -0.735719 -0.0494918 -0.266154 0 0
0 0 290 0.255701 -1.07963 0.128527 1.27459 0 0
0 0 291 0.545278 0.182004 -0.971643 0.215366 0 0
0 0 292 0.116376 -1.16042 -0.0261655 -0.491384 0 0
0 0 293 1.45854 0.424043 0.509983 -0.558619 0 0
0 0 294 1.15092 0.0868352 -0.736764 0.533402 0 0
0 0 295 -2.29945 0.191688 0.0319572 0.251267 0 0
0 0 296 1.31612 -0.848834 1.0325 0.710739 0 0
0 0 297 2.41403 -0.981164 1.15434 -0.0721525 0 0
0 0 298 0.183261 -1.96557 -0.486699 -0.274512 0 0
0 0 299 1.21974 -1.1655 -0.904638 0.317135 0 0
0 0 300 -1.75959 0.715764 1.02126 -0.505865 0 0
0 0 301 -0.0714095 -0.647649 -0.755948 0.924356 0 0
0 0 302 -0.197119 -0.247905 -0.245872 -0.336782 0 0
0 0 303 -0.0274284 1.76501 -0.437312 0.0401113 0 0
0 0 304 -0.518253 -0.694958 0.141078 -0.976813 0 0
0 0 305 0.741448 -0.968674 1.23582 -0.237122 0 0
0 0 306 0.366313 0.274593 0.0701235 -0.0132069 0 0
0 0 307 0.694719 -1.30171 -0.395972 -0.166391 0 0
0 0 308 0.18622 -0.105841 0.400992 -0.510913 0 0
0 0 309 0.792049 -0.560218 -2.07578 0.503253 0 0
0 0 310 0.985306 -0.537011 -0.603873 -0.45995 0 0
0 0 311 -0.727409 0.72242 -0.158211 0.27665 0 0
0 0 312 -1.1809 0.0564694 -0.551088 0.186865 0 0
0 0 313 -0.289805 -1.12702 -0.161587 0.724701 0 0
0 0 314 0.351013 0.0229372 -1.99528 0.774491 0 0
0 0 315 0.504382 0.685871 -0.653655 -0.141805 0 0
0 0 316 -0.627423 0.708651 1.23875 -0.774402 0 0
0 0 317 -0.154697 -0.382632 -0.850488 0.117577 0 0
0 0 318 0.174209 0.237009 -0.664705 -0.407555 0 0
0 0 319 -0.246502 0.687255 -0.652535 -0.737588 0 0
0 0 320 0.521883 -1.16643 0.195426 1.10107 0 0
0 0 321 -1.34494 -0.89671 0.0103958 -0.381133 0 0
0 0 322 -1.27071 -1.62531 1.3665 -0.0921256 0 0
0 0 323 1.15818 0.0763427 -0.094643 -0.948512 0 0
0 0 324 0.720861 -1.73159 0.45626 -0.0474903 0 0
0 0 325 0.980854 0.397491 -0.55882 0.862368 0 0
0 0 326 -0.0277315 -0.731542 -2.34117 0.627328 0 0
0 0 327 0.975364 -0.988755 0.779628 -1.0719 0 0
0 0 328 -0.732502 -0.443986 0.510786 -0.401707 0 0
0 0 329 0.547673 0.0932533 -0.36894 0.091772 0 0
0 0 330 1.03823 -0.211593 -1.07513 -0.535964 0 0
0 0 331 0.589179 -0.292887 -0.433634 -0.26049 0 0
0 0 332 0.111805 0.174888 -0.0324565 1.6003 0 0
0 0 333 -0.114506 0.537386 -0.4639 -1.11445 0 0
0 0 334 0.975502 -1.13371 -0.555265 -0.0897689 0 0
0 0 335 0.375874 -0.0291325 0.309455 1.55855 0 0
0 0 336 1.42738 -0.382333 0.616258 0.243102 0 0
0 0 337 0.966303 -0.875295 0.283562 0.870532 0 0
0 0 338 -0.361122 -0.585542 -0.731739 -0.557059 0 0
0 0 339 -0.495793 0.0237589 0.392409 -0.300788 0 0
0 0 340 0.274156 -0.797199 0.535433 2.02913 0 0
0 0 341 -0.0582304 0.354512 0.485828 0.0877295 0 0
0 0 342 -0.132774 0.101704 -0.0429975 0.664974 0 0
0 0 343 0.0538006 -0.883111 0.615439 0.371032 0 0
0 0 344 1.24069 0.136344 0.764381 -0.0773058 0 0
0 0 345 0.951542 0.101201 -0.44991 -1.75837 0 0
0 0 346 -0.695908 -0.493057 -1.43219 0.681624 0 0
0 0 347 0.108436 0.376811 -0.518454 0.00858238 0 0
0 0 348 -1.292 -0.344182 0.555274 -0.323636 0 0
0 0 349 -0.811258 0.274505 -0.932362 0.722992 0 0
0 0 350 -0.508922 1.43532 1.34867 -0.049248 0 0
0 0 351 0.182518 -0.0391282 0.358722 -0.789472 0 0
0 0 352 -0.54892 -0.993711 0.438358 0.244307 0 0
0 0 353 0.251021 -0.719282 -0.36029 -1.67571 0 0
0 0 354 1.16252 0.114604 0.746876 0.491978 0 0
0 0 355 0.707527 1.08687 -1.0181 0.482813 0 0
0 0 356 0.358848 -0.437258 0.825953 0.602598 0 0
0 0 357 -0.123505 -0.243825 0.452054 0.308411 0 0
0 0 358 1.85492 -0.17607 0.283305 -0.467861 0 0
0 0 359 0.540618 -0.0727249 1.06038 -1.08991 0 0
0 0 360 0.400729 0.493062 1.67498 0.406388 0 0
0 0 361 0.266407 2.29643 0.696976 0.0248359 0 0
0 0 362 -0.426312 0.543912 -1.11573 0.569997 0 0
0 0 363 -0.331606 0.186218 0.572687 0.378635 0 0
0 0 364 -0.661972 0.532055 0.437772 0.442134 0 0
0 0 365 -0.185174 1.72095 -0.181071 0.582469 0 0
0 0 366 -0.143087 -0.395966 0.729416 -0.262025 0 0
0 0 367 1.39595 -0.0284167 -0.548208 -0.677125 0 0
0 0 368 -0.63848 -0.522918 0.489957 -0.871735 0 0
0 0 369 0.966417 -0.869656 -1.71591 0.172592 0 0
0 0 370 -1.28856 -0.779717 0.896201 -0.63721 0 0
0 0 371 -1.52415 1.53897 0.0804087 0.270324 0 0
0 0 372 -0.0389333 -0.107956 0.141957 -0.63935 0 0
0 0 373 0.434365 0.90643 -0.245759 0.691791 0 0
0 0 374 0.189819 0.298804 -0.335704 0.0796526 0 0
0 0 375 -0.282809 -0.0630465 -0.320635 -0.0692486 0 0
0 0 376 0.442367 1.64419 -1.19384 -0.608369 0 0
0 0 377 1.22533 -1.01826 0.42864 0.119211 0 0
0 0 378 -0.580314 1.09085 -0.264098 0.931183 0 0
0 0 379 0.386277 -0.0723524 0.184418 0.0607175 0 0
0 0 380 2.1134 -0.274754 1.52114 -1.38954 0 0
0 0 381 -1.00767 -1.47104 -0.711972 0.479485 0 0
0 0 382 -1.03937 0.109818 -0.627632 -0.239034 0 0
0 0 383 -1.49336 -0.0109487 0.254998 1.01709 0 0
0 0 384 -0.36969 -1.35961 -0.0983606 -0.236526 0 0
0 0 385 -0.637945 -0.223669 0.455924 -0.0869292 0 0
0 0 386 -0.529206 -0.381138 -0.501313 -0.757866 0 0
0 0 387 0.668169 0.838092 -0.610564 1.49686 0 0
0 0 388 -0.370473 0.593659 0.527912 -0.175412 0 0
0 0 389 0.324401 -2.0745 1.0337 -0.0804787 0 0
0 0 390 0.481643 0.834359 0.778469 -1.37421 0 0
0 0 391 -0.487827 -0.513792 0.539782 -0.0251993 0 0
0 0 392 0.314166 -0.306551 -0.231389 -0.0424136 0 0
0 0 393 -0.478409 0.790745 -0.482335 -0.883804 0 0
0 0 394 0.363411 0.867526 -0.131112 0.109563 0 0
0 0 395 -0.435285 0.294828 0.371128 0.0399394 0 0
0 0 396 0.682757 -0.466852 1.167 1.21477 0 0
0 0 397 -0.553166 -2.10701 0.0465785 -1.00265 0 0
0 0 398 -0.0527415 1.03402 0.819325 -0.519492 0 0
0 0 399 -0.821496 0.0967352 1.54237 0.0810389 0 0
0 0 400 1.50866 -1.12945 -0.271649 0.868099 0 0
0 0 401 0.839508 -0.197861 0.255776 0.817719 0 0
0 0 402 0.106954 0.626791 0.761804 0.0425351 0 0
0 0 403 0.338116 -2.03415 0.161595 -0.760203 0 0
0 0 404 -0.583033 -0.606906 -0.442879 -0.17787 0 0
0 0 405 1.26886 0.95496 0.666314 0.314177 0 0
0 0 406 -0.665524 0.0226189 -0.667981 -1.517 0 0
0 0 407 -0.376914 2.38483 1.33203 1.27172 0 0
0 0 408 1.06867 0.025573 0.729719 1.06647 0 0
0 0 409 -1.20974 0.0742576 0.238927 1.83719 0 0
0 0 410 -0.102401 -0.482822 0.498721 1.04935 0 0
0 0 411 -0.605546 1.24896 -0.0553217 -1.00875 0 0
0 0 412 -0.285179 0.0522142 -0.724601 -0.869602 0 0
0 0 413 -0.0755109 0.526837 -0.109853 0.165214 0 0
0 0 414 -0.0711846 0.0468957 0.874192 -1.3242 0 0
0 0 415 -0.171396 -2.95143 0.895296 0.25885 81.5626 7.78073
0 0 416 -1.14454 0.497466 0.443184 1.07742 0 0
0 0 417 -0.546917 1.28229 -0.366761 0.124694 0 0
0 0 418 0.603229 -0.209869 1.4434 -0.543547 0 0
0 0 419 -0.144934 0.0996494 1.55377 -1.12903 0 0
0 0 420 0.914517 -1.15729 0.356236 0.332856 0 0
0 0 421 -0.0279057 0.516468 -1.89809 0.207359 0 0
0 0 422 -0.0961643 0.358534 -1.16537 -1.18112 0 0
0 0 423 0.265572 -0.248227 1.33093 -0.224418 0 0
0 0 424 0.0121763 -0.783195 0.552742 -0.831225 0 0
0 0 425 -0.132499 0.0472997 0.414987 -2.03245 0 0
0 0 426 0.137368 0.202328 0.758879 -1.48487 0 0
0 0 427 -0.220357 -0.133746 -1.19711 -1.04985 0 0
0 0 428 -0.759033 -0.687086 0.477528 -1.49063 0 0
0 0 429 0.597692 0.111137 0.995761 -0.641325 0 0
0 0 430 -0.887391 0.786593 0.325494 -0.0295911 0 0
0 0 431 -0.573901 0.475064 -0.347925 0.00302691 0 0
0 0 432 0.800018 0.331939 2.15403 -0.0564721 0 0
0 0 433 -1.0579 0.230618 -0.132682 -0.759473 0 0
0 0 434 1.56295 0.7435 -0.469052 -0.0377371 0 0
0 0 435 0.511355 0.0307721 -1.88977 -1.36838 0 0
0 0 436 -1.14847 -0.578585 -0.719551 -1.1429 0 0
0 0 437 0.588504 0.0474395 -0.387405 -0.179994 0 0
0 0 438 -0.152872 -1.22938 -0.411905 0.0171717 0 0
0 0 439 -0.62488 -0.890637 -0.869317 0.230653 0 0
0 0 440 0.137598 1.41987 0.379996 1.15809 0 0
0 0 441 -0.846041 -0.196719 -0.224401 0.403348 0 0
0 0 442 0.0626326 0.524805 0.294762 0.637022 0 0
0 0 443 -1.2213 -1.01359 1.04401 0.584786 0 0
0 0 444 -0.741265 -0.844051 -0.75061 -0.614785 0 0
0 0 445 0.752225 -0.712474 -0.579073 -0.195726 0 0
0 0 446 1.1519 0.0689886 0.951602 0.533587 0 0
0 0 447 -0.447483 -1.77661 -0.369325 -1.30846 0 0
0 0 448 -0.3945 -1.38408 -0.149851 -0.63314 0 0
0 0 449 2.02398 0.22204 -0.0759384 -0.45268 0 0
0 0 450 0.3328 -2.33866 0.519681 -1.83645 0 0
0 0 451 -0.701796 0.112167 0.349659 0.193903 0 0
0 0 452 0.224162 0.740734 -0.0829597 -1.62907 0 0
0 0 453 0.415957 0.10108 1.09185 -0.377533 0 0
0 0 454 2.33016 -0.547382 -0.63316 0.441917 0 0
0 0 455 -0.585876 -0.542982 0.457996 -0.820054 0 0
0 0 456 -0.468 0.875503 -1.11776 1.00442 0 0
0 0 457 -0.304211 0.51279 -0.0469091 1.1719 0 0
0 0 458 -0.0501971 0.226588 -0.768744 -0.481686 0 0
0 0 459 0.900192 0.413976 1.52102 -1.2515 0 0
0 0 460 2.17862 -1.02113 -0.483243 -0.964557 0 0
0 0 461 -0.0978261 -1.31203 -0.390548 -0.545039 0 0
0 0 462 -0.578895 -1.20046 0.778725 0.26885 0 0
0 0 463 0.410721 0.316279 -1.12787 0.241749 0 0
0 0 464 1.09156 -0.357221 0.368719 -1.33838 0 0
0 0 465 -0.0733901 -0.276268 -0.519413 -0.0393152 0 0
0 0 466 -0.300186 -0.261203 -0.964232 -0.307566 0 0
0 0 467 -0.379269 0.0532148 1.32207 -0.691557 0 0
0 0 468 0.377924 -0.115358 1.12313 -0.220881 0 0
0 0 469 -0.271636 1.60345 0.438869 0.302965 0 0
0 0 470 0.0164869 0.0981694 0.571464 -0.0728199 0 0
0 0 471 0.463201 -1.00687 0.961783 -0.167174 0 0
0 0 472 -0.219563 0.0885896 -1.70273 0.286308 0 0
0 0 473 -1.30171 0.191524 -1.27535 -0.769478 0 0
0 0 474 -1.18158 1.16629 -0.443195 -0.745288 0 0
0 0 475 0.810616 1.05105 0.178407 0.152822 0 0
0 0 476 0.644209 -0.0887796 0.287416 -0.892421 0 0
0 0 477 1.60046 -0.398403 1.11825 0.881696 0 0
0 0 478 0.778193 1.09268 0.653128 -0.183549 0 0
0 0 479 -0.445974 -0.401104 -0.4029 1.22047 0 0
0 0 480 -0.378102 -0.0143289 1.01995 -1.07369 0 0
0 0 481 0.0317189 1.07664 -0.203704 1.0393 0 0
0 0 482 -1.02158 0.605058 -0.51917 -0.492089 0 0
0 0 483 -0.451907 -0.949963 -1.43784 0.910485 0 0
0 0 484 -0.522946 0.345595 1.29613 0.862682 0 0
0 0 485 0.824305 -0.524654 -0.432813 -0.0566546 0 0
0 0 486 -0.618282 0.469831 0.328732 0.347609 0 0
0 0 487 0.380687 -0.93751 -0.569647 2.15359 0 0
0 0 488 1.61204 -0.957443 0.459889 1.15061 0 0
0 0 489 -0.183392 0.242099 0.511601 -0.390843 0 0
0 0 490 -1.33711 0.595617 -0.1263 0.133433 0 0
0 0 491 0.195432 0.895584 0.141418 -0.00188845 0 0
0 0 492 1.26689 1.48357 0.172265 0.616165 0 0
0 0 493 -0.123958 1.45836 -0.312708 -0.949896 0 0
0 0 494 -0.610962 -1.10901 -0.607274 0.737321 0 0
0 0 495 1.68462 0.249117 -0.10214 -1.27994 0 0
0 0 496 -3.09268 0.142133 0.572629 -0.738397 0 0
0 0 497 0.76784 0.511244 0.329802 -0.210641 0 0
0 0 498 1.13958 0.47236 0.663751 0.458734 0 0
0 0 499 1.0277 0.0222689 -0.618379 -0.397856 0 0
0 0 500 1.4986 -0.370332 0.901737 0.169998 0 0
0 0 501 0.659984 -0.919942 0.324277 0.693105 0 0
0 0 502 -0.730838 -0.253968 -0.82085 0.776981 0 0
0 0 503 0.996749 1.03436 -0.0217004 -1.56626 0 0
0 0 504 -0.0208652 -0.571236 -0.132008 -0.570934 0 0
0 0 505 -2.18115 -1.14347 -0.96686 0.29293 0 0
0 0 506 0.625122 -0.358651 0.777508 -0.93602 0 0
0 0 507 1.12932 0.486342 -0.323693 -0.0599489 0 0
0 0 508 0.32838 -0.712453 -0.376713 1.18361 0 0
0 0 509 0.249375 -0.0884331 -0.49532 -0.152272 0 0
0 0 510 -1.62418 -0.579903 -1.07575 0.514348 0 0
0 0 511 0.304495 0.47694 0.616059 -0.571213 0 0
0 0 512 0.155323 -0.0797522 0.787613 0.0799206 0 0
0 0 513 0.849021 -0.58466 -0.0225565 0.482254 0 0
0 0 514 0.796147 0.313241 -0.206109 -0.990196 0 0
0 0 515 -0.0321916 0.268794 -1.76954 0.799403 0 0
0 0 516 1.56008 -0.0841848 1.15354 -3.00879 0 0
0 0 517 -1.4852 0.657382 -0.545349 0.615154 0 0
0 0 518 -0.923961 -2.05297 -0.55458 0.593265 0 0
0 0 519 -0.250868 -0.539504 -0.196189 -0.192576 0 0
0 0 520 0.511734 -1.01573 0.468633 0.202863 0 0
0 0 521 -0.710935 -0.0567311 -1.01315 0.00982612 0 0
0 0 522 -0.175326 -0.76034 0.29131 -1.03656 0 0
0 0 523 0.841241 1.33438 0.508042 -1.76006 0 0
0 0 524 1.80054 -0.318343 -1.23693 0.239353 0 0
0 0 525 -0.387233 1.06861 1.45609 0.361285 0 0
0 0 526 -0.735333 -1.49605 0.560906 2.13591 0 0
0 0 527 0.537302 1.00878 1.4009 -0.490835 0 0
0 0 528 -0.979381 -0.862587 -0.039083 -0.116359 0 0
0 0 529 -0.756692 2.09579 -0.364085 -0.322591 0 0
0 0 530 -0.302618 0.807791 -0.340981 0.201777 0 0
0 0 531 1.24538 0.399896 -0.543328 0.489396 0 0
0 0 532 -0.633995 -0.605585 -0.865688 0.899936 0 0
0 0 533 -0.494716 0.116325 1.34934 0.99092 0 0
0 0 534 0.7433 -1.15229 -1.39172 0.198826 0 0
0 0 535 -0.170376 0.942423 0.297202 0.13462 0 0
0 0 536 0.1191 -0.269357 0.532164 0.342786 0 0
0 0 537 0.575213 -0.0334462 -0.440663 -0.157695 0 0
0 0 538 -0.357722 0.0483946 1.40028 -0.144357 0 0
0 0 539 -0.619829 0.0382808 0.118219 0.0683553 0 0
0 0 540 -0.380416 -0.514413 0.486386 -0.657815 0 0
0 0 541 -1.17012 0.164127 0.222551 -2.26666 0 0
0 0 542 1.49553 0.511328 -0.261162 0.0116106 0 0
0 0 543 0.357326 0.210705 0.181702 -1.14957 0 0
0 0 544 -0.0670593 -0.493804 -0.516971 0.0316001 0 0
0 0 545 1.28972 -0.87884 -0.130078 -0.615252 0 0
0 0 546 1.14087 1.33929 0.66968 0.425712 0 0
0 0 547 -0.490777 -1.3439 0.503225 -0.358707 0 0
0 0 548 1.06326 -0.0607373 0.0010511 0.576219 0 0
0 0 549 0.636674 1.26833 0.391155 0.769321 0 0
0 0 550 0.113274 -0.739402 1.0026 2.62279 0 0
0 0 551 -0.318002 1.1903 0.859372 -0.386939 0 0
0 0 552 -0.119713 -0.606906 1.06604 -0.328966 0 0
0 0 553 0.0328515 -0.230037 0.43187 0.582534 0 0
0 0 554 -0.24682 1.38258 -0.51697 -0.323505 0 0
0 0 555 0.0854547 0.22865 -0.983728 -1.17518 0 0
0 0 556 -0.927297 -0.528589 0.90696 0.983138 0 0
0 0 557 1.75154 -1.37535 -0.267825 0.816551 0 0
0 0 558 -0.426188 -0.932668 -0.686265 1.73528 0 0
0 0 559 0.475367 -0.123673 2.73713 0.199443 0 0
0 0 560 -0.0413632 -0.435693 0.199248 0.0677979 0 0
0 0 561 -0.755525 -0.472172 0.3977 -1.07764 0 0
0 0 562 -0.0669873 -0.134406 2.05927 -0.615092 0 0
0 0 563 0.176951 -0.507005 1.03451 0.183999 0 0
0 0 564 0.273565 0.146377 0.146063 1.39352 0 0
0 0 565 -1.27458 0.90881 0.54019 0.585259 0 0
0 0 566 0.785517 -0.41856 -0.431415 -0.292132 0 0
0 0 567 0.0556099 0.0919613 0.347884 0.970602 0 0
0 0 568 1.05754 -1.05068 2.03795 -0.395026 0 0
0 0 569 -0.425108 -0.135096 -0.150702 1.55019 0 0
0 0 570 -0.900245 1.11447 -0.546534 -0.233453 0 0
0 0 571 -1.06108 1.68507 0.66044 -1.03383 0 0
0 0 572 0.314108 1.23838 -1.29701 0.281167 0 0
0 0 573 0.262372 0.183324 0.285495 -0.101269 0 0
0 0 574 0.356735 0.669416 0.507778 0.119486 0 0
0 0 575 0.428846 0.69245 -0.048151 -0.172475 0 0
0 0 576 0.806052 -0.610989 0.624476 -0.248477 0 0
0 0 577 0.172554 0.417081 -0.550482 0.0537328 0 0
0 0 578 -0.193241 -2.00814 0.201945 0.231262 0 0
0 0 579 -0.656055 1.65335 -0.414885 1.34364 0 0
0 0 580 1.0191 -0.085993 1.28853 -1.35472 0 0
0 0 581 -0.815779 1.50322 -1.84548 -0.509716 0 0
0 0 582 0.805879 -0.46551 1.057 -1.9481 0 0
0 0 583 -0.535541 -1.05679 0.0424171 0.361053 0 0
0 0 584 -0.487699 0.762423 0.0705138 0.111067 0 0
0 0 585 0.311167 -0.43628 -0.547306 0.497083 0 0
0 0 586 -0.833111 0.316457 0.0964874 -0.038673 0 0
0 0 587 0.01187 1.12055 -0.0716635 0.200424 0 0
0 0 588 -1.06299 0.390504 -0.647055 -1.69876 0 0
0 0 589 1.59866 1.66113 -0.213318 -0.227312 0 0
0 0 590 -0.883224 -0.492547 0.984514 -0.0250529 0 0
0 0 591 1.07306 0.0683886 -1.39387 0.726218 0 0
0 0 592 -0.290282 -0.256345 1.42226 -0.342526 0 0
0 0 593 -0.0682856 0.558252 -0.51559 0.220651 0 0
0 0 594 0.406579 -0.712829 0.953707 -0.922624 0 0
0 0 595 0.855547 0.709883 1.32845 -0.984579 0 0
0 0 596 1.51483 0.105907 1.14658 -0.492492 0 0
0 0 597 0.917932 0.0303589 -0.203838 -0.144551 0 0
0 0 598 -1.36135 -1.18516 0.0352936 -0.326688 0 0
0 0 599 -0.025617 -0.530946 -1.59984 -0.627427 0 0
0 0 600 -0.500302 -0.401189 1.24735 -1.18086 0 0
0 0 601 0.93192 -0.663814 -0.178339 -0.0360092 0 0
0 0 602 -0.126776 -0.765838 0.341305 -0.922021 0 0
0 0 603 2.10122 -0.959118 -0.571072 -0.0433161 0 0
0 0 604 0.228188 0.264291 -0.236898 -0.499915 0 0
0 0 605 0.828334 0.0635783 -0.193873 1.27602 0 0
0 0 606 0.554621 -0.957083 -0.876044 1.04358 0 0
0 0 607 0.463305 -0.315815 0.709289 -0.382799 0 0
0 0 608 0.29282 -0.466537 0.560143 0.234163 0 0
0 0 609 0.707362 -0.0919927 -0.751983 -1.54076 0 0
0 0 610 0.495856 0.338468 0.850553 -0.526244 0 0
0 0 611 -1.40574 -0.501055 -0.550987 -0.256024 0 0
0 0 612 -1.19398 0.125552 -0.30788 0.41495 0 0
0 0 613 -0.40197 -0.535494 0.613726 -0.550199 0 0
0 0 614 -0.537014 -1.25357 -0.488822 0.533947 0 0
0 0 615 0.593307 0.880506 0.128848 0.198563 0 0
0 0 616 -0.202618 -0.175129 -0.833155 0.742369 0 0
0 0 617 -0.316181 1.14951 -0.96889 -0.71674 0 0
0 0 618 -0.533172 -0.610775 -0.360243 -0.8548 0 0
0 0 619 -0.872819 -0.71493 -0.693008 1.62543 0 0
0 0 620 0.509302 -1.16675 -1.12614 1.09434 0 0
0 0 621 -1.3637 -1.18203 1.10821 1.21446 0 0
0 0 622 0.0803626 0.155541 -0.496629 -0.3606 0 0
0 0 623 0.895272 -0.493281 -0.85821 -0.391601 0 0
0 0 624 -0.411317 0.243665 0.502127 1.70466 0 0
0 0 625 1.50965 0.304954 -0.516667 0.511551 0 0
0 0 626 -0.129273 0.0349157 -0.50464 0.255517 0 0
0 0 627 -0.501977 1.21005 0.290248 1.07897 0 0
0 0 628 -0.0386191 -0.549047 0.0150636 0.573739 0 0
0 0 629 0.379736 0.603855 -0.160747 0.591044 0 0
0 0 630 -0.767951 1.78408 -0.484271 -0.824451 0 0
0 0 631 -0.672425 -0.261359 -0.35427 -0.682824 0 0
0 0 632 0.255442 0.174478 -1.50338 1.47987 0 0
0 0 633 0.435553 0.210575 0.644276 -2.14506 0 0
0 0 634 -1.25672 -0.27745 0.421929 -1.23332 0 0
0 0 635 0.672796 -0.490484 -0.481787 -0.708707 0 0
0 0 636 1.5326 -1.08785 0.292873 0.178775 0 0
0 0 637 0.773866 -0.30947 -1.67263 -0.562948 0 0
0 0 638 -0.130725 0.055837 2.39137 0.66917 0 0
0 0 639 0.571549 0.943389 -1.25342 0.631221 0 0
0 0 640 0.172925 0.123734 -1.22268 -0.754639 0 0
0 0 641 -0.38405 0.228757 2.09626 0.922712 0 0
0 0 642 -0.519765 -0.458194 -1.5926 -0.506618 0 0
0 0 643 1.05564 1.64925 -0.0376276 -0.103768 0 0
0 0 644 -0.0262683 0.489355 1.77549 0.532244 0 0
0 0 645 0.0911192 -0.044975 -0.0128263 -0.177884 0 0
0 0 646 -0.768497 0.279264 -0.239668 -0.150611 0 0
0 0 647 0.735653 -0.213469 1.60394 0.614519 0 0
0 0 648 -0.943667 -0.222225 -0.190856 0.718654 0 0
0 0 649 0.0601301 -0.858407 0.591351 1.6621 0 0
0 0 650 -1.525 -0.588781 0.800089 0.701113 0 0
0 0 651 0.13762 -0.831322 -0.205983 -0.829617 0 0
0 0 652 -0.821684 -0.0920784 -1.05665 1.19538 0 0
0 0 653 -0.068282 0.488099 -0.92837 -0.737176 0 0
0 0 654 0.634749 0.474156 0.354416 0.791388 0 0
0 0 655 1.65617 0.285172 -0.492415 1.43597 0 0
0 0 656 -0.314505 -0.691585 0.0790539 -2.07659 0 0
0 0 657 0.511026 -0.609199 1.29896 0.165861 0 0
0 0 658 -0.65548 0.352979 -0.760733 -0.00756698 0 0
0 0 659 -0.158107 0.443725 -1.09789 -0.0782982 0 0
0 0 660 0.291157 2.48533 0.575054 -0.37583 0 0
0 0 661 0.869043 0.43281 -0.218362 -0.291661 0 0
0 0 662 -0.533924 0.588023 -0.317586 -1.84702 0 0
0 0 663 -0.80245 -0.254018 -0.194033 0.047713 0 0
0 0 664 0.870502 1.01344 0.5765 1.16782 0 0
0 0 665 0.630638 -1.2433 -0.854845 1.85012 0 0
0 0 666 0.792995 -0.509029 0.0170901 1.30655 0 0
0 0 667 0.465913 -0.195507 -0.010018 1.43157 0 0
0 0 668 1.48952 0.563953 0.276036 -1.35653 0 0
0 0 669 0.357956 0.0715151 0.768153 0.300375 0 0
0 0 670 0.339676 -0.621175 -0.492066 -0.444798 0 0
0 0 671 1.01454 -0.503389 0.121098 -0.709231 0 0
0 0 672 -0.753838 1.96874 -0.0306339 0.173515 0 0
0 0 673 -0.895339 -2.26054 0.414904 0.495183 0 0
0 0 674 -1.38184 -0.146185 0.716399 0.563272 0 0
0 0 675 -0.455032 1.97437 -1.6803 -1.09202 0 0
0 0 676 -0.944189 -0.191529 -0.570355 1.40367 0 0
0 0 677 -0.779586 -0.397127 -0.41566 -0.424027 0 0
0 0 678 -0.365476 -1.96419 0.887418 2.3374 0 0
0 0 679 0.0959329 0.208533 -1.35909 0.0715262 0 0
0 0 680 0.0839444 -0.918173 0.438207 2.6417 0 0
0 0 681 -1.84355 0.0360838 0.546274 -0.624878 0 0
0 0 682 0.401655 0.12983 -1.02464 1.36667 0 0
0 0 683 -0.206736 -1.17736 0.779085 -1.02859 0 0
0 0 684 2.17253 -0.265196 -0.0222 0.853122 0 0
0 0 685 0.231218 0.0453645 -0.711338 0.520871 0 0
0 0 686 0.95058 0.723054 0.0213439 0.795815 0 0
0 0 687 0.0623169 0.398079 -1.04882 0.340002 0 0
0 0 688 0.17955 0.350617 0.337672 0.376679 0 0
0 0 689 0.532003 1.02586 0.015905 -0.993528 0 0
0 0 690 -1.30505 -0.70353 -1.49725 -0.973961 0 0
0 0 691 0.106285 -1.31 0.0761239 -1.22764 0 0
0 0 692 0.962853 0.617048 0.37333 1.3139 0 0
0 0 693 0.0980552 1.61346 0.924488 -1.36975 0 0
0 0 694 -0.800854 0.599432 -0.942652 0.392937 0 0
0 0 695 -0.34683 -1.84261 0.243997 -1.51319 0 0
0 0 696 -0.986624 0.014375 0.136212 0.623275 0 0
0 0 697 0.896913 -0.999604 0.0608442 -0.290561 0 0
0 0 698 0.762909 0.0812978 0.0410466 0.371723 0 0
0 0 699 1.144 0.58561 -1.07333 -0.314549 0 0
0 0 700 0.576849 -0.675556 1.76635 -0.170513 0 0
0 0 701 0.632774 -0.10791 -0.923596 0.259394 0 0
0 0 702 -0.180358 1.44436 0.618657 0.959489 0 0
0 0 703 0.299668 0.19234 -0.136841 -0.448958 0 0
0 0 704 0.542228 -0.0501329 1.32685 -1.26635 0 0
0 0 705 -0.260367 0.540164 0.236712 1.20547 0 0
0 0 706 0.133089 -0.0433382 1.2404 0.317665 0 0
0 0 707 1.07841 -1.30748 -0.539108 0.262986 0 0
0 0 708 -0.629633 0.328706 0.0939812 -0.63426 0 0
0 0 709 -0.884091 -0.206619 -1.65219 0.461071 0 0
0 0 710 -0.885104 -0.804169 0.722094 -0.0493018 0 0
0 0 711 1.28828 -0.314827 0.899459 0.161107 0 0
0 0 712 0.15349 -0.442355 -0.474347 1.88743 0 0
0 0 713 0.818424 -0.155046 1.15621 -2.21883 0 0
0 0 714 0.758628 -0.37885 -1.08455 -0.968567 0 0
0 0 715 0.742695 -1.60595 -0.272205 0.902757 0 0
0 0 716 0.203725 0.275789 0.33594 -0.167631 0 0
0 0 717 -1.10929 -0.651088 1.26353 1.22868 0 0
0 0 718 -0.568836 -2.37698 0.305207 -0.794636 0 0
0 0 719 0.53102 -0.535755 -0.172021 -1.1947 0 0
0 0 720 1.37462 0.0375231 -1.21617 -0.596638 0 0
0 0 721 1.00397 -0.712821 1.14142 -0.91499 0 0
0 0 722 0.796167 -1.14889 -0.858387 0.619948 0 0
0 0 723 1.21299 1.30393 0.570082 0.246177 0 0
0 0 724 -0.376888 0.6454 0.975266 -0.807191 0 0
0 0 725 -0.345067 -0.78266 0.516114 -0.700011 0 0
0 0 726 0.228514 0.0906463 -0.697567 0.0233557 0 0
0 0 727 -0.662323 0.0852852 0.371132 0.441581 0 0
0 0 728 -1.06101 0.357243 1.02497 -0.623864 0 0
0 0 729 0.814612 1.07901 0.759157 0.233451 0 0
0 0 730 1.80334 0.851107 0.280105 0.375773 0 0
0 0 731 0.115893 0.469233 -1.42978 -0.392268 0 0
0 0 732 1.16438 -0.0850756 -0.983429 -1.96545 0 0
0 0 733 -0.203414 -0.477539 0.406297 0.653051 0 0
0 0 734 -1.05408 -0.10583 1.95931 -0.773296 0 0
0 0 735 -0.141405 0.200999 0.351625 -0.00794647 0 0
0 0 736 -1.27037 0.0821044 -0.895984 1.54078 0 0
0 0 737 -0.241581 -0.442297 0.344786 0.344323 0 0
0 0 738 0.0347811 0.648543 -0.48039 1.01743 0 0
0 0 739 1.15469 -1.44077 -1.35124 -0.301269 0 0
0 0 740 -0.682763 0.84397 0.048127 1.186 0 0
0 0 741 1.29063 1.09818 1.25812 0.424475 0 0
0 0 742 0.147218 1.00351 -0.166794 1.43278 0 0
0 0 743 0.126304 0.603253 -1.08014 0.867576 0 0
0 0 744 0.557604 -0.0528525 -0.851186 0.193742 0 0
0 0 745 0.100638 0.915473 0.326553 -0.139554 0 0
0 0 746 -0.340235 -0.498302 -0.573977 0.238674 0 0
0 0 747 1.12582 -1.03977 -0.0758913 -1.32348 0 0
0 0 748 -0.29765 0.265052 0.460712 -1.39671 0 0
0 0 749 0.669704 -0.759867 -0.799047 -0.236784 0 0
0 0 750 0.659655 0.564412 0.921715 0.860831 0 0
0 0 751 -0.0211776 -0.764007 -0.443768 0.107226 0 0
0 0 752 1.29702 2.69125 -1.57336 -1.0485 -15.1557 7.64293
0 0 753 -0.991881 0.799955 -0.17135 -1.58899 0 0
0 0 754 0.703296 -0.0952483 -1.79076 0.600538 0 0
0 0 755 1.24027 1.29206 0.887303 1.1669 0 0
0 0 756 -0.245412 0.442003 0.13199 -0.778256 0 0
0 0 757 0.504066 0.456963 0.7955 0.153923 0 0
0 0 758 1.79869 -1.54168 0.693339 1.4149 0 0
0 0 759 -0.284734 -0.678035 -0.48234 0.176756 0 0
0 0 760 -0.148536 0.56769 -0.306672 0.360009 0 0
0 0 761 0.0109289 -0.710306 -0.67038 -0.319543 0 0
0 0 762 -0.734073 0.24186 -0.395307 -0.341665 0 0
0 0 763 0.797198 -0.303512 0.849493 -0.0670937 0 0
0 0 764 0.365372 1.10191 0.0569427 0.439299 0 0
0 0 765 1.24016 -0.102292 1.71471 -0.267317 0 0
0 0 766 1.24288 0.524405 -0.334529 -0.283687 0 0
0 0 767 -0.26304 0.714245 -0.340758 -1.36513 0 0
0 0 768 0.76427 0.671125 1.21796 -0.871767 0 0
0 0 769 1.30701 -0.717217 -1.86204 0.798242 0 0
0 0 770 1.24611 -0.675824 1.16275 0.908168 0 0
0 0 771 -1.05319 0.0179616 -1.45117 -0.0680782 0 0
0 0 772 0.730737 0.29105 0.581825 1.95716 0 0
0 0 773 -0.374142 -0.936736 0.275685 -0.254866 0 0
0 0 774 -0.271852 -1.25912 -0.0107723 -0.509855 0 0
0 0 775 0.27893 0.635909 0.630748 -0.310069 0 0
0 0 776 0.946818 0.870066 0.0123732 -0.75644 0 0
0 0 777 0.0215759 0.130851 0.948065 -0.480009 0 0
0 0 778 -0.143473 1.1849 1.48093 0.167098 0 0
0 0 779 -0.304085 0.52172 -0.261806 0.140818 0 0
0 0 780 -0.584829 -0.289188 0.534724 -0.219713 0 0
0 0 781 0.175711 -0.70764 -0.90723 -0.239407 0 0
0 0 782 0.226491 0.376245 0.397008 0.385619 0 0
0 0 783 0.964804 -0.534917 0.826914 -1.95832 0 0
0 0 784 -0.701287 -0.289248 -0.38932 -0.778338 0 0
0 0 785 0.0433251 0.705034 0.278354 0.757273 0 0
0 0 786 0.083987 0.305906 -0.0132086 0.346204 0 0
0 0 787 -1.83365 -0.132484 -1.18705 0.182726 0 0
0 0 788 -0.263053 -0.52839 -0.310027 -0.898726 0 0
0 0 789 -0.232491 -0.077662 -0.032391 -0.297813 0 0
0 0 790 0.370634 -0.154823 0.933578 -0.52049 0 0
0 0 791 1.13358 0.187165 -0.303658 0.663098 0 0
0 0 792 1.35935 -0.29915 1.26682 2.02708 0 0
0 0 793 -0.950603 -0.126437 -0.809506 1.55719 0 0
0 0 794 1.48116 1.48065 -0.745451 0.577831 0 0
0 0 795 -0.576603 0.546549 1.56973 -0.589331 0 0
0 0 796 1.60413 0.568895 1.18068 -0.736203 0 0
0 0 797 -0.290618 -0.053257 0.817986 -0.726907 0 0
0 0 798 -0.270259 -0.982735 0.139132 -1.07061 0 0
0 0 799 0.513452 -0.340907 0.418414 -0.538956 0 0
0 0 800 -0.7159 -1.03081 -0.75096 0.444963 0 0
0 0 801 1.70244 0.361495 -0.624501 0.517846 0 0
0 0 802 -0.286422 -0.88873 -0.302672 0.0115741 0 0
0 0 803 0.28256 -2.57387 -0.402523 -0.457315 0 0
0 0 804 0.196422 0.424807 -0.0942169 -0.115126 0 0
0 0 805 -1.24462 -1.7649 0.749899 0.426212 0 0
0 0 806 -0.861778 -0.44616 0.838028 0.428595 0 0
0 0 807 0.704018 -2.58596 0.121838 -0.797305 0 0
0 0 808 -0.145546 0.0429429 0.465654 -0.0873324 0 0
0 0 809 -0.226455 1.00722 0.181733 -1.98934 0 0
0 0 810 0.506922 0.708147 -1.56781 -0.541119 0 0
0 0 811 0.946896 1.43998 -0.908064 -0.272456 0 0
0 0 812 -0.4873 -0.235082 -1.26809 -0.170398 0 0
0 0 813 0.223151 0.221004 0.600985 0.00799605 0 0
0 0 814 -0.268807 -1.23516 -0.308001 -0.58528 0 0
0 0 815 0.559271 0.558886 0.770463 0.968797 0 0
0 0 816 -0.138491 1.24265 0.677843 -0.80105 0 0
0 0 817 -1.1108 -0.394387 0.624908 -0.644385 0 0
0 0 818 -0.933919 -0.541411 -0.293529 0.920057 0 0
0 0 819 1.53754 0.741491 0.591503 1.16977 0 0
0 0 820 -1.06698 -2.89062 -0.0808394 0.226992 -89.199 8.3275
0 0 821 -0.605903 1.09326 0.270488 0.741144 0 0
0 0 822 -0.970655 -0.0985246 0.703169 0.154401 0 0
0 0 823 0.494973 0.15099 -0.563561 -0.367551 0 0
0 0 824 -0.591172 0.330441 0.987313 0.120492 0 0
0 0 825 -0.368179 1.15208 -0.802038 0.111902 0 0
0 0 826 0.85049 0.310357 0.321599 -0.61913 0 0
0 0 827 0.142672 -0.385958 -1.28541 -2.01834 0 0
0 0 828 -0.310784 0.0590914 -0.215849 0.445944 0 0
0 0 829 0.987617 -0.486757 0.926776 0.121606 0 0
0 0 830 -1.0564 0.0479915 1.03446 -0.195017 0 0
0 0 831 0.570646 0.504201 1.04286 -1.26232 0 0
0 0 832 0.551212 -1.01353 -0.000602869 -1.06163 0 0
0 0 833 0.513001 -0.195313 0.136851 -0.830963 0 0
0 0 834 0.773798 -1.23469 -0.319195 0.882353 0 0
0 0 835 -0.670861 1.1656 -1.28903 -0.148183 0 0
0 0 836 0.181757 0.091187 -1.96434 1.06346 0 0
0 0 837 1.75391 0.577419 -1.33729 -0.467957 0 0
0 0 838 0.151442 0.476826 0.262146 0.584871 0 0
0 0 839 0.43645 0.357712 -1.86412 0.551735 0 0
0 0 840 0.188174 0.187915 -0.253593 0.149672 0 0
0 0 841 1.08888 -0.482295 -1.78814 0.60819 0 0
0 0 842 0.710964 -0.169303 -0.97495 -0.0138094 0 0
0 0 843 2.67426 0.226168 -2.43498 -1.82638 0 0
0 0 844 1.68586 0.892948 -1.30753 -0.241688 0 0
0 0 845 2.29669 0.185167 -1.06449 1.36184 0 0
0 0 846 1.57613 0.578011 -0.929578 -1.2107 0 0
0 0 847 1.29288 -0.769404 -1.16103 -1.26037 0 0
0 0 848 2.66356 1.89625 -2.05864 0.257892 -23.6757 8.40887
0 0 849 1.7536 0.888726 -1.893 0.147016 0 0
0 0 850 1.19694 1.61995 -3.67337 0.0458491 -33.1013 5.78645
0 0 851 1.83412 0.495309 -1.65178 -0.525099 0 0
0 0 852 5.55885 0.356145 -1.98616 -0.0495083 0 0
0 0 853 3.08838 0.210537 -3.70861 0.966935 -43.3754 6.20933
0 0 854 2.40947 1.34304 -2.34124 -0.968646 0 0
0 0 855 2.87079 1.32531 -5.8387 -0.706167 -38.6057 3.86035
0 0 856 5.88523 0.406135 -3.16929 0.381443 -41.3488 7.22287
0 0 857 3.42561 0.934109 -3.35897 0.427776 -37.2295 6.63614
0 0 858 3.61793 1.32199 -2.36565 0.267944 0 0
0 0 859 5.31743 -0.650367 -2.88632 -0.0807859 -51.3491 7.81161
0 0 860 3.9546 0.768812 -2.91727 -0.769779 -37.618 7.66666
0 0 861 3.80209 2.13787 -3.15268 -1.22752 -27.9292 6.13986
0 0 862 4.32344 1.21602 -4.62715 0.36443 -37.6378 4.83439
0 0 863 3.795 -0.0276471 -4.45285 0.492168 -45.1779 5.179
0 0 864 5.24448 0.668368 -3.18706 0.515908 -39.078 7.09549
0 0 865 2.79205 0.380498 -3.28572 0.0777047 -41.6972 6.97635
0 0 866 3.83389 1.02877 -2.19875 -0.552389 0 0
0 0 867 3.97794 1.02434 -3.1833 -1.5457 -36.0813 6.92555
0 0 868 3.19883 0.592605 -4.03262 0.707787 -40.82 5.66343
0 0 869 3.67435 1.70224 -2.12166 -0.871989 0 0
0 0 870 2.08855 0.375254 -2.78605 2.02517 -41.1645 8.21009
0 0 871 3.30426 -0.259045 -3.09595 0.689133 -47.3915 7.42539
0 0 872 2.36349 0.472737 -3.22761 0.776105 -40.8337 7.07642
0 0 873 4.78771 -0.75251 -3.17872 0.389649 -51.6593 7.07682
0 0 874 2.54918 1.50398 -2.96907 0.405475 -31.5677 6.99274
0 0 875 2.61194 0.598439 -3.49017 0.480278 -40.1352 6.521
0 0 876 3.70743 -0.997611 -3.2961 -1.35039 -53.4196 6.72202
0 0 877 2.71323 -0.173922 -2.37399 0.75482 0 0
0 0 878 4.0239 1.72883 -2.42923 -0.797858 -27.2807 7.85135
0 0 879 2.29933 1.21171 -2.08912 0.947945 0 0
0 0 880 2.89622 0.928335 -2.94091 0.190745 -36.2405 7.50856
0 0 881 3.33878 2.21878 -1.67624 0.878404 -18.5351 8.52863
0 0 882 3.2692 0.329162 -1.72399 0.00766303 0 0
0 0 883 2.96256 -0.0599084 -2.3422 -0.571794 0 0
0 0 884 3.24451 1.44199 -2.58992 -1.79404 -30.4461 7.86265
0 0 885 0.994148 0.966224 -3.96962 1.47687 -38.16 5.65901
0 0 886 1.78551 0.272171 -2.3985 0.411869 0 0
0 0 887 3.86448 -0.272136 -2.9602 -0.239678 -47.6263 7.76083
0 0 888 2.48942 0.687235 -3.03281 0.183206 -38.6162 7.43242
0 0 889 3.79643 1.27294 -3.21194 0.347263 -34.1905 6.71575
0 0 890 4.78375 1.16538 -2.54753 -0.289642 -32.709 8.29628
0 0 891 4.89877 0.0799775 -3.276 -0.118189 -44.3008 7.0377
0 0 892 4.89997 0.948772 -3.44422 0.029424 -37.2994 6.47589
0 0 893 4.17661 1.61067 -4.25217 -0.865788 -34.627 5.10055
0 0 894 4.15845 0.634476 -4.5571 -0.521971 -41.0369 5.01658
0 0 895 4.09275 0.664128 -3.85618 -0.848635 -40.1141 5.90136
0 0 896 8.05427 0.771497 -3.17375 3.114 -38.1686 7.07857
0 0 897 5.77177 1.58118 -5.40668 1.13398 -36.8493 4.1085
0 0 898 6.19262 -0.398314 -4.99996 0.402005 -47.2774 4.59913
0 0 899 5.82498 -0.571064 -5.29058 0.722107 -48.0803 4.33611
0 0 900 7.54953 -1.14211 -7.53954 -0.314425 -49.3069 3.02734
0 0 901 7.86643 -0.558705 -5.206 0.0706912 -48.0628 4.40682
0 0 902 7.46577 0.40512 -6.20433 0.324203 -43.132 3.70985
0 0 903 7.91094 -0.566842 -8.18487 -1.44304 -46.9808 2.81148
0 0 904 9.33595 1.12706 -5.33563 -0.6222 -39.0363 4.23706
0 0 905 8.5317 0.0132608 -6.52689 0.577131 -44.9418 3.53334
0 0 906 9.55324 0.404051 -6.38716 -0.528397 -43.1902 3.60409
0 0 907 10.0643 -1.06413 -7.8875 -0.743907 -48.8418 2.89992
0 0 908 9.4068 -0.998308 -8.03443 0.2717 -48.5415 2.85042
0 0 909 9.58184 1.74169 -7.62087 -1.72471 -38.5633 2.95668
0 0 910 9.60332 0.0804372 -8.73451 0.26136 -44.7362 2.6402
0 0 911 9.7408 -0.0942755 -6.86993 -0.503288 -45.3931 3.35662
0 0 912 9.68576 -1.01739 -8.03323 -0.348573 -48.609 2.85007
0 0 913 9.89437 -1.31555 -7.96934 -0.375653 -49.6868 2.85859
0 0 914 8.8456 -0.604487 -8.13826 -1.27078 -47.124 2.82666
0 0 915 9.56329 -1.16304 -6.81459 0.115503 -49.8427 3.3402
0 0 916 10.5468 -0.0138149 -7.339 1.21157 -45.0539 3.14235
0 0 917 10.8104 0.130239 -7.11711 -0.112082 -44.4758 3.23983
0 0 918 12.1871 -1.11454 -7.49436 0.48037 -49.2294 3.04671
0 0 919 9.51 -1.72204 -7.28246 0.834407 -51.652 3.08913
0 0 920 12.7138 0.601395 -7.25662 0.312004 -42.6312 3.16815
0 0 921 12.4465 -1.1987 -4.25914 -1.14401 -52.8594 5.22942
0 0 922 14.7013 0.0169449 -4.81248 0.317987 -44.8991 4.79205
0 0 923 15.8575 -1.23538 -5.11732 -1.17824 -51.7861 4.39165
0 0 924 17.9787 -0.791924 -3.46433 0.779202 -51.4381 6.50406
0 0 925 18.9851 -0.729129 -4.27406 -2.16406 -49.8406 5.32571
0 0 926 20.1791 -0.415468 -4.4269 0.706166 -47.6808 5.18871
0 0 927 22.0761 -1.15759 -3.0494 0.496877 -55.3937 7.11055
0 0 928 27.0474 -0.0374641 -2.17727 0.443667 0 0
0 0 929 29.1977 0.333743 0.748942 -0.403005 0 0
0 0 930 33.0798 1.47542 3.58984 -1.70779 33.8287 5.98059
0 0 931 36.8005 2.3815 4.51299 -0.856178 31.0897 4.56371
0 0 932 44.3749 0.297977 8.86506 1.39941 44.0374 2.60008
0 0 933 49.7224 1.61702 12.7518 0.396356 41.3865 1.79542
0 0 934 56.9171 4.2149 16.0312 0.110116 37.6346 1.39533
0 0 935 62.7232 3.91059 19.9051 0.613329 39.4426 1.13876
0 0 936 67.2959 6.05213 23.9647 0.36353 37.9133 0.935554
0 0 937 71.4784 8.11438 27.9744 0.114907 36.9122 0.794524
0 0 938 74.9009 8.06903 30.2378 2.01615 37.5293 0.739104
0 0 939 79.1616 7.97225 31.6661 0.826891 37.9344 0.708142
0 0 940 79.0106 8.72835 31.5355 1.52991 37.2645 0.707061
0 0 941 77.4087 10.6622 29.8184 1.18567 35.1622 0.731972
0 0 942 77.696 8.69712 29.943 -0.542381 36.9019 0.742217
0 0 943 74.8292 8.01477 27.1074 1.50486 36.7644 0.818801
0 0 944 70.3751 7.79603 25.4582 0.0547876 36.487 0.869514
0 0 945 66.9887 4.73161 21.2803 1.47509 38.7322 1.06013
0 0 946 62.7669 6.9718 18.4369 1.28697 34.6431 1.17659
0 0 947 57.8321 5.90772 18.1243 -0.408815 35.9732 1.21501
0 0 948 53.7656 5.78984 15.2335 0.437894 34.5948 1.42318
0 0 949 50.2087 4.263 10.2004 0.390874 33.6594 2.09999
0 0 950 46.1929 3.42795 9.44847 0.116578 35.0295 2.30649
0 0 951 42.8978 2.11227 9.45459 0.903994 38.7031 2.38564
0 0 952 41.5313 2.58862 5.73734 0.537407 32.8578 3.69183
0 0 953 38.8799 1.54286 5.18752 -0.624507 36.7183 4.27678
0 0 954 37.8651 2.39649 4.29373 0.312579 30.4162 4.74007
0 0 955 34.8465 0.816446 3.73183 0.931815 38.8297 6.0494
0 0 956 33.4034 1.96781 3.64308 -0.0560024 30.8121 5.62629
0 0 957 31.1637 -0.426283 1.74409 -0.0152376 0 0
0 0 958 30.6222 -1.19306 0.747815 0.818891 0 0
0 0 959 28.187 -1.09168 -0.152796 -0.047065 0 0
0 0 960 28.9314 -0.906004 0.0800424 0.247767 0 0
0 0 961 27.3124 -0.938918 0.428127 -0.0618767 0 0
0 0 962 25.5103 -0.652225 -0.502153 -0.670783 0 0
0 0 963 26.3344 -1.69409 -0.322545 0.387406 0 0
0 0 964 24.9649 -0.11439 -0.492142 -1.63624 0 0
0 0 965 24.4249 0.599098 -0.366084 -1.20954 0 0
0 0 966 24.5957 -0.996585 -2.23914 -2.09241 0 0
0 0 967 23.6051 -1.83099 -1.34606 -2.6882 0 0
0 0 968 21.7604 -0.292303 -2.2196 -0.688099 0 0
0 0 969 22.4578 -1.02398 -0.979404 -1.7926 0 0
0 0 970 21.7675 -2.27281 -1.8181 -3.01768 -70.6712 8.13909
0 0 971 20.9744 -0.490787 -1.12806 -1.19232 0 0
0 0 972 19.1369 -1.80492 -1.00234 -2.48801 0 0
0 0 973 19.6236 -1.6676 -0.456318 -2.8316 0 0
0 0 974 17.9314 -1.88234 -2.03676 -2.286 -66.3718 8.48684
0 0 975 17.0531 -2.47306 -0.801852 -1.36466 0 0
0 0 976 17.6465 -2.24299 -1.6487 -1.99682 -71.8412 8.52414
0 0 977 14.903 -1.3592 -0.676527 -1.01202 0 0
0 0 978 14.4103 -1.27264 -0.437575 -3.26335 0 0
0 0 979 15.5005 -3.285 -3.29193 -3.04657 -67.4698 5.06951
0 0 980 14.2287 -1.50493 -1.0184 -1.09464 0 0
0 0 981 12.1867 -2.20616 -1.14773 -2.67301 0 0
0 0 982 11.7708 -1.92949 -1.63806 -1.76165 0 0
0 0 983 11.1809 -2.28118 -1.45229 -2.66599 0 0
0 0 984 11.9537 -2.2462 -0.328906 -0.551267 0 0
0 0 985 12.0173 -1.76904 -0.700884 -2.42721 0 0
0 0 986 9.63068 -0.580562 -0.0258233 -1.23363 0 0
0 0 987 9.57208 -2.28519 -1.35009 -1.63504 0 0
0 0 988 9.45483 -1.86618 -0.692959 -1.85263 0 0
0 0 989 9.03814 -1.5269 -0.406238 -2.13811 0 0
0 0 990 8.56748 -2.57606 -1.30978 -2.41517 -76.5246 8.26179
0 0 991 9.87073 -1.27792 -0.577562 -1.57702 0 0
0 0 992 7.89081 -3.58586 -0.902436 -1.74086 -82.937 6.4966
0 0 993 8.22214 -3.28641 -0.878757 -2.40686 -82.5149 7.0594
0 0 994 5.70396 -1.96457 1.16131 -0.571259 0 0
0 0 995 6.18991 -1.02293 -1.69322 -1.07779 0 0
0 0 996 5.0246 -2.45929 0.00381021 -0.57298 0 0
0 0 997 5.96258 -1.23986 -0.52854 -0.54569 0 0
0 0 998 6.25985 -0.825143 -0.56395 -0.538112 0 0
0 0 999 3.58458 -3.21017 0.79402 -1.01208 83.0535 7.26485
0 0 1000 4.41354 -1.85531 -0.426606 0.370296 0 0
0 0 1001 4.96737 -2.08843 1.08192 0.59047 0 0
0 0 1002 4.72673 -1.13632 -0.59462 -1.84558 0 0
0 0 1003 4.66118 -1.85754 -0.662797 -1.89488 0 0
0 0 1004 5.64286 -2.00445 -1.03139 0.579742 0 0
0 0 1005 4.93071 -1.36655 -0.21468 0.926746 0 0
0 0 1006 5.12051 -1.33752 -0.585242 -2.10483 0 0
0 0 1007 3.07904 -0.414767 -0.22479 -0.338638 0 0
0 0 1008 3.41602 -1.2381 0.473395 0.696376 0 0
0 0 1009 2.99491 -1.8711 0.149024 -0.20126 0 0
0 0 1010 2.48305 -0.237546 -0.159504 -0.0180362 0 0
0 0 1011 2.84128 -0.945937 0.217412 -0.890029 0 0
0 0 1012 3.18211 -0.0786698 -0.521632 -2.33922 0 0
0 0 1013 3.12791 -1.17149 1.11453 1.52661 0 0
0 0 1014 3.40567 0.0845028 -1.04632 0.466955 0 0
0 0 1015 1.9026 0.0353817 -0.864878 0.584538 0 0
0 0 1016 1.41991 -0.248003 0.741535 -1.47618 0 0
0 0 1017 0.902862 -1.29885 0.240809 0.138863 0 0
0 0 1018 2.64027 0.199396 -0.0587824 -0.0516528 0 0
0 0 1019 1.35079 0.325038 -0.667625 -0.27905 0 0
0 0 1020 0.73927 -0.532816 0.520646 -1.27874 0 0
0 0 1021 0.545433 -1.06856 0.148782 -1.1099 0 0
0 0 1022 1.29534 0.726056 0.0702132 -2.19291 0 0
0 0 1023 0.354787 -0.527903 1.09291 -1.29188 0 0
