# File: uwl_230415_191537_Combined.rf.sbE2.RMC_aux Src: J1713+0747 Nsub: 1 Nch: 1 Npol: 4 Nbin: 1024 RMS: 1.04086
0 0 0 7.26625 -1.50696 1.66588 0.717218 0 0
0 0 1 6.45506 -0.874892 -0.607457 0.719809 0 0
0 0 2 5.72963 1.40267 -1.83043 1.19684 0 0
0 0 3 4.19094 0.290381 -1.47236 0.202218 0 0
0 0 4 6.04126 -0.830831 -0.289469 -1.04526 0 0
0 0 5 4.35718 1.77532 0.359419 0.435806 0 0
0 0 6 3.86069 -1.78827 -0.573176 0.554292 0 0
0 0 7 5.27675 0.53777 0.0558128 -1.22811 0 0
0 0 8 1.56439 0.452912 0.0587974 -0.981261 0 0
0 0 9 4.79189 -0.726354 0.232948 -0.364278 0 0
0 0 10 3.05125 0.972872 1.25489 0.533227 0 0
0 0 11 3.3991 -1.36368 2.21881 0.578806 0 0
0 0 12 5.46803 -0.848791 -0.365297 0.620365 0 0
0 0 13 4.16285 -1.08214 1.03578 1.11273 0 0
0 0 14 3.17891 -0.766161 1.6044 -0.438524 0 0
0 0 15 3.32466 0.463251 1.68843 0.147484 0 0
0 0 16 4.1855 -1.25783 -1.30423 -2.24737 0 0
0 0 17 4.93006 0.654943 2.50968 -0.500119 0 0
0 0 18 5.4545 -0.777087 2.48583 -1.72921 0 0
0 0 19 3.46904 -0.473103 4.7568 1.07578 47.8399 6.42033
0 0 20 3.54401 0.144703 2.14522 0.00909819 0 0
0 0 21 4.9373 0.339037 0.619059 -1.95287 0 0
0 0 22 4.42945 -1.68791 4.19794 0.0207114 55.9521 6.77501
0 0 23 3.87752 -0.613413 4.77122 0.607459 48.663 6.3796
0 0 24 4.18516 0.31552 3.03276 0.311017 0 0
0 0 25 3.76689 0.302277 2.32696 -1.07255 0 0
0 0 26 5.63703 -0.590198 2.6489 -1.34665 0 0
0 0 27 1.99736 -1.58812 2.95445 0.139256 0 0
0 0 28 5.63107 -1.28657 3.94776 -0.376062 54.0254 7.38571
0 0 29 7.0704 -3.13679 5.25298 -1.53717 60.4217 5.00447
0 0 30 6.70693 -0.536877 3.08982 -2.18772 0 0
0 0 31 6.46734 -1.74965 3.71694 -1.30876 57.6037 7.45882
0 0 32 4.2198 -2.88595 5.40175 -0.727229 59.0569 5.00141
0 0 33 6.35995 -0.994155 5.33924 1.36664 50.2738 5.6498
0 0 34 6.57712 0.135487 6.78271 -1.25341 44.4278 4.52436
0 0 35 6.32138 -0.741045 5.27932 0.853605 48.9951 5.75648
0 0 36 4.69936 -0.6634 5.54231 -0.377084 48.4128 5.4981
0 0 37 5.44386 0.516947 6.63957 1.25105 42.774 4.60863
0 0 38 6.78942 -4.32228 6.02976 0.431771 62.8169 4.12417
0 0 39 8.88664 -2.89858 5.09995 -0.920796 59.806 5.22051
0 0 40 6.49065 -2.60896 4.64438 0.0908871 59.6625 5.74906
0 0 41 9.77828 -3.4203 7.3735 0.526277 57.4424 3.77001
0 0 42 7.03193 -3.2333 7.81608 -1.8612 56.2368 3.62384
0 0 43 6.41813 -1.93238 4.85978 -1.11978 55.842 5.86148
0 0 44 7.57182 -1.68415 7.27546 -2.82398 51.5168 4.10817
0 0 45 6.23263 -4.16965 4.85677 -1.3391 65.3234 4.77614
0 0 46 8.67279 -4.22928 6.83985 -1.2014 60.8649 3.80696
0 0 47 7.27298 -3.32004 5.67161 0.131888 60.1719 4.65937
0 0 48 6.59833 -2.04329 6.68294 -2.02483 53.5004 4.38865
0 0 49 7.10824 -2.31308 6.96545 1.0512 54.1851 4.17814
0 0 50 6.87821 -3.09169 5.7303 0.703041 59.1742 4.70415
0 0 51 5.50652 -2.63057 5.36016 2.11032 58.07 5.13131
0 0 52 7.29494 -2.78289 6.50408 -0.116216 56.5823 4.33244
0 0 53 5.65983 -3.95491 7.9835 -0.692365 58.1766 3.43878
0 0 54 6.88325 -3.26787 5.77468 -0.101238 59.7527 4.61546
0 0 55 5.69437 0.158689 6.07068 -1.06585 44.2513 5.0543
0 0 56 4.72668 -1.65979 4.69355 -0.14202 54.7376 6.15902
0 0 57 4.08946 -4.37698 4.10182 -0.376923 68.4294 5.09148
0 0 58 6.8287 -1.90023 3.25114 1.26077 60.1527 8.13149
0 0 59 3.84071 -3.00453 4.55173 -2.83333 61.7141 5.61192
0 0 60 5.50541 -2.08621 2.05936 -0.453588 0 0
0 0 61 3.6869 -2.2946 2.13809 0.613726 0 0
0 0 62 3.58485 -2.0614 2.37048 -0.879776 0 0
0 0 63 5.54949 -0.937279 0.877884 -0.170696 0 0
0 0 64 3.35649 -1.53602 3.67192 -0.266348 56.3501 7.70083
0 0 65 2.44121 -0.424222 3.39547 -1.414 0 0
0 0 66 1.71833 -2.68867 1.71488 0.260724 0 0
0 0 67 3.69477 0.0297704 -0.346026 -1.28588 0 0
0 0 68 4.86623 -2.73666 0.923109 0.409935 0 0
0 0 69 3.27744 -2.3895 1.52262 0.830026 0 0
0 0 70 4.85502 -1.53988 -0.500633 -1.35737 0 0
0 0 71 1.59054 0.679892 3.34611 0.0812144 0 0
0 0 72 1.84545 -2.25572 1.06041 0.284289 0 0
0 0 73 1.73522 -0.0155388 0.62355 -0.558888 0 0
0 0 74 2.79759 -0.845398 1.40561 0.777074 0 0
0 0 75 3.25276 -0.443993 1.33503 0.877392 0 0
0 0 76 3.11767 -0.236802 0.71844 -0.997857 0 0
0 0 77 1.19017 -1.21655 -1.35753 0.818955 0 0
0 0 78 -0.6356 0.550279 1.13529 -0.836719 0 0
0 0 79 -0.0656815 -2.56839 0.2267 0.991926 0 0
0 0 80 0.391907 0.428756 -0.592224 0.085253 0 0
0 0 81 0.175182 0.65222 0.70116 -1.15612 0 0
0 0 82 -0.133068 0.00261644 1.67695 -2.06915 0 0
0 0 83 0.995444 -0.74063 1.23869 -1.47072 0 0
0 0 84 1.0721 0.45073 0.331041 0.974497 0 0
0 0 85 0.952309 -0.41266 0.836871 0.20975 0 0
0 0 86 2.56718 0.222961 0.748121 0.472593 0 0
0 0 87 2.03406 -0.165615 1.0517 0.336643 0 0
0 0 88 0.374856 1.29965 2.59651 0.526142 0 0
0 0 89 1.79 -0.148056 1.40466 1.07884 0 0
0 0 90 -0.163498 1.67932 1.29894 -0.515625 0 0
0 0 91 0.0368413 -0.958072 2.10606 -0.143573 0 0
0 0 92 0.814739 -0.779127 0.853876 -0.129957 0 0
0 0 93 1.70302 0.11651 -0.348205 -1.13957 0 0
0 0 94 -1.14373 1.17406 -0.191585 1.22132 0 0
0 0 95 0.592588 0.381958 -0.784728 -0.500054 0 0
0 0 96 -0.399183 0.712924 0.716777 -0.328073 0 0
0 0 97 -1.12769 0.175467 -0.566412 0.380143 0 0
0 0 98 0.2984 -0.65596 0.68994 1.56883 0 0
0 0 99 1.20677 -1.84635 -1.2646 -1.43082 0 0
0 0 100 -1.43769 0.256463 2.24522 -1.26903 0 0
0 0 101 -1.13999 0.435885 -0.0360298 -1.10617 0 0
0 0 102 -0.131239 -0.731896 -0.569098 0.277151 0 0
0 0 103 0.948063 0.703545 -0.640662 0.417127 0 0
0 0 104 -0.919469 1.56584 0.824027 -0.0818182 0 0
0 0 105 0.724113 0.891203 1.41067 -0.426542 0 0
0 0 106 0.428866 -1.79745 -0.131538 -0.611486 0 0
0 0 107 -0.675952 0.957581 -0.0959417 -0.149355 0 0
0 0 108 1.02077 0.0216673 -0.403327 -0.433367 0 0
0 0 109 -0.188628 -0.147966 1.1228 0.00474052 0 0
0 0 110 -0.56642 -0.357154 1.26556 1.49085 0 0
0 0 111 1.56554 0.420075 1.79766 0.93009 0 0
0 0 112 -1.3765 1.0164 -0.249498 0.211621 0 0
0 0 113 1.08324 -0.697931 0.724422 -1.00692 0 0
0 0 114 0.0165866 0.483022 -0.200438 0.262403 0 0
0 0 115 0.459214 0.199572 0.54341 -0.616355 0 0
0 0 116 -0.205722 -1.79707 1.58114 -0.452516 0 0
0 0 117 -0.517852 1.68306 -1.22013 0.944992 0 0
0 0 118 2.30365 0.206137 -0.384647 0.763075 0 0
0 0 119 -1.20182 -2.2169 -1.15328 0.466849 0 0
0 0 120 -0.600526 -1.13511 0.32399 -0.99153 0 0
0 0 121 1.2274 0.587584 0.541826 2.14765 0 0
0 0 122 -0.110875 -2.61396 1.39186 -2.39055 0 0
0 0 123 1.98669 0.0723976 -0.286914 0.326551 0 0
0 0 124 -0.199057 1.41585 -0.245272 0.152863 0 0
0 0 125 1.855 -0.599994 -0.998365 0.120454 0 0
0 0 126 -0.981275 0.709779 0.177406 -0.721408 0 0
0 0 127 -0.120136 1.47765 -1.09082 1.26547 0 0
0 0 128 -0.0303154 -1.78432 -0.0142023 0.575323 0 0
0 0 129 0.642051 1.29331 -1.03471 1.44553 0 0
0 0 130 -0.405891 2.40943 0.286821 0.0289439 0 0
0 0 131 0.269813 -0.691896 -0.821968 0.832573 0 0
0 0 132 -0.864621 0.115796 -0.143604 -0.0930487 0 0
0 0 133 -0.121958 0.771023 0.810673 1.39449 0 0
0 0 134 -0.595174 0.730574 0.54451 -1.31107 0 0
0 0 135 0.931316 1.77152 1.4758 1.23075 0 0
0 0 136 0.0643916 0.438802 1.21164 -0.349817 0 0
0 0 137 -0.2515 0.815207 -0.158547 -0.614047 0 0
0 0 138 2.28083 1.52739 -2.04993 0.475697 0 0
0 0 139 -1.34763 -1.68424 1.26691 -0.175716 0 0
0 0 140 -0.921419 1.54368 -0.428385 -1.02974 0 0
0 0 141 -0.971641 1.90226 2.32002 1.79759 0 0
0 0 142 0.979361 0.615004 0.385266 -0.962673 0 0
0 0 143 0.538031 0.157673 -1.8754 0.743941 0 0
0 0 144 -0.545237 0.34167 0.23656 0.631633 0 0
0 0 145 1.56262 -0.825523 -0.559584 0.964042 0 0
0 0 146 0.781766 -0.495591 1.1206 0.822516 0 0
0 0 147 1.80876 -1.29622 0.17288 1.41271 0 0
0 0 148 0.0295737 -0.400219 -1.06708 -0.937617 0 0
0 0 149 -0.0103412 -1.05765 -0.672179 1.33619 0 0
0 0 150 -0.301905 -0.542929 0.0181463 -0.0756666 0 0
0 0 151 1.93452 -0.800796 -0.123767 1.82553 0 0
0 0 152 -0.272866 0.900844 -0.41914 0.301835 0 0
0 0 153 0.844512 -0.154254 -0.81556 -0.4402 0 0
0 0 154 0.111032 0.0824393 -0.504501 -0.192182 0 0
0 0 155 -0.289765 -0.102272 -0.146882 0.368447 0 0
0 0 156 1.19646 -0.727679 1.24504 -1.29582 0 0
0 0 157 1.06946 -0.675718 1.21787 -0.573077 0 0
0 0 158 1.24851 0.73867 -0.484669 0.0649371 0 0
0 0 159 -0.318341 0.913297 -0.212199 -0.320346 0 0
0 0 160 -0.215855 0.718402 1.56188 -0.119087 0 0
0 0 161 -0.366153 3.41803 1.20777 1.10326 9.73048 8.39673
0 0 162 0.678121 0.159488 0.512116 0.857701 0 0
0 0 163 -0.880223 -0.57584 -0.32726 0.731115 0 0
0 0 164 -0.361327 -2.33968 0.853188 1.94981 0 0
0 0 165 1.28458 1.63744 -0.460041 0.207035 0 0
0 0 166 0.327674 1.98397 0.950879 2.03959 0 0
0 0 167 -1.15155 0.813432 -0.338698 1.06282 0 0
0 0 168 -0.320211 0.392761 0.61125 1.38123 0 0
0 0 169 -0.92409 0.571503 -0.651449 1.10515 0 0
0 0 170 -1.57192 -0.805348 -0.0650567 -0.0774257 0 0
0 0 171 0.79141 -0.40744 0.719726 2.11805 0 0
0 0 172 1.18861 0.698549 0.783394 -0.467224 0 0
0 0 173 0.989987 0.613292 -0.393496 1.4006 0 0
0 0 174 0.258048 0.960196 0.266847 -1.85311 0 0
0 0 175 1.04233 -0.823712 0.519092 -0.42557 0 0
0 0 176 -0.72366 0.129225 0.582841 -1.05213 0 0
0 0 177 -0.233645 0.353946 0.397266 1.90662 0 0
0 0 178 0.194806 -1.41413 0.431426 0.21104 0 0
0 0 179 -2.32449 0.522999 -1.93084 1.66458 0 0
0 0 180 -1.74262 0.141545 -1.54413 0.79385 0 0
0 0 181 2.81194 -0.760945 1.08323 0.702254 0 0
0 0 182 -2.53333 0.5651 1.29391 -1.24507 0 0
0 0 183 -1.31153 1.0505 -0.350555 0.53071 0 0
0 0 184 -3.04333 0.322232 -0.987114 -0.668867 0 0
0 0 185 0.689723 -0.16901 0.813376 0.894192 0 0
0 0 186 0.335135 1.80805 -0.131122 2.05123 0 0
0 0 187 -1.26738 -1.20109 0.596156 1.55212 0 0
0 0 188 -0.186642 1.73425 0.428905 -1.08647 0 0
0 0 189 -0.379093 1.18975 -0.081189 -0.364764 0 0
0 0 190 -0.427612 -2.04653 0.284 -0.837139 0 0
0 0 191 0.879307 0.215677 -0.00425191 -0.127911 0 0
0 0 192 1.68312 0.0976225 -1.1865 0.970952 0 0
0 0 193 0.0175711 0.871478 2.24323 0.979351 0 0
0 0 194 2.10473 0.69072 -0.616838 -0.756144 0 0
0 0 195 -1.68413 0.628654 -0.00365811 -0.432078 0 0
0 0 196 0.405909 0.662011 -0.273275 0.953417 0 0
0 0 197 1.44822 0.775792 0.166372 -0.855801 0 0
0 0 198 -0.514769 -0.136803 1.01765 1.64645 0 0
0 0 199 0.0289825 -0.333968 0.645191 0.733206 0 0
0 0 200 -1.45393 0.470842 0.589203 0.171111 0 0
0 0 201 -1.23471 -1.00069 0.620283 -0.836731 0 0
0 0 202 -0.270633 -2.1687 1.57808 -0.382871 0 0
0 0 203 -1.03251 3.36564 -1.58736 -0.491515 -12.6251 8.18547
0 0 204 0.865344 -1.208 -1.63527 -0.976145 0 0
0 0 205 -1.154 0.0731032 1.1482 0.131422 0 0
0 0 206 2.02858 0.151923 0.157037 1.32611 0 0
0 0 207 0.395875 0.19983 0.957253 1.01381 0 0
0 0 208 -0.337415 -0.803295 2.05475 -0.854186 0 0
0 0 209 0.386853 0.129392 -0.69668 -0.0750012 0 0
0 0 210 -0.718011 0.445769 0.203473 -0.0546501 0 0
0 0 211 0.525892 -0.586845 -1.68504 1.05938 0 0
0 0 212 -0.0771185 2.109 1.57954 -0.70816 0 0
0 0 213 -1.48672 0.0528956 0.574485 0.549937 0 0
0 0 214 2.09552 1.62016 0.292829 0.0650206 0 0
0 0 215 -0.159433 -0.815893 -1.33921 -0.569488 0 0
0 0 216 -1.14505 2.03346 -0.0571866 1.76903 0 0
0 0 217 -0.474844 -0.627374 -1.19716 -0.478001 0 0
0 0 218 1.50261 -0.418818 -0.700876 2.10177 0 0
0 0 219 -1.55829 -0.171116 1.125 -0.0179222 0 0
0 0 220 -1.15932 -0.062947 -0.647034 0.3727 0 0
0 0 221 0.625587 1.1304 0.354375 -1.24306 0 0
0 0 222 -1.41296 1.36758 -0.330333 -0.20085 0 0
0 0 223 -0.845182 -0.572927 2.70814 0.39656 0 0
0 0 224 -0.688867 0.912991 1.51597 -0.358253 0 0
0 0 225 0.615222 0.0212113 0.935458 1.67195 0 0
0 0 226 2.24356 1.42058 -0.67611 -0.341448 0 0
0 0 227 0.796921 0.772796 0.477718 -1.75523 0 0
0 0 228 -0.587563 0.841836 -0.217195 1.24031 0 0
0 0 229 -1.3087 -0.796209 -1.3244 0.387129 0 0
0 0 230 0.128353 0.158899 0.283992 -0.318211 0 0
0 0 231 0.522022 -0.170572 0.686796 0.642722 0 0
0 0 232 -1.42165 0.347535 1.44998 -1.35067 0 0
0 0 233 0.820328 1.65811 0.0983541 0.343278 0 0
0 0 234 -1.07595 1.28026 1.24271 0.677269 0 0
0 0 235 0.892737 0.264263 0.779771 -1.51243 0 0
0 0 236 -2.19006 0.087806 -0.035755 -1.74811 0 0
0 0 237 0.60848 -0.211324 0.383675 -0.527078 0 0
0 0 238 0.118276 -1.26729 -0.286577 -0.358797 0 0
0 0 239 1.42247 -0.295539 -0.33582 -0.696047 0 0
0 0 240 0.155258 -0.0642837 -1.60294 -1.84856 0 0
0 0 241 -0.963186 1.24827 -0.0199643 0.352508 0 0
0 0 242 -0.788514 1.00992 -0.18288 -0.0945539 0 0
0 0 243 0.68935 -0.724975 0.17107 -0.181697 0 0
0 0 244 0.450995 1.0244 1.84578 -0.11945 0 0
0 0 245 0.0152873 -1.04322 -0.8599 -0.465186 0 0
0 0 246 0.834005 0.474249 0.970523 0.367092 0 0
0 0 247 -0.195042 0.822275 0.599309 -0.440825 0 0
0 0 248 0.160075 2.09596 0.108388 -0.832279 0 0
0 0 249 0.251418 0.418269 -1.70314 -1.36992 0 0
0 0 250 -0.288148 -0.718858 -1.26854 0.0151278 0 0
0 0 251 0.0755315 0.462762 -1.4586 -0.29844 0 0
0 0 252 0.906373 1.34799 -0.835933 0.0977783 0 0
0 0 253 -0.370625 0.795086 -0.151153 0.775215 0 0
0 0 254 -0.803381 -1.2645 -1.81901 -1.1121 0 0
0 0 255 0.192656 0.0891706 -0.763495 1.75099 0 0
0 0 256 -0.0834189 -0.600068 0.401948 0.145563 0 0
0 0 257 0.550846 -0.931884 -1.25462 0.765629 0 0
0 0 258 1.56041 -0.25286 1.12663 -0.41011 0 0
0 0 259 2.26668 0.255155 -0.467191 -0.428596 0 0
0 0 260 0.307917 -0.44573 -3.3281 0.590501 0 0
0 0 261 0.603352 -0.0786777 -1.14992 -0.0452356 0 0
0 0 262 0.0771706 -1.09438 -1.12075 0.944423 0 0
0 0 263 -0.40309 2.29199 -1.40727 -0.365508 0 0
0 0 264 -1.39391 0.597387 0.231165 -0.933661 0 0
0 0 265 1.71244 0.231605 0.0598885 3.21961 0 0
0 0 266 1.13505 -1.09658 0.128311 0.967933 0 0
0 0 267 1.55231 0.103673 0.865436 0.613228 0 0
0 0 268 2.35578 -0.326659 0.214742 -0.845138 0 0
0 0 269 1.62753 0.561547 -0.19309 -0.348913 0 0
0 0 270 2.12985 0.330005 -0.594456 0.357706 0 0
0 0 271 2.8069 -0.432577 -0.22126 -0.312972 0 0
0 0 272 0.882465 -0.585429 0.138447 0.382047 0 0
0 0 273 -0.077414 0.791787 0.458634 -0.0148331 0 0
0 0 274 1.37292 -0.117788 -0.133029 0.0147473 0 0
0 0 275 0.890858 -1.70328 1.69847 0.574588 0 0
0 0 276 1.50073 1.541 0.51036 -1.59649 0 0
0 0 277 1.14109 1.648 0.81067 -0.322633 0 0
0 0 278 2.41078 1.73756 0.669436 0.380209 0 0
0 0 279 2.05823 -0.273717 -0.953239 -0.764986 0 0
0 0 280 1.12069 0.271276 -0.0683207 -0.402493 0 0
0 0 281 0.831189 0.74593 -0.029078 0.735022 0 0
0 0 282 1.96459 -0.447284 1.34312 1.02345 0 0
0 0 283 1.17422 0.528394 0.377087 0.54748 0 0
0 0 284 0.233851 -0.24344 -1.93462 0.86397 0 0
0 0 285 0.438859 0.599973 0.486826 1.1605 0 0
0 0 286 0.527805 -0.229666 -0.731933 -1.16437 0 0
0 0 287 -1.50309 1.87434 -1.17621 0.25593 0 0
0 0 288 0.836133 1.95888 -0.795599 0.427503 0 0
0 0 289 0.505172 -0.547484 -0.0912646 -0.0412969 0 0
0 0 290 -0.930487 -0.717971 -0.509313 1.90891 0 0
0 0 291 -0.070424 0.560198 -0.517723 -0.195421 0 0
0 0 292 1.77905 -0.455919 -0.136129 1.8223 0 0
0 0 293 0.166129 -0.802536 -0.324087 2.34817 0 0
0 0 294 1.68847 -0.572145 0.476195 -1.47311 0 0
0 0 295 1.13578 0.972512 1.5128 -0.779594 0 0
0 0 296 2.44566 -0.308419 0.744018 -0.442222 0 0
0 0 297 0.820407 0.865719 -0.59311 0.277444 0 0
0 0 298 3.24231 -1.69051 0.299687 2.31536 0 0
0 0 299 -1.62694 0.142684 0.874623 -0.59305 0 0
0 0 300 0.647956 1.18862 -0.349284 -1.26888 0 0
0 0 301 0.0227406 -0.692706 -2.04082 -0.56668 0 0
0 0 302 1.52988 0.0550444 0.705245 0.54164 0 0
0 0 303 -1.17853 -0.615518 0.627091 -1.3116 0 0
0 0 304 0.945716 -0.328134 0.363816 0.855994 0 0
0 0 305 -1.03445 0.571156 -0.92016 0.893582 0 0
0 0 306 -0.81154 0.490145 0.113167 1.65575 0 0
0 0 307 0.448276 0.70658 1.1294 0.00981597 0 0
0 0 308 -0.348101 -0.783748 -0.247931 -1.69353 0 0
0 0 309 0.492219 -0.841569 0.742945 -2.59626 0 0
0 0 310 -1.07079 -1.47011 -0.233707 0.411132 0 0
0 0 311 0.463731 1.03288 -0.608037 0.394164 0 0
0 0 312 -0.0981732 -0.241158 -0.638683 -0.37179 0 0
0 0 313 -0.0230674 0.0247247 0.111947 -0.825856 0 0
0 0 314 -0.271421 0.178292 0.0549523 0.0859494 0 0
0 0 315 -0.299266 -0.483033 -1.31666 -0.89556 0 0
0 0 316 -0.697133 -0.357697 0.177248 0.0453756 0 0
0 0 317 -0.265303 -0.294206 -0.0445554 0.179684 0 0
0 0 318 -0.376437 1.03514 1.11412 -1.61868 0 0
0 0 319 -0.671781 -0.237476 1.76012 0.893557 0 0
0 0 320 2.51301 -0.894959 2.72275 -0.979705 0 0
0 0 321 -1.37828 -1.3499 0.85559 -1.34774 0 0
0 0 322 1.16302 -0.526073 0.705024 -1.37826 0 0
0 0 323 -0.891186 -0.507014 0.924969 -0.302841 0 0
0 0 324 0.16151 1.25199 1.17429 0.641106 0 0
0 0 325 0.811894 -1.02528 -1.0543 0.714441 0 0
0 0 326 -0.664393 -1.3428 0.976461 -0.342174 0 0
0 0 327 0.332701 0.942882 -0.17477 0.0863331 0 0
0 0 328 0.140113 1.34911 0.85016 -0.431954 0 0
0 0 329 0.435199 0.522002 0.30727 -0.537035 0 0
0 0 330 -0.530973 0.749982 -1.43627 1.44464 0 0
0 0 331 -0.402943 -1.41933 -0.508071 -0.134859 0 0
0 0 332 -0.650453 2.15821 1.05713 0.230824 0 0
0 0 333 1.32554 -0.492897 -0.501665 0.15958 0 0
0 0 334 -1.14234 0.617655 0.204885 -0.219089 0 0
0 0 335 -0.257977 0.333899 0.111037 -0.412672 0 0
0 0 336 -0.258126 -1.77403 1.59321 -1.8895 0 0
0 0 337 1.00113 -0.712694 -0.903819 0.711384 0 0
0 0 338 -0.281323 0.978156 0.743536 -2.50668 0 0
0 0 339 -0.662858 -1.15832 -1.38052 -0.225007 0 0
0 0 340 1.62239 0.5607 -0.805803 1.31792 0 0
0 0 341 -0.546809 -0.232097 0.518144 -0.465647 0 0
0 0 342 0.555671 0.366327 -1.73158 0.672128 0 0
0 0 343 1.70884 -0.0562102 0.468247 0.0184621 0 0
0 0 344 1.43305 -0.513576 1.00804 -0.727676 0 0
0 0 345 -0.0478176 -0.0192062 -0.9564 -1.93321 0 0
0 0 346 -2.4788 1.85367 -1.06622 1.00904 0 0
0 0 347 -0.491527 -0.120812 1.90827 -1.25535 0 0
0 0 348 0.930241 0.0188533 -1.22516 -0.828838 0 0
0 0 349 -1.04832 0.504918 0.308251 0.0641633 0 0
0 0 350 0.796226 0.606415 0.758517 -1.45507 0 0
0 0 351 0.0202197 0.869381 1.4953 -0.498788 0 0
0 0 352 0.559566 1.79346 0.491903 -2.42833 0 0
0 0 353 -0.57793 -1.26479 1.51509 1.371 0 0
0 0 354 -0.783118 -0.420618 -1.62682 -0.725514 0 0
0 0 355 -0.609987 -0.352698 0.494814 -1.33289 0 0
0 0 356 0.354154 0.503529 0.62767 -0.201688 0 0
0 0 357 0.25042 1.22213 0.234743 -1.65241 0 0
0 0 358 0.958625 1.72239 -0.210198 0.424821 0 0
0 0 359 -0.409874 0.87596 0.476971 0.158733 0 0
0 0 360 -2.23597 -2.18148 1.03096 0.734851 0 0
0 0 361 -0.245524 2.15364 -0.475963 -1.67715 0 0
0 0 362 0.506163 -1.11222 1.66251 -0.254163 0 0
0 0 363 0.890023 0.129012 0.107873 -0.766705 0 0
0 0 364 1.7683 -3.20673 1.05516 -0.118292 0 0
0 0 365 0.192287 1.69757 -1.17931 -0.0916677 0 0
0 0 366 0.322693 -0.575837 -0.67377 0.060603 0 0
0 0 367 -1.4134 2.20997 -1.87967 0.891303 0 0
0 0 368 0.837125 -0.486425 -1.52851 0.369585 0 0
0 0 369 0.333741 -1.07307 0.113208 1.03606 0 0
0 0 370 -0.665325 1.21504 -0.310195 -1.9047 0 0
0 0 371 -0.979427 0.610165 -1.41702 0.83762 0 0
0 0 372 -0.786362 0.564644 1.49901 -1.23028 0 0
0 0 373 -1.35815 -0.325424 -0.505835 2.00926 0 0
0 0 374 -1.1783 -1.37278 -0.468751 2.01849 0 0
0 0 375 -0.332395 0.348058 -1.37683 0.582477 0 0
0 0 376 -2.04644 -0.983233 -0.521832 -0.0907563 0 0
0 0 377 -0.0450214 -0.442551 1.966 -0.514226 0 0
0 0 378 0.859635 -0.71613 0.980915 0.153041 0 0
0 0 379 0.58059 -0.90257 -0.346881 0.0435963 0 0
0 0 380 1.56106 -1.12777 0.460109 1.31366 0 0
0 0 381 1.15175 -1.27491 -1.60035 -0.0834129 0 0
0 0 382 -1.5811 -1.19216 0.33111 -1.39573 0 0
0 0 383 -0.684283 -0.917006 -1.65732 2.36231 0 0
0 0 384 -0.135554 -0.415729 0.590191 1.81715 0 0
0 0 385 1.01069 0.37504 -2.1969 0.171608 0 0
0 0 386 0.341506 0.191851 -0.453893 0.904621 0 0
0 0 387 0.978616 0.417 -0.331026 0.797834 0 0
0 0 388 -0.984947 -0.390148 0.467793 0.426769 0 0
0 0 389 -0.785635 0.788084 -1.37595 1.24683 0 0
0 0 390 0.252452 0.337779 0.541748 -1.51402 0 0
0 0 391 -0.414469 1.60672 0.0454015 -0.257199 0 0
0 0 392 0.893624 0.35349 -0.596334 1.41874 0 0
0 0 393 0.0330658 0.760998 -0.410415 -1.26878 0 0
0 0 394 2.99874 -0.191646 1.31349 0.462234 0 0
0 0 395 0.234992 -0.330618 -1.02481 -1.21277 0 0
0 0 396 -0.933217 -1.18906 2.76173 0.88763 0 0
0 0 397 -0.752081 -0.576214 -0.206462 -1.32985 0 0
0 0 398 0.485558 1.33033 -0.830101 -0.123605 0 0
0 0 399 1.38494 -0.0324806 -0.26196 2.05417 0 0
0 0 400 -1.83521 2.50533 -0.349497 0.700547 0 0
0 0 401 0.385718 -0.27491 2.03815 -0.595384 0 0
0 0 402 0.883094 0.463035 0.0252127 0.561314 0 0
0 0 403 -2.94081 0.648197 2.11207 0.945224 0 0
0 0 404 0.265898 1.6016 0.490207 0.738975 0 0
0 0 405 0.0617512 0.246119 -1.04274 0.676969 0 0
0 0 406 -0.768942 -0.525706 0.602831 1.36669 0 0
0 0 407 0.632782 -0.887676 0.26091 -1.247 0 0
0 0 408 0.63948 -0.244328 -0.787392 -1.15165 0 0
0 0 409 -0.441758 -1.00302 1.08921 0.308382 0 0
0 0 410 0.892586 -0.298043 0.566492 -0.940796 0 0
0 0 411 -1.05016 0.364892 0.736181 -0.328238 0 0
0 0 412 2.96664 2.18988 1.50174 0.0180704 0 0
0 0 413 -1.19302 -0.375744 0.426105 0.244359 0 0
0 0 414 -2.0739 -2.41478 0.537793 1.09902 0 0
0 0 415 0.219138 -2.73319 0.210099 0.603973 0 0
0 0 416 0.847518 0.50198 -2.44589 0.791192 0 0
0 0 417 0.0176519 1.66936 -0.246848 -1.12114 0 0
0 0 418 -0.177257 1.06373 0.650697 -0.758535 0 0
0 0 419 -0.189628 -1.31113 -0.931972 -0.689422 0 0
0 0 420 0.436975 -0.804844 -3.63716 0.0438674 -51.2388 8.23603
0 0 421 0.845012 0.604136 0.49224 -1.69707 0 0
0 0 422 2.28627 1.99789 -1.28543 -0.580359 0 0
0 0 423 0.341039 1.35997 0.968315 2.56387 0 0
0 0 424 0.565547 0.916167 0.704286 1.90438 0 0
0 0 425 -1.32305 0.107044 -0.749505 -0.900304 0 0
0 0 426 -0.187211 0.432544 -1.53355 0.994378 0 0
0 0 427 -0.069459 -1.24103 -0.103801 1.12944 0 0
0 0 428 1.19706 -1.33104 -0.314677 0.199474 0 0
0 0 429 0.0820657 1.23519 0.0325193 0.506272 0 0
0 0 430 -0.802857 0.179597 0.424799 0.789409 0 0
0 0 431 0.760533 -0.244208 0.488938 0.620419 0 0
0 0 432 -0.104666 -0.257007 0.639822 -2.1676 0 0
0 0 433 0.0239168 -2.07687 -0.792194 -2.40572 0 0
0 0 434 -0.261615 1.09662 0.729895 0.286712 0 0
0 0 435 -0.715686 0.40154 0.765468 -0.239521 0 0
0 0 436 1.07196 -0.305483 -0.851217 0.26103 0 0
0 0 437 -1.01686 -0.403577 -1.68813 -0.539068 0 0
0 0 438 -0.609332 1.65127 0.0394151 1.15033 0 0
0 0 439 -0.508778 0.354929 -1.36984 -1.33702 0 0
0 0 440 -0.108184 0.847589 0.339376 1.26502 0 0
0 0 441 -1.19022 0.464959 -0.226828 0.773854 0 0
0 0 442 0.532126 0.0276049 0.570599 1.22138 0 0
0 0 443 -1.19606 -0.12344 0.854136 1.59833 0 0
0 0 444 0.0838398 -2.02102 -1.10468 0.268438 0 0
0 0 445 0.764757 -1.84977 -0.595469 1.19949 0 0
0 0 446 -1.40962 -1.21342 -0.0886814 -0.265247 0 0
0 0 447 0.814983 0.85238 -1.43113 0.82445 0 0
0 0 448 -1.41216 1.15819 -1.65434 1.4302 0 0
0 0 449 0.449778 -0.667786 -0.373272 1.17257 0 0
0 0 450 1.47999 0.585366 1.38441 -1.41285 0 0
0 0 451 0.651413 -0.0977677 0.284815 0.939296 0 0
0 0 452 0.37287 0.0264299 0.0256375 0.359048 0 0
0 0 453 -1.19444 -2.56274 0.251975 -0.805385 0 0
0 0 454 1.48228 2.04529 1.35941 -0.395991 0 0
0 0 455 0.211605 -0.804013 -0.761132 0.748859 0 0
0 0 456 -0.693031 1.69693 -1.371 0.71928 0 0
0 0 457 0.597082 -0.0491602 0.323857 -1.04704 0 0
0 0 458 -0.726309 0.365767 -0.0165458 -1.54438 0 0
0 0 459 1.03759 0.799199 -0.661812 0.808613 0 0
0 0 460 -0.163458 -0.750011 -1.82388 1.17153 0 0
0 0 461 0.261369 1.56322 -0.548972 -1.22993 0 0
0 0 462 -1.01525 -0.0929537 -0.417657 -0.983752 0 0
0 0 463 1.84997 1.11978 -1.14058 0.466396 0 0
0 0 464 -2.23119 0.394097 -0.0105235 0.591806 0 0
0 0 465 0.266107 -0.845183 -1.13963 -0.0826035 0 0
0 0 466 -1.13334 -1.14482 -0.145258 0.97696 0 0
0 0 467 2.83464 -1.0766 0.17204 -0.193396 0 0
0 0 468 -1.89044 0.961502 -0.0276026 -1.36262 0 0
0 0 469 0.552781 -0.383607 -0.0337349 -0.0888046 0 0
0 0 470 -0.725896 0.331633 1.2637 -0.56871 0 0
0 0 471 0.685013 -1.66461 -1.82038 -0.871735 0 0
0 0 472 0.72125 1.24933 -0.114518 0.560421 0 0
0 0 473 -1.43181 1.38707 0.338343 0.466394 0 0
0 0 474 0.795916 -1.36183 -0.578804 0.304481 0 0
0 0 475 0.876225 1.79671 0.514135 0.582847 0 0
0 0 476 1.35737 0.579902 0.739592 -0.814392 0 0
0 0 477 0.72519 0.314861 -0.42644 0.0219381 0 0
0 0 478 -0.0525514 -0.629019 -1.53542 1.1055 0 0
0 0 479 1.20706 -0.459884 -0.444551 0.561892 0 0
0 0 480 0.890605 0.621406 0.187725 -1.01383 0 0
0 0 481 -0.405804 -0.61366 0.626859 0.97166 0 0
0 0 482 0.163464 0.0204897 -0.985829 0.591122 0 0
0 0 483 -0.276954 1.19607 0.485552 -1.39629 0 0
0 0 484 -0.436346 1.51949 -1.32422 -1.85286 0 0
0 0 485 -0.626375 0.582906 -2.63712 1.14709 0 0
0 0 486 -0.295908 3.29168 1.67706 0.596334 13.499 8.24698
0 0 487 1.27336 -0.729738 -0.822656 0.237422 0 0
0 0 488 -0.216653 -0.670288 -0.26747 2.21374 0 0
0 0 489 0.285559 -1.05405 -0.130113 2.03802 0 0
0 0 490 0.0838207 -0.81056 -0.19018 0.882578 0 0
0 0 491 1.74532 -2.581 0.803858 0.00330805 0 0
0 0 492 -0.12714 0.575318 0.441751 1.89595 0 0
0 0 493 -0.133459 -0.226712 0.479351 0.537186 0 0
0 0 494 0.391779 -0.180433 0.0163895 -0.129988 0 0
0 0 495 0.648197 3.7904 -0.235052 0.704062 -1.77425 8.00714
0 0 496 -0.948525 0.934832 -2.4067 -0.778254 0 0
0 0 497 -0.876508 -0.275777 1.83054 -3.00008 0 0
0 0 498 -0.495239 0.680209 0.93678 1.20547 0 0
0 0 499 -0.365323 -0.313173 1.25292 -0.372275 0 0
0 0 500 -1.99501 0.409821 1.4665 0.837951 0 0
0 0 501 0.784342 0.112827 -0.0510943 -0.433545 0 0
0 0 502 -0.706707 1.53784 1.53505 -0.965161 0 0
0 0 503 2.56476 -0.803259 0.563477 -1.34585 0 0
0 0 504 2.4408 0.179554 -0.495943 0.141871 0 0
0 0 505 -0.153065 1.26304 0.0765637 -0.137849 0 0
0 0 506 1.59626 0.478376 -0.63792 1.43115 0 0
0 0 507 -0.281696 -0.560066 0.0115934 -1.0649 0 0
0 0 508 0.0367984 1.56336 0.229329 -0.778091 0 0
0 0 509 1.66457 0.783483 -1.11746 0.205958 0 0
0 0 510 0.690221 -0.365245 0.55673 -1.36927 0 0
0 0 511 -0.534271 2.7947 -0.687099 -2.25734 0 0
0 0 512 1.39525 -2.26444 0.192743 -0.152764 0 0
0 0 513 -0.306144 -0.905065 0.572043 -1.08147 0 0
0 0 514 1.32657 1.17861 -0.623304 -1.10684 0 0
0 0 515 1.33919 -1.01369 -0.46698 -0.690901 0 0
0 0 516 -0.264944 -0.271849 1.5622 0.359892 0 0
0 0 517 -0.616359 0.166635 1.04864 -1.24752 0 0
0 0 518 -0.178599 -0.389339 -0.803483 0.25557 0 0
0 0 519 -2.06968 -2.04194 1.15951 1.48472 0 0
0 0 520 -0.298583 0.962977 0.770719 1.43206 0 0
0 0 521 -0.105985 0.126277 -1.61511 0.625654 0 0
0 0 522 1.93516 -0.755276 -0.755051 0.339243 0 0
0 0 523 1.87557 -0.332002 -0.564346 -0.831994 0 0
0 0 524 1.01582 -0.59421 -0.240548 -0.771547 0 0
0 0 525 0.30428 -0.674146 1.05098 0.367059 0 0
0 0 526 0.590522 -1.58362 0.278944 0.208498 0 0
0 0 527 -0.256719 -0.941434 0.549476 -3.2114 0 0
0 0 528 1.84566 -1.79236 -0.759266 0.241334 0 0
0 0 529 0.0663595 -0.183236 -0.571471 1.00931 0 0
0 0 530 0.0373904 1.28289 1.23253 0.469015 0 0
0 0 531 -0.360659 1.25273 0.73047 -0.708283 0 0
0 0 532 0.738707 -0.137407 0.233445 1.28284 0 0
0 0 533 -0.20481 -1.49268 0.217671 -2.30707 0 0
0 0 534 0.798851 -0.229217 -0.225313 -0.81326 0 0
0 0 535 -0.673701 1.19729 -2.19799 -1.68833 0 0
0 0 536 0.758405 -0.954134 0.03998 0.489504 0 0
0 0 537 -0.84427 -0.134239 -0.412277 0.768477 0 0
0 0 538 0.701208 0.151562 -0.499844 -1.05586 0 0
0 0 539 -0.120622 -0.782846 -0.852763 -1.31964 0 0
0 0 540 0.95741 0.703863 0.65857 0.897503 0 0
0 0 541 0.848575 0.355445 1.40717 -0.378551 0 0
0 0 542 -0.0894735 -0.756665 -0.34999 2.30726 0 0
0 0 543 0.807796 -0.239049 -1.15879 -0.205532 0 0
0 0 544 -1.34877 -0.212111 0.386921 0.067298 0 0
0 0 545 -1.41609 -1.27848 0.219927 1.48722 0 0
0 0 546 0.575642 0.309621 0.765462 -0.0468584 0 0
0 0 547 -0.532378 -1.61797 0.572022 0.87658 0 0
0 0 548 -0.0656595 -0.331226 0.452334 1.8218 0 0
0 0 549 1.80311 0.455429 0.116571 -0.194165 0 0
0 0 550 0.464674 -0.88582 -0.587878 -0.607531 0 0
0 0 551 0.27636 -0.197186 -0.22254 -0.00686773 0 0
0 0 552 -0.0180115 -0.629624 -1.40159 -0.207861 0 0
0 0 553 -0.355134 1.69344 0.829477 -1.56646 0 0
0 0 554 1.59311 0.388114 0.359797 0.387466 0 0
0 0 555 0.735271 0.256987 2.90423 -0.344127 0 0
0 0 556 -0.483634 0.939266 0.3863 1.53418 0 0
0 0 557 0.770342 0.820653 1.91577 1.92442 0 0
0 0 558 1.33224 0.0796335 0.270552 1.0046 0 0
0 0 559 1.48224 0.303175 -2.10746 0.851678 0 0
0 0 560 -0.104597 1.85844 -1.06297 0.308887 0 0
0 0 561 0.932567 -0.623746 1.72027 0.185056 0 0
0 0 562 -0.37924 -1.38247 -0.238061 -0.505683 0 0
0 0 563 0.412135 1.90341 1.80093 0.412104 0 0
0 0 564 0.981959 0.288941 -1.31628 -1.11904 0 0
0 0 565 -0.286505 -1.87852 -0.0129937 1.30224 0 0
0 0 566 1.43239 0.874524 0.926605 0.101159 0 0
0 0 567 -1.96446 -0.109646 -1.16725 0.463007 0 0
0 0 568 0.517733 0.948414 1.04781 -2.48514 0 0
0 0 569 0.514964 -2.62163 -0.647568 -0.599948 0 0
0 0 570 1.96812 2.19679 -0.371076 -0.968048 0 0
0 0 571 0.876437 0.601422 -0.856496 -1.55306 0 0
0 0 572 1.19402 -0.278053 0.00304488 -0.933468 0 0
0 0 573 1.48405 -2.32703 -1.36115 -0.215682 0 0
0 0 574 -0.735208 0.35617 0.262735 -1.98149 0 0
0 0 575 2.20754 -0.431428 1.44278 1.38467 0 0
0 0 576 -0.796555 1.50217 -0.414801 1.64608 0 0
0 0 577 -0.31527 0.531495 -1.68545 2.1838 0 0
0 0 578 2.17111 0.232239 -0.399488 -1.09846 0 0
0 0 579 -1.36552 0.906447 0.57467 2.08945 0 0
0 0 580 0.902028 -0.246832 0.998485 1.25804 0 0
0 0 581 0.4382 0.63432 1.16533 0.21169 0 0
0 0 582 -0.70855 -0.20948 2.14137 2.11308 0 0
0 0 583 -0.940507 0.73713 0.18489 -0.994944 0 0
0 0 584 0.500804 0.396401 0.576586 -1.95879 0 0
0 0 585 1.00182 0.967528 0.286888 1.44267 0 0
0 0 586 -1.6447 -0.24514 -1.17404 1.97573 0 0
0 0 587 2.0442 0.469434 -2.01599 -0.333189 0 0
0 0 588 -0.555648 0.121851 0.331481 0.858262 0 0
0 0 589 1.35344 0.604851 1.792 0.231127 0 0
0 0 590 -0.0966808 0.463293 -0.486407 0.516143 0 0
0 0 591 2.15023 0.637324 0.0162724 -0.188153 0 0
0 0 592 -1.73269 -0.660145 1.71508 0.39355 0 0
0 0 593 -0.983023 0.0220224 -0.13343 0.343391 0 0
0 0 594 0.672552 0.0881125 0.286584 -0.294043 0 0
0 0 595 1.01646 0.29347 -0.241791 1.32268 0 0
0 0 596 1.10725 -1.05085 -0.1109 -1.72021 0 0
0 0 597 0.443333 1.51967 0.0866513 0.133296 0 0
0 0 598 -0.407793 -0.512929 1.39305 1.77056 0 0
0 0 599 2.18079 2.24132 -2.17657 -0.566969 0 0
0 0 600 2.69464 0.157607 1.12686 0.39893 0 0
0 0 601 2.0067 0.794682 -0.00598621 1.6978 0 0
0 0 602 2.21742 -1.08374 -0.0644711 -1.11468 0 0
0 0 603 1.20859 1.04322 1.06279 -0.0711253 0 0
0 0 604 0.537726 0.240915 2.36056 -1.91373 0 0
0 0 605 0.793908 -0.934374 -1.04578 2.32627 0 0
0 0 606 2.54773 1.9411 0.159757 -0.262159 0 0
0 0 607 0.110504 -0.907588 0.240369 0.956538 0 0
0 0 608 1.10816 1.14656 1.48425 1.16767 0 0
0 0 609 1.67544 -1.27503 -1.56016 -0.00882026 0 0
0 0 610 0.265799 -0.330174 -0.903718 0.90203 0 0
0 0 611 1.58224 -1.71766 0.651137 -0.207062 0 0
0 0 612 3.24928 0.634767 -0.878848 -0.916472 0 0
0 0 613 0.584917 0.556393 -1.74699 0.210326 0 0
0 0 614 1.46547 1.97269 1.08122 1.1034 0 0
0 0 615 1.36178 1.23854 0.259709 0.844341 0 0
0 0 616 0.511099 0.227825 0.477081 0.786656 0 0
0 0 617 1.18364 1.08851 0.582473 1.13345 0 0
0 0 618 0.693733 0.883883 0.0695942 -0.080071 0 0
0 0 619 2.02308 -0.434006 0.67891 0.154408 0 0
0 0 620 1.37375 -0.363793 -0.272776 1.65378 0 0
0 0 621 0.509153 -1.09876 -0.80344 -1.85188 0 0
0 0 622 0.826012 -0.846546 0.803389 0.765144 0 0
0 0 623 0.897415 -1.95121 0.621614 -0.237058 0 0
0 0 624 -0.526719 1.9277 0.333432 0.496836 0 0
0 0 625 0.128203 1.1952 0.143907 0.0663484 0 0
0 0 626 0.0410569 1.46472 0.889442 0.130317 0 0
0 0 627 -0.40428 1.5598 1.78438 -0.534603 0 0
0 0 628 1.38985 -1.02713 0.554306 0.629346 0 0
0 0 629 2.0329 1.1141 -0.128819 1.05928 0 0
0 0 630 0.232471 1.32108 -1.17987 -0.43272 0 0
0 0 631 1.10078 -0.144507 1.23305 -0.131777 0 0
0 0 632 0.506116 -0.765088 -0.411819 -2.3055 0 0
0 0 633 1.14876 0.628113 -0.0593395 -0.790538 0 0
0 0 634 1.16843 0.554733 0.961364 -0.134144 0 0
0 0 635 0.0379206 -1.37353 2.2794 -0.821399 0 0
0 0 636 1.26 0.580163 -0.46665 -0.315944 0 0
0 0 637 -0.280371 0.143675 -1.37328 0.178802 0 0
0 0 638 0.0797697 -0.274331 0.0962684 0.299729 0 0
0 0 639 1.91886 2.07371 0.766162 0.961116 0 0
0 0 640 -0.605591 0.735364 -0.447966 0.55202 0 0
0 0 641 -0.164694 0.864038 0.990583 3.03621 0 0
0 0 642 0.572357 -0.818637 -1.61988 -0.376174 0 0
0 0 643 2.62431 -1.12965 -0.0393485 0.813844 0 0
0 0 644 1.26797 -1.49527 0.693045 -2.27186 0 0
0 0 645 2.45745 -0.261674 -1.40652 0.00924131 0 0
0 0 646 0.0320999 -0.585672 -0.275554 -1.36223 0 0
0 0 647 0.351501 -0.0589202 0.852808 -0.556341 0 0
0 0 648 -0.736382 0.388339 -2.07897 1.94275 0 0
0 0 649 0.26409 -0.142007 -0.107072 -0.57114 0 0
0 0 650 -1.68308 0.287048 0.080139 0.523147 0 0
0 0 651 0.898885 0.810827 0.519856 0.78416 0 0
0 0 652 -1.32186 -0.68771 2.49805 0.059146 0 0
0 0 653 1.03674 -0.755582 -0.375419 -0.41906 0 0
0 0 654 2.02642 1.89848 -1.55079 -1.03918 0 0
0 0 655 -1.66357 0.607376 -1.46094 0.0422628 0 0
0 0 656 1.51885 0.491755 0.261361 -1.49776 0 0
0 0 657 -2.38837 -0.0983154 -0.275065 0.300491 0 0
0 0 658 0.742545 -1.89745 -1.08973 1.76549 0 0
0 0 659 2.91481 -1.52884 -0.161858 0.909374 0 0
0 0 660 -1.02902 1.66958 1.28979 1.53553 0 0
0 0 661 0.47052 0.667544 -1.46229 -0.621653 0 0
0 0 662 -2.5306 0.351991 -0.117435 2.27015 0 0
0 0 663 1.62518 0.567176 -0.317021 -0.871604 0 0
0 0 664 -1.04414 0.785294 0.862114 -0.924886 0 0
0 0 665 0.566455 1.326 -0.108431 1.05349 0 0
0 0 666 -0.639107 0.296467 -1.2205 -1.0052 0 0
0 0 667 1.6898 -1.80446 -0.880113 -0.243959 0 0
0 0 668 1.20775 0.323787 2.17839 0.289731 0 0
0 0 669 1.87022 0.0654969 2.22602 0.238916 0 0
0 0 670 1.20912 0.00153857 0.335332 -0.241778 0 0
0 0 671 -0.774493 -0.821372 0.813412 -0.315377 0 0
0 0 672 0.582448 1.13281 0.59833 -0.31366 0 0
0 0 673 -0.725223 -0.629228 -0.906372 0.276785 0 0
0 0 674 -1.15414 -0.889448 -0.513591 -0.380629 0 0
0 0 675 0.119665 1.26421 0.337981 0.338304 0 0
0 0 676 0.0568516 0.830085 -0.0361604 -0.63758 0 0
0 0 677 -1.07551 0.165448 2.47659 0.821208 0 0
0 0 678 -0.0286856 -0.419065 1.04152 -1.68789 0 0
0 0 679 0.316055 -0.629964 2.49884 -0.700159 0 0
0 0 680 -0.670778 0.486672 0.141749 -0.287582 0 0
0 0 681 1.74941 -0.694091 2.9003 -0.18066 0 0
0 0 682 0.492962 0.127756 0.90799 -0.0866718 0 0
0 0 683 0.506891 0.265379 -0.647768 0.945004 0 0
0 0 684 -0.0157544 -0.161611 -1.35207 -0.983447 0 0
0 0 685 0.255687 0.315608 0.649972 2.44114 0 0
0 0 686 0.0897817 1.27476 -1.42011 -0.63194 0 0
0 0 687 -0.522842 0.380527 0.923434 0.263395 0 0
0 0 688 2.19191 1.00099 -1.28858 -0.37188 0 0
0 0 689 0.331179 -0.444356 2.16808 0.368162 0 0
0 0 690 -0.0354402 0.369314 -0.264698 0.538912 0 0
0 0 691 1.07571 -0.184634 0.800903 -2.02629 0 0
0 0 692 2.96893 -0.412769 0.67465 0.790615 0 0
0 0 693 0.775057 -0.732274 1.07708 0.968289 0 0
0 0 694 0.262954 -0.56768 0.288402 0.105775 0 0
0 0 695 -0.260758 0.560062 0.436137 -0.328191 0 0
0 0 696 2.60196 -0.0566882 0.30375 -0.0309457 0 0
0 0 697 1.89814 0.0158246 -0.206527 0.822269 0 0
0 0 698 -1.28578 0.560872 -0.669989 -1.61846 0 0
0 0 699 0.290549 -0.0993579 1.24479 0.816491 0 0
0 0 700 0.600532 0.480179 1.08796 -0.736612 0 0
0 0 701 0.31356 -0.418502 -0.7077 -0.347424 0 0
0 0 702 -0.342519 0.154647 0.854388 -0.0801074 0 0
0 0 703 -0.904969 0.718159 1.39529 -0.688988 0 0
0 0 704 1.2656 -0.525078 -0.426073 -1.81354 0 0
0 0 705 -0.59392 -1.12935 0.207894 1.40605 0 0
0 0 706 2.40337 -1.19983 1.16933 -0.320269 0 0
0 0 707 1.2871 0.64876 1.9679 0.318432 0 0
0 0 708 -2.07991 0.563439 0.0404088 -1.00889 0 0
0 0 709 0.396305 -0.8261 -1.37742 1.4928 0 0
0 0 710 1.24181 0.125015 -1.80263 0.233042 0 0
0 0 711 -0.969204 0.506788 -0.291046 1.70577 0 0
0 0 712 -0.506572 -2.19549 -0.173916 1.4176 0 0
0 0 713 1.0344 -0.135939 -0.650251 -0.116264 0 0
0 0 714 0.593715 -1.28666 0.0566096 -0.148706 0 0
0 0 715 -0.769215 -0.15986 1.31766 0.810987 0 0
0 0 716 0.52356 -2.26472 0.951572 1.63526 0 0
0 0 717 -0.358241 0.892486 0.441172 1.27017 0 0
0 0 718 0.178955 -0.759892 0.645798 0.314123 0 0
0 0 719 -0.341354 -0.921529 -0.94928 -0.293919 0 0
0 0 720 0.813943 -0.342233 -0.578272 0.654763 0 0
0 0 721 0.994012 1.5819 0.967543 -0.114888 0 0
0 0 722 2.81419 -0.148687 0.904232 -0.0508676 0 0
0 0 723 1.96009 0.944808 -1.21633 1.10157 0 0
0 0 724 0.875408 1.18593 0.513175 -0.320969 0 0
0 0 725 0.91895 -0.722076 1.53077 2.01341 0 0
0 0 726 1.19574 -0.800473 0.690128 -1.83761 0 0
0 0 727 1.21716 1.08255 1.42542 -0.156096 0 0
0 0 728 -1.50454 0.103622 -0.222157 -0.600843 0 0
0 0 729 0.503228 -0.912373 -1.7857 1.68666 0 0
0 0 730 -0.152968 0.508205 -0.541734 1.84497 0 0
0 0 731 1.37829 0.127625 1.69192 0.681686 0 0
0 0 732 -0.118721 -0.822527 1.93884 1.30411 0 0
0 0 733 1.99983 0.167444 -0.890861 1.19413 0 0
0 0 734 1.49454 -1.63942 1.22282 -0.671433 0 0
0 0 735 0.656293 -0.834022 -0.638136 -1.38827 0 0
0 0 736 -0.457096 0.566669 -0.903277 -0.371135 0 0
0 0 737 -0.849766 0.114591 0.719205 -0.852146 0 0
0 0 738 1.20875 -1.40832 -0.316911 -0.896191 0 0
0 0 739 1.98738 -0.204179 0.79644 -0.913458 0 0
0 0 740 1.80162 -0.556368 2.3151 0.497853 0 0
0 0 741 1.08942 -0.74285 1.84332 -1.42746 0 0
0 0 742 0.125776 1.0163 2.56249 0.241092 0 0
0 0 743 1.0553 2.32874 -0.274631 2.21867 0 0
0 0 744 1.15 -0.393548 0.805781 -0.0561983 0 0
0 0 745 0.0377507 -1.62344 -1.28066 0.4426 0 0
0 0 746 1.28965 1.38659 1.66009 0.239483 0 0
0 0 747 1.75129 -0.0684333 1.18018 -0.0610457 0 0
0 0 748 2.1315 0.17768 0.101596 -0.449832 0 0
0 0 749 0.224384 0.923526 0.517292 0.0603147 0 0
0 0 750 1.89267 -1.89886 -0.0299297 -0.554672 0 0
0 0 751 0.834795 0.295175 1.1551 0.21213 0 0
0 0 752 2.02385 0.788584 0.648447 2.53824 0 0
0 0 753 0.395917 -0.513638 -1.38609 -1.31149 0 0
0 0 754 1.9396 0.175733 -0.10323 -1.00386 0 0
0 0 755 1.0094 0.85664 -0.938089 1.29654 0 0
0 0 756 1.3333 -1.19004 0.434491 -0.321502 0 0
0 0 757 1.11966 -0.295909 0.722508 -0.0785857 0 0
0 0 758 1.82181 0.317686 -0.13811 0.483913 0 0
0 0 759 1.21004 2.711 -0.0432604 -0.155415 0 0
0 0 760 1.20593 -0.34004 0.471005 3.45453 0 0
0 0 761 -0.303883 -0.197136 1.16633 -0.366892 0 0
0 0 762 2.05941 0.327025 1.29205 -1.1405 0 0
0 0 763 0.635374 0.297653 0.00160718 -0.219486 0 0
0 0 764 1.25154 -1.69476 -1.67485 1.08623 0 0
0 0 765 1.26967 1.19434 0.817011 -1.02975 0 0
0 0 766 -1.19216 1.44514 0.682498 -1.18486 0 0
0 0 767 -0.326509 -2.18869 0.208786 -0.648657 0 0
0 0 768 -2.00438 0.740083 -0.91806 -0.224367 0 0
0 0 769 2.04111 -0.135453 0.85224 -0.0018835 0 0
0 0 770 1.40009 1.42256 0.97164 1.48408 0 0
0 0 771 1.15938 0.96611 -1.6056 -0.869041 0 0
0 0 772 -1.83373 -0.196059 -0.178477 2.70803 0 0
0 0 773 -1.3754 0.606479 0.14208 0.0290856 0 0
0 0 774 1.8074 -0.989246 -0.488935 -0.74515 0 0
0 0 775 -0.435699 0.646362 -0.322485 1.16925 0 0
0 0 776 1.64593 2.14787 1.14162 -1.03323 0 0
0 0 777 1.67035 -0.973385 1.32662 0.485591 0 0
0 0 778 1.67435 0.305754 0.372724 1.90386 0 0
0 0 779 0.0955933 -0.0607658 0.201203 -0.0302557 0 0
0 0 780 1.12902 -0.122834 -0.0228061 1.64548 0 0
0 0 781 -0.382914 0.352289 0.820168 0.308896 0 0
0 0 782 -1.42207 0.287502 -0.98911 0.343875 0 0
0 0 783 0.288573 -0.495374 -0.252086 -1.55231 0 0
0 0 784 0.623393 -0.591316 -1.14114 0.443575 0 0
0 0 785 1.50436 -0.633279 -0.418705 -0.291678 0 0
0 0 786 1.66146 -0.622957 -0.100502 -1.24606 0 0
0 0 787 1.32126 1.40483 -0.0183386 -0.888083 0 0
0 0 788 1.05091 0.255613 -1.5748 0.921135 0 0
0 0 789 0.971551 0.549889 1.16215 0.9296 0 0
0 0 790 0.0173762 0.788381 -0.0772607 0.389743 0 0
0 0 791 1.37327 -0.69776 1.48335 -0.634393 0 0
0 0 792 1.23636 0.851804 -0.099959 -0.95555 0 0
0 0 793 0.0328506 2.02049 0.615052 -0.0341421 0 0
0 0 794 0.712704 1.23756 0.00407026 -0.244058 0 0
0 0 795 2.16331 0.392562 1.5797 0.603572 0 0
0 0 796 -1.0732 0.599272 -0.438147 0.953021 0 0
0 0 797 -0.338097 2.32497 -0.670501 -0.0708418 0 0
0 0 798 1.20018 1.45644 -0.115901 1.04078 0 0
0 0 799 -0.714355 -0.5745 0.69867 -0.471949 0 0
0 0 800 -0.921182 0.166189 0.959065 0.814031 0 0
0 0 801 0.2376 1.12258 0.138701 0.13311 0 0
0 0 802 0.844892 -0.789439 0.319135 -0.151307 0 0
0 0 803 -0.675199 1.06339 -1.6276 2.19195 0 0
0 0 804 0.282723 -1.05168 -1.14987 -0.595357 0 0
0 0 805 1.88491 -1.86158 0.11705 -1.0001 0 0
0 0 806 -1.99595 1.26151 -0.449351 -0.0158942 0 0
0 0 807 0.107702 0.704372 -0.252228 -1.00949 0 0
0 0 808 1.16028 1.37624 -0.943078 0.292216 0 0
0 0 809 0.611905 0.237083 -0.430254 1.95122 0 0
0 0 810 -0.859073 -0.965501 0.179318 2.22012 0 0
0 0 811 1.12015 -0.413658 -0.861277 -0.84419 0 0
0 0 812 1.10283 1.03537 -0.323214 -0.844776 0 0
0 0 813 -1.42385 1.46146 -0.82129 0.751799 0 0
0 0 814 2.19023 -0.0490241 -1.73835 1.73189 0 0
0 0 815 0.532861 1.52233 -1.53059 -1.71974 0 0
0 0 816 2.61763 -1.38628 -0.35519 0.627962 0 0
0 0 817 1.36751 0.258734 -1.56023 0.744452 0 0
0 0 818 0.100661 -1.71026 -1.3129 -1.05793 0 0
0 0 819 -0.526324 1.33914 0.963283 -1.12038 0 0
0 0 820 -0.0271469 1.72322 -1.27378 -0.567399 0 0
0 0 821 0.957709 0.346871 0.433843 1.05607 0 0
0 0 822 1.11605 1.34718 -1.1274 1.00605 0 0
0 0 823 2.00238 1.06496 -1.65254 0.465948 0 0
0 0 824 1.70808 1.39511 -1.27721 0.10394 0 0
0 0 825 1.17808 0.939236 -1.63222 -0.240489 0 0
0 0 826 2.16503 0.673024 -1.27514 1.17781 0 0
0 0 827 0.836347 1.43018 0.090501 -1.22113 0 0
0 0 828 0.348842 0.771461 -0.557937 -0.620768 0 0
0 0 829 1.43745 -0.381652 -0.0613709 0.137364 0 0
0 0 830 2.94649 -2.25722 -1.88981 0.163209 0 0
0 0 831 1.30953 2.38157 -2.18006 -0.337308 0 0
0 0 832 1.91127 1.27664 -3.20809 0.043845 0 0
0 0 833 2.74938 1.22857 -1.48208 -1.05285 0 0
0 0 834 3.89008 1.7351 -1.20856 -0.0130179 0 0
0 0 835 3.75186 0.77249 -2.08733 1.75682 0 0
0 0 836 3.29473 -0.264848 -3.54809 0.881501 -47.1345 8.62631
0 0 837 2.66496 0.138376 -2.99713 -1.79028 0 0
0 0 838 4.47922 3.12898 -3.92011 0.759901 -25.7018 6.09731
0 0 839 3.00374 1.43032 -5.05789 -2.16641 -37.1048 5.83546
0 0 840 6.70208 1.40307 -2.63259 -1.70042 0 0
0 0 841 8.28236 1.40324 -7.1589 0.0309171 -39.4549 4.20598
0 0 842 7.77375 0.456891 -4.42774 0.761271 -42.0543 6.89485
0 0 843 8.83024 3.28252 -7.61212 2.84108 -33.3366 3.69723
0 0 844 11.9612 2.89487 -10.6959 0.0723881 -37.4278 2.76824
0 0 845 12.6355 1.00255 -10.187 -0.770814 -42.1897 2.99826
0 0 846 12.0917 3.22799 -12.6824 1.50606 -37.86 2.34408
0 0 847 13.9971 3.40717 -11.889 0.954824 -37.0043 2.48004
0 0 848 15.9636 3.4182 -14.3105 0.584271 -38.283 2.08511
0 0 849 16.1854 5.39509 -15.3169 -0.339708 -35.2981 1.88815
0 0 850 18.7208 4.97853 -18.2114 0.110881 -37.3552 1.62471
0 0 851 19.4904 6.70742 -17.6336 1.10932 -34.5872 1.625
0 0 852 20.579 5.54575 -20.5025 0.754055 -37.4321 1.44422
0 0 853 19.9 5.34744 -19.1427 -0.246179 -37.1962 1.54326
0 0 854 23.9039 5.65468 -19.3418 -0.0697811 -36.8517 1.52204
0 0 855 24.5127 5.40287 -19.2423 0.519547 -37.1581 1.53468
0 0 856 25.2694 5.3168 -21.6037 -2.04041 -38.087 1.37887
0 0 857 24.7748 4.1943 -22.0816 0.465925 -39.6225 1.36515
0 0 858 24.4321 4.81255 -19.7714 -0.37977 -38.1598 1.50761
0 0 859 23.9221 4.77914 -18.9011 2.04618 -37.9051 1.57348
0 0 860 23.5038 4.19489 -17.6602 -2.00908 -38.319 1.69013
0 0 861 22.0672 4.42181 -18.9904 0.292009 -38.4463 1.57341
0 0 862 21.2953 7.18294 -18.9317 -0.801882 -34.6113 1.51408
0 0 863 20.8134 2.43649 -18.3354 0.109977 -41.2153 1.65916
0 0 864 22.2675 2.80351 -18.0798 -0.0243828 -40.5929 1.67727
0 0 865 19.4081 4.13346 -15.9368 -0.491823 -37.7299 1.86319
0 0 866 18.6956 3.95545 -17.1852 0.32951 -38.5191 1.73973
0 0 867 16.9313 4.04512 -14.3858 -0.876917 -37.1473 2.05256
0 0 868 18.1021 3.68354 -17.3954 0.722982 -39.022 1.72551
0 0 869 18.0423 2.26318 -15.1968 1.98577 -40.7647 1.99732
0 0 870 19.8054 3.99917 -14.4215 0.614392 -37.2505 2.04958
0 0 871 16.7674 4.71042 -16.4585 1.40655 -37.0144 1.79167
0 0 872 16.226 3.97066 -15.8417 0.264176 -37.9645 1.87835
0 0 873 16.8024 3.49682 -15.3282 0.646067 -38.5745 1.95137
0 0 874 16.4091 2.80248 -14.1195 0.351197 -39.3868 2.13151
0 0 875 17.6556 3.46612 -16.7515 -0.396036 -39.1548 1.7936
0 0 876 16.2343 2.15697 -13.9407 1.70562 -40.6023 2.17538
0 0 877 17.3755 3.5396 -16.4946 -1.95607 -38.9442 1.81867
0 0 878 15.1885 2.29688 -14.8906 0.195612 -40.6156 2.03674
0 0 879 18.0544 3.34019 -14.5258 1.72196 -38.525 2.05834
0 0 880 16.7559 3.34601 -15.1373 0.808448 -38.7678 1.97904
0 0 881 15.6665 3.68044 -15.3807 0.266715 -38.2714 1.93983
0 0 882 15.7186 4.97133 -14.6143 -1.12601 -35.6067 1.98644
0 0 883 18.5457 2.21254 -13.3758 1.83878 -40.3038 2.26339
0 0 884 18.2434 4.08261 -17.0112 0.476944 -38.2523 1.75362
0 0 885 17.545 4.19571 -17.6955 1.20677 -38.3306 1.68692
0 0 886 18.9534 4.52964 -16.8214 0.699479 -37.4645 1.76081
0 0 887 22.3324 1.0433 -20.0061 -0.878879 -43.5074 1.53209
0 0 888 24.725 4.66645 -21.0476 -0.928249 -38.7496 1.42311
0 0 889 21.407 2.49414 -22.1446 -0.222225 -41.7869 1.37719
0 0 890 25.5887 2.56847 -20.4537 1.6327 -41.4213 1.48874
0 0 891 28.376 2.82188 -25.2006 0.621797 -41.8054 1.21027
0 0 892 27.5185 3.94516 -26.8422 0.158606 -40.8194 1.13111
0 0 893 31.8301 4.09856 -26.129 1.33932 -40.5427 1.16025
0 0 894 30.1239 3.38317 -28.1825 -0.331406 -41.5773 1.0812
0 0 895 31.2315 3.48482 -25.7126 0.264183 -41.1409 1.18271
0 0 896 33.0039 2.91948 -30.4723 0.588509 -42.2637 1.00259
0 0 897 36.6774 3.88764 -30.4192 1.32641 -41.3585 1.00073
0 0 898 37.7252 3.09011 -34.3686 0.739306 -42.4311 0.889419
0 0 899 40.3171 2.34793 -35.812 0.976202 -43.1245 0.855208
0 0 900 41.4508 0.998367 -38.1495 0.09412 -44.2505 0.804282
0 0 901 48.5785 3.31768 -40.6615 0.748905 -42.6677 0.752313
0 0 902 48.6827 4.81219 -42.8853 0.0195372 -41.7988 0.711171
0 0 903 48.6465 2.17135 -42.3411 1.35561 -43.5322 0.723946
0 0 904 52.1948 1.70431 -47.8645 0.640798 -43.9804 0.640848
0 0 905 54.0631 1.38954 -45.0655 2.12362 -44.117 0.680761
0 0 906 52.4228 0.457504 -47.2522 0.30444 -44.7226 0.649541
0 0 907 53.8715 2.15699 -45.7785 -1.9573 -43.6512 0.669726
0 0 908 53.9175 1.95438 -43.9626 -0.233745 -43.7273 0.697476
0 0 909 54.8024 -0.294312 -43.8539 -0.92682 -45.1923 0.699892
0 0 910 53.5429 -0.00152397 -42.5587 -1.58771 -45.001 0.721209
0 0 911 54.9461 -1.11929 -41.2248 -2.00185 -45.7776 0.744265
0 0 912 55.5453 0.0228519 -40.4478 -0.299419 -44.9838 0.758847
0 0 913 57.1542 -2.46899 -41.795 -0.740907 -46.6904 0.733085
0 0 914 56.544 -1.20457 -37.7964 0.532028 -45.9127 0.81166
0 0 915 59.405 -1.27629 -38.8986 -0.0751114 -45.9396 0.788636
0 0 916 62.95 -2.71273 -37.9049 -1.97282 -47.0467 0.80765
0 0 917 67.9318 -2.78012 -38.6122 0.314722 -47.0591 0.792831
0 0 918 71.0177 -1.9341 -35.311 -2.05385 -46.5676 0.867913
0 0 919 75.6218 -2.90031 -35.5582 -1.78543 -47.3315 0.860286
0 0 920 82.1604 -3.16191 -31.6032 0.375534 -47.8567 0.966308
0 0 921 90.6398 -0.918922 -33.2648 -1.3241 -45.7912 0.922349
0 0 922 101.958 -2.13092 -32.775 -1.4821 -46.86 0.934486
0 0 923 112.788 -4.33985 -30.9545 -1.00118 -48.9904 0.981794
0 0 924 126.726 -0.661392 -22.9573 -0.154631 -45.8251 1.33643
0 0 925 140.189 -0.698685 -14.9759 -0.154758 -46.3356 2.04728
0 0 926 157.861 0.643921 -5.66609 2.90114 -41.7582 5.3818
0 0 927 182.001 1.06299 6.75372 3.92755 40.5277 4.48844
0 0 928 204.643 5.59899 22.1289 2.55858 37.9006 1.34392
0 0 929 235.061 9.92429 37.2091 1.89049 37.533 0.796542
0 0 930 269.202 13.5781 58.2456 3.13005 38.4389 0.512964
0 0 931 303.214 20.3238 80.9777 3.98086 37.9555 0.367434
0 0 932 343.404 28.7829 102.521 4.30359 37.1589 0.28805
0 0 933 377.423 35.5642 125.746 3.39157 37.1038 0.234719
0 0 934 408.635 42.405 146.658 2.36381 36.9366 0.200908
0 0 935 434.004 46.3297 163.358 2.11024 37.0831 0.180638
0 0 936 453.23 50.5756 175.574 1.36359 36.9653 0.167868
0 0 937 464.733 54.0658 182.71 0.50662 36.758 0.160966
0 0 938 467.392 56.5406 181.789 -0.233084 36.3616 0.161092
0 0 939 465.305 54.3521 178.336 1.17162 36.5251 0.164505
0 0 940 452.581 54.9154 167.627 0.449076 35.9305 0.173851
0 0 941 437.165 49.5903 156.76 2.98563 36.2228 0.186524
0 0 942 417.279 46.6456 140.849 2.50469 35.8382 0.20668
0 0 943 394.795 44.4367 123.844 2.30956 35.1307 0.233032
0 0 944 372.165 40.0024 110.326 1.56553 35.0351 0.261264
0 0 945 347.598 35.2463 93.7343 2.06937 34.6963 0.306149
0 0 946 326.857 31.3558 83.4234 1.80481 34.7003 0.344007
0 0 947 307.439 27.2759 69.7894 1.61744 34.3265 0.409126
0 0 948 288.126 24.4058 61.7787 4.36239 34.2217 0.461503
0 0 949 271.067 19.557 49.109 1.76064 34.1429 0.579922
0 0 950 256.304 16.859 42.6025 1.20239 34.205 0.669077
0 0 951 242.818 15.2261 34.0067 1.59677 32.9401 0.822499
0 0 952 229.02 12.8722 28.4969 1.6253 32.8455 0.980046
0 0 953 218.147 10.6058 22.7186 -0.0218723 32.4876 1.22218
0 0 954 208.094 9.21118 15.6877 2.53296 29.7901 1.68319
0 0 955 200.24 6.80501 12.5415 -0.386442 30.7578 2.14657
0 0 956 192.734 4.36797 10.4358 -0.10285 33.644 2.70936
0 0 957 184.639 3.10078 4.41954 0.443927 27.4731 5.66783
0 0 958 177.559 4.131 3.97765 -1.06438 21.9583 5.32642
0 0 959 172.538 2.9285 2.81036 -2.55196 21.9103 7.52555
0 0 960 166.815 -0.484055 -0.991343 -3.44949 0 0
0 0 961 162.091 1.63917 -0.081854 -2.33325 0 0
0 0 962 156.868 1.16641 -4.01684 -6.28925 -36.9039 7.33283
0 0 963 152.833 -1.70392 -6.25597 -3.45958 -52.618 4.73082
0 0 964 146.677 -0.688423 -5.30069 -7.63107 -48.6999 5.74139
0 0 965 142.278 -2.42432 -5.79109 -5.48334 -56.3578 4.88226
0 0 966 137.832 -1.69099 -6.85316 -6.86193 -51.9303 4.34603
0 0 967 132.276 -5.92158 -5.29728 -8.14922 -69.0925 3.8432
0 0 968 127.764 -5.36608 -7.17557 -8.28801 -63.3951 3.41417
0 0 969 124.231 -5.62336 -6.31006 -9.74861 -65.8533 3.61651
0 0 970 119.219 -5.74834 -7.25461 -8.83217 -64.1961 3.30421
0 0 971 114.724 -7.94734 -7.26855 -10.9888 -68.7772 2.83549
0 0 972 108.25 -6.1391 -5.69309 -9.66497 -68.5794 3.64764
0 0 973 102.612 -6.76749 -6.95118 -9.21636 -67.1165 3.14951
0 0 974 99.6711 -7.5849 -7.83375 -9.12247 -67.0377 2.80222
0 0 975 95.9361 -8.76263 -8.61779 -9.70659 -67.7387 2.48559
0 0 976 89.8638 -7.64784 -4.54263 -11.6569 -74.6454 3.42682
0 0 977 83.8914 -7.61677 -5.24159 -8.49369 -72.7328 3.29868
0 0 978 81.3047 -8.4523 -8.15618 -11.3589 -68.0107 2.60056
0 0 979 77.1441 -11.0737 -4.9722 -9.78518 -77.9097 2.50897
0 0 980 71.1709 -11.2726 -3.83434 -9.43929 -80.6072 2.55628
0 0 981 69.3704 -9.49476 -2.71327 -7.82723 -82.026 3.08148
0 0 982 64.948 -11.2549 -4.5766 -9.53076 -78.9359 2.50606
0 0 983 61.4939 -9.5971 -4.65431 -7.25855 -77.064 2.85596
0 0 984 57.7789 -13.3011 -3.64606 -7.10901 -82.3354 2.20621
0 0 985 53.3473 -8.91563 -6.58607 -7.1791 -71.7732 2.7524
0 0 986 51.069 -10.767 -4.03577 -9.97192 -79.7264 2.64754
0 0 987 49.7344 -14.4363 -2.69932 -8.17447 -84.7045 2.0711
0 0 988 45.8836 -9.4878 -2.47401 -8.31357 -82.6926 3.10307
0 0 989 44.136 -8.99264 -4.50856 -5.17461 -76.6863 3.02848
0 0 990 40.448 -10.8172 -4.99685 -5.57672 -77.603 2.55616
0 0 991 39.9973 -10.6409 -4.39862 -6.86194 -78.7707 2.64451
0 0 992 37.6559 -10.501 -2.75685 -4.90664 -82.645 2.80248
0 0 993 34.7742 -10.034 -3.55476 -6.65292 -80.2461 2.85948
0 0 994 33.5162 -9.43669 -2.38485 -5.87684 -82.9086 3.12581
0 0 995 31.2798 -9.28508 -3.75578 -3.75074 -78.9884 3.03995
0 0 996 29.2615 -8.10943 -2.38533 -3.24838 -81.8046 3.59996
0 0 997 26.215 -8.63014 -2.50664 -6.09137 -81.902 3.38606
0 0 998 27.2488 -7.87995 -3.77463 -2.65066 -77.2024 3.4863
0 0 999 26.3273 -7.85902 -2.55941 -3.25014 -80.9807 3.68227
0 0 1000 21.3762 -8.19664 -3.7348 -2.97739 -77.7518 3.38131
0 0 1001 21.9584 -8.46169 -3.78235 -1.12345 -77.9578 3.28587
0 0 1002 20.9117 -7.24676 -4.47318 0.0840368 -74.1572 3.57986
0 0 1003 18.5867 -8.47135 -2.50297 -2.31842 -81.7698 3.44495
0 0 1004 18.7959 -6.79639 -1.13069 -3.39426 -85.2772 4.41452
0 0 1005 18.1803 -6.15043 -2.79883 -0.503416 -77.7658 4.50723
0 0 1006 14.6238 -5.4695 -0.0811081 -1.23311 -89.5752 5.55885
0 0 1007 15.3534 -5.94282 -1.37766 -1.90304 -83.4741 4.98689
0 0 1008 16.0299 -5.63332 -2.82325 -1.09323 -76.6907 4.83481
0 0 1009 15.4395 -4.16344 -1.77566 -1.40284 -78.4512 6.72775
0 0 1010 12.586 -3.76076 -1.52804 -1.78953 -78.9438 7.50077
0 0 1011 13.3555 -4.1636 -3.56241 0.0681193 -69.7247 5.57131
0 0 1012 10.9599 -2.55352 -0.735864 0.36335 0 0
0 0 1013 10.7273 -2.52128 -0.254498 -1.47531 0 0
0 0 1014 8.90847 -3.04792 -1.40808 -0.599056 0 0
0 0 1015 8.99931 -1.09699 1.29605 -2.16821 0 0
0 0 1016 10.709 -3.02218 1.1137 -0.13279 0 0
0 0 1017 9.01259 -0.897548 -1.77672 -0.0855994 0 0
0 0 1018 6.95799 -2.81693 -0.206169 -1.27317 0 0
0 0 1019 8.01587 -2.09403 1.56107 -1.81423 0 0
0 0 1020 6.64803 -1.68684 1.05519 -1.12938 0 0
0 0 1021 7.79182 -3.38333 -0.0206406 -0.927714 0 0
0 0 1022 5.77974 0.777294 -1.55286 -0.219881 0 0
0 0 1023 7.11357 -0.0506258 -2.16754 0.594562 0 0
