# File: uwl_240108_220813_Combined.rf.sbE2.RMC_aux Src: J1713+0747 Nsub: 1 Nch: 1 Npol: 4 Nbin: 1024 RMS: 0.987781
0 0 0 1.92148 -0.444126 -0.128991 -1.68908 0 0
0 0 1 1.10278 1.42349 2.72915 0.51619 0 0
0 0 2 1.56176 -1.21945 0.383244 -0.701143 0 0
0 0 3 3.09401 1.61928 0.994829 -0.48946 0 0
0 0 4 2.13478 1.76804 -0.0140662 0.153308 0 0
0 0 5 3.0105 -1.63761 0.508546 -1.51768 0 0
0 0 6 3.1215 -1.0646 -0.62442 0.725663 0 0
0 0 7 1.8449 -0.220571 0.976871 -0.25845 0 0
0 0 8 3.25843 0.322922 -0.68952 -0.432102 0 0
0 0 9 1.66471 0.297906 -0.6818 1.12987 0 0
0 0 10 2.57443 -1.07241 -0.410627 -1.97272 0 0
0 0 11 2.88743 -0.80821 -1.26123 1.68288 0 0
0 0 12 2.88396 0.153039 0.537552 -0.27307 0 0
0 0 13 1.19684 -2.03174 1.06916 -1.46213 0 0
0 0 14 0.968286 0.838568 -0.458564 -0.397915 0 0
0 0 15 -0.506064 -0.414889 -0.295365 -0.0795829 0 0
0 0 16 1.04398 0.512099 1.06256 -0.584208 0 0
0 0 17 0.957916 -1.63459 -0.0937704 -2.00732 0 0
0 0 18 1.75439 1.05244 1.3104 -0.505204 0 0
0 0 19 0.0525585 -2.23675 0.90454 -1.71042 0 0
0 0 20 1.40411 1.17561 1.78022 -1.26663 0 0
0 0 21 2.38969 0.211999 0.605461 0.688384 0 0
0 0 22 0.783123 0.729627 1.82301 0.237729 0 0
0 0 23 1.93448 -1.1928 0.979347 -0.132579 0 0
0 0 24 3.21179 -0.26684 1.45089 1.52139 0 0
0 0 25 1.45263 0.279108 1.11045 0.684104 0 0
0 0 26 2.32499 0.657697 2.41166 -0.383231 0 0
0 0 27 2.85124 -0.657446 2.18748 -0.6018 0 0
0 0 28 0.858096 1.09511 1.26763 -1.14418 0 0
0 0 29 -0.497471 -1.02584 1.8 -0.30498 0 0
0 0 30 0.634032 0.325874 2.57496 1.52983 0 0
0 0 31 1.53639 -0.952418 2.26827 1.54686 0 0
0 0 32 3.22973 1.39818 1.1523 -1.63312 0 0
0 0 33 1.75876 -1.73141 1.8203 1.31669 0 0
0 0 34 3.19968 -1.66643 1.07813 -0.691551 0 0
0 0 35 0.949359 -0.679205 1.47036 1.27292 0 0
0 0 36 2.04456 -0.920465 3.35584 -1.50968 52.6691 7.98582
0 0 37 5.10012 -1.08167 2.7821 -2.32211 0 0
0 0 38 1.24644 -1.2502 0.704077 0.990752 0 0
0 0 39 4.87095 -1.13843 2.91378 -0.204441 0 0
0 0 40 4.25278 -2.6031 3.5107 0.551193 63.278 6.61858
0 0 41 4.52557 0.55884 2.961 -0.994658 0 0
0 0 42 1.5838 -1.13884 2.68318 1.51147 0 0
0 0 43 2.01078 0.15168 3.06241 -2.16367 0 0
0 0 44 2.1082 -1.86741 1.45343 -0.60321 0 0
0 0 45 2.19963 -0.985937 3.2696 3.03782 0 0
0 0 46 5.07943 0.279139 3.36754 -1.54782 0 0
0 0 47 1.8158 -1.24977 3.6556 0.148752 54.4372 7.22951
0 0 48 3.06403 -1.12385 1.69062 -1.52002 0 0
0 0 49 3.66114 -0.534934 0.732128 -0.930706 0 0
0 0 50 0.989262 -0.806233 2.17122 1.13406 0 0
0 0 51 2.20024 -2.03527 1.71153 -0.917504 0 0
0 0 52 3.06649 -2.47287 4.37554 0.770671 59.7367 5.66693
0 0 53 1.53364 -0.996816 2.02213 -0.802116 0 0
0 0 54 4.03392 -0.919776 4.23557 -0.607099 51.1259 6.38793
0 0 55 0.681707 -0.951932 4.02085 0.238293 51.6597 6.70863
0 0 56 3.45862 -1.49795 1.99745 1.19154 0 0
0 0 57 1.48332 -1.34143 0.627373 -0.485216 0 0
0 0 58 2.14752 -0.773439 2.45262 -0.3039 0 0
0 0 59 0.894911 -0.919539 2.70934 1.88579 0 0
0 0 60 0.751387 -0.179943 2.7791 1.07591 0 0
0 0 61 4.16152 -2.33711 -0.57391 0.351218 0 0
0 0 62 2.50971 -1.9228 0.322733 -0.858374 0 0
0 0 63 1.6372 -0.845846 -1.0303 -0.362938 0 0
0 0 64 1.56782 -0.666017 -0.599688 0.234065 0 0
0 0 65 0.461476 0.214379 0.341588 0.302933 0 0
0 0 66 2.76852 0.769544 1.04359 -0.0971144 0 0
0 0 67 -0.382111 -1.40472 0.196483 -1.77133 0 0
0 0 68 2.44971 0.604359 -0.253247 0.513821 0 0
0 0 69 -1.09844 -1.72178 1.3439 -1.33504 0 0
0 0 70 1.33594 -1.71043 -0.0687675 1.74202 0 0
0 0 71 0.251248 -0.222642 -0.687242 -1.33296 0 0
0 0 72 1.38523 -2.69461 0.839892 -1.52418 0 0
0 0 73 1.91185 0.682084 2.38544 -0.0999039 0 0
0 0 74 2.57828 -1.70677 0.802163 1.16854 0 0
0 0 75 2.34021 0.528996 -0.602151 -1.51082 0 0
0 0 76 -1.73827 -0.266742 -0.704501 1.23317 0 0
0 0 77 -1.12135 -0.150808 0.104488 0.238677 0 0
0 0 78 2.30106 -0.988523 0.680862 -0.24832 0 0
0 0 79 0.555948 -1.62282 2.36415 0.509856 0 0
0 0 80 -0.292205 -1.60538 3.42119 0.759071 57.5691 7.47149
0 0 81 -0.834816 -1.12105 -2.05746 -1.27051 0 0
0 0 82 0.412639 -0.385813 0.293398 1.5557 0 0
0 0 83 1.43233 -0.211726 -1.81465 -0.177227 0 0
0 0 84 0.1266 0.986129 0.00843302 -0.255444 0 0
0 0 85 -0.741754 -0.759562 -1.98174 2.85593 0 0
0 0 86 -0.518896 -1.92357 0.307013 -1.02588 0 0
0 0 87 0.289688 2.55262 -0.978976 -0.925431 0 0
0 0 88 0.0828248 -1.42084 -1.81301 -0.652269 0 0
0 0 89 1.1262 -0.0889441 0.744703 -0.812707 0 0
0 0 90 0.226069 -0.307021 -0.136887 0.286232 0 0
0 0 91 0.300751 0.13602 0.203049 0.23401 0 0
0 0 92 1.03914 0.59532 -2.45189 1.71295 0 0
0 0 93 -2.20571 -1.01397 0.698046 -0.436879 0 0
0 0 94 0.645887 0.565393 -1.09921 -0.47995 0 0
0 0 95 1.74657 1.48769 -0.187126 1.4193 0 0
0 0 96 2.41943 -0.616474 0.068728 0.256095 0 0
0 0 97 0.36785 -1.37869 -0.209279 0.996222 0 0
0 0 98 -0.690638 -1.96726 -0.265812 -0.330136 0 0
0 0 99 1.11057 -0.748834 1.11252 0.655372 0 0
0 0 100 -1.64811 1.26966 1.69721 -0.864332 0 0
0 0 101 -0.421494 0.333283 -0.2068 0.271058 0 0
0 0 102 0.300612 -1.34221 -2.47898 -0.956287 0 0
0 0 103 1.47277 -0.324767 -0.76354 1.22254 0 0
0 0 104 0.556585 -0.029851 0.322398 0.4231 0 0
0 0 105 0.382042 -0.650795 -1.26919 2.95872 0 0
0 0 106 -1.56408 0.260151 -0.532357 -0.206906 0 0
0 0 107 -1.04732 -0.990891 -0.508259 1.85699 0 0
0 0 108 0.794749 -0.200135 -3.54481 -0.966536 -46.6157 7.74982
0 0 109 -0.331025 1.00372 0.348807 0.0948984 0 0
0 0 110 0.91858 -0.673323 0.272904 0.28986 0 0
0 0 111 0.3008 -0.246522 -0.488311 1.23184 0 0
0 0 112 0.587307 -0.444517 2.19366 1.91536 0 0
0 0 113 -0.131467 -2.32479 -0.819835 1.17388 0 0
0 0 114 -0.344172 -0.941808 1.26162 0.0793493 0 0
0 0 115 2.17154 -1.66818 -1.82317 0.42901 0 0
0 0 116 -0.491008 0.0604787 -0.0781167 -1.16729 0 0
0 0 117 0.353828 -0.120864 0.780941 -0.0280073 0 0
0 0 118 -0.652508 1.39707 -0.189173 -0.485749 0 0
0 0 119 -0.589372 1.02523 0.379824 -1.35739 0 0
0 0 120 -0.543157 0.505127 -1.26282 0.859756 0 0
0 0 121 -1.5295 -1.25233 -0.211246 -0.649033 0 0
0 0 122 -1.03018 -0.555347 -0.54488 -1.05548 0 0
0 0 123 3.58018 0.430772 -0.491389 -1.53317 0 0
0 0 124 -0.801265 -0.342185 0.0307618 1.86449 0 0
0 0 125 -0.726386 0.494229 0.886879 -1.33054 0 0
0 0 126 -0.0460162 1.02875 0.834494 -0.629398 0 0
0 0 127 0.68989 -0.906107 -1.16875 -2.99209 0 0
0 0 128 -0.114308 -1.14729 -0.778163 -0.371796 0 0
0 0 129 0.54892 0.567373 -0.280173 -0.783494 0 0
0 0 130 -1.73122 -1.39057 -0.932993 -1.8776 0 0
0 0 131 1.88392 0.536653 0.124109 0.556462 0 0
0 0 132 -1.23163 0.290084 2.07893 1.65625 0 0
0 0 133 -0.139192 3.0439 0.212096 -1.64627 0 0
0 0 134 -0.160933 -0.291295 0.543806 -2.09886 0 0
0 0 135 -1.56043 1.64143 -1.02513 -0.175702 0 0
0 0 136 -2.53553 -0.851251 0.839409 0.854076 0 0
0 0 137 -0.6999 -0.319296 -0.841187 2.06691 0 0
0 0 138 1.35782 -1.0895 -0.535994 -0.573443 0 0
0 0 139 0.378713 -0.389378 0.729512 2.9171 0 0
0 0 140 0.591941 -0.0426829 -0.356216 1.06762 0 0
0 0 141 -0.00726002 0.199474 0.405354 0.105286 0 0
0 0 142 0.519271 0.677769 2.76713 1.48812 0 0
0 0 143 -0.31499 0.034841 -0.0794586 -1.47366 0 0
0 0 144 -0.496119 -1.08093 -0.676897 0.53555 0 0
0 0 145 -0.453105 -2.0946 -0.711586 0.227325 0 0
0 0 146 -0.35091 2.55425 -2.32553 -0.609765 0 0
0 0 147 -1.04676 2.19479 -0.741332 0.21759 0 0
0 0 148 0.188373 1.59582 -1.27196 1.3175 0 0
0 0 149 0.1118 0.169582 -1.00307 0.475565 0 0
0 0 150 -0.964799 -0.588416 -2.0897 -1.70866 0 0
0 0 151 -0.0191043 -0.34603 0.762124 0.118559 0 0
0 0 152 -0.465186 -0.673492 1.14407 -1.20101 0 0
0 0 153 3.15435 0.234038 1.82046 -0.398175 0 0
0 0 154 1.24736 0.0382025 -0.758377 -1.10223 0 0
0 0 155 -0.638834 0.83239 -0.741957 -1.83033 0 0
0 0 156 -0.351958 0.0597644 0.10072 0.854811 0 0
0 0 157 -1.11347 -0.681532 -1.7421 0.401599 0 0
0 0 158 -0.47614 -0.614697 0.805852 -1.08697 0 0
0 0 159 -0.716806 -0.11689 1.17789 -0.499142 0 0
0 0 160 0.24752 -0.149311 1.97109 0.188138 0 0
0 0 161 -0.137546 0.575447 2.04973 -0.524229 0 0
0 0 162 -0.833473 -0.438251 1.00845 -0.0504738 0 0
0 0 163 -0.123881 -0.357262 -2.04429 0.311632 0 0
0 0 164 -0.507991 0.785867 -0.0261089 -1.37447 0 0
0 0 165 -0.547951 0.105107 1.62671 1.41008 0 0
0 0 166 -0.218332 -2.83007 -0.0651593 -1.27089 0 0
0 0 167 -0.31501 2.94319 2.16902 0.338033 18.1944 8.21994
0 0 168 -1.54139 0.22976 0.793698 0.147431 0 0
0 0 169 -1.03693 -0.793967 1.07671 0.390944 0 0
0 0 170 0.437693 -0.348219 -0.0752117 -0.499454 0 0
0 0 171 -0.824278 1.01111 1.2272 -0.95559 0 0
0 0 172 -0.37635 1.16359 -0.845244 1.0268 0 0
0 0 173 -0.423722 -0.896584 -0.886012 -1.18028 0 0
0 0 174 2.05214 0.746645 0.496299 2.39107 0 0
0 0 175 -1.40112 1.61593 1.13077 -0.300518 0 0
0 0 176 0.450782 0.900116 1.25647 0.665143 0 0
0 0 177 0.57785 -0.0537869 0.103076 1.20962 0 0
0 0 178 -1.99177 -1.50525 -0.180201 0.487891 0 0
0 0 179 -0.0205345 -0.644245 0.474991 -0.820405 0 0
0 0 180 0.630995 1.11612 -1.57757 0.513052 0 0
0 0 181 0.97357 -1.07328 -1.58262 1.29033 0 0
0 0 182 0.52142 2.00686 -0.386462 0.222928 0 0
0 0 183 0.179559 -1.40336 0.39891 -2.13187 0 0
0 0 184 -1.1905 -2.28114 0.127976 -0.0929062 0 0
0 0 185 2.73007 1.33469 -1.76339 -2.11875 0 0
0 0 186 -0.156511 0.64036 1.11124 0.673586 0 0
0 0 187 0.492198 1.28207 0.149273 0.719291 0 0
0 0 188 1.31946 1.36045 0.383263 0.537254 0 0
0 0 189 1.86807 -0.748933 0.5692 0.180086 0 0
0 0 190 -0.20124 0.6099 -0.191253 1.77337 0 0
0 0 191 -1.17478 1.0731 1.06239 0.000280239 0 0
0 0 192 0.569106 0.165367 0.256267 0.863469 0 0
0 0 193 -0.712225 -0.328687 -0.927422 0.725592 0 0
0 0 194 -0.662315 1.55481 0.524062 -0.501178 0 0
0 0 195 -0.291965 0.297355 0.379124 -1.47025 0 0
0 0 196 0.574344 -0.760008 0.440688 -1.12286 0 0
0 0 197 0.683656 0.760079 -0.327905 0.16607 0 0
0 0 198 -0.32197 0.322908 1.02608 -1.15623 0 0
0 0 199 1.20093 -1.04518 0.647191 0.758144 0 0
0 0 200 0.816251 -1.82881 0.260254 1.13655 0 0
0 0 201 1.12717 -0.269081 -1.12808 0.508233 0 0
0 0 202 0.00200421 -1.08832 0.55505 -0.228818 0 0
0 0 203 0.884872 0.331235 0.0381242 1.17371 0 0
0 0 204 -0.992697 -0.489869 0.399162 0.361008 0 0
0 0 205 0.848222 -0.448593 0.0410913 -0.356164 0 0
0 0 206 1.29319 1.89773 0.622583 0.15383 0 0
0 0 207 -1.96001 -0.390204 -0.597774 2.05226 0 0
0 0 208 0.863857 -0.478769 0.657523 1.36417 0 0
0 0 209 -0.42407 -1.02725 -1.31498 0.0306241 0 0
0 0 210 1.92818 -0.578854 0.811912 -0.724726 0 0
0 0 211 1.05451 0.377363 -0.467508 0.306593 0 0
0 0 212 -0.238436 0.107445 2.22658 0.686752 0 0
0 0 213 -1.19735 -0.491058 -0.213335 1.0269 0 0
0 0 214 -0.352422 1.33782 -1.16614 -0.102252 0 0
0 0 215 0.534138 0.175802 1.0594 -1.6371 0 0
0 0 216 2.0565 -0.329596 -0.744933 0.430285 0 0
0 0 217 1.71253 -2.12956 0.134034 1.24853 0 0
0 0 218 0.904357 0.764851 -0.626817 -0.924902 0 0
0 0 219 0.375384 -1.5219 -1.11244 3.82747 0 0
0 0 220 -0.840576 -0.808146 0.0319501 -1.47844 0 0
0 0 221 1.2008 -1.03569 0.811974 -2.63426 0 0
0 0 222 1.85273 -2.51774 -0.5867 0.412255 0 0
0 0 223 -2.65744 0.290488 1.34205 -0.287579 0 0
0 0 224 -0.107988 1.15117 0.469242 0.0298727 0 0
0 0 225 -0.847472 1.6101 -1.37853 -1.11856 0 0
0 0 226 0.387497 0.362313 2.4923 -0.600257 0 0
0 0 227 0.348787 -0.385877 -0.885472 0.740023 0 0
0 0 228 0.0775741 2.4141 1.3976 0.195245 0 0
0 0 229 0.0962449 -0.78311 0.00902964 -0.512783 0 0
0 0 230 -0.411875 -0.869062 0.876733 0.632182 0 0
0 0 231 -0.980932 0.133082 -0.15466 -0.742177 0 0
0 0 232 0.524513 -1.3239 0.0519154 0.635546 0 0
0 0 233 -1.34802 0.265431 0.19827 -0.181518 0 0
0 0 234 1.18763 1.74278 -0.409912 0.0514768 0 0
0 0 235 0.688796 1.08613 0.324683 0.377894 0 0
0 0 236 -1.32708 -0.181025 1.56111 0.507014 0 0
0 0 237 2.03605 0.628441 1.28044 -0.164426 0 0
0 0 238 1.34655 1.16784 -0.574038 -1.24152 0 0
0 0 239 -1.9468 -1.21875 0.150456 -0.183635 0 0
0 0 240 0.228084 0.136499 -1.65013 0.467062 0 0
0 0 241 0.0389677 -1.90002 0.629722 1.78877 0 0
0 0 242 1.92015 -0.24641 -0.575055 -0.56519 0 0
0 0 243 0.281538 1.23428 -1.26573 -0.656218 0 0
0 0 244 1.44573 -1.45598 -0.428239 -0.383239 0 0
0 0 245 1.40247 -0.528524 0.930205 -1.61996 0 0
0 0 246 -1.6988 0.703054 -0.945086 0.198255 0 0
0 0 247 -0.471987 -0.101733 -1.22362 1.5135 0 0
0 0 248 2.46593 -0.203719 -0.742479 -0.389822 0 0
0 0 249 1.08205 0.252086 -0.412028 -1.5577 0 0
0 0 250 1.9656 0.490094 1.79316 -1.82415 0 0
0 0 251 0.108799 1.87012 -1.11503 0.0966916 0 0
0 0 252 2.05851 2.24017 0.0428259 -0.197742 0 0
0 0 253 -0.424946 0.510693 0.909926 0.108599 0 0
0 0 254 -1.94333 -0.540363 0.188846 0.096658 0 0
0 0 255 -0.118103 0.484614 -0.104648 1.18895 0 0
0 0 256 -0.564958 0.210836 -1.62404 -0.741796 0 0
0 0 257 1.12677 0.570628 1.59473 2.51432 0 0
0 0 258 1.07689 0.449073 -1.14076 1.43476 0 0
0 0 259 1.51816 0.199353 -0.826032 0.438744 0 0
0 0 260 0.907983 -0.191876 -1.14943 -0.233139 0 0
0 0 261 -0.278332 1.31787 -0.40903 1.59654 0 0
0 0 262 -0.522485 -0.634052 -0.513963 -1.76902 0 0
0 0 263 0.841456 -1.06017 0.610547 0.125567 0 0
0 0 264 1.24718 0.79888 0.535346 1.56554 0 0
0 0 265 -1.31006 2.88224 1.13432 -0.144738 0 0
0 0 266 0.891661 -1.48101 0.165803 1.61727 0 0
0 0 267 -0.540341 1.47397 0.814675 0.110209 0 0
0 0 268 -1.17176 1.00547 2.00237 -0.0522701 0 0
0 0 269 2.31224 0.776156 0.144997 -0.0830098 0 0
0 0 270 -0.67758 3.18071 1.89484 1.07422 15.3917 8.20837
0 0 271 0.50679 -1.28102 0.372173 1.37681 0 0
0 0 272 2.006 -0.17169 0.72969 2.27991 0 0
0 0 273 -0.220033 1.17624 -0.423 -0.459375 0 0
0 0 274 1.64435 -0.0710667 2.22786 -0.792671 0 0
0 0 275 0.598105 -1.00081 1.24568 -0.931775 0 0
0 0 276 1.3042 -0.0623454 1.84246 -1.61064 0 0
0 0 277 2.60395 -0.957877 -1.12689 1.55301 0 0
0 0 278 0.777186 -0.95047 -0.564708 -0.325814 0 0
0 0 279 -0.329609 0.0112713 -0.927795 0.122686 0 0
0 0 280 0.120006 0.358936 -0.421117 0.589514 0 0
0 0 281 0.713172 0.182609 -0.298441 0.304752 0 0
0 0 282 1.11996 -0.178535 2.12518 1.31161 0 0
0 0 283 1.34732 0.102468 -0.451975 -0.119008 0 0
0 0 284 1.34872 -1.05599 0.958697 0.443177 0 0
0 0 285 1.65324 0.873658 -1.44996 0.242751 0 0
0 0 286 0.95664 0.527993 -0.81719 0.0388544 0 0
0 0 287 -0.234825 -1.47033 0.460212 0.000838689 0 0
0 0 288 1.10099 2.01706 -0.413727 -0.208885 0 0
0 0 289 1.82279 -0.324931 -2.42023 0.189531 0 0
0 0 290 -0.563022 -0.136518 -0.681972 1.30501 0 0
0 0 291 -0.386694 0.942584 -0.490287 -2.76884 0 0
0 0 292 0.0955877 0.221 -1.77643 -0.520423 0 0
0 0 293 -1.31311 -0.0870922 1.1438 1.51151 0 0
0 0 294 2.55707 -1.31179 -0.377745 0.393155 0 0
0 0 295 1.73723 -1.19808 3.2803 -1.24958 55.032 8.01284
0 0 296 -0.161397 0.62309 0.248653 -0.301238 0 0
0 0 297 2.23405 -0.666934 -2.44939 -0.390058 0 0
0 0 298 -0.440072 -0.528593 0.0271676 2.95423 0 0
0 0 299 0.847883 -0.777407 0.27704 0.185459 0 0
0 0 300 2.002 -1.18097 1.8144 -0.805192 0 0
0 0 301 -1.79875 -0.68038 1.69905 1.71768 0 0
0 0 302 0.16417 1.06693 0.0290199 -0.298619 0 0
0 0 303 -0.645536 1.09291 -0.681312 0.305468 0 0
0 0 304 -0.938904 0.0331756 -2.56406 -0.968718 0 0
0 0 305 0.381759 -0.0192063 -1.22117 -0.391773 0 0
0 0 306 1.77704 0.249555 1.07423 -0.030504 0 0
0 0 307 0.74265 1.65454 1.18086 -1.15744 0 0
0 0 308 -1.36486 0.886971 0.966888 -0.8193 0 0
0 0 309 0.0575834 0.564406 1.39638 -1.44542 0 0
0 0 310 -0.630361 0.160724 1.09057 -0.933322 0 0
0 0 311 0.909774 0.476659 -0.686634 0.896758 0 0
0 0 312 1.31743 -0.045213 -1.22808 0.125501 0 0
0 0 313 -0.837447 -1.12259 0.0297878 1.28443 0 0
0 0 314 -0.0278406 1.44581 -0.39634 -1.76576 0 0
0 0 315 0.307981 1.04365 0.636389 1.02743 0 0
0 0 316 0.650672 1.81034 0.348908 -0.51134 0 0
0 0 317 -1.50848 -0.462624 1.06917 -0.622845 0 0
0 0 318 -1.83633 0.318828 1.85341 1.24124 0 0
0 0 319 -1.17707 0.728374 -0.316586 -0.886828 0 0
0 0 320 -0.33435 -0.587206 -0.198111 2.12045 0 0
0 0 321 1.79189 1.19296 0.400078 0.137862 0 0
0 0 322 -0.873295 -0.192592 1.63652 0.603082 0 0
0 0 323 -1.8138 0.980192 0.74194 -0.59919 0 0
0 0 324 -0.379176 1.65723 0.735131 -0.740686 0 0
0 0 325 1.59628 1.07791 0.578135 -0.670935 0 0
0 0 326 -0.498775 -0.678156 -0.203965 0.543305 0 0
0 0 327 -0.973119 -1.66196 0.0699596 0.337758 0 0
0 0 328 1.95613 0.50963 0.389401 -2.85606 0 0
0 0 329 0.100969 0.523001 0.222846 -0.122932 0 0
0 0 330 -1.90327 -0.0569276 1.64691 -0.755707 0 0
0 0 331 0.17321 1.54024 -1.69602 0.0937579 0 0
0 0 332 2.43374 2.21007 0.749267 0.667758 0 0
0 0 333 0.29711 -1.54484 2.09539 0.446902 0 0
0 0 334 -0.735746 -1.99241 0.604592 -0.566214 0 0
0 0 335 1.57521 0.473485 1.37467 1.27337 0 0
0 0 336 0.0370587 3.25637 1.1024 1.77625 0 0
0 0 337 0.357808 -1.04914 1.98375 -0.436392 0 0
0 0 338 -1.00176 1.6068 1.78521 -1.10556 0 0
0 0 339 -1.73971 0.223783 0.684443 0.890689 0 0
0 0 340 0.317225 0.26932 1.04287 0.0885615 0 0
0 0 341 3.70022 0.608502 0.0144111 -0.334441 0 0
0 0 342 -0.0074349 1.11695 -1.27997 -0.991413 0 0
0 0 343 1.31581 0.210992 1.24192 -0.80504 0 0
0 0 344 -0.903736 -0.608396 3.0406 0.254696 0 0
0 0 345 0.928665 -2.03671 -0.164581 0.232087 0 0
0 0 346 1.70168 -0.658473 -0.311068 2.12684 0 0
0 0 347 -0.610331 0.266845 0.529928 -0.409545 0 0
0 0 348 2.22396 1.42917 -0.368226 1.03632 0 0
0 0 349 1.4109 -0.114913 0.371722 0.104415 0 0
0 0 350 -0.358149 0.920706 0.496379 1.26313 0 0
0 0 351 0.27327 -0.645773 -0.897963 -0.824407 0 0
0 0 352 0.00436842 -0.743191 0.905435 0.644477 0 0
0 0 353 -0.396333 -0.51361 -0.51533 -1.48021 0 0
0 0 354 -1.38023 0.929496 0.0717632 0.58944 0 0
0 0 355 -1.257 -0.750526 1.36878 -0.473778 0 0
0 0 356 0.913103 1.26329 -1.16355 -2.11356 0 0
0 0 357 1.07584 0.65724 0.848504 -0.255737 0 0
0 0 358 -0.182796 1.19496 2.50111 0.621863 0 0
0 0 359 -0.969473 0.0357559 1.04431 -0.820463 0 0
0 0 360 2.84777 -0.589588 2.94186 -0.588421 0 0
0 0 361 -2.01923 -0.658481 -0.911041 1.40448 0 0
0 0 362 0.266599 0.293681 0.112816 1.84552 0 0
0 0 363 -0.968211 0.0335842 2.79295 -0.729038 0 0
0 0 364 -0.223655 -0.0337264 0.923862 2.90762 0 0
0 0 365 -0.270974 -0.54941 0.805603 -0.392682 0 0
0 0 366 2.09494 1.4423 0.667866 -0.291837 0 0
0 0 367 -0.939528 0.800894 0.174053 -0.832466 0 0
0 0 368 -0.328251 -0.902404 1.51786 2.77246 0 0
0 0 369 0.508954 0.105568 -0.0660338 -0.546806 0 0
0 0 370 -0.192177 -0.274067 -2.08139 0.275949 0 0
0 0 371 -1.3778 -0.958346 -0.992113 -0.731817 0 0
0 0 372 0.262134 -0.982942 -1.68069 1.48446 0 0
0 0 373 1.47706 2.95489 -0.901838 -0.113329 0 0
0 0 374 -0.896808 1.05207 -1.09076 1.66081 0 0
0 0 375 -0.834117 0.0250827 0.974874 -0.771834 0 0
0 0 376 -0.394259 -0.538973 0.469981 -1.50587 0 0
0 0 377 0.31917 -1.36889 0.0490322 1.0225 0 0
0 0 378 -0.135755 2.05265 0.367372 1.67858 0 0
0 0 379 -2.41074 0.901134 -0.697429 0.320018 0 0
0 0 380 -1.17828 -0.435329 -0.442611 0.922274 0 0
0 0 381 1.67266 -0.0658172 -2.41208 0.201767 0 0
0 0 382 -1.18089 -1.15914 -1.75661 -0.437814 0 0
0 0 383 1.99578 -0.0818996 -1.96031 1.55909 0 0
0 0 384 -0.0337903 1.22192 1.32777 0.832153 0 0
0 0 385 0.811803 -0.159667 0.579674 -0.838924 0 0
0 0 386 -0.992277 -0.555086 -1.38865 0.149682 0 0
0 0 387 1.61728 -1.02961 -1.42699 0.740481 0 0
0 0 388 -0.161141 -0.0253493 -1.9889 -0.478966 0 0
0 0 389 1.46991 -0.372732 -0.499449 0.212028 0 0
0 0 390 -0.280346 -1.81014 -0.194742 -0.389661 0 0
0 0 391 1.85928 0.290963 0.196742 0.125735 0 0
0 0 392 -0.834244 0.127154 1.72017 0.779566 0 0
0 0 393 -1.15503 -1.40207 0.0705003 2.04201 0 0
0 0 394 1.28869 -0.567907 -0.402584 0.550673 0 0
0 0 395 0.919295 -0.322984 1.13906 0.950883 0 0
0 0 396 1.98083 0.0534589 0.138183 -1.66996 0 0
0 0 397 1.8141 -1.38455 -1.30908 -0.683673 0 0
0 0 398 -0.268648 -1.22786 -1.86516 0.090851 0 0
0 0 399 1.77175 0.238853 1.20227 -1.05473 0 0
0 0 400 0.552384 1.49861 1.30613 -0.974822 0 0
0 0 401 0.77283 0.12889 1.04241 1.38604 0 0
0 0 402 -0.254203 0.663771 1.52706 -0.1386 0 0
0 0 403 -1.51816 -0.546542 -1.43025 -0.776113 0 0
0 0 404 -1.19036 -0.476755 -1.81498 0.261225 0 0
0 0 405 0.395557 0.433575 0.294873 -1.06019 0 0
0 0 406 0.00859255 1.286 -1.41851 0.88399 0 0
0 0 407 0.982425 0.166187 0.977649 0.496748 0 0
0 0 408 -0.422155 0.383279 -0.148754 0.509384 0 0
0 0 409 -0.421911 0.0337956 -1.72768 -0.423684 0 0
0 0 410 0.776618 0.851759 0.18573 0.720179 0 0
0 0 411 0.658519 -0.0762939 1.08422 0.298568 0 0
0 0 412 -1.05824 -0.0497148 0.179972 -0.629381 0 0
0 0 413 1.49492 -0.187696 -0.965668 -0.611508 0 0
0 0 414 -0.979751 0.0775743 0.726945 1.19836 0 0
0 0 415 0.346444 -0.279835 0.952789 -0.929843 0 0
0 0 416 -0.652877 -1.58687 -0.98951 1.18793 0 0
0 0 417 -0.817579 -0.771249 -1.94812 0.00351596 0 0
0 0 418 0.584009 0.54685 -0.362817 -0.48564 0 0
0 0 419 -1.08817 -1.70762 -0.0496963 0.204408 0 0
0 0 420 -0.152263 -0.750661 0.628732 0.811945 0 0
0 0 421 0.166587 -0.501577 -0.449589 -2.95855 0 0
0 0 422 -0.415728 -1.39856 0.363455 -1.18795 0 0
0 0 423 0.580658 -0.87828 -0.927244 0.650365 0 0
0 0 424 0.350866 1.22005 -0.717356 1.86724 0 0
0 0 425 -0.201794 0.664778 -2.23199 1.20579 0 0
0 0 426 -1.19934 2.27605 0.84606 0.0688233 0 0
0 0 427 0.563969 0.627046 0.610048 0.195424 0 0
0 0 428 -0.552934 -0.073794 -1.07648 -0.00398073 0 0
0 0 429 -0.85674 1.56052 -0.748996 0.114503 0 0
0 0 430 -0.391198 -1.02558 -2.06631 -1.30865 0 0
0 0 431 -0.0610828 -2.28397 -2.48931 1.12342 0 0
0 0 432 0.264166 1.34607 1.0075 -0.985483 0 0
0 0 433 1.15965 0.699279 -0.618617 1.95666 0 0
0 0 434 0.645134 1.25105 -0.578316 0.00941807 0 0
0 0 435 -0.785669 -2.52201 -0.574548 -1.56019 0 0
0 0 436 -0.402978 0.796847 -0.882811 0.750286 0 0
0 0 437 1.02535 -0.949549 1.65391 -1.06203 0 0
0 0 438 -1.51621 0.266599 -0.978594 0.0269943 0 0
0 0 439 -0.347842 -1.14983 -0.587629 1.0787 0 0
0 0 440 -0.735057 -0.685458 -1.6766 -0.90235 0 0
0 0 441 -0.415148 -0.108398 -0.631902 -0.438039 0 0
0 0 442 -0.654555 1.1159 0.624617 -0.429068 0 0
0 0 443 -0.216338 0.34389 1.62802 -0.44771 0 0
0 0 444 -0.548041 -0.286458 0.555144 0.576262 0 0
0 0 445 -0.21707 2.14073 -1.31873 0.837285 0 0
0 0 446 -1.09738 1.87055 2.46946 0.804901 0 0
0 0 447 -1.89212 -1.10618 -0.225033 0.9507 0 0
0 0 448 -0.128056 0.342362 -0.182554 -0.503998 0 0
0 0 449 1.11778 0.217632 1.87713 -0.313128 0 0
0 0 450 1.75638 0.871732 -1.05381 -0.953375 0 0
0 0 451 1.00933 0.31261 0.398049 -0.907021 0 0
0 0 452 0.479998 -0.994637 -0.531809 -0.217027 0 0
0 0 453 1.55586 -0.378111 -1.51546 -1.06609 0 0
0 0 454 -0.441387 0.560826 1.758 1.3054 0 0
0 0 455 -1.20372 -0.965924 0.414085 -0.589066 0 0
0 0 456 -0.607352 -1.26906 -0.255885 -0.153068 0 0
0 0 457 0.919365 -0.207584 0.367256 -0.470529 0 0
0 0 458 -0.763653 0.284483 1.49564 1.00982 0 0
0 0 459 -0.947778 -0.629153 -0.769015 -1.44072 0 0
0 0 460 -1.57569 -0.899619 0.798518 0.0427123 0 0
0 0 461 -0.452686 0.180265 -0.531113 1.69722 0 0
0 0 462 0.358635 -0.0216553 0.819585 1.5177 0 0
0 0 463 1.3157 -1.09351 0.327519 0.238928 0 0
0 0 464 0.781696 -1.86055 -0.973254 0.612323 0 0
0 0 465 -0.156419 0.910504 1.50296 -0.761838 0 0
0 0 466 -0.0379128 0.123484 0.765785 -0.505752 0 0
0 0 467 -0.147346 -0.844491 -1.79475 0.375279 0 0
0 0 468 0.75372 0.0224337 0.319895 -2.2433 0 0
0 0 469 1.53437 -0.0634153 -0.628297 1.1239 0 0
0 0 470 -0.553665 -1.00401 0.224961 -0.639943 0 0
0 0 471 0.490983 -1.39937 0.103601 -0.572 0 0
0 0 472 -1.45996 0.0339347 0.312726 -0.708948 0 0
0 0 473 1.59751 -0.226364 1.29869 2.72604 0 0
0 0 474 0.0537669 -0.368477 0.297064 1.15533 0 0
0 0 475 -0.78715 1.07441 -0.055902 0.93887 0 0
0 0 476 -1.97448 -1.02639 -2.53897 0.253726 0 0
0 0 477 0.245236 -0.388312 0.816489 1.48342 0 0
0 0 478 -1.69018 0.316851 -0.0719536 -0.0575745 0 0
0 0 479 1.79056 -0.582349 1.34525 1.70761 0 0
0 0 480 1.85843 -1.83978 -0.660944 0.0156874 0 0
0 0 481 -0.00873628 0.622676 2.46114 -1.38307 0 0
0 0 482 -0.599029 0.0560133 -1.24799 -0.834525 0 0
0 0 483 1.51055 0.25039 -1.29238 1.14978 0 0
0 0 484 1.14101 0.906155 1.41685 0.863477 0 0
0 0 485 -1.03573 -0.318716 0.0463575 2.28643 0 0
0 0 486 1.41322 0.47971 0.735588 0.010453 0 0
0 0 487 -1.15899 -1.18711 0.533415 -0.752207 0 0
0 0 488 -1.22324 0.213963 0.592902 0.759668 0 0
0 0 489 0.736863 -1.20487 -0.651116 -0.271547 0 0
0 0 490 -0.996334 -0.503287 -1.41659 -0.217372 0 0
0 0 491 -0.273205 -0.291685 -0.0105725 0.182763 0 0
0 0 492 2.03983 -1.4049 -0.938817 -0.939835 0 0
0 0 493 0.0782084 0.101913 -0.770075 1.88144 0 0
0 0 494 -0.302184 -0.616929 -0.157006 -0.299424 0 0
0 0 495 0.198175 0.338332 -0.464176 -1.27702 0 0
0 0 496 1.5011 1.22436 0.887339 -1.40025 0 0
0 0 497 0.686627 -0.841146 1.38885 -1.21813 0 0
0 0 498 1.37964 1.67485 -0.620761 -1.36561 0 0
0 0 499 1.28653 1.12947 0.833083 -1.23551 0 0
0 0 500 -2.06004 -0.917612 1.31872 0.670228 0 0
0 0 501 -1.32864 -1.81304 1.33108 -1.57561 0 0
0 0 502 -0.0531652 1.32112 -1.19974 -0.383763 0 0
0 0 503 0.196042 -1.70439 0.469467 0.203102 0 0
0 0 504 0.934394 -0.155195 0.462093 2.29268 0 0
0 0 505 -0.0331607 0.534646 -1.42347 -1.17753 0 0
0 0 506 0.299783 -0.157223 -2.184 0.0505375 0 0
0 0 507 -0.94512 1.01123 -0.327496 -0.384644 0 0
0 0 508 0.785655 1.98022 -1.48984 -2.28878 0 0
0 0 509 0.740579 1.02062 -0.227706 -0.49328 0 0
0 0 510 -0.00761664 1.12663 0.159761 0.810252 0 0
0 0 511 -1.23146 -1.37988 1.67255 1.34948 0 0
0 0 512 -0.900874 0.491445 -0.378802 0.3768 0 0
0 0 513 -0.354011 -0.0640431 -1.67814 0.682712 0 0
0 0 514 0.447882 -0.459831 0.948983 -0.0853851 0 0
0 0 515 1.13393 0.165869 0.739198 -2.2072 0 0
0 0 516 0.175413 0.411846 0.623798 1.7288 0 0
0 0 517 2.46497 2.66039 0.540845 0.864247 0 0
0 0 518 -0.470363 1.00766 -0.316279 0.871995 0 0
0 0 519 1.55593 -0.939643 1.23845 -0.482049 0 0
0 0 520 -1.1462 -0.150749 1.6734 0.483061 0 0
0 0 521 1.31676 0.0127975 0.904654 -1.90952 0 0
0 0 522 1.08625 -0.139818 -0.0208583 0.390814 0 0
0 0 523 0.579038 0.372846 -0.509371 0.52999 0 0
0 0 524 -0.775506 0.153171 2.14273 -0.492493 0 0
0 0 525 -1.91697 -0.326228 0.298077 -1.39384 0 0
0 0 526 1.11624 0.0853846 -0.78352 -0.0435886 0 0
0 0 527 -0.549874 -0.123816 -0.989952 0.231603 0 0
0 0 528 -0.662268 -0.567667 -0.296386 0.618879 0 0
0 0 529 0.514832 1.07773 0.326894 -0.0320006 0 0
0 0 530 1.45441 -1.95098 -0.794662 -0.443541 0 0
0 0 531 -0.284693 1.19885 -0.790425 -0.0410593 0 0
0 0 532 -0.209973 -1.23622 -2.20043 0.915499 0 0
0 0 533 -0.409032 -0.549568 0.714476 -1.86525 0 0
0 0 534 -1.48737 0.684884 1.42613 -0.13915 0 0
0 0 535 -0.510829 1.14175 0.72176 0.828007 0 0
0 0 536 -0.235536 0.589937 0.263173 -1.13093 0 0
0 0 537 0.172229 0.190186 -0.34646 -0.708303 0 0
0 0 538 0.600793 0.343358 0.809055 0.57124 0 0
0 0 539 -1.97851 -1.21275 1.02318 -0.335907 0 0
0 0 540 0.6237 -0.360484 -0.611491 -1.29491 0 0
0 0 541 0.697978 0.970841 -0.0738136 1.03647 0 0
0 0 542 1.22355 0.478392 -1.15984 0.124879 0 0
0 0 543 0.053509 0.0998384 1.57582 -0.758172 0 0
0 0 544 -0.40669 -1.54058 -0.322451 1.83685 0 0
0 0 545 0.305263 0.311986 1.1689 0.893551 0 0
0 0 546 0.257003 -0.081426 -1.00073 1.3427 0 0
0 0 547 -0.324413 1.07467 -0.0783843 -1.54013 0 0
0 0 548 -0.511953 0.76023 2.45526 -0.718869 0 0
0 0 549 0.273535 0.702491 -0.615651 0.354512 0 0
0 0 550 -2.71442 1.14584 0.313656 0.810267 0 0
0 0 551 -0.604671 -0.199291 -0.738725 -0.793886 0 0
0 0 552 -0.701639 0.967388 0.632131 0.814179 0 0
0 0 553 1.97138 -0.998549 -0.877119 1.25195 0 0
0 0 554 0.865614 1.06234 0.817418 -1.47537 0 0
0 0 555 -0.244432 1.05023 3.23194 0.874888 0 0
0 0 556 1.12607 -1.00224 -1.05275 -0.192139 0 0
0 0 557 -0.653274 1.45206 -2.27004 0.460076 0 0
0 0 558 0.156729 -2.34588 1.03375 -0.558302 0 0
0 0 559 -1.22107 0.78087 -2.38977 -1.65748 0 0
0 0 560 0.0466509 -1.02489 -0.28356 -0.0226412 0 0
0 0 561 0.0981446 0.478043 0.747741 -0.217742 0 0
0 0 562 -0.0864738 -1.28787 0.45149 0.758071 0 0
0 0 563 0.150456 -1.80954 1.58061 0.904392 0 0
0 0 564 1.4345 -1.55533 1.93899 -1.27773 0 0
0 0 565 2.50379 0.113941 0.198521 -0.590109 0 0
0 0 566 0.993773 1.61204 -0.755002 0.76696 0 0
0 0 567 1.1683 0.00217396 0.00771051 -0.137454 0 0
0 0 568 2.17486 -0.316903 -0.290073 0.662189 0 0
0 0 569 0.883837 1.0452 -0.425039 0.951422 0 0
0 0 570 1.73739 0.0997314 0.889026 0.187811 0 0
0 0 571 0.237363 -1.60786 0.296177 -0.831508 0 0
0 0 572 -0.0811015 0.543411 1.10122 0.468768 0 0
0 0 573 -1.05288 -1.22633 0.790003 0.325902 0 0
0 0 574 -0.0509632 0.41731 0.256464 0.225418 0 0
0 0 575 1.3652 0.31632 -1.95371 -0.739726 0 0
0 0 576 0.898027 -0.559252 -1.68961 0.157073 0 0
0 0 577 -0.6783 1.86508 -1.21178 0.594508 0 0
0 0 578 1.2034 -1.89016 -0.424067 0.727706 0 0
0 0 579 -0.319627 -0.159631 -0.340575 -0.855124 0 0
0 0 580 2.51978 -0.127266 0.223156 1.34512 0 0
0 0 581 2.04446 1.22665 -0.538884 -2.00991 0 0
0 0 582 2.02486 0.455254 -0.618963 -0.277089 0 0
0 0 583 0.055546 -0.409669 -2.0488 0.265982 0 0
0 0 584 -0.628388 0.411955 -1.91783 1.68564 0 0
0 0 585 0.309242 -0.0369668 0.0810701 0.0798593 0 0
0 0 586 0.975438 1.12581 0.91743 2.60672 0 0
0 0 587 0.877516 1.00814 -0.916798 -0.303318 0 0
0 0 588 -1.23052 -1.731 -0.650061 -0.0735101 0 0
0 0 589 1.60914 -1.02815 -0.454717 -1.43722 0 0
0 0 590 0.744556 0.00644326 0.757204 0.869015 0 0
0 0 591 1.50339 -1.21848 -0.690099 0.612062 0 0
0 0 592 -0.0562348 0.454314 -0.507825 1.8833 0 0
0 0 593 2.01673 2.23988 1.85398 1.47686 0 0
0 0 594 2.64306 0.727247 -1.25873 -0.165877 0 0
0 0 595 1.9087 1.55605 0.0248096 -0.0660205 0 0
0 0 596 2.49886 -0.310979 -0.0541368 0.780148 0 0
0 0 597 2.58335 0.906039 0.851445 0.59511 0 0
0 0 598 1.07968 1.21885 0.470648 2.12502 0 0
0 0 599 4.11894 -0.255287 -0.347723 -1.797 0 0
0 0 600 1.94044 -0.543818 0.126818 -1.43872 0 0
0 0 601 0.956869 1.09539 0.710123 -1.90269 0 0
0 0 602 -0.72587 2.17598 0.516977 -0.383353 0 0
0 0 603 2.69122 -0.899282 -0.646978 -1.00114 0 0
0 0 604 2.56852 0.790165 -2.13633 -1.54205 0 0
0 0 605 1.11027 -0.295803 2.37717 0.910269 0 0
0 0 606 -0.0268112 2.16271 2.14678 -1.46956 0 0
0 0 607 3.01666 -0.44434 0.448121 -0.698651 0 0
0 0 608 0.808608 0.143338 1.15012 -1.08326 0 0
0 0 609 2.23026 -1.06443 0.339178 0.529601 0 0
0 0 610 2.25415 0.240544 1.2281 -0.720445 0 0
0 0 611 1.09464 -0.499086 2.20386 1.35394 0 0
0 0 612 1.05968 -0.0772721 -0.14557 -0.224917 0 0
0 0 613 1.16616 -0.924538 0.725095 -1.38306 0 0
0 0 614 1.01831 2.2284 2.09489 0.770813 0 0
0 0 615 1.97098 -0.861664 0.88347 0.704485 0 0
0 0 616 -0.354991 -1.47889 0.490409 -0.899802 0 0
0 0 617 0.644124 -1.98005 1.49254 -0.316098 0 0
0 0 618 -0.153111 0.0634451 -0.185685 -0.844285 0 0
0 0 619 -0.781192 0.592237 -0.449991 -0.365461 0 0
0 0 620 1.69384 -0.320494 0.0781203 -0.638259 0 0
0 0 621 1.14371 -1.36175 1.3291 0.440745 0 0
0 0 622 -0.437287 0.592636 2.16185 0.207072 0 0
0 0 623 1.23518 -1.24004 -1.94946 0.2818 0 0
0 0 624 -0.57203 -0.444366 -0.972926 0.361273 0 0
0 0 625 0.942191 -0.403266 1.46342 -0.981972 0 0
0 0 626 0.360546 0.58165 0.734157 0.894717 0 0
0 0 627 0.351209 2.64036 1.35159 0.282083 0 0
0 0 628 0.645262 0.772859 0.951581 0.117048 0 0
0 0 629 0.287102 -0.140749 -0.267116 0.0819559 0 0
0 0 630 0.46432 1.16564 0.264024 -0.348083 0 0
0 0 631 -1.55291 2.02255 -2.27867 -0.0281517 0 0
0 0 632 -0.244875 -1.63968 0.0294799 0.643136 0 0
0 0 633 0.9058 -0.086654 0.0376012 2.01446 0 0
0 0 634 1.41407 -0.449516 -1.31191 0.0337145 0 0
0 0 635 1.63695 1.60173 0.524024 0.867399 0 0
0 0 636 0.269107 0.316132 0.60493 0.519476 0 0
0 0 637 0.647367 -0.164887 0.147126 -1.95761 0 0
0 0 638 -0.125376 -0.560143 0.477046 -0.856836 0 0
0 0 639 1.58626 2.06784 0.988481 -0.676491 0 0
0 0 640 2.05945 -1.6638 0.0776015 0.154729 0 0
0 0 641 -0.969639 0.766958 0.0299287 -1.09364 0 0
0 0 642 -1.5735 -0.599678 0.0902619 1.00409 0 0
0 0 643 1.18773 -0.400478 -1.98263 0.0960459 0 0
0 0 644 1.68701 0.929514 2.28471 0.519558 0 0
0 0 645 1.75989 -0.645863 -2.09303 0.829497 0 0
0 0 646 -0.232216 0.365879 0.609523 0.0210458 0 0
0 0 647 0.590461 0.25727 2.36946 -0.294742 0 0
0 0 648 0.477196 0.582367 1.02377 -1.01859 0 0
0 0 649 0.498071 -0.980003 -1.8493 0.84446 0 0
0 0 650 0.923246 -0.0750102 1.1378 1.46025 0 0
0 0 651 1.67457 0.542467 -0.889561 -1.61149 0 0
0 0 652 0.462634 1.35893 -2.04103 -0.481784 0 0
0 0 653 -0.443834 2.4538 0.416313 -1.25344 0 0
0 0 654 -1.29649 1.8424 -1.68231 0.894475 0 0
0 0 655 1.97881 0.304489 1.20788 -0.238082 0 0
0 0 656 0.962737 0.702189 -1.36891 1.53301 0 0
0 0 657 -0.308751 1.82727 -0.721446 0.0829363 0 0
0 0 658 1.10671 1.06282 0.374568 -0.325311 0 0
0 0 659 -1.24915 1.09723 0.199344 0.626153 0 0
0 0 660 1.43559 -0.125428 0.0302186 -0.408963 0 0
0 0 661 0.883523 0.407742 -0.509669 -0.241773 0 0
0 0 662 0.864751 -1.48805 -0.969386 -1.41373 0 0
0 0 663 -0.96189 1.5656 -0.833173 -0.624615 0 0
0 0 664 0.119007 -0.227794 -0.460384 0.0276712 0 0
0 0 665 1.36893 -0.751553 -0.737508 -0.386104 0 0
0 0 666 -1.4052 0.352116 0.154849 2.05446 0 0
0 0 667 -0.783832 1.71201 -0.0265206 1.75848 0 0
0 0 668 -1.64545 1.25497 -0.315176 0.077644 0 0
0 0 669 -0.746979 1.28324 0.839586 0.326483 0 0
0 0 670 -0.0772384 0.649911 -1.02515 -0.645771 0 0
0 0 671 -0.992265 -0.581418 -1.12516 0.786543 0 0
0 0 672 0.474896 0.458593 -0.0481516 0.265291 0 0
0 0 673 1.55845 0.740491 0.375158 0.20344 0 0
0 0 674 -1.01487 -1.53604 0.455141 0.0231417 0 0
0 0 675 2.17504 0.315389 -0.518354 0.543409 0 0
0 0 676 0.881555 0.206656 -0.644172 0.029657 0 0
0 0 677 1.30379 0.307927 -0.427278 0.0791074 0 0
0 0 678 -0.980062 -0.748792 0.148138 -0.944044 0 0
0 0 679 -0.313829 -0.721548 0.162096 0.61445 0 0
0 0 680 0.666673 -1.84719 0.875263 -0.517521 0 0
0 0 681 -0.93004 0.471243 0.729217 -0.0782672 0 0
0 0 682 0.670307 0.291538 -0.0218966 1.27742 0 0
0 0 683 -0.478192 1.11838 -0.285267 1.04889 0 0
0 0 684 0.415444 1.10609 0.250015 -0.750565 0 0
0 0 685 -0.247619 -0.0171915 -0.752995 -0.0234785 0 0
0 0 686 0.483226 -0.617627 0.93584 -2.99857 0 0
0 0 687 2.8155 0.223362 -1.26875 -0.0560499 0 0
0 0 688 -1.00638 -1.4912 -0.089832 -1.81423 0 0
0 0 689 -0.256031 -0.379706 1.30134 2.1976 0 0
0 0 690 0.301552 1.66604 -0.904013 -1.15238 0 0
0 0 691 0.413554 1.53932 -1.45203 0.729752 0 0
0 0 692 -1.2864 1.49261 -0.516783 2.29687 0 0
0 0 693 -1.26857 -0.224589 1.25138 0.231734 0 0
0 0 694 0.814336 -0.340783 1.22005 -2.79894 0 0
0 0 695 -1.00528 0.456152 -0.0257603 -1.52286 0 0
0 0 696 0.325338 1.42154 0.411854 1.74365 0 0
0 0 697 0.247332 0.127407 -0.202526 0.0940196 0 0
0 0 698 -1.152 0.0436642 0.000891113 0.730087 0 0
0 0 699 0.3317 2.56765 2.60127 -0.667202 22.6863 8.06134
0 0 700 2.6209 -0.108302 -1.16032 0.279846 0 0
0 0 701 2.11294 1.76089 1.36894 0.983839 0 0
0 0 702 1.36249 -0.948977 -0.808096 1.75818 0 0
0 0 703 1.00762 -0.584806 -0.169077 -1.98695 0 0
0 0 704 0.330285 -2.33406 0.841465 -0.27881 0 0
0 0 705 -0.763782 -1.55813 1.23899 -1.87262 0 0
0 0 706 -0.750726 2.09968 -0.795709 -0.213887 0 0
0 0 707 -0.0241043 -0.159273 1.07897 1.71412 0 0
0 0 708 0.593321 -0.732056 1.11318 -0.263586 0 0
0 0 709 1.62796 -0.8409 -0.0114285 0.185937 0 0
0 0 710 -1.04263 -0.39647 -1.10093 -0.0216241 0 0
0 0 711 0.405777 -1.29091 -0.572666 0.382489 0 0
0 0 712 -0.361233 -0.592871 -1.39249 2.087 0 0
0 0 713 0.492075 -1.38676 0.354885 -1.67145 0 0
0 0 714 0.142871 0.701982 -1.53361 0.0262819 0 0
0 0 715 -0.652142 -1.80111 2.63276 -0.834227 0 0
0 0 716 -1.08354 0.450881 -1.28624 0.0913797 0 0
0 0 717 2.15059 0.0157996 0.749765 0.754186 0 0
0 0 718 -0.746621 -1.95384 -0.683533 1.13001 0 0
0 0 719 0.652029 -0.951826 0.487443 0.546063 0 0
0 0 720 0.408682 0.358142 0.0773887 0.226529 0 0
0 0 721 -0.443839 1.4807 0.0435118 1.33191 0 0
0 0 722 -1.1781 -0.674379 0.296925 -0.112467 0 0
0 0 723 2.5479 -1.27737 0.3961 -0.110446 0 0
0 0 724 0.851932 -1.18016 0.512007 0.653494 0 0
0 0 725 -0.323468 1.17034 0.941084 1.58971 0 0
0 0 726 -0.69097 0.222921 0.277227 2.2213 0 0
0 0 727 -0.810576 0.321307 2.17685 -0.417362 0 0
0 0 728 -0.0567333 -0.161043 -0.727499 0.301284 0 0
0 0 729 -0.252044 -1.01005 0.233764 -0.97448 0 0
0 0 730 1.20984 0.0520478 0.713356 0.136221 0 0
0 0 731 -0.345711 0.482272 -0.160361 1.33243 0 0
0 0 732 -0.426 -0.393814 -0.211878 -1.3951 0 0
0 0 733 1.90493 0.195152 -0.397248 0.892314 0 0
0 0 734 -0.97779 -1.70414 0.195319 0.511785 0 0
0 0 735 0.640838 -0.0971929 0.94557 1.12253 0 0
0 0 736 1.81225 -0.793373 -1.98681 -1.06423 0 0
0 0 737 -0.567089 0.502523 -0.35842 0.37547 0 0
0 0 738 -0.080143 -0.568889 0.320223 0.901169 0 0
0 0 739 2.9868 -2.55359 0.787481 0.978187 0 0
0 0 740 0.152408 3.01956 0.20716 -0.580311 0 0
0 0 741 1.06953 0.540305 0.362724 -0.162201 0 0
0 0 742 2.533 0.11787 1.14165 0.37254 0 0
0 0 743 -1.34156 0.380946 0.752188 1.55239 0 0
0 0 744 1.92529 -1.2845 -0.130569 1.05973 0 0
0 0 745 0.482182 -1.30735 -0.192359 -0.265322 0 0
0 0 746 -0.635876 -0.104401 0.537734 1.23351 0 0
0 0 747 1.47666 -0.546137 1.16258 0.15418 0 0
0 0 748 1.74485 0.71941 0.258706 -0.146245 0 0
0 0 749 0.854993 -0.0138811 -1.30166 0.116666 0 0
0 0 750 0.315945 -0.914304 -0.0652191 0.202195 0 0
0 0 751 1.43219 -1.37009 0.121205 -2.49862 0 0
0 0 752 0.565692 2.50011 -0.0238065 -1.19704 0 0
0 0 753 -0.202896 0.299398 1.42372 0.50452 0 0
0 0 754 0.137835 -0.549985 1.48806 0.160843 0 0
0 0 755 0.104848 -1.17932 1.68435 0.122598 0 0
0 0 756 1.00781 -0.356459 -0.723634 -0.536783 0 0
0 0 757 -1.36128 0.937306 -0.754097 1.25407 0 0
0 0 758 0.630584 2.06549 0.215217 0.337724 0 0
0 0 759 0.517752 -1.5264 -0.368318 0.818166 0 0
0 0 760 0.683369 0.523834 -0.94093 -1.54052 0 0
0 0 761 0.826989 -1.69904 -1.3711 -1.01798 0 0
0 0 762 0.00460535 1.08664 0.484229 0.808095 0 0
0 0 763 -1.62999 -0.202194 -1.58502 -1.38663 0 0
0 0 764 0.349593 -0.636568 -0.485124 -0.10229 0 0
0 0 765 -1.33958 0.231517 0.0213876 -0.795727 0 0
0 0 766 -0.420866 -0.0592576 0.845495 0.634914 0 0
0 0 767 1.09037 2.77296 0.644812 0.214231 0 0
0 0 768 0.516678 1.60473 0.323239 -0.194499 0 0
0 0 769 -0.546082 -0.663318 2.18459 -1.71387 0 0
0 0 770 0.649137 -0.435246 1.01993 0.224149 0 0
0 0 771 1.59304 -0.695437 -0.110728 0.0741874 0 0
0 0 772 1.83079 1.69585 0.93595 -0.192216 0 0
0 0 773 -1.17739 0.938132 -0.395316 -1.01917 0 0
0 0 774 1.5394 0.538319 0.674177 0.141551 0 0
0 0 775 -0.492884 0.9397 0.19681 -0.958283 0 0
0 0 776 0.00708423 0.185057 0.369126 -0.501267 0 0
0 0 777 2.38854 -2.32171 1.64901 0.412286 0 0
0 0 778 2.28791 0.487951 -0.436257 -0.649433 0 0
0 0 779 0.324781 1.20426 -1.15319 0.00562823 0 0
0 0 780 0.679223 2.11999 -0.0850254 1.51681 0 0
0 0 781 0.420808 0.780405 0.548195 0.118452 0 0
0 0 782 1.08912 1.00067 0.139306 -1.50393 0 0
0 0 783 0.359114 0.439384 0.0267799 -0.944711 0 0
0 0 784 1.40336 1.3235 -1.33449 -0.308516 0 0
0 0 785 0.511726 -0.551668 2.08538 0.416017 0 0
0 0 786 -0.527836 2.8711 -2.92696 1.28753 -22.776 7.1835
0 0 787 -0.440229 0.0890077 -0.0886868 0.766005 0 0
0 0 788 0.884481 0.353639 -0.575507 0.791789 0 0
0 0 789 0.786827 1.21653 1.60526 -0.619535 0 0
0 0 790 0.77489 -0.0871512 -0.681869 0.490793 0 0
0 0 791 2.16595 0.357565 -0.123224 -0.0901335 0 0
0 0 792 1.4313 -0.14225 0.108889 1.46289 0 0
0 0 793 2.17285 -1.14137 1.00422 2.61204 0 0
0 0 794 0.910969 -0.174659 1.46176 1.1353 0 0
0 0 795 -0.537715 -1.01662 -1.49453 1.28508 0 0
0 0 796 0.760427 1.0102 -0.426659 0.717107 0 0
0 0 797 0.973718 -2.37439 -1.85799 -0.75336 0 0
0 0 798 0.219939 -0.532079 0.0278873 0.670422 0 0
0 0 799 0.719279 0.102157 1.11456 0.608177 0 0
0 0 800 -0.0660102 -1.16719 -0.772943 0.322747 0 0
0 0 801 -0.673598 1.42458 0.650484 -1.34031 0 0
0 0 802 -0.630591 0.277562 -0.417444 -0.892807 0 0
0 0 803 0.938914 -0.699721 -2.20546 0.817121 0 0
0 0 804 -0.762731 -1.35556 -0.680706 1.18348 0 0
0 0 805 0.99868 -0.260839 1.15879 -0.409634 0 0
0 0 806 0.472324 0.740787 -0.795797 -2.18977 0 0
0 0 807 1.03 -1.38389 1.76094 -1.01002 0 0
0 0 808 1.11912 0.978015 0.41724 -0.508819 0 0
0 0 809 1.27432 -0.126518 -2.26557 0.0416684 0 0
0 0 810 1.64658 -1.27869 1.38946 -0.386817 0 0
0 0 811 0.400808 -1.04416 1.26944 -0.654397 0 0
0 0 812 -0.0531338 -1.16165 -0.817904 0.958612 0 0
0 0 813 0.309622 0.428585 -1.5601 2.12339 0 0
0 0 814 -2.47351 -0.642896 -2.50732 1.97585 0 0
0 0 815 0.265943 -0.208361 0.600102 -0.492488 0 0
0 0 816 -0.611621 1.18295 0.423495 0.558044 0 0
0 0 817 -0.381103 0.517235 -0.746257 -0.532603 0 0
0 0 818 2.44849 -0.997062 0.225904 -0.851046 0 0
0 0 819 0.818476 0.800248 0.0271729 0.248605 0 0
0 0 820 -0.329189 1.24163 -0.492893 -0.30396 0 0
0 0 821 0.806781 -0.0758725 -1.28801 0.440368 0 0
0 0 822 -0.388246 -0.175453 0.0309796 -1.67543 0 0
0 0 823 -0.784777 -0.425592 0.389475 0.714807 0 0
0 0 824 -0.0213283 -0.709832 0.817171 -0.132563 0 0
0 0 825 0.78696 -0.540216 -2.88515 0.832173 0 0
0 0 826 -2.55811 0.723285 -1.04039 -1.80327 0 0
0 0 827 1.1938 1.26125 -1.18107 0.520876 0 0
0 0 828 2.95262 1.16014 0.705967 1.35621 0 0
0 0 829 1.61841 -0.727234 -1.02938 -0.82333 0 0
0 0 830 1.97508 0.628779 -0.601946 -1.37289 0 0
0 0 831 0.227997 2.68377 -2.94187 -0.936372 -23.8134 7.36123
0 0 832 0.775281 -0.965217 0.142414 -0.791292 0 0
0 0 833 -0.214616 2.80222 0.46451 -0.586828 0 0
0 0 834 0.844953 -0.547674 0.855219 -0.927046 0 0
0 0 835 1.38813 1.51704 -1.13042 -0.432859 0 0
0 0 836 0.344726 0.0271206 -0.428391 0.520163 0 0
0 0 837 -1.05529 1.51577 -0.941497 -0.408044 0 0
0 0 838 0.540908 0.435573 -0.676114 -0.230463 0 0
0 0 839 1.18763 0.416248 -1.02586 -0.5825 0 0
0 0 840 2.19654 0.305027 -0.471141 -0.648458 0 0
0 0 841 2.05474 3.27175 -2.60373 0.355533 -19.2568 7.155
0 0 842 1.6474 0.0373462 -1.16276 -1.01246 0 0
0 0 843 3.33528 2.14316 -1.74734 -0.187349 0 0
0 0 844 3.37757 0.937983 -4.08656 -1.34592 -38.5364 6.60834
0 0 845 4.91878 0.276666 -4.19299 1.21599 -43.1125 6.54913
0 0 846 4.21945 2.05623 -5.7319 -0.462266 -35.1327 4.59276
0 0 847 7.46664 0.621485 -2.65291 -0.137023 0 0
0 0 848 5.39673 1.78183 -5.86435 -0.89261 -36.5495 4.54362
0 0 849 6.07398 1.81871 -6.37104 0.697637 -37.0339 4.19752
0 0 850 5.58832 0.377376 -6.69881 -0.946464 -43.3878 4.10099
0 0 851 8.05854 2.10411 -6.6732 0.746347 -36.2498 3.98342
0 0 852 5.94162 1.83667 -8.71803 -2.34537 -39.0516 3.10647
0 0 853 8.51808 2.40299 -6.67288 -0.665485 -35.0977 3.94383
0 0 854 6.46153 2.72744 -10.2151 -2.20543 -37.5254 2.62699
0 0 855 11.0792 2.88137 -8.12162 0.00456164 -35.2332 3.2444
0 0 856 10.3343 1.66231 -7.25288 -1.31539 -38.5456 3.7236
0 0 857 10.2046 1.7086 -6.58906 -0.990085 -37.7315 4.07824
0 0 858 8.68938 2.63798 -7.34026 -1.09525 -35.1162 3.58587
0 0 859 6.66104 1.24107 -7.63251 -2.25179 -40.3822 3.57029
0 0 860 9.42707 1.22577 -10.8747 0.890655 -41.7845 2.51781
0 0 861 8.25503 2.19485 -7.32697 0.797428 -36.662 3.63977
0 0 862 11.1696 0.306123 -7.49864 -1.155 -43.8311 3.6655
0 0 863 9.2018 2.93164 -6.07953 0.792192 -32.128 4.18827
0 0 864 9.54954 1.73965 -8.89031 0.364312 -39.4641 3.05266
0 0 865 7.17537 1.5287 -8.63956 1.64529 -39.9829 3.14882
0 0 866 7.53694 2.36316 -8.15236 1.02647 -36.9172 3.27755
0 0 867 7.4593 2.29284 -5.9393 1.06358 -34.4456 4.40294
0 0 868 7.55117 2.18965 -3.7858 -0.302924 -29.9778 6.52029
0 0 869 7.18419 3.65421 -5.72366 1.52974 -28.7221 4.22196
0 0 870 6.9795 1.09347 -6.85991 1.45657 -40.4716 3.97381
0 0 871 5.33468 2.45741 -6.59816 0.892126 -34.7863 3.97668
0 0 872 7.88277 1.81098 -5.24151 -1.2839 -35.4698 5.03792
0 0 873 6.60701 3.79806 -7.32027 0.0629777 -31.2889 3.43914
0 0 874 6.64366 1.267 -5.88954 0.792945 -38.9296 4.59538
0 0 875 5.96501 0.492131 -5.38303 -0.399754 -42.3882 5.09417
0 0 876 7.4699 0.582955 -5.76477 0.121559 -42.1128 4.75374
0 0 877 7.5114 0.843695 -4.79403 0.442644 -40.0094 5.67531
0 0 878 6.96133 1.44768 -7.48409 -0.17303 -39.5261 3.62732
0 0 879 7.61212 0.791685 -6.90946 1.71513 -41.7318 3.96218
0 0 880 5.30892 1.8287 -4.89563 -0.736049 -34.7588 5.35819
0 0 881 6.07297 1.49468 -8.33745 0.417778 -39.9182 3.26199
0 0 882 6.77887 -0.207743 -4.92063 0.721914 -46.2088 5.5857
0 0 883 7.41344 -0.164143 -4.27588 0.772168 -46.0992 6.42864
0 0 884 5.08962 1.14478 -6.06772 -0.87733 -39.6579 4.47685
0 0 885 6.06288 1.2884 -7.70398 2.21757 -40.2529 3.5353
0 0 886 7.72531 1.92306 -4.5018 1.37199 -33.4345 5.74641
0 0 887 10.6892 0.317406 -6.83527 0.317884 -43.6706 4.02055
0 0 888 7.7387 1.65478 -9.50624 0.384568 -40.0627 2.86274
0 0 889 7.56971 -0.0186851 -7.12739 0.255465 -45.0751 3.85867
0 0 890 10.6221 0.109213 -6.44814 -0.939461 -44.5148 4.26472
0 0 891 12.0338 0.385302 -9.70765 0.242912 -43.8635 2.83149
0 0 892 8.57585 1.38182 -8.72916 -0.822127 -40.5024 3.12324
0 0 893 12.7367 1.49742 -9.48181 -2.23699 -40.5128 2.87545
0 0 894 10.109 -1.63138 -9.79119 0.853934 -49.7298 2.78187
0 0 895 12.0203 1.34468 -10.6495 0.636404 -41.4018 2.56817
0 0 896 14.728 -0.805623 -11.8281 1.01435 -46.9482 2.3214
0 0 897 13.3398 2.4653 -11.4136 -0.231388 -38.9058 2.37095
0 0 898 13.3661 1.45881 -10.5876 0.957807 -41.0775 2.58044
0 0 899 15.7667 2.41841 -15.0953 -0.766662 -40.449 1.8057
0 0 900 16.6624 1.23288 -13.0906 -0.0227188 -42.3099 2.09442
0 0 901 17.8435 1.31795 -15.6468 -1.8314 -42.5926 1.75333
0 0 902 18.7765 -0.420076 -14.6005 -1.72222 -45.824 1.88311
0 0 903 20.3792 -1.14399 -16.3921 -1.08953 -46.9961 1.67492
0 0 904 18.7975 1.66862 -18.0551 -0.3372 -42.3599 1.5187
0 0 905 20.5536 0.577773 -19.1113 -1.15383 -44.1342 1.4386
0 0 906 20.0703 -1.80534 -17.0249 -2.00107 -48.0265 1.60908
0 0 907 23.9611 0.392977 -18.5554 -0.39669 -44.3934 1.48194
0 0 908 21.8568 1.97964 -14.4908 -1.52084 -41.1104 1.88561
0 0 909 20.6394 -0.735335 -17.2651 1.13651 -46.2194 1.59193
0 0 910 21.0898 -1.69712 -17.8023 1.70626 -47.7228 1.53997
0 0 911 22.3199 -0.874373 -14.6895 -1.74198 -46.7032 1.86992
0 0 912 23.3672 0.405437 -15.4966 -0.918045 -44.2507 1.7743
0 0 913 21.9405 -1.09482 -14.1561 -0.462439 -47.2112 1.93873
0 0 914 22.817 -1.56136 -15.4236 -0.592172 -47.8902 1.77675
0 0 915 24.4716 0.0129662 -14.8764 -0.840545 -44.975 1.84872
0 0 916 25.6824 -1.921 -14.8138 0.259798 -48.6943 1.84567
0 0 917 24.8235 -1.2588 -15.1812 -0.795934 -47.37 1.80726
0 0 918 25.7483 -1.2088 -13.6467 -0.354206 -47.531 2.00978
0 0 919 27.9688 -2.41067 -12.8175 -0.238183 -50.3258 2.11947
0 0 920 29.8749 -1.91348 -12.0826 -2.69378 -49.4995 2.25639
0 0 921 30.6511 -2.33453 -12.2489 0.980875 -50.3953 2.21713
0 0 922 34.1949 -1.36452 -11.7808 1.26755 -48.3034 2.32359
0 0 923 39.8029 -2.9951 -12.2395 -1.97036 -51.8752 2.201
0 0 924 43.7797 -1.10591 -11.4105 -0.472032 -47.7679 2.40236
0 0 925 49.2955 -1.80792 -9.44169 -0.386877 -50.42 2.87599
0 0 926 54.4069 -2.37266 -4.08106 1.53796 -60.0865 6.04232
0 0 927 61.1755 -0.803671 -2.59853 0.470169 0 0
0 0 928 70.4225 0.0220757 2.02074 0.934483 0 0
0 0 929 82.0418 -0.397686 8.02217 -1.42643 46.419 3.42534
0 0 930 90.943 2.15252 15.0078 0.0284756 40.919 1.81943
0 0 931 104.721 2.661 23.0728 2.9288 41.7105 1.18646
0 0 932 118.054 7.26929 30.5489 3.54625 38.3075 0.882818
0 0 933 132.564 8.88874 40.6372 1.49697 38.8309 0.66565
0 0 934 150.294 10.603 46.9157 4.51073 38.6325 0.575932
0 0 935 160.322 14.5321 54.6143 4.33042 37.5498 0.491435
0 0 936 171.929 15.3701 66.4962 4.28694 38.4925 0.406017
0 0 937 179.152 17.232 71.4336 1.87504 38.2188 0.377339
0 0 938 186.825 20.7133 73.5969 3.09612 37.1406 0.363645
0 0 939 187.419 20.2678 75.1017 4.78151 37.4486 0.357128
0 0 940 185.332 17.602 72.6839 2.60429 38.1933 0.37079
0 0 941 184.41 19.5545 69.2928 2.21565 37.1204 0.386177
0 0 942 176.256 17.1952 63.0454 3.47612 37.372 0.425198
0 0 943 169.944 14.7731 59.5162 3.71608 38.0299 0.452368
0 0 944 162.031 15.4678 54.0294 3.04234 37.0122 0.494885
0 0 945 153.601 14.0245 47.9719 0.870221 36.8519 0.556717
0 0 946 145.801 12.9795 39.1676 4.23521 35.8328 0.676328
0 0 947 135.997 7.6778 35.813 2.80419 38.9499 0.755804
0 0 948 126.404 9.86464 30.6953 2.28281 36.092 0.864884
0 0 949 120.906 10.8712 29.4647 1.82527 34.874 0.891269
0 0 950 114.419 5.05069 21.2978 2.09595 38.3295 1.26645
0 0 951 107.689 5.72206 18.5976 2.20575 36.449 1.43161
0 0 952 103.022 4.97747 15.8776 0.440732 36.2972 1.67483
0 0 953 95.5114 3.57174 13.6054 -0.941654 37.6452 1.97397
0 0 954 91.7337 3.54472 11.5329 0.563295 36.4574 2.30871
0 0 955 88.4199 1.48954 9.89906 -0.394777 40.7214 2.75644
0 0 956 85.191 1.17365 7.67017 2.26403 40.6502 3.55649
0 0 957 80.7271 0.787872 6.50218 1.78166 41.5456 4.20808
0 0 958 77.8864 0.960064 3.17859 0.935247 0 0
0 0 959 72.9498 -1.15783 4.13192 -0.708887 52.8269 6.47869
0 0 960 70.9827 0.717415 1.67506 0.370622 0 0
0 0 961 70.1777 0.923351 2.18027 1.02089 0 0
0 0 962 69.1897 -0.457161 0.638312 -0.40795 0 0
0 0 963 65.8324 -0.996464 -2.10083 -2.99724 0 0
0 0 964 61.3652 -1.30475 0.285622 -1.24702 0 0
0 0 965 61.217 -3.53058 -1.38381 -2.64757 -79.2987 8.1397
0 0 966 58.5969 -1.66681 0.389225 -2.56628 0 0
0 0 967 55.1929 -2.96487 -0.66951 -5.43171 0 0
0 0 968 55.7767 -2.6129 -2.76009 -1.30694 -66.7154 7.7313
0 0 969 53.5608 -3.33448 -1.33838 -3.95321 -79.0653 8.58487
0 0 970 51.1885 -3.36972 -0.829796 -4.06177 -83.0831 8.97422
0 0 971 48.7049 -3.05741 -1.10185 -4.84122 0 0
0 0 972 46.9076 -2.21134 -1.13403 -4.0927 0 0
0 0 973 45.1302 -3.36864 -1.58331 -4.98653 -77.4129 8.24535
0 0 974 42.71 -2.96096 -1.70855 -4.57727 0 0
0 0 975 39.9984 -3.12273 -2.08187 -4.30776 -73.1547 8.05182
0 0 976 38.4685 -3.51114 -2.20196 -4.49753 -73.9534 7.31438
0 0 977 35.3138 -2.80103 1.22946 -3.17331 0 0
0 0 978 35.2677 -4.34594 -1.58151 -1.75799 -80.0016 6.68704
0 0 979 32.6488 -2.83212 -0.512474 -4.29616 0 0
0 0 980 31.5651 -6.31218 -0.56302 -1.97477 -87.4515 4.94264
0 0 981 30.0131 -4.02262 -2.29596 -3.4253 -75.1419 6.57435
0 0 982 28.863 -2.69213 -3.67382 -2.88792 -63.1168 6.34638
0 0 983 25.4766 -5.46201 0.0859439 -2.81365 89.5493 5.739
0 0 984 25.7024 -4.16653 -0.909819 -5.6326 -83.841 7.31267
0 0 985 23.2125 -2.67153 -0.972433 -4.87567 0 0
0 0 986 20.3766 -3.84797 -1.3514 -3.72855 -80.3244 7.5893
0 0 987 22.0529 -5.29436 -1.17054 -3.43786 -83.7665 5.75087
0 0 988 20.7438 -4.48164 -0.777987 -2.21526 -85.076 6.86914
0 0 989 20.9636 -4.43451 -2.19247 -3.7786 -76.8458 6.19245
0 0 990 17.2517 -6.52661 -0.571378 -2.22106 -87.4984 4.78111
0 0 991 15.8534 -4.20803 -0.591269 -1.4075 -86.0009 7.36139
0 0 992 16.3394 -4.83631 -1.36169 -2.74587 -82.1376 6.18683
0 0 993 14.5194 -4.05528 -2.09653 -2.9178 -76.3308 6.69852
0 0 994 13.8409 -2.89421 -0.502992 -3.44947 0 0
0 0 995 12.8833 -5.64062 -1.05148 -1.3632 -84.7203 5.44281
0 0 996 13.2392 -5.55861 -0.964741 -0.310996 -85.077 5.53829
0 0 997 11.9794 -2.97971 0.412098 -1.67673 0 0
0 0 998 10.7045 -1.84959 -0.146801 -2.74535 0 0
0 0 999 10.2626 -3.94088 0.518949 -2.68142 86.2491 7.8718
0 0 1000 11.839 -2.08913 -0.513547 -0.207718 0 0
0 0 1001 9.40326 -3.85722 -0.881038 -1.7495 -83.5668 7.87846
0 0 1002 7.96608 -1.97502 -1.72015 -0.967667 0 0
0 0 1003 8.12923 -3.0242 -0.376106 -1.72565 0 0
0 0 1004 7.39108 -2.48032 -0.48461 -1.44136 0 0
0 0 1005 8.36294 -3.80999 0.343584 -2.23997 87.4235 8.18781
0 0 1006 7.23882 -1.15386 -3.683 -0.643013 -53.6978 7.22058
0 0 1007 6.77 -1.35586 -0.918519 2.01187 0 0
0 0 1008 8.04936 -0.883437 1.63081 -2.84122 0 0
0 0 1009 6.53152 -2.55522 0.778052 -1.02149 0 0
0 0 1010 7.18824 -3.60537 -0.101432 0.0743065 -89.1942 8.69149
0 0 1011 5.86757 -1.42288 -1.16473 -0.182286 0 0
0 0 1012 4.72482 -2.30243 -2.56606 0.137273 0 0
0 0 1013 5.76396 -0.71352 0.505848 0.304164 0 0
0 0 1014 4.49111 -1.74119 -0.981894 1.19132 0 0
0 0 1015 2.78327 -1.86959 -0.390114 -0.286414 0 0
0 0 1016 4.87426 -2.83901 0.142565 -1.50104 0 0
0 0 1017 4.15211 0.818502 -0.184209 -1.782 0 0
0 0 1018 2.47282 -2.23391 0.404938 0.893362 0 0
0 0 1019 2.26742 -0.450558 -1.49192 1.17871 0 0
0 0 1020 4.21006 0.590779 -0.865266 -0.293218 0 0
0 0 1021 1.17849 -1.65989 -0.34326 -0.794038 0 0
0 0 1022 3.31048 -1.9078 -1.84018 -0.964431 0 0
0 0 1023 3.7608 -0.3355 -2.01437 -0.524465 0 0
